%% File generated by CATS v.2.1Sun Mar 17 19:46:56 2019

%% The CATS webpage is http://robotics.stanford.edu/CATS

%% PARAMETER SETTINGS:
% Goods: 25; Bids: 800; Distribution: regions-upv; Runs: 10; Seed: 1552867254
% Regions Distribution Parameters:
% Max Substitutable Bids = 5
% Removing HV Neighbor   = 0.1
% Adding DIAG Neighbor   = 0.2
% Additional Location    = 0.9
% Jump Probability       = 0.05
% Additivity             = 0.2
% Budget Factor          = 1.5
% Resale Factor          = 0.5
% Uniform Private Value:
%   Deviation            = 0.5
%   Max Good Value       = 100



goods 25
bids 804
dummy 157

0	715452	1	2	4	5	6	7	8	9	11	12	13	15	16	17	20	25	#
1	892059	4	5	6	7	8	9	12	13	15	16	17	20	21	22	23	25	#
2	820238	1	6	8	10	11	12	13	15	16	17	20	21	22	23	24	25	#
3	812005	1	5	6	7	8	10	12	13	15	16	17	20	21	22	23	25	#
4	809012	2	5	6	7	8	9	12	13	16	17	19	21	22	23	24	25	#
5	798813	1	4	5	6	7	8	9	11	12	13	15	16	17	20	21	25	#
6	318588	0	5	10	11	16	26	#
7	345716	6	11	16	17	22	26	#
8	315777	0	1	5	10	11	26	#
9	218155	5	6	7	10	15	26	#
10	212010	0	1	4	6	11	26	#
11	295046	0	5	6	11	27	#
12	331390	5	6	18	21	27	#
13	344664	1	5	6	7	12	18	28	#
14	498017	12	17	18	22	23	24	28	#
15	437254	13	14	18	19	23	24	28	#
16	365961	0	5	6	7	10	15	28	#
17	327280	0	5	6	7	8	10	28	#
18	324136	0	1	2	5	6	7	28	#
19	1345245	0	1	2	4	5	6	7	8	9	11	12	13	14	15	16	18	19	20	21	22	23	24	29	#
20	1461985	0	1	2	5	6	7	8	9	10	11	12	13	14	15	16	17	18	19	20	21	22	23	29	#
21	1445100	0	1	2	4	5	6	7	8	9	11	12	13	14	15	16	17	18	19	20	21	22	23	29	#
22	1432315	0	2	4	5	6	7	8	9	11	12	13	14	15	16	17	18	19	20	21	22	23	24	29	#
23	1430100	0	1	2	4	5	6	7	8	9	10	11	12	13	14	15	16	17	18	19	21	22	23	29	#
24	1427267	0	1	2	5	6	7	8	9	10	11	12	14	15	16	17	18	19	20	21	22	23	24	29	#
25	240072	2	3	4	7	8	9	30	#
26	312943	2	3	7	8	9	14	30	#
27	312262	7	8	12	13	18	19	30	#
28	306368	2	4	7	8	9	14	30	#
29	280975	12	17	22	31	#
30	280921	17	22	23	31	#
31	260005	12	16	17	31	#
32	215686	8	12	17	31	#
33	362765	1	2	3	4	7	8	9	12	32	#
34	536672	3	4	8	9	12	15	16	17	32	#
35	497887	2	3	4	8	9	12	14	19	32	#
36	487324	0	2	3	4	7	9	13	14	32	#
37	483611	2	3	4	7	8	9	12	17	32	#
38	472950	2	3	4	7	8	9	12	14	32	#
39	947231	0	1	2	6	10	11	12	13	15	16	17	20	21	22	23	33	#
40	1006714	2	8	10	11	12	13	15	16	17	18	19	21	22	23	24	33	#
41	996287	0	1	2	6	8	10	11	12	15	16	17	18	19	20	21	33	#
42	990590	0	1	2	6	10	11	12	15	16	17	18	20	21	22	23	33	#
43	964439	0	1	2	6	10	11	12	13	15	16	17	18	19	20	23	33	#
44	945457	4	8	9	11	12	13	14	15	16	17	18	19	21	22	23	33	#
45	598461	0	2	3	5	6	7	8	9	10	11	13	34	#
46	820255	0	5	6	10	11	15	16	17	20	21	22	34	#
47	738601	0	2	5	6	7	10	11	15	16	21	22	34	#
48	729561	1	2	3	6	8	9	11	15	16	17	20	34	#
49	713296	1	2	3	6	7	11	12	15	16	17	22	34	#
50	689727	6	7	8	11	12	15	16	17	20	22	23	34	#
51	485855	2	3	7	8	9	13	14	19	22	35	#
52	627977	9	13	14	16	18	19	21	22	23	35	#
53	586351	7	8	12	14	18	19	21	22	23	35	#
54	499663	2	3	4	5	6	7	8	9	14	35	#
55	480887	3	7	8	9	12	14	18	19	23	35	#
56	452236	3	4	7	8	9	13	14	18	19	35	#
57	1630803	0	1	2	3	4	5	6	7	8	9	10	11	12	13	14	15	16	17	18	19	20	21	22	23	24	#
58	186820	15	20	#
59	459508	0	1	5	6	10	15	16	36	#
60	584177	5	6	10	15	16	17	21	36	#
61	574115	0	5	10	15	16	17	20	36	#
62	510725	8	10	11	15	16	17	18	36	#
63	454917	0	1	2	3	4	5	6	36	#
64	449931	0	1	5	6	10	11	16	36	#
65	1325063	0	1	2	3	4	5	6	8	9	10	11	13	14	15	16	17	18	19	20	21	22	23	24	37	#
66	1357282	0	1	2	4	5	6	8	9	10	11	12	13	14	15	16	17	18	19	20	21	22	23	24	37	#
67	1335731	0	1	2	4	5	6	7	8	9	10	11	12	13	14	15	16	17	18	19	20	21	22	23	37	#
68	1323929	0	1	2	3	4	5	6	8	9	10	11	12	14	15	16	17	18	19	20	21	22	23	24	37	#
69	1310292	0	1	3	4	5	6	8	9	10	11	12	13	14	15	16	17	18	19	20	21	22	23	24	37	#
70	1309315	0	1	2	3	4	5	6	7	9	10	11	13	14	15	16	17	18	19	20	21	22	23	24	37	#
71	326343	1	6	17	22	23	38	#
72	339335	11	16	17	20	22	38	#
73	334693	15	16	17	21	22	38	#
74	321049	0	1	5	6	10	38	#
75	300764	5	21	22	23	24	38	#
76	287176	1	2	3	6	7	38	#
77	724768	0	1	2	3	5	6	7	8	10	11	12	17	18	19	24	39	#
78	882831	1	5	6	7	8	10	11	12	13	14	16	17	18	19	20	39	#
79	838439	6	7	8	11	12	13	14	15	16	17	18	19	20	22	24	39	#
80	833079	1	5	6	7	8	10	11	12	13	14	17	18	19	22	24	39	#
81	824202	0	5	6	7	8	11	12	13	14	17	18	19	22	23	24	39	#
82	810394	0	2	3	5	6	7	8	10	11	12	13	15	17	18	20	39	#
83	336770	6	7	8	12	13	18	40	#
84	503000	8	12	13	17	22	23	40	#
85	460110	8	9	12	13	14	18	40	#
86	331931	2	3	7	8	13	18	40	#
87	273789	1	2	3	7	8	13	40	#
88	186725	0	1	5	6	7	10	40	#
89	153277	23	24	#
90	192998	7	12	18	19	#
91	159872	17	18	42	#
92	194363	13	18	42	#
93	120590	12	17	42	#
94	90571	5	#
95	116412	10	#
96	386908	3	12	18	19	22	23	24	43	#
97	547714	3	8	9	12	17	21	22	43	#
98	451581	8	12	13	17	18	19	20	43	#
99	426122	3	4	8	9	12	14	18	43	#
100	421530	2	3	8	9	12	13	17	43	#
101	408770	12	13	18	21	22	23	24	43	#
102	930211	0	1	5	6	10	11	12	14	16	17	21	22	44	#
103	908310	4	8	9	11	12	13	14	16	17	18	21	22	44	#
104	870593	10	11	12	13	16	17	18	19	21	22	23	24	44	#
105	855029	0	1	2	5	6	10	11	12	16	17	20	21	44	#
106	814427	5	6	10	11	12	13	15	16	17	18	21	22	44	#
107	812155	5	8	9	10	11	12	13	15	16	17	20	21	44	#
108	1104868	0	1	2	5	6	7	8	10	11	12	13	14	15	16	17	18	19	20	21	22	23	24	45	#
109	1209735	1	2	3	4	5	6	7	10	11	12	13	14	15	16	17	18	19	20	21	22	23	24	45	#
110	1171853	0	3	4	5	6	7	8	9	10	11	12	13	14	15	16	17	18	19	20	21	22	23	45	#
111	1163917	0	1	2	3	5	6	7	10	11	12	13	14	15	16	17	18	19	20	21	22	23	24	45	#
112	1161448	1	2	3	4	6	7	9	10	11	12	13	14	15	16	17	18	19	20	21	22	23	24	45	#
113	1161387	3	4	5	6	7	8	9	10	11	12	13	14	15	16	17	18	19	20	21	22	23	24	45	#
114	1047741	0	1	2	6	7	8	9	11	12	13	14	16	17	18	19	21	22	23	24	46	#
115	1166866	0	1	2	3	5	6	8	9	13	14	16	17	18	19	20	21	22	23	24	46	#
116	1141613	1	2	5	6	7	11	12	13	14	15	16	17	18	19	20	21	22	23	24	46	#
117	1141442	0	1	2	3	5	7	8	9	12	13	14	16	17	19	20	21	22	23	24	46	#
118	1132184	0	1	2	3	5	6	7	10	11	12	15	16	17	19	20	21	22	23	24	46	#
119	1103106	0	1	2	3	5	6	7	8	11	12	13	14	16	18	19	21	22	23	24	46	#
120	1218522	0	1	2	3	5	6	7	8	9	10	11	12	15	16	17	18	20	22	47	#
121	1444786	0	1	2	5	6	10	11	12	13	14	15	16	17	18	19	20	21	22	47	#
122	1400473	2	3	6	7	8	9	10	11	12	14	15	16	17	18	19	20	21	22	47	#
123	1390447	0	1	2	3	4	5	6	10	11	12	15	16	17	18	19	20	21	22	47	#
124	1386951	0	1	2	3	5	6	8	9	10	11	14	15	16	17	18	20	21	22	47	#
125	1379688	1	5	6	8	9	10	11	12	14	15	16	17	18	19	20	21	22	23	47	#
126	1555439	0	1	2	3	4	5	6	7	8	9	10	11	12	13	14	15	16	17	18	20	21	22	23	24	48	#
127	1599518	0	1	2	3	4	5	7	8	9	10	11	12	13	14	15	16	17	18	19	20	21	22	23	24	48	#
128	1599034	0	2	3	4	5	6	7	8	9	10	11	12	13	14	15	16	17	18	19	20	21	22	23	24	48	#
129	1564691	0	1	2	3	4	5	6	7	8	9	10	11	12	13	14	15	16	17	18	19	20	21	22	24	48	#
130	1562681	0	1	2	3	4	5	6	8	9	10	11	12	13	14	15	16	17	18	19	20	21	22	23	24	48	#
131	1560454	0	1	2	3	4	5	6	7	8	9	10	11	12	13	14	15	16	17	18	19	20	21	22	23	48	#
132	1063181	0	1	2	5	6	7	8	10	12	13	15	17	18	19	20	23	24	49	#
133	1116357	2	3	7	8	10	12	13	14	15	17	18	19	20	21	22	23	24	49	#
134	1112456	0	1	2	3	4	5	7	8	9	12	13	14	17	18	19	23	24	49	#
135	1101484	0	2	3	4	5	7	8	9	12	13	14	17	18	19	22	23	24	49	#
136	1089511	3	4	7	8	9	10	12	13	14	15	16	17	18	19	21	23	24	49	#
137	1061459	2	3	4	7	8	9	10	12	13	14	15	16	17	18	19	23	24	49	#
138	370121	3	4	9	14	19	50	#
139	340729	4	9	14	19	24	50	#
140	330679	0	3	4	5	9	50	#
141	246320	3	4	8	9	12	50	#
142	338482	18	19	23	24	51	#
143	381539	12	15	18	23	51	#
144	334042	18	22	23	24	51	#
145	344390	4	9	13	14	52	#
146	276765	4	8	9	14	52	#
147	255722	4	8	9	12	52	#
148	225784	4	8	9	13	52	#
149	625923	1	2	3	4	6	7	8	9	12	13	14	18	23	53	#
150	876772	0	1	2	5	6	7	11	12	13	15	17	18	20	53	#
151	808626	2	4	7	8	9	11	12	13	14	16	17	18	20	53	#
152	807912	2	6	7	8	12	13	16	17	18	21	22	23	24	53	#
153	760622	0	1	2	3	5	6	7	8	12	16	17	20	21	53	#
154	748773	2	3	4	7	8	9	12	13	15	16	17	18	20	53	#
155	1109710	0	1	2	3	4	5	6	7	8	9	10	11	12	13	15	17	18	23	54	#
156	1278380	2	3	4	7	8	9	10	11	12	13	16	17	18	19	21	22	23	24	54	#
157	1223393	1	2	3	5	7	8	10	11	12	13	15	16	17	18	19	21	22	24	54	#
158	1211027	1	2	3	4	6	7	8	9	10	11	12	13	17	18	19	22	23	24	54	#
159	1200097	1	2	3	4	6	7	8	9	11	12	13	17	18	19	21	22	23	24	54	#
160	1196959	1	4	6	7	8	9	10	11	12	13	15	16	17	18	21	22	23	24	54	#
161	155355	17	22	55	#
162	184164	12	17	55	#
163	152539	2	3	9	56	#
164	207473	8	9	14	56	#
165	172565	0	1	2	56	#
166	427460	0	1	2	3	5	6	10	11	57	#
167	640392	5	8	10	11	15	16	17	20	57	#
168	571416	5	6	7	8	10	11	12	16	57	#
169	552505	1	2	5	6	7	11	16	20	57	#
170	463088	0	1	4	6	7	10	11	16	57	#
171	370498	0	1	5	6	7	8	12	13	57	#
172	556254	0	1	2	3	5	6	10	11	15	20	58	#
173	680459	1	2	5	6	10	14	18	19	23	24	58	#
174	659603	1	5	6	10	11	15	16	17	20	21	58	#
175	616701	5	6	10	11	15	16	17	20	22	23	58	#
176	602974	0	1	2	3	5	6	11	16	17	20	58	#
177	600806	1	2	3	4	7	9	14	19	23	24	58	#
178	104766	4	#
179	93267	9	14	#
180	331000	1	2	5	6	7	12	18	100	#
181	1102537	5	7	8	10	12	14	15	16	17	18	19	20	21	22	60	#
182	1118615	2	3	8	9	10	12	13	14	15	16	17	18	19	20	60	#
183	1079291	1	2	3	4	9	10	14	15	16	17	18	19	20	24	60	#
184	1065039	1	5	6	10	13	15	16	17	18	19	20	21	22	23	60	#
185	1056205	0	1	2	6	7	10	12	15	16	17	18	20	21	22	60	#
186	1055113	8	9	10	12	13	14	15	16	17	18	19	20	21	24	60	#
187	392541	13	14	18	19	23	24	61	#
188	460145	2	3	7	14	16	19	61	#
189	434451	5	13	18	21	22	23	61	#
190	433624	2	3	4	9	14	19	61	#
191	426541	9	13	14	17	18	19	61	#
192	388593	13	18	19	22	23	24	61	#
193	1091767	1	5	6	10	11	12	16	17	18	19	20	21	22	23	24	62	#
194	1130337	1	2	3	4	9	13	14	16	17	18	19	21	22	23	24	62	#
195	1129552	5	6	10	11	12	13	15	16	17	18	19	21	22	23	24	62	#
196	1102117	3	9	12	13	14	15	16	17	18	19	20	21	22	23	24	62	#
197	1070288	0	3	5	6	9	11	12	13	16	17	18	19	22	23	24	62	#
198	1064027	0	1	5	6	10	11	12	15	16	17	18	20	21	22	23	62	#
199	953172	2	3	6	7	8	11	12	13	15	16	17	18	20	21	22	23	63	#
200	1082635	5	6	7	10	11	12	15	16	17	18	19	20	21	22	23	24	63	#
201	1057373	2	5	6	7	8	10	12	14	15	16	17	18	20	21	22	23	63	#
202	1050000	0	5	6	7	11	12	15	16	17	18	19	20	21	22	23	24	63	#
203	1027101	5	6	7	8	11	12	15	16	17	18	19	20	21	22	23	24	63	#
204	1022381	2	6	7	8	12	14	15	16	17	18	19	20	21	22	23	24	63	#
205	305486	10	11	15	20	64	#
206	381032	10	15	16	21	64	#
207	351553	10	15	16	20	64	#
208	307945	11	15	16	20	64	#
209	229308	6	11	15	16	64	#
210	362333	8	12	17	18	23	24	65	#
211	502594	1	5	6	18	22	23	65	#
212	460712	11	12	16	17	18	21	65	#
213	448039	12	13	18	19	22	23	65	#
214	343076	5	6	7	8	9	12	65	#
215	324395	8	12	18	19	23	24	65	#
216	191601	13	18	66	#
217	174368	18	19	66	#
218	148278	18	19	67	#
219	146062	12	18	67	#
220	772514	4	6	7	8	9	10	11	12	13	14	18	19	68	#
221	886441	2	4	6	7	8	9	12	13	14	17	19	22	68	#
222	850288	1	2	4	6	7	8	9	11	12	13	14	17	68	#
223	842225	1	2	4	6	7	8	9	11	12	14	17	19	68	#
224	832762	4	7	8	9	12	13	14	17	19	22	23	24	68	#
225	831728	4	7	8	9	12	13	14	17	18	19	22	24	68	#
226	201995	22	23	69	#
227	229912	17	22	69	#
228	199596	18	23	69	#
229	99752	19	24	#
230	1105907	0	1	2	3	4	5	6	10	11	12	16	18	19	20	21	22	23	24	98	#
231	1151459	5	10	13	14	15	16	17	18	19	20	21	22	23	71	#
232	1143170	7	11	12	13	14	16	17	18	19	20	21	22	23	71	#
233	1109624	7	11	12	14	15	16	17	18	19	20	21	22	23	71	#
234	1079096	5	6	10	11	13	15	16	17	18	19	20	21	22	71	#
235	1052630	5	6	10	11	12	13	16	17	18	20	21	22	23	71	#
236	1038130	7	11	12	13	15	16	17	18	19	20	21	22	23	71	#
237	199720	12	13	18	72	#
238	265667	14	18	19	72	#
239	171165	13	18	19	72	#
240	248046	1	6	7	12	17	73	#
241	337272	12	15	16	17	18	73	#
242	294669	1	6	7	11	16	73	#
243	275334	12	13	17	18	23	73	#
244	217710	0	1	6	7	13	73	#
245	196916	0	1	2	5	7	73	#
246	79145	8	12	#
247	1203121	0	5	6	7	8	10	11	12	13	15	16	17	18	19	20	22	24	74	#
248	1392599	0	5	6	7	8	10	11	12	13	14	15	16	17	18	19	21	22	74	#
249	1346117	0	5	6	7	8	10	12	13	14	15	16	17	18	19	20	21	22	74	#
250	1308885	5	7	8	9	10	11	12	13	14	15	16	17	18	19	20	21	22	74	#
251	1307324	0	5	6	7	8	9	10	11	12	13	14	15	16	17	18	21	22	74	#
252	1305465	5	6	7	8	9	10	11	12	13	14	15	16	17	18	19	21	22	74	#
253	988284	1	2	3	6	7	8	10	11	12	13	16	17	18	20	21	22	23	24	75	#
254	1058028	1	2	3	6	7	8	9	10	11	12	13	14	16	17	18	20	21	22	75	#
255	1052846	1	2	3	4	6	7	8	9	10	11	12	13	14	16	17	20	21	22	75	#
256	1045194	1	2	5	6	7	8	9	10	11	13	14	16	17	18	20	22	23	24	75	#
257	1041471	1	2	3	4	6	7	8	9	10	11	12	13	14	16	17	18	20	21	75	#
258	1036530	0	1	2	3	4	7	8	9	10	11	12	13	14	16	17	19	20	21	75	#
259	20510	8	#
260	169800	1	2	3	4	76	#
261	201154	3	4	8	9	76	#
262	173596	2	3	7	12	76	#
263	118356	1	6	#
264	391359	0	1	2	3	5	6	7	77	#
265	479931	1	2	3	4	14	19	20	77	#
266	433704	0	5	6	10	11	15	20	77	#
267	417265	0	1	2	3	4	5	6	77	#
268	416862	1	2	5	6	7	11	12	77	#
269	379574	2	3	6	7	8	10	11	77	#
270	926312	8	12	13	14	16	17	18	19	20	21	22	23	24	78	#
271	1044155	0	5	6	11	16	17	18	19	20	21	22	23	24	78	#
272	1029933	6	11	12	14	16	17	18	19	20	21	22	23	24	78	#
273	949652	6	7	10	11	12	16	17	19	20	21	22	23	24	78	#
274	887679	0	1	5	6	7	8	10	11	12	16	20	21	22	78	#
275	863218	6	7	8	12	14	16	17	18	19	21	22	23	24	78	#
276	362494	14	15	17	18	19	24	79	#
277	519662	12	14	18	19	22	23	79	#
278	509572	15	16	17	18	21	22	79	#
279	486975	12	15	16	17	18	22	79	#
280	313130	8	9	10	13	14	19	79	#
281	280789	7	8	12	13	18	19	79	#
282	182986	7	8	13	80	#
283	198298	7	8	12	80	#
284	159987	2	7	8	80	#
285	677005	1	2	3	11	15	16	17	18	20	21	81	#
286	790708	2	7	11	12	13	16	17	18	20	21	81	#
287	780468	5	10	11	15	16	17	18	20	21	22	81	#
288	754563	2	7	8	11	13	16	17	18	20	21	81	#
289	738077	5	6	10	11	15	16	17	18	20	21	81	#
290	680588	11	13	15	16	17	18	19	20	21	23	81	#
291	262675	7	12	17	18	23	94	#
292	99098	16	#
293	472816	10	11	15	16	17	20	21	83	#
294	571656	12	17	18	21	22	23	24	83	#
295	541937	12	13	16	17	18	21	22	83	#
296	524230	3	4	13	17	18	22	23	83	#
297	361487	0	5	10	11	15	16	20	83	#
298	343628	0	5	6	10	11	16	20	83	#
299	802501	0	1	2	5	6	10	11	12	15	16	17	22	84	#
300	863882	0	1	5	6	10	11	12	14	15	16	17	19	84	#
301	824600	1	5	6	10	11	12	15	16	17	22	23	24	84	#
302	808644	4	5	6	10	11	12	15	16	17	20	22	23	84	#
303	764059	6	7	9	11	12	13	14	15	16	17	19	22	84	#
304	735976	1	2	5	6	7	10	11	12	15	16	17	21	84	#
305	219807	1	2	3	6	7	85	#
306	309491	2	7	8	12	18	85	#
307	266613	0	1	2	7	12	85	#
308	218990	6	7	8	12	13	85	#
309	290188	15	16	20	86	#
310	327875	16	20	21	86	#
311	1025161	0	1	6	10	11	12	14	16	17	18	19	20	21	22	87	#
312	1025333	6	10	11	12	13	14	16	17	18	19	20	21	22	23	87	#
313	956440	6	8	10	11	12	13	14	15	16	17	18	19	20	21	87	#
314	926429	8	10	11	12	15	16	17	18	19	20	21	22	23	24	87	#
315	881924	2	3	8	9	11	12	13	14	15	16	17	18	20	21	87	#
316	872285	0	1	6	10	11	12	15	16	17	18	20	21	22	23	87	#
317	839172	1	2	6	7	8	9	12	13	17	18	19	21	22	23	88	#
318	992289	5	7	8	9	10	12	13	14	15	17	18	20	22	23	88	#
319	928099	2	7	8	9	12	13	14	17	18	19	21	22	23	24	88	#
320	899554	2	4	7	8	9	12	13	14	17	18	21	22	23	24	88	#
321	896843	1	2	5	6	7	8	10	11	12	17	18	20	22	23	88	#
322	873917	2	6	7	8	9	10	12	14	17	18	19	22	23	24	88	#
323	1173980	0	1	5	6	7	10	11	12	13	14	15	16	17	18	19	20	21	22	23	24	89	#
324	1227066	0	1	2	3	5	6	7	9	10	11	12	13	14	15	16	17	18	19	20	21	89	#
325	1189480	1	2	4	6	7	8	9	10	11	12	13	14	16	17	18	19	20	21	22	23	89	#
326	1172976	0	1	2	5	6	7	8	9	11	12	13	15	16	17	18	19	20	21	22	23	89	#
327	1167526	0	1	3	5	6	7	8	9	10	12	13	15	16	17	18	19	20	21	22	23	89	#
328	1149117	0	1	2	3	4	5	6	7	8	9	10	11	13	15	16	17	18	19	20	22	89	#
329	212807	8	13	18	22	23	90	#
330	276296	12	18	19	22	23	90	#
331	248571	4	7	8	9	12	90	#
332	196786	7	8	9	13	14	90	#
333	194826	13	17	18	19	24	90	#
334	236121	10	11	15	20	91	#
335	279148	5	10	15	20	91	#
336	230615	15	16	20	21	91	#
337	227798	5	6	10	11	91	#
338	187789	0	5	10	15	91	#
339	719008	1	7	8	12	14	17	18	19	22	23	24	92	#
340	881513	12	14	15	16	17	18	19	21	22	23	24	92	#
341	829768	8	12	13	14	16	17	18	19	22	23	24	92	#
342	796353	8	12	15	16	17	18	19	20	21	23	24	92	#
343	789145	4	8	13	14	17	18	19	21	22	23	24	92	#
344	785348	11	12	15	16	17	18	20	21	22	23	24	92	#
345	213189	15	16	20	93	#
346	156286	1	10	15	93	#
347	98778	17	#
348	404343	17	18	21	22	23	94	#
349	418179	16	17	18	21	22	94	#
350	397655	16	17	18	21	23	94	#
351	324172	12	17	18	22	23	94	#
352	308537	12	13	17	18	23	94	#
353	896585	0	1	2	5	6	7	8	10	11	15	16	17	18	19	20	22	95	#
354	1048844	5	6	10	11	12	14	15	16	17	18	19	20	21	22	23	24	95	#
355	976409	2	3	7	10	11	12	14	15	16	17	18	19	20	22	23	24	95	#
356	966604	1	2	3	4	5	7	8	10	11	12	15	16	17	18	20	22	95	#
357	939889	0	1	2	3	5	6	7	8	10	11	15	16	17	18	20	21	95	#
358	934017	0	1	3	4	5	6	7	8	10	12	15	16	17	18	20	22	95	#
359	92362	21	#
360	421958	6	11	15	16	20	21	96	#
361	438349	5	10	11	15	16	20	96	#
362	409530	6	10	11	15	16	20	96	#
363	388522	6	7	11	16	20	21	96	#
364	382073	6	7	10	11	12	16	96	#
365	376033	3	15	16	21	22	23	96	#
366	279011	8	13	18	19	97	#
367	348034	7	12	18	19	97	#
368	331232	12	13	18	19	97	#
369	226700	7	8	13	18	97	#
370	1090703	0	1	2	3	4	5	6	9	12	13	14	17	18	19	21	22	23	24	98	#
371	1165795	0	1	2	3	5	6	9	10	11	14	15	16	18	19	20	21	22	24	98	#
372	1121718	0	1	2	3	5	6	9	10	11	12	13	17	18	19	21	22	23	24	98	#
373	1114589	1	2	3	9	10	12	13	14	15	16	17	18	19	20	21	22	23	24	98	#
374	1111354	0	1	2	5	6	10	12	13	15	16	17	18	19	20	21	22	23	24	98	#
375	467579	2	3	4	7	8	9	12	17	18	99	#
376	500282	2	3	4	7	8	9	12	17	22	99	#
377	491229	0	1	2	3	4	5	8	9	12	99	#
378	468849	1	2	4	7	8	9	12	16	17	99	#
379	425429	1	2	3	4	7	8	9	12	17	99	#
380	410162	0	1	2	3	5	6	7	8	9	99	#
381	363486	2	6	7	8	11	12	13	100	#
382	518598	6	7	8	11	14	19	24	100	#
383	505608	6	7	8	12	17	18	19	100	#
384	439250	7	8	13	14	18	19	24	100	#
385	410505	1	6	7	10	11	12	16	100	#
386	985892	0	1	2	3	4	5	6	7	8	9	11	12	13	14	18	19	23	24	101	#
387	1107381	1	6	7	8	9	11	12	13	14	16	17	18	19	20	21	22	23	24	101	#
388	1103730	1	3	4	6	7	8	9	11	12	13	14	16	17	18	19	20	23	24	101	#
389	1086454	0	1	5	6	7	8	10	11	12	13	16	17	18	19	20	21	22	23	101	#
390	1060267	0	1	2	3	5	6	7	8	10	11	12	13	16	17	18	20	21	23	101	#
391	1045692	0	1	7	8	9	11	12	13	14	16	17	18	19	20	21	22	23	24	101	#
392	577811	3	4	9	13	14	18	19	23	24	102	#
393	626779	4	12	13	17	18	19	22	23	24	102	#
394	621302	12	16	18	19	20	21	22	23	24	102	#
395	607213	13	14	17	18	19	21	22	23	24	102	#
396	577061	9	12	13	14	18	19	22	23	24	102	#
397	519850	2	3	7	12	18	19	21	22	23	102	#
398	881498	0	1	2	5	6	7	10	11	16	17	21	103	#
399	896340	0	1	2	5	7	10	11	15	16	17	21	103	#
400	864747	0	1	2	5	7	10	11	15	16	20	21	103	#
401	847579	0	1	2	5	6	7	8	11	12	16	17	103	#
402	839614	0	1	2	5	7	8	9	12	13	14	17	103	#
403	817297	2	7	10	11	12	16	17	19	21	23	24	103	#
404	199784	1	5	6	7	104	#
405	291506	1	2	5	6	104	#
406	219221	0	1	2	6	104	#
407	217420	5	6	7	11	104	#
408	150291	2	3	4	7	104	#
409	789440	0	5	10	11	15	16	17	18	20	21	22	105	#
410	721046	0	1	5	6	10	11	15	16	17	20	21	105	#
411	718724	0	1	5	10	11	15	16	17	18	19	24	105	#
412	709865	2	3	7	8	12	13	14	17	18	19	24	105	#
413	679994	2	3	7	8	11	12	15	16	17	20	21	105	#
414	670986	7	8	12	13	16	17	18	19	21	22	24	105	#
415	1133672	0	1	2	3	4	5	6	7	8	9	10	11	12	13	14	15	17	18	19	24	106	#
416	1281716	1	2	3	5	7	9	10	11	12	14	15	16	17	18	19	20	21	22	23	24	106	#
417	1280710	0	1	2	3	4	5	6	7	9	10	11	12	14	15	16	17	18	20	21	22	106	#
418	1278116	0	1	2	3	4	5	6	7	9	10	11	12	13	14	15	16	18	20	21	22	106	#
419	1275056	0	1	2	3	4	5	6	7	9	10	11	14	15	16	17	18	19	20	21	22	106	#
420	1270033	0	1	2	3	4	5	6	7	9	11	12	13	14	16	17	18	19	21	22	24	106	#
421	41257	9	#
422	622165	11	12	14	16	17	18	19	21	23	24	107	#
423	651990	3	9	12	13	14	17	18	19	23	24	107	#
424	650512	10	11	13	14	15	18	19	20	23	24	107	#
425	635431	12	13	15	16	17	18	19	20	23	24	107	#
426	620175	2	3	4	9	12	14	18	19	23	24	107	#
427	591583	0	1	2	3	4	9	14	19	23	24	107	#
428	1078929	0	1	2	3	4	5	6	7	10	11	12	15	16	17	18	19	20	21	22	24	108	#
429	1122748	0	2	3	4	5	6	7	9	10	11	12	13	14	15	16	17	18	19	21	22	108	#
430	1075493	0	3	4	5	6	7	9	10	11	12	14	15	16	17	18	19	20	21	23	24	108	#
431	1064146	0	1	2	3	4	5	6	7	10	11	15	16	17	18	19	20	21	22	23	24	108	#
432	1062968	0	2	3	4	5	6	7	8	9	10	11	12	15	16	17	18	19	20	21	24	108	#
433	1034496	0	1	2	5	6	9	10	11	12	14	15	16	17	18	19	20	21	22	23	24	108	#
434	573193	5	6	7	8	12	14	18	19	22	23	24	109	#
435	714587	5	6	12	13	14	18	19	21	22	23	24	109	#
436	712935	5	6	7	8	10	12	14	18	19	22	23	109	#
437	704498	6	11	12	13	14	16	18	19	21	22	23	109	#
438	676895	2	3	5	6	7	8	10	11	12	16	21	109	#
439	590681	2	3	4	7	8	9	12	14	21	22	23	109	#
440	204246	6	10	11	110	#
441	242474	10	11	15	110	#
442	186180	10	15	16	110	#
443	614850	6	10	11	15	16	17	21	22	129	#
444	263315	15	16	17	21	22	111	#
445	384778	16	17	20	21	22	111	#
446	364134	12	16	17	20	22	111	#
447	318572	10	11	16	21	22	111	#
448	317260	5	10	15	16	20	111	#
449	193183	1	2	6	12	17	111	#
450	222264	4	9	14	112	#
451	123142	8	9	14	112	#
452	173820	3	4	9	113	#
453	158813	2	3	7	113	#
454	64711	6	#
455	798404	8	12	13	14	16	17	18	19	20	23	24	114	#
456	840274	8	12	13	14	15	16	17	18	19	21	23	114	#
457	826496	5	9	10	11	12	14	15	16	17	20	21	114	#
458	806417	8	11	12	13	14	15	16	17	18	19	23	114	#
459	785801	8	12	13	14	17	18	19	21	22	23	24	114	#
460	768025	8	11	12	13	14	16	17	18	19	23	24	114	#
461	633549	0	1	6	7	8	9	12	17	18	21	22	23	115	#
462	775163	4	6	7	8	9	12	17	18	19	21	22	23	115	#
463	713254	4	6	7	8	9	12	13	17	18	21	22	23	115	#
464	660337	5	6	7	8	9	12	16	17	18	19	21	22	115	#
465	640767	0	1	5	8	12	17	18	19	21	22	23	24	115	#
466	635179	7	8	9	12	16	17	18	19	21	22	23	24	115	#
467	570268	4	5	9	10	11	16	20	116	#
468	567153	0	5	10	15	16	20	21	116	#
469	542286	13	15	16	17	18	20	21	116	#
470	527225	15	16	17	18	19	21	22	116	#
471	421472	2	3	4	8	9	13	14	116	#
472	416235	3	4	8	9	14	19	24	116	#
473	299170	12	13	18	117	#
474	332951	12	17	18	117	#
475	255628	8	12	17	117	#
476	222014	8	13	18	117	#
477	812734	1	2	3	6	7	8	10	11	12	13	15	16	20	21	22	118	#
478	1018386	0	5	6	7	8	10	11	12	13	15	16	18	19	20	21	118	#
479	1001332	0	2	3	4	5	6	7	8	9	10	11	13	16	20	21	118	#
480	988006	0	2	3	5	6	7	8	10	11	12	15	16	18	20	21	118	#
481	949786	3	4	5	7	8	10	12	15	16	17	18	20	21	22	23	118	#
482	943015	0	1	2	3	4	5	6	7	8	10	11	15	16	20	21	118	#
483	34485	24	#
484	534868	12	13	17	18	19	21	22	119	#
485	598839	12	15	16	17	18	21	22	119	#
486	516551	11	15	16	21	22	23	24	119	#
487	480612	8	12	13	17	18	21	22	119	#
488	466090	8	12	13	14	18	19	24	119	#
489	460412	8	9	12	13	14	18	23	119	#
490	78432	12	#
491	408424	2	3	4	7	8	9	14	120	#
492	422438	2	3	7	8	9	12	17	120	#
493	396079	2	3	4	8	9	12	14	120	#
494	364983	3	4	7	8	9	12	14	120	#
495	347179	2	3	4	7	8	9	12	120	#
496	327816	3	8	9	14	22	23	24	120	#
497	879979	2	6	7	8	11	12	14	15	16	17	18	19	20	23	121	#
498	952803	4	9	11	13	14	15	16	17	18	19	20	21	22	23	121	#
499	935944	1	2	5	6	7	11	12	13	16	17	18	20	22	23	121	#
500	920312	6	7	12	13	14	15	16	17	18	19	21	22	23	24	121	#
501	919574	1	2	5	7	10	12	15	16	17	18	20	21	23	24	121	#
502	905876	0	1	2	6	11	14	16	17	18	19	21	22	23	24	121	#
503	541968	2	3	6	7	8	9	14	21	22	122	#
504	663702	1	2	7	8	11	16	17	21	22	122	#
505	569898	6	8	9	12	13	14	18	19	23	122	#
506	506324	2	3	4	7	8	9	12	18	23	122	#
507	478699	1	2	6	7	8	9	12	17	22	122	#
508	477323	1	2	3	4	7	9	14	18	19	122	#
509	100301	20	#
510	238976	3	4	9	14	123	#
511	270122	1	2	3	4	123	#
512	227706	14	19	23	24	123	#
513	225207	2	3	4	7	123	#
514	210487	4	9	14	19	123	#
515	1195779	2	3	4	7	9	12	14	16	17	18	19	20	21	22	23	24	124	#
516	1259256	4	9	10	11	13	14	15	16	17	18	19	20	21	22	23	24	124	#
517	1241911	3	4	9	10	11	14	15	16	17	18	19	20	21	22	23	24	124	#
518	1231612	5	9	10	11	13	14	15	16	17	18	19	20	21	22	23	24	124	#
519	1226047	3	4	7	9	12	13	14	16	17	18	19	20	21	22	23	24	124	#
520	1219992	7	9	11	12	13	14	15	16	17	18	19	20	21	22	23	24	124	#
521	389459	15	16	17	20	21	125	#
522	441385	11	15	16	20	21	125	#
523	423320	6	11	15	16	21	125	#
524	362672	11	15	16	17	20	125	#
525	359367	10	11	15	16	20	125	#
526	243848	7	8	12	17	18	125	#
527	1232776	0	1	3	4	5	6	7	8	9	10	11	12	13	14	15	16	17	18	19	21	126	#
528	1315880	0	1	3	5	6	7	8	9	10	12	13	14	15	16	17	18	19	20	21	23	126	#
529	1286169	1	3	5	6	7	8	9	10	12	13	14	15	16	17	18	19	20	21	23	24	126	#
530	1280098	0	1	5	6	7	8	9	10	11	12	13	14	15	16	17	18	19	20	21	23	126	#
531	1262275	0	1	2	3	5	6	7	8	9	10	12	13	14	15	16	17	18	19	20	23	126	#
532	1260403	3	4	5	6	7	8	9	10	12	13	14	15	16	17	18	19	20	22	23	24	126	#
533	400656	16	17	20	21	127	#
534	402072	17	18	21	22	127	#
535	357341	5	6	11	16	127	#
536	336820	15	16	20	21	127	#
537	1070307	0	2	3	5	6	7	8	10	11	12	13	15	16	17	20	22	128	#
538	1178272	1	2	5	6	7	10	11	15	16	17	19	20	21	22	23	24	128	#
539	1160295	0	1	2	5	6	7	8	10	11	15	16	17	20	21	22	23	128	#
540	1148186	1	2	5	6	7	8	9	10	11	15	16	17	20	21	22	23	128	#
541	1087661	0	1	2	3	5	6	7	8	10	11	13	15	16	17	20	22	128	#
542	1073607	0	1	3	4	5	6	7	10	11	12	15	16	17	21	22	23	128	#
543	648125	13	16	17	18	19	21	22	23	129	#
544	696366	10	11	13	15	16	17	18	22	129	#
545	652621	8	12	13	14	17	18	19	22	129	#
546	652418	11	15	16	18	19	21	22	23	129	#
547	617828	6	10	11	15	16	17	18	21	129	#
548	93882	0	1	130	#
549	101753	1	6	130	#
550	76974	13	#
551	203244	17	22	131	#
552	184788	22	23	131	#
553	168194	12	17	131	#
554	171938	2	6	7	132	#
555	177971	1	2	7	132	#
556	141312	6	7	12	132	#
557	289440	7	8	12	17	18	133	#
558	410125	12	17	18	19	24	133	#
559	290590	7	8	12	18	23	133	#
560	266503	7	8	12	18	24	133	#
561	161490	4	7	8	9	12	133	#
562	125515	5	6	#
563	654417	11	16	17	18	20	22	23	134	#
564	624786	12	16	17	18	21	22	23	134	#
565	622326	11	12	13	16	17	18	22	134	#
566	589264	17	18	19	21	22	23	24	134	#
567	531896	8	12	13	16	17	18	20	134	#
568	526782	12	13	18	21	22	23	24	134	#
569	874765	1	2	3	4	5	6	7	8	9	11	12	13	18	19	22	23	24	135	#
570	1009063	0	2	3	4	5	6	7	8	9	11	12	13	16	18	19	22	23	135	#
571	957680	2	3	4	5	6	7	8	9	11	12	13	17	18	19	22	23	24	135	#
572	950495	2	3	4	5	6	7	8	9	11	13	15	16	18	19	20	21	22	135	#
573	931292	0	2	4	5	6	7	8	9	11	12	13	14	16	18	19	23	24	135	#
574	929465	3	4	5	6	7	8	9	11	12	13	16	17	18	19	22	23	24	135	#
575	871191	7	8	10	11	12	13	15	16	17	18	20	21	22	23	24	136	#
576	1101369	5	6	8	10	11	12	13	14	16	17	18	19	21	22	23	136	#
577	1088917	4	8	9	10	11	12	14	16	17	18	19	20	21	23	24	136	#
578	1085989	5	8	10	11	12	13	14	16	17	18	19	20	22	23	24	136	#
579	1069836	8	9	11	12	13	14	16	17	18	19	20	21	22	23	24	136	#
580	1056768	1	2	3	4	8	9	11	12	13	14	16	17	18	22	23	136	#
581	450892	3	4	8	9	13	14	15	16	20	137	#
582	614643	5	10	11	14	15	19	20	23	24	137	#
583	599239	4	7	8	9	12	13	14	17	19	137	#
584	597073	3	4	5	10	11	15	16	17	20	137	#
585	589036	8	12	13	14	17	18	19	23	24	137	#
586	510591	4	7	8	9	12	13	14	18	19	137	#
587	44669	2	#
588	215241	11	15	16	20	138	#
589	230094	10	15	18	20	138	#
590	210382	10	15	16	20	138	#
591	175593	5	6	7	11	138	#
592	313757	0	5	10	11	139	#
593	304635	5	6	10	11	139	#
594	131943	0	1	5	6	139	#
595	131293	10	15	16	140	#
596	179638	15	16	17	140	#
597	469542	13	17	18	21	22	23	141	#
598	561701	15	16	17	20	21	22	141	#
599	555131	7	12	16	17	21	22	141	#
600	514271	14	17	18	19	22	23	141	#
601	495312	12	15	16	17	20	22	141	#
602	447524	17	18	21	22	23	24	141	#
603	551404	7	12	16	17	18	20	22	23	142	#
604	666709	4	5	9	10	15	16	20	21	142	#
605	665684	12	15	16	18	20	21	22	23	142	#
606	505492	7	8	12	13	18	21	22	23	142	#
607	485008	1	5	6	7	10	15	16	20	142	#
608	374720	4	6	7	8	9	12	17	22	142	#
609	664274	2	3	4	7	8	9	12	13	14	16	143	#
610	868590	5	10	11	16	17	18	20	21	22	23	143	#
611	758880	3	4	8	9	12	14	17	18	19	22	143	#
612	754903	2	3	4	7	8	9	12	16	17	22	143	#
613	742781	2	3	4	8	9	12	13	14	17	19	143	#
614	704443	8	12	13	14	17	18	19	22	23	24	143	#
615	1320860	0	1	2	3	4	5	6	7	8	9	10	11	12	13	14	16	17	18	19	20	21	22	144	#
616	1329444	0	2	3	4	5	6	7	8	9	10	11	12	13	14	15	16	17	18	19	20	21	22	144	#
617	1321845	0	2	4	5	6	7	8	9	10	11	12	13	14	16	17	18	19	20	21	22	23	24	144	#
618	1314499	0	1	2	3	4	5	6	7	8	9	10	11	12	14	16	17	18	19	20	21	22	23	144	#
619	1296457	0	1	2	3	4	5	6	7	8	9	11	12	13	14	16	17	18	19	20	21	22	23	144	#
620	1275204	0	1	2	3	4	5	6	7	8	9	10	11	12	13	14	16	17	18	19	20	22	23	144	#
621	193868	12	17	145	#
622	175315	16	17	145	#
623	637198	2	3	5	6	10	11	17	22	146	#
624	640425	5	6	10	11	12	16	17	20	146	#
625	575368	0	5	6	10	11	15	21	22	146	#
626	512609	1	2	3	4	5	6	9	14	146	#
627	495640	3	8	9	12	17	18	21	22	146	#
628	489490	7	8	12	13	17	18	21	22	146	#
629	160581	14	19	24	147	#
630	220002	18	19	23	147	#
631	189211	22	23	24	147	#
632	417426	17	21	22	23	148	#
633	383705	16	21	22	23	148	#
634	381655	10	11	22	23	148	#
635	351356	17	18	22	23	148	#
636	264175	15	16	20	21	148	#
637	711010	2	7	8	12	13	14	17	18	19	22	23	149	#
638	789010	11	12	14	15	16	17	18	19	20	22	24	149	#
639	770907	8	11	12	13	16	17	18	19	20	22	23	149	#
640	729358	4	12	13	14	17	18	19	21	22	23	24	149	#
641	710368	10	11	15	16	17	18	19	21	22	23	24	149	#
642	705748	0	4	5	7	8	9	12	14	17	18	22	149	#
643	352711	2	3	4	8	9	14	150	#
644	380015	2	3	4	7	16	21	150	#
645	348096	3	4	8	9	14	19	150	#
646	342281	1	2	3	4	9	20	150	#
647	312652	1	2	3	4	8	9	150	#
648	290543	8	9	10	12	13	18	150	#
649	67135	3	#
650	302385	2	6	7	8	9	12	13	151	#
651	435358	2	3	8	9	13	14	19	151	#
652	397335	0	2	5	6	7	11	12	151	#
653	343484	7	8	9	12	13	16	17	151	#
654	336818	5	6	7	8	11	13	16	151	#
655	334952	0	1	2	3	5	6	7	151	#
656	400836	7	8	12	13	18	19	24	152	#
657	584513	8	13	14	17	18	19	23	152	#
658	578122	8	12	13	14	17	18	19	152	#
659	529575	12	14	17	18	19	23	24	152	#
660	511298	4	8	9	14	18	19	23	152	#
661	485316	7	8	12	16	17	18	22	152	#
662	595236	12	14	17	18	19	21	22	153	#
663	496885	12	13	18	21	22	23	24	153	#
664	495907	7	12	18	21	22	23	24	153	#
665	477191	4	8	9	12	14	18	19	153	#
666	470563	3	4	8	9	14	18	19	153	#
667	446200	12	13	17	18	19	23	24	153	#
668	970008	3	4	8	9	12	13	14	18	19	20	23	24	154	#
669	1061617	8	12	14	16	17	18	19	20	21	22	23	24	154	#
670	997762	3	5	7	8	9	12	13	14	18	19	21	22	154	#
671	959957	7	12	13	16	17	18	19	20	21	22	23	24	154	#
672	927668	3	4	8	9	12	13	14	17	18	19	23	24	154	#
673	926054	6	7	8	9	12	13	14	17	18	19	21	22	154	#
674	294180	18	19	23	24	155	#
675	363907	17	18	19	22	155	#
676	307385	12	17	18	19	155	#
677	297417	18	22	23	24	155	#
678	105694	6	7	156	#
679	59378	2	7	156	#
680	352365	4	7	8	9	13	14	157	#
681	409853	3	7	8	9	12	14	157	#
682	403579	2	3	4	7	8	9	157	#
683	381865	2	4	7	8	9	12	157	#
684	343844	7	8	9	13	14	18	157	#
685	342890	3	4	8	9	12	13	157	#
686	21614	0	#
687	304827	17	18	23	24	158	#
688	375248	15	16	17	20	158	#
689	348353	16	17	18	23	158	#
690	250804	12	18	23	24	158	#
691	785769	7	8	12	13	15	16	17	18	21	22	159	#
692	958880	12	14	15	16	17	18	19	20	21	22	159	#
693	907595	5	10	11	12	15	16	17	18	20	22	159	#
694	840685	7	8	12	14	15	16	17	18	20	22	159	#
695	831944	8	9	13	14	15	16	17	18	19	22	159	#
696	824986	7	8	9	12	13	16	17	18	21	22	159	#
697	502611	11	16	17	20	22	23	160	#
698	533983	15	16	17	20	21	22	160	#
699	530657	10	11	15	16	21	22	160	#
700	515795	17	18	21	22	23	24	160	#
701	506713	11	15	16	17	20	21	160	#
702	483740	10	11	15	16	17	20	160	#
703	226105	1	2	3	4	9	161	#
704	337793	2	3	4	9	14	161	#
705	274144	0	1	2	3	6	161	#
706	242927	0	1	2	6	7	161	#
707	566874	3	8	9	13	14	18	19	23	162	#
708	582390	7	8	13	16	18	20	22	23	162	#
709	525786	8	12	13	17	18	22	23	24	162	#
710	518397	8	9	12	13	17	18	19	23	162	#
711	509343	3	7	8	9	13	18	19	23	162	#
712	499576	12	13	16	17	18	19	23	24	162	#
713	397884	5	6	11	16	21	163	#
714	358221	0	1	2	5	6	163	#
715	323636	0	1	5	6	10	163	#
716	315971	1	5	6	11	16	163	#
717	272673	15	16	17	20	21	163	#
718	272095	6	11	15	16	21	163	#
719	803180	3	4	9	14	17	18	19	21	22	23	24	164	#
720	830278	7	8	12	13	14	17	18	19	21	22	23	164	#
721	804509	2	3	4	7	8	9	12	13	14	17	19	164	#
722	781919	1	5	6	10	11	15	16	17	20	21	22	164	#
723	747854	1	2	3	4	5	6	7	8	9	14	19	164	#
724	745372	3	4	8	9	12	13	17	18	21	22	23	164	#
725	225788	0	5	10	165	#
726	174787	0	1	5	165	#
727	414989	4	8	9	14	18	19	24	166	#
728	410759	3	4	8	9	13	14	19	166	#
729	394753	3	4	8	9	14	15	20	166	#
730	384355	3	4	8	9	10	14	15	166	#
731	366903	8	9	13	14	18	19	24	166	#
732	315464	1	2	3	4	8	9	14	166	#
733	604905	8	12	13	16	17	18	20	22	167	#
734	785403	10	11	12	16	17	20	21	22	167	#
735	739425	10	12	15	16	17	20	21	22	167	#
736	716339	10	12	15	16	17	20	22	23	167	#
737	671102	8	12	13	16	17	18	20	23	167	#
738	613771	8	10	11	12	15	16	17	20	167	#
739	307610	12	13	18	19	23	24	169	#
740	348013	2	3	8	9	13	18	169	#
741	336982	2	6	7	8	12	13	169	#
742	334278	8	9	12	13	18	19	169	#
743	306431	8	9	14	19	23	24	169	#
744	298174	8	12	18	19	22	23	169	#
745	1125682	0	1	2	3	4	5	6	7	9	10	11	12	14	15	16	18	20	170	#
746	1423003	0	2	3	4	5	6	10	11	13	14	16	17	18	19	20	22	24	170	#
747	1349421	0	1	5	6	10	11	12	14	15	16	17	18	19	20	21	22	23	170	#
748	1330876	0	1	2	5	6	10	11	13	14	16	17	18	19	21	22	23	24	170	#
749	1328156	0	1	2	3	4	5	6	9	10	12	13	14	17	18	19	22	23	170	#
750	1260023	0	1	2	3	4	5	6	9	10	11	14	15	16	17	18	19	20	170	#
751	143904	2	3	4	7	171	#
752	146773	2	7	8	12	171	#
753	136735	2	3	4	9	171	#
754	108803	5	6	7	8	171	#
755	1444062	1	2	5	6	7	8	9	10	11	12	13	14	15	16	18	19	20	21	22	23	24	172	#
756	1500329	0	1	2	5	6	7	8	10	11	12	14	15	16	17	18	19	20	21	22	23	24	172	#
757	1456463	0	1	2	5	6	7	8	10	11	12	13	15	16	17	18	19	20	21	22	23	24	172	#
758	1443774	0	1	2	4	5	7	8	9	12	13	14	15	16	17	18	19	20	21	22	23	24	172	#
759	1425588	2	4	5	6	7	8	9	10	11	12	13	15	16	17	18	19	20	21	22	23	24	172	#
760	1425541	1	4	5	6	7	8	9	10	11	12	13	14	15	16	18	19	20	21	22	23	24	172	#
761	625296	2	3	4	5	6	7	8	9	11	12	18	174	#
762	803645	7	8	10	11	12	16	17	18	19	22	23	174	#
763	693349	5	6	7	8	9	10	11	12	15	16	20	174	#
764	693226	3	6	7	8	9	11	12	16	17	18	20	174	#
765	689949	1	2	3	4	7	9	10	11	15	16	20	174	#
766	677180	2	3	4	5	6	7	8	9	10	11	14	174	#
767	1096392	7	10	12	13	14	15	16	17	18	19	21	22	23	175	#
768	1068301	1	2	5	6	14	16	17	18	19	21	22	23	24	175	#
769	1053771	2	7	8	12	13	14	16	17	18	19	22	23	24	175	#
770	1049854	2	5	7	8	10	12	14	15	16	17	19	20	24	175	#
771	1024364	8	12	13	14	16	17	18	19	20	21	22	23	24	175	#
772	1018855	6	11	12	15	16	17	18	19	20	21	22	23	24	175	#
773	690689	8	9	12	13	17	18	19	21	22	23	24	176	#
774	897149	2	3	9	12	14	17	18	21	22	23	24	176	#
775	814051	3	8	9	12	13	14	17	18	19	22	23	176	#
776	808909	1	6	11	12	14	17	18	19	22	23	24	176	#
777	790962	3	9	10	12	13	14	15	17	18	19	24	176	#
778	786178	3	4	8	9	12	13	14	17	18	22	23	176	#
779	643308	0	1	2	3	4	6	7	9	11	12	14	16	177	#
780	781482	0	1	5	6	10	11	14	16	18	19	20	21	177	#
781	727112	1	6	7	10	11	12	15	16	20	21	22	23	177	#
782	689087	0	1	2	5	6	7	12	15	16	18	20	23	177	#
783	680537	0	1	2	6	7	11	12	15	16	20	21	22	177	#
784	653031	0	1	2	5	6	7	10	11	12	15	16	20	177	#
785	301408	12	17	18	23	178	#
786	345326	12	18	19	23	178	#
787	295645	18	19	23	24	178	#
788	232880	7	12	17	18	178	#
789	425004	10	11	15	16	20	179	#
790	466581	12	16	17	18	19	179	#
791	455466	15	16	17	18	20	179	#
792	404682	11	15	16	21	22	179	#
793	394572	6	10	11	15	20	179	#
794	312071	16	17	21	180	#
795	247328	15	16	17	180	#
796	234720	11	16	21	180	#
797	224667	15	16	21	180	#
798	1433892	0	1	2	3	4	5	6	7	9	10	11	12	13	15	16	17	18	19	20	21	22	23	24	181	#
799	1480171	0	1	2	3	4	5	6	7	9	10	11	12	13	14	15	16	17	18	20	21	22	23	24	181	#
800	1472257	0	1	2	3	4	5	6	7	9	10	11	12	14	15	16	17	18	19	20	21	22	23	24	181	#
801	1464924	0	1	2	3	4	5	6	7	9	10	11	12	13	14	15	17	18	19	20	21	22	23	24	181	#
802	1454992	0	1	3	4	5	6	7	9	10	11	12	13	14	15	16	17	18	19	20	21	22	23	24	181	#
803	1446687	0	1	2	3	4	5	6	7	9	10	11	12	13	14	15	16	17	18	19	21	22	23	24	181	#
