%% File generated by CATS v.2.1Sun Mar 17 19:46:56 2019

%% The CATS webpage is http://robotics.stanford.edu/CATS

%% PARAMETER SETTINGS:
% Goods: 25; Bids: 800; Distribution: regions-upv; Runs: 10; Seed: 1552867254
% Regions Distribution Parameters:
% Max Substitutable Bids = 5
% Removing HV Neighbor   = 0.1
% Adding DIAG Neighbor   = 0.2
% Additional Location    = 0.9
% Jump Probability       = 0.05
% Additivity             = 0.2
% Budget Factor          = 1.5
% Resale Factor          = 0.5
% Uniform Private Value:
%   Deviation            = 0.5
%   Max Good Value       = 100



goods 25
bids 801
dummy 153

0	187459	0	5	25	#
1	141104	5	6	25	#
2	135305	0	#
3	317707	0	5	6	10	11	15	26	#
4	360928	1	5	6	11	12	17	26	#
5	298871	1	5	6	10	11	16	26	#
6	290351	1	5	6	10	11	19	26	#
7	274125	7	10	12	13	14	15	26	#
8	408963	6	8	9	10	11	12	13	14	16	17	18	27	#
9	510484	4	8	9	12	13	14	16	17	18	19	24	27	#
10	503230	4	8	9	12	13	14	17	18	19	22	24	27	#
11	496877	4	8	9	12	13	14	17	18	22	23	24	27	#
12	493372	8	9	12	13	14	17	18	19	22	23	24	27	#
13	480955	4	8	9	12	13	14	17	18	19	23	24	27	#
14	71131	16	#
15	417031	7	8	9	13	14	18	19	24	28	#
16	430330	2	3	4	8	9	12	13	14	28	#
17	426594	1	2	4	7	9	10	14	19	28	#
18	393625	4	9	12	13	14	18	19	24	28	#
19	370900	2	3	7	8	12	13	14	17	28	#
20	368562	8	13	14	18	19	22	23	24	28	#
21	445896	1	5	6	10	11	12	13	15	16	20	29	#
22	502814	0	1	2	5	6	7	11	12	16	17	29	#
23	445871	1	2	6	7	10	11	15	16	17	20	29	#
24	414146	1	2	6	7	8	9	13	18	23	24	29	#
25	410919	1	2	6	7	10	11	12	13	16	17	29	#
26	402709	1	2	3	4	5	6	7	8	11	12	29	#
27	257171	5	7	10	11	12	15	18	19	30	#
28	284116	15	16	17	18	20	21	22	23	30	#
29	242687	0	1	5	6	10	11	15	16	30	#
30	235245	10	11	12	15	16	17	18	22	30	#
31	183177	12	13	17	18	19	22	23	24	30	#
32	1042692	0	1	2	3	4	5	6	7	8	9	10	11	12	13	14	15	16	17	18	19	20	21	22	23	24	#
33	445271	1	6	7	8	11	12	13	16	17	21	31	#
34	620051	2	6	7	11	12	16	17	21	22	23	31	#
35	589329	1	2	6	7	11	12	16	17	21	22	31	#
36	575359	0	2	6	7	11	12	13	17	21	22	31	#
37	562701	1	2	5	6	7	11	12	16	17	22	31	#
38	507059	5	6	7	8	11	12	13	16	17	21	31	#
39	204809	16	17	22	#
40	304808	3	4	6	7	9	12	14	32	#
41	408722	14	17	18	19	22	23	24	32	#
42	351442	3	4	9	17	20	21	22	32	#
43	335811	7	12	17	18	22	23	24	32	#
44	311627	9	13	14	17	18	19	22	32	#
45	262766	1	2	3	6	7	12	21	32	#
46	618587	0	1	2	5	7	8	9	11	12	13	14	18	19	23	24	33	#
47	709042	2	4	7	9	12	13	14	16	18	19	20	21	22	23	24	33	#
48	683941	0	1	2	3	5	6	7	9	10	11	12	13	15	16	20	33	#
49	671992	0	1	2	3	4	5	6	7	9	10	11	12	13	14	16	33	#
50	661241	2	3	4	7	9	11	12	13	14	16	17	18	22	23	24	33	#
51	637411	0	1	2	3	4	5	6	7	8	9	11	12	16	17	20	33	#
52	90181	9	#
53	389012	2	3	7	8	9	12	13	14	17	19	22	24	34	#
54	477893	1	2	3	6	7	8	10	12	15	16	17	22	34	#
55	468934	1	2	3	5	6	7	8	12	13	17	21	22	34	#
56	444800	2	7	8	9	12	13	14	15	17	20	21	22	34	#
57	434997	1	2	3	5	6	7	8	10	11	12	15	20	34	#
58	427661	2	3	5	6	7	12	13	14	19	20	21	24	34	#
59	215139	0	5	10	15	35	#
60	317786	15	20	21	22	35	#
61	195680	0	5	6	11	35	#
62	190962	0	1	5	6	35	#
63	330024	0	5	6	10	11	15	36	#
64	356675	0	1	2	5	6	11	36	#
65	292875	0	5	6	10	11	12	36	#
66	229693	5	6	10	11	12	15	36	#
67	225685	5	6	7	10	11	15	36	#
68	79294	2	#
69	81017	5	10	11	37	#
70	105739	5	6	10	37	#
71	138363	10	15	#
72	61807	10	#
73	560842	1	2	3	4	6	7	8	9	13	14	18	19	22	23	24	38	#
74	695494	1	2	3	4	5	6	7	8	9	10	11	14	15	16	19	38	#
75	673659	1	2	3	4	5	6	7	8	9	10	11	12	14	15	19	38	#
76	647341	1	2	4	5	6	7	8	9	10	14	18	19	22	23	24	38	#
77	622395	0	1	2	3	4	5	6	7	8	9	13	14	18	19	24	38	#
78	606215	1	2	3	4	7	8	9	13	14	18	19	21	22	23	24	38	#
79	225111	5	6	10	11	16	17	21	39	#
80	319095	7	12	13	16	17	21	22	39	#
81	226082	6	7	11	12	13	16	17	39	#
82	223096	1	2	16	17	20	21	23	39	#
83	213806	6	10	11	15	16	20	21	39	#
84	213670	7	10	11	12	16	17	18	39	#
85	228324	2	8	12	13	17	18	40	#
86	329329	14	16	17	18	19	21	40	#
87	271291	9	12	13	14	17	18	40	#
88	208983	7	8	9	12	13	17	40	#
89	170648	4	7	8	9	12	13	40	#
90	815916	2	5	6	7	8	10	11	12	13	14	15	16	17	21	22	41	#
91	801529	1	2	3	5	6	7	8	9	10	11	12	14	15	16	17	41	#
92	793380	1	2	3	6	7	10	11	12	14	15	16	17	18	21	22	41	#
93	736758	1	2	3	5	6	7	8	9	11	12	13	17	21	22	23	41	#
94	730479	0	1	2	3	4	5	6	7	8	11	16	17	18	21	22	41	#
95	720379	1	2	3	4	5	6	7	8	11	12	16	17	21	22	23	41	#
96	303444	1	2	3	4	6	9	14	17	42	#
97	398662	2	3	4	9	12	13	14	19	42	#
98	378100	2	3	4	9	13	14	18	19	42	#
99	313630	4	6	9	11	12	13	17	22	42	#
100	259741	4	9	13	14	18	19	23	24	42	#
101	254117	4	8	9	12	13	14	15	17	42	#
102	161423	1	2	3	4	43	#
103	192523	1	2	5	6	43	#
104	98321	1	2	6	7	43	#
105	43947	12	#
106	473273	2	3	4	7	9	13	14	19	23	44	#
107	530031	2	3	4	7	9	13	14	18	19	44	#
108	513317	3	4	7	9	12	13	14	19	24	44	#
109	478482	3	4	8	9	13	14	18	19	24	44	#
110	464301	3	4	7	8	9	13	14	17	18	44	#
111	433573	13	14	17	18	19	21	22	23	24	44	#
112	525104	1	5	6	7	8	10	11	15	16	21	22	23	45	#
113	570085	2	3	5	6	7	10	11	15	16	20	21	22	45	#
114	527499	0	5	6	7	8	10	11	15	16	17	23	24	45	#
115	522846	1	2	3	5	6	7	8	10	11	12	15	16	45	#
116	497292	2	3	4	5	7	8	9	10	11	13	14	15	45	#
117	480712	0	1	2	3	5	6	7	10	11	12	16	17	45	#
118	690416	1	6	7	8	9	10	11	12	13	14	15	17	18	20	21	22	46	#
119	823190	0	1	3	4	5	6	7	8	9	10	12	13	14	17	18	22	46	#
120	817949	0	3	4	5	8	9	10	12	13	14	15	16	17	18	20	21	46	#
121	724735	0	1	5	6	7	8	10	11	12	13	15	17	18	20	21	22	46	#
122	710344	0	1	5	6	7	10	11	12	13	15	16	17	18	20	21	22	46	#
123	701152	5	6	8	9	10	11	12	13	14	15	16	17	18	20	21	22	46	#
124	417856	2	3	4	7	8	9	13	14	47	#
125	465200	2	3	4	8	9	12	13	14	47	#
126	387853	7	8	10	11	12	13	14	18	47	#
127	371069	4	9	11	12	13	17	18	22	47	#
128	369246	4	8	9	12	13	14	17	18	47	#
129	301169	1	2	3	4	7	8	9	24	47	#
130	894996	2	5	7	8	9	10	11	12	13	14	15	16	17	18	19	20	21	22	23	24	48	#
131	1007038	0	2	5	6	7	9	10	12	13	14	15	16	17	18	19	20	21	22	23	24	48	#
132	991427	1	5	6	7	9	10	11	12	13	14	15	16	17	18	19	20	21	22	23	24	48	#
133	987730	1	2	3	6	7	9	10	11	12	13	14	16	17	18	19	20	21	22	23	24	48	#
134	968309	1	2	6	7	9	10	11	12	13	14	15	16	17	18	19	20	21	22	23	24	48	#
135	963813	2	3	5	6	7	10	11	12	13	14	15	16	17	18	19	20	21	22	23	24	48	#
136	296111	2	3	4	9	49	#
137	289729	2	3	7	12	49	#
138	241893	2	3	4	7	49	#
139	187788	1	2	8	9	49	#
140	129915	14	19	24	50	#
141	131167	14	17	22	50	#
142	338037	3	4	7	8	9	14	51	#
143	311810	3	4	9	13	14	22	51	#
144	299784	7	8	9	12	13	14	51	#
145	267076	7	8	9	11	12	16	51	#
146	232726	3	4	6	7	8	9	51	#
147	173846	4	8	9	13	14	19	51	#
148	695277	5	8	10	11	12	13	14	15	16	17	18	19	21	52	#
149	748457	5	9	10	11	12	14	16	17	18	19	21	22	23	52	#
150	743979	10	11	12	13	14	15	16	17	18	19	21	22	23	52	#
151	724505	5	10	11	12	13	14	16	17	18	19	21	22	23	52	#
152	697735	9	10	11	12	13	14	15	16	17	18	19	22	23	52	#
153	675010	1	2	5	6	10	11	12	15	16	17	18	21	22	52	#
154	169199	16	20	21	#
155	158144	11	12	13	16	18	174	#
156	714594	0	1	2	3	4	5	9	14	18	19	21	22	23	54	#
157	723624	0	5	10	12	14	15	17	18	19	20	21	22	23	54	#
158	683713	1	2	3	7	9	12	14	17	18	19	20	21	22	54	#
159	609929	0	1	2	3	4	5	6	7	9	10	12	14	19	54	#
160	599006	1	2	3	4	7	9	12	14	17	18	19	21	22	54	#
161	595845	3	4	9	10	14	15	18	19	20	21	22	23	24	54	#
162	112351	18	19	24	55	#
163	103101	18	19	#
164	95164	12	17	18	55	#
165	81176	19	#
166	503223	0	5	10	11	16	17	21	22	56	#
167	456372	0	5	10	11	15	16	20	21	56	#
168	395599	0	1	5	6	7	10	11	12	56	#
169	392953	5	10	15	17	20	21	22	23	56	#
170	389993	10	11	12	15	17	20	21	22	56	#
171	368731	1	5	6	10	11	16	21	22	56	#
172	120511	13	18	19	57	#
173	140896	18	19	24	57	#
174	131024	7	12	13	57	#
175	86292	9	13	18	57	#
176	407692	1	5	6	11	16	20	21	22	58	#
177	451117	0	1	5	6	7	10	11	16	58	#
178	443410	5	10	11	16	17	20	21	22	58	#
179	380287	5	6	7	8	9	10	11	20	58	#
180	370257	0	1	5	6	7	10	11	12	58	#
181	345259	2	7	8	10	15	20	21	22	58	#
182	266063	10	11	15	16	17	20	21	22	59	#
183	382770	1	5	6	10	11	16	21	22	59	#
184	340706	6	7	10	11	16	20	21	22	59	#
185	332650	12	13	16	17	18	20	21	22	59	#
186	328455	13	16	17	18	19	20	21	22	59	#
187	316663	0	1	2	5	6	10	11	16	59	#
188	52548	23	#
189	44921	6	24	#
190	101752	14	#
191	289246	2	7	8	12	13	15	18	20	21	22	23	61	#
192	409085	0	1	5	6	7	11	12	13	16	21	22	61	#
193	401690	5	10	15	16	18	19	20	21	22	23	24	61	#
194	390721	11	12	13	14	16	18	19	21	22	23	24	61	#
195	385067	6	11	12	14	16	18	19	21	22	23	24	61	#
196	359014	7	8	12	13	14	18	19	21	22	23	24	61	#
197	206263	4	8	9	14	62	#
198	272446	9	13	14	19	62	#
199	241230	8	9	13	14	62	#
200	214333	3	4	9	14	62	#
201	189897	8	12	13	14	62	#
202	51705	8	#
203	314982	10	11	15	16	17	18	20	21	70	#
204	938643	1	2	3	4	5	6	7	9	10	11	12	15	16	17	19	20	22	23	24	64	#
205	1089879	0	1	2	3	4	5	6	7	9	10	11	12	14	16	17	19	20	21	22	64	#
206	1064224	0	1	2	3	5	6	7	8	9	10	11	13	14	15	16	17	19	22	23	64	#
207	1060630	0	1	2	3	5	6	7	8	9	11	13	14	16	17	19	20	21	23	24	64	#
208	1052742	0	1	2	3	4	5	6	7	9	10	11	12	13	14	15	16	17	20	22	64	#
209	1048747	0	1	2	3	4	5	6	7	9	10	11	12	13	14	16	17	19	20	21	64	#
210	114810	22	#
211	146680	12	13	14	16	17	18	19	#
212	336826	3	16	17	18	21	22	23	24	70	#
213	232674	16	20	21	22	66	#
214	245062	15	20	21	22	66	#
215	204004	12	16	17	22	66	#
216	179241	16	17	20	21	66	#
217	390721	2	3	4	6	7	8	9	11	12	14	67	#
218	402689	2	3	4	6	7	8	10	11	12	16	67	#
219	378028	2	3	4	6	7	8	9	12	14	17	67	#
220	374899	2	7	8	11	12	16	19	22	23	24	67	#
221	334706	9	10	11	12	13	14	17	18	22	23	67	#
222	325955	2	5	6	7	8	10	11	12	15	16	67	#
223	345378	7	8	11	12	13	14	17	19	22	68	#
224	357046	0	1	5	6	10	11	12	16	17	68	#
225	326148	2	3	6	7	8	12	17	22	23	68	#
226	315967	7	8	9	13	14	16	17	19	22	68	#
227	301407	2	7	10	11	12	13	14	15	20	68	#
228	289820	6	7	8	9	11	12	13	14	19	68	#
229	139265	17	22	69	#
230	105149	12	17	69	#
231	122748	12	16	17	18	23	174	#
232	333263	6	10	11	15	16	21	22	23	70	#
233	378186	0	10	11	15	16	18	19	24	70	#
234	375510	0	5	6	10	15	18	19	24	70	#
235	347206	0	1	2	5	6	10	11	15	70	#
236	82946	1	6	71	#
237	55838	1	2	71	#
238	33705	6	7	71	#
239	579284	0	1	5	6	7	10	11	12	16	17	18	20	21	22	23	72	#
240	654141	0	1	2	3	4	5	6	7	8	10	11	12	14	16	21	72	#
241	624020	0	1	2	3	5	6	7	8	10	11	12	15	16	17	22	72	#
242	601221	0	2	5	6	7	8	10	11	12	15	16	17	20	21	22	72	#
243	585644	2	3	4	6	7	10	11	12	16	17	18	20	21	22	23	72	#
244	561963	1	2	3	6	10	11	12	15	16	17	18	19	20	22	23	72	#
245	425169	13	14	16	17	18	19	21	22	23	24	73	#
246	552770	1	5	6	7	11	16	17	20	21	22	73	#
247	523674	0	7	12	13	16	17	18	19	22	23	73	#
248	414507	11	16	17	18	19	20	21	22	23	24	73	#
249	412523	8	13	14	16	17	18	21	22	23	24	73	#
250	399870	5	10	13	15	17	18	19	22	23	24	73	#
251	104090	19	23	24	#
252	93393	2	3	4	74	#
253	115096	1	2	3	74	#
254	196513	0	5	6	10	75	#
255	260431	0	5	6	7	75	#
256	195402	0	5	6	11	75	#
257	169215	0	5	10	11	75	#
258	107988	5	10	11	15	75	#
259	661909	9	10	11	12	13	14	16	17	18	19	20	21	22	24	76	#
260	761551	2	3	4	8	9	12	13	14	16	17	18	20	21	22	76	#
261	676490	2	3	4	10	12	15	16	17	18	19	20	21	22	24	76	#
262	670921	1	2	3	4	6	9	10	11	12	14	16	17	18	21	76	#
263	663139	0	5	6	10	11	14	15	16	17	18	19	20	21	22	76	#
264	652150	0	1	6	7	12	13	14	16	17	18	19	21	22	23	76	#
265	35415	1	#
266	80321	8	13	16	18	#
267	524207	5	7	8	10	11	12	16	17	18	21	22	78	#
268	622090	6	10	11	12	15	17	18	20	21	22	23	78	#
269	594560	6	10	11	12	15	19	20	21	22	23	24	78	#
270	579163	10	11	12	16	17	18	19	20	21	22	24	78	#
271	541418	2	5	6	7	10	11	12	16	17	20	21	78	#
272	525671	5	6	10	11	12	13	15	16	17	21	22	78	#
273	320618	2	9	13	14	18	19	23	24	79	#
274	443624	1	2	8	9	13	14	18	19	79	#
275	401014	1	2	3	4	5	8	9	13	79	#
276	356202	3	4	7	8	9	12	13	14	79	#
277	319110	4	8	9	13	14	17	18	19	79	#
278	294990	2	4	7	8	9	12	13	18	79	#
279	1014576	0	1	2	3	4	5	6	7	8	9	11	12	13	14	16	17	18	19	21	22	23	24	80	#
280	1050352	0	1	2	3	4	5	6	7	8	9	11	12	13	14	17	18	19	20	21	22	23	24	80	#
281	1005876	0	1	2	3	4	5	6	7	8	10	11	12	13	14	15	17	18	19	20	21	22	24	80	#
282	997719	0	1	2	3	4	5	6	7	8	9	10	11	12	13	14	17	18	19	21	22	23	24	80	#
283	984098	0	1	2	3	4	5	6	7	8	10	11	12	13	14	15	17	18	19	21	22	23	24	80	#
284	982559	0	1	2	3	4	5	6	7	8	9	11	12	13	14	15	16	17	18	19	20	21	24	80	#
285	385167	2	8	9	13	17	18	19	22	23	24	81	#
286	442066	2	7	8	9	12	13	14	16	17	22	81	#
287	440345	8	9	12	13	16	17	18	19	22	24	81	#
288	407346	8	9	10	11	12	13	14	16	17	19	81	#
289	384883	12	13	14	16	17	18	19	22	23	24	81	#
290	368268	8	12	13	14	17	18	19	22	23	24	81	#
291	212064	4	8	9	14	82	#
292	288515	9	13	14	19	82	#
293	270048	9	14	19	24	82	#
294	206009	7	8	9	13	82	#
295	187191	4	9	13	14	82	#
296	751465	3	4	5	6	7	8	9	10	11	12	13	14	16	17	18	19	21	22	23	24	83	#
297	872951	0	2	3	4	5	7	8	9	10	11	12	13	14	16	17	19	21	22	23	24	83	#
298	845913	0	1	2	5	6	8	9	10	11	12	13	14	15	16	17	19	21	22	23	24	83	#
299	837193	0	2	3	4	5	6	7	8	9	10	11	12	13	14	15	16	18	19	23	24	83	#
300	810665	0	2	3	4	5	6	7	8	9	10	11	12	13	14	15	16	17	18	21	23	83	#
301	799599	0	4	5	6	8	9	10	11	12	13	14	15	16	17	18	19	21	22	23	24	83	#
302	36546	4	#
303	126093	18	19	24	84	#
304	171732	14	19	24	84	#
305	153477	22	23	24	84	#
306	110510	18	23	24	84	#
307	539903	4	8	9	11	12	13	14	16	17	18	19	23	24	85	#
308	765447	8	9	12	13	14	16	17	18	19	21	22	23	24	85	#
309	699806	5	6	7	9	12	13	14	17	18	19	22	23	24	85	#
310	699494	3	4	7	8	9	12	13	14	18	19	22	23	24	85	#
311	678724	2	3	4	8	9	12	13	14	17	18	19	22	24	85	#
312	650826	0	5	6	7	8	9	12	13	14	18	19	23	24	85	#
313	94598	5	16	86	#
314	113866	0	5	86	#
315	326392	8	9	11	13	14	16	17	18	19	21	24	151	#
316	358209	12	13	16	17	18	21	22	87	#
317	440354	14	17	19	21	22	23	24	87	#
318	415700	12	16	17	20	21	22	23	87	#
319	375530	11	12	16	17	18	21	22	87	#
320	312947	5	6	10	11	16	17	22	87	#
321	310300	7	8	12	16	17	18	21	87	#
322	299948	16	21	22	23	88	#
323	347657	16	20	21	22	88	#
324	269552	15	16	20	21	88	#
325	250085	11	12	16	21	88	#
326	231419	18	19	22	23	88	#
327	184888	8	9	13	14	18	19	23	89	#
328	226084	8	13	14	18	19	23	24	89	#
329	224123	1	6	8	11	12	13	18	89	#
330	150494	3	4	7	8	9	12	13	89	#
331	470115	5	6	7	8	9	10	11	12	13	14	15	16	17	18	19	20	21	24	90	#
332	656703	0	1	2	3	5	6	7	8	9	11	12	13	14	16	17	18	19	22	90	#
333	654110	2	3	6	7	8	9	10	11	12	13	14	16	17	18	19	20	21	22	90	#
334	647614	2	3	5	6	7	8	10	11	12	13	14	16	17	18	19	20	21	22	90	#
335	644428	0	1	2	3	5	6	7	8	10	11	12	13	15	16	18	19	20	21	90	#
336	632539	0	2	3	5	6	10	11	12	13	15	16	17	18	19	20	21	22	23	90	#
337	421321	1	2	5	6	7	10	11	15	16	20	91	#
338	594588	0	1	2	3	5	6	10	11	15	16	91	#
339	529904	1	2	3	5	6	10	11	15	20	21	91	#
340	511474	1	5	6	10	11	15	16	17	21	22	91	#
341	489649	0	1	2	5	6	7	10	15	20	21	91	#
342	486929	1	5	6	10	11	15	16	20	21	22	91	#
343	542522	8	9	13	14	16	17	18	19	20	21	22	23	24	92	#
344	587638	0	6	9	11	14	16	17	18	19	21	22	23	24	92	#
345	560126	7	8	12	13	14	16	17	18	19	21	22	23	24	92	#
346	558619	8	9	12	13	14	16	17	18	19	21	22	23	24	92	#
347	552603	9	12	13	14	16	17	18	19	20	21	22	23	24	92	#
348	547610	7	8	9	12	13	14	16	17	18	19	22	23	24	92	#
349	739879	1	5	6	7	8	9	10	11	12	13	14	15	16	18	19	20	21	23	24	93	#
350	861238	0	1	5	6	7	8	9	10	11	12	13	14	15	16	18	19	21	23	24	93	#
351	840350	0	1	2	3	5	6	7	8	9	10	11	12	13	14	16	18	19	21	23	93	#
352	825310	0	1	2	5	6	7	8	9	10	11	12	13	14	18	19	21	22	23	24	93	#
353	819952	0	1	2	5	6	7	8	9	10	11	12	13	14	16	18	19	21	23	24	93	#
354	817031	0	1	2	3	5	6	7	8	9	10	11	12	13	15	16	18	21	22	23	93	#
355	367065	0	5	6	10	11	15	20	94	#
356	383079	0	5	6	10	11	15	16	94	#
357	344995	8	9	13	14	15	19	24	94	#
358	343974	0	5	6	10	11	12	17	94	#
359	309708	6	7	10	11	12	15	16	94	#
360	306009	7	8	10	11	12	15	16	94	#
361	434305	0	5	10	11	15	17	21	22	95	#
362	503238	5	10	11	12	15	20	21	22	95	#
363	502728	5	10	11	15	16	20	21	22	95	#
364	492759	3	10	11	15	16	20	21	22	95	#
365	436680	12	15	16	17	20	21	22	23	95	#
366	404061	10	11	12	16	17	18	21	22	95	#
367	600688	5	7	8	10	11	12	13	14	15	16	17	18	19	20	21	22	23	24	96	#
368	888295	0	1	2	3	4	5	6	7	9	10	12	14	15	16	17	18	19	20	96	#
369	800464	0	4	5	7	9	10	12	13	14	15	16	17	18	19	21	22	23	24	96	#
370	791663	0	1	2	5	6	7	9	10	12	13	14	15	16	17	18	19	21	22	96	#
371	765545	0	1	2	3	5	6	7	10	11	12	13	14	16	17	18	19	21	22	96	#
372	744730	0	2	3	5	6	7	10	11	12	13	14	16	17	18	19	22	23	24	96	#
373	551807	0	5	6	7	10	11	16	22	23	97	#
374	569755	0	2	5	6	7	10	11	16	21	97	#
375	550176	0	5	6	10	11	12	13	16	21	97	#
376	523397	5	6	7	10	11	12	16	21	22	97	#
377	507390	1	2	5	6	7	11	16	21	22	97	#
378	500644	0	2	5	7	10	11	16	17	21	97	#
379	918616	0	1	2	3	5	6	7	8	9	10	11	12	14	15	16	17	20	21	22	23	98	#
380	953485	0	1	2	3	4	5	6	7	8	9	11	12	13	14	16	18	20	21	22	23	98	#
381	906898	0	1	2	3	5	6	7	8	11	12	13	14	16	17	18	20	21	22	23	24	98	#
382	899373	0	1	2	3	4	5	6	7	8	9	11	12	13	14	16	18	20	21	23	24	98	#
383	898284	0	1	2	3	4	5	6	7	8	9	10	11	12	13	14	16	18	20	21	23	98	#
384	884220	0	1	2	3	4	5	6	7	8	10	11	12	13	14	15	16	18	20	21	22	98	#
385	344725	1	2	6	11	16	21	99	#
386	278927	6	10	11	12	16	21	99	#
387	276885	10	11	16	20	21	22	99	#
388	269761	1	2	6	11	17	18	99	#
389	255476	1	5	6	7	11	12	99	#
390	216473	1	6	10	11	16	17	99	#
391	245246	3	4	9	14	100	#
392	191112	3	4	8	9	100	#
393	620699	1	2	3	4	6	7	8	9	11	12	13	14	19	101	#
394	643881	1	2	4	5	6	7	8	9	10	12	14	15	17	101	#
395	620857	1	2	3	5	6	7	8	9	10	11	13	14	15	101	#
396	596352	1	2	6	7	8	9	11	12	13	14	15	17	19	101	#
397	586789	1	2	3	4	5	6	7	8	9	10	11	12	15	101	#
398	582239	1	2	3	4	7	8	9	12	13	14	18	19	24	101	#
399	511126	2	3	4	5	6	7	8	9	11	12	13	14	16	17	18	102	#
400	688213	0	2	3	4	5	6	7	9	10	11	16	17	20	21	22	102	#
401	679501	3	4	5	7	8	9	11	13	14	16	17	18	19	22	23	102	#
402	666036	0	2	3	4	5	6	7	8	9	11	12	13	16	17	22	102	#
403	634197	2	3	4	7	8	9	11	12	13	14	17	18	19	22	23	102	#
404	622302	2	3	4	7	8	9	11	12	13	16	17	18	19	22	23	102	#
405	403283	6	11	12	16	17	21	22	23	24	103	#
406	509264	9	12	14	17	18	21	22	23	24	103	#
407	480893	11	15	16	17	20	21	22	23	24	103	#
408	441681	9	12	16	17	18	21	22	23	24	103	#
409	436196	11	16	17	18	20	21	22	23	24	103	#
410	417315	0	12	16	17	18	21	22	23	24	103	#
411	196531	1	2	6	7	12	104	#
412	250415	1	2	3	6	7	104	#
413	197326	7	11	12	13	14	104	#
414	197069	1	2	3	4	6	104	#
415	172991	2	6	7	11	16	104	#
416	84084	5	6	7	10	11	104	#
417	412664	1	2	3	4	6	7	11	12	16	105	#
418	532534	1	2	3	4	7	8	9	14	19	105	#
419	513376	1	2	3	4	7	8	9	12	14	105	#
420	467268	1	2	3	4	6	7	8	9	11	105	#
421	417400	1	2	3	6	7	8	11	19	24	105	#
422	414166	2	7	8	9	11	12	13	14	16	105	#
423	154000	16	17	18	21	106	#
424	142143	12	13	14	18	106	#
425	77919	10	11	16	17	106	#
426	158156	10	11	12	16	17	174	#
427	1290057	0	1	2	3	4	5	6	7	8	9	10	11	12	13	14	15	16	18	19	20	21	22	23	24	107	#
428	1277385	0	1	2	3	5	6	7	8	9	10	11	12	13	14	15	16	17	18	19	20	21	22	23	24	107	#
429	1264841	0	1	2	3	4	5	6	7	8	9	11	12	13	14	15	16	17	18	19	20	21	22	23	24	107	#
430	1235950	0	1	2	3	4	5	6	7	8	9	10	11	12	13	14	15	16	17	18	19	20	21	22	23	107	#
431	1197238	0	1	2	3	4	5	6	7	8	9	10	11	12	13	14	16	17	18	19	20	21	22	23	24	107	#
432	1172248	0	1	2	3	4	5	6	7	8	9	10	11	12	13	14	15	16	17	18	19	20	22	23	24	107	#
433	516108	2	7	8	10	11	12	15	16	17	18	19	20	21	22	23	24	108	#
434	571118	5	6	7	8	10	11	12	14	15	18	19	20	21	22	23	24	108	#
435	567558	6	7	8	9	10	11	12	14	15	17	19	20	21	22	23	24	108	#
436	548374	2	3	6	7	8	10	11	12	13	14	17	18	19	22	23	24	108	#
437	543444	1	2	3	6	7	8	10	11	12	15	17	20	21	22	23	24	108	#
438	541095	2	7	8	10	11	12	13	14	16	17	18	19	21	22	23	24	108	#
439	691336	1	3	4	6	8	9	10	11	13	14	16	17	18	19	20	21	23	24	109	#
440	691262	1	3	4	5	6	7	10	11	12	15	16	17	18	19	20	21	22	23	109	#
441	686427	3	4	8	9	10	11	13	14	15	16	17	18	19	20	21	22	23	24	109	#
442	680385	0	1	5	6	7	9	10	11	12	13	14	15	16	17	18	19	20	21	109	#
443	675504	0	1	2	3	4	5	6	7	8	9	10	11	12	16	17	20	21	22	109	#
444	674328	3	4	7	8	9	11	12	13	14	16	17	18	19	20	21	22	23	24	109	#
445	756315	2	6	7	8	9	12	13	15	18	19	20	21	22	23	110	#
446	695876	2	3	6	7	8	9	11	12	13	17	21	22	23	24	110	#
447	690894	2	5	6	7	8	9	10	11	12	13	15	16	20	21	110	#
448	688723	2	3	7	8	12	13	15	17	18	19	20	21	22	23	110	#
449	647293	2	3	7	8	9	12	13	17	18	19	21	22	23	24	110	#
450	641533	5	6	7	8	10	11	12	13	15	17	20	21	22	23	110	#
451	152417	1	2	6	11	111	#
452	224352	1	6	11	16	111	#
453	152120	5	6	7	12	111	#
454	134732	1	2	7	12	111	#
455	126888	11	12	16	17	111	#
456	667948	5	6	8	9	10	11	12	13	14	15	16	17	18	20	21	22	23	24	112	#
457	830499	1	2	5	6	7	9	10	11	14	15	16	17	18	20	21	22	23	24	112	#
458	809844	0	4	5	6	8	9	10	11	13	14	15	16	18	20	21	22	23	24	112	#
459	761978	1	2	4	6	8	9	10	13	14	15	17	18	19	20	21	22	23	24	112	#
460	749063	1	5	6	9	10	11	12	13	14	15	16	17	18	20	21	22	23	24	112	#
461	736738	0	1	2	5	6	7	10	11	12	15	16	17	18	20	21	22	23	24	112	#
462	265657	6	11	16	17	22	23	24	113	#
463	387437	6	7	20	21	22	23	24	113	#
464	356501	12	17	20	21	22	23	24	113	#
465	294776	6	7	10	11	12	16	21	113	#
466	271371	6	10	11	12	15	16	21	113	#
467	258333	6	7	11	12	16	17	21	113	#
468	451036	6	7	10	11	12	13	14	15	18	19	23	24	114	#
469	614629	3	4	6	9	10	11	12	14	15	19	20	24	114	#
470	607049	8	10	13	14	15	18	19	20	21	22	23	24	114	#
471	564488	1	6	8	10	11	12	13	15	16	20	21	22	114	#
472	563437	3	4	9	13	14	16	18	19	21	22	23	24	114	#
473	511572	1	2	3	4	6	7	8	9	12	13	14	18	114	#
474	347126	10	15	20	21	22	23	115	#
475	403447	2	3	4	20	21	22	115	#
476	343081	5	10	11	15	20	21	115	#
477	311018	15	16	20	21	22	23	115	#
478	291764	0	5	10	11	15	16	115	#
479	273046	11	12	13	16	21	22	115	#
480	329569	1	6	9	11	12	13	14	16	17	18	116	#
481	482825	0	1	5	6	7	10	11	12	16	17	116	#
482	459669	1	5	6	10	11	12	16	17	18	22	116	#
483	420707	11	12	13	15	16	17	18	20	21	22	116	#
484	414257	1	2	3	4	5	6	7	8	9	11	116	#
485	371703	11	12	13	14	16	17	18	19	21	22	116	#
486	295261	0	1	5	6	7	117	#
487	290253	0	5	10	13	15	117	#
488	265600	5	6	7	10	11	117	#
489	122298	2	5	6	7	8	117	#
490	638515	0	1	2	3	4	5	6	7	8	9	11	12	13	17	21	22	23	118	#
491	729072	0	1	2	3	4	5	6	7	8	9	11	12	16	21	22	23	24	118	#
492	704098	0	1	2	5	6	7	8	9	11	12	17	18	20	21	22	23	24	118	#
493	659959	0	4	5	6	7	8	9	11	12	13	14	17	18	20	22	23	24	118	#
494	657539	0	1	2	3	4	5	6	7	8	9	11	12	17	18	22	23	24	118	#
495	655633	0	1	2	3	4	5	6	7	8	9	11	12	13	14	17	21	22	118	#
496	267872	3	4	9	14	119	#
497	202829	3	4	8	9	119	#
498	147326	4	8	9	14	119	#
499	390933	0	3	4	5	6	9	14	120	#
500	478321	1	2	3	6	7	8	9	120	#
501	398300	7	8	9	13	14	18	22	120	#
502	384784	1	2	3	6	7	11	16	120	#
503	332075	1	2	3	4	6	7	11	120	#
504	311202	0	5	6	7	10	12	15	120	#
505	116287	20	21	#
506	66956	11	12	121	#
507	41742	7	12	121	#
508	423470	8	9	13	14	16	17	18	19	21	22	24	151	#
509	614901	3	4	9	12	14	15	17	18	19	22	23	24	122	#
510	733120	4	5	6	9	14	16	17	18	19	21	22	23	122	#
511	692778	3	4	5	9	14	16	17	18	19	22	23	24	122	#
512	691370	9	13	14	16	17	18	19	20	21	22	23	24	122	#
513	670006	5	9	10	11	13	14	16	17	20	21	22	23	122	#
514	635584	4	9	12	14	16	17	18	19	21	22	23	24	122	#
515	484519	6	7	8	11	12	13	16	17	18	19	20	21	22	23	24	123	#
516	705060	1	5	6	7	8	12	13	14	16	17	18	21	22	23	24	123	#
517	683707	2	5	6	10	11	12	13	14	15	17	18	19	22	23	24	123	#
518	647782	1	2	3	5	6	7	8	10	11	12	13	17	18	22	23	123	#
519	639322	5	6	8	9	10	11	12	13	14	17	18	19	22	23	24	123	#
520	639250	1	2	6	7	8	11	12	13	14	17	18	21	22	23	24	123	#
521	73920	6	7	11	16	#
522	427534	1	5	6	10	11	13	14	16	17	18	21	151	#
523	582126	7	8	11	12	13	14	17	18	19	20	21	22	23	24	125	#
524	693872	8	9	12	13	14	16	17	18	19	20	21	22	23	24	125	#
525	681759	7	8	9	13	14	16	17	18	19	20	21	22	23	24	125	#
526	673421	8	12	13	14	15	16	17	18	19	20	21	22	23	24	125	#
527	661308	7	8	13	14	15	16	17	18	19	20	21	22	23	24	125	#
528	647112	7	8	9	12	13	14	16	17	18	19	21	22	23	24	125	#
529	368594	4	8	9	13	16	17	18	21	22	126	#
530	380265	4	8	9	13	14	17	18	22	23	126	#
531	307969	2	4	7	8	9	13	14	18	19	126	#
532	296838	4	8	9	13	14	18	19	23	24	126	#
533	268550	7	8	16	17	19	21	22	23	24	126	#
534	259327	10	11	16	17	18	21	22	23	24	126	#
535	141723	4	6	7	127	#
536	154470	4	9	14	127	#
537	126112	6	7	11	127	#
538	122691	1	6	7	127	#
539	176489	4	8	9	13	14	174	#
540	114216	16	21	#
541	313346	7	11	12	13	14	18	19	23	129	#
542	416382	9	13	14	18	19	22	23	24	129	#
543	399005	13	14	15	18	20	22	23	24	129	#
544	396612	8	13	14	18	19	22	23	24	129	#
545	376324	2	3	7	11	16	21	22	23	129	#
546	369775	8	9	13	14	18	19	23	24	129	#
547	87387	21	#
548	738668	1	2	3	4	5	6	7	8	9	10	11	13	14	17	18	19	22	23	130	#
549	913046	0	1	2	3	4	5	6	10	11	15	16	17	18	19	20	21	22	23	130	#
550	881524	0	1	2	3	4	5	6	7	8	10	11	15	16	17	20	21	22	23	130	#
551	834204	0	1	2	3	4	5	6	7	8	10	11	12	13	15	17	20	21	22	130	#
552	830523	0	1	2	3	4	5	6	7	8	9	10	11	12	15	16	17	22	23	130	#
553	792964	1	3	4	5	6	7	8	9	10	11	12	14	15	16	17	20	22	23	130	#
554	80546	7	8	#
555	485757	1	2	3	5	6	7	10	11	12	13	16	131	#
556	665112	0	1	2	3	5	6	7	8	10	12	22	131	#
557	540115	1	2	5	6	7	10	11	12	17	21	22	131	#
558	527813	1	2	3	4	6	7	9	12	14	17	19	131	#
559	526551	2	5	6	7	8	10	11	12	16	17	22	131	#
560	506549	1	2	3	5	6	7	8	10	11	12	17	131	#
561	572867	8	9	14	15	17	18	19	20	21	22	23	24	132	#
562	598813	5	6	11	16	17	18	19	20	21	22	23	24	132	#
563	555660	1	5	6	11	13	14	16	17	18	19	21	22	132	#
564	547287	5	10	11	12	15	16	17	18	20	21	22	23	132	#
565	546226	13	14	15	16	17	18	19	20	21	22	23	24	132	#
566	540725	12	13	14	15	17	18	19	20	21	22	23	24	132	#
567	520040	0	1	2	3	4	5	6	7	8	10	133	#
568	642707	1	2	3	4	6	7	8	9	14	19	133	#
569	592456	0	1	2	3	4	5	6	7	8	9	133	#
570	587302	1	2	3	4	6	7	8	9	12	14	133	#
571	577640	0	1	5	6	7	8	9	10	14	15	133	#
572	557200	1	3	4	6	7	8	9	11	14	19	133	#
573	262062	11	16	21	22	134	#
574	274408	10	11	16	21	134	#
575	196405	15	16	20	21	134	#
576	164601	11	12	16	17	135	#
577	167409	16	17	18	21	135	#
578	145783	6	10	11	15	135	#
579	54987	12	13	#
580	26920	13	#
581	399179	1	2	3	4	6	7	8	9	11	12	13	136	#
582	557735	0	2	3	5	6	7	11	12	13	16	20	136	#
583	529215	1	2	3	4	5	6	7	9	11	12	16	136	#
584	528147	1	2	3	7	8	9	12	13	18	19	24	136	#
585	516678	0	1	2	3	4	5	6	7	8	9	12	136	#
586	511214	1	2	3	4	6	7	9	11	12	13	16	136	#
587	238009	5	6	7	8	11	12	13	14	16	17	18	19	137	#
588	347392	0	5	6	10	11	12	15	16	17	18	19	21	137	#
589	315411	0	5	6	7	8	10	11	12	13	15	16	17	137	#
590	283473	11	12	13	14	16	17	18	19	21	22	23	24	137	#
591	280144	3	4	7	8	9	12	13	14	17	18	19	24	137	#
592	265976	6	7	8	11	12	13	14	16	17	18	19	22	137	#
593	239241	11	12	16	17	21	22	138	#
594	307240	7	8	9	16	20	21	138	#
595	280965	16	20	21	22	23	24	138	#
596	237520	7	12	13	16	17	21	138	#
597	233329	13	14	16	17	18	23	138	#
598	200469	6	7	11	12	16	17	138	#
599	360642	10	11	12	14	16	17	18	19	21	22	139	#
600	477676	1	2	6	7	10	11	16	17	21	22	139	#
601	439013	1	2	7	12	13	14	17	18	22	24	139	#
602	437177	2	4	7	8	9	14	18	19	23	24	139	#
603	433591	0	5	10	15	16	18	20	21	22	23	139	#
604	427263	7	12	14	16	17	18	19	21	22	23	139	#
605	516308	1	2	3	4	5	6	7	9	11	14	19	140	#
606	596644	1	2	3	5	6	7	10	11	16	21	22	140	#
607	589671	0	1	2	3	5	6	7	10	11	15	16	140	#
608	586202	0	1	2	5	6	7	11	19	22	23	24	140	#
609	540530	0	1	2	5	6	7	10	11	12	13	16	140	#
610	520640	1	2	3	4	5	6	7	13	14	18	19	140	#
611	325589	5	12	16	17	18	22	23	141	#
612	324086	10	11	12	16	20	21	22	141	#
613	270953	0	5	6	7	8	9	12	141	#
614	268753	7	8	11	12	16	17	22	141	#
615	254314	13	14	18	19	22	23	24	141	#
616	233150	2	7	8	11	12	13	16	141	#
617	504065	7	8	9	10	11	12	13	15	16	20	142	#
618	525146	0	7	10	11	12	15	16	17	20	21	142	#
619	514877	7	8	9	10	11	12	13	14	15	19	142	#
620	477566	7	8	9	11	12	13	14	18	19	24	142	#
621	477032	4	7	8	9	12	13	14	18	19	24	142	#
622	452582	0	5	6	7	10	11	12	13	18	19	142	#
623	346468	6	7	8	12	13	14	18	19	23	24	143	#
624	505306	2	7	11	12	13	14	18	19	21	22	143	#
625	469803	2	3	6	7	8	11	12	13	14	17	143	#
626	403584	1	2	7	8	9	11	12	13	14	16	143	#
627	398896	6	7	8	9	12	13	14	17	18	19	143	#
628	382235	4	8	9	12	13	14	17	18	22	23	143	#
629	877299	1	2	3	4	7	8	9	10	11	12	13	14	15	16	17	18	19	20	21	22	23	24	144	#
630	1066773	0	1	2	3	4	5	9	10	11	12	13	14	15	16	17	18	19	20	21	22	23	24	144	#
631	1054816	0	1	2	3	4	5	7	9	10	11	12	13	14	15	16	17	18	19	20	21	22	23	144	#
632	1025688	0	1	2	3	4	5	6	7	8	9	10	11	12	13	14	15	16	17	19	21	22	23	144	#
633	990481	0	1	2	3	4	5	6	7	9	10	11	12	13	14	15	16	17	18	19	22	23	24	144	#
634	985345	0	2	3	4	5	7	8	9	10	11	12	13	14	15	16	17	18	19	21	22	23	24	144	#
635	274435	1	2	3	4	7	8	9	11	12	16	17	145	#
636	408230	0	1	2	3	4	5	6	7	8	9	13	145	#
637	391655	1	2	3	4	6	7	8	9	13	14	19	145	#
638	372059	1	2	3	4	6	8	9	13	14	18	19	145	#
639	353198	1	2	3	4	6	7	8	9	13	18	23	145	#
640	328328	1	2	3	4	6	7	8	9	11	12	14	145	#
641	364612	7	8	9	13	14	18	19	22	23	24	146	#
642	527016	6	7	9	11	12	13	14	16	17	19	146	#
643	504916	2	3	5	6	7	11	12	13	16	17	146	#
644	493872	3	4	7	8	9	12	13	14	18	19	146	#
645	482952	3	4	9	13	14	17	18	19	22	23	146	#
646	374412	6	7	12	16	17	18	21	22	23	24	146	#
647	470627	4	7	8	9	11	12	13	14	16	17	18	19	23	147	#
648	623920	5	10	11	12	13	14	15	16	17	18	19	22	23	147	#
649	561848	6	8	9	11	12	13	14	16	17	18	19	21	22	147	#
650	557658	5	6	9	10	11	12	13	14	16	17	18	19	23	147	#
651	555850	1	2	7	8	9	12	13	14	16	17	18	19	22	147	#
652	554286	6	7	8	9	10	11	12	13	14	16	17	18	19	147	#
653	276895	5	6	7	11	16	148	#
654	322939	0	1	5	6	11	148	#
655	257360	1	5	6	11	16	148	#
656	232508	4	6	7	11	16	148	#
657	206920	6	7	8	18	19	148	#
658	552204	6	7	8	10	11	12	13	14	15	16	17	18	19	20	21	22	23	24	149	#
659	761730	1	2	3	4	5	8	10	11	12	13	15	16	17	18	19	20	21	22	149	#
660	744250	2	3	5	7	8	10	11	12	13	15	16	17	18	19	20	22	23	24	149	#
661	742335	0	5	9	10	11	12	13	14	15	16	17	18	19	20	21	22	23	24	149	#
662	731261	1	2	3	5	6	7	8	10	11	12	13	14	15	16	17	21	22	23	149	#
663	725692	0	1	2	5	8	10	11	12	13	15	16	17	18	19	20	21	22	23	149	#
664	216808	14	17	18	19	23	24	150	#
665	276279	13	14	18	22	23	24	150	#
666	271014	12	13	14	18	19	24	150	#
667	270322	12	13	14	18	23	24	150	#
668	265359	13	14	18	19	23	24	150	#
669	257458	13	14	18	19	22	23	150	#
670	320921	7	8	9	12	13	14	17	18	19	21	22	151	#
671	461526	5	10	11	12	13	14	16	17	18	21	22	151	#
672	434835	11	13	14	15	16	17	18	19	21	22	24	151	#
673	278212	7	12	17	18	21	22	152	#
674	281734	2	7	16	17	21	22	152	#
675	272798	1	2	3	7	11	12	152	#
676	216414	13	16	18	21	22	23	152	#
677	212340	7	11	12	13	14	17	152	#
678	203428	11	16	17	18	21	22	152	#
679	950214	0	1	2	3	4	5	6	7	8	9	10	11	12	13	14	15	17	18	19	23	24	153	#
680	1023346	0	1	2	3	4	5	6	7	8	9	10	11	12	13	14	15	17	18	21	22	23	153	#
681	986051	0	1	2	4	5	6	7	8	9	10	11	12	13	14	15	17	18	19	21	22	23	153	#
682	973442	0	1	2	3	4	5	6	7	8	9	10	11	12	13	14	15	17	18	19	20	23	153	#
683	969274	0	1	2	4	5	6	7	8	9	10	11	12	13	14	15	17	18	19	20	21	22	153	#
684	949037	0	1	2	5	6	7	8	9	10	11	12	13	14	15	17	18	19	20	21	23	24	153	#
685	239979	1	2	3	6	154	#
686	276419	1	2	3	7	154	#
687	243710	2	3	7	8	154	#
688	242646	2	3	4	7	154	#
689	583980	6	9	11	12	13	14	16	17	18	19	20	21	22	23	24	155	#
690	681137	1	9	10	11	12	14	15	16	18	19	20	21	22	23	24	155	#
691	680354	0	4	5	6	9	10	14	15	16	18	19	21	22	23	24	155	#
692	636836	9	10	11	12	14	15	16	17	18	19	20	21	22	23	24	155	#
693	632379	1	2	3	4	6	7	9	11	12	14	17	18	19	22	23	155	#
694	620296	9	11	12	13	14	15	16	17	18	19	20	21	22	23	24	155	#
695	167199	6	7	11	12	156	#
696	214132	1	6	7	12	156	#
697	192167	1	6	11	16	156	#
698	811951	0	1	2	3	5	6	7	8	9	10	11	12	13	14	15	16	17	18	20	22	158	#
699	860609	0	1	2	3	4	5	6	9	10	11	12	13	14	15	16	17	18	20	21	22	158	#
700	854275	0	1	2	3	4	5	6	7	9	11	12	13	14	15	16	17	18	20	21	22	158	#
701	753586	0	1	5	6	7	9	10	11	12	13	14	15	16	17	18	19	20	21	22	24	158	#
702	730912	0	1	2	5	6	10	11	12	13	14	15	16	17	18	19	20	21	22	23	24	158	#
703	730391	0	1	4	5	6	9	10	11	12	13	14	15	16	17	18	20	21	22	23	24	158	#
704	220559	13	14	18	19	23	159	#
705	282714	18	19	21	22	23	159	#
706	223527	9	13	14	18	19	159	#
707	218222	8	18	19	22	23	159	#
708	97034	16	17	18	19	24	159	#
709	57483	1	6	12	13	18	159	#
710	409294	8	10	11	12	13	14	15	16	17	18	19	21	22	23	160	#
711	457700	3	4	7	8	9	11	12	13	14	16	17	18	21	22	160	#
712	443539	1	2	6	7	10	11	12	13	14	16	17	18	22	23	160	#
713	438966	2	7	8	9	12	13	14	16	17	18	20	21	22	23	160	#
714	411456	6	7	8	10	11	12	13	14	16	17	18	21	22	23	160	#
715	402441	0	1	2	5	6	7	8	9	10	11	12	13	14	18	160	#
716	328729	10	15	16	20	21	22	23	161	#
717	406286	2	15	20	21	22	23	24	161	#
718	361106	16	17	20	21	22	23	24	161	#
719	308160	5	10	15	16	20	21	22	161	#
720	288548	7	11	16	21	22	23	24	161	#
721	221482	6	11	16	19	20	21	22	161	#
722	726834	0	1	2	3	4	5	6	7	8	9	10	11	12	13	14	16	17	18	19	20	21	22	23	24	162	#
723	713227	0	1	2	3	4	5	6	7	8	9	10	11	12	13	14	15	17	18	19	20	21	22	23	24	162	#
724	710872	0	1	2	3	4	6	7	8	9	10	11	12	13	14	15	16	17	18	19	20	21	22	23	24	162	#
725	679929	1	2	3	4	5	6	7	8	9	10	11	12	13	14	15	16	17	18	19	20	21	22	23	24	162	#
726	361468	12	16	17	18	20	21	22	23	24	163	#
727	452302	12	14	16	17	18	19	22	23	24	163	#
728	431327	12	16	17	19	20	21	22	23	24	163	#
729	412578	12	16	17	18	19	20	21	22	23	163	#
730	397886	9	12	13	14	16	17	18	19	21	163	#
731	296505	12	13	16	17	18	19	21	22	23	163	#
732	636790	0	1	2	3	4	5	6	7	8	12	13	16	17	22	23	164	#
733	771523	0	1	2	3	4	5	6	7	12	16	17	18	20	21	22	164	#
734	753640	0	1	2	3	4	5	6	7	8	12	16	17	18	21	22	164	#
735	736390	0	1	2	3	4	5	6	7	8	16	17	18	20	21	22	164	#
736	709094	0	1	2	3	4	5	6	7	8	9	12	16	17	21	22	164	#
737	686624	0	1	2	3	4	5	6	7	8	9	10	12	14	17	18	164	#
738	312873	1	2	3	5	6	7	10	165	#
739	349847	2	5	6	7	8	10	15	165	#
740	326529	2	3	6	7	8	9	18	165	#
741	304144	2	3	4	6	7	8	9	165	#
742	301557	2	5	6	7	8	10	12	165	#
743	292713	2	5	6	7	10	11	15	165	#
744	146054	2	18	19	24	166	#
745	217131	1	2	3	7	166	#
746	138892	18	19	23	24	166	#
747	128898	17	18	19	23	166	#
748	302829	2	3	6	7	167	#
749	294543	2	3	7	8	167	#
750	252153	1	2	5	6	167	#
751	219425	2	6	7	8	167	#
752	305150	1	2	3	4	22	168	#
753	290496	2	3	4	9	14	168	#
754	279926	1	2	3	4	9	168	#
755	219686	1	2	3	4	7	168	#
756	200491	2	3	4	7	9	168	#
757	182341	13	17	18	21	22	168	#
758	169471	2	3	169	#
759	109195	3	4	169	#
760	358661	2	7	11	12	16	17	21	170	#
761	346863	1	2	3	6	7	11	12	170	#
762	329053	5	6	7	11	16	17	22	170	#
763	322761	2	6	7	11	12	16	17	170	#
764	273329	1	2	7	8	12	17	22	170	#
765	240222	11	16	17	18	20	21	22	170	#
766	605618	1	2	3	6	7	10	11	12	13	17	22	23	171	#
767	695761	1	2	3	4	6	7	9	10	11	12	16	21	171	#
768	679467	7	9	12	13	14	18	19	20	21	22	23	24	171	#
769	619928	10	12	13	14	15	18	19	20	21	22	23	24	171	#
770	612266	0	3	4	6	7	11	12	13	18	22	23	24	171	#
771	602160	1	6	7	8	9	10	11	12	13	14	19	24	171	#
772	342642	0	1	5	6	10	11	15	172	#
773	332433	0	1	2	5	6	10	11	172	#
774	300731	5	6	10	11	15	16	17	172	#
775	286743	1	2	3	6	7	8	12	172	#
776	274421	1	2	5	6	7	16	21	172	#
777	250903	10	11	12	13	14	16	17	172	#
778	564714	1	2	5	6	7	10	11	12	13	16	21	173	#
779	574080	1	2	6	7	9	11	12	13	14	16	17	173	#
780	552009	1	2	6	7	10	11	12	13	14	15	16	173	#
781	551009	10	11	12	13	15	16	17	20	21	22	23	173	#
782	549105	5	6	7	8	10	11	15	16	17	21	22	173	#
783	527325	1	2	6	7	10	11	15	20	21	22	23	173	#
784	150426	6	10	11	12	175	#
785	185759	10	11	12	15	175	#
786	164234	6	10	11	15	175	#
787	100299	6	7	11	12	175	#
788	28131	11	12	13	16	175	#
789	525266	5	6	7	8	10	11	12	13	14	15	16	17	18	19	21	22	23	24	176	#
790	748371	0	1	2	3	4	5	6	7	8	10	11	12	13	14	15	17	18	19	176	#
791	718481	0	2	5	6	7	8	10	11	12	13	14	17	18	19	20	21	22	23	176	#
792	698954	0	1	2	4	5	6	7	8	9	10	11	12	15	16	17	20	21	22	176	#
793	692788	0	2	4	5	6	7	9	12	13	14	17	18	19	20	21	22	23	24	176	#
794	668268	0	1	2	5	6	7	8	10	11	12	13	14	15	17	18	19	22	23	176	#
795	939325	0	1	2	5	6	7	8	10	11	13	15	16	17	18	19	20	21	22	23	24	177	#
796	1067454	0	1	2	3	5	6	7	8	9	10	11	12	14	15	16	18	20	21	22	23	177	#
797	1044074	0	1	2	3	5	6	7	8	9	10	11	12	13	15	16	18	20	21	22	23	177	#
798	1023176	0	1	2	3	5	6	7	8	9	10	11	12	13	15	16	17	18	20	21	22	177	#
799	972854	0	1	2	3	5	6	7	8	10	11	12	13	15	16	17	18	20	21	22	23	177	#
800	967907	0	1	2	5	6	7	8	10	11	12	13	15	16	18	19	20	21	22	23	24	177	#
