%% File generated by CATS v.2.1Sun Mar 17 19:45:35 2019

%% The CATS webpage is http://robotics.stanford.edu/CATS

%% PARAMETER SETTINGS:
% Goods: 15; Bids: 800; Distribution: regions-upv; Runs: 10; Seed: 1552866667
% Regions Distribution Parameters:
% Max Substitutable Bids = 5
% Removing HV Neighbor   = 0.1
% Adding DIAG Neighbor   = 0.2
% Additional Location    = 0.9
% Jump Probability       = 0.05
% Additivity             = 0.2
% Budget Factor          = 1.5
% Resale Factor          = 0.5
% Uniform Private Value:
%   Deviation            = 0.5
%   Max Good Value       = 100



goods 15
bids 800
dummy 266

0	429500	0	1	4	5	6	7	8	15	#
1	474122	0	1	3	4	5	6	7	15	#
2	466204	0	1	3	4	5	7	8	15	#
3	461204	0	1	2	4	5	7	8	15	#
4	446779	0	1	4	5	6	7	13	15	#
5	427954	1	2	4	5	6	7	8	15	#
6	52057	14	#
7	626033	0	1	2	3	4	5	6	7	8	#
8	100749	13	#
9	634607	0	1	2	3	4	5	6	7	8	11	16	#
10	709229	0	1	2	3	4	5	6	7	8	12	16	#
11	659926	0	1	2	3	4	5	6	7	8	13	16	#
12	579643	0	1	2	3	4	5	6	7	8	14	16	#
13	362698	2	4	5	7	8	17	#
14	396096	2	3	4	5	8	17	#
15	370648	2	5	6	7	8	17	#
16	341158	1	2	4	5	8	17	#
17	309267	3	4	5	6	8	17	#
18	302926	0	3	6	7	8	17	#
19	103495	12	#
20	429731	0	1	3	4	5	6	7	8	12	18	#
21	577764	0	1	2	3	4	5	6	8	9	18	#
22	729100	0	1	2	3	4	5	6	7	8	10	11	13	19	#
23	823909	0	1	2	3	4	5	6	7	8	12	13	14	19	#
24	816424	0	1	2	3	4	5	6	7	8	9	10	12	19	#
25	783441	0	1	2	3	4	5	6	7	8	10	12	14	19	#
26	770411	0	1	2	3	4	5	6	7	8	11	12	13	19	#
27	756368	0	1	2	3	4	5	6	7	8	9	11	12	19	#
28	120839	9	#
29	557548	0	1	3	4	5	6	7	8	10	12	20	#
30	664864	0	1	2	3	4	5	6	7	8	9	20	#
31	658633	0	1	2	3	4	5	6	7	8	13	20	#
32	229274	0	1	4	5	8	242	#
33	517850	0	1	2	3	4	5	6	7	13	21	#
34	580993	0	1	2	3	4	5	6	7	12	21	#
35	543795	0	1	2	3	4	5	6	7	10	21	#
36	523746	0	1	2	3	4	5	6	7	11	21	#
37	291714	2	5	8	10	22	#
38	330826	2	5	7	8	22	#
39	290913	2	3	4	5	22	#
40	253067	6	7	9	10	22	#
41	60520	11	#
42	736957	0	1	2	3	4	5	6	7	8	9	10	64	#
43	558842	0	1	3	4	5	6	7	8	11	25	#
44	633478	0	2	3	4	5	6	7	8	14	25	#
45	597169	0	2	3	4	5	6	7	8	11	25	#
46	569201	0	3	4	5	6	7	8	11	12	25	#
47	334021	0	1	3	4	5	7	8	11	26	#
48	441949	0	1	2	3	4	5	7	8	26	#
49	395347	0	1	2	4	5	6	7	8	26	#
50	362489	0	1	3	4	5	6	7	8	26	#
51	341185	0	1	4	5	7	8	10	11	26	#
52	171880	4	7	8	27	#
53	246065	5	7	8	27	#
54	210664	1	4	7	27	#
55	84672	7	#
56	103451	3	#
57	533687	0	1	2	3	4	5	6	8	9	10	28	#
58	516405	0	1	3	4	5	6	11	13	14	162	#
59	576403	0	1	2	3	4	5	6	7	9	12	28	#
60	659028	0	2	3	4	5	6	7	8	12	14	195	#
61	630422	0	1	2	3	4	5	7	8	10	#
62	130003	5	8	#
63	111861	1	#
64	432030	0	1	3	4	6	7	8	30	#
65	452680	1	3	4	5	6	7	8	30	#
66	445468	0	1	3	4	6	7	12	30	#
67	371312	1	3	4	6	7	8	14	30	#
68	544577	0	1	3	4	5	6	7	8	10	162	#
69	202611	4	5	7	238	#
70	659206	0	1	2	3	4	5	6	7	8	14	195	#
71	124523	3	12	#
72	372823	0	1	3	4	6	7	12	234	#
73	232296	2	4	5	6	7	242	#
74	654472	0	1	2	3	4	5	6	7	8	12	#
75	660158	0	1	2	3	4	5	6	7	8	9	195	#
76	618280	1	2	3	4	5	6	7	8	12	162	#
77	581722	0	1	3	4	5	6	7	8	14	34	#
78	647599	0	1	3	4	5	6	7	8	12	34	#
79	630948	1	2	3	4	5	6	7	8	9	34	#
80	630666	1	3	4	5	6	7	8	12	14	34	#
81	442291	0	1	2	3	4	5	7	8	14	#
82	393087	1	3	4	5	6	7	8	36	#
83	399611	2	3	4	5	6	7	8	36	#
84	371915	0	3	4	5	6	7	8	36	#
85	331194	0	1	3	4	5	6	7	36	#
86	332669	2	3	4	5	8	37	#
87	343738	1	2	3	4	6	37	#
88	325127	2	5	6	7	8	37	#
89	291285	1	4	5	8	12	37	#
90	263501	0	1	3	4	6	37	#
91	121085	2	#
92	360889	0	1	4	5	7	8	38	#
93	411103	2	3	4	5	7	8	38	#
94	399955	2	4	5	7	8	10	38	#
95	356091	2	4	5	6	7	8	38	#
96	338035	4	5	6	7	8	12	38	#
97	284846	0	1	3	4	5	6	38	#
98	87069	7	8	#
99	580268	0	1	3	4	5	6	7	8	10	121	#
100	364093	2	3	4	5	6	7	8	10	13	40	#
101	429518	0	1	3	4	5	6	7	8	10	40	#
102	404614	0	2	3	4	5	6	7	8	10	41	#
103	535347	1	2	4	5	6	7	8	9	12	41	#
104	434601	0	1	2	3	4	5	6	8	10	41	#
105	440247	0	1	3	4	6	7	10	42	#
106	535924	0	1	2	3	4	5	7	42	#
107	515359	0	1	3	4	5	6	7	42	#
108	506940	2	3	4	5	6	7	9	42	#
109	438171	0	3	4	5	6	7	11	42	#
110	435669	2	4	5	7	8	10	12	42	#
111	658180	0	1	2	3	4	5	6	7	8	10	43	#
112	720557	0	1	2	3	4	5	6	7	8	12	43	#
113	692887	0	1	2	3	4	5	6	7	8	9	43	#
114	684350	0	1	2	3	4	5	6	7	8	13	43	#
115	632271	0	1	2	3	4	5	6	7	8	10	44	#
116	683947	0	2	3	4	5	6	7	8	11	12	44	#
117	658708	0	1	2	3	4	5	6	7	8	12	44	#
118	642380	0	2	3	4	5	6	7	8	11	14	44	#
119	529452	0	1	3	4	5	7	8	45	#
120	560871	0	1	2	3	4	5	7	45	#
121	523074	0	1	2	3	4	5	11	45	#
122	451351	0	1	2	4	5	7	8	45	#
123	622715	0	1	2	3	4	5	6	7	8	162	#
124	335356	0	1	3	4	6	49	#
125	372377	0	1	3	4	5	49	#
126	318174	0	1	4	6	7	49	#
127	312217	0	3	4	5	6	49	#
128	79937	10	#
129	661756	0	1	2	3	4	5	6	7	8	13	50	#
130	722253	0	1	2	3	4	5	6	7	8	12	50	#
131	708786	0	1	2	3	4	5	6	7	8	9	50	#
132	636229	0	1	2	3	4	5	6	7	8	11	50	#
133	610999	0	1	3	4	5	6	7	8	9	14	50	#
134	637970	0	1	2	3	4	5	6	7	8	51	#
135	576014	0	1	3	4	5	6	7	8	11	51	#
136	279579	0	1	4	6	7	242	#
137	413174	1	2	3	4	5	6	7	8	13	#
138	153691	0	1	#
139	248140	5	7	8	54	#
140	246750	2	5	8	54	#
141	182496	4	5	7	54	#
142	397679	1	4	5	7	8	55	#
143	422592	1	3	4	5	7	55	#
144	306377	1	3	4	6	7	55	#
145	276291	2	4	5	7	8	56	#
146	298292	3	4	5	7	8	56	#
147	289218	3	5	6	7	8	56	#
148	282205	2	5	7	8	14	56	#
149	267218	2	5	6	7	8	56	#
150	267754	0	1	3	4	6	7	57	#
151	303908	0	3	4	6	7	8	57	#
152	623358	0	1	2	3	4	5	7	8	12	#
153	449783	0	1	2	4	5	6	7	8	12	59	#
154	510057	0	1	2	4	5	6	7	8	13	59	#
155	273698	0	1	3	4	6	61	#
156	355930	0	2	3	4	5	61	#
157	316775	0	1	3	4	7	61	#
158	271222	0	1	4	7	8	61	#
159	233036	0	1	3	6	7	61	#
160	192317	3	4	6	7	8	11	62	#
161	256063	0	1	3	4	5	6	62	#
162	221560	1	4	6	7	11	13	62	#
163	194863	0	1	4	6	7	8	62	#
164	179265	0	3	4	6	7	8	62	#
165	469062	0	1	3	4	5	6	7	8	14	#
166	699870	0	1	2	3	4	5	6	7	8	11	12	64	#
167	786217	0	1	2	3	4	5	6	7	8	9	13	64	#
168	760313	0	1	2	3	4	5	6	7	8	9	12	64	#
169	747972	0	1	2	3	4	5	6	7	8	12	13	64	#
170	738116	0	1	2	3	4	5	6	7	8	9	11	64	#
171	164326	7	8	65	#
172	184208	8	12	65	#
173	155541	6	7	65	#
174	308646	1	4	5	6	7	8	66	#
175	384515	1	2	4	5	6	7	66	#
176	310779	1	3	4	6	7	8	66	#
177	326594	2	5	6	7	8	67	#
178	350081	3	5	6	7	8	67	#
179	343182	3	6	7	8	10	67	#
180	673518	0	1	2	3	4	5	6	7	8	11	12	14	68	#
181	701700	0	1	2	3	4	5	6	7	8	9	12	13	68	#
182	684877	0	1	2	3	4	5	6	7	8	12	13	14	68	#
183	176854	5	8	10	240	#
184	657985	0	1	2	3	4	5	6	7	8	10	12	13	68	#
185	278935	1	2	5	238	#
186	635323	0	1	2	3	4	5	6	7	8	69	#
187	653939	1	2	3	4	5	6	7	8	9	69	#
188	622663	2	3	4	5	6	7	8	10	14	69	#
189	388986	1	4	5	8	70	#
190	365318	0	1	4	5	70	#
191	360027	0	1	3	4	70	#
192	296471	4	5	7	8	70	#
193	465277	0	1	3	4	6	7	9	71	#
194	590092	0	1	3	5	6	7	8	71	#
195	540158	0	1	3	4	5	6	7	71	#
196	534194	1	3	4	5	6	7	13	71	#
197	525901	0	1	3	4	5	7	9	71	#
198	484403	0	1	3	4	6	7	8	71	#
199	568998	0	1	3	4	5	6	7	8	9	72	#
200	701531	0	1	2	3	4	5	7	8	9	72	#
201	122729	1	14	73	#
202	178562	0	1	73	#
203	300923	1	2	4	5	8	75	#
204	357180	2	3	4	5	8	75	#
205	340127	2	4	5	7	8	75	#
206	322339	4	5	6	7	8	75	#
207	307834	2	5	7	8	11	75	#
208	274836	0	1	4	5	7	75	#
209	350505	0	1	3	4	5	6	7	76	#
210	481106	1	2	3	4	5	7	8	76	#
211	461607	0	1	2	3	4	5	7	76	#
212	442165	0	1	2	3	4	5	8	76	#
213	432663	0	1	2	4	5	7	8	76	#
214	395383	0	1	3	5	6	7	8	76	#
215	677632	0	1	2	3	4	5	6	7	8	12	77	#
216	690042	0	1	2	3	4	5	6	7	8	9	77	#
217	671487	0	1	2	3	4	5	6	7	8	13	77	#
218	564991	0	1	2	3	4	5	6	7	8	14	77	#
219	281768	1	3	4	7	8	242	#
220	682866	0	2	3	4	5	6	8	9	12	14	#
221	356517	3	4	5	6	7	8	14	79	#
222	450095	0	3	5	6	7	8	12	79	#
223	436069	1	3	4	5	6	7	8	79	#
224	431971	0	1	3	4	5	7	8	79	#
225	391817	1	2	3	4	5	7	14	79	#
226	348972	0	1	4	5	6	7	8	79	#
227	381021	0	2	3	4	6	7	8	10	13	#
228	248957	2	4	5	12	81	#
229	338877	2	5	7	8	81	#
230	230117	4	5	7	12	81	#
231	737842	0	1	2	3	4	5	6	7	8	10	12	102	#
232	137483	0	3	#
233	762522	0	1	2	3	4	5	6	7	8	10	13	102	#
234	75029	6	#
235	249212	1	3	4	10	11	83	#
236	355468	0	1	3	4	5	83	#
237	326489	0	1	3	4	6	83	#
238	315578	0	1	3	6	11	83	#
239	275635	3	4	9	10	11	83	#
240	69561	8	#
241	488503	0	1	2	3	5	6	7	8	9	#
242	246422	0	1	3	6	7	8	85	#
243	312280	2	3	5	6	7	8	85	#
244	290017	0	3	5	6	7	8	85	#
245	281289	0	1	3	6	7	13	85	#
246	248176	0	1	3	4	5	6	85	#
247	359527	0	3	4	5	6	7	86	#
248	397920	2	3	4	5	7	8	86	#
249	357921	0	3	6	7	8	12	86	#
250	349212	3	4	5	7	8	10	86	#
251	335216	3	4	5	6	8	11	86	#
252	288245	0	1	4	6	7	8	86	#
253	321053	0	1	3	4	7	242	#
254	130268	9	13	88	#
255	187465	8	9	88	#
256	641388	0	1	2	3	4	5	6	7	8	10	89	#
257	702562	0	1	2	3	4	5	6	7	8	9	89	#
258	688693	0	1	2	4	5	6	7	8	10	12	89	#
259	667491	0	1	2	3	4	5	6	7	8	12	89	#
260	643107	0	1	2	3	4	5	6	7	8	13	#
261	290038	0	1	2	4	5	242	#
262	545184	0	1	3	4	5	6	7	8	13	#
263	489233	0	1	2	4	5	7	8	9	14	91	#
264	501581	1	2	3	4	5	6	7	8	9	91	#
265	495579	0	1	2	3	4	5	7	8	13	91	#
266	493234	0	1	2	3	4	5	6	7	12	91	#
267	557754	0	1	2	3	4	5	6	8	9	10	11	#
268	668857	0	1	2	3	4	5	6	7	8	13	195	#
269	143800	5	7	8	11	160	#
270	170633	3	4	7	8	160	#
271	234255	2	4	5	238	#
272	299596	0	1	3	4	6	7	8	9	12	13	#
273	561925	0	2	3	4	5	6	7	8	13	121	#
274	560291	0	1	2	3	4	5	6	13	105	#
275	307585	2	4	5	6	7	8	95	#
276	400563	2	3	5	6	7	8	95	#
277	391269	1	2	3	4	5	8	95	#
278	349592	0	3	5	6	7	8	95	#
279	316570	3	4	5	6	7	8	95	#
280	309841	2	5	6	7	8	11	95	#
281	213267	4	5	7	96	#
282	222938	3	4	13	96	#
283	636439	0	1	2	3	4	5	6	7	8	97	#
284	675579	0	1	2	3	4	5	6	7	11	97	#
285	492817	3	4	5	6	7	9	98	#
286	500958	1	2	3	4	5	7	98	#
287	481075	0	1	3	4	9	13	98	#
288	478763	0	1	3	4	5	7	98	#
289	449906	0	1	3	4	6	7	98	#
290	603099	0	1	2	4	5	6	7	8	11	99	#
291	641194	0	2	3	4	5	6	7	8	11	99	#
292	694385	0	1	2	3	4	5	6	7	8	12	195	#
293	322513	0	1	2	3	4	5	6	8	10	124	#
294	241221	1	4	5	6	7	8	236	#
295	580403	0	2	3	4	5	6	7	8	14	235	#
296	731302	0	1	2	3	4	5	6	7	8	12	13	102	#
297	809200	0	1	2	3	4	5	6	7	8	9	10	102	#
298	777980	0	1	2	3	4	5	6	7	8	9	12	102	#
299	776974	0	1	2	3	4	5	6	7	8	9	14	102	#
300	331242	0	1	3	6	7	103	#
301	361505	0	3	6	7	13	103	#
302	281313	0	1	3	4	6	103	#
303	495365	0	1	2	3	4	5	7	8	9	#
304	469517	0	1	2	3	4	5	6	8	105	#
305	584049	0	1	2	3	4	5	6	9	105	#
306	644241	0	1	3	4	5	6	7	8	9	121	#
307	109490	8	12	#
308	475679	0	1	3	4	5	6	7	10	13	107	#
309	546927	0	2	3	4	5	6	7	9	12	107	#
310	484310	0	1	2	3	4	5	6	7	10	107	#
311	566742	0	1	2	3	4	5	7	10	11	14	#
312	334412	0	1	3	4	13	109	#
313	375138	0	1	3	4	6	109	#
314	374847	0	1	3	4	9	109	#
315	232522	3	7	8	13	14	109	#
316	680315	0	1	2	3	4	5	6	7	8	110	#
317	582650	0	1	3	4	5	6	7	8	14	110	#
318	47303	4	#
319	389629	1	3	4	5	6	7	111	#
320	483672	2	3	5	6	7	8	111	#
321	408630	3	4	5	6	7	8	111	#
322	355989	2	5	6	7	8	14	111	#
323	346348	0	3	4	6	7	8	111	#
324	327348	0	1	3	4	6	7	111	#
325	277767	4	6	7	8	11	112	#
326	329353	1	3	4	7	8	112	#
327	316327	3	4	6	7	11	112	#
328	288215	3	4	6	7	8	112	#
329	258019	4	5	6	7	8	112	#
330	406117	2	3	4	5	7	113	#
331	483763	1	2	3	4	5	113	#
332	397374	1	3	4	5	6	113	#
333	319728	3	4	5	6	7	113	#
334	434024	0	1	3	5	6	7	8	115	#
335	416915	0	2	3	5	6	7	8	115	#
336	416494	0	1	3	4	5	7	8	115	#
337	390722	0	1	3	4	5	6	7	115	#
338	369326	0	1	2	3	4	6	7	115	#
339	357588	0	3	5	6	7	8	11	115	#
340	193280	9	10	116	#
341	151302	0	9	116	#
342	345909	0	1	3	6	7	14	117	#
343	489888	0	1	3	5	6	9	117	#
344	364080	0	1	3	4	5	6	117	#
345	350085	0	3	6	7	12	14	117	#
346	331389	0	1	3	6	7	8	117	#
347	311177	0	1	3	4	6	7	117	#
348	356908	0	2	3	4	5	6	7	8	118	#
349	387640	1	3	4	5	6	7	8	9	118	#
350	385141	0	1	2	3	4	5	7	8	118	#
351	367611	1	2	3	4	5	6	7	8	118	#
352	335434	0	1	3	4	5	6	7	8	118	#
353	325796	0	1	3	4	5	6	8	12	118	#
354	390113	1	3	4	5	8	14	119	#
355	470071	1	2	3	4	5	8	119	#
356	430797	3	4	5	6	7	8	119	#
357	370141	2	4	5	6	7	8	119	#
358	362981	3	4	5	8	11	14	119	#
359	334366	0	3	4	6	7	8	119	#
360	545746	0	1	3	4	5	6	7	8	11	#
361	636504	0	1	2	3	4	5	6	7	8	121	#
362	707444	1	2	3	4	5	6	7	8	9	121	#
363	649325	0	1	2	3	4	5	6	7	10	121	#
364	358367	0	1	2	3	4	5	6	7	183	#
365	291513	0	1	2	4	5	6	7	8	10	124	#
366	342361	0	1	2	4	5	6	7	8	12	124	#
367	138517	11	13	125	#
368	130646	4	11	125	#
369	149421	1	4	7	165	#
370	483186	0	1	2	3	4	5	6	7	14	126	#
371	534740	1	2	3	4	5	7	8	13	14	126	#
372	261640	0	1	3	6	127	#
373	200661	0	1	3	4	127	#
374	186299	0	1	4	5	127	#
375	175106	0	3	4	6	127	#
376	142539	4	6	7	8	127	#
377	399662	1	3	4	6	7	8	128	#
378	466939	1	4	5	6	7	8	128	#
379	433146	0	1	3	4	5	6	128	#
380	428040	3	4	5	6	7	8	128	#
381	426453	2	4	5	6	7	8	128	#
382	658947	0	1	2	3	4	5	6	7	8	13	130	#
383	262243	3	4	5	6	7	8	236	#
384	566815	0	1	2	3	4	5	6	7	8	10	130	#
385	616977	1	2	3	4	5	6	7	8	11	#
386	541003	0	1	2	3	4	5	6	7	8	14	130	#
387	574710	0	1	3	4	5	6	7	8	13	131	#
388	608195	0	1	3	4	5	6	7	8	9	131	#
389	604426	0	1	3	4	5	6	7	8	10	131	#
390	534109	0	1	2	4	5	7	8	9	10	14	132	#
391	626901	0	1	2	3	4	5	6	7	8	11	195	#
392	631301	0	1	2	3	4	5	6	7	11	12	132	#
393	265748	2	4	5	240	#
394	590401	0	1	2	3	4	5	6	7	8	10	132	#
395	557540	0	1	2	4	5	6	7	8	11	14	133	#
396	670388	0	1	2	3	4	5	6	7	8	9	133	#
397	631573	0	1	3	4	5	6	7	8	12	13	133	#
398	196031	1	4	5	11	160	#
399	650267	0	2	3	4	5	6	7	8	9	#
400	221939	0	3	4	7	253	#
401	245149	3	4	5	6	7	276	#
402	141284	3	6	#
403	469292	2	4	5	6	7	8	136	#
404	526587	2	3	5	6	7	8	136	#
405	522006	2	3	4	5	7	8	136	#
406	512429	2	3	4	5	6	7	136	#
407	504980	0	2	3	4	5	6	136	#
408	457766	1	2	4	5	7	8	136	#
409	650652	0	1	2	3	4	5	6	7	8	9	11	137	#
410	695545	0	1	2	3	4	5	6	7	8	9	12	137	#
411	173910	4	5	#
412	143731	5	6	7	8	160	#
413	741206	0	1	2	3	4	5	6	7	8	12	13	157	#
414	747584	0	1	2	3	4	5	6	7	8	10	12	157	#
415	597312	0	3	4	5	6	7	8	12	13	138	#
416	580773	2	3	4	5	6	7	11	12	13	138	#
417	526316	0	1	3	4	5	6	7	8	12	138	#
418	517134	0	3	4	5	6	7	8	10	13	138	#
419	512041	0	1	2	3	4	5	6	7	8	138	#
420	268078	1	3	4	6	7	139	#
421	337652	0	1	3	6	7	139	#
422	327214	0	3	6	7	12	139	#
423	318805	0	1	3	4	7	139	#
424	305098	0	1	3	4	6	139	#
425	273294	2	4	5	218	#
426	127518	5	#
427	319618	0	3	4	6	13	140	#
428	326471	0	1	2	4	5	140	#
429	322116	0	1	3	4	6	140	#
430	316778	0	3	4	6	7	140	#
431	199949	0	1	3	4	141	#
432	242448	1	3	4	5	141	#
433	217280	0	1	3	13	141	#
434	193258	0	1	3	6	141	#
435	301811	2	3	4	5	6	8	236	#
436	678659	0	1	2	3	4	5	6	7	8	9	12	142	#
437	670418	0	1	2	3	4	5	6	7	8	10	12	142	#
438	319321	0	1	3	6	7	8	236	#
439	507265	1	2	3	4	5	6	7	8	9	143	#
440	510982	1	2	3	4	5	6	7	9	12	143	#
441	124158	6	7	#
442	90990	4	7	#
443	370707	1	3	4	5	6	8	146	#
444	392025	1	2	3	4	5	8	146	#
445	383376	1	2	3	4	5	6	146	#
446	331442	1	3	4	6	7	8	146	#
447	329184	3	4	5	6	7	8	146	#
448	512073	2	3	4	5	6	7	8	9	14	148	#
449	590276	0	1	2	3	4	5	7	8	9	148	#
450	507153	2	4	5	6	7	8	9	10	12	148	#
451	504256	0	1	2	3	4	5	6	7	8	148	#
452	442003	1	2	3	4	5	6	7	8	14	148	#
453	243224	0	3	6	10	149	#
454	353349	0	1	3	4	149	#
455	278822	0	3	6	7	149	#
456	273307	0	3	4	10	149	#
457	396126	2	3	4	5	9	150	#
458	454755	0	1	2	4	5	150	#
459	432923	0	1	3	4	5	150	#
460	422320	1	2	3	4	5	150	#
461	310663	2	3	4	5	8	150	#
462	231361	9	10	12	13	14	150	#
463	760548	0	1	2	3	4	5	6	7	8	10	151	#
464	787966	0	1	2	3	4	5	6	7	8	9	151	#
465	718323	1	2	3	4	5	6	7	8	10	14	151	#
466	704933	0	1	2	3	4	5	6	7	8	13	151	#
467	688854	0	1	2	3	4	5	6	7	8	12	151	#
468	662281	0	1	2	3	4	5	6	7	8	11	151	#
469	567246	0	1	3	4	5	6	7	8	10	13	#
470	418655	0	1	2	3	4	5	6	7	14	192	#
471	681245	0	1	2	3	4	5	6	7	8	12	14	155	#
472	727959	0	1	2	3	4	5	6	7	8	12	13	155	#
473	722392	0	1	2	3	4	5	6	7	8	9	13	155	#
474	690477	0	1	2	3	4	5	6	7	8	13	14	155	#
475	644695	0	1	2	3	4	5	6	7	8	11	13	155	#
476	623212	0	1	2	3	4	5	6	7	8	10	14	155	#
477	719294	0	1	2	3	4	5	6	7	8	12	13	14	156	#
478	796926	0	1	2	3	4	5	6	7	8	10	12	13	156	#
479	791786	0	1	2	3	4	5	6	7	8	10	11	13	156	#
480	774240	0	1	2	3	4	5	6	7	8	9	10	11	156	#
481	756706	0	1	2	3	4	5	6	7	8	10	11	12	156	#
482	748390	0	1	2	3	4	5	6	7	8	10	13	14	156	#
483	658783	0	1	2	3	4	5	6	7	8	11	13	157	#
484	795546	0	1	2	3	4	5	6	7	8	9	12	157	#
485	766189	0	1	2	3	4	5	6	7	8	9	10	157	#
486	759810	0	1	2	3	4	5	6	7	8	9	13	157	#
487	222673	2	5	#
488	260013	0	3	4	218	#
489	677975	1	2	3	4	5	6	7	8	164	#
490	635379	1	3	4	5	6	7	8	13	164	#
491	604618	1	3	4	5	6	7	8	10	164	#
492	184866	4	5	8	165	#
493	193085	5	7	8	165	#
494	259968	0	3	4	6	7	9	169	#
495	241424	3	4	6	7	8	9	169	#
496	231856	0	1	3	4	6	7	169	#
497	231006	0	1	3	4	7	8	169	#
498	214500	3	4	5	6	7	8	169	#
499	209063	0	1	3	6	170	#
500	263810	0	3	4	5	170	#
501	187118	0	3	4	6	170	#
502	160853	3	4	6	7	170	#
503	152277	0	3	171	#
504	154366	3	6	171	#
505	121999	0	1	171	#
506	290135	0	3	4	6	7	8	172	#
507	355951	0	3	4	7	8	13	172	#
508	325840	0	3	4	5	6	8	172	#
509	309335	0	1	3	4	6	10	172	#
510	261206	0	1	3	4	6	7	172	#
511	254243	0	3	4	5	6	11	172	#
512	647143	0	1	2	3	4	5	6	7	8	13	173	#
513	677231	0	1	2	3	4	5	6	7	8	9	173	#
514	615848	0	1	2	3	4	5	6	8	13	174	#
515	644287	0	1	2	3	4	5	6	8	11	174	#
516	275092	4	5	6	7	8	13	175	#
517	365389	0	3	5	6	7	8	175	#
518	296629	2	4	5	6	7	8	175	#
519	293777	0	1	3	4	9	13	175	#
520	271230	0	1	2	4	5	8	175	#
521	270853	0	3	4	6	7	8	175	#
522	170735	0	1	6	176	#
523	191379	0	1	4	176	#
524	187973	4	6	7	176	#
525	181287	0	1	3	176	#
526	613537	0	1	3	4	5	6	7	8	9	12	#
527	479177	0	1	2	3	4	5	6	7	13	192	#
528	611286	0	1	2	4	5	7	178	#
529	604848	0	1	3	4	5	7	178	#
530	582599	2	3	4	5	7	8	178	#
531	475926	0	1	3	4	6	7	178	#
532	415980	0	1	2	3	4	5	6	7	12	192	#
533	274442	1	4	6	7	8	191	#
534	274474	0	1	4	10	12	191	#
535	285875	0	1	3	4	6	191	#
536	457306	0	2	3	4	5	6	7	8	180	#
537	448898	1	2	3	4	5	6	7	8	180	#
538	412370	0	1	3	4	5	6	7	8	180	#
539	405919	2	3	4	5	6	7	8	14	180	#
540	328918	0	1	3	4	5	6	8	14	180	#
541	422850	0	1	3	4	6	7	8	181	#
542	502500	0	2	3	4	5	6	7	181	#
543	486010	0	1	2	3	4	5	6	181	#
544	482121	0	1	3	4	5	6	7	181	#
545	441428	2	3	4	5	6	7	8	181	#
546	598243	0	1	2	3	4	5	6	7	8	9	256	#
547	428872	0	2	3	5	6	7	8	11	183	#
548	415530	0	1	2	3	4	5	7	8	183	#
549	402192	0	2	3	4	5	6	7	8	183	#
550	400213	0	2	3	4	5	6	8	11	183	#
551	543610	0	1	2	3	5	6	7	8	12	184	#
552	636335	0	1	2	3	5	6	7	8	9	184	#
553	620453	0	1	2	3	5	6	7	8	13	184	#
554	499700	0	2	3	4	5	6	7	8	14	185	#
555	525993	0	1	3	4	5	6	7	8	11	185	#
556	377519	0	1	2	3	4	5	6	7	14	#
557	452031	0	1	3	4	6	9	187	#
558	411536	3	4	5	6	9	14	187	#
559	398999	0	1	3	4	5	6	187	#
560	357456	0	1	3	4	6	7	187	#
561	331155	0	1	3	4	5	8	187	#
562	290380	4	5	6	7	8	191	#
563	615867	0	1	2	3	4	5	6	7	10	13	#
564	345936	0	1	4	5	7	191	#
565	185645	0	3	189	#
566	128437	3	6	189	#
567	293634	0	1	4	7	12	191	#
568	342003	3	4	5	7	8	196	#
569	349068	1	4	5	7	8	196	#
570	343255	4	5	7	8	13	196	#
571	333104	2	4	5	7	8	196	#
572	644266	0	1	2	3	4	5	6	7	8	197	#
573	623825	0	1	3	4	5	6	7	8	12	197	#
574	316594	0	1	4	6	7	8	198	#
575	445903	0	3	4	5	6	7	198	#
576	441539	0	3	5	6	7	8	198	#
577	421436	0	1	3	4	5	6	198	#
578	404417	3	4	5	6	7	8	198	#
579	370482	1	4	5	6	7	8	198	#
580	551899	0	1	3	4	5	6	7	8	9	199	#
581	577138	1	2	3	4	5	6	7	8	9	199	#
582	517538	1	2	3	4	5	6	7	8	12	199	#
583	499878	0	1	2	3	4	5	6	7	8	199	#
584	464866	0	1	2	4	5	6	7	8	11	200	#
585	499779	0	2	3	4	5	6	7	8	14	200	#
586	557469	1	2	3	4	5	6	7	8	12	14	#
587	588857	0	1	3	4	5	7	8	9	203	#
588	588955	0	1	2	3	4	5	7	9	203	#
589	540561	0	1	2	3	4	5	7	8	203	#
590	481289	0	1	3	4	5	6	7	8	203	#
591	421461	2	3	4	5	6	7	8	14	203	#
592	512135	0	1	3	4	6	7	8	12	13	14	204	#
593	327360	2	3	4	5	7	8	236	#
594	557719	0	1	2	3	4	5	6	7	8	13	204	#
595	232414	2	5	8	240	#
596	369244	0	1	3	4	6	205	#
597	396885	0	1	3	4	5	205	#
598	375008	0	3	4	5	8	205	#
599	351123	0	1	2	4	5	6	7	8	11	14	206	#
600	582320	0	2	3	4	5	6	7	8	10	235	#
601	362621	0	1	2	3	4	5	6	7	8	10	206	#
602	104647	10	14	207	#
603	137709	5	10	207	#
604	85060	3	14	207	#
605	260461	2	5	7	8	208	#
606	301275	1	2	4	5	208	#
607	227330	1	4	5	8	208	#
608	196782	4	5	8	12	208	#
609	187098	4	5	7	8	208	#
610	695184	0	1	2	3	4	5	6	7	9	10	#
611	517780	0	1	3	4	5	6	7	10	13	209	#
612	508942	0	2	3	4	5	6	7	8	10	209	#
613	480487	0	1	3	4	5	6	7	8	13	209	#
614	692922	0	1	2	3	4	5	6	7	8	14	210	#
615	779972	0	1	2	3	4	5	6	7	8	9	210	#
616	740612	0	1	2	3	4	5	6	7	8	12	210	#
617	721044	0	1	2	3	4	5	6	7	8	11	210	#
618	716150	0	1	2	3	4	5	6	7	8	10	210	#
619	707308	0	1	2	3	4	5	6	7	8	13	210	#
620	331068	0	1	3	4	13	211	#
621	327441	0	1	3	4	5	211	#
622	242492	0	1	3	4	6	211	#
623	816449	0	1	2	3	4	5	6	7	8	9	10	212	#
624	834385	0	1	2	3	4	5	6	7	8	9	13	212	#
625	761017	0	1	2	3	4	5	6	7	8	9	14	212	#
626	729181	0	1	2	3	4	5	6	7	8	10	14	212	#
627	715941	0	1	2	3	4	5	6	7	8	9	11	212	#
628	702042	0	1	2	3	4	5	6	7	8	11	13	212	#
629	725545	0	1	2	3	4	5	6	7	8	9	213	#
630	745422	0	1	2	3	4	5	6	7	8	10	213	#
631	735013	0	2	3	4	5	6	7	8	11	12	213	#
632	717002	0	1	2	3	4	5	6	7	8	11	213	#
633	690571	0	1	3	4	5	6	7	8	9	10	213	#
634	662390	0	1	2	3	4	5	6	7	8	14	213	#
635	672392	0	1	2	3	4	5	6	7	8	14	216	#
636	748361	0	1	2	3	4	5	6	7	8	12	216	#
637	727069	0	1	2	3	4	5	6	7	8	13	216	#
638	711994	0	1	2	3	4	5	6	7	8	10	216	#
639	702227	0	1	2	3	4	5	6	7	8	11	216	#
640	693193	0	1	2	3	4	5	6	7	8	9	216	#
641	339858	2	5	7	8	13	217	#
642	314269	2	5	7	8	11	217	#
643	258025	1	4	5	7	8	217	#
644	250761	2	4	5	7	8	217	#
645	247044	1	4	5	8	13	217	#
646	319805	3	4	5	218	#
647	222051	1	3	4	14	223	#
648	248756	1	2	4	5	223	#
649	219925	3	4	5	6	225	#
650	254336	0	1	3	4	225	#
651	249894	1	3	4	6	225	#
652	289209	3	5	6	7	8	276	#
653	378540	1	2	4	5	7	8	226	#
654	428026	2	3	4	5	7	8	226	#
655	420253	1	3	4	5	7	8	226	#
656	416341	0	1	3	4	5	13	226	#
657	180539	5	8	227	#
658	229169	2	5	227	#
659	409604	2	3	4	5	6	7	8	228	#
660	464649	0	1	3	5	6	7	8	228	#
661	457841	0	2	3	5	6	7	8	228	#
662	427246	0	1	3	4	5	6	7	228	#
663	417552	2	3	4	5	7	8	12	228	#
664	389142	1	3	4	5	7	8	11	228	#
665	627023	0	1	2	3	4	5	6	7	8	11	229	#
666	332905	2	3	5	6	7	8	236	#
667	630779	0	1	2	3	4	5	6	7	8	13	229	#
668	313420	0	1	3	4	5	6	7	8	10	230	#
669	402077	0	1	2	3	4	5	7	8	12	230	#
670	383236	0	1	2	3	4	5	7	8	14	230	#
671	337454	0	1	2	4	5	6	7	8	14	230	#
672	396627	1	3	4	5	6	7	8	232	#
673	453382	0	1	3	4	5	7	8	232	#
674	442344	0	1	3	4	5	6	7	232	#
675	442173	1	3	4	5	7	8	10	232	#
676	413638	0	1	2	4	5	7	8	232	#
677	362537	0	1	3	4	6	7	8	232	#
678	519993	1	3	4	5	6	7	8	11	12	#
679	428218	0	1	3	6	7	8	14	234	#
680	484827	0	1	3	5	6	7	8	234	#
681	483386	0	2	3	5	6	7	8	234	#
682	433666	2	3	4	5	6	7	8	234	#
683	378026	3	4	5	6	7	8	11	234	#
684	301744	3	4	6	7	12	245	#
685	377500	0	3	4	6	7	245	#
686	316964	1	3	4	6	7	245	#
687	204254	4	6	7	8	12	245	#
688	255508	4	5	6	7	8	246	#
689	345938	0	1	3	4	6	246	#
690	320793	3	4	5	6	7	246	#
691	304671	1	4	5	6	7	246	#
692	301623	0	1	4	5	7	246	#
693	490469	0	2	3	4	5	6	7	8	12	247	#
694	553900	0	1	2	3	5	6	7	8	13	247	#
695	547304	0	1	2	3	5	6	7	8	12	247	#
696	160472	0	1	3	4	248	#
697	176764	0	1	3	12	248	#
698	292207	2	5	6	7	8	276	#
699	381396	0	2	4	5	9	10	249	#
700	395073	2	5	6	7	8	9	249	#
701	394844	0	1	2	4	5	7	249	#
702	372974	1	2	4	5	6	7	249	#
703	340764	2	5	6	7	8	10	249	#
704	414429	0	1	2	4	5	6	7	8	9	250	#
705	454370	0	1	2	3	4	5	6	7	13	250	#
706	423741	0	1	2	3	4	5	7	8	14	250	#
707	302612	1	4	5	7	251	#
708	285413	4	5	6	7	251	#
709	227900	3	4	5	8	251	#
710	214580	0	1	3	4	251	#
711	199126	4	6	7	8	251	#
712	697551	0	1	2	3	4	5	7	8	9	13	#
713	221739	3	4	9	10	253	#
714	302166	2	4	5	9	253	#
715	274132	0	1	9	10	253	#
716	244114	3	4	6	7	253	#
717	531338	0	1	3	4	5	6	7	8	9	#
718	580911	0	1	2	3	4	5	7	8	13	14	256	#
719	641339	0	1	2	3	4	5	6	7	8	12	256	#
720	332816	2	5	6	7	8	257	#
721	339167	2	3	5	7	8	257	#
722	332001	1	4	5	7	8	257	#
723	284494	5	6	7	8	14	257	#
724	271928	4	5	6	7	8	257	#
725	240000	2	4	6	7	8	257	#
726	107413	10	12	258	#
727	296259	0	1	3	6	269	#
728	77117	7	10	258	#
729	255477	0	1	3	4	6	7	8	259	#
730	356914	2	3	4	5	6	7	8	259	#
731	333700	2	4	5	6	7	8	14	259	#
732	321732	0	1	3	4	5	7	8	259	#
733	329110	2	4	5	8	9	261	#
734	356932	2	3	4	5	8	261	#
735	317676	1	2	4	5	8	261	#
736	306081	2	4	5	7	8	261	#
737	280576	0	1	3	4	7	261	#
738	256990	0	1	4	9	10	261	#
739	329191	2	3	4	5	6	7	8	12	14	263	#
740	442095	0	1	3	4	5	6	7	8	13	263	#
741	141323	13	14	264	#
742	154540	0	13	264	#
743	102330	0	14	264	#
744	377476	0	1	3	6	7	8	265	#
745	399349	1	2	4	5	7	8	265	#
746	353804	1	3	4	5	6	7	265	#
747	351013	3	4	5	6	7	8	265	#
748	325565	0	1	3	4	6	7	265	#
749	322773	0	3	4	6	7	8	265	#
750	262193	4	5	7	266	#
751	262122	1	4	5	266	#
752	261859	2	4	5	266	#
753	234336	3	4	7	266	#
754	241484	2	4	5	8	267	#
755	251233	1	5	6	8	267	#
756	246242	2	4	5	7	267	#
757	226240	1	4	5	7	267	#
758	216318	4	5	7	8	267	#
759	315975	0	1	3	4	9	14	268	#
760	272465	0	1	3	4	7	8	268	#
761	269907	1	3	4	6	7	9	268	#
762	245973	0	1	3	4	7	14	268	#
763	306715	0	3	6	7	269	#
764	369711	3	5	6	7	269	#
765	320554	2	3	6	7	269	#
766	359402	0	1	3	4	6	7	270	#
767	433570	0	1	2	3	4	7	270	#
768	353368	0	3	5	6	7	8	270	#
769	339742	2	3	5	6	7	8	270	#
770	527838	0	2	3	4	5	6	7	8	11	13	271	#
771	620283	0	1	2	3	4	5	6	7	8	9	271	#
772	575071	0	1	2	3	4	5	6	7	8	10	271	#
773	546676	0	1	2	3	4	5	6	7	8	14	271	#
774	415214	1	3	4	5	6	7	8	272	#
775	439268	1	2	3	4	5	6	7	272	#
776	413249	1	2	3	4	5	7	8	272	#
777	397364	2	3	4	5	6	7	8	272	#
778	385856	0	1	3	4	6	7	8	272	#
779	369996	0	3	4	5	6	7	8	272	#
780	559985	0	1	2	4	5	6	7	8	273	#
781	606158	0	1	2	3	4	5	7	8	273	#
782	559569	0	2	3	4	5	6	7	8	273	#
783	500141	0	1	3	4	5	6	7	8	273	#
784	670583	0	1	2	3	4	5	6	7	8	11	12	274	#
785	736499	0	1	2	3	4	5	6	7	8	9	12	274	#
786	679309	0	1	2	3	4	5	6	7	8	9	13	274	#
787	656517	0	1	2	4	5	6	7	8	9	10	11	274	#
788	643446	0	1	2	3	4	5	6	7	8	12	13	274	#
789	628255	0	1	2	3	4	5	6	7	8	12	14	274	#
790	316839	1	4	5	7	8	276	#
791	333787	0	1	3	5	8	276	#
792	429208	0	1	4	5	6	7	8	12	277	#
793	560793	1	2	3	4	5	6	7	9	277	#
794	558977	0	1	2	3	4	5	7	8	277	#
795	548431	1	2	3	4	5	7	8	12	277	#
796	547264	0	1	2	3	4	5	6	7	277	#
797	156891	5	8	278	#
798	149557	4	5	278	#
799	509930	0	1	2	3	4	5	7	8	13	280	#
