%% File generated by CATS v.2.1Sun Mar 17 19:45:30 2019

%% The CATS webpage is http://robotics.stanford.edu/CATS

%% PARAMETER SETTINGS:
% Goods: 10; Bids: 200; Distribution: regions-upv; Runs: 10; Seed: 1552866602
% Regions Distribution Parameters:
% Max Substitutable Bids = 5
% Removing HV Neighbor   = 0.1
% Adding DIAG Neighbor   = 0.2
% Additional Location    = 0.9
% Jump Probability       = 0.05
% Additivity             = 0.2
% Budget Factor          = 1.5
% Resale Factor          = 0.5
% Uniform Private Value:
%   Deviation            = 0.5
%   Max Good Value       = 100



goods 10
bids 203
dummy 77

0	611525	0	1	2	3	4	5	6	7	8	#
1	253308	0	1	2	4	5	8	10	#
2	343032	0	3	4	5	6	7	10	#
3	311890	0	1	2	3	4	7	10	#
4	301643	0	1	2	3	4	5	10	#
5	293051	1	2	4	5	7	8	10	#
6	258780	0	2	3	5	6	8	10	#
7	76460	9	#
8	201447	1	2	4	11	#
9	260005	1	2	5	11	#
10	181190	1	2	8	11	#
11	171419	0	3	4	11	#
12	74435	3	6	76	#
13	137824	0	1	2	4	#
14	145456	1	4	76	#
15	120595	0	3	6	7	#
16	198010	2	5	7	8	13	#
17	179580	0	3	6	7	13	#
18	194343	4	5	#
19	443472	0	1	3	4	5	6	7	28	#
20	564396	0	1	3	4	5	6	7	8	9	#
21	127803	5	#
22	268839	0	1	2	3	4	5	8	15	#
23	325383	0	1	2	4	5	7	8	15	#
24	317982	0	1	2	3	4	6	7	15	#
25	296352	0	1	2	4	6	7	9	15	#
26	485418	0	1	3	4	5	6	7	8	#
27	439809	0	1	2	3	4	5	6	28	#
28	445151	0	1	2	3	4	5	8	28	#
29	444943	0	1	2	3	4	5	6	8	9	#
30	372298	1	2	3	4	5	6	8	17	#
31	394142	1	2	3	4	5	6	7	17	#
32	360337	0	1	3	4	5	6	8	17	#
33	318799	0	1	2	3	4	5	8	17	#
34	309349	0	1	2	3	4	5	9	17	#
35	255095	0	1	2	3	4	6	7	17	#
36	369397	0	1	2	3	4	5	7	8	18	#
37	340310	1	2	3	4	5	6	7	8	18	#
38	334607	0	1	2	4	5	6	7	8	18	#
39	329098	0	1	2	3	4	5	6	8	18	#
40	298216	0	1	2	3	5	6	7	8	18	#
41	376893	0	1	3	4	5	7	8	78	#
42	156429	0	1	2	3	#
43	351783	0	1	2	3	4	5	6	8	68	#
44	369874	2	3	4	5	6	7	8	20	#
45	354879	1	2	3	4	5	6	8	20	#
46	345020	0	2	3	4	5	6	7	20	#
47	323805	2	4	5	6	7	8	9	20	#
48	452317	0	1	2	4	5	7	8	28	#
49	239595	1	3	4	6	21	#
50	301816	1	3	4	5	21	#
51	283958	0	1	3	4	21	#
52	234328	0	1	3	6	21	#
53	54799	0	1	41	#
54	458414	0	1	2	3	4	5	9	28	#
55	467535	0	1	2	4	5	6	7	8	9	#
56	318664	2	3	4	5	8	24	#
57	407869	1	3	4	5	8	24	#
58	385294	1	4	5	8	9	24	#
59	363809	1	2	4	5	8	24	#
60	279920	1	2	4	5	8	61	#
61	187341	1	2	4	27	#
62	258838	2	4	5	27	#
63	253777	3	4	7	27	#
64	81093	0	3	29	#
65	100369	0	1	29	#
66	80313	2	3	29	#
67	376147	0	1	2	4	5	7	8	30	#
68	428252	0	1	3	4	5	7	8	30	#
69	425709	1	2	3	4	5	7	8	30	#
70	410850	0	1	2	3	4	5	7	30	#
71	349724	0	1	2	3	4	5	8	30	#
72	309970	1	2	4	5	31	#
73	307170	3	4	5	7	31	#
74	251266	1	2	5	8	31	#
75	282506	1	3	4	5	6	7	9	32	#
76	256330	1	3	4	5	6	7	8	32	#
77	248208	1	2	3	4	5	6	9	32	#
78	222945	0	1	3	4	5	6	8	32	#
79	201963	0	1	2	4	5	8	9	32	#
80	200392	0	1	3	4	5	6	7	32	#
81	302658	0	2	3	4	5	7	8	78	#
82	87581	7	9	#
83	221023	1	3	4	34	#
84	241154	4	5	8	34	#
85	194031	0	1	4	34	#
86	138578	0	1	3	34	#
87	215112	0	3	4	35	#
88	193820	0	1	3	35	#
89	136282	1	2	4	35	#
90	482079	0	1	2	3	4	5	7	8	9	#
91	341020	0	1	2	3	4	5	6	7	38	#
92	375779	1	2	3	4	5	6	7	8	38	#
93	322766	0	1	2	3	4	5	6	8	38	#
94	592198	0	1	2	3	4	5	6	7	9	#
95	61937	0	3	41	#
96	172115	2	5	8	42	#
97	225091	1	2	5	42	#
98	229808	3	4	5	6	43	#
99	252101	1	3	4	6	43	#
100	213095	3	4	6	7	43	#
101	171243	2	4	5	8	43	#
102	114765	0	1	4	#
103	123365	0	1	3	4	#
104	102955	0	3	47	#
105	139701	3	6	47	#
106	108381	0	1	47	#
107	316607	0	1	2	4	5	8	48	#
108	458415	1	2	3	4	5	7	48	#
109	410877	2	3	4	5	7	8	48	#
110	394160	0	1	2	4	5	7	48	#
111	390948	1	2	4	5	7	8	48	#
112	384074	0	1	2	3	4	5	48	#
113	323735	0	1	3	4	5	6	8	78	#
114	167397	2	5	#
115	111741	0	3	6	50	#
116	157374	3	5	6	50	#
117	85856	0	3	8	50	#
118	194909	1	3	4	7	51	#
119	199177	1	3	4	5	51	#
120	193359	0	1	3	4	51	#
121	163718	3	4	76	#
122	122941	0	1	7	52	#
123	181974	0	1	4	52	#
124	114749	0	1	2	52	#
125	45705	7	#
126	116498	1	4	54	#
127	143101	4	7	54	#
128	109297	3	4	#
129	210344	0	3	6	7	55	#
130	227941	3	4	6	7	55	#
131	204639	0	1	2	5	55	#
132	195600	2	3	4	5	55	#
133	544042	1	2	3	4	5	6	7	8	9	#
134	79976	3	6	#
135	115154	6	7	#
136	58335	3	#
137	318641	0	1	2	5	9	61	#
138	319751	0	1	2	4	5	61	#
139	306507	0	1	2	3	5	61	#
140	93819	0	3	6	62	#
141	134315	0	3	4	62	#
142	59891	4	#
143	291181	0	1	2	3	4	5	6	8	63	#
144	324713	1	2	3	4	5	6	7	8	63	#
145	307707	0	1	2	3	4	5	8	9	63	#
146	306163	0	1	2	3	4	5	7	8	63	#
147	331192	1	2	3	4	5	7	8	78	#
148	170924	0	3	4	5	64	#
149	99061	0	3	4	7	64	#
150	414722	0	1	2	3	4	5	6	9	65	#
151	395190	0	1	2	3	4	5	7	9	65	#
152	386006	0	1	3	4	5	7	8	9	65	#
153	345351	0	1	2	3	4	5	6	7	65	#
154	315741	0	1	2	3	4	5	6	8	65	#
155	181558	5	8	66	#
156	214826	4	5	66	#
157	248702	0	1	2	3	4	5	67	#
158	266396	1	2	4	5	7	8	67	#
159	233703	0	1	2	4	5	8	67	#
160	339405	0	1	2	3	4	5	8	9	68	#
161	410123	0	1	2	3	4	5	6	7	68	#
162	397745	0	1	2	3	4	5	7	9	68	#
163	383353	0	1	2	3	4	5	7	8	68	#
164	263541	1	2	5	8	69	#
165	259049	1	2	6	7	69	#
166	218883	0	1	2	5	69	#
167	331459	0	1	2	3	4	5	8	78	#
168	136276	0	1	3	6	#
169	399759	0	1	2	3	4	5	9	71	#
170	428833	1	2	3	4	5	6	7	71	#
171	405467	0	1	2	3	4	5	6	71	#
172	375468	1	2	3	4	5	6	8	71	#
173	269028	3	4	7	72	#
174	323558	4	5	7	72	#
175	291874	3	4	5	72	#
176	237444	2	4	5	72	#
177	79060	0	1	2	#
178	312945	0	1	2	3	4	5	8	73	#
179	332378	2	3	4	5	6	7	8	73	#
180	320186	0	1	2	3	4	5	6	73	#
181	295156	1	2	4	5	6	7	8	73	#
182	284778	0	2	3	4	5	6	8	73	#
183	278148	4	5	7	8	74	#
184	369929	1	4	5	7	74	#
185	242268	0	1	4	5	74	#
186	240107	1	4	6	7	74	#
187	151030	4	7	75	#
188	91721	2	4	75	#
189	145990	3	6	7	80	#
190	178616	4	6	7	80	#
191	151125	3	4	5	80	#
192	151922	5	8	84	#
193	94421	2	5	84	#
194	285463	0	1	3	4	85	#
195	239712	0	3	4	7	85	#
196	219051	0	1	3	6	85	#
197	299138	0	3	4	6	7	86	#
198	429330	1	3	4	5	7	86	#
199	410802	0	3	4	5	7	86	#
200	395917	3	4	5	6	7	86	#
201	344165	2	4	5	7	9	86	#
202	332552	0	1	3	4	7	86	#
