%% File generated by CATS v.2.1Fri Mar 15 18:24:56 2019

%% The CATS webpage is http://robotics.stanford.edu/CATS

%% PARAMETER SETTINGS:
% Goods: 25; Bids: 800; Distribution: regions-npv; Runs: 10; Seed: 1552698957
% Regions Distribution Parameters:
% Max Substitutable Bids = 5
% Removing HV Neighbor   = 0.1
% Adding DIAG Neighbor   = 0.2
% Additional Location    = 0.9
% Jump Probability       = 0.05
% Additivity             = 0.2
% Budget Factor          = 1.5
% Resale Factor          = 0.5
% Normal Private Value:
%   Mean                 = 0
%   Standard Deviation   = 30



goods 25
bids 801
dummy 152

0	900164	1	3	7	9	10	11	13	14	15	17	18	19	20	21	22	23	25	#
1	957319	2	3	5	7	8	9	10	12	13	15	16	17	20	21	22	23	25	#
2	937174	0	1	2	3	5	6	7	8	9	10	13	14	15	18	19	21	25	#
3	916928	3	4	5	7	8	10	13	14	15	16	17	18	20	21	22	23	25	#
4	911208	5	6	7	9	10	13	14	15	17	18	19	20	21	22	23	24	25	#
5	906223	2	3	4	5	7	8	9	10	12	13	15	17	18	21	22	23	25	#
6	256049	0	5	6	10	11	12	17	26	#
7	301041	5	6	10	11	15	16	17	26	#
8	208016	7	12	13	17	18	23	24	26	#
9	170695	7	8	12	13	17	18	23	26	#
10	143121	19	24	#
11	779079	0	1	2	3	4	5	6	7	8	9	11	12	13	14	16	17	18	22	23	27	#
12	1081615	0	1	2	3	4	5	6	7	8	9	10	11	12	13	15	16	17	20	21	27	#
13	1043377	1	2	3	4	7	8	9	10	12	13	14	15	16	17	18	20	21	22	23	27	#
14	1007296	1	3	4	5	7	8	9	10	11	12	13	14	15	17	18	20	21	22	23	27	#
15	1005721	1	2	3	4	5	6	7	8	9	10	13	14	15	16	18	20	21	22	23	27	#
16	957513	0	1	3	5	6	7	10	11	12	13	14	15	16	17	18	20	21	22	23	27	#
17	1470522	0	1	2	3	4	5	6	7	8	9	10	11	12	13	14	15	16	17	18	19	20	21	22	23	24	#
18	625637	0	1	2	3	5	6	7	8	13	18	28	#
19	644681	1	2	3	7	8	12	13	14	17	19	28	#
20	614300	0	1	2	3	7	8	12	13	14	19	28	#
21	580544	0	1	5	6	7	10	11	16	17	22	28	#
22	575967	0	1	2	3	6	7	8	9	12	13	28	#
23	575080	0	1	2	5	6	7	11	12	17	23	28	#
24	505901	2	3	7	8	11	13	16	17	18	22	23	29	#
25	641049	9	11	13	14	16	17	18	19	22	23	24	29	#
26	562494	5	6	10	11	14	15	16	17	18	22	23	29	#
27	526757	2	3	4	7	8	9	13	14	18	19	24	29	#
28	515870	3	5	7	10	11	12	14	15	16	17	23	29	#
29	510475	0	5	6	10	11	12	15	16	17	22	23	29	#
30	43533	4	#
31	218096	1	2	6	7	12	30	#
32	280239	0	1	5	6	10	30	#
33	237272	2	7	12	15	20	30	#
34	222021	1	2	3	6	8	30	#
35	160769	5	6	10	11	12	30	#
36	122120	2	3	4	7	12	30	#
37	85088	1	#
38	65742	0	#
39	213824	0	1	5	6	10	11	31	#
40	267961	5	6	11	12	17	20	31	#
41	231330	1	2	3	5	6	10	31	#
42	223902	1	5	6	10	11	17	31	#
43	206387	0	1	2	3	5	6	31	#
44	137001	0	1	2	3	5	8	31	#
45	328724	2	7	9	12	13	32	#
46	437800	1	2	3	7	13	32	#
47	391806	1	2	3	7	8	32	#
48	309670	3	7	8	13	18	32	#
49	289558	1	2	7	8	12	32	#
50	226401	3	4	8	9	14	32	#
51	511019	2	3	4	7	8	9	11	12	16	17	33	#
52	689329	0	1	2	3	5	6	10	11	15	17	33	#
53	677017	0	1	2	3	7	8	9	12	15	21	33	#
54	638588	3	5	6	7	8	11	12	16	17	21	33	#
55	634869	1	2	3	6	7	8	10	11	12	17	33	#
56	614986	1	2	3	4	7	8	9	12	14	17	33	#
57	669982	10	11	12	15	16	17	18	20	21	22	23	24	34	#
58	734572	1	5	6	10	11	15	16	17	20	21	22	23	34	#
59	732513	9	10	11	15	16	17	19	20	21	22	23	24	34	#
60	694375	5	6	10	11	12	15	16	17	20	21	22	23	34	#
61	686077	5	12	13	15	17	18	19	20	21	22	23	24	34	#
62	679877	2	3	5	6	11	15	16	17	20	21	22	23	34	#
63	189904	11	12	17	35	#
64	245062	11	16	17	35	#
65	194184	10	12	17	35	#
66	100564	5	6	11	35	#
67	163981	13	14	18	19	24	36	#
68	191965	17	18	22	23	24	36	#
69	128610	14	18	19	23	24	36	#
70	112774	3	8	12	13	18	36	#
71	856221	3	7	8	9	10	12	13	14	15	16	17	18	19	20	22	23	24	37	#
72	1148535	1	2	3	4	7	8	9	12	13	14	15	16	17	18	19	20	21	37	#
73	1089314	0	1	2	3	5	6	7	8	10	11	13	15	16	17	20	21	22	37	#
74	1067403	1	2	3	4	6	7	8	9	10	11	12	14	15	16	17	21	22	37	#
75	1067239	2	3	6	7	8	9	11	12	15	16	17	19	20	21	22	23	24	37	#
76	1058184	1	2	3	4	6	7	8	9	11	12	14	16	17	19	21	23	24	37	#
77	51419	19	#
78	1085946	3	4	5	6	7	8	9	10	11	12	13	14	15	16	17	20	21	22	23	38	#
79	1217751	1	2	3	4	5	6	7	8	9	10	11	12	13	14	15	16	17	19	21	38	#
80	1168700	1	2	3	4	7	8	9	10	11	12	13	14	15	16	17	18	19	20	21	38	#
81	1168640	1	2	3	5	6	7	8	9	10	11	12	13	14	15	16	17	20	21	22	38	#
82	1102660	2	4	5	6	7	8	9	10	11	12	13	14	15	16	17	18	20	21	22	38	#
83	1095208	0	1	2	3	6	7	8	9	10	11	12	13	14	17	18	19	21	22	24	38	#
84	471848	1	2	3	4	7	8	9	39	#
85	452782	2	3	4	7	8	9	14	39	#
86	431686	2	7	8	9	13	14	18	39	#
87	429864	2	3	4	7	10	11	12	39	#
88	414511	1	2	3	7	8	13	14	39	#
89	370996	2	3	4	7	8	13	14	39	#
90	151710	14	16	17	18	19	22	23	24	40	#
91	220545	7	12	13	14	18	19	22	24	40	#
92	208966	13	14	17	18	19	22	23	24	40	#
93	199918	7	8	12	13	14	18	19	23	40	#
94	368770	1	2	3	4	7	8	9	12	13	18	41	#
95	453940	1	2	3	4	7	8	9	12	13	17	41	#
96	413507	1	2	3	7	8	9	12	13	14	19	41	#
97	364594	1	2	3	4	6	7	8	11	12	17	41	#
98	347646	2	3	4	7	8	11	12	16	17	22	41	#
99	347616	2	3	4	7	8	9	13	14	18	19	41	#
100	13689	24	#
101	1026141	0	1	2	5	6	7	8	9	10	11	12	13	14	15	16	17	18	20	21	22	23	24	42	#
102	1082593	0	1	3	5	6	8	9	10	11	12	13	14	15	16	17	18	19	20	21	22	23	24	42	#
103	1075239	0	1	2	5	6	8	9	10	11	12	13	14	15	16	17	18	19	20	21	22	23	24	42	#
104	1072160	0	1	2	3	5	6	7	8	9	10	11	12	13	15	16	17	18	20	21	22	23	24	42	#
105	1068366	0	1	2	3	4	5	6	8	9	10	11	12	13	15	16	17	19	20	21	22	23	24	42	#
106	1054617	0	1	4	5	6	8	9	10	11	12	13	14	15	16	17	18	19	20	21	22	23	24	42	#
107	387182	6	11	16	17	19	23	24	43	#
108	566050	16	17	19	20	21	23	24	43	#
109	392236	1	2	3	6	7	8	13	43	#
110	376596	6	11	12	15	16	17	21	43	#
111	332869	16	17	18	21	22	23	24	43	#
112	243637	2	11	12	16	17	21	22	43	#
113	782313	1	2	3	4	6	7	8	9	11	12	13	14	15	16	17	18	19	21	22	23	24	44	#
114	1083310	0	1	2	5	6	9	10	11	12	13	14	15	16	17	18	19	20	21	22	23	24	44	#
115	1081677	0	1	2	3	5	6	9	11	12	13	14	15	16	17	18	19	20	21	22	23	24	44	#
116	1079712	0	1	2	3	4	5	6	9	10	11	12	13	14	15	16	17	18	19	20	21	22	44	#
117	1052651	0	1	2	3	4	5	6	8	9	10	11	12	13	14	15	16	17	18	20	21	24	44	#
118	1039214	0	1	2	5	6	7	9	11	12	13	14	15	16	17	18	19	20	21	22	23	24	44	#
119	147799	0	1	2	45	#
120	152799	2	3	7	45	#
121	125625	1	2	6	45	#
122	118011	0	1	5	45	#
123	529123	0	1	2	5	6	10	11	12	17	23	46	#
124	590101	0	1	2	3	6	11	15	16	17	21	46	#
125	589850	0	1	2	3	5	6	11	15	16	17	46	#
126	545391	0	1	2	5	6	11	12	13	16	17	46	#
127	541497	0	1	2	5	6	10	11	12	15	23	46	#
128	522761	0	1	2	3	4	6	7	11	19	24	46	#
129	219942	14	17	19	24	47	#
130	240626	11	12	17	23	47	#
131	229422	17	18	23	24	47	#
132	210472	7	13	14	19	47	#
133	205057	14	19	23	24	47	#
134	158161	14	18	20	48	#
135	215261	9	14	18	48	#
136	175053	9	13	14	48	#
137	302532	11	15	16	17	18	19	20	22	23	49	#
138	419101	5	6	10	11	15	16	17	20	21	49	#
139	411086	10	15	16	17	19	21	22	23	24	49	#
140	403620	2	3	6	7	8	11	12	16	17	49	#
141	402587	4	8	9	11	17	20	21	22	23	49	#
142	317419	4	7	9	12	13	14	19	23	24	49	#
143	679374	5	6	10	11	12	13	15	16	20	21	50	#
144	786194	5	6	10	11	12	15	16	17	20	21	50	#
145	752592	5	10	11	15	16	17	18	20	21	22	50	#
146	749720	5	6	10	11	15	16	17	20	21	22	50	#
147	709209	5	6	10	12	15	16	17	20	21	22	50	#
148	693077	1	2	3	5	6	7	11	12	13	18	50	#
149	11452	22	#
150	75302	14	19	#
151	201149	1	2	51	#
152	179689	2	7	51	#
153	520238	1	2	3	4	7	8	9	11	12	13	14	17	18	19	52	#
154	738883	1	2	3	6	7	9	11	12	13	14	15	16	17	18	52	#
155	713287	0	1	2	3	5	6	7	8	10	11	15	16	17	22	52	#
156	712431	0	1	2	3	4	6	7	8	9	12	13	14	17	18	52	#
157	660157	1	2	3	4	5	6	7	8	9	13	14	17	18	23	52	#
158	656034	1	5	6	9	10	11	12	15	16	17	18	20	21	23	52	#
159	954063	2	3	5	6	7	10	11	12	15	16	17	20	21	22	23	53	#
160	1109034	2	6	7	9	10	11	12	13	15	16	17	20	21	22	23	53	#
161	1050006	0	5	6	10	11	12	13	14	15	16	17	20	21	22	23	53	#
162	1034098	0	1	2	5	10	11	12	13	14	15	16	17	18	20	21	53	#
163	996408	1	2	6	7	8	9	10	11	13	15	16	17	20	21	22	53	#
164	996053	0	5	6	7	10	11	12	13	14	15	16	17	18	20	21	53	#
165	250850	15	20	21	54	#
166	244872	10	15	20	54	#
167	139429	10	15	16	54	#
168	290109	0	1	2	5	6	55	#
169	320729	1	5	6	10	11	55	#
170	311206	1	2	3	7	8	55	#
171	305506	2	7	8	13	18	55	#
172	263713	0	5	6	19	24	55	#
173	259046	6	10	11	12	17	55	#
174	917601	0	1	4	5	6	7	8	9	10	11	12	13	14	15	16	17	18	19	20	21	22	23	24	56	#
175	1035631	0	1	2	3	4	5	6	7	8	9	10	11	12	13	15	16	17	18	20	21	22	23	24	56	#
176	1025732	0	1	2	3	4	5	6	7	8	10	11	12	13	15	16	17	18	19	20	21	22	23	24	56	#
177	1008540	1	2	3	4	5	6	7	8	9	10	11	13	14	15	16	17	18	19	20	21	22	23	24	56	#
178	1007311	0	1	2	3	4	5	6	7	8	9	10	11	12	13	15	16	17	19	20	21	22	23	24	56	#
179	1002829	0	1	2	3	4	6	7	8	9	10	11	12	13	14	15	16	17	18	20	21	22	23	24	56	#
180	396650	2	3	4	7	8	11	12	13	14	17	18	19	23	57	#
181	539355	2	3	4	7	8	9	10	12	13	14	15	20	21	57	#
182	537755	7	10	11	12	13	14	15	16	17	19	20	21	22	57	#
183	530197	2	7	8	11	12	13	14	15	16	17	20	21	22	57	#
184	452768	4	6	10	11	14	15	16	17	19	21	22	23	24	57	#
185	415657	2	3	7	8	9	11	12	13	14	16	17	18	19	57	#
186	609686	0	5	6	10	11	15	16	20	58	#
187	686522	7	8	10	11	12	13	15	20	58	#
188	656142	5	10	11	15	17	20	21	22	58	#
189	644067	5	10	11	15	16	17	20	21	58	#
190	572483	3	7	8	11	12	15	16	21	58	#
191	539456	0	1	5	6	10	11	16	21	58	#
192	816845	1	2	5	6	7	10	11	12	13	14	15	16	17	18	19	20	21	22	59	#
193	914736	0	1	2	5	6	7	10	11	12	13	14	15	16	17	18	19	20	21	59	#
194	895850	0	1	2	3	5	6	7	10	11	12	13	14	15	16	17	20	21	22	59	#
195	840565	0	1	2	3	5	6	7	10	11	12	13	15	16	17	18	20	21	22	59	#
196	805098	1	2	3	4	7	8	9	10	13	14	15	16	17	19	20	21	22	23	59	#
197	790889	0	1	2	5	6	7	10	11	12	13	15	16	17	18	20	21	22	23	59	#
198	405621	2	3	4	7	8	9	11	12	13	14	60	#
199	579189	1	3	5	6	10	11	15	16	17	21	60	#
200	541204	1	2	3	4	7	8	9	12	13	17	60	#
201	533861	0	1	2	3	4	7	8	13	14	19	60	#
202	465170	1	2	3	4	7	8	9	13	14	18	60	#
203	439903	5	8	10	11	12	13	14	16	17	18	60	#
204	789824	0	2	3	5	6	7	10	11	12	15	16	17	20	21	22	61	#
205	972152	0	1	2	5	6	7	8	10	11	15	16	17	20	21	22	61	#
206	946053	0	1	2	3	5	6	7	8	9	10	11	13	15	16	20	61	#
207	868188	0	1	2	5	6	10	11	12	14	15	16	17	20	21	23	61	#
208	849878	1	2	3	4	7	8	9	11	12	13	14	15	16	20	21	61	#
209	842739	0	1	5	6	10	11	13	15	16	17	18	20	21	22	23	61	#
210	877124	2	3	7	8	10	11	12	13	14	15	16	17	18	20	22	23	62	#
211	1061021	1	2	3	5	6	7	8	10	11	13	15	16	17	20	21	22	62	#
212	988871	1	2	3	5	6	7	8	10	11	12	13	15	16	17	21	22	62	#
213	954550	2	3	7	8	10	11	12	13	14	15	16	17	18	19	20	22	62	#
214	949092	1	6	7	8	10	11	12	13	14	15	16	17	18	20	21	22	62	#
215	946122	6	8	9	10	11	12	13	14	15	16	17	18	19	20	21	24	62	#
216	200267	11	16	20	21	63	#
217	240502	11	12	15	21	63	#
218	235030	15	20	21	22	63	#
219	133041	11	12	17	22	63	#
220	120361	11	12	16	17	63	#
221	212000	7	9	12	13	14	64	#
222	270962	2	3	7	12	13	64	#
223	217243	2	3	7	8	12	64	#
224	216777	7	8	9	13	14	64	#
225	145962	0	1	6	11	12	64	#
226	54970	8	9	14	19	24	64	#
227	341455	0	1	2	3	5	6	8	10	65	#
228	454962	5	10	11	12	15	16	17	21	65	#
229	421211	0	1	2	5	6	10	11	12	65	#
230	358783	1	2	6	10	11	12	15	16	65	#
231	342219	2	3	7	8	10	11	12	13	65	#
232	340526	1	2	5	6	7	11	12	13	65	#
233	31126	8	13	14	18	#
234	216697	11	12	16	17	134	#
235	985257	0	1	5	6	10	11	12	13	15	16	17	18	20	21	22	67	#
236	1070701	0	1	2	5	6	7	8	9	10	11	15	16	17	20	21	67	#
237	1022575	0	1	2	3	5	6	7	10	11	15	16	17	20	21	22	67	#
238	1002855	0	1	2	4	5	6	8	9	10	11	15	16	17	18	21	67	#
239	990682	0	1	5	6	10	11	12	15	16	17	20	21	22	23	24	67	#
240	948277	0	1	5	6	7	10	11	12	15	16	17	20	21	22	23	67	#
241	268725	1	2	3	6	68	#
242	290663	1	2	5	6	68	#
243	275807	0	1	5	6	68	#
244	273751	0	1	2	5	68	#
245	116837	3	4	8	9	68	#
246	479015	1	2	3	7	8	9	12	13	14	19	69	#
247	602324	7	8	12	13	16	17	21	22	23	24	69	#
248	546545	7	11	12	13	14	16	17	18	19	23	69	#
249	505562	0	1	2	3	6	7	8	11	12	16	69	#
250	490847	2	3	6	7	8	9	11	12	13	14	69	#
251	464759	2	6	7	8	9	11	12	13	14	18	69	#
252	94486	10	#
253	113759	17	22	23	#
254	460849	15	16	17	21	22	23	70	#
255	550663	10	15	16	17	21	22	70	#
256	442932	16	17	18	21	22	23	70	#
257	395822	10	11	15	16	17	22	70	#
258	346914	8	12	17	18	22	23	70	#
259	345934	11	12	15	16	17	21	70	#
260	143494	10	15	16	71	#
261	213959	16	21	22	71	#
262	148176	5	10	15	71	#
263	119551	10	11	15	71	#
264	527671	6	7	10	11	12	14	17	18	21	22	23	72	#
265	690178	1	5	6	10	15	16	17	20	21	22	23	72	#
266	686891	1	5	6	10	11	12	15	16	17	20	21	72	#
267	681395	0	1	2	7	11	12	17	20	21	22	23	72	#
268	642009	10	11	12	15	16	17	20	21	22	23	24	72	#
269	616350	6	11	12	13	15	16	17	20	21	22	23	72	#
270	299586	7	8	9	12	13	73	#
271	297262	3	7	12	13	14	73	#
272	245133	9	11	12	16	21	73	#
273	242785	8	12	13	18	23	73	#
274	227872	3	7	8	13	18	73	#
275	170154	3	4	7	8	9	73	#
276	25771	22	23	24	74	#
277	63219	14	19	24	74	#
278	543479	2	3	7	8	11	12	13	14	17	19	22	23	24	76	#
279	666605	3	5	7	8	9	10	11	12	13	14	16	17	19	76	#
280	650310	1	2	6	7	10	11	12	15	16	17	20	23	24	76	#
281	650126	2	4	7	8	9	10	11	12	13	14	17	19	24	76	#
282	647333	1	6	10	11	12	13	15	16	17	20	21	22	23	76	#
283	596283	0	1	5	8	10	12	13	14	17	18	19	23	24	76	#
284	830078	1	2	3	4	6	7	8	9	11	12	13	14	15	16	17	19	20	21	22	23	77	#
285	1009602	0	1	2	3	5	6	7	10	11	12	13	15	16	17	19	20	21	22	23	24	77	#
286	999671	0	1	2	3	4	5	6	7	8	9	10	11	12	13	15	17	20	21	22	23	77	#
287	984860	2	3	5	6	7	8	10	11	12	13	14	15	16	17	19	20	21	22	23	24	77	#
288	964974	0	5	6	7	8	10	11	12	13	14	15	16	17	18	19	20	21	22	23	24	77	#
289	954099	0	1	2	3	4	5	6	7	8	9	10	11	12	13	14	15	17	18	20	21	77	#
290	388704	14	16	17	18	19	22	23	24	78	#
291	411121	10	12	15	16	17	21	22	23	78	#
292	399757	15	16	17	18	21	22	23	24	78	#
293	333357	8	13	14	17	18	19	22	23	78	#
294	329713	7	8	12	13	14	18	19	24	78	#
295	328446	3	7	12	13	14	17	22	23	78	#
296	969779	0	1	2	3	4	5	7	8	9	10	11	12	13	14	15	16	17	18	19	20	21	22	23	24	79	#
297	943473	0	1	2	3	4	5	6	7	8	9	10	11	12	13	14	15	16	17	18	19	20	21	22	23	79	#
298	936152	0	1	3	4	5	6	7	8	9	10	11	12	13	14	15	16	17	18	19	20	21	22	23	24	79	#
299	922009	0	2	3	4	5	6	7	8	9	10	11	12	13	14	15	16	17	18	19	20	21	22	23	24	79	#
300	901525	0	1	2	3	4	6	7	8	9	10	11	12	13	14	15	16	17	18	19	20	21	22	23	24	79	#
301	879760	0	1	2	3	4	5	6	7	8	9	10	11	12	13	14	15	16	17	18	19	21	22	23	24	79	#
302	914042	0	5	6	10	11	15	16	17	18	19	20	21	22	23	24	80	#
303	1007727	0	1	5	6	7	10	11	12	13	15	16	17	20	21	22	80	#
304	989691	0	5	7	8	10	11	12	13	15	16	17	18	20	21	22	80	#
305	965649	0	1	5	6	10	11	12	13	15	16	17	18	20	21	22	80	#
306	926103	0	1	3	5	6	7	8	10	11	12	13	15	16	17	21	80	#
307	892732	0	1	2	5	6	7	10	11	12	13	14	15	16	17	22	80	#
308	340175	5	6	10	15	16	20	21	81	#
309	427033	0	1	5	6	10	15	20	81	#
310	403394	5	10	11	12	15	20	21	81	#
311	385455	10	11	15	16	17	20	22	81	#
312	381940	15	17	18	20	21	22	23	81	#
313	369033	5	6	7	10	11	12	17	81	#
314	528673	4	8	9	14	15	16	17	18	19	23	24	82	#
315	707413	9	10	11	12	13	14	17	18	19	22	23	82	#
316	671433	5	8	9	12	13	14	17	18	19	22	23	82	#
317	602585	4	8	9	12	13	14	15	18	21	22	23	82	#
318	602403	9	10	11	14	16	17	18	19	22	23	24	82	#
319	600920	10	11	12	13	15	16	17	20	21	22	23	82	#
320	143174	19	23	24	83	#
321	98744	18	23	24	83	#
322	94974	14	19	24	83	#
323	829054	0	1	2	3	4	5	6	7	8	9	10	11	12	13	14	15	17	18	20	21	22	23	84	#
324	889993	0	1	2	3	4	5	6	7	8	9	10	11	13	14	15	17	18	19	20	21	23	24	84	#
325	872707	0	1	2	3	4	5	6	7	8	10	11	12	13	14	15	16	17	19	20	21	23	24	84	#
326	864066	0	1	2	3	4	5	6	7	8	9	10	11	12	13	14	15	16	17	20	21	22	23	84	#
327	860954	0	1	2	3	4	5	6	7	8	9	10	11	12	15	16	17	19	20	21	22	23	24	84	#
328	845602	0	1	2	3	4	5	6	7	8	9	10	11	12	13	14	15	16	17	19	21	23	24	84	#
329	161226	14	17	18	22	23	24	85	#
330	230355	8	9	13	17	18	23	85	#
331	197071	8	9	13	14	18	19	85	#
332	181691	16	17	18	22	23	24	85	#
333	95897	13	14	18	19	23	24	85	#
334	190336	8	12	13	18	86	#
335	233603	7	8	12	13	86	#
336	229035	3	7	8	9	86	#
337	125872	13	14	18	19	86	#
338	39974	15	16	#
339	55863	18	22	23	88	#
340	64147	14	18	23	88	#
341	167163	13	14	19	89	#
342	133553	2	14	18	89	#
343	131030	14	18	19	89	#
344	74771	8	11	13	89	#
345	150189	4	9	14	19	90	#
346	201960	3	4	8	13	90	#
347	165252	8	9	13	14	90	#
348	152873	19	22	23	24	90	#
349	105215	1	12	13	91	#
350	97989	7	12	13	91	#
351	62963	13	14	18	91	#
352	23981	11	#
353	419996	3	5	6	10	11	15	16	17	21	22	23	24	92	#
354	577142	0	1	5	6	8	10	11	15	16	17	20	21	92	#
355	546369	0	5	7	10	11	12	13	15	16	17	21	22	92	#
356	544702	0	1	5	6	10	11	15	16	17	20	21	22	92	#
357	482267	4	8	9	10	11	12	16	17	20	21	22	23	92	#
358	441794	0	1	2	3	5	6	8	10	11	12	16	17	92	#
359	183065	1	2	3	6	93	#
360	215595	1	2	3	7	93	#
361	211162	6	11	17	24	93	#
362	193295	1	5	6	12	93	#
363	121302	3	7	8	12	93	#
364	104526	2	7	94	#
365	109340	2	3	94	#
366	186871	20	21	95	#
367	138731	15	21	95	#
368	259758	5	6	10	11	12	16	96	#
369	339399	3	4	7	8	12	13	96	#
370	305804	7	11	12	13	17	23	96	#
371	284682	0	3	5	10	11	15	96	#
372	275468	11	12	16	17	21	22	96	#
373	258058	5	6	9	10	11	16	96	#
374	662522	2	3	4	7	8	9	10	11	12	13	14	15	16	17	18	19	22	24	97	#
375	845848	0	1	2	4	5	6	9	10	11	12	14	15	16	17	18	19	20	21	97	#
376	840169	0	2	3	5	7	10	11	12	13	15	16	17	18	20	21	22	23	24	97	#
377	806681	2	3	4	7	9	10	11	13	14	15	16	17	18	20	21	22	23	24	97	#
378	800501	0	1	2	3	4	5	7	8	9	10	11	12	13	14	17	18	19	23	97	#
379	794292	0	1	2	3	4	5	6	7	10	11	12	13	14	15	17	18	22	23	97	#
380	353379	10	15	16	20	21	98	#
381	349215	10	11	15	16	21	98	#
382	310818	6	10	11	15	17	98	#
383	297191	11	12	16	17	24	98	#
384	278777	11	12	15	16	20	98	#
385	136752	10	11	99	#
386	146790	5	10	99	#
387	23813	11	16	99	#
388	458804	0	1	2	3	4	5	7	8	12	100	#
389	512827	1	2	3	4	7	8	12	13	17	100	#
390	484230	0	1	2	3	5	6	7	13	15	100	#
391	465248	2	3	7	8	11	12	17	18	23	100	#
392	446472	1	2	3	5	6	7	8	13	14	100	#
393	387801	1	2	3	4	7	8	11	12	13	100	#
394	1065257	0	1	2	3	4	5	6	7	8	9	10	11	12	13	14	15	16	17	18	19	21	22	23	24	101	#
395	1167714	0	1	2	3	4	5	6	7	8	9	10	11	12	13	14	15	16	17	19	20	21	22	23	24	101	#
396	1131938	0	1	2	3	5	6	7	8	9	10	11	12	13	14	15	16	17	18	19	20	21	22	23	24	101	#
397	1131098	0	1	2	3	4	5	6	7	8	10	11	12	13	14	15	16	17	18	19	20	21	22	23	24	101	#
398	1130202	0	1	2	3	4	5	7	8	9	10	11	12	13	14	15	16	17	18	19	20	21	22	23	24	101	#
399	1124815	0	1	2	3	4	5	6	7	8	9	10	11	12	13	15	16	17	18	19	20	21	22	23	24	101	#
400	956483	2	3	6	7	8	10	11	12	13	15	16	17	18	20	21	22	23	102	#
401	1055753	0	1	2	3	5	6	7	8	10	11	12	13	15	16	17	21	22	102	#
402	1051358	1	5	6	7	8	10	11	12	13	14	15	16	17	20	21	22	23	102	#
403	994432	0	1	5	6	7	8	10	11	12	13	15	16	17	18	20	21	22	102	#
404	980236	4	5	7	8	9	10	11	12	13	14	15	16	17	20	21	22	23	102	#
405	978610	1	2	3	4	5	6	7	8	10	11	12	13	16	17	20	21	22	102	#
406	871104	0	1	2	5	6	10	11	12	13	15	16	17	20	103	#
407	909349	0	1	5	6	10	11	12	13	15	16	17	20	21	103	#
408	886554	0	1	2	5	6	10	11	12	16	17	20	21	22	103	#
409	872837	0	1	5	6	10	11	12	15	16	17	20	21	22	103	#
410	870207	1	2	5	6	7	10	11	12	15	16	17	20	21	103	#
411	832007	0	1	2	5	6	10	11	12	15	16	17	20	23	103	#
412	229166	14	19	24	104	#
413	244045	0	14	19	104	#
414	198401	19	23	24	104	#
415	196309	13	14	19	104	#
416	766993	2	3	4	7	8	9	10	11	12	13	14	15	16	17	18	20	21	22	23	24	105	#
417	866375	0	1	2	3	5	6	7	8	10	11	12	13	15	16	17	18	20	21	22	23	105	#
418	841002	0	1	2	3	4	5	6	7	8	9	10	11	12	13	14	15	16	18	20	21	105	#
419	836050	0	1	2	3	4	5	6	7	8	9	10	11	12	13	15	16	17	18	21	23	105	#
420	834897	0	1	2	3	4	5	6	7	8	9	10	11	12	13	14	15	16	17	18	21	105	#
421	832395	0	1	3	5	6	7	8	10	11	12	13	15	16	17	18	20	21	22	23	24	105	#
422	322854	5	6	11	13	14	16	18	20	21	22	23	24	106	#
423	403036	6	7	10	11	12	13	15	16	17	18	21	22	106	#
424	380872	6	7	11	12	15	16	17	18	20	21	22	23	106	#
425	311678	6	11	12	15	16	17	18	20	21	22	23	24	106	#
426	562472	10	11	15	16	17	20	21	22	107	#
427	590997	6	10	11	15	16	17	20	21	107	#
428	535002	11	15	16	17	20	21	22	23	107	#
429	519206	1	2	3	6	15	16	20	21	107	#
430	480998	14	15	16	18	21	22	23	24	107	#
431	451394	0	1	2	5	6	10	11	15	107	#
432	365755	0	1	2	5	6	10	11	15	16	20	108	#
433	519368	0	1	2	5	6	10	11	15	21	22	108	#
434	495780	10	11	15	16	17	20	21	22	23	24	108	#
435	472505	5	6	10	11	15	16	17	20	21	22	108	#
436	445689	0	1	2	3	4	5	6	9	10	11	108	#
437	443235	0	1	6	9	11	14	15	16	21	23	108	#
438	196397	7	12	13	109	#
439	241256	7	8	13	109	#
440	240263	3	7	13	109	#
441	203905	11	12	17	109	#
442	808504	0	1	2	3	5	6	7	10	11	15	16	17	21	22	110	#
443	786346	1	2	3	5	6	10	11	12	15	16	17	20	21	22	110	#
444	783042	0	1	2	3	4	5	6	7	8	10	11	12	15	20	110	#
445	757131	0	1	2	3	4	5	6	7	8	9	10	12	21	22	110	#
446	746951	0	1	2	3	5	6	7	10	11	17	18	21	22	23	110	#
447	702376	0	1	2	3	4	5	6	7	8	9	11	12	13	16	110	#
448	487371	0	5	6	10	11	12	15	16	17	20	111	#
449	658209	1	2	5	6	10	11	15	17	21	22	111	#
450	596688	0	1	2	3	5	6	7	11	17	23	111	#
451	595389	7	8	10	11	12	15	16	17	21	22	111	#
452	586991	1	2	3	5	6	10	11	15	20	21	111	#
453	584424	5	7	10	11	12	15	16	17	21	22	111	#
454	628423	0	1	2	3	4	6	7	8	11	12	13	17	112	#
455	703425	0	1	2	3	4	7	8	9	12	13	17	19	112	#
456	605112	0	1	2	5	6	7	11	12	13	15	16	17	112	#
457	596745	1	2	3	7	8	11	12	15	16	17	20	21	112	#
458	579379	0	1	2	3	5	6	7	8	11	12	13	17	112	#
459	571871	2	3	4	7	8	10	11	12	13	15	16	17	112	#
460	279996	11	12	15	16	17	20	22	23	113	#
461	352077	10	11	15	16	17	20	21	22	113	#
462	351135	3	7	12	16	17	21	22	23	113	#
463	341646	11	12	13	15	16	17	21	23	113	#
464	332456	11	12	15	16	17	20	21	22	113	#
465	326777	1	6	11	12	16	17	22	23	113	#
466	391164	1	2	5	6	7	10	11	12	114	#
467	423309	2	11	17	18	20	21	22	23	114	#
468	412504	0	1	5	6	10	11	15	16	114	#
469	377737	0	1	5	6	10	11	12	16	114	#
470	367734	1	2	5	6	11	12	13	17	114	#
471	360017	0	1	6	8	9	10	11	17	114	#
472	427816	0	5	10	14	15	16	20	115	#
473	556255	1	5	6	10	11	15	20	115	#
474	539895	0	1	5	6	10	15	20	115	#
475	518837	5	10	15	16	17	20	21	115	#
476	449154	0	1	5	6	8	10	11	115	#
477	405740	0	1	6	11	12	16	17	115	#
478	327776	5	10	15	20	116	#
479	321931	15	16	17	21	116	#
480	312202	15	20	21	22	116	#
481	305442	5	10	11	15	116	#
482	140002	0	5	6	11	116	#
483	296221	2	3	4	7	8	9	10	11	12	13	14	16	17	18	117	#
484	442144	7	8	9	11	12	13	14	15	16	17	18	20	21	22	117	#
485	436714	1	2	3	4	7	8	9	11	12	13	14	17	19	24	117	#
486	347229	0	1	2	3	4	7	8	9	12	13	14	17	18	23	117	#
487	253222	3	4	7	8	9	12	13	14	17	18	19	22	23	24	117	#
488	613885	0	1	2	3	4	5	6	7	8	9	10	11	12	13	14	15	16	17	18	19	21	22	23	24	118	#
489	694393	0	1	3	4	5	6	7	8	9	10	11	12	13	14	15	16	17	18	19	20	21	22	23	24	118	#
490	680319	0	1	2	3	5	6	7	8	9	10	11	12	13	14	15	16	17	18	19	20	21	22	23	24	118	#
491	645392	0	1	2	3	4	5	7	8	9	10	11	12	13	14	15	16	17	18	19	20	21	22	23	24	118	#
492	644310	0	1	2	3	4	5	6	7	8	9	10	11	12	13	14	16	17	18	19	20	21	22	23	24	118	#
493	632359	0	1	2	3	4	5	6	7	8	9	10	11	12	13	14	15	16	17	18	20	21	22	23	24	118	#
494	355563	10	12	16	17	18	19	23	24	119	#
495	431508	0	5	10	15	16	17	21	22	119	#
496	395587	13	14	16	17	18	19	22	23	119	#
497	381712	8	13	14	18	21	22	23	24	119	#
498	375197	12	13	14	16	17	18	23	24	119	#
499	373011	0	5	6	10	15	20	21	22	119	#
500	419946	3	4	7	8	9	12	13	14	17	18	23	120	#
501	625288	3	7	8	9	13	14	15	18	21	22	23	120	#
502	607362	5	6	7	8	11	13	16	17	21	22	23	120	#
503	524697	1	2	3	4	7	8	9	13	14	19	24	120	#
504	482564	0	1	2	3	7	8	9	12	13	14	18	120	#
505	480340	2	3	7	8	9	12	13	14	17	18	19	120	#
506	201279	8	12	13	14	121	#
507	242424	7	8	12	13	121	#
508	141838	13	14	18	19	121	#
509	90663	13	14	18	23	121	#
510	355086	3	4	7	8	9	12	13	14	18	122	#
511	511685	0	2	3	7	8	9	13	14	24	122	#
512	421542	10	11	12	15	16	17	20	21	22	122	#
513	414390	2	3	4	7	8	9	12	13	14	122	#
514	382075	2	3	4	7	8	13	14	18	23	122	#
515	368823	3	4	7	8	9	12	13	14	19	122	#
516	21827	16	#
517	78458	11	16	123	#
518	113369	10	11	123	#
519	1018697	0	1	2	3	4	5	6	7	9	10	11	13	14	15	16	17	18	19	20	21	22	23	24	124	#
520	999829	0	1	2	3	5	6	7	9	10	11	12	13	14	15	16	17	18	19	20	21	22	23	24	124	#
521	984356	0	1	2	3	4	5	6	7	9	10	11	12	14	15	16	17	18	19	20	21	22	23	24	124	#
522	977590	0	1	2	3	4	5	6	7	10	11	12	13	14	15	16	17	18	19	20	21	22	23	24	124	#
523	963454	0	2	3	4	5	6	7	9	10	11	12	13	14	15	16	17	18	19	20	21	22	23	24	124	#
524	954058	0	1	2	3	4	5	6	9	10	11	12	13	14	15	16	17	18	19	20	21	22	23	24	124	#
525	874072	1	2	3	5	6	7	8	9	10	11	12	13	14	15	16	17	18	20	21	23	125	#
526	1094317	0	2	3	4	7	8	9	10	11	12	13	14	16	17	18	19	20	21	22	23	125	#
527	1017944	0	3	5	6	8	9	10	11	12	13	14	15	16	17	19	20	21	22	23	24	125	#
528	1005449	2	3	4	7	8	9	10	11	12	13	14	15	16	17	18	19	20	21	22	23	125	#
529	1004414	0	1	2	3	4	6	7	8	9	12	13	14	16	18	19	20	21	22	23	24	125	#
530	989235	2	3	4	7	8	9	11	12	13	14	15	16	17	18	19	20	21	22	23	24	125	#
531	135212	3	7	8	12	13	14	126	#
532	182223	14	17	18	19	23	24	126	#
533	178012	9	14	18	19	23	24	126	#
534	181499	11	17	23	127	#
535	192995	11	17	22	127	#
536	161019	5	10	11	127	#
537	150608	0	23	24	127	#
538	429335	6	10	11	15	16	17	20	21	22	23	128	#
539	534182	5	6	10	11	12	15	16	17	20	21	128	#
540	518649	5	6	10	11	15	16	17	20	21	23	128	#
541	479479	7	8	11	12	15	16	17	20	21	22	128	#
542	427572	2	7	12	15	16	17	20	21	22	23	128	#
543	421273	13	14	15	16	17	18	19	20	23	24	128	#
544	343355	1	6	10	11	129	#
545	315942	6	10	11	15	129	#
546	285624	0	1	5	6	129	#
547	231241	0	1	2	6	129	#
548	225101	10	11	12	13	129	#
549	346963	3	4	7	8	9	13	24	130	#
550	394430	1	2	3	4	6	8	9	130	#
551	377160	2	3	4	8	9	12	13	130	#
552	358974	17	19	20	21	22	23	24	130	#
553	312083	8	10	11	12	13	16	17	130	#
554	254457	2	3	4	7	9	11	12	130	#
555	339850	5	10	15	16	21	131	#
556	406121	3	7	15	20	21	131	#
557	384213	14	15	16	20	21	131	#
558	264270	5	10	11	15	16	131	#
559	203188	3	10	15	16	17	131	#
560	153215	6	11	12	16	17	131	#
561	539899	0	1	3	5	7	8	10	13	15	20	132	#
562	591889	0	1	2	5	6	11	12	16	17	21	132	#
563	584479	0	1	5	6	10	11	15	16	20	21	132	#
564	571452	0	1	2	3	5	6	7	8	10	13	132	#
565	510786	1	5	6	10	11	15	16	17	20	22	132	#
566	486947	0	1	2	3	4	5	6	7	9	12	132	#
567	615005	0	1	2	5	6	10	11	12	13	15	16	17	20	21	22	133	#
568	685347	1	2	3	4	5	6	7	8	9	10	11	12	13	15	17	133	#
569	632331	1	3	4	6	7	10	11	12	13	15	16	18	20	21	22	133	#
570	628290	0	1	2	3	4	5	6	7	10	15	16	17	21	22	23	133	#
571	623523	0	1	2	5	6	7	8	10	11	12	13	15	16	17	20	133	#
572	615275	0	1	5	6	10	11	12	15	16	17	20	21	22	23	24	133	#
573	296089	10	15	16	21	134	#
574	265969	6	10	11	17	134	#
575	227182	10	15	21	22	134	#
576	218072	10	11	12	15	134	#
577	68109	3	4	8	135	#
578	95005	4	9	14	135	#
579	79206	3	7	8	135	#
580	63064	6	#
581	487013	2	3	7	8	9	13	14	18	24	136	#
582	547902	2	3	4	7	8	10	11	12	17	136	#
583	527372	2	3	4	7	8	9	12	13	14	136	#
584	521984	2	3	4	7	8	9	12	13	18	136	#
585	520523	2	3	4	7	8	9	13	14	18	136	#
586	511071	1	2	3	7	8	12	13	17	18	136	#
587	180620	3	4	8	10	15	16	21	22	137	#
588	254157	2	4	7	8	9	13	14	19	137	#
589	223900	3	4	7	8	9	11	14	16	137	#
590	215959	6	9	10	11	14	18	19	23	137	#
591	189323	5	10	11	15	16	20	21	22	137	#
592	184425	7	13	18	19	21	22	23	24	137	#
593	288669	5	10	11	12	15	138	#
594	363295	5	10	11	15	17	138	#
595	293185	6	11	15	16	20	138	#
596	288739	0	1	2	3	5	138	#
597	231235	10	11	12	17	23	138	#
598	208728	7	11	12	13	16	138	#
599	40483	12	#
600	714429	5	6	10	11	12	15	16	17	20	21	22	23	139	#
601	803765	0	1	5	6	10	11	15	16	17	20	21	23	139	#
602	789151	0	5	6	10	11	12	15	16	17	20	21	22	139	#
603	770747	0	1	2	5	6	10	11	12	15	16	17	21	139	#
604	768645	2	3	7	8	11	12	16	17	21	22	23	24	139	#
605	729535	3	6	10	11	12	13	15	16	17	20	21	22	139	#
606	253663	12	13	17	18	22	23	24	140	#
607	356493	7	12	13	17	18	23	24	140	#
608	300003	9	14	18	21	22	23	24	140	#
609	396222	0	6	11	12	15	16	17	21	22	141	#
610	556091	6	7	8	9	11	15	16	17	21	141	#
611	518926	5	6	7	10	11	12	16	17	21	141	#
612	482449	0	5	6	10	11	15	17	22	23	141	#
613	478899	10	11	15	16	18	20	21	22	23	141	#
614	420556	11	12	15	16	17	20	21	22	23	141	#
615	124750	3	7	142	#
616	153316	2	7	142	#
617	94711	2	3	142	#
618	266505	11	12	13	16	17	22	143	#
619	365782	6	10	11	16	21	22	143	#
620	278776	10	11	12	17	22	23	143	#
621	270259	8	11	12	13	22	23	143	#
622	266218	3	4	7	11	12	13	143	#
623	265054	1	6	11	17	22	23	143	#
624	448363	7	9	12	13	14	18	19	144	#
625	423790	9	13	14	18	19	23	24	144	#
626	397796	3	7	8	13	14	18	19	144	#
627	396066	8	9	12	13	14	15	18	144	#
628	385198	1	2	3	5	6	7	13	144	#
629	364987	3	7	8	12	13	14	18	144	#
630	272537	9	14	18	19	23	24	145	#
631	277872	3	8	9	13	14	18	145	#
632	263037	7	8	9	13	14	19	145	#
633	231342	8	13	18	19	23	24	145	#
634	209209	8	13	14	18	19	23	145	#
635	176948	13	18	19	22	23	24	145	#
636	106926	0	1	146	#
637	121607	1	2	146	#
638	846859	3	4	7	8	9	10	12	13	14	15	17	18	19	20	21	23	24	147	#
639	978348	2	7	8	9	10	11	12	13	15	16	17	18	20	21	22	23	24	147	#
640	962145	5	7	8	10	11	12	13	14	15	16	17	18	20	21	22	23	24	147	#
641	949198	1	5	6	9	10	11	12	13	14	15	16	17	18	20	21	22	23	147	#
642	924368	2	3	5	6	7	8	10	11	12	13	14	15	16	17	18	20	21	147	#
643	913555	1	3	6	7	8	9	10	11	12	13	14	15	16	17	18	20	22	147	#
644	419508	2	3	4	7	8	9	13	148	#
645	460892	1	2	7	8	9	13	14	148	#
646	405088	3	4	7	8	9	13	14	148	#
647	393872	1	2	3	4	6	8	9	148	#
648	391765	2	3	4	8	9	14	18	148	#
649	386333	2	3	7	11	12	13	17	148	#
650	106170	3	4	8	149	#
651	148271	2	3	7	149	#
652	41178	4	9	14	149	#
653	489155	1	2	3	4	5	6	7	8	9	10	11	12	13	14	150	#
654	718426	0	1	2	3	4	7	8	13	14	16	19	20	21	22	150	#
655	629836	5	6	7	8	10	11	12	13	14	15	17	20	21	22	150	#
656	572957	0	5	6	8	10	11	12	13	14	15	17	18	20	21	150	#
657	543570	0	1	2	3	4	5	6	7	8	9	11	13	14	17	150	#
658	533739	3	4	5	9	10	11	12	13	14	16	18	19	20	21	150	#
659	888062	0	2	3	4	5	6	7	8	9	10	11	12	13	14	16	17	18	19	22	24	151	#
660	1202903	0	1	2	3	4	5	6	7	8	9	10	11	12	13	15	16	17	20	21	22	151	#
661	1140029	0	1	2	5	6	7	8	9	10	11	12	13	15	16	17	19	20	21	22	23	151	#
662	1111064	0	1	2	3	4	5	6	7	8	10	11	12	13	14	15	16	17	20	21	22	151	#
663	1094651	0	1	2	3	5	6	7	8	10	11	12	13	14	15	16	17	19	20	21	22	151	#
664	1057720	1	2	3	4	7	8	9	10	11	12	13	14	15	16	17	18	19	20	21	22	151	#
665	565964	2	3	6	7	8	9	10	11	12	13	14	17	18	23	152	#
666	706499	3	4	7	8	9	10	12	13	14	15	17	19	21	22	152	#
667	705908	0	1	2	3	5	7	8	12	13	14	17	18	23	24	152	#
668	704733	1	2	3	7	8	9	11	12	16	17	21	22	23	24	152	#
669	699165	0	1	5	6	10	11	15	16	17	18	21	22	23	24	152	#
670	620874	5	6	10	11	12	14	16	17	18	19	21	22	23	24	152	#
671	947895	0	1	2	3	5	6	7	8	10	11	12	13	14	16	17	20	21	22	23	153	#
672	981742	0	1	2	3	5	6	7	8	10	11	12	13	15	16	17	20	21	22	23	153	#
673	980684	0	1	2	3	5	6	7	8	10	11	12	13	14	15	16	17	18	20	21	153	#
674	959737	0	1	2	3	5	6	7	8	10	11	12	15	16	17	20	21	22	23	24	153	#
675	948960	1	2	3	4	5	7	8	10	11	12	15	16	17	18	20	21	22	23	24	153	#
676	907620	0	1	2	3	5	6	7	10	11	12	15	16	17	18	19	21	22	23	24	153	#
677	830548	0	1	5	6	7	9	10	11	12	13	15	16	17	20	21	22	23	154	#
678	894200	0	5	6	7	8	10	11	12	13	15	16	17	18	20	21	22	23	154	#
679	852622	0	5	6	10	11	12	13	15	16	17	18	19	20	21	22	23	24	154	#
680	847375	0	5	6	8	10	11	12	13	15	16	17	18	20	21	22	23	24	154	#
681	826126	0	1	2	3	5	6	7	8	10	11	13	15	16	17	20	21	22	154	#
682	811423	2	5	7	8	10	11	12	13	15	16	17	18	20	21	22	23	24	154	#
683	391844	8	13	16	18	20	21	22	155	#
684	562198	10	15	17	20	21	22	23	155	#
685	534984	5	10	12	15	20	21	22	155	#
686	454562	15	16	17	20	21	22	23	155	#
687	452663	10	11	12	15	20	21	22	155	#
688	422940	3	4	7	8	13	14	23	155	#
689	394074	5	6	10	11	15	16	17	21	22	156	#
690	561189	0	5	10	11	15	17	20	21	22	156	#
691	519107	0	5	6	10	15	16	20	21	22	156	#
692	499506	0	1	5	6	10	11	15	16	17	156	#
693	483475	0	1	5	6	7	10	11	15	16	156	#
694	453999	0	1	2	5	6	8	11	12	13	156	#
695	320265	10	15	16	20	21	157	#
696	438794	15	16	17	20	21	157	#
697	401832	0	17	20	21	22	157	#
698	318076	15	20	21	22	23	157	#
699	190858	10	11	12	15	17	157	#
700	403591	0	1	2	5	6	10	11	15	20	158	#
701	580498	0	1	5	10	11	15	16	20	21	158	#
702	567639	5	7	10	11	15	16	17	21	22	158	#
703	555808	0	1	5	6	10	15	16	20	21	158	#
704	533393	0	5	10	15	16	20	21	22	23	158	#
705	456333	0	1	5	6	10	11	15	16	21	158	#
706	1050900	0	1	5	6	8	10	11	12	13	15	16	17	20	21	22	23	24	159	#
707	1061369	0	3	4	5	8	10	11	12	13	15	16	17	18	20	21	22	23	159	#
708	1047416	0	5	7	8	10	11	13	15	16	17	18	19	20	21	22	23	24	159	#
709	1043735	0	1	2	5	6	10	11	12	13	14	15	16	17	20	21	22	23	159	#
710	1013640	0	1	2	3	4	5	6	9	10	11	12	13	14	15	16	20	21	159	#
711	993782	0	5	6	10	11	12	13	14	15	16	17	18	20	21	22	23	24	159	#
712	308959	11	15	16	17	20	21	22	160	#
713	369521	15	16	20	21	22	23	24	160	#
714	362520	12	13	15	16	20	21	22	160	#
715	360342	15	16	17	20	21	22	23	160	#
716	344518	12	17	18	21	22	23	24	160	#
717	275761	11	12	16	17	21	22	23	160	#
718	211402	4	7	8	9	12	161	#
719	252422	11	12	16	17	21	161	#
720	189812	4	11	12	17	22	161	#
721	176512	2	7	11	12	13	161	#
722	126086	7	8	15	18	20	161	#
723	110862	2	8	9	14	18	161	#
724	528318	1	2	3	4	7	8	9	11	12	13	23	162	#
725	624238	0	1	2	3	4	7	8	12	13	14	17	162	#
726	545942	0	1	2	3	4	7	8	12	13	17	18	162	#
727	545707	0	2	3	4	6	7	9	12	13	14	19	162	#
728	533638	0	1	2	5	6	7	11	12	16	17	23	162	#
729	468391	2	3	4	7	8	9	13	14	18	19	24	162	#
730	232444	11	15	16	21	164	#
731	258218	10	15	16	21	164	#
732	209408	11	12	15	16	164	#
733	169174	5	6	10	11	164	#
734	118765	11	16	21	22	164	#
735	130009	4	8	9	14	19	165	#
736	158138	14	17	19	23	24	165	#
737	122559	4	9	14	19	24	165	#
738	108552	8	12	13	14	19	165	#
739	97846	8	9	12	13	14	165	#
740	176102	10	11	17	22	166	#
741	233174	21	22	23	24	166	#
742	129599	6	11	12	17	166	#
743	768563	0	1	2	3	5	6	7	8	10	11	15	16	17	21	167	#
744	813173	0	1	2	3	5	6	7	10	11	12	16	17	21	22	167	#
745	800196	0	1	2	5	6	10	11	15	16	17	20	21	22	23	167	#
746	753841	0	6	7	9	11	12	13	14	16	17	18	21	22	23	167	#
747	749126	2	3	5	6	7	10	11	12	15	16	17	18	21	22	167	#
748	745358	2	5	6	7	10	11	12	15	16	17	20	21	22	23	167	#
749	332757	10	15	16	20	21	168	#
750	388760	15	16	17	20	21	168	#
751	307867	5	10	15	16	21	168	#
752	271602	10	11	15	16	21	168	#
753	219312	10	15	16	21	22	168	#
754	100155	11	16	21	22	23	168	#
755	401236	1	2	3	4	5	6	9	11	169	#
756	328162	6	11	14	16	17	21	22	23	169	#
757	323389	3	4	10	11	12	13	17	23	169	#
758	315833	0	1	2	3	4	6	7	11	169	#
759	308532	0	1	2	5	6	7	12	13	169	#
760	199145	2	3	4	7	8	9	13	14	169	#
761	804796	3	4	8	9	11	15	16	17	20	21	22	170	#
762	719373	5	6	10	11	15	17	20	21	22	23	24	170	#
763	697841	5	6	10	11	15	16	17	20	21	22	23	170	#
764	613285	6	11	13	15	16	17	18	20	21	22	23	170	#
765	608346	7	11	12	13	15	16	17	20	21	22	23	170	#
766	601148	1	5	6	10	11	15	16	17	21	23	24	170	#
767	669892	0	1	2	5	6	7	10	11	12	17	171	#
768	654264	0	1	2	3	4	5	6	7	8	13	171	#
769	617107	6	8	11	12	13	16	17	18	21	23	171	#
770	616115	1	5	6	7	10	11	12	16	17	23	171	#
771	593441	0	1	2	3	4	5	6	7	10	11	171	#
772	574809	3	7	8	9	11	12	13	14	19	20	171	#
773	127523	7	8	9	12	14	172	#
774	174655	8	9	13	14	19	172	#
775	167423	3	4	8	9	14	172	#
776	147829	7	12	17	18	23	172	#
777	129419	11	12	13	17	18	172	#
778	276156	12	13	14	16	17	18	22	23	173	#
779	411406	1	6	11	12	16	17	21	22	173	#
780	406232	4	7	9	12	13	14	18	19	173	#
781	402972	5	6	11	17	21	22	23	24	173	#
782	331233	11	13	16	17	18	21	22	23	173	#
783	334537	12	16	17	21	22	23	24	174	#
784	487045	10	15	16	17	20	21	22	174	#
785	329631	16	17	18	21	22	23	24	174	#
786	323901	7	12	17	18	21	22	23	174	#
787	315173	12	13	16	17	18	22	23	174	#
788	309651	7	11	12	13	16	17	22	174	#
789	516648	0	1	2	3	4	5	6	7	10	11	175	#
790	584521	0	1	2	3	5	6	10	11	12	15	175	#
791	566246	0	5	6	10	11	15	16	17	19	20	175	#
792	540977	5	6	10	11	12	13	17	20	21	22	175	#
793	499855	0	1	2	3	5	6	11	12	16	17	175	#
794	494035	1	2	3	4	6	7	9	13	14	19	175	#
795	492709	0	1	2	5	6	7	10	11	12	13	17	176	#
796	585999	0	1	2	5	6	10	11	17	20	21	22	176	#
797	532797	0	5	6	10	11	15	16	17	20	21	23	176	#
798	456943	7	8	11	12	13	15	16	17	20	21	23	176	#
799	446738	0	1	5	6	7	10	11	12	13	16	17	176	#
800	446491	1	2	9	10	14	15	16	17	19	21	23	176	#
