%% File generated by CATS v.2.1Fri Mar 15 18:33:06 2019

%% The CATS webpage is http://robotics.stanford.edu/CATS

%% PARAMETER SETTINGS:
% Goods: 20; Bids: 1600; Distribution: regions-npv; Runs: 10; Seed: 1552701650
% Regions Distribution Parameters:
% Max Substitutable Bids = 5
% Removing HV Neighbor   = 0.1
% Adding DIAG Neighbor   = 0.2
% Additional Location    = 0.9
% Jump Probability       = 0.05
% Additivity             = 0.2
% Budget Factor          = 1.5
% Resale Factor          = 0.5
% Normal Private Value:
%   Mean                 = 0
%   Standard Deviation   = 30



goods 20
bids 1602
dummy 341

0	320481	5	6	7	10	11	14	15	264	#
1	160035	14	#
2	232802	11	15	18	21	#
3	189717	10	11	15	21	#
4	113737	18	#
5	194301	3	7	10	11	22	#
6	209553	6	7	10	11	22	#
7	107139	2	3	4	7	22	#
8	231758	1	4	5	6	8	9	23	#
9	339254	0	1	2	5	8	9	23	#
10	195589	4	5	6	7	8	12	23	#
11	640959	3	6	7	10	11	13	14	15	24	#
12	647445	6	7	10	11	13	14	15	18	24	#
13	632724	0	1	2	3	6	10	13	14	24	#
14	628895	2	3	6	7	10	11	14	15	24	#
15	607922	2	4	5	6	10	13	14	15	24	#
16	589934	1	6	7	10	11	13	14	15	24	#
17	109963	16	#
18	98144	19	#
19	82521	1	5	6	7	181	#
20	436807	4	5	6	7	8	9	10	12	13	14	15	49	#
21	683526	0	1	2	3	4	5	6	7	8	9	10	11	12	14	15	18	179	#
22	78837	6	#
23	400708	1	2	4	5	6	8	9	12	19	249	#
24	695266	1	2	3	4	5	6	7	8	9	10	11	12	13	14	15	16	178	#
25	59358	17	#
26	697955	0	1	2	3	5	6	7	8	9	10	11	13	14	15	19	26	#
27	759503	0	1	2	3	5	6	7	8	9	10	11	12	14	15	16	26	#
28	757426	0	1	2	3	5	6	7	8	9	10	11	13	14	15	16	26	#
29	708834	0	1	2	3	5	6	7	8	9	10	11	12	13	14	15	26	#
30	694379	0	1	2	3	5	6	7	8	9	10	11	12	14	15	17	26	#
31	603447	0	1	2	3	4	5	6	7	8	10	11	13	14	15	18	26	#
32	716482	0	1	2	3	4	5	6	7	9	10	11	13	14	15	17	18	179	#
33	79736	5	9	#
34	579065	0	1	2	3	5	6	7	10	11	16	17	28	#
35	630118	0	1	2	3	4	5	6	7	8	10	16	28	#
36	592011	0	1	2	3	4	5	6	8	10	12	18	28	#
37	590309	1	2	3	4	5	6	7	8	10	12	15	28	#
38	586117	1	2	3	4	5	6	7	10	11	14	15	28	#
39	580807	1	3	4	5	6	7	8	10	11	12	14	28	#
40	537193	0	1	2	3	4	5	6	7	8	9	11	29	#
41	656318	1	2	3	4	5	6	7	10	11	14	15	29	#
42	652866	1	2	3	5	7	9	10	11	13	14	15	29	#
43	610920	1	2	3	4	5	6	7	9	10	11	16	29	#
44	606583	1	2	3	4	5	6	7	10	11	13	14	29	#
45	600913	1	2	3	4	5	6	7	9	10	11	14	29	#
46	504825	1	2	3	4	5	8	9	12	13	14	30	#
47	611426	1	2	5	8	9	10	12	13	14	15	30	#
48	598454	1	2	3	5	6	7	10	11	14	15	30	#
49	502763	1	4	5	8	9	10	12	13	14	15	30	#
50	456857	4	5	8	9	10	11	12	13	14	15	30	#
51	421180	0	1	2	3	4	5	8	9	12	18	30	#
52	187561	4	5	9	13	14	31	#
53	273343	6	10	13	14	15	31	#
54	209183	1	2	5	9	13	31	#
55	186106	8	9	12	13	15	31	#
56	377366	0	1	2	3	4	5	6	7	8	9	10	11	12	13	14	15	19	123	#
57	385900	1	2	3	4	5	6	7	11	15	100	#
58	241453	1	6	10	11	14	32	#
59	339459	1	5	6	10	14	32	#
60	318630	9	11	13	14	15	32	#
61	277666	1	2	5	6	10	32	#
62	275251	0	1	2	5	6	32	#
63	86753	7	15	#
64	142398	2	3	34	#
65	128070	3	7	34	#
66	127092	1	2	34	#
67	814342	0	1	2	3	4	5	6	7	8	9	10	11	12	13	14	19	35	#
68	984150	0	1	2	3	5	6	7	8	9	10	11	12	13	14	15	18	35	#
69	923978	0	1	2	3	4	5	6	7	8	9	10	11	12	13	15	16	35	#
70	916647	1	2	3	4	5	6	7	8	9	10	11	12	13	14	15	16	35	#
71	890459	0	1	2	3	4	5	6	7	8	9	10	11	13	14	15	19	35	#
72	879123	0	1	2	3	4	5	6	7	8	9	10	11	12	13	15	19	35	#
73	176563	6	7	11	36	#
74	232183	6	10	11	36	#
75	434161	0	1	2	3	4	5	6	7	10	249	#
76	80343	4	5	8	12	181	#
77	672827	0	1	2	3	4	5	6	7	8	9	11	12	13	14	15	16	178	#
78	1025237	0	1	2	3	4	5	6	7	8	9	10	11	12	13	14	15	16	19	38	#
79	1067331	0	1	2	3	4	5	6	7	8	9	10	11	12	13	14	15	16	18	38	#
80	989916	0	1	2	3	4	5	6	7	8	9	10	11	12	13	14	15	16	17	38	#
81	989681	0	1	2	3	4	5	6	7	8	9	10	11	12	13	14	15	18	19	38	#
82	954360	0	1	2	3	4	5	6	7	8	9	10	11	12	13	14	15	17	18	38	#
83	912266	0	1	2	3	4	5	6	7	8	9	10	11	12	13	14	15	17	19	38	#
84	133805	8	9	12	39	#
85	143179	5	8	9	39	#
86	80025	4	8	9	39	#
87	855643	0	1	2	3	4	5	6	7	8	9	10	11	12	13	14	15	16	40	#
88	892702	0	1	2	4	5	6	8	9	10	11	12	13	14	15	16	18	19	40	#
89	837254	0	1	2	3	4	5	6	7	8	9	10	11	12	13	14	15	18	40	#
90	815661	0	1	2	3	4	5	6	7	8	9	10	11	12	13	14	15	19	40	#
91	815556	0	1	2	3	4	5	6	7	8	9	10	11	12	13	14	15	17	40	#
92	200982	5	9	13	14	19	41	#
93	271055	4	8	9	10	14	41	#
94	210695	1	4	5	6	9	41	#
95	208655	8	9	13	14	15	41	#
96	278320	10	14	15	42	#
97	241469	13	14	15	42	#
98	468077	0	1	2	3	4	5	6	7	8	9	10	49	#
99	978548	0	1	2	3	4	5	6	7	8	9	10	11	12	13	14	15	16	17	18	19	#
100	634185	0	1	2	3	4	5	6	7	8	9	10	11	12	43	#
101	807916	0	1	2	3	4	5	6	7	10	11	13	14	15	43	#
102	805547	0	1	2	3	4	5	6	8	9	10	11	12	14	43	#
103	801350	0	1	2	3	4	5	6	8	9	10	12	13	14	43	#
104	770375	0	1	2	3	4	5	6	7	8	9	10	13	14	43	#
105	763401	0	1	2	3	4	5	6	7	8	11	12	14	15	43	#
106	417064	0	1	2	3	4	5	6	7	8	9	10	11	12	13	14	15	17	123	#
107	171685	4	5	6	7	9	11	#
108	749733	0	1	2	3	4	5	6	7	8	9	10	11	12	13	14	15	18	45	#
109	755376	1	2	3	4	5	6	7	8	9	10	11	12	13	14	15	16	19	45	#
110	713086	0	1	2	3	4	5	6	7	8	9	10	11	12	13	14	15	19	45	#
111	702541	0	1	2	3	4	5	6	7	8	9	10	11	12	13	14	15	16	45	#
112	632381	0	1	2	3	4	5	6	7	8	9	10	11	12	13	14	15	17	45	#
113	214240	1	4	5	8	9	12	46	#
114	270369	1	5	8	9	10	12	46	#
115	238230	4	5	6	8	9	12	46	#
116	216411	1	2	4	5	6	8	46	#
117	212261	1	2	3	5	7	9	46	#
118	588867	0	1	2	3	4	5	6	7	8	9	10	11	12	13	14	15	47	#
119	802748	1	2	3	4	5	6	7	8	9	10	11	13	14	15	16	18	47	#
120	695869	0	1	2	3	4	5	6	7	8	9	10	12	13	14	15	18	47	#
121	657596	0	1	2	3	4	5	6	7	8	9	10	11	13	14	15	17	47	#
122	643312	0	1	2	3	5	6	7	8	9	10	11	12	13	14	15	17	47	#
123	600231	1	2	3	4	5	6	7	8	9	10	11	12	13	14	15	19	47	#
124	389612	3	7	10	11	13	14	15	48	#
125	487304	6	10	11	13	14	15	19	48	#
126	333976	1	3	6	7	10	11	15	48	#
127	330063	1	2	3	6	10	11	12	48	#
128	306178	4	5	6	9	10	13	14	48	#
129	260256	1	2	4	6	7	11	15	48	#
130	383235	1	4	5	6	8	9	10	13	14	15	17	49	#
131	537891	2	3	4	5	6	8	9	13	16	17	19	49	#
132	526519	1	2	3	5	6	7	10	11	13	14	15	49	#
133	472626	3	4	7	8	9	10	11	12	13	14	15	49	#
134	817996	0	1	2	3	4	5	6	7	9	10	11	15	19	50	#
135	918407	0	1	2	3	5	6	7	9	10	11	13	14	15	50	#
136	894314	0	1	2	3	4	5	6	7	9	10	11	14	15	50	#
137	873837	0	1	2	3	4	5	6	7	10	11	13	14	15	50	#
138	787535	0	1	2	3	4	5	6	7	9	10	11	13	14	50	#
139	766909	1	2	3	4	5	6	7	8	9	10	11	14	15	50	#
140	525175	0	1	2	3	4	5	6	7	8	9	11	15	51	#
141	731342	0	1	2	3	5	7	9	10	11	13	14	15	51	#
142	694052	0	1	2	3	5	6	7	9	10	11	14	15	51	#
143	690887	0	1	2	3	4	5	7	8	10	11	14	15	51	#
144	689119	1	2	3	5	6	7	8	9	10	11	14	15	51	#
145	686563	0	1	2	3	5	6	9	10	11	13	14	15	51	#
146	713199	0	1	2	3	4	5	6	7	8	9	10	11	12	13	14	15	52	#
147	751022	0	1	2	3	4	5	6	8	9	10	11	12	13	14	16	19	52	#
148	747296	0	1	2	3	5	6	7	8	9	10	11	12	13	14	15	19	52	#
149	720751	0	1	2	3	4	5	6	7	8	9	10	11	13	14	15	16	52	#
150	680404	0	1	2	4	5	6	7	8	9	10	11	12	13	14	15	18	52	#
151	674307	1	2	3	4	5	6	7	8	9	10	11	12	13	14	15	16	52	#
152	390588	6	7	10	11	14	53	#
153	436610	2	6	10	11	14	53	#
154	406611	2	6	7	11	18	53	#
155	395281	3	6	7	11	15	53	#
156	374847	10	11	13	14	15	53	#
157	369171	3	7	10	11	15	53	#
158	145271	0	1	5	9	54	#
159	200323	0	1	2	6	54	#
160	123851	0	1	5	6	54	#
161	566594	1	2	5	6	7	9	10	11	13	14	15	56	#
162	125941	11	15	#
163	311979	6	10	11	15	302	#
164	820550	0	1	2	3	4	5	6	7	8	9	10	11	12	13	14	15	55	#
165	957085	0	1	2	3	4	5	6	7	8	9	10	11	14	15	16	18	55	#
166	904606	0	1	2	3	4	5	6	7	8	9	10	11	13	14	15	18	55	#
167	888582	0	1	2	3	4	5	6	7	8	9	10	11	13	14	15	16	55	#
168	873028	0	1	2	3	4	5	6	7	8	9	10	11	12	14	15	16	55	#
169	855453	0	1	2	3	4	5	6	7	8	9	10	12	13	14	15	16	55	#
170	768040	1	2	3	6	10	11	13	14	15	17	18	56	#
171	680164	1	2	3	6	7	9	10	11	13	14	15	56	#
172	671453	2	3	6	7	8	9	10	11	13	14	15	56	#
173	636116	1	2	3	5	6	7	10	11	13	14	15	56	#
174	594255	1	6	7	8	9	10	11	13	14	15	16	56	#
175	200669	4	5	6	8	9	13	57	#
176	198979	1	2	4	5	6	9	57	#
177	177201	0	1	4	8	9	13	57	#
178	161665	4	5	8	9	12	13	57	#
179	130634	4	5	6	8	9	12	57	#
180	134389	10	#
181	228857	4	8	9	10	12	13	14	58	#
182	325604	7	8	10	11	13	14	15	58	#
183	295110	4	5	6	9	10	13	14	58	#
184	187979	1	2	3	4	5	8	12	58	#
185	465284	0	1	2	3	4	5	6	7	8	9	10	11	12	13	14	15	59	#
186	568307	0	1	2	3	4	5	6	7	8	9	10	11	13	14	15	18	59	#
187	551317	0	1	2	3	4	5	6	8	9	10	11	12	13	14	15	16	59	#
188	636472	0	1	2	3	4	5	6	7	8	9	10	11	12	13	14	15	60	#
189	752227	0	1	2	3	4	5	6	7	8	9	10	12	13	14	15	16	60	#
190	589911	1	2	3	4	5	6	7	8	9	10	11	12	13	14	15	19	60	#
191	531433	0	1	2	3	4	5	6	7	8	9	10	11	13	14	15	17	60	#
192	605624	0	1	2	3	4	5	6	7	8	9	10	11	12	13	14	15	17	61	#
193	656688	0	1	2	3	4	5	6	7	8	9	10	11	13	14	15	17	18	61	#
194	631989	0	1	2	3	4	5	6	7	8	9	10	11	12	13	14	15	18	61	#
195	609355	0	1	2	3	4	5	6	7	8	9	10	11	12	13	14	15	16	61	#
196	584185	0	1	2	3	4	5	6	7	8	9	10	11	12	13	14	15	19	61	#
197	641893	0	1	2	3	4	5	6	7	8	9	10	11	12	13	14	15	62	#
198	706126	0	1	2	3	4	5	6	7	8	9	10	11	13	14	15	18	62	#
199	625323	0	1	2	3	4	5	6	7	8	9	10	11	12	13	15	18	62	#
200	578116	0	1	2	3	4	5	6	7	8	9	10	11	13	14	15	17	62	#
201	800744	0	1	2	3	4	5	6	7	8	9	10	11	12	13	14	15	16	19	63	#
202	841538	0	1	2	3	4	5	6	7	8	9	10	11	12	13	14	15	16	18	63	#
203	761913	0	1	2	3	4	5	6	7	8	9	10	11	12	13	14	15	18	19	63	#
204	761836	0	1	2	3	4	5	6	7	8	9	10	11	12	13	14	15	16	17	63	#
205	723006	0	1	2	3	4	5	6	7	8	9	10	11	12	13	14	15	17	18	63	#
206	682212	0	1	2	3	4	5	6	7	8	9	10	11	12	13	14	15	17	19	63	#
207	265196	0	1	2	3	6	7	11	64	#
208	353863	0	1	2	3	6	7	10	64	#
209	242513	1	2	3	6	7	11	17	64	#
210	183121	1	2	3	4	5	6	7	64	#
211	173859	0	1	2	5	6	9	13	64	#
212	344415	0	1	2	4	5	6	8	9	11	13	15	65	#
213	457297	0	1	2	3	5	6	7	8	9	10	14	65	#
214	455881	0	1	2	3	5	6	7	9	10	11	15	65	#
215	454370	1	5	6	7	8	9	10	11	13	14	15	65	#
216	434123	0	1	5	6	7	8	9	10	12	13	17	65	#
217	428491	0	1	5	6	8	9	10	11	12	13	14	65	#
218	23829	5	#
219	862381	0	1	2	3	4	5	6	7	8	9	10	11	12	13	14	15	19	66	#
220	902640	0	1	2	3	4	5	6	7	8	9	10	11	12	13	14	15	16	66	#
221	880312	0	1	2	3	4	5	6	7	8	9	10	11	12	13	14	15	18	66	#
222	831206	0	1	2	3	4	5	6	7	8	9	10	11	12	13	14	15	17	66	#
223	569299	0	1	2	3	4	5	6	7	8	9	10	11	13	14	67	#
224	703537	0	1	2	3	5	6	7	8	9	10	11	13	14	15	67	#
225	682339	0	1	2	4	5	6	7	8	9	10	11	13	14	15	67	#
226	679130	1	2	3	4	5	6	8	9	10	11	13	14	15	18	67	#
227	649603	1	2	3	5	6	7	8	9	10	11	13	14	15	17	67	#
228	644820	0	1	2	4	5	6	7	8	9	11	12	13	14	15	67	#
229	58192	9	#
230	454990	0	1	2	3	4	5	6	7	8	9	10	11	12	13	14	15	68	#
231	518884	0	1	2	3	4	5	6	8	9	10	11	12	13	14	15	18	68	#
232	511971	0	1	2	3	4	5	6	7	8	9	10	11	13	14	15	19	68	#
233	507561	0	1	2	3	4	5	6	7	8	9	10	11	13	14	15	18	68	#
234	501305	0	1	2	3	4	5	6	7	8	9	10	11	12	14	15	17	68	#
235	499870	0	1	2	3	4	5	6	7	8	9	10	11	13	14	15	17	68	#
236	347535	2	5	6	10	11	69	#
237	343343	6	7	10	11	14	69	#
238	328889	6	7	11	14	15	69	#
239	326652	1	5	6	7	10	69	#
240	322270	0	1	2	5	6	69	#
241	263951	4	5	6	7	9	69	#
242	65503	7	11	#
243	453391	1	2	5	6	7	9	10	11	13	14	116	#
244	133251	1	2	5	71	#
245	140097	1	2	6	71	#
246	706718	0	1	2	3	4	5	6	7	8	9	10	11	12	13	14	15	16	72	#
247	731007	0	1	2	3	4	5	6	7	8	9	10	11	12	13	14	15	19	72	#
248	722613	0	1	2	3	4	5	6	7	8	9	10	11	12	13	14	15	18	72	#
249	685027	0	1	2	3	4	5	6	7	8	9	10	11	12	13	14	15	17	72	#
250	942848	0	1	2	3	4	5	6	7	8	9	10	11	12	13	14	15	16	73	#
251	965925	1	2	3	4	5	6	7	8	9	10	11	12	13	14	15	16	19	73	#
252	932940	0	1	2	3	4	5	6	7	8	9	10	11	12	13	14	15	19	73	#
253	878269	0	1	2	3	4	5	6	7	8	9	10	11	12	13	14	15	18	73	#
254	851624	0	1	2	3	4	5	6	7	8	9	10	11	12	13	14	15	17	73	#
255	146342	4	5	6	8	9	13	#
256	466735	1	2	3	4	5	6	7	8	9	10	11	12	13	14	15	18	19	123	#
257	102655	1	2	#
258	474865	0	1	2	3	4	5	6	7	8	9	10	11	12	13	14	15	18	123	#
259	826351	0	1	2	3	4	5	6	7	8	9	10	11	12	13	14	15	16	18	19	75	#
260	813733	0	1	2	3	4	5	6	7	8	9	10	11	12	13	14	15	16	17	18	75	#
261	767730	0	1	2	3	4	5	6	7	8	9	10	11	12	13	14	15	16	17	19	75	#
262	698749	0	1	2	3	4	5	6	7	8	9	10	11	12	13	14	15	17	18	19	75	#
263	528704	0	1	2	3	4	5	6	7	8	9	10	11	12	13	14	15	76	#
264	714577	0	2	3	4	5	6	7	8	9	10	11	12	13	14	15	16	76	#
265	679796	0	1	2	3	4	5	6	7	8	9	10	11	13	14	15	16	76	#
266	666793	0	1	2	3	4	5	6	7	8	9	10	11	12	13	14	16	76	#
267	139492	10	11	77	#
268	181241	6	10	77	#
269	878918	0	1	2	3	5	6	9	13	14	16	18	78	#
270	874693	3	5	6	7	8	9	10	11	14	16	18	78	#
271	845714	0	1	2	3	5	6	7	10	11	15	16	78	#
272	776444	0	1	2	3	5	6	7	9	10	11	14	78	#
273	736395	0	1	2	4	5	6	7	10	11	14	15	78	#
274	735321	0	1	2	3	4	5	6	7	8	9	10	78	#
275	507539	0	1	2	3	5	6	7	8	79	#
276	576468	0	1	2	3	5	6	7	10	79	#
277	524341	0	1	2	3	5	6	7	9	79	#
278	514378	0	1	2	3	6	7	10	11	79	#
279	452607	0	1	2	3	4	5	6	7	79	#
280	449096	1	2	3	5	6	7	10	11	79	#
281	159505	10	11	80	#
282	395171	1	6	10	11	14	180	#
283	138721	11	15	80	#
284	799773	1	2	3	5	6	7	9	10	11	13	14	15	81	#
285	855574	2	3	5	6	7	9	10	11	13	14	15	19	81	#
286	837671	2	3	5	6	7	8	9	10	11	13	14	15	81	#
287	809245	3	5	6	7	8	9	10	11	12	13	14	15	81	#
288	809182	0	1	2	3	5	6	7	9	10	11	14	15	81	#
289	780290	0	1	2	4	5	6	7	10	11	13	14	15	81	#
290	735496	0	1	2	3	4	5	6	7	8	9	10	11	12	13	14	15	82	#
291	788131	0	1	2	3	4	5	6	7	8	9	10	11	13	14	15	16	82	#
292	780398	0	1	2	3	4	5	6	7	8	9	10	11	13	14	15	18	82	#
293	709729	0	1	2	3	4	5	6	7	8	9	10	11	12	13	14	18	82	#
294	696991	0	1	2	4	5	6	7	8	9	10	11	12	13	14	15	17	82	#
295	730634	1	2	4	5	6	7	8	9	10	11	12	13	14	15	83	#
296	857594	0	1	2	3	4	6	7	8	9	10	11	13	14	15	83	#
297	836403	0	1	2	3	4	5	6	7	8	10	11	13	14	15	83	#
298	819774	0	1	2	3	4	5	6	7	9	10	11	13	14	15	83	#
299	811912	2	3	4	5	6	7	8	9	10	11	12	13	14	15	83	#
300	798365	1	2	3	4	5	6	7	8	9	10	11	13	14	15	83	#
301	741048	0	1	2	3	4	5	6	7	8	9	10	11	12	13	14	15	17	84	#
302	842166	0	1	2	3	4	5	6	7	8	9	10	11	12	13	14	15	16	84	#
303	809461	0	1	2	3	4	5	6	7	8	9	10	11	12	13	14	15	18	84	#
304	790475	0	1	2	3	4	5	6	7	8	9	10	11	12	13	14	15	19	84	#
305	789889	0	1	2	4	5	6	7	8	9	10	11	12	13	14	15	16	17	84	#
306	652922	0	1	2	3	5	7	8	9	10	11	14	18	85	#
307	700113	1	2	3	7	9	10	11	13	14	15	17	18	85	#
308	667432	1	2	5	6	7	9	10	11	13	14	15	16	85	#
309	610707	0	1	2	3	5	7	8	9	10	11	13	15	85	#
310	576552	0	1	2	3	5	6	7	8	9	10	11	15	85	#
311	562385	0	1	2	4	5	6	8	9	10	13	14	15	85	#
312	691805	0	1	2	3	4	5	6	7	8	10	11	13	14	15	86	#
313	777950	0	1	2	3	4	5	6	8	9	10	11	13	14	15	86	#
314	765281	0	1	2	3	4	5	6	7	8	9	10	11	14	15	86	#
315	753342	0	1	2	3	4	5	6	8	9	10	11	12	13	15	86	#
316	740673	0	1	2	3	4	5	6	7	8	9	10	11	12	15	86	#
317	733783	0	1	2	3	4	5	6	7	8	9	10	14	15	17	86	#
318	438707	2	3	7	10	11	14	15	87	#
319	463592	3	5	6	7	10	14	15	87	#
320	378821	5	8	9	10	13	14	15	87	#
321	356337	4	5	9	10	13	14	15	87	#
322	354684	2	3	5	6	7	8	9	87	#
323	309377	0	1	2	3	5	6	7	87	#
324	699077	1	2	3	4	5	6	7	10	11	13	14	15	88	#
325	789580	0	1	2	3	5	6	7	10	11	13	14	15	88	#
326	769443	1	2	5	6	8	9	10	11	13	14	15	16	88	#
327	738724	1	2	3	5	6	7	9	10	11	13	14	15	88	#
328	707086	0	1	2	5	6	8	9	10	12	13	14	15	88	#
329	620270	1	6	7	8	9	10	11	12	13	14	15	17	88	#
330	406708	1	4	5	6	8	9	12	13	89	#
331	538673	0	1	2	3	4	5	8	9	89	#
332	521437	0	1	2	5	6	9	10	11	89	#
333	519388	4	8	9	10	11	12	13	14	89	#
334	478023	1	4	5	6	7	8	9	10	89	#
335	456276	1	2	4	5	8	9	12	13	89	#
336	476352	2	3	7	11	14	15	90	#
337	474385	3	7	10	11	14	15	90	#
338	398931	3	7	11	13	14	15	90	#
339	375949	7	10	11	13	14	15	90	#
340	338082	1	2	3	4	5	7	90	#
341	302825	0	1	2	3	7	11	90	#
342	442900	0	1	2	3	4	5	6	7	8	9	12	91	#
343	629843	0	1	2	3	4	5	6	7	11	15	18	91	#
344	529333	1	2	3	5	6	7	9	10	11	12	19	91	#
345	521883	0	1	2	3	4	5	6	7	9	11	13	91	#
346	520885	1	2	3	4	5	6	7	8	10	11	15	91	#
347	517377	0	1	2	3	4	5	6	7	9	10	11	91	#
348	321557	6	7	10	11	14	92	#
349	418567	7	10	11	14	15	92	#
350	384380	5	10	11	14	15	92	#
351	372378	2	3	6	7	10	92	#
352	225174	1	2	3	6	7	92	#
353	223580	1	5	13	14	15	92	#
354	489381	1	5	8	9	10	13	14	15	93	#
355	653179	1	2	3	5	6	10	14	15	93	#
356	575646	0	1	2	3	5	6	7	10	93	#
357	530838	6	7	9	10	11	13	14	15	93	#
358	493063	8	9	10	11	12	13	14	15	93	#
359	470039	1	2	3	5	6	7	10	11	93	#
360	424094	0	1	2	3	5	6	7	9	10	11	95	#
361	346563	0	1	2	3	6	17	94	#
362	390724	2	3	4	6	7	16	94	#
363	368773	1	6	10	11	14	17	94	#
364	327368	2	3	4	5	6	7	94	#
365	283616	0	1	2	3	4	5	94	#
366	238137	0	1	2	5	6	7	94	#
367	347428	0	1	2	3	4	7	8	10	11	12	95	#
368	499994	0	1	2	3	5	6	7	10	11	14	95	#
369	463812	0	1	2	3	4	5	6	7	10	14	95	#
370	455430	4	5	6	7	8	10	11	13	14	15	95	#
371	424975	2	4	5	6	8	9	10	12	13	14	95	#
372	693207	0	1	2	3	4	5	6	7	8	9	10	11	13	14	15	96	#
373	664117	0	1	2	3	4	5	6	7	8	9	10	12	13	14	15	96	#
374	593200	1	2	3	4	5	6	7	8	9	10	11	12	13	14	15	96	#
375	586000	0	1	2	4	5	6	7	8	9	10	11	12	13	14	15	96	#
376	553050	0	1	3	4	5	6	7	8	9	10	11	12	13	14	15	96	#
377	507651	1	2	3	4	5	6	7	8	9	10	11	12	13	14	17	96	#
378	163234	8	9	12	13	97	#
379	176996	5	8	9	12	97	#
380	170000	5	8	9	13	97	#
381	150984	1	2	3	7	11	245	#
382	669976	2	3	6	7	10	11	14	15	98	#
383	567953	0	1	2	3	5	6	7	10	98	#
384	548346	1	2	3	5	6	7	10	11	98	#
385	539930	1	2	3	7	11	13	14	15	98	#
386	535406	1	5	6	7	10	11	14	15	98	#
387	317101	2	3	5	6	99	#
388	346945	3	13	14	15	99	#
389	245336	2	5	6	9	99	#
390	203878	2	4	5	6	99	#
391	581980	0	1	2	3	6	10	11	14	15	100	#
392	616235	2	3	6	7	10	11	13	14	15	100	#
393	553247	2	5	6	7	10	11	13	14	15	100	#
394	506962	6	8	9	10	11	12	13	14	15	100	#
395	466528	6	7	8	9	10	11	13	14	15	100	#
396	213647	10	11	15	101	#
397	156732	7	10	11	101	#
398	466434	2	4	5	6	8	9	12	13	14	15	116	#
399	318187	3	4	5	6	7	8	9	12	102	#
400	400603	0	1	2	3	5	6	7	12	102	#
401	333297	0	1	2	4	5	8	12	14	102	#
402	333212	0	1	4	5	6	8	9	10	102	#
403	333150	1	2	4	5	6	7	10	17	102	#
404	310233	4	5	6	8	9	10	12	18	102	#
405	47142	13	#
406	307111	2	3	6	7	10	11	103	#
407	377661	6	7	10	11	14	15	103	#
408	281530	2	3	6	7	8	10	103	#
409	217477	1	2	3	5	6	7	103	#
410	609409	0	1	2	4	5	6	7	8	9	10	12	13	14	17	104	#
411	760421	0	1	2	3	5	6	7	8	9	10	11	13	14	15	104	#
412	717690	0	1	2	3	4	5	6	7	8	9	11	12	14	15	104	#
413	710101	0	1	2	4	5	6	7	8	9	10	11	12	14	15	104	#
414	697618	0	1	2	3	4	5	6	7	8	10	11	12	14	15	104	#
415	696791	0	1	2	4	5	6	7	8	9	10	11	13	14	15	104	#
416	178969	4	5	8	19	105	#
417	225692	2	6	7	19	105	#
418	544579	0	1	2	4	5	6	7	8	9	10	11	12	13	14	15	16	18	123	#
419	769881	0	1	2	3	4	5	6	7	8	9	10	11	13	14	15	16	178	#
420	133311	4	5	6	106	#
421	117979	5	6	9	106	#
422	484489	1	2	5	6	7	9	10	11	13	15	107	#
423	620136	0	1	2	3	6	7	10	11	14	18	107	#
424	556678	0	5	6	7	9	10	11	13	14	15	107	#
425	521509	1	2	5	8	9	10	11	13	14	15	107	#
426	518414	0	1	2	3	5	6	7	9	10	13	107	#
427	496637	0	1	2	3	5	6	10	11	14	15	107	#
428	1045200	0	1	2	3	4	5	6	7	8	9	10	11	12	13	14	15	108	#
429	1141444	0	1	2	3	4	5	6	7	8	9	10	12	13	14	15	18	108	#
430	1098535	1	2	3	4	5	6	7	8	9	10	11	12	13	14	15	16	108	#
431	1063945	0	1	2	3	4	5	6	7	8	9	10	11	12	14	15	16	108	#
432	960325	0	1	2	3	4	5	6	7	8	9	10	11	13	14	15	17	108	#
433	243349	0	1	2	3	6	7	109	#
434	360649	0	1	5	6	14	15	109	#
435	357905	3	6	7	10	11	15	109	#
436	298150	3	5	6	7	11	15	109	#
437	259743	0	1	2	3	5	9	109	#
438	179726	0	1	2	4	5	6	109	#
439	98936	8	9	12	110	#
440	117620	1	5	9	110	#
441	514096	2	5	6	7	10	11	13	14	15	249	#
442	5213	11	#
443	137255	1	2	4	6	8	12	#
444	498294	0	1	2	3	4	5	6	7	8	9	10	11	12	13	14	15	16	123	#
445	235132	14	15	112	#
446	178198	11	15	112	#
447	409214	8	9	10	13	14	180	#
448	588756	0	1	2	3	4	5	6	7	8	9	10	11	12	13	14	15	17	113	#
449	700357	0	1	2	3	4	5	6	7	8	9	10	11	12	13	14	15	16	113	#
450	672906	0	1	2	3	4	5	6	7	8	9	10	11	12	13	14	15	18	113	#
451	651222	0	1	2	3	4	5	6	7	8	9	10	11	12	13	14	15	19	113	#
452	416273	1	2	3	4	5	6	8	9	12	114	#
453	477425	1	2	4	5	6	7	9	10	14	114	#
454	453894	0	1	2	3	4	5	6	8	9	114	#
455	423188	1	2	4	5	8	9	12	13	14	114	#
456	411047	1	2	3	5	6	7	8	9	19	114	#
457	410357	1	2	3	4	5	6	7	10	11	114	#
458	260268	1	4	5	6	8	9	10	12	13	14	17	19	115	#
459	355729	0	1	2	3	4	5	6	7	8	9	12	13	115	#
460	316954	5	6	7	8	9	10	11	12	13	14	15	17	115	#
461	302050	1	2	3	4	5	6	7	8	9	11	12	13	115	#
462	372592	2	3	4	5	6	8	9	10	12	13	116	#
463	553415	1	2	3	6	7	10	11	13	14	15	116	#
464	527882	2	3	5	6	7	10	11	14	16	19	116	#
465	500189	2	3	5	6	7	8	9	10	13	14	116	#
466	666615	0	1	2	3	5	6	7	9	10	11	13	14	15	117	#
467	701803	0	1	2	3	5	6	8	9	10	11	13	14	15	117	#
468	686889	0	1	2	3	5	6	7	8	9	10	11	14	15	117	#
469	645079	1	2	3	5	6	7	8	9	10	11	13	14	15	117	#
470	580735	0	1	2	3	5	6	7	8	9	10	11	13	15	117	#
471	580183	0	1	2	3	4	5	6	7	10	11	13	14	15	117	#
472	746335	0	1	2	3	4	5	6	7	8	9	10	11	12	13	14	15	118	#
473	769078	0	1	2	3	4	5	6	7	8	9	10	11	13	14	15	17	118	#
474	750941	1	2	3	4	5	6	7	8	9	10	11	12	13	14	15	18	118	#
475	673476	0	1	2	3	4	5	6	7	8	9	10	11	12	13	17	19	118	#
476	489441	1	2	3	4	5	6	7	9	10	11	13	14	15	16	119	#
477	597926	0	1	2	3	4	5	6	7	8	10	11	14	15	16	119	#
478	537729	0	1	2	3	4	5	6	7	8	10	11	14	15	19	119	#
479	498139	0	1	2	3	4	5	6	7	8	9	10	12	14	15	119	#
480	476332	0	1	2	3	4	5	6	7	8	9	10	11	14	15	119	#
481	410121	0	1	2	3	5	6	7	8	9	10	11	13	14	15	119	#
482	333297	1	2	3	5	6	7	8	11	12	13	120	#
483	415838	1	5	6	7	9	10	11	13	14	15	120	#
484	408422	0	1	2	3	4	5	6	8	10	12	120	#
485	323821	2	4	5	6	8	9	10	12	13	15	120	#
486	236735	1	4	5	6	8	9	10	12	13	14	120	#
487	235791	0	1	2	4	5	6	8	9	12	13	120	#
488	125353	5	8	9	#
489	506741	0	1	2	3	4	5	6	7	8	9	10	11	13	14	15	124	#
490	574117	0	1	2	3	4	5	6	7	8	9	10	13	14	15	16	124	#
491	521482	0	1	2	3	4	5	6	7	8	10	11	12	13	14	15	124	#
492	508155	0	1	2	3	4	5	6	8	9	10	11	12	13	14	15	124	#
493	495017	0	1	2	4	5	6	7	8	9	10	11	13	14	15	19	124	#
494	488225	0	1	2	3	4	5	6	8	9	10	12	13	14	17	18	124	#
495	167815	3	6	7	11	125	#
496	227925	3	5	6	7	125	#
497	208820	2	3	7	11	125	#
498	208786	1	2	6	7	125	#
499	127872	2	6	#
500	81323	2	#
501	245837	1	2	3	127	#
502	286079	2	3	7	127	#
503	226954	1	2	6	127	#
504	709703	0	1	4	5	6	8	9	10	13	14	15	128	#
505	726907	1	2	3	5	6	7	10	11	13	14	15	128	#
506	677579	1	2	4	5	6	7	9	10	11	14	15	128	#
507	664555	2	4	5	6	8	9	10	11	13	14	15	128	#
508	656630	4	5	6	7	8	9	10	11	13	14	15	128	#
509	650750	0	1	2	5	6	7	8	9	13	14	15	128	#
510	575000	6	8	9	10	11	13	14	15	129	#
511	563721	8	9	10	11	13	14	15	17	129	#
512	544999	6	8	9	10	12	13	14	15	129	#
513	506962	1	6	7	10	11	13	14	15	129	#
514	501953	5	6	9	10	11	13	14	15	129	#
515	449340	0	1	2	5	6	10	11	14	129	#
516	89627	3	7	191	#
517	147556	0	1	2	4	5	8	9	12	13	130	#
518	197387	1	2	4	5	6	8	9	12	19	130	#
519	139297	1	4	5	6	7	8	9	12	13	130	#
520	449752	8	9	10	11	13	14	15	131	#
521	529646	2	6	7	10	11	14	15	131	#
522	527179	2	3	6	7	10	11	14	131	#
523	423961	5	6	7	10	11	14	15	131	#
524	390928	3	6	7	8	10	11	12	131	#
525	242821	1	4	5	6	8	9	18	131	#
526	388257	3	11	14	15	132	#
527	299318	0	13	14	15	132	#
528	271788	7	10	11	15	132	#
529	226139	2	3	7	11	132	#
530	202774	9	10	13	14	132	#
531	139922	6	7	11	#
532	458866	1	2	5	6	9	10	11	13	14	15	133	#
533	565940	0	1	2	5	6	9	10	13	14	15	133	#
534	466931	5	6	7	9	10	11	13	14	15	18	133	#
535	438696	1	2	3	5	6	7	10	11	14	15	133	#
536	423255	5	6	7	8	9	10	12	13	14	15	133	#
537	398378	0	1	2	3	5	6	7	11	15	18	133	#
538	945200	0	1	2	3	4	5	6	7	8	9	10	11	12	13	14	15	16	19	134	#
539	913879	0	1	2	3	4	5	6	7	8	9	10	11	12	13	14	15	16	18	134	#
540	907980	0	1	2	3	4	5	6	7	8	9	10	11	12	13	14	15	18	19	134	#
541	882387	0	1	2	3	4	5	6	7	8	9	10	11	12	13	14	15	16	17	134	#
542	876488	0	1	2	3	4	5	6	7	8	9	10	11	12	13	14	15	17	19	134	#
543	845168	0	1	2	3	4	5	6	7	8	9	10	11	12	13	14	15	17	18	134	#
544	115668	5	6	135	#
545	82150	1	6	135	#
546	770629	0	1	2	3	4	5	6	8	9	10	11	12	13	14	15	136	#
547	860355	0	1	2	3	4	5	6	7	8	10	11	14	15	17	19	136	#
548	848806	0	1	2	3	4	5	6	7	8	9	10	11	12	14	15	136	#
549	836680	0	1	2	3	5	6	7	8	9	10	11	12	13	14	15	136	#
550	828722	0	1	2	3	4	5	6	7	8	9	11	13	14	15	16	136	#
551	814468	0	1	2	3	4	5	6	7	8	9	10	11	13	14	15	136	#
552	417946	10	11	13	14	15	180	#
553	639797	0	1	2	3	4	5	6	7	8	9	10	11	12	13	14	15	179	#
554	130460	0	1	4	5	8	9	12	138	#
555	190501	1	4	5	6	7	9	10	138	#
556	180434	1	4	5	8	9	12	13	138	#
557	179388	0	1	5	6	8	9	13	138	#
558	169265	4	5	6	8	9	12	13	138	#
559	315175	2	3	5	6	7	11	139	#
560	440689	2	3	10	11	14	19	139	#
561	336796	1	2	6	10	11	15	139	#
562	218671	0	1	4	5	6	10	139	#
563	150764	1	2	5	6	7	9	139	#
564	369964	1	2	4	5	6	8	9	10	12	13	140	#
565	496676	0	1	2	4	5	6	7	9	10	11	140	#
566	420281	1	4	5	6	7	8	9	10	11	12	140	#
567	394783	1	2	4	5	6	7	8	11	12	15	140	#
568	325660	0	1	2	3	4	5	8	9	12	13	140	#
569	310254	0	1	2	4	5	6	8	9	12	13	140	#
570	157582	4	5	9	19	141	#
571	197181	1	4	5	6	141	#
572	129236	4	8	9	12	141	#
573	111881	1	5	6	9	141	#
574	677457	0	1	2	3	4	5	6	7	8	9	10	11	12	13	14	15	142	#
575	781206	0	1	2	3	4	5	6	7	8	9	10	11	13	14	15	18	142	#
576	707693	0	1	2	3	4	5	6	7	8	9	10	11	13	14	15	19	142	#
577	683182	1	2	3	4	5	6	7	8	9	10	11	12	13	14	16	17	142	#
578	632033	0	1	3	4	5	6	7	8	9	10	11	13	14	15	17	19	142	#
579	601450	0	1	2	4	5	6	7	8	9	10	11	12	13	14	15	143	#
580	761136	0	1	2	3	4	5	6	7	8	9	10	11	14	15	16	143	#
581	681891	0	1	2	3	5	6	7	8	9	10	11	12	13	14	15	143	#
582	680764	0	1	2	4	5	6	7	8	9	10	11	13	14	15	18	143	#
583	665638	0	1	2	3	4	5	6	7	8	9	10	11	13	14	15	143	#
584	662338	0	1	2	3	4	5	6	7	8	9	10	11	12	14	15	143	#
585	449536	9	10	13	14	15	180	#
586	133809	9	13	#
587	228905	4	5	8	9	145	#
588	210073	5	7	9	13	145	#
589	170694	4	5	6	12	145	#
590	756452	0	1	2	3	4	5	6	7	8	9	10	11	12	13	14	15	146	#
591	743208	0	1	2	3	4	5	6	7	8	9	10	11	12	13	14	18	146	#
592	734692	0	1	2	3	4	5	6	7	8	9	10	11	12	13	14	19	146	#
593	696863	1	2	3	4	5	6	7	8	9	10	11	12	13	14	15	19	146	#
594	998353	0	1	2	3	4	5	6	7	8	9	10	11	12	13	14	15	147	#
595	1082362	0	1	2	3	4	5	6	7	8	9	10	11	13	14	15	16	147	#
596	977055	0	1	2	3	4	5	6	7	8	9	10	11	12	13	15	19	147	#
597	951639	0	1	2	3	4	5	6	7	8	9	10	11	12	13	15	18	147	#
598	919423	0	1	2	3	4	5	6	7	8	9	10	11	12	13	14	19	147	#
599	406741	2	4	5	6	9	10	148	#
600	370820	5	6	7	9	10	11	148	#
601	279895	1	2	4	5	6	9	148	#
602	270697	4	5	6	8	9	13	148	#
603	262523	0	1	2	5	6	9	148	#
604	138955	1	6	11	15	17	149	#
605	149497	2	6	7	10	11	149	#
606	141726	1	5	6	15	17	149	#
607	621091	0	1	2	3	4	5	6	7	8	9	10	11	12	13	14	15	150	#
608	657669	0	1	2	3	4	5	6	7	8	9	10	11	12	14	15	19	150	#
609	656962	0	1	2	3	4	5	6	7	8	9	10	11	13	14	15	16	150	#
610	630581	0	1	2	3	4	5	6	7	8	9	10	11	13	14	15	18	150	#
611	598682	0	1	2	3	4	5	6	7	8	9	10	11	13	14	15	19	150	#
612	914432	0	1	2	3	4	5	6	7	8	9	10	11	12	13	14	15	151	#
613	993108	0	1	2	3	4	5	6	7	8	9	10	11	13	14	15	18	151	#
614	962912	1	2	3	4	5	6	7	8	9	10	11	12	13	14	15	18	151	#
615	922782	0	1	2	3	4	5	6	7	8	9	10	11	12	13	15	16	151	#
616	897675	0	1	2	3	4	5	6	7	8	9	10	11	12	13	14	16	151	#
617	503926	2	3	6	7	9	10	11	13	14	15	152	#
618	563059	2	3	4	5	7	8	10	11	12	15	152	#
619	555521	0	1	2	3	5	6	7	11	12	15	152	#
620	551356	2	3	4	6	7	8	10	11	14	15	152	#
621	533327	1	2	3	5	6	7	10	11	14	15	152	#
622	514907	0	1	5	6	7	10	11	13	14	15	152	#
623	551015	0	1	5	6	9	10	11	13	14	15	153	#
624	589005	1	2	3	4	5	6	7	10	16	19	153	#
625	572836	2	5	6	7	9	10	11	13	14	15	153	#
626	562362	0	1	2	3	4	5	6	7	9	10	153	#
627	551817	4	6	8	9	10	11	12	13	14	15	153	#
628	545567	1	5	6	7	9	10	11	13	14	15	153	#
629	223610	1	2	4	5	6	7	8	9	154	#
630	327217	1	2	3	4	5	6	7	13	154	#
631	307712	1	2	5	6	7	8	9	10	154	#
632	257332	4	5	6	8	9	12	13	14	154	#
633	255543	1	2	3	5	6	7	9	11	154	#
634	236110	0	1	2	3	4	5	8	9	154	#
635	976723	0	1	2	3	4	5	6	7	8	9	10	11	12	13	14	15	16	17	155	#
636	992779	0	1	2	3	4	5	6	7	8	9	10	11	12	13	14	15	16	18	155	#
637	975462	0	1	2	3	4	5	6	7	8	9	10	11	12	13	14	15	16	19	155	#
638	904555	0	1	2	3	4	5	6	7	8	9	10	11	12	13	14	15	17	18	155	#
639	903293	0	1	2	3	4	5	6	7	8	9	10	11	12	13	14	15	18	19	155	#
640	887237	0	1	2	3	4	5	6	7	8	9	10	11	12	13	14	15	17	19	155	#
641	791455	0	1	2	3	4	5	6	7	8	9	10	11	12	13	14	15	18	156	#
642	822337	0	1	2	3	4	5	6	7	8	9	10	11	12	13	14	15	16	156	#
643	762614	0	1	2	3	4	5	6	7	8	9	10	11	12	13	14	15	19	156	#
644	687744	0	1	2	3	4	5	6	7	8	9	10	11	12	13	14	15	17	156	#
645	677627	1	2	3	4	5	6	7	8	9	10	11	12	13	14	15	17	18	156	#
646	798083	0	1	2	3	4	5	6	7	8	9	10	11	12	13	14	15	157	#
647	853887	0	1	2	3	5	6	7	8	9	10	11	13	14	15	16	18	157	#
648	823649	0	1	2	3	4	5	6	7	8	9	10	11	13	14	15	18	157	#
649	798776	0	1	2	3	4	5	6	7	8	9	10	11	13	14	15	17	157	#
650	779378	0	1	2	3	4	5	6	8	9	10	11	12	13	14	15	18	157	#
651	482233	3	4	5	6	7	8	9	10	11	12	158	#
652	625521	4	5	8	9	10	11	13	14	15	16	158	#
653	583813	2	3	6	7	9	10	11	13	14	15	158	#
654	546195	0	1	2	3	4	6	7	10	11	14	158	#
655	542188	2	3	5	6	7	10	11	14	15	17	158	#
656	529820	4	5	8	9	10	11	12	13	14	15	158	#
657	239603	1	2	3	6	159	#
658	244086	3	6	7	16	159	#
659	244005	1	2	6	10	159	#
660	204022	0	1	9	13	159	#
661	673413	1	2	3	4	5	6	7	8	9	10	11	12	13	14	15	17	160	#
662	768937	1	2	3	4	5	6	7	8	9	10	11	12	13	14	15	16	160	#
663	752657	0	1	2	3	4	5	6	7	8	9	10	11	13	14	15	16	160	#
664	672343	0	1	2	3	4	5	6	7	8	9	11	12	13	14	15	17	160	#
665	653563	0	1	2	3	4	5	6	7	8	9	10	11	12	13	14	15	160	#
666	288105	7	8	9	10	11	13	14	15	161	#
667	416586	1	2	5	6	9	10	11	13	161	#
668	316906	0	1	4	5	6	9	13	18	161	#
669	256689	4	5	6	8	9	10	13	14	161	#
670	232138	4	8	9	11	12	13	14	15	161	#
671	982565	0	1	2	3	4	5	6	7	8	9	10	11	12	13	14	15	162	#
672	1122031	0	1	2	3	4	5	6	7	8	9	10	11	13	14	15	16	162	#
673	1052127	0	1	2	3	4	5	6	7	9	10	11	13	14	15	17	19	162	#
674	1003228	0	1	2	3	4	5	6	7	8	9	10	11	13	14	15	17	162	#
675	1001973	0	1	2	3	4	5	6	7	8	9	10	11	13	14	15	18	162	#
676	879429	0	1	2	4	5	6	7	8	9	10	11	12	13	14	15	19	162	#
677	513759	0	1	2	3	4	5	6	7	8	9	11	12	13	163	#
678	677309	1	2	3	5	6	7	8	9	10	11	13	15	16	163	#
679	648828	1	2	3	4	5	6	7	10	11	13	14	15	16	163	#
680	637847	1	2	3	4	5	6	7	8	9	10	11	14	15	163	#
681	626754	0	1	2	3	5	6	7	9	10	11	13	14	15	163	#
682	606761	1	2	4	5	6	7	8	9	10	11	13	14	15	163	#
683	500168	7	9	10	11	13	14	15	164	#
684	520727	2	6	10	11	13	14	15	164	#
685	516808	1	5	9	10	13	14	15	164	#
686	511024	5	6	10	11	13	14	15	164	#
687	426174	3	4	5	8	9	13	14	164	#
688	386219	1	5	6	7	10	11	14	164	#
689	521635	2	4	5	6	7	8	9	11	12	13	165	#
690	752171	2	5	6	7	9	10	11	13	14	15	165	#
691	707101	1	2	3	4	5	6	7	10	11	14	165	#
692	703071	0	1	2	3	5	6	7	10	11	15	165	#
693	682190	2	3	4	5	6	7	8	9	10	11	165	#
694	672972	2	3	4	5	6	8	9	13	14	15	165	#
695	563151	0	1	2	3	4	5	6	7	8	9	10	11	12	13	14	15	166	#
696	615076	0	1	2	3	4	5	6	7	8	9	10	11	12	14	15	19	166	#
697	565309	0	1	2	4	5	6	7	8	9	10	11	12	13	14	15	16	166	#
698	438345	0	1	3	4	5	6	7	8	9	10	11	12	13	14	15	17	166	#
699	294979	1	2	4	5	6	8	10	11	168	#
700	350091	1	2	3	5	6	9	10	13	168	#
701	314443	4	5	6	8	9	12	13	14	168	#
702	307500	0	1	2	3	4	5	6	8	168	#
703	302640	6	7	8	9	10	11	13	14	168	#
704	261799	0	1	2	4	5	6	8	17	168	#
705	626814	0	1	3	4	5	6	7	8	9	10	12	14	19	169	#
706	852354	0	1	2	3	6	7	10	11	13	14	15	18	19	169	#
707	797095	0	1	2	3	4	5	6	7	10	11	13	14	15	169	#
708	761391	0	1	2	3	4	5	6	7	8	9	10	11	15	169	#
709	735507	1	2	3	4	5	6	7	9	10	11	13	14	15	169	#
710	727641	1	2	3	4	5	6	7	8	9	11	13	14	15	169	#
711	23707	0	1	#
712	353325	0	1	2	3	4	5	6	8	9	170	#
713	516477	3	5	6	7	10	11	13	14	15	170	#
714	511941	2	5	6	8	9	10	13	14	15	170	#
715	428597	0	1	2	3	5	6	8	9	10	170	#
716	426179	0	1	2	5	6	8	9	10	14	170	#
717	361601	1	2	3	4	5	7	8	9	13	170	#
718	323393	2	4	5	6	7	8	9	12	171	#
719	418790	1	2	3	4	5	7	9	13	171	#
720	388063	4	5	8	9	12	13	14	15	171	#
721	369757	0	1	2	5	6	9	10	11	171	#
722	299428	1	2	4	5	8	9	12	13	171	#
723	271015	4	5	6	7	8	9	12	19	171	#
724	148141	2	3	191	#
725	344814	1	5	6	7	10	11	14	15	190	#
726	737426	0	1	2	3	4	5	6	7	8	9	10	11	12	13	14	15	18	173	#
727	781901	0	1	2	3	4	5	6	7	8	9	10	11	12	13	14	15	16	173	#
728	762428	0	1	2	3	4	5	6	7	8	9	10	11	12	14	15	18	19	173	#
729	696039	0	1	2	3	4	5	6	7	8	9	10	11	12	13	14	15	17	173	#
730	653543	0	1	2	3	4	5	6	7	8	9	10	11	12	13	14	15	19	173	#
731	236435	10	13	14	174	#
732	219990	6	10	14	174	#
733	140762	6	10	11	174	#
734	452435	1	2	5	6	10	13	14	15	175	#
735	458329	3	6	7	10	11	13	14	15	175	#
736	406559	1	2	6	7	10	11	14	15	175	#
737	398355	0	1	2	5	6	10	14	15	175	#
738	370517	1	2	3	6	7	10	11	15	175	#
739	299410	1	2	3	4	5	6	7	8	175	#
740	462899	1	4	5	6	8	9	12	13	14	15	16	176	#
741	639521	2	4	5	6	9	10	11	13	14	15	17	176	#
742	613650	0	1	2	3	5	6	7	10	11	14	15	176	#
743	610966	1	2	3	4	5	6	7	10	11	14	15	176	#
744	590761	1	3	5	6	7	9	10	11	13	14	15	176	#
745	575570	1	3	6	7	9	10	11	13	14	15	17	176	#
746	688066	0	1	2	3	4	5	6	7	8	9	10	11	12	13	14	15	177	#
747	853561	0	1	2	3	4	5	6	7	8	9	10	12	13	14	15	18	177	#
748	778941	0	1	2	3	4	5	6	7	8	9	10	12	13	14	15	17	177	#
749	772423	0	1	2	3	4	5	6	7	8	9	10	11	13	14	15	16	177	#
750	748093	0	1	2	3	4	5	6	8	9	10	11	12	13	14	15	18	177	#
751	655102	0	1	2	3	4	5	6	7	8	9	10	11	12	13	14	16	177	#
752	668066	0	1	2	3	4	5	6	7	8	9	10	11	12	13	14	15	178	#
753	131522	1	3	182	#
754	150846	3	7	182	#
755	542442	1	2	3	5	6	7	10	11	16	249	#
756	433869	0	1	4	5	6	7	8	9	10	11	12	14	15	183	#
757	589348	0	1	2	3	5	6	7	9	10	11	13	14	15	183	#
758	501139	1	2	3	4	5	6	7	9	10	11	13	14	15	183	#
759	498079	0	1	2	3	4	5	6	8	9	12	13	14	15	183	#
760	472374	0	1	2	3	4	5	6	7	8	9	10	11	18	183	#
761	463340	0	1	4	5	6	7	8	9	10	11	13	14	15	183	#
762	683036	0	1	2	3	4	5	6	7	8	9	10	13	14	15	184	#
763	648617	1	2	3	5	6	7	9	10	11	13	14	15	16	18	184	#
764	639846	1	2	3	4	5	6	7	8	9	10	13	14	15	19	184	#
765	611083	1	2	3	4	5	6	7	8	9	10	12	13	14	15	184	#
766	600635	0	1	2	3	4	5	6	7	8	9	10	12	13	14	184	#
767	580084	0	1	2	3	5	6	7	8	9	10	11	13	14	15	184	#
768	893769	0	1	2	3	4	5	6	7	8	9	10	11	12	13	14	15	19	185	#
769	984705	0	1	2	3	4	5	6	7	8	9	10	11	12	13	14	15	16	185	#
770	930732	1	2	3	4	5	6	7	8	9	10	11	12	13	14	15	18	19	185	#
771	919452	0	1	2	3	4	5	6	7	8	9	10	11	12	13	14	15	18	185	#
772	874312	0	1	2	3	4	5	6	7	8	9	10	11	12	13	14	15	17	185	#
773	516988	1	2	5	6	7	9	10	14	186	#
774	535750	3	5	6	7	10	11	14	15	186	#
775	523780	1	3	6	7	10	11	14	15	186	#
776	508842	0	1	2	3	5	6	7	9	186	#
777	484348	1	2	3	5	6	7	10	11	186	#
778	451298	1	2	3	4	5	6	8	10	186	#
779	284471	1	2	3	5	9	187	#
780	298705	1	2	5	6	10	187	#
781	298219	1	2	3	6	7	187	#
782	290027	1	2	3	5	7	187	#
783	204110	1	2	4	5	6	187	#
784	167591	5	6	8	9	12	187	#
785	698062	0	1	2	3	4	5	6	7	8	9	10	11	12	13	14	15	188	#
786	857663	0	1	2	3	4	5	6	7	9	10	11	13	14	15	17	18	188	#
787	812696	0	1	2	3	4	5	6	8	9	10	11	13	14	15	17	19	188	#
788	774457	0	1	2	3	4	5	6	7	8	9	10	11	13	14	15	19	188	#
789	764702	0	1	2	3	4	5	6	7	8	9	10	11	13	14	15	17	188	#
790	693762	0	1	2	3	4	5	6	7	8	9	10	11	12	13	14	15	16	17	189	#
791	759481	0	1	2	3	4	5	6	7	8	9	10	11	12	13	14	15	16	18	189	#
792	712525	0	1	2	3	4	5	6	7	8	9	10	11	12	13	14	15	16	19	189	#
793	707079	0	1	2	3	4	5	6	7	8	9	10	11	12	13	14	15	18	19	189	#
794	688316	0	1	2	3	4	5	6	7	8	9	10	11	12	13	14	15	17	18	189	#
795	641360	0	1	2	3	4	5	6	7	8	9	10	11	12	13	14	15	17	19	189	#
796	334462	0	1	2	3	6	7	10	11	190	#
797	408701	0	1	2	3	5	6	9	10	190	#
798	393897	3	5	6	7	10	11	14	15	190	#
799	371823	1	3	6	7	10	11	14	15	190	#
800	356186	1	2	3	5	6	7	9	11	190	#
801	302116	2	3	5	6	7	192	#
802	439673	2	3	5	6	10	192	#
803	306986	3	6	7	11	15	192	#
804	225926	1	2	3	5	7	192	#
805	148668	1	3	6	7	11	192	#
806	362634	3	5	6	7	10	11	14	193	#
807	430308	8	9	11	12	13	14	15	193	#
808	424658	6	7	10	11	13	14	15	193	#
809	406284	1	2	3	7	10	11	15	193	#
810	247600	0	1	3	5	6	7	13	193	#
811	193859	1	2	3	5	6	7	11	193	#
812	603456	0	1	2	3	5	6	7	10	11	14	15	194	#
813	731949	3	5	6	7	9	10	11	13	14	15	16	194	#
814	648806	3	6	7	8	9	10	11	12	13	14	15	194	#
815	619901	3	5	6	7	8	9	10	11	13	14	15	194	#
816	600094	1	2	3	5	6	7	9	10	11	14	15	194	#
817	589715	0	1	5	6	7	8	9	10	11	14	15	194	#
818	242596	6	10	11	14	195	#
819	311984	10	11	14	15	195	#
820	271643	10	11	13	14	195	#
821	218543	7	10	11	15	195	#
822	86071	3	#
823	292619	1	2	3	4	5	6	7	8	10	11	196	#
824	428940	1	2	3	4	5	6	7	10	11	15	196	#
825	345979	2	3	4	5	6	7	8	9	10	11	196	#
826	323350	0	1	2	4	5	6	7	8	9	13	196	#
827	307251	1	2	3	4	5	6	7	8	9	19	196	#
828	784543	0	1	2	3	4	5	6	7	8	9	10	11	12	13	14	15	17	197	#
829	811085	0	1	2	3	4	5	6	7	8	9	10	11	12	13	14	15	16	197	#
830	768449	0	1	2	3	4	5	6	7	8	9	10	11	12	13	14	15	18	197	#
831	748214	0	1	2	3	4	5	6	7	8	9	10	11	12	13	14	15	19	197	#
832	488053	0	1	2	3	6	7	9	10	11	198	#
833	650680	1	2	3	5	6	10	11	13	14	198	#
834	612252	0	1	2	3	5	6	10	11	15	198	#
835	527427	1	2	3	6	7	10	11	14	15	198	#
836	525453	0	1	2	3	4	5	8	9	13	198	#
837	500407	1	5	6	9	10	14	15	17	18	198	#
838	135582	0	1	2	199	#
839	106969	0	1	5	199	#
840	93819	2	6	7	199	#
841	210873	1	2	3	5	200	#
842	240167	1	2	3	9	200	#
843	235672	0	1	2	6	200	#
844	216741	2	5	6	12	200	#
845	405863	3	4	5	6	7	8	9	10	11	12	202	#
846	579343	1	3	5	6	7	10	11	13	14	17	202	#
847	548511	1	2	3	4	5	6	7	11	14	15	202	#
848	519451	0	1	2	4	5	6	7	9	10	13	202	#
849	479983	4	5	6	8	9	10	12	13	14	15	202	#
850	447901	1	2	3	4	5	6	8	9	12	13	202	#
851	656433	0	1	2	3	4	5	6	7	8	9	10	11	12	13	14	15	203	#
852	682797	0	1	2	3	4	5	6	7	8	9	11	12	13	14	15	18	203	#
853	649255	0	1	2	3	4	5	6	7	8	9	10	11	13	14	15	17	203	#
854	645511	0	1	2	3	4	5	6	7	8	9	11	12	13	14	15	19	203	#
855	620340	1	2	3	4	5	6	7	8	9	10	11	12	13	14	15	19	203	#
856	618678	0	1	2	4	5	6	7	8	9	10	11	12	13	14	15	19	203	#
857	785875	1	2	3	4	5	6	7	8	9	10	11	12	13	14	15	204	#
858	933058	0	1	2	3	5	6	7	8	9	10	11	12	13	14	15	204	#
859	909577	0	1	3	5	6	7	8	9	10	11	12	13	14	15	18	204	#
860	900400	2	3	4	5	6	7	8	9	10	11	12	13	14	15	19	204	#
861	841631	0	1	2	3	4	5	6	7	8	9	10	11	13	14	15	204	#
862	783024	0	1	2	3	4	5	6	7	8	9	10	12	13	14	19	204	#
863	718696	0	1	2	3	4	5	6	7	8	9	10	11	12	13	14	15	205	#
864	790514	0	1	2	3	4	5	6	7	8	9	10	11	13	14	18	19	205	#
865	711214	0	1	2	3	4	5	6	7	8	9	10	11	12	13	14	18	205	#
866	697006	0	1	2	4	5	6	7	8	9	10	11	12	13	14	15	19	205	#
867	395625	0	1	6	7	10	11	13	14	15	206	#
868	491040	2	6	7	9	10	11	13	14	15	206	#
869	435149	0	1	2	5	6	10	13	14	19	206	#
870	396325	0	1	3	7	11	13	14	15	18	206	#
871	359594	5	6	7	9	10	11	13	14	15	206	#
872	345186	4	5	8	9	10	12	13	14	15	206	#
873	86099	0	1	6	207	#
874	97464	6	7	10	207	#
875	677434	1	2	3	5	6	7	10	11	14	15	208	#
876	667902	0	1	2	3	5	6	7	10	14	19	208	#
877	605428	1	2	3	5	6	7	8	9	10	13	208	#
878	602913	0	1	2	3	5	6	7	10	11	14	208	#
879	565236	1	2	3	4	5	6	7	8	10	11	208	#
880	557586	2	5	6	7	9	10	11	13	14	15	208	#
881	427241	4	6	8	9	10	12	13	14	19	209	#
882	615934	5	6	7	10	11	14	15	18	19	209	#
883	581346	0	3	4	7	10	11	13	14	15	209	#
884	573022	0	1	5	6	10	14	15	17	18	209	#
885	492829	4	5	6	7	8	9	13	14	15	209	#
886	474669	0	1	2	3	4	5	6	7	10	209	#
887	458198	2	3	4	5	6	7	8	9	11	210	#
888	578820	0	1	2	4	5	6	8	9	10	210	#
889	555516	1	2	4	5	6	8	9	12	16	210	#
890	525098	1	2	3	6	7	10	11	14	15	210	#
891	519475	1	2	3	4	5	6	8	9	12	210	#
892	503846	1	2	3	4	5	6	8	9	13	210	#
893	694065	0	1	2	3	4	5	6	7	8	9	10	11	12	13	14	15	19	211	#
894	773010	0	1	2	3	4	5	6	7	8	9	10	11	12	13	14	15	18	211	#
895	744226	0	1	2	3	4	5	6	7	8	9	10	11	12	13	14	15	16	211	#
896	730654	0	1	2	3	4	5	6	7	8	9	10	11	13	14	15	16	19	211	#
897	705624	0	1	2	3	4	5	6	7	8	9	10	11	12	13	14	15	17	211	#
898	728609	0	1	2	3	4	5	6	7	8	9	10	11	12	13	14	15	17	18	212	#
899	785488	0	1	2	3	4	5	6	7	8	9	10	11	12	13	14	15	16	18	212	#
900	759691	0	1	2	3	4	5	6	7	8	9	10	11	12	13	14	15	18	19	212	#
901	703610	0	1	2	3	4	5	6	7	8	9	10	11	12	13	14	15	16	19	212	#
902	672529	0	1	2	3	4	5	6	7	8	9	10	11	12	13	14	15	16	17	212	#
903	646731	0	1	2	3	4	5	6	7	8	9	10	11	12	13	14	15	17	19	212	#
904	600945	2	6	10	13	14	15	213	#
905	486369	5	6	10	13	14	19	213	#
906	463433	3	7	10	11	14	15	213	#
907	456861	1	6	10	11	14	15	213	#
908	435641	6	7	10	11	14	15	213	#
909	423149	1	4	5	6	10	14	213	#
910	890641	0	1	2	3	4	5	6	7	8	9	10	11	12	13	14	15	19	214	#
911	971797	0	1	2	3	4	5	6	7	8	9	10	11	12	13	14	15	18	214	#
912	904529	0	1	2	3	4	5	6	7	8	9	10	11	12	13	14	15	17	214	#
913	896194	0	1	2	3	4	5	6	7	8	9	10	11	12	13	14	15	16	214	#
914	133001	0	1	2	5	215	#
915	118140	1	2	5	9	215	#
916	112087	0	1	5	6	215	#
917	91531	2	5	6	7	215	#
918	232483	3	5	6	7	216	#
919	324655	2	3	6	7	216	#
920	186128	2	3	7	11	216	#
921	154676	4	5	6	9	216	#
922	339514	6	7	11	15	302	#
923	135232	0	18	217	#
924	122729	13	14	217	#
925	131781	0	4	8	218	#
926	111197	0	1	5	218	#
927	386122	0	1	2	3	5	6	7	11	15	219	#
928	520710	2	3	5	6	7	10	11	14	15	219	#
929	510942	1	2	3	6	7	10	11	14	15	219	#
930	494247	3	5	6	7	9	10	11	14	15	219	#
931	450088	1	2	3	5	6	7	9	10	11	219	#
932	435962	0	1	2	3	4	5	6	9	10	219	#
933	339216	1	4	5	6	16	220	#
934	361264	1	2	3	6	10	220	#
935	348978	0	1	2	5	6	220	#
936	288664	0	1	5	9	13	220	#
937	284869	4	8	9	12	16	220	#
938	260733	1	3	6	7	10	222	#
939	355262	2	3	6	7	11	222	#
940	334041	5	6	9	10	14	222	#
941	309283	5	6	7	10	14	222	#
942	241696	0	1	2	6	7	222	#
943	215746	1	2	6	7	11	222	#
944	156650	11	15	223	#
945	117371	10	11	223	#
946	718678	0	1	2	3	4	6	7	8	9	10	11	14	15	224	#
947	759795	0	1	2	3	5	6	7	9	10	11	13	14	15	224	#
948	727962	0	1	2	3	4	5	6	7	9	10	11	15	18	224	#
949	718711	0	1	2	3	5	6	7	8	9	10	11	13	14	224	#
950	696504	0	1	2	3	4	5	6	7	8	9	13	14	15	224	#
951	684129	1	2	3	5	6	7	8	9	10	11	13	14	15	224	#
952	534339	0	1	2	3	4	5	6	7	8	9	10	11	12	13	14	15	17	19	225	#
953	739628	0	1	2	3	4	5	6	7	8	9	10	11	12	13	14	15	16	18	225	#
954	672912	0	1	2	3	4	5	6	7	8	9	10	11	12	13	14	15	18	19	225	#
955	641543	0	1	2	3	4	5	6	7	8	9	10	11	12	13	14	15	17	18	225	#
956	632425	0	1	2	3	4	5	6	7	8	9	10	11	12	13	14	15	16	19	225	#
957	601055	0	1	2	3	4	5	6	7	8	9	10	11	12	13	14	15	16	17	225	#
958	609249	0	1	2	3	4	5	6	7	8	9	10	11	12	13	14	15	226	#
959	740222	0	1	2	3	4	5	6	7	8	9	10	11	13	14	15	18	226	#
960	707214	0	1	2	3	4	5	6	7	8	9	10	11	13	14	15	16	226	#
961	654587	0	1	2	3	4	5	6	7	8	9	10	11	13	14	15	17	226	#
962	648436	1	2	3	4	5	6	7	8	9	10	11	12	13	14	15	19	226	#
963	533577	1	2	3	5	6	7	9	10	11	13	15	227	#
964	630950	1	2	3	5	6	7	8	9	10	13	14	227	#
965	611584	2	3	5	6	7	8	9	10	11	13	15	227	#
966	593585	1	2	3	6	7	9	10	11	13	14	15	227	#
967	551111	0	1	2	3	5	6	7	10	11	14	15	227	#
968	544510	1	3	5	6	7	9	10	11	13	14	15	227	#
969	860346	0	1	2	3	4	5	6	7	8	9	10	11	12	13	14	15	228	#
970	928251	0	1	2	3	4	5	6	7	8	9	10	11	13	14	15	18	228	#
971	900449	1	2	3	4	5	6	7	8	9	10	11	12	13	14	15	16	228	#
972	845120	1	2	3	4	5	6	7	8	9	10	11	12	13	14	15	17	228	#
973	525416	0	1	2	4	5	6	8	9	10	12	14	15	229	#
974	618409	0	1	2	5	6	7	8	9	10	11	14	15	229	#
975	612770	0	1	2	3	4	5	6	7	8	9	10	11	229	#
976	597175	0	1	2	3	5	6	7	10	11	13	14	15	229	#
977	548031	1	3	5	6	7	8	9	10	11	13	14	15	229	#
978	541949	3	4	6	7	8	9	10	11	12	13	14	15	229	#
979	376096	1	2	3	6	7	11	15	230	#
980	392007	1	5	6	10	11	14	15	230	#
981	341513	0	1	2	3	6	7	11	230	#
982	305791	5	9	10	11	13	14	15	230	#
983	272636	0	1	2	4	5	6	7	230	#
984	259976	1	2	4	5	6	8	10	230	#
985	643798	0	1	2	3	5	6	7	10	11	13	14	15	231	#
986	707799	1	3	5	6	7	9	10	11	13	14	15	16	231	#
987	641790	0	1	2	3	5	6	7	9	10	11	14	15	231	#
988	633288	1	3	5	6	7	8	9	10	11	13	14	15	231	#
989	630093	1	3	4	5	6	7	9	10	11	13	14	15	231	#
990	611399	0	1	4	5	6	7	9	10	11	13	14	15	231	#
991	335386	2	3	6	16	232	#
992	333564	2	3	6	7	232	#
993	270032	1	2	6	10	232	#
994	245179	1	2	6	16	232	#
995	217020	1	2	3	8	232	#
996	714462	0	1	2	3	4	5	6	7	8	9	10	11	12	13	14	15	19	233	#
997	840785	0	1	2	3	4	5	6	7	8	9	10	11	12	13	14	15	16	233	#
998	778044	0	1	2	3	4	5	6	7	8	9	10	11	12	13	14	15	18	233	#
999	751507	0	1	2	3	4	5	6	7	8	9	10	11	12	13	14	15	17	233	#
1000	730221	0	1	2	3	4	5	6	7	8	9	10	11	13	14	15	18	19	233	#
1001	448457	4	5	6	8	9	12	13	14	15	234	#
1002	552217	4	5	8	9	10	12	13	14	15	234	#
1003	505289	2	3	6	7	10	11	13	14	15	234	#
1004	436960	1	4	5	6	8	9	10	13	14	234	#
1005	324276	1	2	3	4	5	6	7	8	9	234	#
1006	311061	1	2	3	5	6	7	8	9	12	234	#
1007	466928	1	2	3	5	6	7	9	18	235	#
1008	516907	2	4	5	6	8	9	10	14	235	#
1009	513180	0	1	4	5	9	13	14	16	235	#
1010	505580	8	9	10	12	13	14	17	18	235	#
1011	491905	0	1	4	5	8	9	13	14	235	#
1012	453655	1	2	3	5	6	7	8	9	235	#
1013	414860	3	7	11	14	15	236	#
1014	429365	9	10	13	14	15	236	#
1015	399757	9	11	13	14	15	236	#
1016	320580	6	7	11	14	15	236	#
1017	311066	2	3	7	10	11	236	#
1018	154472	3	4	5	6	7	236	#
1019	678483	0	1	2	3	4	5	6	7	8	9	10	11	12	13	14	15	18	237	#
1020	712683	0	1	2	3	4	5	6	7	8	9	10	11	12	13	14	15	16	237	#
1021	673784	0	1	2	3	4	5	6	7	8	9	10	11	12	13	14	15	19	237	#
1022	640360	0	1	2	3	4	5	6	7	8	9	10	11	12	13	14	15	17	237	#
1023	708102	1	2	4	5	6	7	8	9	10	11	12	13	14	15	238	#
1024	861511	0	1	2	3	4	5	6	7	8	9	10	14	15	19	238	#
1025	849194	0	1	2	3	4	5	6	7	8	9	10	11	14	15	238	#
1026	846894	1	2	3	4	5	6	7	8	9	10	11	13	14	15	238	#
1027	808219	0	1	2	3	5	6	7	8	9	10	11	13	14	15	238	#
1028	800889	0	1	2	3	4	5	6	7	9	10	11	13	14	15	238	#
1029	386371	0	1	2	3	5	7	9	11	239	#
1030	555114	1	4	5	6	9	10	14	15	239	#
1031	517043	0	1	2	5	6	10	13	14	239	#
1032	451867	1	4	5	8	9	10	11	15	239	#
1033	443684	1	2	3	5	6	7	11	15	239	#
1034	421467	2	3	4	5	6	7	10	11	239	#
1035	711328	0	1	2	3	4	5	6	7	8	9	10	11	12	13	14	15	240	#
1036	596200	0	1	2	4	5	6	7	8	9	10	11	12	13	14	15	17	240	#
1037	184173	1	2	5	6	9	10	11	241	#
1038	246544	1	2	5	7	10	11	14	241	#
1039	193970	1	2	3	6	7	8	12	241	#
1040	154583	0	1	2	4	5	6	10	241	#
1041	133702	0	1	2	3	6	7	11	241	#
1042	103822	1	2	4	5	8	9	13	241	#
1043	240513	0	1	2	6	242	#
1044	267959	1	2	3	7	242	#
1045	181665	0	1	2	5	242	#
1046	127159	2	3	5	6	242	#
1047	97718	1	2	5	6	242	#
1048	290031	1	2	3	7	10	11	243	#
1049	342661	4	5	6	7	10	14	243	#
1050	238787	1	3	6	7	10	11	243	#
1051	234773	0	1	2	3	6	7	243	#
1052	233986	5	6	7	11	14	15	243	#
1053	198488	3	6	7	11	15	17	243	#
1054	84178	8	9	12	#
1055	388249	7	10	11	13	14	245	#
1056	451609	7	10	11	14	15	245	#
1057	404664	2	6	10	11	14	245	#
1058	389105	5	6	7	10	14	245	#
1059	285089	5	6	9	13	14	245	#
1060	786396	0	1	2	3	4	5	6	7	9	10	13	14	246	#
1061	922691	0	1	2	3	6	7	9	10	11	13	14	15	246	#
1062	854865	0	1	2	3	5	6	7	9	10	11	13	14	246	#
1063	837551	1	3	5	6	7	8	9	10	11	13	14	15	246	#
1064	825237	0	1	2	3	5	6	7	9	10	11	14	15	246	#
1065	819167	2	4	5	6	7	8	9	10	13	14	15	18	246	#
1066	421419	1	2	3	4	5	6	7	8	9	13	247	#
1067	533579	1	2	3	5	6	7	10	11	14	15	247	#
1068	504575	0	1	2	5	6	8	9	10	14	15	247	#
1069	482543	1	2	3	5	6	7	9	11	13	14	247	#
1070	463831	0	1	2	3	5	6	7	10	11	17	247	#
1071	437850	0	1	2	3	4	5	6	7	8	11	247	#
1072	510912	1	2	6	7	8	9	10	11	13	14	15	248	#
1073	633895	0	1	2	3	5	6	7	10	13	14	15	248	#
1074	599187	0	1	2	3	4	5	6	8	9	13	18	248	#
1075	591380	1	2	3	6	7	9	10	11	13	14	15	248	#
1076	532168	0	1	2	3	4	5	6	7	10	11	15	248	#
1077	528696	1	2	3	4	5	6	8	10	11	14	15	248	#
1078	384855	1	5	6	8	9	10	13	14	15	249	#
1079	558446	2	3	6	7	10	11	13	14	15	249	#
1080	568271	3	6	7	10	11	14	15	250	#
1081	556323	3	7	10	11	13	14	15	250	#
1082	436472	5	6	7	10	11	14	15	250	#
1083	393488	1	2	3	6	7	10	11	250	#
1084	362563	0	1	2	3	5	6	7	250	#
1085	291202	2	3	4	5	6	7	11	250	#
1086	660604	0	1	2	3	4	5	6	7	8	9	10	11	12	13	14	15	251	#
1087	814996	0	1	2	3	4	5	6	7	8	9	10	12	13	14	15	18	251	#
1088	687713	0	1	2	3	4	5	6	7	8	9	10	12	13	14	15	17	251	#
1089	671638	0	1	2	3	4	5	6	7	8	9	11	12	13	15	16	19	251	#
1090	222418	2	3	7	11	252	#
1091	283561	3	7	10	11	252	#
1092	23410	4	#
1093	143238	0	1	2	253	#
1094	160522	0	1	17	253	#
1095	128686	0	1	5	253	#
1096	123332	1	2	6	253	#
1097	572573	0	1	2	3	4	5	6	7	8	9	10	11	12	13	14	15	254	#
1098	674017	1	2	3	4	5	6	7	8	9	10	11	13	14	15	16	18	254	#
1099	649787	0	1	2	3	4	5	6	7	8	9	10	11	13	14	15	18	254	#
1100	643593	0	1	2	3	4	5	6	7	8	9	10	11	13	14	15	16	254	#
1101	629615	0	1	2	3	4	5	6	7	8	9	10	11	12	13	14	19	254	#
1102	594679	0	1	2	3	5	6	7	8	9	10	11	12	13	14	15	17	254	#
1103	224794	5	9	13	14	15	255	#
1104	270170	5	6	9	10	18	255	#
1105	256829	2	5	6	9	13	255	#
1106	173099	5	8	9	13	14	255	#
1107	168109	4	5	8	9	15	255	#
1108	512092	3	4	5	6	7	8	9	10	11	14	15	256	#
1109	656604	1	2	3	5	6	7	9	10	11	14	15	256	#
1110	628802	0	1	2	3	5	6	7	10	11	14	15	256	#
1111	569385	1	2	3	4	5	6	7	9	10	11	15	256	#
1112	569382	1	2	3	4	5	6	7	10	11	14	15	256	#
1113	564706	0	1	5	6	7	9	10	11	13	14	15	256	#
1114	666209	0	1	2	3	4	5	6	7	8	9	10	11	12	13	14	15	257	#
1115	785968	0	1	2	3	4	5	6	7	8	9	10	12	13	14	15	19	257	#
1116	699071	0	1	2	3	4	5	6	7	8	9	10	11	12	13	14	16	257	#
1117	688625	1	2	3	4	5	6	7	8	9	10	11	12	13	14	15	16	257	#
1118	671413	0	1	3	4	5	6	7	8	9	10	11	12	13	14	15	17	257	#
1119	660436	1	6	7	9	10	13	14	15	16	258	#
1120	797974	1	2	3	6	7	10	11	14	15	258	#
1121	791469	2	3	6	7	10	11	13	14	15	258	#
1122	781400	0	1	2	3	5	6	7	10	15	258	#
1123	655551	2	3	4	7	8	9	13	14	15	258	#
1124	640189	1	2	3	4	5	6	7	11	15	258	#
1125	209795	1	5	8	9	13	19	259	#
1126	304385	4	5	8	9	13	14	259	#
1127	256838	1	2	4	5	6	8	259	#
1128	230514	4	5	6	8	17	19	259	#
1129	198133	1	4	5	6	8	9	259	#
1130	437998	1	2	3	5	6	7	9	11	13	260	#
1131	556871	0	1	2	3	6	7	10	11	14	260	#
1132	497428	2	3	6	7	10	11	13	14	15	260	#
1133	483025	0	1	2	3	5	6	7	11	15	260	#
1134	477928	0	1	2	3	4	5	6	7	11	260	#
1135	450203	0	1	2	3	4	5	6	8	9	260	#
1136	704849	0	1	2	3	4	5	6	7	8	9	10	11	12	13	14	15	16	261	#
1137	756531	0	1	2	3	4	5	6	7	8	9	10	11	12	13	14	15	18	261	#
1138	682371	0	1	2	3	4	5	6	7	8	9	10	11	12	13	14	15	19	261	#
1139	641280	0	1	2	3	4	5	6	7	8	9	10	11	12	13	14	15	17	261	#
1140	159434	6	10	11	16	262	#
1141	208457	0	1	5	16	262	#
1142	144751	1	2	5	6	262	#
1143	201886	10	14	#
1144	379680	6	7	9	10	11	13	14	264	#
1145	394662	5	9	10	11	13	14	15	264	#
1146	377753	3	6	7	10	11	14	15	264	#
1147	334092	7	8	9	11	13	14	15	264	#
1148	326053	1	2	3	6	7	10	11	264	#
1149	386072	1	2	3	4	5	6	7	8	9	10	12	265	#
1150	497624	2	4	6	7	8	9	10	11	12	14	15	265	#
1151	457094	0	1	2	3	4	5	6	7	9	10	14	265	#
1152	452376	0	1	2	3	5	6	7	10	11	14	15	265	#
1153	451614	0	1	2	3	5	6	7	9	10	11	14	265	#
1154	417607	1	2	3	5	6	7	10	11	13	14	15	265	#
1155	453426	3	7	11	14	15	266	#
1156	471503	3	6	10	11	15	266	#
1157	464983	6	10	11	14	15	266	#
1158	401480	2	3	7	10	11	266	#
1159	384769	6	7	10	11	15	266	#
1160	239452	1	3	6	7	11	266	#
1161	278784	0	1	2	5	6	9	267	#
1162	402871	0	1	2	5	6	10	267	#
1163	367926	1	5	6	9	10	13	267	#
1164	304422	4	5	8	9	10	12	267	#
1165	254298	1	2	5	6	9	13	267	#
1166	229387	0	1	4	5	6	7	267	#
1167	677972	5	6	7	8	9	10	11	12	13	14	15	268	#
1168	820080	1	2	3	5	6	7	9	10	13	14	15	268	#
1169	810195	2	3	5	6	7	8	9	10	11	13	14	268	#
1170	762902	1	2	3	5	6	7	10	11	13	14	15	268	#
1171	722464	0	1	5	6	7	10	11	13	14	15	18	268	#
1172	709293	0	1	5	6	7	9	10	11	13	14	15	268	#
1173	581244	1	2	6	7	9	10	11	13	14	15	269	#
1174	651789	2	3	6	7	10	11	13	14	15	18	269	#
1175	602310	0	1	2	5	6	7	10	11	14	15	269	#
1176	598880	3	5	6	7	8	9	10	13	14	15	269	#
1177	578258	2	5	6	8	9	10	11	13	14	15	269	#
1178	556563	2	3	4	6	7	8	10	11	14	15	269	#
1179	440028	0	1	2	3	4	5	6	7	8	9	10	11	12	13	14	15	270	#
1180	523715	0	1	2	3	4	5	6	7	8	9	10	11	13	14	15	19	270	#
1181	482151	0	1	2	3	5	6	7	8	9	10	11	12	13	14	15	17	270	#
1182	466710	0	1	2	3	4	5	6	7	9	10	11	12	13	14	15	19	270	#
1183	464458	0	1	3	4	5	6	7	8	9	10	11	12	13	14	16	19	270	#
1184	400979	0	1	2	3	4	5	6	7	8	9	10	11	12	13	14	19	270	#
1185	170629	5	9	16	271	#
1186	245854	2	6	16	271	#
1187	101530	8	9	13	271	#
1188	192520	0	1	2	4	5	9	272	#
1189	109319	0	1	4	5	6	9	272	#
1190	77009	1	4	6	7	8	12	272	#
1191	520001	5	6	10	11	14	19	273	#
1192	630543	6	7	10	11	14	15	273	#
1193	588480	6	8	9	10	13	14	273	#
1194	518271	1	6	10	13	14	15	273	#
1195	463099	9	13	14	15	17	19	273	#
1196	445687	1	6	7	10	11	15	273	#
1197	392151	2	4	5	6	9	13	14	16	274	#
1198	488887	2	4	6	7	8	10	11	14	274	#
1199	460568	4	8	9	10	12	13	14	15	274	#
1200	422806	0	1	2	5	6	10	13	14	274	#
1201	386754	4	5	6	7	9	13	14	15	274	#
1202	319004	0	1	2	3	5	6	9	10	274	#
1203	359195	1	2	3	4	6	7	8	9	12	275	#
1204	509872	1	2	3	6	7	10	11	14	15	275	#
1205	494338	2	3	5	6	7	10	11	14	15	275	#
1206	412553	1	2	3	5	6	7	8	9	14	275	#
1207	400393	4	5	8	9	10	12	13	14	15	275	#
1208	313183	1	2	3	5	6	7	9	10	11	275	#
1209	561514	1	2	3	6	7	10	11	14	276	#
1210	568933	0	1	2	3	6	7	10	11	276	#
1211	560001	0	1	3	6	7	10	11	19	276	#
1212	540780	0	1	3	6	7	10	11	14	276	#
1213	494544	0	1	2	3	5	6	10	11	276	#
1214	383347	5	6	7	10	11	14	15	17	276	#
1215	197130	6	10	277	#
1216	242787	10	14	277	#
1217	513466	2	3	4	5	6	7	10	11	278	#
1218	619953	2	3	7	10	11	13	14	15	278	#
1219	610884	2	3	5	6	7	10	11	15	278	#
1220	535905	2	3	5	6	7	10	11	14	278	#
1221	515814	6	7	10	11	13	14	15	19	278	#
1222	415960	1	2	3	5	6	8	9	10	278	#
1223	613534	0	1	2	3	4	5	6	8	9	10	11	12	13	14	15	279	#
1224	650753	1	2	3	4	5	6	8	9	10	11	13	14	15	17	18	279	#
1225	618324	0	1	2	3	4	5	6	7	8	9	10	11	13	14	15	279	#
1226	579719	0	1	2	3	4	5	6	7	8	9	10	11	12	14	15	279	#
1227	534592	1	2	3	4	5	6	8	9	10	11	12	13	14	15	17	279	#
1228	485720	1	2	3	4	5	6	7	8	9	10	11	12	14	18	19	279	#
1229	878956	0	1	2	3	4	5	6	7	8	9	10	11	12	13	14	15	17	280	#
1230	969571	0	1	2	3	4	5	6	7	8	9	10	11	12	13	14	15	16	280	#
1231	919490	1	2	3	4	5	6	7	8	9	10	11	12	13	14	15	16	19	280	#
1232	914688	0	1	2	3	4	5	6	7	8	9	10	11	12	13	14	15	19	280	#
1233	910173	0	1	2	3	4	5	6	7	8	9	10	11	12	13	14	15	18	280	#
1234	264536	2	3	5	6	7	281	#
1235	311582	3	7	11	14	15	281	#
1236	263647	0	1	2	4	5	281	#
1237	254670	1	5	6	7	10	281	#
1238	242953	3	7	11	15	18	281	#
1239	47971	1	2	4	6	8	281	#
1240	238493	13	14	15	282	#
1241	228932	10	13	14	282	#
1242	220835	11	14	15	282	#
1243	157784	16	17	283	#
1244	182095	11	16	283	#
1245	572220	0	1	2	4	5	6	7	8	9	10	11	12	13	14	15	16	309	#
1246	463848	0	1	2	3	4	5	6	7	8	9	10	11	284	#
1247	622704	1	2	3	6	7	8	9	10	11	13	14	15	284	#
1248	594616	1	2	4	5	6	7	9	10	11	13	14	15	284	#
1249	569745	0	1	2	3	4	5	6	7	9	10	11	15	284	#
1250	545012	0	1	2	4	5	6	7	8	9	10	13	14	284	#
1251	517449	1	2	3	5	6	7	8	9	10	11	13	15	284	#
1252	163266	2	6	285	#
1253	138458	1	2	285	#
1254	419954	4	8	9	13	14	18	286	#
1255	522770	7	10	11	13	14	15	286	#
1256	497865	6	10	11	14	15	18	286	#
1257	454029	4	8	9	13	14	15	286	#
1258	377996	1	5	6	9	13	14	286	#
1259	355973	8	9	11	12	14	15	286	#
1260	732045	0	1	2	3	6	7	10	11	14	15	287	#
1261	695496	0	1	2	3	6	8	9	10	13	14	287	#
1262	668298	0	1	2	3	5	6	7	10	11	14	287	#
1263	653784	1	2	3	6	7	10	11	13	14	15	287	#
1264	636773	1	2	3	5	6	7	10	11	14	15	287	#
1265	624475	0	1	2	5	6	10	11	14	15	17	287	#
1266	761262	1	2	3	5	6	7	9	10	11	13	14	15	288	#
1267	772022	1	2	3	6	7	9	10	11	13	14	15	19	288	#
1268	740184	0	1	2	3	5	6	7	10	11	13	14	15	288	#
1269	719499	1	4	5	6	8	9	10	11	12	13	14	15	288	#
1270	681394	1	2	3	4	5	6	7	10	11	13	14	16	288	#
1271	674523	1	2	3	4	5	6	7	9	10	11	12	14	288	#
1272	702366	0	1	2	3	4	5	6	7	8	9	10	11	12	13	14	15	17	289	#
1273	793298	0	1	2	3	4	5	6	7	8	9	10	11	12	13	14	15	16	289	#
1274	783303	0	1	3	4	5	6	7	8	9	10	11	12	13	14	15	16	19	289	#
1275	762258	0	1	2	3	4	5	6	7	8	9	10	11	12	13	14	15	19	289	#
1276	48302	7	#
1277	74778	4	8	12	290	#
1278	91128	4	8	9	290	#
1279	35426	8	9	12	290	#
1280	182271	1	2	4	5	6	7	8	9	12	13	19	291	#
1281	172464	0	1	4	5	6	7	8	9	12	13	14	291	#
1282	519063	0	1	2	5	6	7	9	10	11	13	15	292	#
1283	636428	0	1	2	3	6	7	10	11	13	14	15	292	#
1284	613998	2	4	5	6	7	8	9	10	11	14	15	292	#
1285	602084	1	2	5	6	7	9	10	11	13	14	15	292	#
1286	583432	1	2	3	5	6	7	10	11	13	14	15	292	#
1287	573203	0	1	2	5	6	8	9	10	13	14	15	292	#
1288	168313	9	13	18	293	#
1289	222680	10	13	14	293	#
1290	122668	7	13	18	293	#
1291	99730	5	9	13	293	#
1292	877923	0	1	2	3	4	5	6	7	8	9	10	11	12	13	14	15	294	#
1293	1027285	0	1	2	3	4	5	6	7	8	9	10	11	12	14	15	16	294	#
1294	970173	0	1	2	3	4	5	6	7	8	9	10	11	13	14	15	16	294	#
1295	966784	0	1	2	3	4	5	6	7	8	10	11	12	13	14	15	16	294	#
1296	953835	0	1	2	3	4	5	6	7	8	9	10	11	12	14	15	18	294	#
1297	406628	1	5	6	9	10	13	14	15	295	#
1298	473108	7	8	9	10	11	13	14	15	295	#
1299	404144	2	6	10	11	12	13	14	15	295	#
1300	350325	5	6	7	10	11	14	15	17	295	#
1301	341205	0	1	5	6	7	9	10	11	295	#
1302	311818	1	4	5	6	9	10	13	14	295	#
1303	826397	0	1	2	3	4	5	6	7	8	9	10	11	12	13	14	15	17	296	#
1304	970469	0	1	2	3	4	5	6	7	8	9	10	11	13	14	15	18	19	296	#
1305	926290	0	1	2	3	4	5	6	7	8	9	10	11	12	13	14	15	18	296	#
1306	913816	0	1	2	3	4	5	6	7	8	9	10	11	12	13	14	15	16	296	#
1307	892337	0	1	2	3	4	5	6	7	8	9	10	11	12	13	14	15	19	296	#
1308	693816	0	1	2	3	4	5	6	7	8	9	10	11	12	13	14	15	19	297	#
1309	764779	0	1	2	3	4	5	6	7	8	9	10	11	12	13	14	15	16	297	#
1310	750285	0	1	2	3	4	5	6	7	8	9	10	11	12	13	14	15	18	297	#
1311	722799	1	2	3	4	5	6	7	8	9	10	11	12	13	14	15	16	19	297	#
1312	720340	0	1	2	3	5	6	7	8	9	10	11	12	13	14	15	17	19	297	#
1313	690262	0	1	2	3	4	5	6	7	8	9	10	11	12	13	14	15	17	297	#
1314	406479	1	2	3	4	5	6	7	10	11	15	19	298	#
1315	564007	0	1	2	5	6	8	9	10	11	14	15	298	#
1316	533859	1	2	4	5	6	8	9	10	15	17	18	298	#
1317	525633	4	7	8	9	10	11	12	13	14	15	18	298	#
1318	512981	0	1	2	3	5	6	7	9	10	11	14	298	#
1319	510659	0	1	2	3	4	5	6	7	9	10	18	298	#
1320	728281	0	1	2	3	4	5	6	7	8	9	10	11	12	13	14	15	299	#
1321	843953	0	1	2	3	4	5	6	7	8	9	10	11	13	14	15	18	299	#
1322	805548	0	1	2	3	4	5	6	7	8	9	10	12	13	14	15	18	299	#
1323	798938	0	1	2	4	5	6	7	8	9	10	11	13	14	15	16	17	299	#
1324	789094	1	2	3	4	5	6	7	8	9	10	11	12	13	14	15	18	299	#
1325	723465	0	1	2	4	5	6	7	8	9	10	11	12	13	14	15	19	299	#
1326	326943	1	2	4	5	6	7	8	9	13	300	#
1327	404564	2	4	5	6	7	8	9	13	14	300	#
1328	394275	0	1	2	4	5	6	8	9	12	300	#
1329	245237	1	4	5	6	8	9	10	12	13	300	#
1330	593185	2	3	6	7	10	14	15	301	#
1331	537943	2	6	9	10	11	14	15	301	#
1332	457536	2	3	5	6	7	10	11	301	#
1333	433204	0	1	2	5	6	9	13	301	#
1334	407537	0	1	2	3	5	6	7	301	#
1335	396103	5	6	8	9	13	14	15	301	#
1336	395501	3	7	11	15	302	#
1337	369325	7	10	11	15	302	#
1338	363526	2	3	7	11	302	#
1339	418287	3	7	10	11	15	18	303	#
1340	420617	7	10	11	13	14	15	303	#
1341	380803	3	7	10	11	13	14	303	#
1342	354739	2	3	7	11	14	15	303	#
1343	350174	10	11	15	16	18	19	303	#
1344	303096	1	5	6	10	13	14	303	#
1345	384608	3	7	8	11	12	14	15	18	304	#
1346	573208	2	3	6	7	10	11	14	15	304	#
1347	531861	2	6	7	10	11	13	14	15	304	#
1348	462155	0	1	2	3	5	6	7	10	304	#
1349	456553	0	1	2	3	5	6	9	18	304	#
1350	363679	0	1	4	5	9	13	14	15	304	#
1351	819624	0	1	2	3	4	5	6	7	8	9	10	11	12	13	14	15	305	#
1352	855023	0	1	2	3	4	5	6	7	8	9	10	11	13	14	15	19	305	#
1353	775557	1	2	3	4	5	6	7	8	9	10	11	12	13	14	15	19	305	#
1354	448810	1	2	3	4	5	6	7	10	13	14	17	306	#
1355	544334	2	3	5	6	7	8	9	10	13	14	15	306	#
1356	494298	1	2	3	4	5	6	7	10	11	14	15	306	#
1357	449447	1	3	6	7	8	9	10	11	13	14	15	306	#
1358	437611	0	1	2	3	5	6	7	10	11	13	14	306	#
1359	418084	0	1	2	3	4	5	6	7	10	11	15	306	#
1360	137850	2	3	6	307	#
1361	161613	2	5	6	307	#
1362	145404	2	3	7	307	#
1363	570857	0	1	2	4	5	6	8	9	10	11	12	13	14	15	19	308	#
1364	697045	0	1	2	3	5	6	7	8	9	10	11	12	13	14	15	308	#
1365	661409	0	1	2	3	4	5	6	7	8	9	10	12	13	14	15	308	#
1366	606469	0	1	2	3	4	5	6	7	8	9	10	11	12	13	15	308	#
1367	606353	0	1	2	3	4	5	6	7	8	9	10	11	13	14	15	308	#
1368	592086	0	1	2	3	4	5	6	7	8	9	11	12	13	14	15	308	#
1369	479822	0	1	2	3	4	5	6	7	8	9	10	11	12	13	14	15	309	#
1370	108737	5	6	310	#
1371	96660	6	7	310	#
1372	261892	0	1	2	6	311	#
1373	259908	1	2	6	7	311	#
1374	230682	0	1	2	3	311	#
1375	200525	4	5	6	10	311	#
1376	198829	1	2	6	12	311	#
1377	764561	0	1	2	3	4	5	6	7	8	9	10	11	12	13	14	15	312	#
1378	740466	0	1	3	4	5	6	7	8	9	10	11	12	13	14	15	16	312	#
1379	664094	0	1	2	5	6	7	8	9	10	11	14	15	313	#
1380	712885	0	1	2	3	5	6	7	9	10	11	14	15	313	#
1381	675324	1	2	3	5	6	7	10	11	13	14	15	16	313	#
1382	649830	0	1	2	3	5	6	7	8	9	10	11	15	313	#
1383	632209	0	1	2	3	5	6	7	10	11	13	14	15	313	#
1384	617107	1	2	3	5	6	7	9	10	11	13	14	15	313	#
1385	34244	8	12	#
1386	174469	2	6	314	#
1387	68745	6	7	314	#
1388	144271	4	5	6	8	9	12	315	#
1389	207163	5	8	9	12	13	14	315	#
1390	163763	0	1	4	5	9	13	315	#
1391	157928	1	4	5	6	8	12	315	#
1392	154988	0	1	4	5	8	12	315	#
1393	127487	1	4	5	8	9	13	315	#
1394	813988	0	1	2	3	4	5	6	7	10	11	14	15	316	#
1395	844926	1	3	5	6	7	9	10	11	13	14	15	16	316	#
1396	821528	0	1	2	3	5	6	7	10	11	13	14	15	316	#
1397	803968	0	1	2	3	5	6	7	9	11	13	14	15	316	#
1398	800832	1	2	3	4	5	6	7	9	10	11	14	15	316	#
1399	790589	1	2	3	4	5	6	7	10	11	14	15	18	316	#
1400	47139	4	8	#
1401	801198	0	1	4	5	6	7	8	9	10	12	13	14	317	#
1402	918630	1	2	3	5	6	7	9	10	11	13	14	15	317	#
1403	911731	0	1	5	6	7	8	9	10	11	13	14	15	317	#
1404	877588	1	2	3	4	5	6	9	10	11	13	14	15	317	#
1405	864119	0	1	2	3	4	5	6	7	10	11	13	15	317	#
1406	843659	0	1	2	3	4	5	6	7	8	10	11	14	317	#
1407	775295	0	1	2	3	4	5	6	7	8	9	10	11	12	13	14	15	318	#
1408	764365	0	1	2	4	5	6	7	8	9	10	11	12	13	14	15	16	318	#
1409	734971	0	1	2	4	5	6	7	8	9	10	11	12	13	14	15	17	318	#
1410	686604	0	1	2	3	4	5	6	7	8	9	10	11	12	13	14	15	319	#
1411	739816	0	1	2	3	4	5	6	7	8	9	10	11	13	14	15	16	319	#
1412	720338	1	2	3	5	6	7	8	9	10	11	12	13	14	15	17	19	319	#
1413	658101	0	1	2	3	4	5	6	7	8	9	10	11	12	14	15	19	319	#
1414	634413	0	1	2	3	4	5	6	7	8	9	10	11	12	13	14	18	319	#
1415	613796	0	1	2	3	4	5	6	7	8	9	10	11	12	13	14	17	319	#
1416	864247	0	1	2	3	4	5	6	7	8	9	10	12	13	14	15	320	#
1417	945160	0	1	2	3	4	5	6	7	9	10	11	13	14	15	18	320	#
1418	933505	0	1	2	3	5	6	7	8	9	10	11	13	14	15	19	320	#
1419	898588	0	1	2	3	4	5	6	7	8	9	10	11	13	14	15	320	#
1420	879398	0	1	2	3	5	6	7	8	9	10	11	12	13	14	15	320	#
1421	874910	0	1	2	3	4	5	6	7	8	9	10	11	12	14	15	320	#
1422	321929	1	2	3	6	10	321	#
1423	301813	1	2	6	10	14	321	#
1424	227119	2	3	6	7	11	321	#
1425	192026	1	2	5	6	9	321	#
1426	173648	1	2	5	6	10	321	#
1427	168887	0	1	2	4	5	6	9	13	322	#
1428	212073	1	5	6	8	9	10	11	13	322	#
1429	205166	1	2	4	5	6	8	9	10	322	#
1430	626830	1	2	5	6	7	9	10	11	13	14	15	323	#
1431	788768	2	3	5	6	7	8	9	10	13	14	15	323	#
1432	736711	1	2	3	4	5	6	9	10	13	14	15	323	#
1433	720810	1	2	3	6	7	9	10	11	13	14	15	323	#
1434	707398	3	4	5	6	7	9	10	11	13	14	15	323	#
1435	694094	0	1	2	3	6	7	10	11	13	14	15	323	#
1436	318827	6	7	10	11	15	324	#
1437	394954	10	11	13	14	15	324	#
1438	299313	2	3	6	7	10	324	#
1439	290831	2	5	6	7	10	324	#
1440	234602	5	6	7	11	15	324	#
1441	663947	0	1	2	3	4	5	6	7	8	9	10	11	12	13	14	15	19	325	#
1442	739234	0	1	2	3	4	5	6	7	8	9	10	11	12	13	14	15	16	325	#
1443	682378	0	1	2	3	4	5	6	7	8	9	10	11	12	13	14	15	17	325	#
1444	673552	0	1	2	3	4	5	6	7	8	9	11	12	13	14	15	17	19	325	#
1445	652526	0	1	2	3	4	5	6	7	8	9	10	11	12	13	14	15	18	325	#
1446	647658	0	1	2	3	4	5	6	7	8	9	10	11	12	13	15	17	19	325	#
1447	637919	0	1	2	4	5	6	8	10	13	14	15	19	326	#
1448	638643	0	1	2	3	6	7	9	10	11	13	14	15	326	#
1449	595731	0	1	4	5	6	8	9	10	11	13	14	15	326	#
1450	572498	0	1	2	3	5	6	7	9	10	11	14	15	326	#
1451	562651	1	2	3	5	6	7	9	10	11	13	14	15	326	#
1452	547954	0	1	2	3	4	5	6	7	10	11	14	15	326	#
1453	102724	3	7	11	#
1454	288973	3	7	10	11	16	328	#
1455	293043	1	6	7	10	16	328	#
1456	234939	2	6	7	10	11	328	#
1457	207812	2	3	5	6	7	328	#
1458	178425	5	6	10	14	17	328	#
1459	417713	1	2	3	5	6	7	9	13	329	#
1460	574431	2	3	6	7	10	11	14	15	329	#
1461	431774	0	1	2	3	5	6	7	11	329	#
1462	431264	4	8	9	10	12	13	14	15	329	#
1463	417633	1	3	5	6	7	10	11	15	329	#
1464	416131	1	2	3	5	6	7	9	11	329	#
1465	527212	2	3	4	7	11	14	15	19	330	#
1466	500607	0	1	2	3	7	9	13	14	330	#
1467	463903	3	6	7	10	11	14	15	19	330	#
1468	441679	7	9	10	11	13	14	15	19	330	#
1469	411164	7	8	9	10	11	13	14	15	330	#
1470	404108	4	8	9	10	11	13	14	15	330	#
1471	340078	1	4	5	6	8	9	12	13	14	331	#
1472	473290	2	4	5	6	8	10	11	14	15	331	#
1473	470592	0	1	2	3	4	5	6	8	9	331	#
1474	430027	3	4	5	6	7	9	10	11	13	331	#
1475	384583	4	5	8	9	11	12	13	14	15	331	#
1476	267369	4	5	6	7	8	9	12	13	17	331	#
1477	377585	1	3	5	6	8	9	13	332	#
1478	521244	5	8	9	10	13	14	15	332	#
1479	483469	1	2	3	5	6	10	15	332	#
1480	385933	4	5	8	9	10	13	14	332	#
1481	301082	4	5	8	9	12	13	18	332	#
1482	290359	1	2	4	5	6	8	9	332	#
1483	848408	0	1	2	3	6	7	9	10	11	13	14	15	333	#
1484	865620	0	1	2	3	5	6	7	9	10	11	14	15	333	#
1485	828277	0	1	5	6	7	9	10	11	13	14	15	18	333	#
1486	792477	0	1	2	3	5	6	7	10	11	13	14	15	333	#
1487	752996	1	2	3	5	6	7	9	10	11	13	14	15	333	#
1488	721690	0	1	2	5	6	7	8	9	11	14	15	19	333	#
1489	160920	9	13	334	#
1490	202635	13	14	334	#
1491	63575	8	9	334	#
1492	432508	1	3	4	5	6	8	10	11	12	335	#
1493	616427	0	1	4	5	6	9	10	11	15	335	#
1494	571898	0	1	2	3	5	6	8	9	10	335	#
1495	477601	1	4	5	6	8	10	11	12	14	335	#
1496	386525	1	4	5	6	8	9	10	12	13	335	#
1497	318754	0	1	4	5	6	8	9	12	13	335	#
1498	511856	0	1	2	3	5	6	7	8	9	10	13	336	#
1499	645973	0	1	2	5	6	7	10	11	14	16	17	336	#
1500	561234	0	1	2	3	4	5	6	7	10	11	15	336	#
1501	559930	0	1	2	3	5	6	7	9	10	11	13	336	#
1502	544045	0	1	2	4	5	6	7	9	10	13	14	336	#
1503	532623	1	2	3	4	5	6	7	10	11	14	15	336	#
1504	973025	0	1	2	3	4	5	6	7	8	9	10	11	12	13	14	15	337	#
1505	1018301	0	1	2	3	4	5	6	7	8	9	10	11	13	14	15	16	337	#
1506	998893	0	1	2	3	4	5	6	8	9	10	11	12	13	14	15	18	337	#
1507	173294	1	2	3	6	338	#
1508	160483	0	1	6	7	338	#
1509	142337	1	2	5	6	338	#
1510	150100	6	7	339	#
1511	198705	3	7	339	#
1512	455802	2	6	10	13	14	15	340	#
1513	398491	2	6	10	11	14	15	340	#
1514	343536	9	10	11	13	14	15	340	#
1515	329729	2	6	7	10	11	16	340	#
1516	267118	5	6	9	10	13	14	340	#
1517	239102	8	9	11	13	14	15	340	#
1518	266390	5	6	8	9	12	13	14	341	#
1519	366182	1	2	3	6	7	10	11	341	#
1520	324835	3	6	7	8	11	12	15	341	#
1521	321246	4	5	6	9	10	13	14	341	#
1522	307160	2	3	5	6	7	9	11	341	#
1523	243911	4	8	9	12	13	14	15	341	#
1524	200321	14	15	#
1525	61695	15	#
1526	305988	0	1	2	3	4	5	7	8	9	13	18	345	#
1527	437764	0	1	2	3	4	5	6	7	10	11	15	345	#
1528	436199	0	1	2	3	4	5	6	7	10	11	18	345	#
1529	360635	1	2	3	4	5	6	7	10	11	13	14	345	#
1530	346761	1	5	7	8	9	10	11	12	13	14	15	345	#
1531	334789	4	5	6	8	9	10	12	13	14	15	16	345	#
1532	190647	1	13	14	346	#
1533	174341	1	2	6	346	#
1534	62730	8	9	13	346	#
1535	710580	0	1	2	3	4	5	6	7	8	9	10	11	12	13	14	15	347	#
1536	800776	0	1	2	3	4	5	6	7	8	9	10	11	13	14	15	16	347	#
1537	725620	0	1	2	3	4	5	6	7	8	9	10	11	13	14	15	19	347	#
1538	699988	0	1	2	3	4	5	6	7	8	9	10	11	12	13	14	18	347	#
1539	667114	0	1	2	3	4	5	6	7	8	9	10	11	12	13	16	17	347	#
1540	406178	0	1	2	3	4	5	6	7	8	9	10	11	12	13	14	15	348	#
1541	531048	0	1	2	3	5	6	7	8	9	10	11	12	13	14	15	16	348	#
1542	470831	0	1	2	3	4	5	6	7	8	9	10	11	13	14	15	18	348	#
1543	459190	0	1	2	3	4	5	6	7	8	9	10	11	12	14	15	19	348	#
1544	348304	1	2	3	4	5	6	7	8	9	10	11	12	13	14	15	17	348	#
1545	254701	6	7	11	15	349	#
1546	331483	10	11	14	15	349	#
1547	273655	6	10	11	15	349	#
1548	226769	2	3	6	10	349	#
1549	216512	6	7	10	11	349	#
1550	272550	2	3	6	10	11	19	350	#
1551	369694	6	7	10	11	14	15	350	#
1552	313094	0	1	5	13	14	19	350	#
1553	251899	2	3	6	7	10	11	350	#
1554	243223	0	1	5	6	9	14	350	#
1555	171837	2	3	5	6	7	9	350	#
1556	72131	7	11	351	#
1557	48418	10	11	351	#
1558	168115	1	2	6	10	352	#
1559	233733	6	7	10	11	352	#
1560	229539	3	6	7	10	352	#
1561	180223	1	2	3	6	352	#
1562	160565	1	2	3	7	352	#
1563	605139	5	7	8	9	10	11	13	14	15	16	353	#
1564	613354	1	2	3	5	6	7	10	11	14	15	353	#
1565	584389	1	2	3	5	6	7	11	13	14	15	353	#
1566	567571	5	6	7	8	9	10	11	13	14	15	353	#
1567	548612	1	2	4	5	6	7	10	11	14	15	353	#
1568	544842	1	2	4	5	6	7	8	9	10	18	353	#
1569	358875	6	10	13	14	354	#
1570	345670	2	5	6	10	354	#
1571	295522	10	11	14	15	354	#
1572	243452	6	7	10	11	354	#
1573	367824	3	7	10	11	14	15	355	#
1574	414036	2	6	10	11	14	15	355	#
1575	377114	2	3	5	6	11	15	355	#
1576	313449	6	7	10	11	14	15	355	#
1577	309466	5	9	11	13	14	15	355	#
1578	203561	1	3	6	7	10	11	355	#
1579	655865	0	1	2	3	4	5	6	8	10	11	14	15	356	#
1580	735166	0	1	2	5	6	7	10	11	13	14	15	19	356	#
1581	719933	0	1	2	3	5	6	7	10	11	13	14	15	356	#
1582	680184	0	1	2	3	4	5	6	7	10	11	14	15	356	#
1583	679909	1	2	3	5	6	7	10	11	13	14	15	17	356	#
1584	652872	0	1	2	3	5	6	7	9	10	11	14	15	356	#
1585	136564	0	1	2	4	5	6	16	357	#
1586	154786	0	1	2	5	6	10	11	357	#
1587	144354	0	1	2	6	7	10	11	357	#
1588	140410	0	1	2	5	8	9	13	357	#
1589	93956	4	5	8	9	12	13	14	357	#
1590	770217	0	1	2	3	4	5	6	7	8	9	10	11	12	13	14	15	358	#
1591	859768	0	1	2	3	4	5	6	7	8	9	10	11	13	14	15	16	358	#
1592	745309	0	1	2	3	4	5	6	7	8	9	10	11	12	13	14	18	358	#
1593	729618	1	2	3	4	5	6	7	8	9	10	11	12	13	14	15	17	358	#
1594	244473	1	2	5	6	9	13	359	#
1595	322831	4	8	9	10	13	14	359	#
1596	299850	0	1	2	4	5	6	359	#
1597	247254	1	4	5	6	8	10	359	#
1598	1069617	0	1	2	3	4	5	6	7	8	9	10	11	12	13	14	15	16	17	19	360	#
1599	1157113	0	1	2	3	4	5	6	7	8	9	10	11	12	13	14	15	16	17	18	360	#
1600	1131887	0	1	2	3	4	5	6	7	8	9	10	11	12	13	14	15	16	18	19	360	#
1601	1016865	0	1	2	3	4	5	6	7	8	9	10	11	12	13	14	15	17	18	19	360	#
