%% File generated by CATS v.2.1Sun Mar 17 19:45:58 2019

%% The CATS webpage is http://robotics.stanford.edu/CATS

%% PARAMETER SETTINGS:
% Goods: 20; Bids: 1600; Distribution: regions-upv; Runs: 10; Seed: 1552866802
% Regions Distribution Parameters:
% Max Substitutable Bids = 5
% Removing HV Neighbor   = 0.1
% Adding DIAG Neighbor   = 0.2
% Additional Location    = 0.9
% Jump Probability       = 0.05
% Additivity             = 0.2
% Budget Factor          = 1.5
% Resale Factor          = 0.5
% Uniform Private Value:
%   Deviation            = 0.5
%   Max Good Value       = 100



goods 20
bids 1605
dummy 324

0	1065294	0	1	2	3	4	5	6	7	8	9	10	11	12	13	14	15	20	#
1	1170233	0	1	2	3	4	5	6	7	8	9	11	12	13	14	15	16	20	#
2	1148204	0	1	2	3	4	5	6	7	8	9	11	12	13	14	15	18	20	#
3	1078000	1	2	3	4	5	6	7	8	9	10	11	12	13	14	15	19	20	#
4	1051691	0	1	2	3	4	5	6	7	8	9	10	11	13	14	15	17	20	#
5	60493	17	#
6	104505	1	2	21	#
7	155874	2	6	21	#
8	546963	0	1	4	5	6	9	13	22	#
9	463038	0	1	4	5	6	8	9	22	#
10	460267	3	4	5	6	7	8	11	22	#
11	454651	0	1	4	5	9	10	13	22	#
12	449206	0	4	5	8	9	12	13	22	#
13	426534	4	5	6	8	9	12	13	22	#
14	461722	2	3	7	8	9	10	11	23	#
15	485612	0	4	5	8	9	10	11	23	#
16	464430	1	2	3	4	5	7	9	23	#
17	453515	0	1	2	3	5	7	11	23	#
18	416508	2	3	6	7	10	11	14	23	#
19	403517	0	4	5	8	9	10	12	23	#
20	936312	0	1	2	3	4	5	6	7	8	9	10	11	12	13	14	15	18	24	#
21	1022461	0	1	2	3	4	5	6	7	8	9	10	11	12	13	14	15	16	24	#
22	1009050	0	1	2	3	4	5	6	7	8	9	10	11	12	13	14	15	19	24	#
23	963851	0	1	2	3	4	5	6	7	8	9	10	11	12	13	14	15	17	24	#
24	121376	19	#
25	101690	18	#
26	598833	0	1	2	3	4	5	8	19	25	#
27	590096	0	3	4	5	6	7	8	11	25	#
28	553974	0	1	2	3	4	5	7	8	25	#
29	518813	0	1	2	3	4	5	6	8	25	#
30	475391	0	1	2	3	4	5	8	12	25	#
31	475167	0	1	2	4	5	6	8	17	25	#
32	1149971	0	1	2	3	4	5	6	7	8	9	10	11	12	13	14	15	17	26	#
33	1210137	0	1	2	3	4	5	6	7	8	9	10	11	12	13	14	15	16	26	#
34	1184104	0	1	2	4	5	6	7	8	9	10	11	12	13	14	15	17	18	26	#
35	1181801	0	1	2	3	4	5	6	7	8	9	10	11	13	14	15	17	18	26	#
36	1164132	0	1	2	3	4	5	6	7	8	9	10	11	12	13	14	15	18	26	#
37	1141235	0	1	2	3	4	5	6	7	8	9	10	11	12	13	14	15	19	26	#
38	198345	0	1	15	27	#
39	191485	0	1	4	27	#
40	173753	1	5	9	27	#
41	754678	0	1	2	4	5	6	7	8	9	10	13	14	28	#
42	801671	0	1	2	3	4	5	6	7	8	9	11	13	28	#
43	767450	0	2	3	4	5	6	7	8	9	12	13	15	28	#
44	754700	2	3	4	5	6	7	8	9	10	11	13	14	28	#
45	751770	1	2	4	5	6	7	8	9	10	11	13	14	28	#
46	707262	1	2	3	4	5	6	7	8	9	10	11	13	28	#
47	471985	2	5	6	7	10	11	14	29	#
48	480677	5	6	7	9	10	11	14	29	#
49	461838	2	4	5	6	10	14	15	29	#
50	427394	6	7	9	10	11	13	14	29	#
51	399862	2	5	6	7	10	11	17	29	#
52	395719	1	2	6	7	10	11	14	29	#
53	362687	2	6	10	11	14	16	30	#
54	512468	3	7	10	11	13	14	30	#
55	473875	6	7	10	11	14	15	30	#
56	468733	1	2	5	6	7	11	30	#
57	458775	3	6	7	10	11	14	30	#
58	386197	0	1	4	5	8	16	30	#
59	128897	4	#
60	712136	1	2	3	5	6	7	9	13	31	#
61	734915	1	2	4	5	6	7	9	13	31	#
62	715606	1	2	3	4	5	6	7	11	31	#
63	664618	0	1	2	4	5	6	9	13	31	#
64	586641	2	3	4	5	6	7	10	11	31	#
65	586424	1	2	3	5	6	7	10	11	31	#
66	144185	16	#
67	215557	1	4	5	32	#
68	201383	0	1	5	32	#
69	190194	0	1	2	32	#
70	160733	4	8	12	32	#
71	370012	1	2	6	7	10	33	#
72	448310	0	1	2	4	6	33	#
73	354335	2	6	7	10	11	33	#
74	323462	5	6	7	9	10	33	#
75	319334	7	8	9	10	11	33	#
76	295818	0	1	2	3	5	33	#
77	390169	9	10	13	14	34	#
78	358234	10	13	14	15	34	#
79	345404	10	13	14	18	34	#
80	310949	5	6	9	13	34	#
81	304911	9	10	12	13	34	#
82	676804	2	5	6	8	9	10	11	13	14	18	19	35	#
83	841042	0	4	5	6	7	9	10	11	13	14	19	35	#
84	802145	0	5	6	7	9	10	11	12	13	14	19	35	#
85	778219	3	4	5	6	7	9	10	11	13	14	15	35	#
86	769682	3	5	6	7	9	10	11	12	13	14	18	35	#
87	768096	0	4	5	7	8	9	10	11	12	13	14	35	#
88	325702	5	8	9	12	13	36	#
89	350306	5	6	8	9	13	36	#
90	318452	0	4	8	12	13	36	#
91	302135	0	4	5	9	10	36	#
92	249140	9	12	13	#
93	73856	3	#
94	222576	2	4	5	6	8	37	#
95	321069	1	4	5	8	9	37	#
96	290312	1	2	3	5	7	37	#
97	238076	2	6	7	38	#
98	233796	1	2	6	38	#
99	191879	2	3	6	38	#
100	190319	2	3	7	38	#
101	535247	0	4	8	9	12	13	14	15	39	#
102	616546	0	1	2	4	6	8	12	13	39	#
103	599837	0	1	2	4	8	12	13	14	39	#
104	585541	0	1	2	4	6	8	9	12	39	#
105	577424	0	1	4	8	12	13	14	15	39	#
106	544402	0	1	4	5	8	12	13	14	39	#
107	770132	0	1	2	3	4	5	6	7	8	9	12	40	#
108	770571	0	1	2	3	4	5	6	7	8	12	18	40	#
109	755420	0	1	2	3	4	5	6	7	9	10	14	40	#
110	742643	0	1	2	3	4	5	6	7	9	10	11	40	#
111	724136	0	1	2	3	4	5	6	7	8	9	10	40	#
112	704515	1	2	3	4	5	6	7	8	9	12	13	40	#
113	393945	1	4	5	8	12	13	41	#
114	449746	4	5	6	8	12	13	41	#
115	406373	2	4	5	6	8	9	41	#
116	404031	0	1	3	4	5	6	41	#
117	386476	1	2	3	4	5	6	41	#
118	348594	4	8	12	13	14	15	41	#
119	1050447	0	1	2	3	4	5	6	7	8	9	10	11	12	13	14	15	16	17	18	42	#
120	1118801	0	1	2	3	4	5	6	7	8	9	10	11	12	13	14	15	16	18	19	42	#
121	1075142	0	1	2	3	4	5	6	7	8	9	10	11	12	13	14	15	16	17	19	42	#
122	1017425	0	1	2	3	4	5	6	7	8	9	10	11	12	13	14	15	17	18	19	42	#
123	142520	17	18	43	#
124	136148	14	18	43	#
125	86222	1	17	43	#
126	100295	0	#
127	686856	5	6	7	9	10	13	14	15	44	#
128	753730	6	9	10	11	12	13	14	15	44	#
129	687393	8	9	10	11	12	13	14	15	44	#
130	659436	5	6	7	9	10	11	13	14	44	#
131	656475	1	2	5	9	12	13	14	15	44	#
132	643740	5	6	9	10	11	13	14	16	44	#
133	914976	2	3	4	5	6	7	9	10	11	14	15	45	#
134	989089	0	1	4	5	6	7	9	10	11	14	15	45	#
135	970777	1	3	4	5	6	7	9	10	11	14	15	45	#
136	901281	0	1	3	4	5	6	7	9	10	14	15	45	#
137	868132	0	1	2	4	5	6	7	9	10	11	14	45	#
138	866526	1	2	3	5	6	7	9	10	11	14	15	45	#
139	510555	0	1	2	4	5	8	12	13	46	#
140	531338	0	1	2	4	5	6	8	9	46	#
141	526941	0	4	5	8	9	10	11	12	46	#
142	523272	0	4	5	6	8	12	13	14	46	#
143	493726	0	1	2	4	5	8	9	10	46	#
144	477098	0	1	4	5	6	8	10	12	46	#
145	1009609	0	1	2	3	4	5	6	7	8	9	10	11	12	13	14	15	17	19	47	#
146	1031748	0	1	2	3	4	5	6	7	8	9	10	11	12	13	14	15	16	19	47	#
147	1007241	0	1	2	3	4	5	6	7	8	9	10	11	12	13	14	15	16	17	47	#
148	981065	0	1	2	3	4	5	6	7	8	9	10	11	12	13	14	15	18	19	47	#
149	978698	0	1	2	3	4	5	6	7	8	9	10	11	12	13	14	15	16	18	47	#
150	956558	0	1	2	3	4	5	6	7	8	9	10	11	12	13	14	15	17	18	47	#
151	835922	0	1	2	3	4	5	6	7	8	9	10	11	12	13	14	15	48	#
152	910281	0	1	2	3	4	5	6	7	9	10	11	12	13	14	15	18	48	#
153	874406	0	1	2	3	4	5	6	7	8	9	10	11	12	13	14	16	48	#
154	844939	0	1	2	3	4	5	6	7	8	9	10	12	13	14	15	19	48	#
155	837278	0	1	2	3	4	5	6	7	8	9	10	11	12	13	14	18	48	#
156	747437	0	1	2	3	4	6	7	8	9	10	12	13	49	#
157	832623	0	1	2	3	4	6	7	8	10	11	14	15	49	#
158	816045	0	1	2	3	4	6	7	8	10	11	12	14	49	#
159	813152	0	2	3	4	6	7	8	9	10	11	12	14	49	#
160	811386	0	1	2	3	4	6	7	8	9	10	11	14	49	#
161	786403	1	2	3	4	6	7	8	10	11	12	13	14	49	#
162	186915	1	5	9	50	#
163	242348	5	6	9	50	#
164	201529	5	8	9	50	#
165	106968	1	2	5	50	#
166	123147	7	#
167	915376	0	1	2	3	4	5	8	9	10	11	12	13	14	15	16	51	#
168	936467	0	1	4	5	6	7	8	9	10	11	12	13	14	15	16	51	#
169	934725	0	1	2	4	5	6	7	8	9	10	12	13	14	15	16	51	#
170	855143	0	1	2	4	5	6	7	8	9	10	11	12	13	14	15	51	#
171	829369	0	1	2	3	4	5	7	8	9	10	11	12	13	14	15	51	#
172	826388	0	1	2	3	4	5	6	8	9	10	12	13	14	15	18	51	#
173	551406	0	4	5	6	7	8	52	#
174	554556	6	7	8	9	10	11	52	#
175	496659	4	6	8	9	10	14	52	#
176	430036	0	4	5	9	10	12	52	#
177	368970	8	9	10	11	12	13	52	#
178	353840	4	5	6	8	10	12	52	#
179	293154	2	3	5	6	7	8	9	10	11	53	#
180	367344	1	2	4	5	6	7	8	12	17	53	#
181	759470	0	1	2	3	4	5	7	8	9	10	11	54	#
182	794546	0	1	2	3	4	5	6	7	8	9	11	54	#
183	788529	0	1	2	3	4	5	7	10	11	14	15	54	#
184	781563	0	1	3	4	5	6	7	8	9	10	11	54	#
185	776388	0	1	2	3	4	5	7	8	9	13	14	54	#
186	746285	0	1	2	3	4	5	6	7	9	10	11	54	#
187	122294	9	#
188	164649	4	8	9	10	#
189	680870	2	3	6	7	10	11	12	13	14	18	310	#
190	953738	1	2	5	6	7	8	9	10	11	13	14	15	56	#
191	1024360	0	2	3	4	5	6	7	10	11	13	14	15	56	#
192	945657	0	4	5	6	7	8	9	10	11	12	14	15	56	#
193	941723	0	1	2	4	5	6	7	8	9	10	14	15	56	#
194	940172	4	5	6	7	8	9	10	11	12	13	14	15	56	#
195	917364	0	1	3	4	5	6	7	8	9	10	11	14	56	#
196	229000	8	9	13	57	#
197	167413	8	9	12	57	#
198	297439	0	4	8	10	12	13	14	58	#
199	431045	0	1	4	5	9	13	14	58	#
200	429608	9	10	11	12	13	14	15	58	#
201	377301	0	1	4	5	9	12	13	58	#
202	337486	1	4	5	8	9	12	13	58	#
203	317078	6	8	9	10	11	12	13	58	#
204	898203	0	1	2	4	5	6	7	8	9	10	11	13	14	15	59	#
205	932401	0	1	2	3	4	5	6	7	8	9	11	13	14	15	59	#
206	876579	0	1	2	4	5	6	8	9	10	12	13	14	15	19	59	#
207	873037	0	1	2	3	4	5	6	7	8	9	12	13	14	15	59	#
208	856569	0	1	2	4	5	6	7	9	10	11	12	13	14	15	59	#
209	842867	0	1	2	3	4	5	6	7	8	9	10	11	13	14	59	#
210	228300	4	8	9	60	#
211	227198	8	9	13	60	#
212	190379	0	4	8	60	#
213	211848	1	2	3	5	7	61	#
214	261953	0	1	2	3	7	61	#
215	251138	2	3	6	7	11	61	#
216	230305	1	2	5	8	9	61	#
217	222487	0	1	2	3	6	61	#
218	218586	1	2	3	6	7	61	#
219	390316	8	9	12	13	14	15	62	#
220	463676	5	9	12	13	14	15	62	#
221	434640	0	1	2	4	5	9	62	#
222	345915	5	8	9	12	13	14	62	#
223	331421	2	5	6	8	9	13	62	#
224	325915	5	6	8	9	12	13	62	#
225	1039676	0	1	2	3	4	5	6	7	8	9	10	11	12	13	14	15	63	#
226	1133847	0	1	2	4	5	6	7	8	9	10	11	12	13	14	15	16	63	#
227	1113792	0	1	2	3	4	5	6	7	9	10	11	12	13	14	15	19	63	#
228	1033293	0	1	2	3	4	5	6	7	8	9	10	11	12	14	15	19	63	#
229	1000695	0	1	2	4	5	6	7	8	9	10	11	12	13	14	17	18	63	#
230	1028664	0	1	2	3	4	5	6	7	8	9	10	11	12	13	14	15	17	19	64	#
231	1192671	0	1	2	3	4	5	6	7	8	9	10	11	12	13	14	15	16	19	64	#
232	1142061	0	1	2	3	4	5	6	7	8	9	10	11	12	13	14	15	16	18	64	#
233	1095831	0	1	2	3	4	5	6	7	8	9	10	11	12	13	14	15	18	19	64	#
234	1074895	0	1	2	3	4	5	6	7	8	9	10	11	12	13	14	15	16	17	64	#
235	978054	0	1	2	3	4	5	6	7	8	9	10	11	12	13	14	15	17	18	64	#
236	204676	1	2	3	18	65	#
237	248549	2	3	7	18	65	#
238	213471	1	2	3	7	65	#
239	104861	1	2	6	10	65	#
240	650702	1	5	8	9	10	11	13	14	15	66	#
241	663008	0	1	4	5	9	12	13	14	15	66	#
242	658533	0	1	3	4	5	6	7	10	11	66	#
243	649934	0	4	5	6	8	9	10	11	13	66	#
244	643328	0	1	4	5	8	9	10	13	14	66	#
245	637102	1	5	9	10	11	12	13	14	15	66	#
246	170134	8	12	13	67	#
247	214358	12	13	14	67	#
248	143652	8	9	12	67	#
249	1054266	0	1	2	3	4	5	6	7	8	9	10	11	12	13	14	15	17	68	#
250	1163984	0	1	2	3	4	5	6	7	8	9	10	11	12	13	14	15	19	68	#
251	1158626	0	1	2	3	4	5	6	7	8	9	10	11	12	13	14	15	16	68	#
252	1117790	0	1	2	3	4	5	6	7	8	9	10	11	12	13	14	15	18	68	#
253	29109	12	#
254	746007	0	1	2	3	4	5	6	7	8	9	10	14	16	18	69	#
255	825844	0	1	2	3	4	5	6	7	9	10	11	13	14	19	69	#
256	790776	0	1	2	3	4	5	6	7	8	9	10	11	13	14	69	#
257	770712	0	1	2	3	4	5	6	7	8	9	10	13	14	17	69	#
258	765347	0	1	2	3	4	5	6	7	9	10	11	12	13	14	69	#
259	750997	0	1	2	3	4	6	7	8	9	10	11	12	13	14	69	#
260	366551	4	8	9	12	13	70	#
261	444944	6	8	9	10	13	70	#
262	344226	5	8	9	10	13	70	#
263	342338	0	1	4	5	9	70	#
264	306110	8	9	10	12	13	70	#
265	304086	4	8	9	10	12	70	#
266	305687	6	7	10	11	71	#
267	277413	7	10	11	14	71	#
268	264224	8	9	10	11	71	#
269	204086	3	7	10	11	71	#
270	192071	1	2	5	6	71	#
271	965836	0	1	2	3	4	5	6	7	8	9	10	11	12	13	14	15	17	18	72	#
272	1100585	1	2	3	4	5	6	7	8	9	10	11	12	13	14	15	16	18	19	72	#
273	1089471	0	1	2	3	4	5	6	7	8	9	10	11	12	13	14	15	16	19	72	#
274	1041169	0	1	2	3	4	5	6	7	8	9	10	11	12	13	14	15	17	19	72	#
275	1035619	0	1	2	3	4	5	6	7	8	9	10	11	12	13	14	15	18	19	72	#
276	1019689	0	1	2	3	4	5	6	7	8	9	10	11	12	13	14	15	16	17	72	#
277	261413	0	1	2	3	73	#
278	313705	0	4	5	15	73	#
279	281611	2	3	6	10	73	#
280	249247	1	2	5	6	73	#
281	898849	0	1	2	3	4	5	6	7	8	9	10	11	12	13	14	15	74	#
282	1040218	0	2	3	4	5	7	8	9	10	11	12	13	14	15	16	19	74	#
283	1027400	0	1	2	3	4	5	6	7	8	9	10	11	13	14	15	19	74	#
284	1006131	0	1	2	3	4	5	6	8	9	10	11	13	14	15	16	18	74	#
285	994505	0	2	3	4	5	6	7	8	9	10	11	12	13	14	15	19	74	#
286	978302	0	2	3	4	5	6	7	8	9	10	11	12	13	14	15	18	74	#
287	441009	2	3	5	6	10	11	13	14	15	75	#
288	567730	1	3	4	5	6	7	10	14	15	75	#
289	501479	0	1	2	3	5	6	7	10	14	75	#
290	495167	1	2	3	5	6	7	11	12	13	75	#
291	475078	0	1	2	3	5	6	7	10	11	75	#
292	437767	1	2	5	6	7	10	12	13	14	75	#
293	1028082	0	1	2	3	4	5	6	7	8	9	10	11	12	13	14	15	17	76	#
294	1174574	0	1	2	3	4	5	6	7	9	10	11	12	13	14	15	16	17	76	#
295	1135465	0	1	2	3	4	5	6	7	8	9	10	11	12	13	14	15	16	76	#
296	1102257	0	1	2	3	4	5	6	7	8	9	10	11	12	13	14	15	19	76	#
297	1032163	0	1	2	3	4	5	6	7	8	9	10	11	12	13	14	15	18	76	#
298	847339	0	1	2	3	4	5	6	7	8	9	10	11	13	14	77	#
299	914685	0	2	4	5	6	7	8	9	10	11	12	13	14	15	77	#
300	886833	0	1	4	5	6	7	8	9	10	11	12	13	14	15	77	#
301	860928	0	2	3	4	5	6	7	8	9	10	11	12	13	14	77	#
302	854359	0	1	2	4	5	6	7	8	9	10	11	12	13	14	77	#
303	818991	2	4	5	6	7	8	9	10	11	12	13	14	15	18	77	#
304	709888	0	1	4	5	8	9	13	14	78	#
305	664546	0	1	5	9	10	13	14	15	78	#
306	627473	1	4	5	6	8	9	13	14	78	#
307	605765	0	1	2	4	5	8	9	13	78	#
308	582130	1	5	6	9	10	13	14	15	78	#
309	568016	0	1	2	4	5	6	8	9	78	#
310	354455	6	7	10	11	79	#
311	370771	6	7	10	14	79	#
312	220812	2	5	6	10	79	#
313	562907	0	1	2	3	4	7	10	14	177	#
314	1160823	0	1	2	3	4	5	6	7	9	10	11	12	13	14	15	17	80	#
315	1313373	0	1	2	3	4	5	6	7	9	10	11	12	13	14	15	16	80	#
316	1179551	0	1	2	3	4	5	6	7	8	9	10	11	12	14	15	19	80	#
317	1155558	0	1	2	3	4	5	6	7	8	9	10	11	12	13	14	15	80	#
318	1113307	0	1	3	4	5	6	7	8	9	10	11	12	13	14	15	17	80	#
319	1093586	0	1	2	3	4	5	6	7	8	9	10	11	12	13	14	18	80	#
320	726084	0	1	2	3	4	5	6	7	8	9	10	11	12	13	14	15	81	#
321	929639	1	3	4	5	6	7	8	9	10	11	12	13	14	15	16	19	81	#
322	840095	0	1	2	3	4	5	6	7	9	10	11	13	14	15	17	18	81	#
323	816600	1	2	3	4	5	6	7	8	9	10	11	12	13	14	15	16	81	#
324	755531	0	1	2	3	4	5	6	7	8	9	10	12	13	14	15	18	81	#
325	641253	0	1	2	4	5	6	9	10	11	82	#
326	705146	0	1	4	5	8	9	12	13	14	82	#
327	683091	0	1	2	4	5	8	9	13	14	82	#
328	680259	0	1	2	3	4	5	6	7	14	82	#
329	649461	0	1	2	4	5	6	8	9	12	82	#
330	597885	2	4	5	6	9	10	11	13	14	82	#
331	1108488	0	1	2	3	4	5	6	7	8	9	10	11	12	13	14	15	17	83	#
332	1207336	0	1	2	3	4	5	6	7	8	9	10	11	12	13	14	15	19	83	#
333	1192649	0	1	2	3	4	5	6	7	8	9	10	11	12	13	14	15	16	83	#
334	1147854	0	1	2	3	4	5	6	7	8	9	10	11	12	13	14	15	18	83	#
335	819611	0	1	2	3	4	5	6	7	8	9	10	11	12	13	14	15	84	#
336	883804	0	1	2	4	5	6	7	8	9	10	11	12	13	14	15	17	84	#
337	869790	0	1	2	4	5	6	7	8	9	10	11	12	13	14	15	19	84	#
338	867681	0	1	2	4	5	6	8	9	10	11	12	13	14	15	16	19	84	#
339	833814	0	1	2	3	4	5	6	9	10	11	12	13	14	15	18	19	84	#
340	830193	1	2	4	5	6	7	8	9	10	11	12	13	14	15	18	19	84	#
341	979465	0	1	2	3	4	5	6	7	8	9	10	11	12	13	14	15	85	#
342	1006106	0	1	2	3	5	6	7	8	9	10	11	12	13	14	15	16	85	#
343	946814	0	1	2	3	4	5	6	7	8	9	10	11	12	13	14	16	85	#
344	943519	0	1	2	3	5	6	7	8	9	10	11	12	13	14	15	18	85	#
345	937386	1	2	3	4	5	6	7	8	9	10	11	12	13	14	15	17	85	#
346	925814	0	1	2	3	4	5	6	7	8	9	10	11	12	13	14	17	85	#
347	612701	0	1	2	5	9	10	13	14	15	86	#
348	678309	0	1	2	3	4	5	7	9	13	86	#
349	675430	1	2	3	5	7	9	13	14	15	86	#
350	673351	0	1	2	5	7	9	10	11	15	86	#
351	649889	2	3	7	9	10	11	13	14	15	86	#
352	635300	0	1	2	3	5	7	9	10	13	86	#
353	898466	2	3	5	6	7	8	9	10	11	12	13	14	15	16	87	#
354	1041807	0	2	3	4	5	6	7	8	9	10	11	13	14	16	87	#
355	1037043	0	2	4	5	6	8	9	10	11	12	13	14	15	18	87	#
356	1036147	0	4	5	6	7	8	9	10	11	12	13	14	15	19	87	#
357	1029214	0	2	3	4	5	6	7	9	10	11	13	14	16	17	87	#
358	1024876	0	1	2	3	4	5	6	7	9	10	11	13	14	16	87	#
359	941302	0	1	2	3	4	5	6	7	8	9	10	11	12	13	14	15	88	#
360	1019196	0	1	2	3	4	5	6	7	8	10	11	12	13	14	15	16	88	#
361	1011567	1	2	3	4	5	6	7	8	9	10	11	13	14	15	17	18	88	#
362	988775	0	1	2	3	4	5	6	7	8	10	11	12	13	14	15	18	88	#
363	952178	1	2	3	4	5	6	7	8	9	10	11	12	13	14	15	19	88	#
364	473181	8	9	10	12	13	14	15	89	#
365	565454	6	7	9	10	11	14	15	89	#
366	563207	2	6	9	10	11	13	14	89	#
367	509783	0	1	2	6	10	14	15	89	#
368	485076	6	8	9	10	12	13	14	89	#
369	482224	4	5	8	9	10	13	14	89	#
370	713560	2	4	5	6	7	8	9	10	12	13	14	15	90	#
371	874429	0	1	3	4	5	6	7	9	10	11	13	14	90	#
372	847502	0	1	2	3	6	7	9	10	11	13	14	15	90	#
373	837792	1	2	3	4	5	6	7	9	10	11	13	14	90	#
374	834003	1	2	3	6	7	9	10	11	13	14	15	18	90	#
375	830460	0	1	2	3	4	5	6	7	9	10	11	13	90	#
376	475465	4	5	6	7	8	9	12	13	91	#
377	588504	1	4	5	6	7	9	11	13	91	#
378	515586	0	4	8	9	12	13	14	15	91	#
379	497809	4	8	9	12	13	14	15	17	91	#
380	495383	0	1	4	5	9	12	13	14	91	#
381	479645	4	5	8	9	12	13	14	15	91	#
382	1253756	0	1	2	3	4	5	6	7	8	9	10	11	12	13	14	16	18	92	#
383	1269882	0	1	2	3	4	5	6	7	8	9	10	11	12	13	14	15	16	92	#
384	1192118	0	1	2	3	4	5	6	7	8	9	10	11	12	13	14	15	19	92	#
385	1184131	0	1	2	3	4	5	6	7	8	9	10	11	12	13	14	15	18	92	#
386	1174210	0	1	2	3	4	5	6	7	8	9	10	11	12	14	15	17	18	92	#
387	1166602	0	1	2	3	4	5	6	7	8	9	10	11	12	13	14	15	17	92	#
388	1309627	0	1	2	3	4	5	6	7	8	9	10	11	12	13	14	15	16	93	#
389	1238145	0	1	2	3	4	5	6	7	8	9	10	11	12	13	14	15	19	93	#
390	1219778	0	1	2	3	4	5	6	7	8	9	10	11	12	13	14	15	18	93	#
391	1174645	0	1	2	3	4	5	6	7	8	9	10	11	12	13	14	15	17	93	#
392	894949	0	1	2	3	4	5	6	7	8	9	10	11	12	13	14	15	94	#
393	979782	0	1	2	3	4	5	6	7	8	9	10	12	13	14	15	16	94	#
394	954571	0	1	2	3	4	5	6	7	8	9	10	12	13	14	15	19	94	#
395	933491	0	1	2	3	4	5	6	7	8	9	10	12	13	14	15	18	94	#
396	840034	0	1	2	3	4	5	6	7	8	9	10	12	13	14	15	17	94	#
397	203370	7	10	11	95	#
398	206621	3	6	7	95	#
399	153133	6	10	11	95	#
400	1074711	0	1	2	3	4	5	6	7	8	9	10	11	12	13	14	15	18	19	96	#
401	1125054	0	1	2	3	4	5	6	7	8	9	10	11	12	13	14	15	16	19	96	#
402	1111067	0	1	2	3	4	5	6	7	8	9	10	11	12	13	14	15	16	18	96	#
403	1067687	0	1	2	3	4	5	6	7	8	9	10	11	12	13	14	15	16	17	96	#
404	1031330	0	1	2	3	4	5	6	7	8	9	10	11	12	13	14	15	17	19	96	#
405	1017344	0	1	2	3	4	5	6	7	8	9	10	11	12	13	14	15	17	18	96	#
406	499648	4	5	9	14	15	97	#
407	538677	9	12	13	14	15	97	#
408	440762	4	5	9	12	13	97	#
409	385279	10	12	13	14	15	97	#
410	353917	4	8	9	12	13	97	#
411	325195	4	5	8	9	12	97	#
412	129776	17	18	98	#
413	153556	13	18	98	#
414	897083	0	1	2	3	4	5	6	7	8	9	10	11	12	13	14	15	17	163	#
415	216366	9	10	13	14	99	#
416	164591	4	6	8	12	99	#
417	590661	1	2	3	4	5	6	7	10	177	#
418	134030	8	9	#
419	572753	1	2	5	6	8	10	11	12	13	14	15	282	#
420	289874	3	5	6	7	101	#
421	335326	3	6	7	11	101	#
422	221051	1	4	5	16	101	#
423	142884	1	2	5	6	101	#
424	812191	1	2	3	4	5	6	7	8	9	10	11	13	16	102	#
425	850114	0	1	2	4	6	8	9	10	11	12	13	14	16	102	#
426	758497	0	1	2	3	4	5	6	7	9	10	11	13	14	102	#
427	745401	0	1	2	4	5	6	7	8	9	10	11	12	13	102	#
428	744003	1	2	3	4	6	7	8	9	10	11	12	13	14	102	#
429	739535	0	2	3	4	6	8	9	10	11	12	13	14	15	102	#
430	268403	9	10	14	18	103	#
431	251993	10	13	14	15	103	#
432	239990	6	10	14	18	103	#
433	239336	4	8	9	13	103	#
434	238184	9	10	13	14	103	#
435	166900	6	7	10	104	#
436	247551	9	10	13	104	#
437	236871	6	9	10	104	#
438	223060	3	7	11	104	#
439	556814	2	3	5	6	7	10	11	14	105	#
440	570785	3	5	6	7	9	10	11	14	105	#
441	570571	0	2	3	4	5	6	9	10	105	#
442	549935	0	1	2	5	6	10	14	15	105	#
443	528166	2	3	5	6	7	9	10	14	105	#
444	525565	2	3	5	6	7	9	10	11	105	#
445	133242	15	#
446	748625	0	1	2	4	6	7	8	9	10	11	13	19	106	#
447	657494	0	3	4	6	7	8	9	10	11	12	13	19	106	#
448	649727	0	1	2	4	5	6	7	8	9	10	11	13	106	#
449	644445	0	1	2	3	4	6	7	8	9	10	11	13	106	#
450	638935	0	1	4	5	6	7	8	9	10	11	12	13	106	#
451	612736	0	1	2	4	6	7	8	9	10	11	12	13	106	#
452	715843	4	5	8	9	10	11	12	13	14	15	16	107	#
453	836530	0	1	3	4	5	7	9	10	11	13	14	107	#
454	779454	0	1	4	5	8	9	10	11	13	14	15	107	#
455	770277	0	4	5	8	9	10	11	12	13	14	19	107	#
456	751179	0	1	4	8	9	10	11	12	13	14	15	107	#
457	747289	0	4	5	8	9	10	11	12	13	14	15	107	#
458	348292	6	9	10	14	15	108	#
459	446557	5	9	13	14	15	108	#
460	414094	0	1	4	5	9	108	#
461	329759	6	7	10	11	14	108	#
462	292188	2	3	6	7	11	108	#
463	550460	0	1	2	4	5	9	10	11	14	19	109	#
464	667469	0	1	2	3	4	5	7	9	13	15	109	#
465	591617	0	1	4	5	7	8	9	10	11	12	109	#
466	580051	1	2	3	4	5	7	9	13	14	19	109	#
467	579387	1	4	5	6	8	9	10	12	14	15	109	#
468	576705	1	4	5	7	8	9	10	11	12	14	109	#
469	860169	0	1	2	4	5	6	8	9	10	12	14	15	110	#
470	906096	0	4	5	6	8	9	10	11	12	13	14	15	110	#
471	889739	0	1	4	5	6	7	8	9	10	12	13	14	110	#
472	889419	0	1	4	5	6	8	9	10	12	13	14	15	110	#
473	866138	1	2	4	5	6	7	8	9	10	12	13	14	110	#
474	865818	1	2	4	5	6	8	9	10	12	13	14	15	110	#
475	623003	0	4	5	8	9	12	13	14	15	111	#
476	703138	5	6	7	8	9	10	13	14	15	111	#
477	701266	5	6	7	8	9	10	11	13	14	111	#
478	680306	4	5	6	8	9	12	13	14	15	111	#
479	642075	1	5	6	8	9	12	13	14	15	111	#
480	629910	2	3	4	5	6	7	8	9	11	111	#
481	897567	0	1	2	3	4	5	6	7	9	10	12	13	14	112	#
482	984084	0	2	3	4	5	6	7	8	9	12	13	14	18	112	#
483	923817	2	3	4	5	6	7	8	9	10	11	13	14	19	112	#
484	923243	0	1	2	3	4	5	6	7	8	9	10	13	14	112	#
485	913810	0	2	3	4	5	6	7	8	9	10	12	13	14	112	#
486	909775	0	3	4	5	6	7	8	9	10	11	12	13	14	112	#
487	257992	14	15	113	#
488	200015	14	16	113	#
489	948965	0	1	2	3	4	5	6	7	8	9	10	11	12	13	14	15	114	#
490	1079357	1	2	3	4	5	6	7	9	10	11	12	13	14	15	16	19	114	#
491	976022	0	2	3	4	5	6	7	8	9	10	11	12	13	14	15	19	114	#
492	965089	1	2	3	4	5	6	7	8	9	10	11	12	13	14	15	19	114	#
493	43440	10	#
494	587377	0	1	2	4	5	6	7	9	10	12	115	#
495	708389	0	1	2	4	5	6	7	12	13	16	115	#
496	698860	1	2	4	5	6	7	9	10	11	13	115	#
497	694066	0	1	2	4	5	6	7	9	10	13	115	#
498	685692	4	5	6	7	9	10	11	12	13	14	115	#
499	660797	0	1	4	5	6	8	9	10	13	16	115	#
500	540036	1	5	6	7	8	9	10	12	13	116	#
501	637233	2	3	7	8	9	10	13	14	15	116	#
502	614785	4	5	8	9	10	12	13	14	15	116	#
503	600351	1	5	6	7	9	10	12	13	14	116	#
504	596682	0	1	2	4	5	6	7	8	16	116	#
505	594587	1	5	8	9	10	12	13	14	15	116	#
506	901877	0	1	2	3	4	5	6	7	8	9	10	11	12	13	14	15	117	#
507	1010324	0	1	2	3	4	5	6	7	9	10	11	12	13	14	15	19	117	#
508	966774	0	1	2	3	4	5	6	7	9	10	11	12	13	14	15	18	117	#
509	945639	0	1	2	4	5	6	7	8	9	10	11	12	13	14	15	16	117	#
510	942867	0	1	2	3	4	5	6	7	8	10	11	12	13	14	15	19	117	#
511	899317	0	1	2	3	4	5	6	7	8	10	11	12	13	14	15	18	117	#
512	124403	1	19	118	#
513	154986	1	2	118	#
514	629472	2	3	4	5	6	7	10	11	177	#
515	314097	5	6	7	119	#
516	267502	3	5	7	119	#
517	214241	1	5	6	119	#
518	1132607	0	1	2	3	4	5	6	7	8	9	10	11	12	13	14	15	17	120	#
519	1250931	0	1	2	3	4	5	6	7	9	10	11	12	13	14	15	18	19	120	#
520	1192857	0	1	2	3	4	5	6	7	8	9	10	11	12	13	14	15	18	120	#
521	1165905	0	1	2	3	4	5	6	7	8	9	10	11	12	13	14	15	16	120	#
522	1148435	0	1	2	3	4	5	6	7	8	9	10	11	12	13	14	15	19	120	#
523	813188	0	1	2	3	4	5	6	7	8	9	10	11	12	13	14	15	121	#
524	929956	0	1	2	3	4	6	7	8	9	10	11	12	13	14	15	16	121	#
525	829679	0	1	2	3	5	6	7	8	9	10	11	12	14	15	16	17	121	#
526	739444	1	2	3	4	5	6	7	8	9	10	11	12	14	15	17	18	121	#
527	735472	0	1	2	3	5	6	7	8	9	10	11	12	13	14	15	17	121	#
528	663530	1	2	3	5	7	9	10	11	14	122	#
529	670196	1	3	5	6	7	9	10	11	14	122	#
530	634888	0	1	2	3	5	6	7	9	11	122	#
531	631143	1	4	5	9	10	11	12	13	14	122	#
532	625864	0	1	2	3	6	7	10	11	14	122	#
533	606906	1	2	3	5	6	7	9	10	11	122	#
534	379035	0	4	7	12	13	123	#
535	324469	0	1	2	4	5	123	#
536	244915	12	13	14	15	18	123	#
537	241709	0	1	2	3	5	123	#
538	211465	4	5	8	9	12	123	#
539	169884	3	6	7	10	11	123	#
540	377227	10	11	12	13	14	15	17	124	#
541	468315	6	9	10	11	13	14	15	124	#
542	444270	5	6	7	9	10	11	14	124	#
543	438478	2	5	6	10	11	14	15	124	#
544	352935	8	9	10	12	13	14	15	124	#
545	349104	0	2	3	6	7	10	11	124	#
546	919237	0	1	2	3	4	5	6	7	8	9	10	11	12	13	14	15	125	#
547	1063720	0	1	2	3	4	5	6	7	8	9	10	11	13	14	15	16	125	#
548	984362	0	1	2	3	4	6	7	8	9	10	11	12	13	14	15	19	125	#
549	984263	0	1	2	3	5	6	7	8	9	10	11	12	13	14	15	16	125	#
550	942480	0	1	2	3	4	5	6	7	8	10	11	12	13	14	15	18	125	#
551	939381	1	2	3	4	5	6	7	8	9	10	11	12	13	14	15	19	125	#
552	120296	12	13	#
553	835831	1	2	3	4	5	6	7	8	9	10	11	12	13	14	133	#
554	341991	5	6	9	10	11	127	#
555	448499	5	6	7	9	10	127	#
556	389166	6	7	9	10	11	127	#
557	375546	6	9	10	11	13	127	#
558	352200	3	6	7	10	11	127	#
559	305342	4	5	8	9	12	127	#
560	811132	1	2	3	4	5	6	7	9	10	11	12	13	128	#
561	947016	0	4	5	7	8	9	11	12	13	14	15	16	128	#
562	831503	1	2	3	4	5	6	7	8	9	11	12	13	128	#
563	810638	1	2	3	5	6	7	9	10	11	12	13	14	128	#
564	797496	0	2	3	5	6	7	9	10	11	12	13	14	128	#
565	788896	2	3	4	5	7	8	9	10	11	12	13	14	128	#
566	558227	1	2	3	6	7	10	11	14	129	#
567	601621	3	5	6	7	9	10	11	14	129	#
568	566588	1	2	3	4	6	7	10	11	129	#
569	558068	2	3	6	7	9	11	15	18	129	#
570	553592	1	2	3	6	7	9	10	11	129	#
571	520855	2	3	5	6	7	9	10	11	129	#
572	254319	8	10	12	13	14	15	130	#
573	366411	6	10	11	13	14	15	130	#
574	364847	4	5	8	9	12	13	130	#
575	342644	4	8	10	13	14	15	130	#
576	272055	5	6	8	9	10	12	130	#
577	960704	1	2	3	4	5	6	7	8	9	10	11	12	13	14	17	131	#
578	1086172	0	1	3	4	5	6	7	8	9	10	11	12	13	14	15	131	#
579	1078742	1	2	3	4	5	6	7	8	9	10	11	13	14	15	18	131	#
580	1066436	0	1	2	3	4	5	6	7	8	9	10	11	13	14	15	131	#
581	1033104	0	1	2	4	5	6	7	8	9	10	11	12	13	14	15	131	#
582	1027078	1	3	4	5	6	7	8	9	10	11	12	13	14	15	17	131	#
583	380642	0	4	5	6	8	132	#
584	344119	3	6	7	10	11	132	#
585	311624	0	1	4	5	8	132	#
586	833853	0	1	2	3	4	5	6	7	8	10	11	12	13	14	133	#
587	888590	1	2	3	4	5	6	7	8	9	10	11	13	14	15	133	#
588	887498	1	2	3	4	5	6	7	9	10	11	12	13	14	15	133	#
589	886612	0	1	2	3	4	5	6	7	8	10	11	13	14	15	133	#
590	872681	0	1	2	3	4	5	6	7	8	9	10	11	13	14	133	#
591	803748	0	3	4	7	8	9	10	11	13	14	134	#
592	690097	6	7	8	9	10	11	13	14	15	18	134	#
593	682438	0	1	4	5	8	9	12	13	14	15	134	#
594	658516	0	1	4	5	6	8	9	10	14	15	134	#
595	656940	0	2	3	4	5	6	7	8	11	12	134	#
596	654024	2	3	7	8	9	10	11	13	14	15	134	#
597	687702	6	7	9	10	11	13	14	15	135	#
598	658218	4	5	9	12	13	14	15	19	135	#
599	614111	2	3	6	7	9	10	13	14	135	#
600	533298	1	2	4	5	6	8	9	13	135	#
601	529793	5	6	9	10	12	13	14	15	135	#
602	464215	1	2	3	5	6	7	10	11	135	#
603	689646	2	5	6	8	9	10	13	14	19	136	#
604	759545	0	3	4	7	8	9	11	13	19	136	#
605	757149	1	2	4	5	6	8	9	13	14	136	#
606	712219	0	1	2	3	5	6	8	9	13	136	#
607	703063	1	4	5	6	8	9	12	13	18	136	#
608	662097	0	1	2	5	6	8	9	12	13	136	#
609	862976	0	1	2	3	4	5	6	7	8	9	12	13	14	15	137	#
610	897855	0	1	2	4	5	6	7	9	10	11	12	13	14	15	137	#
611	860244	0	1	2	4	5	6	7	8	9	10	12	13	14	15	137	#
612	852895	0	1	2	4	5	6	7	8	9	10	11	12	14	15	137	#
613	815031	0	1	2	3	4	5	6	7	8	9	10	12	14	15	137	#
614	786256	1	2	3	5	6	7	8	9	10	12	13	14	15	16	137	#
615	991909	0	1	2	3	4	5	6	7	8	9	10	11	12	13	14	15	16	138	#
616	948459	0	1	2	3	4	5	6	7	8	9	10	11	12	13	14	16	17	138	#
617	946105	0	1	2	3	4	5	6	7	8	9	10	11	12	13	14	15	18	138	#
618	931183	0	1	2	3	4	5	6	7	8	9	10	11	12	13	14	15	19	138	#
619	915976	0	1	2	3	4	5	6	7	8	9	10	11	12	13	14	15	17	138	#
620	867872	0	1	2	3	4	5	6	7	8	9	10	11	12	13	14	15	139	#
621	951629	0	1	2	4	5	6	7	8	9	10	11	12	13	14	15	16	139	#
622	898710	0	1	2	3	4	5	6	7	8	9	10	11	12	13	14	19	139	#
623	877657	0	1	2	3	4	5	6	7	8	9	10	11	12	13	14	18	139	#
624	807619	0	1	2	3	4	5	6	7	8	9	10	11	12	13	14	17	139	#
625	169188	10	14	#
626	566395	4	8	9	12	13	14	15	141	#
627	442265	4	5	8	9	12	13	14	141	#
628	421977	0	1	4	5	6	8	9	141	#
629	374725	1	4	5	8	9	12	13	141	#
630	538421	1	2	5	9	13	14	15	142	#
631	651581	7	9	10	11	13	14	15	142	#
632	604824	2	6	7	10	13	14	15	142	#
633	566572	1	5	6	9	10	11	13	142	#
634	504067	1	2	5	6	7	9	10	142	#
635	466408	1	2	5	6	7	8	9	142	#
636	419036	0	1	2	4	5	143	#
637	363530	0	1	4	5	8	143	#
638	332246	0	1	2	4	8	143	#
639	302455	0	1	2	6	12	143	#
640	704180	0	1	2	3	4	5	6	7	8	11	12	17	144	#
641	870130	0	1	4	5	6	8	9	10	11	13	14	15	144	#
642	817890	0	1	2	3	4	5	6	10	11	12	13	14	144	#
643	814523	0	1	2	3	4	5	7	8	9	12	13	14	144	#
644	795475	0	1	2	3	6	7	10	11	13	14	15	17	144	#
645	789528	0	1	2	3	4	5	7	8	9	10	11	13	144	#
646	570323	3	6	7	8	9	10	11	145	#
647	617371	6	7	8	9	10	14	15	145	#
648	589318	2	3	6	7	9	10	11	145	#
649	570383	3	6	7	9	10	11	13	145	#
650	496700	0	1	2	6	8	9	10	145	#
651	455784	1	4	5	6	8	9	10	145	#
652	1013721	0	1	2	3	4	5	6	7	8	9	10	11	12	13	14	15	16	146	#
653	1057525	1	3	4	5	6	7	8	9	10	11	12	13	14	15	16	18	19	146	#
654	992806	0	1	2	3	4	5	6	7	8	9	10	11	12	13	14	15	19	146	#
655	942352	0	1	2	3	4	5	6	7	8	9	10	11	12	13	14	15	17	146	#
656	932512	0	1	2	3	4	5	6	7	8	9	10	11	12	13	14	15	18	146	#
657	566422	1	2	5	8	9	10	12	14	15	147	#
658	767553	1	4	5	6	8	9	10	14	15	147	#
659	726493	1	2	4	5	6	7	9	10	14	147	#
660	704565	1	2	4	5	6	7	8	9	13	147	#
661	687954	4	6	8	9	10	12	13	14	15	147	#
662	677866	3	5	6	7	9	10	11	13	14	147	#
663	497959	0	2	3	4	5	6	7	8	9	10	148	#
664	588260	0	1	4	5	6	7	8	9	10	12	148	#
665	564406	1	3	4	5	6	7	8	9	10	14	148	#
666	559106	0	1	4	5	6	8	9	10	13	14	148	#
667	555096	1	4	5	6	7	8	9	10	11	12	148	#
668	541917	1	3	4	5	6	7	8	9	10	11	148	#
669	406797	0	2	6	9	10	11	149	#
670	441690	0	4	8	9	10	12	149	#
671	424212	3	6	7	10	11	14	149	#
672	421268	2	6	7	9	10	11	149	#
673	344652	2	3	6	7	10	11	149	#
674	1193540	0	1	2	3	4	5	6	7	8	9	10	11	12	13	14	15	19	150	#
675	1240007	0	1	2	3	4	5	6	7	8	9	10	11	12	13	14	15	16	150	#
676	1132746	0	1	2	3	4	5	6	7	8	9	10	11	12	13	14	15	18	150	#
677	1121492	0	1	3	4	5	6	7	8	9	10	11	12	13	14	15	17	19	150	#
678	1119447	0	1	2	3	4	5	6	7	8	9	10	11	12	13	14	15	17	150	#
679	740727	0	1	2	3	4	6	9	10	14	151	#
680	763699	0	1	2	3	4	6	7	9	10	151	#
681	756545	0	1	2	4	5	6	9	10	13	151	#
682	741261	1	2	3	5	6	9	10	11	13	151	#
683	718007	1	2	3	5	6	7	9	10	11	151	#
684	703958	2	3	5	6	9	10	11	13	14	151	#
685	845855	0	1	2	3	4	5	6	7	8	9	10	11	12	13	14	15	152	#
686	965582	0	1	2	3	4	5	6	7	8	9	10	11	14	15	17	19	152	#
687	952901	0	2	3	4	5	6	7	8	9	10	11	12	13	14	15	19	152	#
688	852579	0	1	2	3	4	5	6	7	8	9	10	11	12	14	15	17	152	#
689	829367	0	1	2	3	4	5	6	7	8	9	10	11	12	13	15	18	152	#
690	132701	5	6	153	#
691	128709	1	5	153	#
692	286521	7	9	10	11	154	#
693	303790	6	7	9	10	154	#
694	276318	1	4	5	9	154	#
695	239867	7	10	11	14	154	#
696	161030	2	6	7	10	154	#
697	598329	1	3	5	6	7	9	10	14	155	#
698	706919	1	4	5	9	10	14	15	16	155	#
699	674312	0	1	4	5	6	9	10	14	155	#
700	659743	0	1	2	4	5	6	7	9	155	#
701	608656	0	1	2	3	5	6	7	9	155	#
702	572640	0	1	2	3	6	7	9	11	155	#
703	1166878	0	1	2	3	4	5	6	7	8	9	10	11	12	13	14	15	156	#
704	1256295	0	1	2	3	4	5	6	7	9	10	11	12	13	14	15	19	156	#
705	1228892	0	1	3	4	5	6	7	8	9	10	11	12	13	14	15	16	156	#
706	1215957	0	1	2	3	4	5	6	7	8	9	10	11	13	14	15	18	156	#
707	1170322	0	1	2	3	4	5	6	7	8	9	10	11	12	13	14	19	156	#
708	285387	9	10	11	14	157	#
709	336266	5	9	13	14	157	#
710	274034	6	10	11	14	157	#
711	273330	6	9	10	14	157	#
712	242490	10	12	13	14	157	#
713	687781	0	4	5	9	13	14	16	158	#
714	603869	6	9	10	11	13	14	15	158	#
715	565373	0	4	5	9	10	13	14	158	#
716	539351	0	4	5	6	7	9	11	158	#
717	527433	5	6	9	10	11	16	17	158	#
718	489164	4	5	8	9	10	13	14	158	#
719	1117632	0	1	2	3	4	5	6	7	8	9	10	11	12	13	14	15	159	#
720	1269466	0	1	3	4	5	6	7	8	9	10	11	12	13	14	15	16	159	#
721	1172198	0	1	2	3	4	6	7	8	9	10	11	12	13	14	15	19	159	#
722	1082826	0	1	2	3	4	5	6	7	9	10	11	12	13	14	15	18	159	#
723	1059956	0	1	2	3	4	5	6	7	8	9	10	12	13	14	15	17	159	#
724	1058222	0	1	2	3	4	5	6	7	8	9	10	11	12	13	14	19	159	#
725	975404	0	1	2	4	5	6	7	8	9	10	11	12	14	15	18	160	#
726	980623	0	1	2	3	4	5	6	7	8	9	10	11	14	15	18	160	#
727	974586	0	1	2	3	4	5	6	7	8	9	10	11	13	14	15	160	#
728	969367	0	1	2	4	5	6	7	8	9	10	11	12	13	14	15	160	#
729	944888	0	1	2	3	4	5	6	7	8	9	11	12	13	14	16	160	#
730	941623	0	1	2	4	5	6	7	8	9	10	11	12	14	15	17	160	#
731	639066	1	2	3	6	7	8	9	10	13	14	15	161	#
732	769527	0	1	4	5	6	8	9	10	12	13	14	161	#
733	755163	3	4	5	6	7	8	9	10	13	14	15	161	#
734	738048	0	1	2	4	6	8	9	10	12	13	14	161	#
735	728202	2	4	6	7	8	9	10	12	13	14	15	161	#
736	724232	1	3	4	5	6	7	8	9	10	12	14	161	#
737	261907	10	14	15	162	#
738	199594	6	10	14	162	#
739	185557	13	14	17	162	#
740	1012790	0	1	2	3	4	5	6	7	8	9	10	11	12	13	14	15	16	163	#
741	970716	0	1	2	3	4	5	6	7	8	9	10	11	12	13	14	15	18	163	#
742	943947	0	1	2	3	4	5	6	7	8	9	10	11	12	13	14	15	19	163	#
743	854381	0	1	2	3	4	5	6	7	8	9	10	11	12	13	14	15	164	#
744	909854	0	1	2	3	4	5	6	7	9	10	11	12	13	14	15	19	164	#
745	906896	0	1	2	3	4	5	6	7	8	9	10	11	13	14	15	17	164	#
746	389292	0	1	2	3	4	5	6	165	#
747	501991	0	1	4	5	6	10	14	165	#
748	460550	0	1	4	5	6	10	11	165	#
749	426328	0	1	3	4	5	6	10	165	#
750	407585	0	1	2	4	5	6	10	165	#
751	402661	0	1	2	3	6	10	14	165	#
752	507633	0	1	2	3	4	5	6	7	166	#
753	627210	0	1	3	4	5	7	14	15	166	#
754	585037	4	5	6	7	9	10	11	13	166	#
755	576712	0	1	2	3	4	6	7	11	166	#
756	566240	0	1	4	5	8	9	12	13	166	#
757	551382	0	1	4	5	6	9	10	13	166	#
758	562566	0	1	2	3	5	6	7	9	10	167	#
759	641851	1	5	8	9	10	11	13	14	15	167	#
760	631892	1	2	5	6	7	9	10	11	13	167	#
761	620617	1	2	5	6	9	10	11	13	14	167	#
762	619327	1	5	6	7	8	9	10	11	13	167	#
763	589297	1	2	3	5	7	9	10	13	14	167	#
764	323445	4	5	8	12	13	168	#
765	360707	0	4	5	8	14	168	#
766	339576	4	8	9	12	13	168	#
767	329996	8	9	12	13	14	168	#
768	300349	0	2	4	5	6	168	#
769	392151	0	1	4	6	8	9	12	169	#
770	494638	4	8	9	10	12	16	19	169	#
771	424601	1	4	5	6	7	8	12	169	#
772	382877	1	4	5	8	9	12	13	169	#
773	376360	0	1	4	8	9	10	12	169	#
774	369535	0	1	4	5	8	9	12	169	#
775	336589	5	8	9	12	13	170	#
776	474179	0	1	4	5	9	170	#
777	454039	5	9	13	14	15	170	#
778	355673	0	4	5	8	12	170	#
779	297468	8	9	12	13	18	170	#
780	67569	6	#
781	1001153	0	1	2	3	4	5	6	7	8	9	10	11	12	13	14	15	16	171	#
782	945749	0	1	2	3	4	5	6	7	8	9	10	11	12	13	14	15	18	171	#
783	899341	0	1	2	3	4	5	6	7	8	9	10	11	12	13	14	15	19	171	#
784	851248	0	1	2	3	4	5	6	7	8	9	10	11	12	13	14	15	17	171	#
785	312945	5	6	7	172	#
786	213106	5	6	10	172	#
787	170869	3	7	11	172	#
788	270129	8	9	12	13	14	15	173	#
789	369821	4	5	6	8	9	12	173	#
790	334645	4	5	8	9	12	13	173	#
791	334500	4	8	12	13	14	15	173	#
792	329767	4	8	9	12	13	14	173	#
793	125093	6	10	174	#
794	183123	5	6	174	#
795	335943	3	6	7	11	175	#
796	378311	3	6	7	15	175	#
797	334768	5	6	7	10	175	#
798	206004	2	3	7	11	175	#
799	850155	0	1	2	3	4	5	6	7	8	9	10	11	12	13	14	15	19	176	#
800	891207	0	1	2	3	4	5	6	7	8	9	10	11	12	13	14	15	16	176	#
801	880053	0	1	2	3	4	5	6	7	8	9	10	11	12	13	14	15	18	176	#
802	800754	0	1	2	3	4	5	6	7	8	9	10	11	12	13	14	15	17	176	#
803	666145	0	2	4	5	6	7	8	10	177	#
804	659523	0	4	5	6	7	8	9	10	177	#
805	648540	0	1	4	5	6	7	10	14	177	#
806	186180	16	18	178	#
807	157421	1	16	178	#
808	119687	3	18	178	#
809	960020	0	1	4	5	6	7	8	9	10	11	14	18	179	#
810	1010615	0	1	3	4	5	6	7	9	10	11	14	16	179	#
811	982449	0	1	2	4	5	6	7	9	10	11	13	14	179	#
812	936931	0	1	2	4	5	6	7	9	10	12	13	14	179	#
813	935434	0	1	2	4	5	6	7	10	11	14	18	19	179	#
814	902485	0	1	4	5	6	8	9	10	11	12	13	14	179	#
815	682094	0	1	2	3	5	6	7	8	9	10	11	12	19	180	#
816	761509	0	1	2	3	5	6	7	8	9	10	11	14	16	180	#
817	757690	0	1	4	5	6	7	8	9	10	11	12	14	15	180	#
818	754391	0	1	2	3	5	6	7	8	9	10	11	14	15	180	#
819	753058	0	1	2	4	5	7	8	9	10	11	12	14	15	180	#
820	731146	0	1	2	3	4	5	6	7	8	9	10	11	14	180	#
821	855545	0	1	2	3	4	5	6	7	8	9	10	11	12	181	#
822	1027906	0	1	2	3	4	5	6	7	9	10	11	14	15	181	#
823	1014130	0	1	2	4	5	6	7	8	9	10	11	14	15	181	#
824	991665	1	2	3	4	5	6	7	8	9	10	11	14	15	181	#
825	971155	0	1	2	4	5	6	7	8	9	10	12	14	15	181	#
826	948690	1	2	3	4	5	6	7	8	9	10	12	14	15	181	#
827	355771	10	11	13	14	15	182	#
828	433081	6	7	10	14	15	182	#
829	423396	5	9	10	14	15	182	#
830	364797	9	10	13	14	15	182	#
831	339016	3	6	7	10	14	182	#
832	327658	3	7	10	11	14	182	#
833	845669	1	2	3	4	5	6	7	9	10	12	13	14	15	183	#
834	902586	0	2	3	4	5	6	7	9	10	12	13	14	15	183	#
835	893565	0	1	2	3	4	6	7	9	10	12	13	14	15	183	#
836	864850	0	3	4	5	6	7	8	9	10	12	13	14	15	183	#
837	853511	0	1	2	3	6	7	9	10	11	12	13	14	15	183	#
838	841866	0	1	2	3	5	6	7	9	10	12	13	14	15	183	#
839	1123438	0	1	2	3	4	5	6	7	8	9	10	11	12	13	14	15	184	#
840	1149000	0	1	2	3	4	5	6	7	9	10	11	12	13	14	15	18	184	#
841	1130561	0	1	2	3	4	5	6	7	9	10	11	12	13	14	15	17	184	#
842	1090301	0	1	2	3	4	5	6	7	8	9	10	11	12	14	15	18	184	#
843	1071862	0	1	2	3	4	5	6	7	8	9	10	11	12	14	15	17	184	#
844	376995	0	1	2	3	4	5	6	10	185	#
845	488474	1	2	3	4	5	6	7	11	185	#
846	484904	0	1	2	4	6	8	12	16	185	#
847	453707	1	2	3	4	5	8	12	13	185	#
848	430193	2	3	4	5	6	7	10	11	185	#
849	428091	0	1	2	4	5	6	8	12	185	#
850	829454	1	2	3	4	5	6	7	8	9	10	11	186	#
851	874224	1	2	3	4	5	6	7	9	10	11	16	186	#
852	834845	0	1	2	3	4	5	6	7	9	10	11	186	#
853	832656	0	1	2	4	5	6	8	9	10	11	13	186	#
854	825856	1	2	3	4	5	6	7	8	9	10	16	186	#
855	813258	0	1	2	3	4	5	6	7	8	10	11	186	#
856	409966	0	1	4	5	8	9	187	#
857	405767	0	4	5	8	12	13	187	#
858	399211	0	1	2	5	8	9	187	#
859	375433	1	2	4	5	8	9	187	#
860	351878	0	1	2	3	5	6	187	#
861	264513	1	4	5	6	8	12	187	#
862	74926	1	#
863	322187	1	6	8	9	10	188	#
864	336975	6	7	9	10	11	188	#
865	324856	0	1	4	5	9	188	#
866	308737	5	6	9	10	14	188	#
867	300542	5	6	7	9	10	188	#
868	250933	4	8	9	10	12	188	#
869	263469	5	6	9	10	189	#
870	306580	1	4	5	7	189	#
871	275636	2	5	6	9	189	#
872	239419	0	1	2	6	189	#
873	178970	2	5	6	10	189	#
874	657120	4	5	6	8	9	10	12	13	14	15	190	#
875	710089	2	4	5	6	8	9	12	13	14	18	190	#
876	695460	1	4	5	8	9	12	13	14	15	19	190	#
877	675857	4	6	7	8	9	10	12	13	14	15	190	#
878	651924	4	6	8	9	10	11	12	13	14	15	190	#
879	604676	4	5	7	8	9	10	11	12	13	14	190	#
880	528332	7	8	9	10	11	14	15	191	#
881	532588	4	5	6	7	10	11	14	191	#
882	525754	3	4	5	9	10	13	14	191	#
883	525555	5	9	10	11	13	14	15	191	#
884	494372	5	7	9	10	11	13	17	191	#
885	483217	6	8	9	10	13	14	15	191	#
886	410715	2	3	6	7	10	11	14	192	#
887	467292	3	5	7	9	10	11	14	192	#
888	449313	2	3	6	7	9	10	11	192	#
889	436776	2	3	7	9	10	11	14	192	#
890	419872	6	7	8	9	10	11	14	192	#
891	388387	1	2	3	6	7	10	11	192	#
892	1378387	0	1	2	3	4	5	6	7	8	9	10	11	12	13	14	15	16	17	18	19	#
893	743454	1	2	3	6	7	8	9	10	12	13	14	15	193	#
894	999511	0	4	5	6	7	8	9	12	13	14	15	18	193	#
895	924722	1	2	4	5	6	7	8	9	12	13	14	15	193	#
896	920309	2	3	4	5	6	7	8	9	12	13	14	15	193	#
897	913789	0	3	4	5	6	7	8	9	12	13	14	18	193	#
898	873876	0	4	5	6	7	8	9	12	13	14	17	18	193	#
899	200213	4	10	11	194	#
900	235149	9	10	11	194	#
901	208224	1	4	5	194	#
902	831112	2	3	6	7	8	9	10	11	12	13	14	15	195	#
903	975063	2	3	4	6	7	8	9	10	11	13	14	15	195	#
904	953930	3	4	6	7	8	9	10	11	12	13	14	15	195	#
905	915777	3	4	5	7	8	9	10	11	12	13	14	15	195	#
906	899703	0	4	5	6	7	9	10	11	12	13	14	15	195	#
907	826073	2	3	4	6	7	8	9	10	11	12	13	14	195	#
908	558310	4	5	8	9	12	13	14	15	17	196	#
909	599405	3	4	5	6	7	8	11	12	13	196	#
910	550492	1	4	5	8	9	12	13	14	15	196	#
911	548199	1	5	6	8	9	12	13	14	18	196	#
912	536882	1	2	4	5	8	9	13	17	18	196	#
913	511704	2	4	6	7	8	9	10	12	13	196	#
914	1071826	0	1	2	3	4	5	6	7	8	9	10	11	12	13	14	15	197	#
915	1184009	0	2	3	4	5	6	7	8	9	10	11	12	13	14	15	19	197	#
916	1183089	0	1	2	3	6	7	8	9	10	11	12	13	14	15	16	19	197	#
917	1173914	0	2	3	4	5	6	7	8	9	10	11	12	13	14	15	16	197	#
918	1169894	0	2	3	4	5	6	7	8	9	10	11	12	13	14	15	18	197	#
919	999026	0	1	2	3	4	5	6	7	8	9	10	11	12	13	14	15	18	198	#
920	1034733	0	1	2	3	4	5	7	8	9	10	11	12	13	14	15	16	17	198	#
921	1027163	0	1	2	3	4	5	6	7	8	9	10	11	12	13	14	15	19	198	#
922	1022047	0	1	2	3	4	5	6	7	8	9	10	11	12	13	14	15	16	198	#
923	977678	0	1	2	3	4	5	6	7	8	9	10	11	12	13	14	15	17	198	#
924	488133	4	8	9	10	11	12	13	14	15	199	#
925	628483	0	1	4	5	6	9	10	13	14	199	#
926	592006	0	1	4	5	6	8	9	12	13	199	#
927	548850	4	5	8	9	12	13	14	15	19	199	#
928	514442	0	1	4	5	8	9	10	12	13	199	#
929	490125	0	1	4	6	8	10	12	13	14	199	#
930	538759	5	8	9	10	11	12	13	14	15	200	#
931	616577	4	6	8	9	10	12	13	14	15	200	#
932	590937	4	5	8	9	10	12	13	14	15	200	#
933	569423	4	5	6	8	9	10	12	13	15	200	#
934	522962	4	5	6	8	9	10	11	12	16	200	#
935	504141	3	7	8	9	10	11	12	13	14	200	#
936	446812	5	8	9	10	12	13	201	#
937	531270	8	9	10	12	13	14	201	#
938	518921	4	5	8	9	10	13	201	#
939	474770	2	6	8	9	10	13	201	#
940	468318	1	5	7	8	9	10	201	#
941	454960	3	5	6	8	9	13	201	#
942	1037688	0	1	2	3	4	5	6	7	8	9	10	11	12	13	14	15	202	#
943	1057688	0	1	2	3	4	5	6	7	8	9	10	12	13	14	15	19	202	#
944	1018301	0	1	2	3	4	5	6	7	8	9	10	11	12	13	14	19	202	#
945	1015950	0	1	2	3	4	5	6	7	8	9	10	11	12	13	14	16	202	#
946	442325	5	8	9	10	11	13	203	#
947	492540	0	4	5	8	12	13	203	#
948	464906	8	9	10	13	14	15	203	#
949	429701	5	6	9	10	11	13	203	#
950	420971	8	9	10	11	13	14	203	#
951	395578	8	9	10	11	12	13	203	#
952	205243	6	9	10	#
953	628456	4	5	8	9	10	12	13	14	15	205	#
954	770624	0	4	5	8	9	12	13	14	15	205	#
955	744127	0	2	4	5	8	9	13	14	15	205	#
956	653626	7	8	9	10	11	12	13	14	15	205	#
957	652182	4	7	8	9	10	11	12	13	14	205	#
958	626016	5	8	9	10	11	12	13	14	15	205	#
959	144126	8	12	13	206	#
960	176734	6	10	11	206	#
961	154864	10	11	14	206	#
962	932690	0	1	2	3	4	5	6	7	8	9	10	11	12	13	14	15	17	19	207	#
963	1060964	0	1	2	3	4	5	6	7	8	9	10	11	12	13	14	15	16	19	207	#
964	1013216	0	1	2	3	4	5	6	7	8	9	10	11	12	13	14	15	16	17	207	#
965	1009060	0	1	2	3	4	5	6	7	8	9	10	11	12	13	14	15	16	18	207	#
966	928534	0	1	2	3	4	5	6	7	8	9	10	11	12	13	14	15	18	19	207	#
967	880786	0	1	2	3	4	5	6	7	8	9	10	11	12	13	14	15	17	18	207	#
968	618273	0	2	3	4	6	8	9	10	11	12	13	14	15	208	#
969	837101	0	1	2	3	4	5	6	7	9	11	13	14	15	208	#
970	822575	0	1	2	3	4	5	6	7	8	9	11	13	19	208	#
971	812397	0	1	2	3	4	5	6	7	8	9	11	13	14	208	#
972	804010	0	1	4	5	6	7	8	9	10	11	13	14	15	208	#
973	754950	0	1	4	5	6	7	8	9	10	11	13	14	18	208	#
974	231395	14	15	#
975	254341	0	1	2	5	6	209	#
976	341055	1	5	6	7	9	209	#
977	285155	0	1	2	4	6	209	#
978	229860	2	5	6	7	10	209	#
979	167272	1	2	5	6	10	209	#
980	675789	0	1	2	3	4	5	6	7	9	10	210	#
981	774224	2	3	5	6	7	9	10	11	14	19	210	#
982	742041	1	2	3	5	6	7	9	10	11	14	210	#
983	739073	1	2	3	5	6	7	9	10	11	13	210	#
984	726317	1	2	3	5	6	7	9	10	12	13	210	#
985	715011	5	6	7	8	9	10	11	12	13	14	210	#
986	779223	2	3	4	5	6	8	9	10	11	13	14	15	211	#
987	853444	0	4	5	6	8	9	10	11	12	13	14	15	211	#
988	809368	4	5	6	8	9	10	11	12	13	14	15	17	211	#
989	803645	2	4	5	6	8	9	10	11	12	13	14	15	211	#
990	794422	0	1	2	4	5	6	8	9	12	13	14	15	211	#
991	778301	0	2	4	5	6	8	9	10	12	13	14	15	211	#
992	218747	7	11	212	#
993	165389	3	7	212	#
994	176281	0	1	2	3	5	213	#
995	255717	1	4	5	8	9	213	#
996	251375	0	1	2	4	5	213	#
997	249632	2	3	5	6	7	213	#
998	241728	1	2	3	14	15	213	#
999	225757	3	6	7	12	17	213	#
1000	161612	0	1	5	214	#
1001	112190	1	5	9	214	#
1002	921288	1	4	5	6	7	8	10	11	12	13	14	15	215	#
1003	910208	1	4	5	7	8	9	10	11	12	13	14	19	215	#
1004	888990	0	1	2	5	6	7	9	10	11	13	14	15	215	#
1005	840266	1	2	5	6	7	8	10	11	12	13	14	15	215	#
1006	813801	0	1	2	4	5	6	8	10	12	13	14	15	215	#
1007	801308	0	1	2	4	5	6	7	8	9	10	11	14	215	#
1008	315964	9	12	13	14	15	216	#
1009	398491	6	10	13	14	15	216	#
1010	345777	4	8	9	13	14	216	#
1011	292513	6	10	12	13	14	216	#
1012	258519	10	12	13	14	15	216	#
1013	172378	8	10	12	13	14	216	#
1014	642286	0	1	4	5	8	12	16	18	217	#
1015	721169	0	1	4	5	6	7	8	9	217	#
1016	718088	0	1	4	5	8	9	15	19	217	#
1017	657461	0	1	2	4	5	6	7	16	217	#
1018	624296	0	1	2	5	6	7	8	9	217	#
1019	609417	1	4	5	6	7	8	9	10	217	#
1020	896240	2	4	6	7	8	9	10	11	12	13	14	15	218	#
1021	1047827	0	1	4	5	6	7	9	10	11	13	14	15	218	#
1022	923387	1	2	5	6	7	9	10	11	12	13	14	15	218	#
1023	923330	0	1	3	4	5	6	7	9	10	11	13	14	218	#
1024	902516	0	1	2	4	5	6	7	9	10	11	12	13	218	#
1025	900182	1	2	5	6	7	8	9	10	11	13	14	15	218	#
1026	24050	2	#
1027	360232	0	1	2	4	5	7	8	12	219	#
1028	536171	0	1	2	3	5	6	7	10	219	#
1029	517545	1	2	3	5	6	7	10	11	219	#
1030	477101	1	2	3	5	6	7	9	10	219	#
1031	472848	0	1	2	4	5	6	8	10	219	#
1032	429136	6	8	9	10	11	12	13	14	219	#
1033	80748	2	6	220	#
1034	102601	5	6	220	#
1035	56483	2	3	220	#
1036	129358	14	#
1037	317514	0	1	2	3	4	5	222	#
1038	461457	0	1	4	5	8	9	222	#
1039	426886	4	5	6	8	9	12	222	#
1040	370991	1	2	3	6	7	11	222	#
1041	306555	0	1	2	3	5	6	222	#
1042	1072428	0	1	2	3	4	5	6	7	8	9	10	11	12	13	14	15	223	#
1043	1180905	0	1	3	4	5	6	7	8	9	10	11	12	13	14	15	16	223	#
1044	1139873	0	1	3	4	5	6	7	8	9	10	11	12	13	14	15	17	223	#
1045	1136863	0	1	2	3	4	5	7	8	9	10	11	12	13	14	15	16	223	#
1046	1097552	0	2	3	4	5	6	7	8	9	10	11	12	13	14	15	17	223	#
1047	1068934	0	1	2	3	4	5	7	8	9	10	11	12	13	14	15	18	223	#
1048	713289	0	1	2	4	5	6	7	8	9	10	18	224	#
1049	742478	1	2	4	5	6	8	9	12	13	15	18	224	#
1050	705246	1	2	4	5	6	8	9	10	11	13	18	224	#
1051	703335	0	1	2	4	5	6	8	9	10	11	13	224	#
1052	691753	0	1	2	4	5	6	8	9	10	12	13	224	#
1053	685420	1	2	4	5	6	7	8	9	10	12	13	224	#
1054	465242	0	1	2	4	5	6	8	225	#
1055	566860	3	4	5	6	7	9	13	225	#
1056	542993	1	2	4	5	8	9	13	225	#
1057	518147	4	5	6	8	9	12	13	225	#
1058	506549	0	1	4	8	9	12	13	225	#
1059	477609	0	1	2	4	5	6	7	225	#
1060	363309	4	5	9	10	14	226	#
1061	362114	0	1	4	5	9	226	#
1062	327211	7	9	10	11	14	226	#
1063	319873	1	5	9	10	14	226	#
1064	302062	0	1	2	4	5	226	#
1065	287708	1	5	9	10	13	226	#
1066	348057	5	6	7	9	11	12	227	#
1067	508267	7	9	10	11	13	14	227	#
1068	380395	4	5	6	10	12	13	227	#
1069	371244	8	9	10	12	13	14	227	#
1070	345562	0	3	6	7	10	11	227	#
1071	329550	2	5	6	10	11	14	227	#
1072	147523	2	3	18	228	#
1073	215192	3	7	18	228	#
1074	97431	1	2	3	228	#
1075	246834	6	7	229	#
1076	180974	5	6	229	#
1077	164022	3	7	229	#
1078	337938	5	8	9	13	230	#
1079	378753	3	7	9	13	230	#
1080	347511	5	9	12	13	230	#
1081	318974	8	9	12	13	230	#
1082	306149	0	1	4	5	230	#
1083	704645	0	4	6	8	9	10	12	14	231	#
1084	749486	0	1	4	6	8	9	10	14	231	#
1085	674235	4	6	8	9	10	11	12	14	231	#
1086	669105	4	6	8	9	10	12	14	15	231	#
1087	665201	2	6	9	10	11	13	14	16	231	#
1088	641979	1	2	6	9	10	11	13	14	231	#
1089	859007	0	1	2	3	4	5	6	7	9	10	11	13	14	232	#
1090	877235	0	1	2	3	4	5	6	7	9	10	11	14	15	232	#
1091	850076	0	1	2	3	4	5	6	7	9	10	11	14	18	232	#
1092	842972	0	1	2	3	4	5	6	7	9	10	14	15	17	232	#
1093	842644	0	1	2	3	4	5	6	7	9	10	12	13	14	232	#
1094	821198	0	1	2	3	4	5	6	7	8	9	10	14	15	232	#
1095	471048	5	6	8	9	10	12	13	14	15	233	#
1096	614586	6	7	8	9	10	11	13	14	15	233	#
1097	574019	4	8	9	10	11	12	13	14	15	233	#
1098	557923	3	4	5	6	7	9	10	11	13	233	#
1099	550689	6	8	9	10	11	12	13	14	15	233	#
1100	487450	1	3	5	7	9	10	11	14	15	233	#
1101	906961	0	1	2	4	6	7	8	9	10	13	14	18	234	#
1102	972020	0	1	2	3	4	5	6	7	9	10	14	15	234	#
1103	926203	0	1	2	3	4	6	7	8	10	11	14	15	234	#
1104	922099	1	2	3	6	7	8	9	10	11	13	14	15	234	#
1105	920468	0	1	2	3	4	5	6	7	10	11	14	15	234	#
1106	919108	3	4	6	7	8	9	10	11	13	14	15	17	234	#
1107	992161	0	1	2	3	4	5	6	7	8	9	10	11	12	13	14	15	235	#
1108	1075840	0	1	2	3	4	5	6	7	8	9	11	12	13	14	15	17	235	#
1109	1064760	0	1	2	3	4	5	6	7	8	9	11	12	13	14	17	19	235	#
1110	1039541	0	1	2	3	4	5	6	7	8	9	10	11	13	14	15	18	235	#
1111	1024610	1	2	3	4	5	6	7	8	9	10	11	12	13	14	15	19	235	#
1112	1001846	1	2	3	4	5	6	7	8	9	10	11	12	13	14	15	17	235	#
1113	1030533	0	1	2	3	4	5	6	7	8	9	10	11	12	13	14	15	17	236	#
1114	1148260	0	1	2	3	4	5	6	7	8	9	10	11	12	13	14	15	16	236	#
1115	1120543	0	1	2	3	4	5	6	7	8	9	10	11	12	13	14	15	19	236	#
1116	1060757	0	1	2	3	4	5	6	7	8	9	10	11	12	13	14	15	18	236	#
1117	999442	1	2	3	4	5	6	7	8	9	10	11	12	13	14	15	17	18	236	#
1118	235821	12	13	14	237	#
1119	227875	8	12	13	237	#
1120	218230	9	12	13	237	#
1121	1097841	0	1	2	3	4	5	6	7	8	9	10	11	12	13	14	15	16	19	238	#
1122	1120801	0	1	2	3	4	5	6	7	8	9	10	11	12	13	14	15	16	18	238	#
1123	1060058	0	1	2	3	4	5	6	7	8	9	10	11	12	13	14	15	18	19	238	#
1124	1021741	0	1	2	3	4	5	6	7	8	9	10	11	12	13	14	15	16	17	238	#
1125	983958	0	1	2	3	4	5	6	7	8	9	10	11	12	13	14	15	17	18	238	#
1126	960999	0	1	2	3	4	5	6	7	8	9	10	11	12	13	14	15	17	19	238	#
1127	280327	13	14	15	239	#
1128	209764	12	13	14	239	#
1129	954072	0	1	2	3	4	5	7	8	9	10	11	13	14	15	240	#
1130	1007171	0	1	4	5	6	8	9	10	11	12	13	14	15	18	240	#
1131	999296	0	1	4	5	6	7	8	9	10	11	12	13	14	15	240	#
1132	963086	0	1	2	4	5	7	8	9	10	11	12	13	14	15	240	#
1133	937954	0	1	2	3	4	5	6	7	8	10	11	13	14	15	240	#
1134	930220	0	1	2	4	5	6	7	8	9	10	11	12	13	14	240	#
1135	604816	0	1	2	3	5	6	7	8	9	10	11	12	13	19	241	#
1136	736836	0	1	2	3	4	5	6	7	9	10	11	16	17	19	241	#
1137	680005	0	1	2	3	4	5	6	7	9	10	11	13	17	19	241	#
1138	599304	0	1	2	3	4	5	6	7	9	10	11	12	13	14	241	#
1139	557519	0	1	2	3	4	5	6	7	9	10	11	12	13	17	241	#
1140	534237	0	1	2	3	4	5	6	7	8	9	10	11	12	13	241	#
1141	1011514	0	1	2	3	4	5	6	7	8	9	10	11	12	13	14	15	16	242	#
1142	1022155	0	1	2	3	4	5	6	7	8	9	10	11	12	13	14	16	17	242	#
1143	1007515	0	1	2	3	4	5	6	7	8	9	10	11	12	13	14	15	19	242	#
1144	999851	0	1	2	3	4	5	6	7	8	9	10	11	12	13	14	15	18	242	#
1145	962215	0	1	2	3	4	5	6	7	8	9	10	11	12	13	14	15	17	242	#
1146	281558	3	6	7	19	243	#
1147	269910	2	3	7	11	243	#
1148	233991	2	3	5	6	243	#
1149	195739	5	10	14	19	243	#
1150	211976	4	5	244	#
1151	139066	1	5	244	#
1152	873562	1	2	3	4	5	6	8	9	10	12	13	14	245	#
1153	997104	0	1	2	3	4	5	6	7	9	12	13	14	245	#
1154	946665	0	1	2	3	4	5	6	8	9	12	13	14	245	#
1155	924486	1	2	4	5	6	7	8	9	10	12	13	14	245	#
1156	912241	0	1	4	5	6	7	8	9	10	12	13	14	245	#
1157	909627	0	1	2	4	5	6	8	9	10	12	13	14	245	#
1158	726875	0	2	3	4	5	6	7	8	9	10	12	13	246	#
1159	797467	0	1	3	4	7	8	9	10	11	12	13	15	246	#
1160	779282	0	2	3	4	6	7	8	9	10	12	13	18	246	#
1161	747092	0	1	2	3	5	6	7	8	9	10	13	16	246	#
1162	739673	0	1	2	3	4	6	7	8	9	10	12	13	246	#
1163	738347	0	1	2	3	4	6	7	8	9	10	11	13	246	#
1164	955555	0	1	2	3	4	5	6	7	8	9	10	11	12	13	14	15	17	247	#
1165	1062234	0	1	2	4	5	6	7	8	9	10	11	12	13	14	15	17	19	247	#
1166	1024392	0	1	2	3	4	5	6	7	8	9	10	11	12	13	14	15	19	247	#
1167	995434	0	1	2	3	4	5	6	7	8	9	10	11	12	13	14	15	16	247	#
1168	923102	0	1	2	3	4	5	6	7	8	9	10	11	12	13	14	15	18	247	#
1169	929022	0	1	2	3	4	5	6	7	8	9	10	11	12	13	14	15	249	#
1170	944491	0	1	2	3	4	5	6	8	9	10	11	12	13	14	15	18	249	#
1171	814369	0	1	2	3	4	5	6	7	8	9	10	11	12	13	14	17	249	#
1172	1020280	0	1	2	3	4	5	6	7	8	9	10	11	12	13	14	15	17	250	#
1173	1143586	0	1	2	3	4	5	6	7	8	9	10	11	12	13	14	16	18	250	#
1174	1121801	0	1	2	3	4	5	6	7	8	9	10	11	12	13	14	15	16	250	#
1175	1117371	0	1	2	3	4	5	6	7	8	9	10	11	12	14	15	16	17	250	#
1176	1096054	0	1	2	3	4	5	6	8	9	10	11	12	13	14	15	16	17	250	#
1177	1087910	0	1	2	3	4	5	6	7	8	9	10	11	12	13	14	15	18	250	#
1178	290815	0	1	2	4	251	#
1179	252199	0	1	4	5	251	#
1180	210362	1	2	6	10	251	#
1181	200538	0	4	8	12	251	#
1182	182645	1	2	6	12	251	#
1183	890692	0	1	2	3	4	5	6	7	9	10	11	12	13	14	15	252	#
1184	918867	0	1	2	3	5	6	7	9	10	11	12	13	14	15	19	252	#
1185	822116	0	1	2	3	4	5	6	7	8	10	11	12	13	14	15	252	#
1186	811578	0	1	2	3	5	6	7	8	9	10	11	12	13	14	15	252	#
1187	94331	2	6	10	253	#
1188	106177	1	2	3	253	#
1189	890453	0	1	2	3	4	5	6	7	8	9	10	11	12	13	14	15	254	#
1190	899689	0	1	2	3	4	5	6	7	8	9	10	11	12	13	14	16	254	#
1191	896804	0	1	2	3	4	6	7	8	9	10	11	12	13	14	15	17	254	#
1192	806268	0	1	2	3	4	5	6	7	8	9	10	11	12	13	14	17	254	#
1193	716793	0	1	2	3	4	5	6	7	8	9	10	11	12	13	14	255	#
1194	821555	0	1	2	3	4	5	6	7	8	9	11	12	13	14	15	255	#
1195	819157	0	1	2	3	4	5	6	7	8	9	10	12	13	14	16	255	#
1196	803087	0	1	2	3	4	5	6	7	8	9	10	11	13	14	15	255	#
1197	775670	0	1	3	4	5	6	7	8	9	10	11	12	13	14	15	255	#
1198	750175	0	1	2	3	4	5	6	7	8	9	10	11	13	14	18	255	#
1199	972509	0	1	2	3	4	5	6	7	8	9	10	11	12	13	14	256	#
1200	1089616	0	1	3	4	5	6	7	8	9	10	11	12	13	14	15	256	#
1201	1063885	0	1	4	5	6	7	8	9	10	11	12	13	14	15	19	256	#
1202	1063769	0	1	2	4	5	6	7	8	9	10	11	12	13	14	15	256	#
1203	1058345	0	2	3	4	5	6	7	8	9	10	11	12	13	14	15	256	#
1204	1025772	0	1	2	3	4	5	7	8	9	10	11	12	13	14	15	256	#
1205	379592	0	2	4	5	6	257	#
1206	401669	0	1	4	5	6	257	#
1207	367650	0	1	2	5	6	257	#
1208	336575	0	1	2	4	5	257	#
1209	319015	2	4	5	6	9	257	#
1210	307073	1	2	5	6	9	257	#
1211	318206	0	4	5	8	12	258	#
1212	420652	0	4	5	9	14	258	#
1213	381768	0	1	4	5	11	258	#
1214	377495	0	1	2	4	5	258	#
1215	231425	8	9	10	12	13	258	#
1216	887659	0	1	2	3	4	5	6	7	8	9	10	11	12	13	14	15	17	259	#
1217	959884	0	1	2	3	4	5	6	7	8	9	10	11	12	13	14	15	19	259	#
1218	951565	0	1	2	3	4	5	6	7	8	9	10	11	12	13	14	15	16	259	#
1219	937429	0	1	2	3	4	5	6	7	8	9	10	11	12	13	14	16	17	259	#
1220	876229	0	1	2	3	4	5	6	7	8	9	10	11	12	13	14	15	18	259	#
1221	233033	0	1	2	260	#
1222	266730	0	4	5	260	#
1223	230796	2	3	7	260	#
1224	199899	1	2	6	260	#
1225	541820	0	1	2	4	5	9	10	13	14	261	#
1226	639505	0	1	4	5	9	10	13	14	15	261	#
1227	583709	1	5	6	9	10	11	13	14	15	261	#
1228	578863	3	7	9	10	11	12	13	14	15	261	#
1229	554810	1	2	3	4	7	10	11	13	14	261	#
1230	515274	3	5	7	9	10	11	12	13	14	261	#
1231	158412	0	1	262	#
1232	217830	0	4	262	#
1233	79964	1	5	262	#
1234	450406	8	9	12	13	14	15	263	#
1235	646393	4	5	9	13	14	15	263	#
1236	636141	0	4	5	9	13	14	263	#
1237	540698	5	9	12	13	14	15	263	#
1238	487320	5	7	9	11	12	13	263	#
1239	452299	1	5	9	12	13	14	263	#
1240	1203546	0	1	2	3	4	5	6	7	8	9	10	11	12	13	14	15	264	#
1241	1247745	0	1	2	3	4	5	6	7	8	9	10	11	12	14	15	19	264	#
1242	1177415	0	1	2	3	4	5	6	7	9	10	11	12	13	14	15	17	264	#
1243	1170594	0	1	2	3	4	5	6	7	8	9	10	11	12	13	14	18	264	#
1244	1156201	0	2	3	4	5	6	7	8	9	10	11	12	13	14	15	17	264	#
1245	218080	8	9	10	11	265	#
1246	295395	5	9	10	13	265	#
1247	232392	8	12	13	14	265	#
1248	118641	2	3	266	#
1249	169702	2	6	266	#
1250	174065	2	3	6	17	267	#
1251	260415	6	10	14	17	267	#
1252	216603	3	6	7	10	267	#
1253	154726	1	2	3	6	267	#
1254	118415	11	#
1255	399475	3	6	7	10	11	13	14	268	#
1256	464356	6	7	10	11	13	14	15	268	#
1257	462028	0	1	5	9	13	14	15	268	#
1258	459493	5	6	10	11	13	14	15	268	#
1259	419217	1	2	5	6	7	10	15	268	#
1260	403500	1	4	5	6	7	10	11	268	#
1261	196632	4	5	9	269	#
1262	213728	0	4	5	269	#
1263	191276	1	4	5	269	#
1264	184912	5	9	18	269	#
1265	859100	0	1	2	3	4	5	6	7	8	9	10	11	12	13	14	15	270	#
1266	949353	0	1	2	3	4	5	6	7	8	9	10	11	13	14	15	18	270	#
1267	924598	0	1	2	3	4	5	6	7	8	9	10	11	12	14	15	19	270	#
1268	887135	0	1	2	3	4	5	6	7	8	9	10	11	12	14	15	18	270	#
1269	1103430	0	1	2	3	4	5	6	7	8	9	10	11	12	13	14	15	18	271	#
1270	1175933	0	1	2	3	4	5	6	7	8	9	10	11	12	13	14	15	16	271	#
1271	1134258	0	1	2	3	4	5	6	7	8	9	10	11	12	13	14	15	19	271	#
1272	1096639	0	1	2	3	4	5	6	7	8	9	10	11	12	13	14	15	17	271	#
1273	126169	2	3	272	#
1274	164578	3	7	272	#
1275	114759	2	6	272	#
1276	985954	0	1	2	3	4	5	6	7	8	9	10	11	12	13	14	15	273	#
1277	1132752	0	2	3	4	5	6	7	8	9	10	11	12	13	14	15	16	273	#
1278	1003966	0	2	3	4	5	6	7	8	9	10	11	12	13	14	15	17	273	#
1279	692827	0	1	4	5	6	7	8	10	11	12	13	14	19	274	#
1280	728001	0	1	4	6	7	8	9	10	11	12	13	14	15	274	#
1281	714848	0	1	4	5	7	8	10	11	12	13	14	15	16	274	#
1282	701038	1	4	5	6	7	8	10	11	12	13	14	18	19	274	#
1283	700469	0	1	4	5	6	7	8	10	11	12	13	14	15	274	#
1284	697611	0	1	2	4	5	6	7	8	10	11	13	14	16	274	#
1285	239894	9	16	275	#
1286	190854	16	17	275	#
1287	141520	9	10	275	#
1288	137227	0	1	276	#
1289	176247	0	4	276	#
1290	479056	9	10	13	14	15	277	#
1291	490677	5	9	11	13	14	277	#
1292	417661	6	9	10	12	13	277	#
1293	416858	5	9	10	11	14	277	#
1294	1179563	0	3	4	5	6	7	8	9	10	11	13	14	15	278	#
1295	1291040	0	3	4	5	6	7	9	10	11	13	14	15	16	278	#
1296	1228082	0	1	4	5	6	7	9	10	11	13	14	15	18	278	#
1297	1160566	0	1	4	5	6	7	8	9	10	11	13	14	15	278	#
1298	1148789	1	3	4	5	6	7	8	9	10	11	13	14	15	278	#
1299	1114840	0	1	3	4	5	6	7	8	9	10	11	14	15	278	#
1300	232122	0	4	279	#
1301	125472	0	1	279	#
1302	147094	5	8	9	12	280	#
1303	209267	2	5	6	10	280	#
1304	1078536	0	1	2	3	4	5	6	7	8	9	10	11	13	14	15	281	#
1305	1095223	0	1	2	3	4	5	6	7	9	10	11	13	14	15	17	281	#
1306	1088892	0	1	2	4	5	6	7	8	9	10	11	12	13	14	15	281	#
1307	1067831	0	1	3	4	5	6	7	8	9	10	11	12	13	14	15	281	#
1308	1063861	0	1	2	3	4	5	6	7	8	9	10	11	12	14	15	281	#
1309	1043001	0	2	3	4	5	6	7	8	9	10	11	12	13	14	15	281	#
1310	660055	0	1	2	3	5	6	7	10	11	14	15	282	#
1311	755302	1	2	3	5	6	7	10	11	14	15	16	282	#
1312	654078	1	2	5	6	7	10	11	12	13	14	15	282	#
1313	609101	1	2	3	5	6	7	8	10	11	14	15	282	#
1314	574711	1	2	3	4	5	6	7	9	10	11	14	282	#
1315	238079	9	10	14	283	#
1316	355082	7	13	14	283	#
1317	202525	3	7	9	283	#
1318	836955	0	1	2	3	4	5	6	7	8	9	10	11	12	13	14	15	284	#
1319	931993	0	1	2	3	4	5	7	8	9	10	11	12	13	14	16	19	284	#
1320	847969	0	1	2	3	4	5	6	7	8	9	10	11	12	13	14	18	284	#
1321	346858	1	2	3	6	7	10	285	#
1322	435346	2	6	7	10	11	14	285	#
1323	402429	0	1	2	3	6	7	285	#
1324	391651	1	2	3	5	6	7	285	#
1325	386996	0	1	2	3	5	9	285	#
1326	326646	2	3	7	8	10	11	285	#
1327	404790	4	8	9	10	13	286	#
1328	448550	0	4	5	8	9	286	#
1329	398052	0	4	8	9	12	286	#
1330	393375	6	9	10	11	14	286	#
1331	390067	4	8	12	13	14	286	#
1332	184566	9	10	13	#
1333	486159	0	1	2	4	5	6	7	8	10	12	288	#
1334	692122	1	2	4	5	6	7	10	11	14	15	288	#
1335	618353	0	1	2	4	5	6	7	10	11	14	288	#
1336	571111	0	1	2	4	5	6	7	8	10	14	288	#
1337	568024	0	1	2	4	5	6	7	8	10	11	288	#
1338	538930	0	2	6	7	10	11	12	13	14	15	288	#
1339	142375	10	11	289	#
1340	138478	10	14	289	#
1341	849557	0	1	2	3	4	5	6	7	8	9	10	11	12	13	14	15	19	290	#
1342	867838	0	1	2	3	4	5	6	7	8	9	10	11	12	13	14	15	18	290	#
1343	835767	0	1	2	3	4	5	6	7	8	9	10	11	12	13	14	15	16	290	#
1344	796898	0	1	2	3	4	5	6	7	8	9	10	11	12	13	14	15	17	290	#
1345	392610	8	10	11	12	13	14	291	#
1346	467910	2	3	6	7	10	11	291	#
1347	467516	5	6	9	10	11	14	291	#
1348	464081	8	9	10	11	13	14	291	#
1349	410138	4	7	8	9	10	12	291	#
1350	400231	1	2	10	11	13	14	291	#
1351	278694	2	3	6	7	292	#
1352	354311	5	6	7	11	292	#
1353	314525	2	5	6	7	292	#
1354	285708	1	2	5	6	292	#
1355	275931	2	3	7	11	292	#
1356	518588	0	1	2	4	5	6	293	#
1357	555419	0	1	2	4	6	14	293	#
1358	497435	0	1	4	5	6	10	293	#
1359	456701	0	1	2	5	9	13	293	#
1360	452515	2	6	7	9	10	14	293	#
1361	367328	0	1	4	8	9	12	293	#
1362	1041049	0	1	3	4	5	6	7	9	10	11	12	13	14	16	294	#
1363	1093771	0	1	3	4	5	6	7	9	10	11	13	14	15	17	294	#
1364	1083515	0	1	3	4	5	6	7	9	10	11	13	14	15	19	294	#
1365	1071136	0	1	3	4	5	6	7	9	10	11	12	13	14	15	294	#
1366	1021988	0	1	3	4	5	6	7	8	9	10	11	13	14	15	294	#
1367	1006995	0	1	4	5	6	7	8	9	10	11	12	13	14	15	294	#
1368	180433	0	4	5	8	295	#
1369	264662	5	9	10	14	295	#
1370	202098	0	1	4	8	295	#
1371	210204	6	10	16	296	#
1372	238737	9	10	11	296	#
1373	234207	5	6	7	296	#
1374	151532	1	2	16	296	#
1375	638663	0	1	2	3	4	5	6	7	8	9	12	19	297	#
1376	795898	1	2	4	5	6	7	9	10	11	14	15	19	297	#
1377	702534	0	1	2	3	4	5	6	7	9	10	11	14	297	#
1378	689456	0	1	2	4	5	6	7	8	9	10	11	14	297	#
1379	689390	0	1	2	3	4	5	6	7	9	10	13	14	297	#
1380	628381	1	2	4	5	6	7	8	9	10	11	12	14	297	#
1381	645156	0	2	3	4	5	6	8	9	10	11	13	14	298	#
1382	736626	0	1	2	4	5	6	9	10	11	13	14	15	298	#
1383	698527	0	2	4	5	6	8	9	10	11	13	14	15	298	#
1384	683256	0	1	2	3	4	5	6	9	10	11	13	14	298	#
1385	661917	0	1	2	4	5	6	8	9	10	11	13	14	298	#
1386	660911	0	1	2	4	5	6	9	10	11	12	13	14	298	#
1387	769809	0	1	2	3	4	5	6	7	8	9	11	12	13	14	18	299	#
1388	933561	0	2	4	5	6	8	9	10	11	12	13	14	15	16	18	299	#
1389	897442	0	1	2	3	4	5	6	7	8	9	12	13	14	15	16	299	#
1390	841813	0	1	2	3	4	5	6	7	8	9	12	13	14	15	18	299	#
1391	802720	0	1	2	3	4	5	6	7	8	9	11	12	13	14	15	299	#
1392	784930	0	1	2	3	4	5	6	7	8	9	11	12	13	14	19	299	#
1393	298251	7	8	9	10	11	300	#
1394	394091	2	6	7	10	11	300	#
1395	358758	0	1	2	4	9	300	#
1396	291619	0	1	4	8	9	300	#
1397	412265	0	4	5	8	9	10	12	301	#
1398	528052	4	5	6	7	9	10	11	301	#
1399	459896	4	5	6	9	10	11	13	301	#
1400	431785	0	4	5	6	8	9	12	301	#
1401	414387	0	4	5	8	9	12	13	301	#
1402	386080	4	5	8	9	10	11	12	301	#
1403	751163	0	1	2	3	4	5	6	7	8	9	11	302	#
1404	940099	3	4	5	6	7	8	9	11	13	14	15	302	#
1405	887152	0	4	5	6	7	8	9	12	13	14	15	302	#
1406	812350	0	1	3	4	5	6	7	8	9	17	19	302	#
1407	811502	0	1	2	3	4	5	6	7	8	9	14	302	#
1408	794897	0	1	4	5	6	7	8	9	12	13	14	302	#
1409	408160	5	6	7	11	13	303	#
1410	380938	4	5	6	7	11	303	#
1411	356100	3	5	6	7	11	303	#
1412	303560	2	3	5	6	7	303	#
1413	283628	2	3	6	7	11	303	#
1414	262598	4	5	8	12	13	303	#
1415	850342	0	1	2	3	4	5	6	7	8	9	10	11	12	13	14	15	304	#
1416	934144	0	1	2	3	4	5	6	7	8	9	10	12	13	14	18	19	304	#
1417	913592	0	1	2	3	4	5	6	7	8	9	10	12	13	14	15	18	304	#
1418	897747	0	1	2	3	4	5	6	7	8	9	10	12	13	14	15	16	304	#
1419	818393	0	1	2	3	4	5	6	8	9	10	12	13	14	15	16	17	304	#
1420	761689	0	1	2	3	4	5	6	7	8	9	10	11	12	13	14	17	304	#
1421	800057	0	1	2	3	4	5	6	7	8	10	11	12	13	14	305	#
1422	868954	0	1	2	3	4	5	6	7	9	10	11	13	14	15	305	#
1423	854225	0	1	2	4	5	6	8	10	11	12	13	14	15	16	305	#
1424	841519	0	1	2	4	5	6	8	9	10	11	12	13	14	15	305	#
1425	834962	0	1	2	3	4	5	6	7	8	9	10	11	13	14	305	#
1426	834048	0	1	2	3	4	5	6	7	10	11	12	13	14	15	305	#
1427	359624	1	2	4	5	6	8	306	#
1428	457115	0	4	5	6	7	8	306	#
1429	425697	1	4	5	6	7	8	306	#
1430	419918	1	2	3	5	7	11	306	#
1431	413319	1	3	4	5	6	7	306	#
1432	412973	1	2	3	4	5	7	306	#
1433	216908	7	11	18	308	#
1434	234258	0	4	18	308	#
1435	189151	6	7	10	308	#
1436	181099	7	10	11	308	#
1437	350018	2	6	7	11	309	#
1438	371537	3	6	7	11	309	#
1439	347504	3	5	6	7	309	#
1440	333036	2	3	6	7	309	#
1441	277151	3	7	10	11	309	#
1442	689267	1	2	3	5	6	7	10	11	14	15	310	#
1443	736641	1	2	3	6	7	10	11	13	14	15	310	#
1444	715305	0	1	2	3	6	7	10	11	14	15	310	#
1445	696561	1	2	3	5	6	7	10	11	13	14	310	#
1446	683095	1	2	3	4	5	6	7	10	11	14	310	#
1447	505717	9	10	12	13	14	15	311	#
1448	476862	6	10	12	13	14	15	311	#
1449	441079	3	6	7	9	10	14	311	#
1450	413037	8	10	12	13	14	15	311	#
1451	382372	8	9	10	12	13	14	311	#
1452	994183	0	1	2	3	4	5	6	7	8	9	10	11	12	13	14	15	18	312	#
1453	1095377	0	1	2	3	4	5	6	7	8	9	10	11	12	13	14	15	19	312	#
1454	1082423	0	1	2	3	4	5	6	7	8	9	10	11	12	13	14	15	16	312	#
1455	1025491	0	1	2	3	4	5	6	7	8	9	10	11	12	13	14	15	17	312	#
1456	166651	1	2	5	313	#
1457	249974	0	1	5	313	#
1458	234741	1	5	6	313	#
1459	156659	8	18	19	335	#
1460	884584	0	1	2	3	4	5	6	7	8	9	10	11	12	13	14	15	18	314	#
1461	927495	0	1	2	3	4	5	6	7	8	9	10	11	12	13	14	15	16	314	#
1462	819502	0	1	2	3	4	5	6	7	8	9	10	11	12	13	14	15	19	314	#
1463	794587	0	1	2	3	4	5	6	7	8	9	10	11	12	13	14	15	17	314	#
1464	652140	6	7	8	9	10	11	12	13	14	15	315	#
1465	729115	0	1	2	6	7	9	10	11	13	14	315	#
1466	714144	2	6	7	9	10	11	12	13	14	15	315	#
1467	706696	1	2	6	8	9	10	11	13	14	15	315	#
1468	699990	2	6	7	8	9	10	11	13	14	15	315	#
1469	667884	1	2	5	6	7	9	10	11	13	14	315	#
1470	185158	1	4	5	316	#
1471	226139	4	5	8	316	#
1472	200583	5	6	9	316	#
1473	149598	1	2	3	316	#
1474	639737	0	1	2	3	4	5	6	7	10	11	14	317	#
1475	764520	0	1	2	3	6	7	10	11	14	15	19	317	#
1476	717303	0	1	2	3	4	7	8	9	12	14	15	317	#
1477	693271	0	1	2	3	4	6	7	8	10	11	14	317	#
1478	687372	0	1	2	3	4	6	7	8	12	13	14	317	#
1479	664593	0	1	2	3	6	7	10	11	14	15	17	317	#
1480	449741	1	3	5	6	7	8	9	10	11	12	14	15	318	#
1481	516352	0	1	5	6	7	8	9	10	12	13	14	15	318	#
1482	509888	5	6	7	8	9	10	11	12	13	14	15	19	318	#
1483	494720	0	1	5	6	7	8	9	10	11	12	13	14	318	#
1484	493176	1	5	6	7	8	9	10	11	12	13	14	15	318	#
1485	455999	3	5	6	7	8	9	10	11	12	13	14	15	318	#
1486	396715	4	8	9	12	13	319	#
1487	476784	9	10	13	14	15	319	#
1488	314301	0	1	4	8	12	319	#
1489	308807	5	8	9	12	13	319	#
1490	287470	8	9	10	12	13	319	#
1491	505009	5	6	8	9	10	13	14	17	320	#
1492	619729	2	5	6	9	10	13	14	15	320	#
1493	593598	0	4	5	6	9	10	13	14	320	#
1494	585086	2	6	10	12	13	14	15	19	320	#
1495	568766	4	5	6	8	9	10	13	14	320	#
1496	527031	0	1	2	5	6	9	10	14	320	#
1497	727171	0	1	4	5	6	8	9	12	13	18	322	#
1498	989457	0	1	4	5	6	7	9	13	14	15	322	#
1499	890813	1	3	4	5	6	7	9	13	14	15	322	#
1500	863153	0	1	3	4	5	6	7	13	14	15	322	#
1501	861972	0	1	2	4	5	6	7	9	13	18	322	#
1502	850331	0	1	4	5	6	9	12	13	14	15	322	#
1503	859319	0	1	2	3	4	5	6	7	8	9	10	11	12	13	14	15	323	#
1504	974523	0	1	2	3	4	5	6	7	8	9	10	11	13	14	15	18	323	#
1505	924007	0	2	3	4	5	6	7	8	9	10	11	12	13	14	15	19	323	#
1506	765279	0	1	2	3	4	5	6	7	8	9	10	11	12	13	14	17	323	#
1507	189308	0	4	324	#
1508	164085	0	1	324	#
1509	89624	4	8	324	#
1510	515955	0	3	5	6	7	9	10	14	325	#
1511	553206	5	6	9	10	12	13	14	15	325	#
1512	489881	3	5	6	7	8	9	12	13	325	#
1513	483319	5	6	8	9	10	12	13	16	325	#
1514	469161	2	3	5	6	7	9	10	14	325	#
1515	404565	1	2	3	5	6	7	9	10	325	#
1516	1018022	0	1	2	3	4	5	6	7	8	9	10	11	12	13	14	15	326	#
1517	1181416	0	1	2	4	5	6	7	8	9	10	12	13	14	15	16	19	326	#
1518	1105892	0	1	2	3	4	5	6	7	8	9	10	11	12	13	14	16	326	#
1519	1007715	0	1	2	3	4	5	6	7	8	9	10	12	13	14	15	18	326	#
1520	365118	9	10	11	12	13	14	327	#
1521	410612	4	8	9	12	13	14	327	#
1522	352947	1	2	3	6	7	11	327	#
1523	290124	8	9	10	12	13	14	327	#
1524	743472	2	4	5	6	7	9	10	11	14	15	328	#
1525	729989	4	5	6	7	8	9	10	11	14	15	328	#
1526	720652	1	2	5	6	7	10	11	14	15	16	328	#
1527	684853	2	5	6	7	9	10	11	13	14	15	328	#
1528	662044	0	2	4	5	6	7	9	10	11	14	328	#
1529	651449	2	6	7	8	9	10	11	13	14	15	328	#
1530	287134	5	6	8	9	10	12	13	329	#
1531	428588	0	1	2	3	6	7	11	329	#
1532	419886	7	8	9	12	13	14	15	329	#
1533	413577	1	2	5	9	12	13	14	329	#
1534	367411	4	5	6	8	9	10	11	329	#
1535	364586	5	6	8	9	10	11	13	329	#
1536	846653	0	1	2	3	4	5	6	7	8	9	10	11	12	13	14	15	16	330	#
1537	777387	0	1	2	3	4	5	6	7	8	9	10	11	12	13	14	16	17	330	#
1538	757665	0	1	2	3	4	5	6	7	8	9	10	11	12	13	14	15	19	330	#
1539	750770	0	1	2	3	4	5	6	7	8	9	10	11	12	13	14	15	18	330	#
1540	700219	0	1	2	3	4	5	6	7	8	9	10	11	12	13	14	15	17	330	#
1541	407889	8	9	12	13	14	331	#
1542	452358	9	12	13	14	15	331	#
1543	329463	5	8	9	12	13	331	#
1544	315283	9	10	12	13	14	331	#
1545	975243	0	1	2	3	4	5	6	7	8	9	10	11	12	13	14	15	16	332	#
1546	908823	0	1	2	3	4	5	6	7	8	9	10	11	12	13	14	15	17	332	#
1547	896685	0	1	2	3	4	5	6	7	8	9	10	11	12	13	14	15	19	332	#
1548	876525	0	1	2	3	4	5	6	7	8	9	10	11	12	13	14	15	18	332	#
1549	972633	0	1	2	3	4	5	6	7	8	9	10	11	12	13	14	15	333	#
1550	1009306	0	1	2	3	4	5	6	7	8	10	11	12	13	14	15	19	333	#
1551	994221	0	1	2	3	4	5	6	7	8	10	11	12	13	14	15	16	333	#
1552	994059	0	2	3	4	5	6	7	8	9	10	11	12	13	14	15	18	333	#
1553	975635	0	1	2	3	4	5	6	7	8	10	11	12	13	14	15	18	333	#
1554	585046	2	3	6	9	10	12	13	14	15	334	#
1555	639682	0	4	5	6	9	10	11	14	15	334	#
1556	637441	0	1	2	4	6	9	10	11	14	334	#
1557	616523	0	4	7	8	10	11	12	13	14	334	#
1558	612915	2	6	7	9	10	11	12	13	14	334	#
1559	594336	4	7	8	9	10	11	12	13	14	334	#
1560	114780	1	5	18	335	#
1561	710933	0	1	2	3	4	5	6	7	8	10	11	14	15	336	#
1562	854061	0	1	2	3	4	5	7	8	11	12	13	14	15	336	#
1563	825878	0	1	2	4	5	6	8	9	12	13	14	15	19	336	#
1564	802845	0	1	2	3	5	6	7	10	11	12	13	14	15	336	#
1565	800196	0	1	2	3	4	5	6	7	10	11	12	13	14	336	#
1566	756745	0	1	2	3	4	5	6	8	9	12	13	14	15	336	#
1567	805337	0	1	2	3	4	5	6	7	10	11	14	337	#
1568	838657	0	1	2	3	5	6	7	10	11	13	14	337	#
1569	817554	0	1	2	4	5	6	9	10	11	13	14	337	#
1570	785031	2	3	4	5	6	7	10	11	12	13	14	337	#
1571	737237	1	2	3	6	7	8	9	10	11	13	14	337	#
1572	716236	2	3	5	6	7	8	10	11	12	13	14	337	#
1573	1072421	0	1	2	4	5	6	7	8	9	10	11	12	13	14	15	338	#
1574	1009604	0	1	2	3	4	5	6	7	8	9	10	11	12	14	15	338	#
1575	1005892	0	1	2	4	5	6	7	8	9	10	11	12	13	14	17	338	#
1576	982047	1	2	3	4	5	6	7	8	9	10	11	12	13	14	16	338	#
1577	979372	1	2	3	4	5	6	7	8	9	10	11	12	13	14	15	338	#
1578	971640	0	1	2	3	4	5	6	7	8	9	10	11	12	13	14	338	#
1579	463718	5	6	7	9	10	11	339	#
1580	538663	6	9	10	13	14	15	339	#
1581	491599	4	5	6	7	10	14	339	#
1582	435456	0	4	5	6	8	10	339	#
1583	433095	5	6	8	9	10	12	339	#
1584	417245	3	5	6	7	9	10	339	#
1585	968807	0	1	2	3	4	5	6	7	8	9	10	11	12	13	14	15	18	340	#
1586	971479	0	1	2	3	4	5	6	7	8	9	10	11	12	13	14	15	19	340	#
1587	953172	0	1	2	3	4	5	6	7	8	9	10	11	12	13	14	15	16	340	#
1588	949092	1	2	3	4	5	6	7	8	9	10	11	12	13	14	15	17	18	340	#
1589	898001	0	1	2	3	4	5	6	7	8	9	10	11	12	13	14	15	17	340	#
1590	1016033	0	1	2	3	4	5	6	7	8	9	10	11	12	13	14	15	341	#
1591	1042927	0	1	2	3	4	5	6	7	8	9	10	12	13	14	15	16	341	#
1592	1028458	0	1	2	3	4	5	6	7	8	9	10	12	13	14	15	17	341	#
1593	1017795	0	1	2	3	4	5	6	8	9	10	11	12	13	14	15	17	341	#
1594	999978	0	1	2	3	4	5	6	8	9	10	11	12	13	14	15	18	341	#
1595	846867	0	1	2	3	4	5	6	7	8	9	10	11	12	13	14	15	19	342	#
1596	933944	0	1	2	3	4	5	6	7	8	9	10	11	12	13	14	15	16	342	#
1597	884403	0	1	2	3	4	5	6	7	8	9	10	11	12	13	14	15	18	342	#
1598	847755	0	1	2	3	4	5	6	7	8	9	10	11	12	13	14	15	17	342	#
1599	528439	0	1	2	3	5	6	7	10	11	13	14	343	#
1600	725535	0	1	2	3	4	7	9	10	11	13	14	343	#
1601	693625	0	1	3	4	5	7	9	10	11	13	19	343	#
1602	682561	1	2	3	7	9	10	11	12	13	14	15	343	#
1603	676246	2	3	6	7	9	10	11	12	13	14	15	343	#
1604	669686	3	6	7	8	9	10	11	12	13	14	15	343	#
