%% File generated by CATS v.2.1Sun Mar 17 19:45:35 2019

%% The CATS webpage is http://robotics.stanford.edu/CATS

%% PARAMETER SETTINGS:
% Goods: 15; Bids: 800; Distribution: regions-upv; Runs: 10; Seed: 1552866667
% Regions Distribution Parameters:
% Max Substitutable Bids = 5
% Removing HV Neighbor   = 0.1
% Adding DIAG Neighbor   = 0.2
% Additional Location    = 0.9
% Jump Probability       = 0.05
% Additivity             = 0.2
% Budget Factor          = 1.5
% Resale Factor          = 0.5
% Uniform Private Value:
%   Deviation            = 0.5
%   Max Good Value       = 100



goods 15
bids 800
dummy 226

0	278495	4	5	8	15	#
1	335490	5	7	8	15	#
2	309275	2	5	7	15	#
3	184326	1	4	7	15	#
4	245249	0	1	2	4	5	16	#
5	328132	1	2	4	5	7	16	#
6	326686	1	4	5	6	7	16	#
7	264727	1	2	4	5	229	#
8	99954	0	#
9	197879	0	3	11	17	#
10	154434	0	3	4	17	#
11	145712	11	#
12	551546	0	1	2	3	4	5	6	7	8	#
13	597938	0	1	2	3	4	5	6	7	8	9	18	#
14	593451	0	1	2	3	4	5	6	7	8	11	18	#
15	468956	0	1	2	3	4	5	6	7	140	#
16	479141	1	2	3	4	5	6	7	8	10	13	18	#
17	513617	0	1	2	3	4	5	7	14	140	#
18	453576	0	3	4	5	6	19	#
19	467398	3	4	5	6	8	19	#
20	453377	0	3	4	5	13	19	#
21	438950	0	3	4	5	7	19	#
22	801090	0	1	2	3	4	5	6	7	8	9	10	11	12	20	#
23	767642	0	1	2	3	4	5	6	7	8	9	11	12	14	20	#
24	755222	0	1	2	3	4	5	6	7	8	9	10	11	14	20	#
25	732223	0	1	2	3	4	5	6	7	8	9	11	12	13	20	#
26	689036	0	1	2	3	4	5	6	7	8	9	10	12	14	20	#
27	653617	0	1	2	3	4	5	6	7	8	9	10	12	13	20	#
28	65252	13	#
29	544359	1	2	3	4	5	7	8	10	140	#
30	566593	0	1	2	3	4	5	7	8	140	#
31	578577	1	2	3	4	5	7	8	13	140	#
32	549781	0	1	2	3	4	5	8	10	140	#
33	573527	1	2	3	4	5	6	7	8	13	139	#
34	278284	0	3	4	5	6	9	42	#
35	60418	14	#
36	243123	2	5	8	22	#
37	230090	4	5	8	22	#
38	100718	2	#
39	135778	9	#
40	566713	0	1	2	3	4	5	6	7	8	139	#
41	619138	1	2	3	4	5	6	7	8	9	23	#
42	548801	1	2	3	4	5	6	7	8	11	23	#
43	502131	1	2	3	4	5	6	7	8	10	23	#
44	373977	0	2	3	4	5	6	7	8	117	#
45	372643	0	3	4	5	6	7	8	10	117	#
46	563697	0	1	2	3	4	5	6	7	13	138	#
47	614023	0	1	2	3	4	5	6	7	8	138	#
48	302800	0	3	4	5	6	7	136	#
49	329403	1	4	5	6	7	8	136	#
50	336050	0	2	3	4	5	8	136	#
51	268659	0	1	3	4	6	7	9	25	#
52	394288	1	2	3	4	5	7	8	25	#
53	381693	0	3	4	5	6	7	8	25	#
54	373801	0	1	2	3	4	5	6	25	#
55	222049	1	2	5	26	#
56	252441	5	6	7	26	#
57	236700	2	4	5	26	#
58	59132	10	#
59	360983	0	1	3	4	7	8	136	#
60	540395	0	2	3	4	5	6	7	11	13	27	#
61	471681	0	1	2	3	4	5	6	7	11	27	#
62	112567	2	4	5	28	#
63	122501	0	2	3	28	#
64	346269	4	5	7	8	229	#
65	680696	0	1	2	3	4	5	6	7	8	29	#
66	693402	0	2	3	4	5	6	7	8	12	29	#
67	439510	1	2	3	4	5	6	7	8	30	#
68	498110	0	1	2	3	4	5	6	14	30	#
69	489366	0	1	2	3	4	5	6	8	30	#
70	472112	0	1	2	3	4	5	6	7	30	#
71	462063	1	2	3	4	5	6	8	9	30	#
72	429056	0	1	3	4	5	6	8	13	30	#
73	398398	1	2	4	5	7	8	136	#
74	364557	0	1	3	4	5	7	136	#
75	571811	0	1	2	3	4	5	6	7	8	11	14	135	#
76	573283	0	1	2	3	4	5	6	7	8	9	12	135	#
77	486478	0	1	2	3	5	6	7	8	10	14	#
78	231610	1	3	4	7	10	134	#
79	234312	5	7	8	32	#
80	262511	2	5	7	32	#
81	219277	5	6	7	32	#
82	206260	2	5	8	32	#
83	76751	4	#
84	560378	0	1	2	3	4	5	6	7	8	10	33	#
85	645376	0	1	2	3	4	5	6	7	8	11	33	#
86	633830	0	1	2	3	4	5	6	7	8	9	33	#
87	588177	1	2	3	4	5	6	7	8	10	11	33	#
88	577257	0	1	2	3	4	5	6	7	8	12	33	#
89	567541	0	1	2	3	4	5	6	7	8	14	33	#
90	224651	0	3	8	34	#
91	216580	5	7	8	34	#
92	201805	0	3	6	34	#
93	246533	6	7	8	35	#
94	279515	2	5	8	35	#
95	146922	6	7	14	35	#
96	680659	0	1	2	3	4	5	6	7	8	9	11	12	13	36	#
97	677184	0	1	2	3	4	5	6	7	8	9	10	11	12	36	#
98	662166	0	1	2	3	4	5	6	7	8	9	10	11	13	36	#
99	639948	0	1	2	3	4	5	6	7	8	9	10	12	13	36	#
100	634326	0	1	2	3	4	5	6	7	8	9	11	13	14	36	#
101	630851	0	1	2	3	4	5	6	7	8	9	10	11	14	36	#
102	214865	4	5	7	37	#
103	267808	5	7	8	37	#
104	215868	5	6	7	37	#
105	266253	1	4	5	13	229	#
106	341442	0	1	2	3	4	6	7	8	13	38	#
107	462100	0	2	3	4	5	7	8	10	13	38	#
108	577719	0	2	3	4	5	6	7	8	116	#
109	416239	0	1	2	3	4	5	7	8	13	38	#
110	320443	1	4	5	6	7	134	#
111	409454	1	2	3	4	5	7	8	10	13	39	#
112	520579	0	1	2	3	4	5	7	8	10	39	#
113	500207	0	1	2	3	4	5	7	8	14	39	#
114	497918	1	2	3	4	5	6	7	8	116	#
115	331994	1	2	4	5	7	134	#
116	381294	0	1	4	5	7	134	#
117	566607	0	1	2	3	4	5	6	8	9	40	#
118	551129	0	1	3	4	5	6	7	8	14	40	#
119	580828	1	2	3	4	5	6	7	8	14	118	#
120	728141	0	1	2	3	4	5	6	7	8	41	#
121	766875	1	2	3	4	5	6	7	8	12	41	#
122	730292	1	2	3	4	5	6	7	8	14	41	#
123	69035	12	#
124	274324	0	1	2	3	4	9	42	#
125	378247	1	2	3	4	5	8	42	#
126	349917	0	1	2	3	4	5	42	#
127	339941	1	2	4	5	7	8	42	#
128	307221	0	3	5	6	7	8	42	#
129	773105	0	1	2	3	4	5	6	7	8	9	43	#
130	766900	0	1	2	4	5	7	8	9	12	13	43	#
131	706639	0	1	2	3	4	5	6	7	8	11	43	#
132	698368	0	1	3	4	5	6	7	8	12	13	43	#
133	642686	0	1	2	3	4	5	6	7	8	14	43	#
134	611128	0	1	2	3	4	5	6	7	8	10	43	#
135	272816	1	4	6	7	8	134	#
136	628445	0	1	2	3	4	5	6	7	8	12	133	#
137	702447	0	1	2	3	4	5	6	7	8	11	133	#
138	681879	0	1	2	3	4	5	6	7	8	9	133	#
139	177902	0	3	6	7	8	131	#
140	655650	0	1	2	3	4	5	6	7	8	9	10	11	13	14	45	#
141	638553	0	1	2	3	4	5	6	7	8	9	11	12	13	14	45	#
142	625879	0	1	2	3	4	5	6	7	8	9	10	11	12	13	45	#
143	617841	0	1	2	3	4	5	6	7	8	9	10	11	12	14	45	#
144	588868	0	1	2	3	4	5	6	7	8	10	11	12	13	14	45	#
145	194601	0	1	2	3	4	6	46	#
146	252998	0	3	4	6	7	8	46	#
147	121829	7	#
148	103321	3	4	#
149	468035	1	2	3	4	5	6	7	8	13	228	#
150	149177	4	5	48	#
151	130768	3	4	48	#
152	87351	5	13	48	#
153	398127	2	4	5	8	9	49	#
154	410966	3	4	5	7	8	49	#
155	358406	1	3	4	5	8	49	#
156	349718	2	4	5	7	8	49	#
157	297158	1	2	4	5	8	49	#
158	290622	0	3	4	6	9	49	#
159	151254	11	13	50	#
160	174682	6	11	50	#
161	690951	0	1	2	3	4	5	6	7	8	12	14	51	#
162	809586	0	1	2	3	4	5	6	7	8	11	14	51	#
163	758232	0	1	2	3	4	5	6	7	8	11	13	51	#
164	742525	0	1	2	3	4	5	6	7	8	10	11	51	#
165	735134	0	1	2	3	4	5	6	7	8	11	12	51	#
166	714049	0	1	2	3	4	5	6	7	8	13	14	51	#
167	649865	0	1	2	3	4	5	6	7	8	13	52	#
168	768373	0	1	2	3	4	5	6	7	8	11	52	#
169	710930	0	1	2	3	4	5	6	7	8	14	52	#
170	692387	0	1	2	3	4	5	6	7	8	9	52	#
171	326046	1	3	4	6	7	53	#
172	313186	1	2	4	5	7	53	#
173	280782	1	2	3	4	7	53	#
174	273644	1	4	6	7	10	53	#
175	220277	1	2	4	5	6	131	#
176	635309	0	1	2	3	4	5	6	7	8	9	54	#
177	562569	0	1	2	3	4	5	6	7	8	10	54	#
178	326063	1	4	5	7	8	131	#
179	330027	4	5	6	7	8	131	#
180	234600	0	1	2	4	5	131	#
181	596056	0	1	3	4	5	6	7	8	9	55	#
182	446511	0	1	3	4	5	6	7	8	10	55	#
183	415278	0	1	2	3	4	5	6	7	130	#
184	549868	0	1	3	4	5	6	7	8	11	56	#
185	474428	0	1	3	4	5	6	7	8	12	56	#
186	154826	7	10	57	#
187	170510	7	8	57	#
188	158049	9	10	57	#
189	382664	3	4	5	6	7	13	58	#
190	454468	1	2	3	4	5	7	58	#
191	450551	2	3	4	5	6	7	58	#
192	411641	0	3	5	6	7	11	58	#
193	389561	1	2	4	5	7	13	58	#
194	447267	1	2	3	4	5	6	7	11	130	#
195	565266	1	2	4	5	6	7	8	9	10	59	#
196	556256	1	2	3	4	5	6	7	8	11	59	#
197	538624	0	2	3	4	5	6	7	8	11	59	#
198	455658	0	3	4	5	6	7	8	12	130	#
199	611375	0	1	2	3	4	5	6	7	8	11	13	60	#
200	592265	0	1	2	3	4	5	6	7	8	10	11	60	#
201	519322	0	2	3	4	5	6	7	8	9	11	#
202	341932	4	5	6	7	8	156	#
203	496897	1	2	3	4	5	7	8	14	130	#
204	185311	5	6	7	61	#
205	219242	4	6	7	61	#
206	205350	2	4	5	61	#
207	785588	0	1	2	3	4	5	6	7	8	11	14	62	#
208	832666	0	1	2	3	4	5	6	7	8	9	13	62	#
209	797910	0	1	3	4	5	6	7	8	9	13	14	62	#
210	780641	0	1	2	3	4	5	6	7	8	11	13	62	#
211	747123	0	1	2	3	4	5	6	7	8	10	11	62	#
212	728423	0	3	4	5	6	7	8	9	10	11	12	62	#
213	424708	1	2	4	5	6	7	8	9	63	#
214	370577	1	2	3	4	6	7	8	9	63	#
215	349138	1	2	4	5	6	7	8	13	63	#
216	316168	1	2	3	4	5	6	7	8	63	#
217	308497	0	1	3	4	6	7	9	14	63	#
218	503294	0	1	2	3	4	5	7	13	130	#
219	532520	0	1	2	3	4	5	7	8	130	#
220	428141	0	1	3	4	5	6	7	10	11	14	#
221	555966	0	1	2	3	4	5	6	7	8	9	12	#
222	256723	1	4	6	7	8	156	#
223	312408	0	1	2	3	4	5	6	7	117	#
224	593271	1	2	3	4	5	6	7	8	9	11	65	#
225	568969	0	1	2	3	4	5	6	7	8	9	65	#
226	507717	1	2	3	4	5	6	7	8	9	119	#
227	575851	0	1	2	3	4	5	6	7	8	9	14	128	#
228	646116	0	1	2	3	4	5	6	7	8	9	11	128	#
229	630962	0	1	2	3	4	5	6	7	8	11	14	128	#
230	365721	1	2	3	4	5	6	7	8	127	#
231	398049	0	1	3	4	5	6	8	14	127	#
232	417022	0	1	3	4	5	7	8	12	127	#
233	417541	0	1	3	4	5	6	8	10	127	#
234	482069	0	2	3	4	5	6	7	8	127	#
235	385801	1	2	3	4	5	6	7	8	185	#
236	335757	1	2	4	5	14	67	#
237	455041	1	2	4	5	7	67	#
238	407607	1	2	3	4	5	67	#
239	369219	2	5	8	10	14	67	#
240	274090	1	2	3	4	6	67	#
241	222078	3	4	5	8	68	#
242	300641	5	6	7	8	68	#
243	295926	2	5	6	7	68	#
244	244653	3	4	6	7	68	#
245	220102	1	4	7	8	68	#
246	463861	1	2	3	4	5	7	69	#
247	527773	3	4	5	6	7	8	69	#
248	499543	2	4	5	7	8	12	69	#
249	489983	3	5	6	7	8	12	69	#
250	485921	0	4	5	6	7	8	69	#
251	441336	1	3	4	6	7	8	69	#
252	386182	1	2	4	6	7	9	10	70	#
253	445942	1	2	3	4	5	7	9	70	#
254	426881	0	1	2	3	4	5	7	70	#
255	412403	0	2	3	4	5	6	7	70	#
256	397059	0	1	2	3	4	6	7	70	#
257	381428	1	2	3	4	5	7	8	70	#
258	437058	0	1	3	4	5	6	7	8	127	#
259	482165	1	2	3	4	5	6	7	8	9	#
260	159865	3	4	126	#
261	607493	2	3	4	5	6	7	8	11	13	72	#
262	559418	0	1	2	3	4	5	6	7	11	72	#
263	428868	0	1	3	4	5	6	7	8	73	#
264	456145	0	2	3	4	5	6	7	8	73	#
265	436776	1	3	4	5	6	7	8	12	73	#
266	436519	1	2	3	4	5	6	7	8	73	#
267	416041	1	2	3	5	6	7	8	10	73	#
268	127125	0	3	126	#
269	476080	0	1	2	3	4	5	7	8	14	#
270	559620	0	1	2	3	4	5	6	7	13	125	#
271	569195	0	2	3	4	5	6	7	8	13	#
272	180469	2	5	76	#
273	157604	4	5	76	#
274	404859	0	3	4	5	6	7	8	77	#
275	368365	1	2	4	5	6	7	8	77	#
276	353894	1	3	4	5	6	7	8	77	#
277	337873	1	2	4	5	7	8	13	77	#
278	324104	0	1	3	4	6	7	8	77	#
279	67027	6	#
280	634484	1	2	3	4	5	6	7	8	11	125	#
281	463298	0	3	4	5	6	7	8	9	117	#
282	427636	1	2	3	4	5	8	79	#
283	443055	0	2	3	4	5	8	79	#
284	414325	0	1	2	3	4	5	79	#
285	574464	0	1	2	3	4	5	6	7	8	125	#
286	410341	0	1	2	3	4	5	6	7	10	80	#
287	375818	0	1	2	3	4	5	6	7	14	80	#
288	554111	1	2	3	4	5	6	7	8	81	#
289	594591	0	2	3	4	5	6	7	8	81	#
290	566044	0	1	2	3	4	5	6	8	81	#
291	537638	0	1	2	3	4	5	7	8	81	#
292	494484	0	1	2	3	4	5	6	7	81	#
293	587960	0	1	2	3	4	5	6	7	8	9	13	82	#
294	642992	0	1	2	3	4	5	6	7	8	11	13	82	#
295	602298	0	1	2	3	4	5	6	7	8	11	12	82	#
296	578397	0	1	2	3	4	5	6	7	8	11	14	82	#
297	569284	0	1	2	3	4	5	6	7	8	9	10	82	#
298	593649	0	1	2	3	4	5	6	7	8	10	124	#
299	246042	4	6	7	8	83	#
300	291603	2	5	7	8	83	#
301	263212	0	3	6	7	83	#
302	237235	1	2	4	5	83	#
303	236705	1	3	4	6	83	#
304	173655	1	3	4	84	#
305	206158	0	3	4	84	#
306	180443	1	2	5	84	#
307	495927	0	2	3	4	5	6	7	8	13	228	#
308	641918	0	1	2	3	4	5	6	7	8	9	124	#
309	585140	0	1	2	3	4	5	6	7	8	9	85	#
310	582731	0	1	2	3	5	6	7	8	13	14	85	#
311	618639	0	1	2	3	4	5	6	7	8	118	#
312	624013	0	1	2	3	4	5	6	7	11	118	#
313	352072	0	1	2	3	4	5	6	7	123	#
314	493428	1	2	3	4	5	6	7	8	10	86	#
315	491496	1	2	3	4	5	6	7	8	13	86	#
316	142878	1	4	#
317	147932	1	2	#
318	362166	1	2	3	4	5	6	7	8	123	#
319	524772	0	1	2	3	4	5	6	8	12	#
320	226780	0	1	2	3	4	5	89	#
321	298388	1	2	4	5	7	8	89	#
322	294772	1	2	4	5	6	8	89	#
323	253660	0	3	4	5	6	7	89	#
324	363075	0	1	3	4	5	6	7	8	123	#
325	497785	0	2	3	4	5	6	7	8	10	90	#
326	496707	0	2	3	4	5	6	7	8	12	90	#
327	435484	0	1	3	4	5	6	7	8	12	90	#
328	389363	1	2	3	4	5	6	7	8	13	90	#
329	213771	0	1	3	4	7	91	#
330	287088	0	3	4	5	7	91	#
331	145708	6	7	#
332	368560	1	2	4	5	6	7	8	13	123	#
333	372768	0	1	2	3	5	6	7	8	123	#
334	619754	0	1	3	4	5	6	7	8	11	92	#
335	496321	1	2	3	4	5	6	7	8	13	92	#
336	561311	0	1	2	3	4	5	6	7	8	93	#
337	611844	0	1	2	3	4	5	7	8	12	93	#
338	545193	0	1	2	3	4	5	6	7	9	93	#
339	599493	0	1	2	3	4	5	6	7	8	13	14	94	#
340	712559	0	1	2	3	4	5	6	7	8	11	14	94	#
341	683872	0	1	2	3	4	5	6	7	8	9	14	94	#
342	677832	0	1	2	3	4	5	6	7	8	9	12	94	#
343	662270	0	1	2	3	4	5	6	7	8	11	13	94	#
344	643742	0	1	2	3	4	5	6	7	8	12	14	94	#
345	402407	0	1	2	3	4	5	7	8	123	#
346	596696	0	1	2	3	4	5	6	7	8	11	95	#
347	564532	0	1	2	3	4	5	6	7	8	9	95	#
348	532754	0	1	2	3	4	7	8	9	10	12	95	#
349	333299	1	2	4	5	6	7	8	122	#
350	592096	0	1	2	3	4	5	6	7	8	10	12	96	#
351	730874	0	1	2	3	4	5	6	7	8	9	12	96	#
352	663896	0	1	2	3	4	5	6	7	8	9	14	96	#
353	649532	0	1	2	3	4	6	7	8	9	10	12	96	#
354	648543	0	1	2	3	4	5	6	7	8	9	10	96	#
355	625360	0	1	2	3	4	5	6	7	8	12	13	96	#
356	364307	1	2	3	4	5	8	12	122	#
357	563489	0	1	2	3	4	5	6	7	8	11	#
358	384823	0	1	2	3	4	5	8	122	#
359	395514	1	2	4	5	7	8	12	122	#
360	304763	4	5	6	7	13	98	#
361	412543	2	4	5	6	7	98	#
362	390167	2	5	6	7	8	98	#
363	353904	4	5	6	7	8	98	#
364	235733	1	4	5	13	14	98	#
365	416029	0	1	2	4	5	7	8	122	#
366	545001	1	2	3	4	5	6	7	8	14	99	#
367	475199	0	1	3	4	5	6	7	8	14	99	#
368	345607	1	2	3	4	5	7	8	122	#
369	268076	1	2	4	5	8	156	#
370	495903	0	1	2	3	4	5	6	7	12	121	#
371	526268	0	1	2	3	4	5	6	7	14	121	#
372	554448	0	1	2	3	4	5	7	8	14	121	#
373	574168	0	1	2	3	4	5	6	7	11	121	#
374	250883	3	4	5	101	#
375	219736	4	5	8	101	#
376	208546	3	4	7	101	#
377	561119	0	1	2	3	4	5	7	8	10	228	#
378	394897	2	4	5	6	7	8	102	#
379	441881	2	3	4	5	7	11	102	#
380	417032	3	4	5	6	7	8	102	#
381	405849	2	3	4	5	6	7	102	#
382	362003	0	2	3	4	5	7	102	#
383	343399	1	2	3	4	5	6	102	#
384	399529	0	2	3	4	5	6	103	#
385	444625	0	3	4	5	6	8	103	#
386	417525	2	3	4	5	6	8	103	#
387	362914	1	2	3	4	5	8	103	#
388	311986	0	1	3	4	5	6	103	#
389	606852	0	1	2	3	4	5	6	7	8	9	10	104	#
390	652240	0	1	2	3	4	5	6	7	8	11	14	104	#
391	648776	0	1	2	3	4	5	6	7	8	10	11	104	#
392	593230	0	1	2	3	4	5	6	7	8	9	12	104	#
393	587573	0	1	2	3	4	5	6	7	8	10	14	104	#
394	247302	0	4	6	7	120	#
395	585280	0	1	2	3	4	5	6	7	8	105	#
396	544152	0	1	2	3	4	5	7	8	10	105	#
397	540239	1	2	3	4	5	6	7	8	13	105	#
398	535006	0	1	2	3	4	5	6	7	14	105	#
399	169130	8	11	#
400	558517	0	1	2	3	4	5	7	8	10	107	#
401	569557	0	1	2	3	4	5	7	8	9	107	#
402	293266	4	5	7	8	120	#
403	436079	0	1	2	3	4	7	8	10	14	107	#
404	192065	1	3	4	108	#
405	232629	1	4	5	108	#
406	191894	3	4	6	108	#
407	243037	1	3	4	5	109	#
408	300562	1	2	4	5	109	#
409	270919	2	5	6	7	109	#
410	259454	1	2	4	6	109	#
411	201929	1	3	4	6	109	#
412	218470	3	6	7	110	#
413	255886	4	6	7	110	#
414	203827	6	7	8	110	#
415	192179	3	4	6	110	#
416	232530	0	3	4	111	#
417	277016	3	4	7	111	#
418	207968	1	4	7	111	#
419	180430	0	3	6	111	#
420	270671	5	6	7	8	120	#
421	316966	0	1	3	4	5	6	7	8	9	112	#
422	300500	0	1	3	4	5	6	7	8	14	112	#
423	290280	4	5	7	8	113	#
424	303228	2	5	7	8	113	#
425	261431	2	5	6	7	113	#
426	248483	4	5	6	7	113	#
427	461282	0	2	3	4	5	6	7	8	14	119	#
428	360527	0	1	3	4	5	6	7	8	14	114	#
429	354017	0	1	2	3	4	5	6	7	14	114	#
430	352196	0	1	2	3	4	5	6	7	10	114	#
431	475147	1	2	4	5	7	8	9	143	#
432	436598	1	3	4	5	7	8	9	143	#
433	432334	0	1	3	4	5	7	8	143	#
434	416236	1	2	3	4	5	7	8	143	#
435	407187	2	3	4	5	6	7	8	143	#
436	383983	1	2	4	5	6	7	8	143	#
437	552164	0	1	2	3	4	5	6	7	8	12	#
438	626858	0	1	2	3	4	5	6	7	8	145	#
439	496078	0	1	2	3	4	5	6	7	12	145	#
440	91112	8	#
441	568967	0	1	2	3	4	5	6	7	8	9	14	147	#
442	572577	0	1	2	3	4	5	6	7	8	9	13	147	#
443	568138	0	1	2	3	4	5	6	7	8	9	10	147	#
444	565047	0	1	2	3	4	5	6	7	8	11	13	147	#
445	561437	0	1	2	3	4	5	6	7	8	11	14	147	#
446	530089	0	1	2	3	4	5	6	7	8	11	12	147	#
447	508661	1	4	5	6	7	8	148	#
448	541735	2	4	5	6	7	8	148	#
449	533650	2	4	5	7	8	9	148	#
450	435924	1	2	4	5	6	7	148	#
451	316667	3	4	5	6	7	149	#
452	390034	0	2	3	4	5	149	#
453	377680	1	2	3	4	5	149	#
454	370691	2	4	5	6	7	149	#
455	343029	1	4	5	7	8	149	#
456	245508	1	4	6	7	8	149	#
457	624829	0	1	2	3	4	5	6	7	8	14	150	#
458	729494	0	1	2	3	4	5	6	7	8	11	150	#
459	666400	0	1	2	3	4	5	6	7	8	13	150	#
460	642550	0	1	2	3	4	5	6	7	8	12	150	#
461	603179	1	2	3	4	5	6	7	8	9	14	150	#
462	596692	0	1	2	3	4	5	6	7	8	10	150	#
463	414199	0	3	4	5	6	7	151	#
464	415109	0	3	5	6	7	10	151	#
465	393147	2	3	4	5	7	8	151	#
466	389579	0	3	4	6	7	8	151	#
467	384514	0	1	2	3	4	6	151	#
468	344929	0	1	3	4	6	7	151	#
469	460198	2	3	5	6	7	8	152	#
470	548930	4	5	6	7	8	9	152	#
471	541458	1	2	4	5	7	8	152	#
472	529170	2	4	5	6	7	8	152	#
473	526108	0	2	3	4	5	8	152	#
474	416535	1	2	3	4	5	6	7	8	13	153	#
475	479431	0	1	2	3	5	6	7	8	11	153	#
476	457056	0	2	3	4	5	6	7	8	12	153	#
477	262365	0	2	3	6	154	#
478	349119	4	5	6	7	154	#
479	311500	0	3	6	7	154	#
480	288033	3	4	6	7	154	#
481	211769	1	2	4	5	154	#
482	614323	0	1	2	3	4	5	6	7	8	9	11	#
483	354601	2	4	5	7	8	156	#
484	199753	0	1	3	4	6	14	157	#
485	280057	1	2	3	4	6	7	157	#
486	254852	0	1	3	4	6	7	157	#
487	249324	0	1	2	3	4	6	157	#
488	201050	4	5	7	8	10	14	157	#
489	287107	3	5	6	7	158	#
490	377618	2	4	5	8	158	#
491	228778	1	3	4	13	158	#
492	429429	1	2	3	4	5	6	7	8	13	14	159	#
493	508694	0	1	2	3	4	5	6	7	8	11	159	#
494	493491	0	1	2	3	4	5	6	7	8	9	159	#
495	73748	13	14	160	#
496	95911	0	13	160	#
497	255406	0	1	3	4	6	179	#
498	152669	1	2	5	161	#
499	154150	1	3	4	6	229	#
500	82468	5	7	14	161	#
501	325472	1	2	5	7	8	162	#
502	304056	5	6	7	8	9	162	#
503	278982	1	2	4	5	7	162	#
504	526988	0	1	2	3	4	5	7	8	11	163	#
505	555685	1	2	3	4	5	6	7	8	9	163	#
506	251014	4	7	8	165	#
507	285608	4	5	7	165	#
508	205576	0	3	4	165	#
509	398600	0	1	2	3	4	6	7	8	12	166	#
510	451226	0	1	2	3	4	6	7	8	13	166	#
511	573454	0	1	2	3	4	5	6	7	8	9	10	13	14	167	#
512	807119	0	1	2	3	4	5	6	7	8	9	11	12	13	167	#
513	720162	0	1	2	3	4	5	6	7	8	9	10	11	12	167	#
514	712036	0	1	2	3	4	5	6	7	8	11	12	13	14	167	#
515	702606	0	1	2	3	4	5	6	7	8	10	11	12	13	167	#
516	659743	0	1	2	3	4	5	6	7	8	9	12	13	14	167	#
517	43722	3	#
518	651555	0	1	2	3	4	5	6	7	8	11	13	168	#
519	729416	0	1	2	3	4	5	6	7	8	9	11	168	#
520	628475	0	1	2	3	4	5	6	7	8	11	14	168	#
521	583953	0	1	2	3	4	5	6	7	8	13	14	168	#
522	558965	0	1	2	3	4	5	6	7	8	10	11	168	#
523	519757	0	1	2	3	4	5	6	7	8	12	14	168	#
524	264673	3	4	6	7	169	#
525	396088	4	5	7	8	169	#
526	286886	4	6	7	8	169	#
527	181037	0	3	6	170	#
528	197410	0	3	4	170	#
529	481789	4	5	6	7	8	171	#
530	477377	2	4	5	7	8	171	#
531	448848	3	4	5	7	8	171	#
532	394573	4	6	7	8	10	171	#
533	393914	0	4	6	7	8	171	#
534	379559	4	5	6	7	11	172	#
535	368095	2	4	5	6	7	172	#
536	332899	1	2	4	5	8	172	#
537	331265	0	3	6	9	11	172	#
538	301311	1	4	5	7	8	172	#
539	389252	0	1	2	3	4	5	6	10	185	#
540	510210	0	1	2	3	5	6	7	8	13	#
541	672785	0	1	2	3	4	5	6	7	8	12	13	174	#
542	766809	0	1	2	3	4	5	6	7	8	11	13	174	#
543	754721	0	1	2	3	4	5	6	7	8	9	11	174	#
544	725936	0	1	2	3	4	5	6	7	8	11	12	174	#
545	689107	0	1	2	3	4	5	6	7	8	11	14	174	#
546	635956	0	1	2	3	4	5	6	7	8	13	14	174	#
547	680915	0	2	3	4	5	6	7	8	175	#
548	779556	0	2	3	4	5	7	8	11	175	#
549	778567	0	2	3	4	5	7	8	9	175	#
550	664282	0	1	2	3	4	5	7	8	175	#
551	608491	0	1	2	3	4	5	6	7	175	#
552	567580	0	1	3	4	5	6	7	8	175	#
553	412005	0	1	2	3	4	5	7	8	9	13	#
554	581107	0	1	2	3	4	5	6	7	8	11	177	#
555	567730	0	1	2	3	4	5	6	7	8	9	177	#
556	532535	0	1	2	3	4	5	6	7	8	14	177	#
557	490873	0	1	2	3	4	5	6	7	8	12	177	#
558	486468	0	1	2	3	4	5	6	7	8	10	177	#
559	435014	1	2	4	5	6	7	8	10	185	#
560	633882	0	1	2	3	4	5	6	7	8	11	14	178	#
561	620161	0	1	2	3	4	5	6	7	8	11	13	178	#
562	590354	0	1	2	3	4	5	6	7	8	10	11	178	#
563	572218	0	1	2	3	4	5	6	7	8	9	13	178	#
564	550882	0	1	2	3	4	5	6	7	8	12	14	178	#
565	547276	0	1	2	3	4	5	6	7	8	10	14	178	#
566	256417	0	3	4	6	7	179	#
567	365271	1	2	4	5	8	179	#
568	341526	0	1	3	4	5	179	#
569	319273	1	4	5	6	7	179	#
570	219726	5	7	182	#
571	214559	4	5	182	#
572	198069	4	7	182	#
573	414863	0	3	4	5	6	7	183	#
574	507324	1	2	4	5	7	8	183	#
575	490380	2	3	5	6	7	8	183	#
576	431777	3	4	5	6	7	8	183	#
577	376824	0	1	3	4	5	6	183	#
578	468231	0	1	2	3	4	5	6	7	12	#
579	431744	0	1	2	3	4	5	7	8	185	#
580	436188	0	1	2	3	4	5	6	8	185	#
581	510869	1	2	4	5	7	8	186	#
582	561363	2	3	4	5	7	8	186	#
583	468312	1	2	3	4	5	8	186	#
584	441229	0	1	3	4	5	7	186	#
585	422628	1	2	3	4	5	6	186	#
586	426243	2	5	7	8	10	187	#
587	437450	1	4	5	7	8	187	#
588	436357	3	5	6	7	8	187	#
589	393397	2	5	6	7	8	187	#
590	357269	1	2	3	4	5	187	#
591	229288	5	6	7	188	#
592	279714	5	7	8	188	#
593	267411	2	4	5	188	#
594	568627	0	1	2	3	4	5	6	7	8	189	#
595	596410	2	3	4	5	6	7	8	9	11	189	#
596	592662	0	1	2	3	4	5	7	8	13	189	#
597	560240	1	2	3	4	5	6	7	8	13	189	#
598	115609	0	3	6	190	#
599	140337	1	6	7	190	#
600	766423	0	1	2	3	4	5	6	7	8	9	10	191	#
601	795609	0	1	2	3	4	5	6	7	8	9	11	191	#
602	744927	0	1	2	3	4	5	6	7	8	9	12	191	#
603	698565	0	1	2	3	4	5	6	7	8	11	14	191	#
604	669379	0	1	2	3	4	5	6	7	8	10	14	191	#
605	663359	0	1	2	3	4	5	6	7	8	11	12	191	#
606	655020	0	1	2	3	4	5	6	7	8	192	#
607	687696	0	1	2	3	4	6	7	8	11	192	#
608	530064	1	2	3	4	5	6	7	8	13	192	#
609	596611	0	1	2	3	4	5	6	7	8	193	#
610	693327	0	1	2	3	4	5	7	8	9	193	#
611	631827	0	1	2	3	4	5	7	8	12	193	#
612	524519	2	3	4	5	6	7	8	10	14	193	#
613	554664	0	1	2	3	4	5	6	7	8	9	194	#
614	639760	0	1	2	3	4	6	7	9	11	14	194	#
615	568286	0	1	2	3	4	5	6	7	8	9	195	#
616	630557	1	2	3	4	5	6	7	8	9	11	195	#
617	516305	0	1	2	3	4	5	6	7	8	11	195	#
618	503362	0	1	2	3	4	5	6	7	8	14	195	#
619	426687	0	1	2	3	4	5	6	7	8	10	195	#
620	417827	0	1	2	3	4	5	6	7	8	12	195	#
621	581812	0	1	2	3	4	5	6	7	8	9	12	196	#
622	620993	0	1	2	3	4	5	6	7	8	9	11	196	#
623	616849	0	1	2	3	4	5	6	7	8	9	13	196	#
624	613360	1	2	3	4	5	6	7	8	11	12	13	196	#
625	604519	0	1	2	3	4	5	6	7	8	11	13	196	#
626	560930	0	1	2	3	4	5	6	7	8	9	197	#
627	619759	0	1	2	3	4	5	6	7	8	11	197	#
628	571150	0	1	2	3	4	5	6	7	8	198	#
629	592217	0	2	3	4	5	6	7	8	10	198	#
630	405326	0	1	3	4	6	9	199	#
631	471783	1	2	4	5	8	9	199	#
632	443343	0	2	3	4	5	6	199	#
633	402980	0	1	3	4	5	6	199	#
634	395244	1	2	3	4	5	8	199	#
635	318145	0	3	4	6	7	8	199	#
636	688572	0	1	2	3	4	5	6	7	8	9	14	200	#
637	742905	0	1	2	3	4	5	6	7	8	9	11	200	#
638	657539	0	1	2	3	4	5	6	7	8	11	14	200	#
639	634014	0	1	2	3	4	5	6	7	8	9	10	200	#
640	611234	0	1	2	3	4	5	6	7	8	9	12	200	#
641	602982	0	1	2	3	4	5	6	7	8	10	11	200	#
642	414698	0	1	2	3	4	7	8	201	#
643	347455	1	2	3	4	6	7	8	201	#
644	337055	0	1	3	4	6	7	8	201	#
645	158128	4	6	7	202	#
646	223284	4	7	8	202	#
647	191940	1	4	7	202	#
648	122319	3	6	7	202	#
649	315608	1	3	4	5	203	#
650	430714	4	5	7	8	203	#
651	407035	3	4	5	8	203	#
652	384004	3	4	5	7	203	#
653	339287	1	4	5	7	203	#
654	403344	0	1	3	4	5	6	7	8	14	206	#
655	452321	0	1	2	3	4	5	6	7	11	206	#
656	334302	3	4	5	6	7	8	207	#
657	405113	2	3	4	5	6	7	207	#
658	362181	1	2	4	5	6	7	207	#
659	344587	1	2	4	5	7	8	207	#
660	316435	0	3	4	5	6	7	207	#
661	312065	1	2	3	4	5	6	207	#
662	430438	2	3	4	5	7	8	208	#
663	418404	0	3	4	5	7	8	208	#
664	565592	0	1	2	3	4	5	6	7	8	209	#
665	561897	0	1	2	3	4	5	6	7	12	209	#
666	552152	0	1	2	3	4	6	7	8	12	209	#
667	56239	1	#
668	280460	1	2	3	4	5	211	#
669	296457	1	3	4	5	8	211	#
670	281856	2	4	5	7	8	211	#
671	273111	0	1	3	4	6	211	#
672	331549	3	5	6	7	8	212	#
673	311340	1	2	4	5	8	212	#
674	307144	1	4	5	6	7	212	#
675	195919	0	1	3	4	6	212	#
676	670438	0	1	2	3	4	5	6	7	8	11	14	213	#
677	731639	0	1	2	3	4	5	6	7	8	10	11	213	#
678	672143	0	1	2	3	5	6	7	8	10	11	14	213	#
679	666631	0	1	2	3	4	5	6	7	8	11	12	213	#
680	599475	0	1	2	3	4	5	6	7	8	9	14	213	#
681	595668	0	1	2	3	4	5	6	7	8	9	12	213	#
682	398499	1	2	3	4	5	6	7	8	214	#
683	465985	0	2	3	4	5	6	7	8	214	#
684	442442	1	2	3	4	5	8	11	14	214	#
685	420742	0	1	2	3	5	6	7	8	214	#
686	295974	1	2	4	5	6	7	8	14	214	#
687	187227	2	5	12	215	#
688	211220	5	8	12	215	#
689	143655	1	4	5	215	#
690	223689	3	6	11	13	229	#
691	607088	0	1	2	3	4	5	6	7	8	216	#
692	675886	1	2	3	4	5	7	8	11	13	216	#
693	552694	0	1	2	3	4	5	6	7	12	216	#
694	604979	0	1	2	3	4	5	6	7	8	11	217	#
695	596402	0	1	2	3	4	5	6	7	8	9	217	#
696	527283	0	1	2	3	4	5	6	7	11	13	217	#
697	522356	0	1	2	3	4	5	6	7	8	14	217	#
698	505760	0	1	2	3	4	5	6	7	8	12	217	#
699	462611	0	1	2	3	4	5	6	7	8	10	217	#
700	781760	0	1	2	3	4	5	6	7	8	9	11	12	218	#
701	786249	0	1	2	3	4	5	6	7	8	9	11	13	218	#
702	781880	0	1	2	3	4	5	6	7	8	9	10	12	218	#
703	781802	0	1	2	3	4	5	6	7	8	9	12	14	218	#
704	719158	0	1	2	3	4	5	6	7	8	10	13	14	218	#
705	719116	0	1	2	3	4	5	6	7	8	10	11	13	218	#
706	556390	0	1	2	3	4	5	6	7	8	9	12	219	#
707	580746	0	1	2	3	4	5	6	7	8	9	10	219	#
708	571025	0	1	2	3	4	5	6	7	8	11	14	219	#
709	554609	0	1	2	3	4	5	6	7	8	11	13	219	#
710	546680	0	1	2	3	4	5	6	7	8	10	14	219	#
711	518557	0	1	2	3	4	5	6	7	8	13	14	219	#
712	578486	0	1	2	3	4	5	6	7	8	9	220	#
713	593489	0	1	2	3	4	5	6	7	8	12	220	#
714	568540	0	1	2	3	4	5	6	7	8	14	220	#
715	558863	0	1	2	3	4	5	6	7	8	10	220	#
716	511158	0	1	2	3	4	5	6	7	8	13	220	#
717	486579	1	2	3	4	5	6	7	8	9	13	220	#
718	395136	0	3	4	5	6	7	8	221	#
719	433561	0	2	3	4	5	6	9	221	#
720	423294	0	3	4	5	6	7	9	221	#
721	403325	2	3	4	5	6	7	8	221	#
722	392720	2	4	5	6	7	8	12	221	#
723	329019	1	2	3	4	5	6	8	221	#
724	146884	6	7	222	#
725	173896	4	7	222	#
726	152812	9	10	223	#
727	173384	2	9	223	#
728	366464	2	3	5	6	7	8	224	#
729	346533	2	3	4	5	7	8	224	#
730	337624	0	2	3	4	5	8	224	#
731	316884	1	2	5	6	7	8	224	#
732	283800	0	3	5	6	7	8	224	#
733	245212	1	4	5	6	7	8	224	#
734	507172	2	3	4	5	6	7	8	11	12	14	225	#
735	526094	0	1	2	3	4	5	6	7	8	9	225	#
736	522759	0	1	2	3	4	5	6	7	8	11	225	#
737	399068	0	3	4	5	8	14	226	#
738	473326	0	2	3	4	5	6	226	#
739	404285	0	3	4	5	6	13	226	#
740	382200	2	4	5	7	8	10	226	#
741	371432	1	2	4	5	7	8	226	#
742	340103	4	5	6	7	8	14	226	#
743	539362	0	2	3	5	6	7	8	11	227	#
744	510042	1	2	5	7	8	11	12	13	227	#
745	429192	0	1	2	3	5	6	7	8	227	#
746	422120	0	1	3	4	5	6	7	8	227	#
747	566356	0	1	2	3	4	5	6	7	8	228	#
748	719342	1	2	3	4	5	7	8	9	11	228	#
749	591301	1	2	3	4	5	6	7	8	11	228	#
750	669383	0	1	2	3	4	5	6	7	8	13	230	#
751	775177	0	1	2	3	4	5	6	7	8	9	230	#
752	741613	0	1	2	3	5	6	7	8	9	14	230	#
753	714883	0	1	2	3	4	5	6	7	8	11	230	#
754	635142	0	1	2	3	4	5	6	7	8	10	230	#
755	622363	0	1	2	3	4	5	6	7	8	12	230	#
756	576303	0	1	2	3	4	5	6	7	8	10	231	#
757	719973	0	1	2	3	4	5	6	7	8	9	231	#
758	685977	0	1	2	3	4	5	6	7	8	11	231	#
759	668696	0	1	2	3	4	5	6	7	8	14	231	#
760	648839	0	1	2	3	4	5	6	7	8	13	231	#
761	642216	0	1	2	3	4	5	6	7	8	12	231	#
762	250324	3	4	6	7	232	#
763	332986	4	6	7	11	232	#
764	281916	3	6	7	8	232	#
765	267631	3	4	5	7	232	#
766	122271	3	4	6	#
767	579203	0	1	2	3	4	5	6	7	8	9	12	14	234	#
768	699546	0	1	2	3	4	5	6	7	8	9	11	13	234	#
769	647412	0	1	2	3	4	5	6	7	8	9	10	11	234	#
770	615225	0	1	2	3	4	5	6	7	8	9	10	13	234	#
771	609774	0	1	2	3	4	5	6	7	8	9	13	14	234	#
772	639668	0	1	2	3	4	5	6	7	8	235	#
773	723711	0	2	3	4	5	6	7	8	12	235	#
774	682762	0	1	3	4	5	6	7	8	12	235	#
775	657714	0	2	3	4	5	6	7	8	14	235	#
776	644726	1	2	3	4	5	6	7	8	9	235	#
777	214735	2	5	11	14	236	#
778	252900	1	2	4	5	236	#
779	202079	5	6	7	8	236	#
780	119960	4	6	7	14	236	#
781	623926	0	1	2	3	4	5	6	7	8	10	11	237	#
782	657655	0	1	2	3	4	5	6	7	8	9	11	237	#
783	630670	0	1	2	3	4	5	6	7	8	11	12	237	#
784	476712	0	3	4	5	6	7	8	238	#
785	425807	0	1	2	3	4	7	8	238	#
786	407672	2	3	4	5	6	7	8	238	#
787	401194	0	1	3	4	5	6	8	238	#
788	375546	0	1	2	3	4	5	7	238	#
789	290010	1	3	4	5	239	#
790	353431	2	4	5	8	239	#
791	288376	3	5	6	7	239	#
792	217960	0	1	3	4	239	#
793	211451	1	3	4	6	239	#
794	302818	2	5	6	7	8	13	240	#
795	436964	2	3	4	5	7	8	240	#
796	406804	2	3	4	5	6	7	240	#
797	386706	3	4	5	6	7	8	240	#
798	360049	0	3	4	6	7	13	240	#
799	323983	3	4	6	7	9	10	240	#
