%% File generated by CATS v.2.1Fri Mar 15 18:32:30 2019

%% The CATS webpage is http://robotics.stanford.edu/CATS

%% PARAMETER SETTINGS:
% Goods: 10; Bids: 400; Distribution: regions-npv; Runs: 10; Seed: 1552701461
% Regions Distribution Parameters:
% Max Substitutable Bids = 5
% Removing HV Neighbor   = 0.1
% Adding DIAG Neighbor   = 0.2
% Additional Location    = 0.9
% Jump Probability       = 0.05
% Additivity             = 0.2
% Budget Factor          = 1.5
% Resale Factor          = 0.5
% Normal Private Value:
%   Mean                 = 0
%   Standard Deviation   = 30



goods 10
bids 401
dummy 133

0	330197	0	1	2	4	5	6	7	8	#
1	143772	2	5	8	10	#
2	183938	4	6	7	95	#
3	133767	1	4	5	10	#
4	331458	3	4	5	6	7	11	#
5	344504	3	4	5	7	8	11	#
6	308453	4	5	6	7	8	11	#
7	292340	2	4	5	7	8	11	#
8	157780	6	7	#
9	642074	0	1	2	3	4	5	6	7	8	#
10	145862	9	#
11	73948	4	#
12	269231	3	6	#
13	365389	0	3	6	8	12	#
14	281911	0	1	3	4	12	#
15	207307	1	3	4	5	12	#
16	141169	1	4	5	7	12	#
17	254947	4	6	7	8	33	#
18	284525	0	1	4	7	33	#
19	596789	0	1	2	3	4	6	7	8	9	#
20	169180	4	5	7	8	14	#
21	163084	0	1	4	5	14	#
22	112119	5	8	#
23	450426	0	1	3	4	6	15	#
24	472999	0	3	4	6	7	15	#
25	453915	3	4	5	6	7	15	#
26	446974	0	1	3	4	7	15	#
27	431342	1	3	4	5	6	15	#
28	160699	4	5	8	56	#
29	341480	0	1	2	3	4	5	7	8	68	#
30	581623	0	1	2	3	4	5	6	7	9	#
31	195597	5	7	8	111	#
32	232461	6	7	8	111	#
33	179563	4	6	7	8	#
34	237129	3	4	7	95	#
35	540091	0	1	3	4	5	6	7	8	18	#
36	621151	0	2	3	4	5	7	8	9	18	#
37	587965	0	1	3	4	5	7	8	9	18	#
38	573277	0	2	3	4	5	6	7	8	18	#
39	518043	1	2	3	4	5	6	7	8	18	#
40	353522	0	3	6	7	19	#
41	339433	0	1	3	4	19	#
42	306344	3	4	6	7	19	#
43	302673	0	3	4	6	19	#
44	278169	1	3	4	5	19	#
45	586142	0	1	3	4	6	7	8	20	#
46	603705	1	3	4	5	6	7	8	20	#
47	559655	0	3	4	5	6	7	8	20	#
48	544440	2	3	4	5	6	7	8	20	#
49	537751	0	1	3	4	5	6	7	20	#
50	432884	0	1	2	3	4	5	6	20	#
51	342168	0	1	2	3	4	5	6	7	21	#
52	359527	0	1	3	4	5	6	7	9	21	#
53	311518	0	2	3	4	5	6	7	8	21	#
54	291150	0	1	3	4	5	6	7	8	21	#
55	275093	0	1	2	3	4	5	6	8	21	#
56	195602	0	1	4	22	#
57	239660	0	1	3	22	#
58	147820	4	6	7	22	#
59	441353	0	1	2	3	4	5	6	23	#
60	546238	0	3	4	5	6	7	8	23	#
61	498435	0	1	3	4	5	7	8	23	#
62	482728	0	1	3	4	5	6	8	23	#
63	464841	2	3	4	5	6	7	8	23	#
64	457957	1	2	3	4	5	6	7	23	#
65	389746	0	3	4	5	7	8	24	#
66	483144	0	3	4	6	7	8	24	#
67	449449	0	1	3	4	6	7	24	#
68	382887	1	3	4	6	7	8	24	#
69	345110	2	4	5	6	7	8	24	#
70	240815	1	2	4	5	7	8	24	#
71	272049	3	4	5	6	7	106	#
72	417417	2	4	5	6	7	8	67	#
73	202070	3	4	5	#
74	226688	0	3	4	95	#
75	257727	0	2	3	4	5	7	8	39	#
76	457646	2	3	5	6	7	8	67	#
77	316327	0	1	2	3	4	5	7	8	28	#
78	440654	0	1	3	4	5	6	7	8	28	#
79	415228	0	2	3	4	5	6	7	8	28	#
80	359086	1	2	3	4	5	6	7	8	28	#
81	352247	0	1	2	3	4	5	6	7	28	#
82	259227	0	1	3	4	29	#
83	277934	0	2	3	6	29	#
84	257923	1	3	4	7	29	#
85	274792	1	2	4	5	8	110	#
86	169716	2	4	5	56	#
87	238832	3	4	7	8	30	#
88	311450	0	1	3	4	30	#
89	294979	0	3	4	5	30	#
90	194568	6	7	8	9	30	#
91	158855	4	5	7	8	30	#
92	139866	3	#
93	316393	0	3	6	31	#
94	294051	3	6	7	31	#
95	238320	0	3	4	31	#
96	605186	0	1	3	4	5	6	7	8	9	#
97	323606	0	1	3	4	6	110	#
98	354519	0	1	3	4	34	#
99	402482	0	3	4	7	34	#
100	335102	0	3	4	6	34	#
101	219766	1	4	5	7	34	#
102	338271	0	3	4	6	35	#
103	242369	1	4	6	7	35	#
104	217394	2	4	5	6	35	#
105	241670	0	1	4	36	#
106	248108	0	3	4	36	#
107	192576	1	4	7	36	#
108	326655	1	3	4	5	8	110	#
109	95553	2	5	50	#
110	94360	7	8	50	#
111	419481	0	1	3	4	5	6	7	8	68	#
112	424820	1	3	4	5	6	7	8	39	#
113	398492	0	1	3	4	6	7	8	39	#
114	332797	1	2	3	4	5	6	8	39	#
115	317534	0	2	3	4	5	6	7	39	#
116	79171	0	#
117	362361	0	1	3	4	5	6	7	8	40	#
118	376724	1	2	3	4	5	6	7	8	40	#
119	371486	0	1	2	3	4	5	6	7	40	#
120	355944	0	1	2	3	4	5	7	8	40	#
121	492887	0	2	3	4	5	6	7	8	41	#
122	512947	0	1	3	4	5	6	7	8	41	#
123	502425	1	2	3	4	5	6	7	8	41	#
124	463427	0	1	2	4	5	6	7	8	41	#
125	106681	6	#
126	753744	0	1	2	3	4	5	6	7	8	9	#
127	424848	0	2	3	4	5	6	7	8	43	#
128	462854	2	3	4	5	6	7	8	9	43	#
129	369335	0	1	3	4	5	6	7	8	43	#
130	480721	0	1	2	3	4	5	7	8	9	#
131	345952	0	1	4	6	7	8	67	#
132	258321	2	5	6	7	8	45	#
133	278590	3	4	6	7	8	45	#
134	216079	2	4	5	7	8	45	#
135	114977	2	5	8	46	#
136	150249	5	7	8	46	#
137	110551	2	4	5	46	#
138	272537	3	4	5	6	7	8	122	#
139	328296	0	3	4	6	7	48	#
140	297130	0	1	3	4	6	48	#
141	332909	1	3	4	6	7	110	#
142	229589	4	5	6	7	8	48	#
143	208553	2	5	8	56	#
144	351455	1	2	3	4	5	6	7	8	68	#
145	399017	0	1	3	4	6	7	8	65	#
146	133644	4	7	#
147	256506	1	2	4	5	6	7	92	#
148	156476	4	5	8	#
149	508969	1	2	3	4	5	6	7	8	9	#
150	419767	0	3	4	6	7	8	67	#
151	139937	5	7	8	53	#
152	179499	4	6	7	53	#
153	165373	6	7	8	53	#
154	84374	2	5	8	53	#
155	323321	1	2	4	5	6	7	8	54	#
156	412371	0	2	3	5	6	7	8	54	#
157	381455	2	3	4	5	6	7	8	54	#
158	356392	0	1	4	5	6	7	8	54	#
159	337231	1	2	3	4	5	7	8	54	#
160	323638	0	1	2	4	5	7	8	54	#
161	285231	0	1	3	4	57	#
162	303731	0	1	3	6	57	#
163	278401	0	3	4	5	57	#
164	369599	0	2	3	4	5	6	7	8	68	#
165	435287	0	2	3	4	5	6	8	65	#
166	340802	0	1	3	4	6	7	92	#
167	354601	2	3	4	5	8	110	#
168	165441	1	2	4	5	8	#
169	479751	1	2	3	4	5	6	7	8	93	#
170	536712	0	2	3	4	5	6	7	8	93	#
171	418609	0	1	3	4	5	6	7	8	60	#
172	442914	0	2	3	4	5	6	7	8	60	#
173	369332	1	2	3	4	5	6	7	8	60	#
174	314289	0	1	2	3	4	5	7	8	60	#
175	345309	0	1	3	6	7	61	#
176	305544	0	1	3	4	6	61	#
177	293198	0	1	4	6	7	61	#
178	269669	0	1	3	4	5	61	#
179	279605	1	2	4	5	7	110	#
180	454710	0	1	2	4	5	6	7	8	9	#
181	384101	0	1	2	3	4	5	6	7	68	#
182	589516	0	2	3	4	5	6	7	8	9	#
183	425441	0	1	2	3	4	5	6	65	#
184	263576	0	1	3	4	69	#
185	345752	3	4	6	7	69	#
186	295050	1	3	4	7	69	#
187	272338	1	3	4	6	69	#
188	59506	8	#
189	268173	1	3	4	5	8	70	#
190	369320	0	3	4	5	6	70	#
191	301043	0	1	3	4	7	70	#
192	297271	4	5	7	8	9	70	#
193	238496	1	2	3	4	5	70	#
194	228390	0	1	5	7	8	70	#
195	216150	0	1	3	4	71	#
196	217456	4	6	7	8	108	#
197	186556	0	1	3	5	71	#
198	149776	0	1	4	5	71	#
199	373471	0	1	2	3	4	5	6	7	72	#
200	413226	0	1	3	4	5	6	7	8	72	#
201	412709	0	1	2	3	5	6	7	8	72	#
202	386198	0	2	3	4	5	6	7	8	72	#
203	313008	1	3	4	5	6	7	73	#
204	363467	3	4	5	6	7	8	73	#
205	344336	0	1	3	4	6	7	73	#
206	304092	1	2	3	4	5	7	73	#
207	293110	0	1	3	4	5	6	73	#
208	241556	1	2	4	5	6	7	73	#
209	276251	0	1	3	4	5	7	122	#
210	172771	0	1	4	9	#
211	79081	1	#
212	316869	3	4	6	7	9	106	#
213	230684	1	4	6	7	108	#
214	255074	4	5	6	7	108	#
215	379312	0	3	6	7	108	#
216	348539	3	4	6	7	76	#
217	314752	3	4	5	6	76	#
218	294349	3	4	5	7	76	#
219	608394	0	1	2	3	4	5	7	8	9	77	#
220	666991	1	2	3	4	5	6	7	8	9	77	#
221	420215	0	1	3	4	5	6	78	#
222	457143	0	1	3	4	6	8	78	#
223	446199	0	1	3	4	6	7	78	#
224	364790	1	4	5	6	7	8	78	#
225	345168	1	3	4	5	6	7	78	#
226	279102	2	4	5	6	7	8	78	#
227	247913	1	3	4	5	80	#
228	311441	3	4	6	7	108	#
229	218445	0	1	4	5	80	#
230	157815	0	1	3	4	#
231	118661	1	3	4	5	8	106	#
232	267597	0	1	4	7	9	106	#
233	81608	0	1	82	#
234	108015	0	3	82	#
235	172686	0	1	9	84	#
236	197415	0	1	7	84	#
237	169190	1	4	9	84	#
238	116118	0	1	4	84	#
239	407391	0	1	2	4	5	6	7	8	85	#
240	511836	0	2	3	4	5	6	7	8	85	#
241	503119	1	2	3	4	5	6	7	9	85	#
242	490652	0	1	3	4	5	6	7	8	85	#
243	464965	1	2	3	4	5	6	7	8	85	#
244	430083	0	1	2	3	4	5	7	8	85	#
245	587343	1	2	3	4	5	6	7	8	9	86	#
246	677828	0	1	3	4	5	6	7	8	9	86	#
247	248495	1	2	3	4	5	87	#
248	353141	0	3	4	6	7	87	#
249	320389	0	1	3	4	6	87	#
250	236357	1	3	4	5	7	87	#
251	214517	1	2	4	5	7	87	#
252	198427	1	4	5	6	7	87	#
253	418652	0	1	3	4	6	7	88	#
254	462884	0	1	3	4	5	7	88	#
255	359905	0	3	4	6	7	8	88	#
256	538490	0	1	3	4	5	6	7	8	93	#
257	520596	0	1	2	3	4	5	7	8	93	#
258	370582	1	2	3	4	5	7	92	#
259	382998	1	3	4	5	6	7	92	#
260	371275	0	1	3	4	5	7	92	#
261	349722	2	3	4	5	6	7	92	#
262	460325	0	1	3	4	5	6	8	97	#
263	487309	0	1	3	5	6	7	8	97	#
264	467466	0	3	4	5	6	7	8	97	#
265	434484	0	1	3	4	6	7	8	97	#
266	431684	2	3	4	5	6	7	8	97	#
267	424543	1	2	3	4	5	6	8	97	#
268	313826	0	3	4	5	9	98	#
269	354425	0	1	3	4	7	98	#
270	341297	3	4	5	6	7	98	#
271	291784	0	1	4	5	9	98	#
272	154960	2	4	5	7	8	98	#
273	327930	0	1	3	4	99	#
274	339494	0	3	4	5	99	#
275	277645	0	1	3	9	99	#
276	253715	0	1	4	7	99	#
277	123220	1	4	100	#
278	149449	0	1	100	#
279	88840	4	7	100	#
280	176483	7	8	9	103	#
281	186121	3	4	9	103	#
282	149383	4	6	7	103	#
283	530902	0	1	2	3	4	5	6	7	104	#
284	509161	0	1	3	5	6	7	8	9	104	#
285	492462	0	1	3	4	5	6	7	8	104	#
286	490213	0	1	2	3	5	6	7	8	104	#
287	483453	0	1	3	4	5	7	8	9	104	#
288	464504	0	1	2	3	4	5	7	8	104	#
289	72762	5	#
290	233314	2	4	5	7	8	113	#
291	308741	3	4	5	7	8	113	#
292	229901	1	4	5	7	8	113	#
293	208495	1	2	4	5	8	113	#
294	206014	2	4	5	6	7	113	#
295	391245	1	2	4	5	7	8	114	#
296	532599	1	3	4	6	7	8	114	#
297	517559	2	3	4	5	6	8	114	#
298	515358	0	1	3	4	5	6	114	#
299	491730	1	4	5	6	7	8	114	#
300	487688	1	2	3	4	5	6	114	#
301	331363	6	7	9	115	#
302	251229	1	4	9	115	#
303	234929	3	4	7	115	#
304	208987	0	1	6	115	#
305	337724	1	4	5	7	8	116	#
306	427862	1	3	4	6	7	116	#
307	425465	1	3	4	7	8	116	#
308	326958	4	5	6	7	8	116	#
309	320258	1	2	4	5	7	116	#
310	512533	0	1	2	4	5	6	7	8	9	117	#
311	588807	0	2	3	4	5	6	7	8	9	117	#
312	55678	2	#
313	310694	5	6	7	8	118	#
314	325361	2	5	7	8	118	#
315	320922	3	6	7	8	118	#
316	269854	0	1	2	8	118	#
317	324935	1	4	5	7	8	119	#
318	342580	0	1	4	5	7	119	#
319	331234	1	3	4	5	7	119	#
320	311884	3	5	6	7	8	119	#
321	269433	2	4	5	7	8	119	#
322	246231	2	3	4	5	8	119	#
323	422827	0	3	4	5	7	120	#
324	412777	0	1	3	4	6	120	#
325	400321	3	4	6	7	8	120	#
326	371048	1	3	4	6	7	120	#
327	350214	0	1	3	4	5	120	#
328	264753	1	2	4	5	9	120	#
329	270164	0	1	3	4	6	7	122	#
330	278412	0	3	4	6	7	8	122	#
331	382586	0	1	3	4	6	125	#
332	450429	1	3	4	5	7	125	#
333	448434	0	1	3	4	5	125	#
334	424944	0	1	2	3	5	125	#
335	393931	3	4	6	7	8	125	#
336	539741	0	1	3	4	9	126	#
337	571133	3	4	5	7	9	126	#
338	567542	0	3	4	5	9	126	#
339	498207	0	3	4	6	7	126	#
340	413062	0	1	3	4	5	126	#
341	400536	1	4	5	6	9	126	#
342	173006	1	6	7	9	127	#
343	241594	3	6	7	8	127	#
344	203590	2	4	5	9	127	#
345	170583	0	1	4	7	127	#
346	304913	3	4	5	6	7	128	#
347	325415	0	1	3	4	6	128	#
348	324573	0	1	3	6	7	128	#
349	169180	2	4	5	7	8	128	#
350	183389	5	7	8	130	#
351	253628	3	4	7	130	#
352	150846	4	7	8	130	#
353	92892	4	5	8	130	#
354	217018	3	4	5	132	#
355	183677	1	4	7	132	#
356	167414	2	4	5	132	#
357	477320	0	3	4	6	7	8	133	#
358	439411	0	3	4	5	6	7	133	#
359	419376	0	1	4	6	7	8	133	#
360	373989	1	3	4	6	7	8	133	#
361	359385	2	4	5	6	7	8	133	#
362	343693	1	4	5	6	7	8	133	#
363	630824	0	1	3	4	5	6	7	8	9	134	#
364	665631	0	1	2	3	4	6	7	8	9	134	#
365	334926	2	3	5	6	7	8	136	#
366	407830	0	1	3	4	6	7	136	#
367	347309	3	4	5	6	7	8	136	#
368	276416	1	3	4	5	7	8	136	#
369	248586	2	3	4	5	7	8	136	#
370	165760	1	2	4	5	7	8	136	#
371	284024	1	2	4	5	6	7	8	137	#
372	415421	0	2	3	5	6	7	8	137	#
373	396880	0	3	4	5	6	7	8	137	#
374	344265	0	1	3	4	5	7	8	137	#
375	343671	1	3	4	5	6	7	8	137	#
376	293132	1	2	3	4	5	7	8	137	#
377	39627	7	#
378	291938	0	1	3	138	#
379	335224	3	6	7	138	#
380	293856	3	4	7	8	139	#
381	249655	3	4	5	6	139	#
382	248944	3	4	5	8	139	#
383	229954	1	3	4	6	139	#
384	150326	1	4	7	8	139	#
385	344069	0	3	4	6	7	8	140	#
386	448939	0	1	3	4	6	9	140	#
387	396693	0	1	3	4	6	7	140	#
388	322737	0	1	2	3	4	5	140	#
389	291859	2	3	4	5	7	8	140	#
390	197787	2	4	5	6	7	8	140	#
391	339829	0	1	3	4	5	7	8	141	#
392	382640	0	1	3	4	6	7	8	141	#
393	373263	0	1	3	4	5	6	7	141	#
394	353453	0	1	2	3	4	5	7	141	#
395	239153	0	1	4	5	6	7	8	141	#
396	278694	2	5	8	9	142	#
397	310292	3	4	5	9	142	#
398	233677	2	3	5	8	142	#
399	192855	2	5	7	8	142	#
400	129863	4	5	7	8	142	#
