%% File generated by CATS v.2.1Sun Mar 17 19:45:34 2019

%% The CATS webpage is http://robotics.stanford.edu/CATS

%% PARAMETER SETTINGS:
% Goods: 15; Bids: 400; Distribution: regions-upv; Runs: 10; Seed: 1552866666
% Regions Distribution Parameters:
% Max Substitutable Bids = 5
% Removing HV Neighbor   = 0.1
% Adding DIAG Neighbor   = 0.2
% Additional Location    = 0.9
% Jump Probability       = 0.05
% Additivity             = 0.2
% Budget Factor          = 1.5
% Resale Factor          = 0.5
% Uniform Private Value:
%   Deviation            = 0.5
%   Max Good Value       = 100



goods 15
bids 400
dummy 118

0	311920	1	4	5	6	7	15	#
1	297261	4	5	6	7	8	15	#
2	279345	1	4	5	7	8	15	#
3	242633	0	1	4	5	7	15	#
4	241056	0	3	4	6	7	15	#
5	661239	0	1	2	3	4	5	6	7	8	9	14	16	#
6	813886	0	1	2	3	4	5	6	7	8	9	13	16	#
7	795794	0	1	2	3	4	5	6	7	8	10	13	16	#
8	766863	0	1	2	3	4	5	6	7	8	9	10	16	#
9	727591	0	1	2	3	4	5	6	7	8	9	12	16	#
10	690170	0	1	2	3	4	5	6	7	8	13	14	16	#
11	229361	0	1	3	6	17	#
12	269975	0	1	2	3	17	#
13	135812	0	1	3	4	17	#
14	135303	0	4	7	8	17	#
15	127505	9	#
16	122449	10	11	#
17	181419	2	5	8	26	#
18	614600	0	1	2	3	4	5	6	7	8	#
19	193354	0	3	4	5	6	19	#
20	196915	0	3	4	5	7	19	#
21	181159	1	2	4	5	12	19	#
22	82387	11	#
23	54077	14	#
24	60707	6	#
25	69335	5	#
26	159827	1	5	8	20	#
27	151322	6	7	8	20	#
28	79799	0	#
29	659694	0	1	2	3	4	5	6	7	8	10	12	21	#
30	682416	0	1	2	3	4	5	6	7	8	9	12	21	#
31	681047	0	1	2	3	4	5	6	7	8	9	10	21	#
32	667838	0	1	2	3	4	5	6	7	8	9	13	21	#
33	645116	0	1	2	3	4	5	6	7	8	10	13	21	#
34	635895	0	1	2	3	4	5	6	7	8	9	11	21	#
35	123643	13	#
36	284158	1	2	4	5	8	22	#
37	293264	0	1	2	5	8	22	#
38	267487	0	1	2	4	5	22	#
39	242476	0	1	4	5	8	22	#
40	577871	1	2	5	6	7	8	10	13	23	#
41	495902	1	2	5	7	8	9	11	13	23	#
42	483712	1	3	4	6	7	8	9	10	23	#
43	471779	0	1	2	3	5	6	7	8	23	#
44	464730	0	1	2	3	4	6	7	8	23	#
45	444893	0	1	3	5	6	7	8	12	23	#
46	537172	0	1	2	3	4	5	6	7	9	#
47	357107	0	1	2	3	4	5	8	84	#
48	431301	2	3	4	5	6	7	8	10	57	#
49	140957	3	4	5	40	#
50	200034	2	4	5	40	#
51	78582	1	#
52	83253	12	#
53	303651	1	3	4	5	6	7	8	73	#
54	681790	0	1	2	3	4	5	6	7	8	10	13	25	#
55	653529	0	1	2	3	4	5	6	7	8	11	13	25	#
56	653329	0	1	2	3	4	5	6	7	8	12	13	25	#
57	647211	0	1	2	3	4	5	6	7	8	9	10	25	#
58	628722	0	1	2	3	4	5	6	7	8	10	12	25	#
59	187971	1	2	5	26	#
60	701963	0	1	2	3	4	5	6	7	8	11	14	27	#
61	767254	0	1	2	3	4	5	6	7	8	13	14	27	#
62	741485	0	1	2	3	4	5	6	7	8	11	12	27	#
63	716885	0	1	2	3	4	5	6	7	8	12	14	27	#
64	705897	1	3	4	5	6	7	8	10	11	12	13	27	#
65	701292	0	1	2	3	4	5	6	7	8	10	12	27	#
66	180434	4	5	9	40	#
67	131409	1	2	5	39	#
68	129447	0	1	5	39	#
69	368514	0	1	2	3	4	5	7	8	12	38	#
70	436391	0	1	2	3	4	5	7	8	11	38	#
71	429208	1	2	3	4	5	6	7	8	12	14	#
72	358220	0	1	2	3	4	5	7	84	#
73	406476	0	1	2	3	4	5	6	8	14	#
74	305631	1	2	3	4	30	#
75	253372	0	3	4	6	30	#
76	239242	0	1	3	5	30	#
77	216068	3	4	5	6	30	#
78	266903	0	1	3	4	31	#
79	277826	1	3	4	5	31	#
80	269911	0	1	3	5	31	#
81	366751	0	2	3	4	5	6	7	84	#
82	420110	0	1	2	3	4	5	7	8	10	#
83	368300	0	1	2	3	4	5	6	84	#
84	541904	0	1	2	3	4	6	7	8	14	33	#
85	467985	0	1	2	3	4	5	7	8	11	33	#
86	144042	10	13	#
87	158888	3	4	5	6	7	8	108	#
88	105460	10	#
89	214494	10	13	35	#
90	154358	3	10	35	#
91	146112	6	13	35	#
92	625784	0	1	2	3	4	5	6	7	8	10	12	37	#
93	488123	0	1	2	3	4	5	6	7	12	13	#
94	375658	0	1	2	3	4	5	11	84	#
95	682181	0	1	2	3	4	5	6	7	8	10	13	37	#
96	154010	2	5	14	42	#
97	145867	1	2	5	42	#
98	60913	4	#
99	521340	1	2	3	4	5	6	7	10	12	43	#
100	603606	0	1	2	3	4	6	7	8	13	43	#
101	575677	1	2	3	4	5	6	7	8	12	14	44	#
102	420498	0	2	3	4	5	6	12	84	#
103	541633	0	1	2	3	4	5	6	7	11	12	44	#
104	611143	1	2	4	6	7	9	10	11	13	14	#
105	258096	1	3	4	5	6	7	82	#
106	267086	1	2	3	4	5	8	82	#
107	464744	0	1	3	4	5	6	7	8	12	#
108	233251	0	1	7	8	47	#
109	313120	2	6	7	8	47	#
110	233280	1	2	5	8	47	#
111	190266	4	5	7	8	47	#
112	175973	0	3	6	7	47	#
113	285553	3	4	5	6	7	8	82	#
114	629306	0	1	2	3	4	5	6	7	8	9	#
115	297677	1	3	4	5	6	8	82	#
116	313644	1	2	4	5	80	#
117	336595	0	1	2	5	80	#
118	403640	0	3	4	5	6	7	8	10	12	49	#
119	566237	0	1	2	3	4	5	7	8	11	49	#
120	480205	0	1	2	3	4	5	7	8	14	49	#
121	263810	0	1	2	3	4	5	6	8	11	50	#
122	331801	0	1	2	3	4	5	7	8	9	50	#
123	473698	0	1	2	3	5	6	7	8	10	14	51	#
124	477241	0	1	2	3	5	6	7	8	9	13	51	#
125	78751	2	#
126	384553	0	1	2	3	4	6	7	14	52	#
127	460713	2	3	6	7	8	10	11	14	52	#
128	414971	1	2	3	4	6	7	8	12	52	#
129	412810	0	1	2	3	4	5	6	8	52	#
130	395146	0	1	2	4	5	6	7	8	52	#
131	395103	0	1	2	3	4	5	7	8	52	#
132	296978	0	1	2	3	4	6	7	10	12	79	#
133	360594	0	3	4	5	6	7	8	9	12	79	#
134	368466	0	1	3	4	5	6	7	8	9	79	#
135	460572	0	1	3	4	5	6	7	11	54	#
136	460660	0	1	2	3	4	5	6	7	54	#
137	444195	0	1	2	4	5	6	7	8	54	#
138	444106	0	1	4	5	6	7	8	11	54	#
139	440804	0	1	3	4	5	6	7	10	54	#
140	421423	0	1	3	4	5	6	7	8	54	#
141	198148	0	1	2	55	#
142	205150	1	2	4	55	#
143	176213	1	4	7	55	#
144	171163	0	3	4	55	#
145	390779	0	1	2	3	4	5	7	8	9	11	56	#
146	312768	1	4	5	7	12	87	#
147	429037	0	1	2	3	4	5	6	8	11	13	56	#
148	185884	0	1	4	5	8	14	78	#
149	411571	0	3	4	5	6	7	8	12	57	#
150	468703	0	2	3	4	5	6	7	8	57	#
151	435024	0	1	2	4	5	6	7	8	57	#
152	327528	0	1	3	5	6	7	8	12	58	#
153	361661	0	1	2	3	5	6	7	8	58	#
154	349646	1	3	4	5	6	7	8	11	58	#
155	338659	1	2	3	4	5	6	7	8	58	#
156	275900	0	1	3	4	5	6	7	8	58	#
157	239170	0	1	2	4	5	8	78	#
158	242934	0	1	2	3	4	5	78	#
159	250903	1	3	4	5	7	8	78	#
160	292495	1	2	4	5	7	8	78	#
161	258764	0	1	2	4	5	7	78	#
162	153199	7	9	10	77	#
163	435417	0	1	2	3	4	5	7	8	10	60	#
164	492924	0	1	2	4	5	7	8	10	13	60	#
165	373029	0	1	2	3	4	5	6	9	61	#
166	390448	0	1	2	3	5	6	9	11	61	#
167	369016	0	1	2	4	5	7	8	9	61	#
168	310370	0	1	2	3	4	6	7	8	61	#
169	297883	0	1	2	3	4	5	6	8	61	#
170	282581	0	1	2	3	4	5	6	7	61	#
171	405884	0	1	3	4	6	14	62	#
172	505718	0	1	3	6	7	8	62	#
173	368225	0	1	3	4	6	12	62	#
174	363754	0	1	3	4	5	6	62	#
175	343086	0	1	3	4	5	8	62	#
176	542086	0	1	2	3	5	6	7	8	10	12	63	#
177	561618	1	2	3	5	6	7	8	10	11	14	63	#
178	161847	1	5	13	77	#
179	252587	1	2	10	77	#
180	453386	1	2	3	4	5	6	7	8	10	14	63	#
181	198464	9	10	13	77	#
182	560856	0	2	3	4	5	6	7	8	10	14	64	#
183	634355	0	1	2	3	4	5	7	8	9	10	64	#
184	620324	0	2	3	4	5	6	7	8	9	13	64	#
185	607517	1	2	3	4	5	6	7	8	9	11	64	#
186	571945	0	2	3	4	5	6	7	8	10	12	64	#
187	179342	2	9	65	#
188	161728	1	2	65	#
189	141793	9	13	65	#
190	223275	2	3	4	5	6	66	#
191	232136	2	4	5	7	8	66	#
192	204508	2	3	4	5	8	66	#
193	196644	0	3	4	6	7	66	#
194	185106	1	2	3	4	5	66	#
195	697839	0	1	2	3	4	5	6	7	8	12	13	67	#
196	753546	0	1	2	3	4	5	6	7	8	9	13	67	#
197	709779	0	1	2	3	4	5	6	7	8	9	14	67	#
198	705455	0	1	2	3	4	5	6	7	8	9	11	67	#
199	702929	0	1	2	3	4	5	6	7	8	10	13	67	#
200	679312	0	1	2	3	4	5	6	7	8	11	14	67	#
201	263346	0	3	4	6	7	8	75	#
202	568891	0	1	2	3	4	5	6	8	9	13	14	#
203	268965	0	3	4	5	6	7	75	#
204	302748	1	3	4	6	7	8	75	#
205	308368	1	3	4	5	6	7	75	#
206	374641	1	2	4	5	6	7	75	#
207	332320	1	2	4	5	69	#
208	337844	1	2	3	4	69	#
209	290687	0	1	2	5	69	#
210	281860	2	4	5	8	69	#
211	220589	0	1	4	5	69	#
212	409257	0	1	2	3	4	5	6	7	14	70	#
213	521608	0	1	2	3	4	6	7	13	14	70	#
214	493192	0	1	2	3	4	6	7	8	9	70	#
215	183192	3	5	6	7	8	101	#
216	273077	3	4	5	6	7	8	75	#
217	653067	0	1	2	3	4	5	6	7	8	13	71	#
218	621167	0	1	2	3	4	5	8	9	12	13	71	#
219	670694	0	1	2	3	4	5	7	8	9	74	#
220	630377	0	1	2	3	4	5	6	7	8	74	#
221	111294	4	6	7	8	72	#
222	162728	3	4	7	8	72	#
223	141360	3	4	7	12	72	#
224	99028	4	5	7	8	72	#
225	89925	4	6	7	12	72	#
226	307537	1	2	3	4	5	6	10	73	#
227	454934	1	3	4	6	7	8	13	73	#
228	390923	1	2	3	4	6	7	8	73	#
229	387620	3	4	6	7	9	10	14	73	#
230	344013	1	2	3	4	5	6	7	73	#
231	77904	7	#
232	615355	0	1	2	3	4	5	6	7	9	10	12	#
233	482216	0	1	3	4	5	6	7	8	10	#
234	339262	1	4	5	7	8	87	#
235	341708	1	2	4	5	7	87	#
236	34536	8	#
237	240543	0	1	3	5	88	#
238	311962	0	1	2	5	88	#
239	291586	1	2	4	5	88	#
240	169259	0	3	4	6	88	#
241	289943	3	4	6	7	8	89	#
242	341450	0	1	2	4	7	89	#
243	321840	1	3	4	7	8	89	#
244	315773	1	3	4	6	7	89	#
245	314866	1	2	4	5	8	89	#
246	240585	3	4	5	7	8	89	#
247	334889	0	1	2	4	5	8	90	#
248	499165	1	2	5	6	7	8	90	#
249	440177	0	1	2	5	7	8	90	#
250	403659	1	2	4	5	7	8	90	#
251	318095	1	3	4	5	7	8	90	#
252	227195	0	1	3	4	5	6	90	#
253	378531	0	1	2	3	5	6	7	8	91	#
254	395244	0	1	2	3	4	5	6	9	91	#
255	321583	0	1	2	3	4	5	6	7	91	#
256	321508	0	1	2	3	4	6	7	14	91	#
257	319246	0	1	2	3	4	5	6	8	91	#
258	300769	1	2	3	4	5	6	7	8	91	#
259	197474	1	2	4	5	92	#
260	183746	2	4	5	8	92	#
261	477071	1	2	3	4	5	8	13	93	#
262	567967	1	2	3	4	5	9	13	93	#
263	463900	1	2	3	4	5	6	7	93	#
264	401673	0	1	2	3	4	5	8	93	#
265	399847	0	1	2	3	4	5	11	93	#
266	301920	0	1	3	4	5	7	8	93	#
267	137939	3	6	94	#
268	118267	3	4	94	#
269	387532	0	1	2	4	6	7	95	#
270	352897	0	1	2	4	5	10	95	#
271	302341	0	1	2	3	4	5	95	#
272	295604	1	3	4	6	7	8	95	#
273	263150	1	3	4	6	7	12	95	#
274	256205	0	1	4	5	7	8	95	#
275	87793	0	1	4	96	#
276	114466	0	1	3	96	#
277	243452	0	1	2	4	5	8	115	#
278	536659	1	2	4	5	6	7	8	11	12	111	#
279	469005	0	1	3	4	5	6	7	8	9	97	#
280	518470	1	2	3	4	5	7	8	11	13	97	#
281	511839	0	1	2	3	4	5	6	7	13	97	#
282	481097	0	1	2	3	4	5	7	8	10	97	#
283	628182	0	1	2	3	5	6	7	8	9	11	#
284	347316	1	2	3	4	5	6	7	99	#
285	334708	0	1	2	3	4	5	7	99	#
286	321938	0	1	2	3	4	5	6	99	#
287	314177	1	2	3	4	5	7	8	99	#
288	303575	0	1	2	4	5	7	8	99	#
289	291683	0	1	3	4	5	6	7	99	#
290	474249	0	1	2	3	4	5	7	8	13	#
291	238262	2	3	5	6	8	101	#
292	278260	1	2	4	5	7	101	#
293	204998	3	4	6	7	8	101	#
294	200543	1	4	5	7	8	101	#
295	125133	6	7	102	#
296	77715	4	7	102	#
297	571424	0	1	2	3	4	5	6	7	13	14	103	#
298	615629	0	1	2	3	4	5	8	10	12	13	103	#
299	184975	1	6	7	8	14	104	#
300	245265	1	3	4	6	7	104	#
301	207024	1	4	6	7	8	104	#
302	193976	3	4	6	7	14	104	#
303	123675	1	2	4	5	7	104	#
304	361210	0	1	3	4	5	6	8	105	#
305	338061	0	1	3	4	6	7	13	105	#
306	336474	0	1	2	3	4	5	6	105	#
307	287425	0	1	3	4	5	6	7	105	#
308	393160	0	1	3	4	6	7	8	106	#
309	469460	2	3	4	5	6	7	8	106	#
310	463020	1	2	4	5	6	7	8	106	#
311	441978	1	2	3	4	5	7	8	106	#
312	423295	0	1	2	4	5	7	8	106	#
313	406136	1	3	4	5	6	7	8	106	#
314	632987	0	1	2	3	4	5	6	7	8	12	13	14	#
315	236550	0	1	3	4	7	9	108	#
316	312612	0	3	6	9	13	14	108	#
317	229120	0	1	3	4	6	7	108	#
318	658628	0	1	2	3	4	5	6	7	8	9	10	12	109	#
319	772083	0	1	2	3	4	5	6	7	8	12	13	14	109	#
320	712387	0	1	2	3	4	5	6	7	8	11	13	14	109	#
321	708344	0	1	2	3	4	5	6	7	8	9	11	13	109	#
322	693803	0	1	2	3	4	5	6	7	8	10	11	13	109	#
323	171261	3	6	110	#
324	170974	6	7	110	#
325	479785	0	1	2	3	4	5	7	8	11	111	#
326	565428	0	1	2	4	5	6	7	8	12	111	#
327	545842	0	1	2	4	5	6	7	8	10	111	#
328	140748	1	5	112	#
329	144625	5	8	112	#
330	270993	0	1	3	4	5	6	7	8	11	113	#
331	291114	0	1	3	4	5	6	7	8	10	113	#
332	536057	0	1	2	3	4	5	6	8	13	14	#
333	257748	0	2	3	4	5	7	115	#
334	295238	0	1	2	3	5	6	115	#
335	287832	0	1	2	3	4	5	115	#
336	286969	2	3	4	5	6	8	115	#
337	275782	2	3	4	6	7	8	115	#
338	165126	1	2	5	116	#
339	161433	0	1	5	116	#
340	141189	4	5	8	116	#
341	293085	2	4	5	6	7	8	117	#
342	344513	2	4	5	6	7	13	117	#
343	323751	0	1	2	4	5	7	117	#
344	265847	1	2	4	5	7	8	117	#
345	223191	3	4	5	6	7	8	117	#
346	812041	0	1	2	3	4	5	6	7	8	9	10	13	118	#
347	752268	0	1	2	3	4	5	6	7	8	10	13	14	118	#
348	738722	0	1	2	3	4	5	6	7	8	9	10	14	118	#
349	726860	0	1	2	3	4	5	6	7	8	9	11	13	118	#
350	708856	0	1	2	3	4	5	6	7	8	10	11	13	118	#
351	691953	0	1	2	3	4	5	6	7	8	9	12	14	118	#
352	340869	0	1	2	4	5	8	14	119	#
353	361844	1	2	4	5	7	11	14	119	#
354	357245	0	1	2	4	5	7	8	119	#
355	330854	0	1	2	3	4	5	8	119	#
356	319373	0	1	2	3	4	5	7	119	#
357	318735	1	2	4	5	6	7	8	119	#
358	110715	0	3	121	#
359	140258	0	1	121	#
360	77616	3	4	121	#
361	396654	1	2	4	6	7	13	122	#
362	360070	1	2	4	6	7	12	122	#
363	292915	1	2	3	4	6	7	122	#
364	266819	1	2	4	5	6	7	122	#
365	201181	3	4	5	7	13	14	122	#
366	152383	1	3	4	5	6	7	122	#
367	483131	0	1	3	4	5	7	8	11	13	123	#
368	616708	0	2	3	4	5	6	7	8	13	123	#
369	593130	0	2	3	4	5	6	7	8	12	123	#
370	115059	6	7	124	#
371	83674	3	6	124	#
372	148304	8	13	125	#
373	162601	11	13	125	#
374	60315	7	8	125	#
375	184561	0	3	4	5	8	126	#
376	227289	0	1	4	7	8	126	#
377	219972	0	1	3	4	5	126	#
378	206581	0	1	4	5	8	126	#
379	108864	0	3	127	#
380	102661	3	6	127	#
381	260891	4	5	6	7	8	128	#
382	364198	3	4	6	7	13	128	#
383	339928	3	6	7	8	12	128	#
384	319466	2	4	5	7	8	128	#
385	287538	0	3	4	6	7	128	#
386	275936	0	3	4	7	8	128	#
387	185122	3	4	5	8	129	#
388	239534	1	2	5	8	129	#
389	204326	1	2	4	13	129	#
390	197542	2	3	4	5	129	#
391	177544	0	3	4	5	129	#
392	396018	0	1	2	3	4	5	6	7	11	13	130	#
393	492379	0	1	2	3	4	5	6	7	8	9	130	#
394	430728	0	1	2	3	4	5	6	7	8	10	130	#
395	411101	0	1	2	3	4	5	6	7	8	12	130	#
396	408125	0	1	2	3	4	5	6	7	8	14	130	#
397	132881	0	3	4	6	132	#
398	130577	1	4	5	8	132	#
399	68260	0	3	4	5	132	#
