%% File generated by CATS v.2.1Sun Mar 17 19:45:34 2019

%% The CATS webpage is http://robotics.stanford.edu/CATS

%% PARAMETER SETTINGS:
% Goods: 15; Bids: 400; Distribution: regions-upv; Runs: 10; Seed: 1552866666
% Regions Distribution Parameters:
% Max Substitutable Bids = 5
% Removing HV Neighbor   = 0.1
% Adding DIAG Neighbor   = 0.2
% Additional Location    = 0.9
% Jump Probability       = 0.05
% Additivity             = 0.2
% Budget Factor          = 1.5
% Resale Factor          = 0.5
% Uniform Private Value:
%   Deviation            = 0.5
%   Max Good Value       = 100



goods 15
bids 401
dummy 117

0	115874	10	11	15	#
1	158663	6	10	15	#
2	143253	12	#
3	281191	1	4	5	10	12	58	#
4	71066	11	#
5	323531	3	6	7	8	16	#
6	335698	5	6	7	8	16	#
7	139838	1	4	7	8	17	#
8	179231	1	4	5	7	17	#
9	131591	3	4	7	8	17	#
10	128041	4	5	7	9	17	#
11	71316	13	#
12	736094	0	1	2	3	4	5	6	7	8	#
13	170252	7	12	57	#
14	642088	0	1	2	3	4	5	7	8	12	45	#
15	144332	11	12	57	#
16	120640	3	9	56	#
17	141355	9	10	56	#
18	313670	3	4	6	7	10	55	#
19	325261	1	2	4	5	8	55	#
20	345335	0	2	3	4	5	55	#
21	660216	0	2	3	4	5	6	7	8	9	10	12	#
22	375035	0	3	4	5	6	55	#
23	452774	2	3	5	6	8	55	#
24	552532	0	2	3	4	5	6	7	20	#
25	534735	1	2	3	4	5	6	7	20	#
26	533002	0	2	5	6	7	8	13	20	#
27	523343	0	1	2	3	4	5	7	20	#
28	508126	2	3	4	5	6	7	8	20	#
29	495477	0	1	3	4	5	6	7	20	#
30	330684	1	3	4	5	7	21	#
31	407695	0	1	3	4	7	21	#
32	367083	0	3	4	6	7	21	#
33	318900	1	2	4	5	7	21	#
34	295456	3	4	6	7	14	21	#
35	248974	2	5	#
36	363513	0	3	4	6	10	55	#
37	386553	1	2	3	4	5	7	8	54	#
38	391667	2	3	4	5	6	7	8	54	#
39	395465	0	1	3	4	5	7	8	54	#
40	462375	1	2	4	5	7	8	10	54	#
41	371179	1	4	5	6	7	8	10	54	#
42	423856	2	4	5	6	7	8	10	11	53	#
43	544487	1	2	3	4	5	6	7	8	14	#
44	78709	9	#
45	87014	10	#
46	492572	1	2	3	4	5	7	8	9	53	#
47	674613	0	1	2	3	4	5	6	8	13	24	#
48	624300	0	1	3	4	5	6	7	8	11	24	#
49	144462	7	12	#
50	112398	1	#
51	294594	0	3	12	26	#
52	304230	2	5	12	26	#
53	187404	0	3	#
54	507767	0	1	2	3	4	5	7	13	27	#
55	564118	0	1	3	4	5	7	8	12	27	#
56	475204	0	1	2	3	4	5	7	8	27	#
57	453657	0	1	3	4	5	6	7	8	27	#
58	436216	1	3	4	5	7	8	11	13	27	#
59	90064	3	6	14	28	#
60	129611	3	6	9	28	#
61	120907	7	#
62	385577	1	2	4	5	7	8	29	#
63	512609	2	5	7	8	10	11	29	#
64	444521	0	2	3	4	5	6	29	#
65	431608	2	4	5	6	7	8	29	#
66	383169	0	3	4	6	7	8	29	#
67	370618	0	1	3	4	5	8	29	#
68	421447	0	3	4	5	6	7	8	30	#
69	541503	0	2	3	5	6	7	8	30	#
70	403334	2	5	6	7	8	11	13	30	#
71	394577	0	1	3	4	5	7	8	30	#
72	379550	2	3	4	5	6	7	8	30	#
73	347971	1	3	4	5	6	7	8	30	#
74	76286	14	#
75	573115	0	1	2	3	4	5	7	8	53	#
76	757384	0	1	2	3	4	5	6	7	12	14	31	#
77	638898	0	2	3	4	5	7	8	12	53	#
78	563499	0	1	3	4	5	7	11	12	53	#
79	629933	0	1	3	4	5	6	7	8	12	14	31	#
80	91804	8	#
81	680626	0	1	3	4	5	6	7	8	10	13	#
82	517997	1	2	3	4	5	6	7	8	9	32	#
83	474102	0	1	3	4	5	6	7	8	13	32	#
84	308791	4	5	7	8	33	#
85	298137	2	4	5	7	33	#
86	779935	0	1	2	3	4	5	6	7	8	9	11	114	#
87	617928	0	1	2	3	4	5	6	7	10	#
88	271478	0	2	5	35	#
89	269877	0	3	6	35	#
90	792764	0	1	2	3	4	5	6	7	8	9	12	114	#
91	147252	1	4	5	35	#
92	251133	1	2	4	5	13	51	#
93	753525	0	1	2	3	4	5	6	7	8	9	10	12	#
94	257345	0	3	4	6	7	51	#
95	264885	2	3	4	5	13	51	#
96	298565	2	3	4	5	7	51	#
97	225684	4	5	7	8	13	51	#
98	773203	0	1	3	4	5	6	7	8	12	14	37	#
99	832546	0	1	2	3	4	5	6	7	8	11	37	#
100	828434	0	1	2	3	4	5	6	7	8	10	37	#
101	795860	0	1	2	3	4	5	6	7	8	9	37	#
102	763230	0	1	2	3	4	5	6	7	8	14	37	#
103	751542	0	3	4	6	7	8	10	11	12	14	37	#
104	793378	0	1	2	3	4	5	6	7	8	9	10	114	#
105	266912	2	3	4	5	7	38	#
106	253584	1	3	4	6	7	38	#
107	249594	0	3	4	6	7	38	#
108	239275	3	4	5	7	10	38	#
109	830211	0	1	2	3	4	5	6	7	8	10	11	114	#
110	843040	0	1	2	3	4	5	6	7	8	10	12	114	#
111	383788	1	2	3	4	5	6	7	8	12	39	#
112	383698	0	2	3	4	5	6	7	8	9	39	#
113	374711	0	2	3	4	5	6	7	9	13	39	#
114	662385	0	2	3	4	5	6	7	8	10	45	#
115	439817	0	1	3	4	5	6	7	8	12	40	#
116	427720	1	4	5	6	7	8	9	12	14	40	#
117	251671	4	5	7	8	50	#
118	315853	0	1	2	3	4	5	7	8	11	40	#
119	314368	2	5	7	8	50	#
120	208344	5	8	#
121	203070	6	7	49	#
122	672086	1	2	3	4	5	6	7	8	9	14	#
123	194477	7	8	49	#
124	641556	0	1	3	4	5	6	7	8	10	12	#
125	759519	0	1	2	3	4	5	6	7	8	10	42	#
126	805405	0	1	2	3	4	5	6	7	8	11	42	#
127	787235	0	1	3	4	5	6	7	8	10	12	42	#
128	784412	0	1	2	3	4	5	6	7	8	9	42	#
129	737056	0	1	2	3	4	5	6	7	8	13	42	#
130	300324	4	6	7	12	13	46	#
131	321422	1	2	4	5	8	46	#
132	335225	1	3	4	5	7	46	#
133	341122	2	3	4	5	8	46	#
134	370904	2	4	5	7	8	46	#
135	319742	1	2	4	5	13	46	#
136	597395	0	2	3	4	5	6	7	8	13	45	#
137	593525	0	1	3	4	5	6	7	8	13	44	#
138	535312	0	1	3	4	5	6	7	8	14	44	#
139	526255	1	2	3	4	5	6	7	8	10	44	#
140	261879	3	4	5	8	10	58	#
141	391242	1	2	4	5	8	58	#
142	374860	2	3	4	5	8	58	#
143	295765	1	3	4	7	8	58	#
144	680143	0	1	3	4	5	6	7	8	11	12	59	#
145	773353	0	1	2	3	4	5	6	7	8	12	59	#
146	753524	0	1	2	3	4	5	6	7	8	10	59	#
147	719739	0	1	2	3	4	5	6	7	8	14	59	#
148	774483	0	1	2	3	4	5	6	7	8	9	10	11	60	#
149	849556	0	1	2	3	4	5	6	7	8	9	10	12	60	#
150	838629	0	1	2	3	4	5	6	7	8	9	10	13	60	#
151	831849	0	1	2	3	4	5	6	7	8	10	13	14	60	#
152	827672	0	1	2	3	4	5	6	7	8	11	12	13	60	#
153	823618	0	1	2	3	4	5	6	7	8	9	12	13	60	#
154	279484	3	4	5	7	8	13	61	#
155	353432	2	5	7	8	13	14	61	#
156	311239	2	3	4	5	7	8	61	#
157	279967	3	4	5	7	8	14	61	#
158	271741	1	2	3	4	5	6	61	#
159	260865	2	4	5	7	8	11	61	#
160	592032	0	2	3	4	5	6	7	8	62	#
161	626531	0	3	4	5	6	7	8	12	62	#
162	617889	0	1	2	3	4	5	6	7	62	#
163	587813	0	1	2	3	4	5	7	8	62	#
164	564970	0	1	3	4	5	6	7	8	62	#
165	342135	3	4	6	7	8	63	#
166	361331	1	4	6	7	8	63	#
167	335670	0	3	4	6	7	63	#
168	333342	4	5	7	8	9	63	#
169	306626	1	3	4	6	7	63	#
170	186921	9	12	64	#
171	145230	5	12	64	#
172	113107	5	#
173	630332	0	2	3	4	5	6	7	8	14	65	#
174	639316	0	2	3	4	5	6	7	8	12	65	#
175	393207	1	2	3	4	5	7	8	66	#
176	403466	0	3	4	5	7	8	12	66	#
177	385700	0	1	3	4	5	7	8	66	#
178	373328	0	2	3	4	5	7	8	66	#
179	829597	0	1	2	3	4	5	6	7	8	11	12	114	#
180	619160	0	1	2	3	4	5	6	7	8	10	113	#
181	170236	1	3	4	8	#
182	243599	3	6	7	68	#
183	211264	4	5	7	68	#
184	207954	0	3	6	68	#
185	692356	0	1	2	3	4	5	7	8	9	12	69	#
186	696112	0	1	2	3	4	5	6	7	8	12	69	#
187	743495	0	1	2	3	4	5	6	7	8	9	70	#
188	786959	0	1	2	3	4	5	6	7	8	12	70	#
189	775284	0	2	3	4	5	6	7	8	9	12	70	#
190	755539	0	1	2	3	4	5	6	7	8	10	70	#
191	752492	0	1	2	3	4	5	6	7	8	13	70	#
192	741351	0	1	2	3	4	5	6	7	8	14	70	#
193	536988	1	2	3	4	5	6	7	8	9	71	#
194	627855	0	1	2	3	4	5	6	7	12	71	#
195	582444	0	1	2	3	4	5	6	7	8	71	#
196	477264	0	1	3	4	5	6	7	8	9	71	#
197	407751	0	3	6	7	8	9	11	13	14	71	#
198	730273	0	1	2	3	4	5	6	7	8	12	113	#
199	851006	0	1	2	3	4	5	6	7	8	12	72	#
200	822935	0	1	2	3	4	5	6	7	8	10	72	#
201	743260	0	1	2	3	4	5	6	7	8	14	72	#
202	731544	0	1	2	3	4	5	6	7	10	11	72	#
203	709352	0	1	2	3	4	5	6	7	8	11	72	#
204	705399	0	1	3	4	5	6	7	8	9	13	72	#
205	304853	2	4	5	7	8	13	73	#
206	410707	2	3	4	5	6	8	73	#
207	403489	0	3	4	6	7	8	73	#
208	393239	3	4	5	8	12	13	73	#
209	371556	0	1	3	4	5	8	73	#
210	357677	1	2	3	4	5	8	73	#
211	624281	0	2	3	4	5	6	7	8	12	14	74	#
212	678865	0	1	2	3	4	5	6	7	8	12	74	#
213	660943	0	1	2	3	4	5	6	7	8	10	74	#
214	516856	0	1	3	4	5	6	7	8	10	14	75	#
215	555578	0	1	2	3	4	5	6	7	8	12	75	#
216	543850	0	1	2	3	4	5	6	7	8	9	75	#
217	527624	0	1	2	3	4	5	6	7	8	11	75	#
218	794225	0	1	2	3	4	5	6	7	8	10	13	14	76	#
219	911242	0	1	2	3	4	5	6	7	8	10	11	12	76	#
220	885474	0	2	3	4	5	6	7	8	9	10	12	14	76	#
221	877006	0	1	2	3	4	5	6	7	8	9	11	12	76	#
222	869872	0	1	2	3	4	5	6	7	8	9	12	13	76	#
223	853078	0	1	2	3	4	5	6	7	8	10	12	14	76	#
224	536528	0	1	3	4	5	6	7	8	14	77	#
225	548144	0	1	2	3	4	5	7	8	11	77	#
226	154064	9	12	78	#
227	186222	2	9	78	#
228	90754	12	14	78	#
229	883550	0	1	2	3	4	5	6	7	8	9	11	12	13	79	#
230	968393	0	1	2	3	4	5	6	7	8	9	11	12	14	79	#
231	955750	0	1	2	3	4	5	6	7	8	9	10	12	14	79	#
232	910541	0	1	2	3	4	5	6	7	8	10	11	12	14	79	#
233	870908	0	1	2	3	4	5	6	7	8	9	10	12	13	79	#
234	823630	0	1	2	3	4	5	6	7	8	9	11	13	14	79	#
235	368583	0	1	3	4	6	7	8	80	#
236	529879	0	2	3	5	6	7	8	80	#
237	427812	1	2	4	5	6	7	8	80	#
238	357624	0	1	3	4	5	6	7	80	#
239	353429	0	3	4	6	7	8	9	80	#
240	352420	0	3	4	5	6	7	8	80	#
241	736709	0	1	2	3	4	5	7	8	12	13	113	#
242	222283	0	3	4	81	#
243	201243	1	4	5	81	#
244	591368	0	1	2	3	4	5	7	8	13	14	113	#
245	224215	0	3	4	5	82	#
246	135664	7	8	10	11	82	#
247	324206	4	5	6	7	8	83	#
248	434108	2	5	6	7	8	83	#
249	369376	3	4	5	6	7	83	#
250	318196	2	4	5	7	8	83	#
251	294991	3	4	6	7	8	83	#
252	320994	1	4	6	7	8	112	#
253	341685	0	2	3	4	5	84	#
254	323198	0	3	4	6	7	84	#
255	238796	3	4	5	6	7	84	#
256	231368	1	3	4	6	7	84	#
257	105872	0	#
258	591050	0	3	6	7	10	11	12	13	85	#
259	595672	1	2	4	5	6	7	8	12	85	#
260	577261	1	2	4	5	6	7	8	11	85	#
261	548321	0	2	3	4	5	6	7	8	85	#
262	545515	1	4	5	6	7	8	10	12	85	#
263	538345	1	2	3	4	5	6	7	8	85	#
264	207442	10	12	86	#
265	157503	0	12	86	#
266	145113	0	10	86	#
267	358712	1	2	4	5	7	87	#
268	340681	1	4	5	7	8	87	#
269	334188	1	3	4	5	7	87	#
270	289902	1	2	4	5	8	87	#
271	283313	2	3	4	5	7	87	#
272	265282	3	4	5	7	8	87	#
273	761122	0	1	2	3	4	5	6	7	8	12	88	#
274	654429	0	1	2	3	4	5	6	7	8	10	88	#
275	653670	0	1	2	3	4	5	6	7	8	9	88	#
276	633553	0	1	2	3	4	5	6	7	8	11	88	#
277	625430	0	1	2	3	4	5	6	7	8	14	88	#
278	568555	1	3	4	5	6	7	11	12	13	14	88	#
279	455779	0	1	3	4	5	6	7	8	11	89	#
280	555425	0	1	3	4	5	6	7	8	12	89	#
281	292996	3	6	7	8	90	#
282	370647	0	3	6	7	90	#
283	331532	2	5	7	8	90	#
284	244682	3	4	6	7	90	#
285	739899	0	1	2	3	4	5	6	7	8	14	91	#
286	881069	0	1	2	3	4	5	6	7	8	12	91	#
287	854177	0	1	3	4	5	6	7	8	10	12	91	#
288	782731	0	1	2	3	4	5	6	7	8	9	91	#
289	771031	0	1	2	3	4	5	6	7	8	10	91	#
290	759551	0	1	2	3	4	5	6	7	8	13	91	#
291	377277	0	1	3	4	5	8	92	#
292	457709	0	3	4	5	6	8	92	#
293	447397	0	3	4	5	6	7	92	#
294	429073	0	1	3	4	5	6	92	#
295	303256	1	2	4	5	7	8	92	#
296	344256	0	1	3	4	6	112	#
297	363239	3	5	6	7	8	93	#
298	330846	2	3	5	7	8	93	#
299	281976	0	1	3	4	6	93	#
300	171215	8	9	14	94	#
301	216857	1	12	14	94	#
302	151824	8	9	11	94	#
303	603639	0	2	3	5	6	7	8	95	#
304	561838	0	2	3	4	5	6	7	95	#
305	456990	2	3	4	5	6	7	8	95	#
306	413059	0	1	3	4	6	7	8	95	#
307	397221	1	2	3	4	5	7	8	95	#
308	370609	2	4	5	7	8	112	#
309	218666	6	7	8	#
310	386820	3	4	6	7	8	112	#
311	491047	0	1	3	4	6	7	8	11	13	97	#
312	672611	1	2	3	4	5	6	7	8	12	97	#
313	608584	1	2	3	4	5	6	7	8	13	97	#
314	502776	1	2	3	4	5	6	7	8	10	98	#
315	644115	0	1	2	3	4	5	6	8	12	98	#
316	546478	0	1	2	3	4	5	7	8	9	98	#
317	527522	0	1	2	3	4	5	6	8	13	98	#
318	597792	1	2	3	4	5	6	7	8	14	99	#
319	674662	0	1	3	4	5	6	7	8	10	99	#
320	260293	1	4	7	10	100	#
321	262333	1	4	5	7	100	#
322	237248	1	4	7	13	100	#
323	235893	4	6	7	8	100	#
324	194049	0	3	4	5	11	126	#
325	541310	0	1	2	3	4	5	7	8	10	13	101	#
326	620258	0	1	2	3	4	5	6	7	8	11	101	#
327	586168	0	1	2	3	4	5	6	7	8	10	101	#
328	360506	1	3	4	5	6	110	#
329	175738	1	4	7	102	#
330	245058	3	4	7	102	#
331	424170	0	3	4	6	7	112	#
332	680633	0	1	3	4	5	6	7	8	10	13	103	#
333	704314	0	1	2	3	4	5	6	7	8	12	103	#
334	582864	0	1	3	4	6	7	10	104	#
335	586265	1	2	3	4	5	6	7	104	#
336	531811	1	2	3	4	5	6	8	104	#
337	493290	1	3	4	5	6	7	8	104	#
338	475473	0	1	3	4	5	7	8	104	#
339	561822	1	2	3	4	5	6	7	8	13	#
340	422041	3	5	6	7	8	112	#
341	221200	5	7	8	#
342	459426	0	1	3	4	6	110	#
343	320066	1	4	6	7	8	126	#
344	470110	0	3	6	7	8	110	#
345	390002	0	3	4	5	6	110	#
346	328264	1	5	7	8	12	126	#
347	321096	3	4	5	6	7	126	#
348	340182	2	4	5	7	8	126	#
349	588422	0	2	3	4	5	6	7	8	14	#
350	598432	1	2	3	4	5	6	7	8	14	116	#
351	657141	0	1	2	3	4	5	6	8	12	116	#
352	604531	0	1	3	4	5	6	7	8	14	116	#
353	273842	7	8	11	117	#
354	279386	6	7	8	117	#
355	252301	5	7	8	117	#
356	233507	0	3	11	117	#
357	220098	7	12	118	#
358	266478	6	7	118	#
359	159209	3	12	118	#
360	537287	0	3	4	5	7	8	10	119	#
361	556603	0	1	3	4	5	7	8	119	#
362	555124	0	2	3	4	5	7	8	119	#
363	531587	0	1	3	4	6	7	8	119	#
364	518573	0	3	4	5	6	7	8	119	#
365	441873	1	3	4	5	7	8	13	119	#
366	883478	0	1	2	3	4	5	6	7	8	11	12	120	#
367	851846	0	1	2	3	4	5	6	7	8	11	14	120	#
368	847515	0	1	2	3	4	5	6	7	8	9	12	120	#
369	843410	0	1	2	3	4	5	6	7	8	10	12	120	#
370	826672	0	1	2	3	4	5	6	7	8	11	13	120	#
371	815883	0	1	2	3	4	5	6	7	8	9	14	120	#
372	106700	2	#
373	602300	0	1	2	3	4	5	6	7	11	122	#
374	671947	1	2	3	4	5	6	7	8	12	122	#
375	203892	1	3	4	124	#
376	170888	1	4	7	124	#
377	168928	3	4	6	124	#
378	566096	1	2	3	4	5	6	7	8	14	125	#
379	602866	1	2	3	4	5	6	7	8	9	125	#
380	582743	1	2	3	4	5	6	7	8	10	125	#
381	346309	4	6	7	8	12	126	#
382	191980	3	4	9	127	#
383	218380	0	3	4	127	#
384	215738	2	5	9	127	#
385	198133	3	4	5	127	#
386	598655	0	1	2	3	4	5	7	8	10	128	#
387	633033	0	1	3	4	5	6	7	8	10	128	#
388	623160	1	2	3	4	5	6	7	8	9	128	#
389	608395	0	2	3	4	5	6	7	8	10	128	#
390	556378	0	1	3	4	6	7	8	129	#
391	572023	1	3	4	7	8	10	12	129	#
392	564055	1	2	4	5	6	7	8	129	#
393	561793	1	3	4	6	7	8	14	129	#
394	546060	1	3	4	5	6	7	8	129	#
395	529453	0	1	3	4	5	6	7	129	#
396	252009	0	3	4	10	13	14	130	#
397	357217	3	4	5	6	7	8	130	#
398	127615	3	4	6	131	#
399	243990	2	5	8	131	#
400	170835	3	4	5	131	#
