%% File generated by CATS v.2.1Mon Aug 19 19:12:21 2019

%% The CATS webpage is http://robotics.stanford.edu/CATS

%% PARAMETER SETTINGS:
% Goods: 40; Bids: 1600; Distribution: matching; Runs: 10; Seed: 1566250985
% Matching Distribution Parameters:
% Max airport price       = 5
% Early takeoff deviation = 1
% Late takeoff deviation  = 2
% Early landing deviation = 1
% Late landing deviation  = 2
% Deviation               = 0.500000
% Delay coefficient       = 0.900000
% Amount late coefficient = 0.750000



goods 40
bids 1602
dummy 379

0	1966	13	22	40	#
1	1327	13	26	40	#
2	1194	13	30	40	#
3	1075	13	34	40	#
4	1475	17	26	40	#
5	1327	17	30	40	#
6	1194	17	34	40	#
7	1475	21	30	40	#
8	1327	21	34	40	#
9	1475	25	34	40	#
10	1041	9	36	54	#
11	2982	26	33	42	#
12	2013	26	37	42	#
13	2237	30	37	42	#
14	1967	27	33	45	#
15	1962	9	18	79	#
16	2622	15	21	45	#
17	1770	15	25	45	#
18	1593	15	29	45	#
19	1434	15	33	45	#
20	1967	19	25	45	#
21	1770	19	29	45	#
22	1593	19	33	45	#
23	1967	23	29	45	#
24	1770	23	33	45	#
25	1818	1	28	46	#
26	1227	1	32	46	#
27	1105	1	36	46	#
28	1364	5	32	46	#
29	1227	5	36	46	#
30	1364	9	36	46	#
31	4756	29	39	62	#
32	1772	5	32	48	#
33	1196	5	36	48	#
34	1329	9	36	48	#
35	3249	18	25	49	#
36	2193	18	29	49	#
37	1974	18	33	49	#
38	1776	18	37	49	#
39	2436	22	29	49	#
40	2193	22	33	49	#
41	1974	22	37	49	#
42	2436	26	33	49	#
43	2193	26	37	49	#
44	2436	30	37	49	#
45	3385	1	10	50	#
46	2285	1	14	50	#
47	2056	1	18	50	#
48	1851	1	22	50	#
49	2539	5	14	50	#
50	2285	5	18	50	#
51	2056	5	22	50	#
52	2539	9	18	50	#
53	2285	9	22	50	#
54	2539	13	22	50	#
55	1548	1	10	51	#
56	1393	1	14	51	#
57	1254	1	18	51	#
58	1548	5	14	51	#
59	1393	5	18	51	#
60	1548	9	18	51	#
61	5129	11	17	52	#
62	3462	11	21	52	#
63	3116	11	25	52	#
64	2804	11	29	52	#
65	3847	15	21	52	#
66	3462	15	25	52	#
67	3116	15	29	52	#
68	3847	19	25	52	#
69	3462	19	29	52	#
70	3847	23	29	52	#
71	2769	11	17	182	#
72	1388	1	28	54	#
73	937	1	32	54	#
74	843	1	36	54	#
75	1041	5	32	54	#
76	937	5	36	54	#
77	3299	25	35	55	#
78	2227	25	39	55	#
79	2474	29	39	55	#
80	6220	11	17	56	#
81	4198	11	21	56	#
82	3779	11	25	56	#
83	3401	11	29	56	#
84	4665	15	21	56	#
85	4198	15	25	56	#
86	3779	15	29	56	#
87	4665	19	25	56	#
88	4198	19	29	56	#
89	4665	23	29	56	#
90	4780	9	19	59	#
91	3227	9	23	59	#
92	2904	9	27	59	#
93	2614	9	31	59	#
94	3585	13	23	59	#
95	3227	13	27	59	#
96	2904	13	31	59	#
97	3585	17	27	59	#
98	3227	17	31	59	#
99	3585	21	31	59	#
100	857	1	28	60	#
101	771	1	32	60	#
102	694	1	36	60	#
103	857	5	32	60	#
104	771	5	36	60	#
105	857	9	36	60	#
106	2442	29	39	89	#
107	6342	17	27	62	#
108	4281	17	31	62	#
109	3853	17	35	62	#
110	3467	17	39	62	#
111	4756	21	31	62	#
112	4281	21	35	62	#
113	3853	21	39	62	#
114	4756	25	35	62	#
115	4281	25	39	62	#
116	4898	1	11	64	#
117	3306	1	15	64	#
118	2975	1	19	64	#
119	2678	1	23	64	#
120	3673	5	15	64	#
121	3306	5	19	64	#
122	2975	5	23	64	#
123	3673	9	19	64	#
124	3306	9	23	64	#
125	3673	13	23	64	#
126	3715	11	17	77	#
127	4311	3	9	67	#
128	3880	3	13	67	#
129	3492	3	17	67	#
130	4311	7	13	67	#
131	3880	7	17	67	#
132	4311	11	17	67	#
133	5636	15	21	69	#
134	3804	15	25	69	#
135	3424	15	29	69	#
136	3081	15	33	69	#
137	4227	19	25	69	#
138	3804	19	29	69	#
139	3424	19	33	69	#
140	4227	23	29	69	#
141	3804	23	33	69	#
142	4227	27	33	69	#
143	816	1	28	71	#
144	551	1	32	71	#
145	496	1	36	71	#
146	612	5	32	71	#
147	551	5	36	71	#
148	612	9	36	71	#
149	4846	5	15	73	#
150	3271	5	19	73	#
151	2944	5	23	73	#
152	2650	5	27	73	#
153	3634	9	19	73	#
154	3271	9	23	73	#
155	2944	9	27	73	#
156	3634	13	23	73	#
157	3271	13	27	73	#
158	3634	17	27	73	#
159	1379	0	29	74	#
160	931	0	33	74	#
161	838	0	37	74	#
162	1035	4	33	74	#
163	931	4	37	74	#
164	1035	8	37	74	#
165	5413	19	25	75	#
166	3654	19	29	75	#
167	3288	19	33	75	#
168	2960	19	37	75	#
169	4060	23	29	75	#
170	3654	23	33	75	#
171	3288	23	37	75	#
172	4060	27	33	75	#
173	3654	27	37	75	#
174	4060	31	37	75	#
175	3491	0	39	#
176	3715	3	9	77	#
177	3344	3	13	77	#
178	3010	3	17	77	#
179	3715	7	13	77	#
180	3344	7	17	77	#
181	2201	29	39	149	#
182	1962	1	10	79	#
183	1766	1	14	79	#
184	1589	1	18	79	#
185	1962	5	14	79	#
186	1766	5	18	79	#
187	2442	6	13	80	#
188	1648	6	17	80	#
189	1483	6	21	80	#
190	1335	6	25	80	#
191	1831	10	17	80	#
192	1648	10	21	80	#
193	1483	10	25	80	#
194	1831	14	21	80	#
195	1648	14	25	80	#
196	1831	18	25	80	#
197	1285	4	33	81	#
198	868	4	37	81	#
199	964	8	37	81	#
200	2555	21	30	82	#
201	1725	21	34	82	#
202	1552	21	38	82	#
203	1917	25	34	82	#
204	1725	25	38	82	#
205	1917	29	38	82	#
206	1075	2	9	83	#
207	967	2	13	83	#
208	870	2	17	83	#
209	1075	6	13	83	#
210	967	6	17	83	#
211	1075	10	17	83	#
212	1846	1	28	84	#
213	1246	1	32	84	#
214	1122	1	36	84	#
215	1385	5	32	84	#
216	1246	5	36	84	#
217	1385	9	36	84	#
218	1265	4	33	85	#
219	854	4	37	85	#
220	949	8	37	85	#
221	1271	25	34	112	#
222	3256	21	31	89	#
223	2198	21	35	89	#
224	1978	21	39	89	#
225	2442	25	35	89	#
226	2198	25	39	89	#
227	5836	27	33	93	#
228	3940	27	37	93	#
229	4377	31	37	93	#
230	2129	0	29	94	#
231	1437	0	33	94	#
232	1293	0	37	94	#
233	1597	4	33	94	#
234	1437	4	37	94	#
235	1597	8	37	94	#
236	1267	2	9	96	#
237	1140	2	13	96	#
238	1026	2	17	96	#
239	1267	6	13	96	#
240	1140	6	17	96	#
241	1267	10	17	96	#
242	1305	18	25	97	#
243	881	18	29	97	#
244	793	18	33	97	#
245	714	18	37	97	#
246	979	22	29	97	#
247	881	22	33	97	#
248	793	22	37	97	#
249	979	26	33	97	#
250	881	26	37	97	#
251	979	30	37	97	#
252	2990	22	29	98	#
253	2018	22	33	98	#
254	1816	22	37	98	#
255	2242	26	33	98	#
256	2018	26	37	98	#
257	2242	30	37	98	#
258	2327	1	11	99	#
259	2094	1	15	99	#
260	1885	1	19	99	#
261	2327	5	15	99	#
262	2094	5	19	99	#
263	2327	9	19	99	#
264	3664	19	25	100	#
265	2473	19	29	100	#
266	2226	19	33	100	#
267	2003	19	37	100	#
268	2748	23	29	100	#
269	2473	23	33	100	#
270	2226	23	37	100	#
271	2748	27	33	100	#
272	2473	27	37	100	#
273	2748	31	37	100	#
274	5553	23	29	101	#
275	3748	23	33	101	#
276	3373	23	37	101	#
277	4165	27	33	101	#
278	3748	27	37	101	#
279	4165	31	37	101	#
280	5150	7	13	103	#
281	3476	7	17	103	#
282	3128	7	21	103	#
283	2816	7	25	103	#
284	3862	11	17	103	#
285	3476	11	21	103	#
286	3128	11	25	103	#
287	3862	15	21	103	#
288	3476	15	25	103	#
289	3862	19	25	103	#
290	1768	18	25	108	#
291	1193	18	29	108	#
292	1074	18	33	108	#
293	967	18	37	108	#
294	1326	22	29	108	#
295	1193	22	33	108	#
296	1074	22	37	108	#
297	1326	26	33	108	#
298	1193	26	37	108	#
299	1326	30	37	108	#
300	3164	13	22	109	#
301	2136	13	26	109	#
302	1922	13	30	109	#
303	1730	13	34	109	#
304	2373	17	26	109	#
305	2136	17	30	109	#
306	1922	17	34	109	#
307	2373	21	30	109	#
308	2136	21	34	109	#
309	2373	25	34	109	#
310	1049	14	21	167	#
311	1695	13	22	112	#
312	1144	13	26	112	#
313	1029	13	30	112	#
314	926	13	34	112	#
315	1271	17	26	112	#
316	1144	17	30	112	#
317	1029	17	34	112	#
318	1271	21	30	112	#
319	1144	21	34	112	#
320	1761	14	21	113	#
321	1189	14	25	113	#
322	1070	14	29	113	#
323	963	14	33	113	#
324	1321	18	25	113	#
325	1189	18	29	113	#
326	1070	18	33	113	#
327	1321	22	29	113	#
328	1189	22	33	113	#
329	1321	26	33	113	#
330	4257	3	9	115	#
331	3832	3	13	115	#
332	3449	3	17	115	#
333	4257	7	13	115	#
334	3832	7	17	115	#
335	4257	11	17	115	#
336	2059	1	10	117	#
337	1853	1	14	117	#
338	1668	1	18	117	#
339	2059	5	14	117	#
340	1853	5	18	117	#
341	2059	9	18	117	#
342	6512	23	29	118	#
343	4395	23	33	118	#
344	3956	23	37	118	#
345	4884	27	33	118	#
346	4395	27	37	118	#
347	4884	31	37	118	#
348	1027	1	28	120	#
349	924	1	32	120	#
350	832	1	36	120	#
351	1027	5	32	120	#
352	924	5	36	120	#
353	1027	9	36	120	#
354	3331	25	34	122	#
355	2249	25	38	122	#
356	2499	29	38	122	#
357	4209	25	35	123	#
358	2841	25	39	123	#
359	3157	29	39	123	#
360	1635	1	10	125	#
361	1103	1	14	125	#
362	993	1	18	125	#
363	894	1	22	125	#
364	1226	5	14	125	#
365	1103	5	18	125	#
366	993	5	22	125	#
367	1226	9	18	125	#
368	1103	9	22	125	#
369	1226	13	22	125	#
370	1118	1	28	126	#
371	754	1	32	126	#
372	679	1	36	126	#
373	838	5	32	126	#
374	754	5	36	126	#
375	838	9	36	126	#
376	5389	5	15	127	#
377	3638	5	19	127	#
378	3274	5	23	127	#
379	2946	5	27	127	#
380	4042	9	19	127	#
381	3638	9	23	127	#
382	3274	9	27	127	#
383	4042	13	23	127	#
384	3638	13	27	127	#
385	4042	17	27	127	#
386	2429	6	13	128	#
387	1639	6	17	128	#
388	1475	6	21	128	#
389	1328	6	25	128	#
390	1821	10	17	128	#
391	1639	10	21	128	#
392	1475	10	25	128	#
393	1821	14	21	128	#
394	1639	14	25	128	#
395	1821	18	25	128	#
396	1209	0	29	130	#
397	1088	0	33	130	#
398	979	0	37	130	#
399	1209	4	33	130	#
400	1088	4	37	130	#
401	1209	8	37	130	#
402	2458	26	33	131	#
403	1659	26	37	131	#
404	1843	30	37	131	#
405	5819	21	31	132	#
406	3928	21	35	132	#
407	3535	21	39	132	#
408	4364	25	35	132	#
409	3928	25	39	132	#
410	4364	29	39	132	#
411	1307	0	29	133	#
412	1177	0	33	133	#
413	1059	0	37	133	#
414	1307	4	33	133	#
415	1177	4	37	133	#
416	1307	8	37	133	#
417	1072	4	33	134	#
418	723	4	37	134	#
419	804	8	37	134	#
420	2924	23	29	138	#
421	1974	23	33	138	#
422	1776	23	37	138	#
423	2193	27	33	138	#
424	1974	27	37	138	#
425	2193	31	37	138	#
426	3594	21	31	139	#
427	2426	21	35	139	#
428	2183	21	39	139	#
429	2695	25	35	139	#
430	2426	25	39	139	#
431	2695	29	39	139	#
432	1101	5	32	140	#
433	743	5	36	140	#
434	826	9	36	140	#
435	1317	2	9	142	#
436	1185	2	13	142	#
437	1067	2	17	142	#
438	1317	6	13	142	#
439	1185	6	17	142	#
440	1317	10	17	142	#
441	5260	5	15	144	#
442	3551	5	19	144	#
443	3196	5	23	144	#
444	2876	5	27	144	#
445	3945	9	19	144	#
446	3551	9	23	144	#
447	3196	9	27	144	#
448	3945	13	23	144	#
449	3551	13	27	144	#
450	3945	17	27	144	#
451	4558	23	29	408	#
452	2934	25	35	149	#
453	1980	25	39	149	#
454	1608	14	21	151	#
455	1085	14	25	151	#
456	977	14	29	151	#
457	879	14	33	151	#
458	1206	18	25	151	#
459	1085	18	29	151	#
460	977	18	33	151	#
461	1206	22	29	151	#
462	1085	22	33	151	#
463	1206	26	33	151	#
464	1994	0	29	154	#
465	1346	0	33	154	#
466	1211	0	37	154	#
467	1495	4	33	154	#
468	1346	4	37	154	#
469	1495	8	37	154	#
470	3461	18	25	155	#
471	2336	18	29	155	#
472	2102	18	33	155	#
473	1892	18	37	155	#
474	2596	22	29	155	#
475	2336	22	33	155	#
476	2102	22	37	155	#
477	2596	26	33	155	#
478	2336	26	37	155	#
479	2596	30	37	155	#
480	1469	14	21	156	#
481	992	14	25	156	#
482	893	14	29	156	#
483	803	14	33	156	#
484	1102	18	25	156	#
485	992	18	29	156	#
486	893	18	33	156	#
487	1102	22	29	156	#
488	992	22	33	156	#
489	1102	26	33	156	#
490	2169	1	11	157	#
491	1952	1	15	157	#
492	1757	1	19	157	#
493	2169	5	15	157	#
494	1952	5	19	157	#
495	2169	9	19	157	#
496	3405	14	21	159	#
497	2298	14	25	159	#
498	2068	14	29	159	#
499	1862	14	33	159	#
500	2554	18	25	159	#
501	2298	18	29	159	#
502	2068	18	33	159	#
503	2554	22	29	159	#
504	2298	22	33	159	#
505	2554	26	33	159	#
506	2223	4	33	160	#
507	1501	4	37	160	#
508	1667	8	37	160	#
509	3791	3	9	161	#
510	3412	3	13	161	#
511	3070	3	17	161	#
512	3791	7	13	161	#
513	3412	7	17	161	#
514	3791	11	17	161	#
515	3173	18	25	163	#
516	2142	18	29	163	#
517	1927	18	33	163	#
518	1735	18	37	163	#
519	2379	22	29	163	#
520	2142	22	33	163	#
521	1927	22	37	163	#
522	2379	26	33	163	#
523	2142	26	37	163	#
524	2379	30	37	163	#
525	6221	5	15	165	#
526	4199	5	19	165	#
527	3779	5	23	165	#
528	3401	5	27	165	#
529	4666	9	19	165	#
530	4199	9	23	165	#
531	3779	9	27	165	#
532	4666	13	23	165	#
533	4199	13	27	165	#
534	4666	17	27	165	#
535	1305	9	36	198	#
536	1398	2	9	167	#
537	944	2	13	167	#
538	849	2	17	167	#
539	764	2	21	167	#
540	1049	6	13	167	#
541	944	6	17	167	#
542	849	6	21	167	#
543	1049	10	17	167	#
544	944	10	21	167	#
545	1932	2	9	168	#
546	1739	2	13	168	#
547	1565	2	17	168	#
548	1932	6	13	168	#
549	1739	6	17	168	#
550	1932	10	17	168	#
551	2358	19	25	169	#
552	1592	19	29	169	#
553	1433	19	33	169	#
554	1289	19	37	169	#
555	1769	23	29	169	#
556	1592	23	33	169	#
557	1433	23	37	169	#
558	1769	27	33	169	#
559	1592	27	37	169	#
560	1769	31	37	169	#
561	766	1	28	171	#
562	517	1	32	171	#
563	465	1	36	171	#
564	574	5	32	171	#
565	517	5	36	171	#
566	574	9	36	171	#
567	3794	19	25	172	#
568	2561	19	29	172	#
569	2305	19	33	172	#
570	2074	19	37	172	#
571	2845	23	29	172	#
572	2561	23	33	172	#
573	2305	23	37	172	#
574	2845	27	33	172	#
575	2561	27	37	172	#
576	2845	31	37	172	#
577	3665	5	15	175	#
578	2474	5	19	175	#
579	2226	5	23	175	#
580	2004	5	27	175	#
581	2749	9	19	175	#
582	2474	9	23	175	#
583	2226	9	27	175	#
584	2749	13	23	175	#
585	2474	13	27	175	#
586	2749	17	27	175	#
587	1516	1	28	178	#
588	1365	1	32	178	#
589	1228	1	36	178	#
590	1516	5	32	178	#
591	1365	5	36	178	#
592	1516	9	36	178	#
593	1877	15	21	191	#
594	2769	3	9	182	#
595	2492	3	13	182	#
596	2243	3	17	182	#
597	2769	7	13	182	#
598	2492	7	17	182	#
599	1117	1	28	186	#
600	1005	1	32	186	#
601	905	1	36	186	#
602	1117	5	32	186	#
603	1005	5	36	186	#
604	1117	9	36	186	#
605	1222	0	29	187	#
606	1100	0	33	187	#
607	990	0	37	187	#
608	1222	4	33	187	#
609	1100	4	37	187	#
610	1222	8	37	187	#
611	2186	17	26	393	#
612	2502	3	9	191	#
613	1689	3	13	191	#
614	1520	3	17	191	#
615	1368	3	21	191	#
616	1877	7	13	191	#
617	1689	7	17	191	#
618	1520	7	21	191	#
619	1877	11	17	191	#
620	1689	11	21	191	#
621	1180	1	10	194	#
622	1062	1	14	194	#
623	956	1	18	194	#
624	1180	5	14	194	#
625	1062	5	18	194	#
626	1180	9	18	194	#
627	1556	0	38	#
628	1740	5	32	198	#
629	1174	5	36	198	#
630	4738	3	9	199	#
631	4264	3	13	199	#
632	3838	3	17	199	#
633	4738	7	13	199	#
634	4264	7	17	199	#
635	4738	11	17	199	#
636	3471	18	25	200	#
637	2343	18	29	200	#
638	2109	18	33	200	#
639	1898	18	37	200	#
640	2603	22	29	200	#
641	2343	22	33	200	#
642	2109	22	37	200	#
643	2603	26	33	200	#
644	2343	26	37	200	#
645	2603	30	37	200	#
646	1954	14	21	203	#
647	1319	14	25	203	#
648	1187	14	29	203	#
649	1069	14	33	203	#
650	1466	18	25	203	#
651	1319	18	29	203	#
652	1187	18	33	203	#
653	1466	22	29	203	#
654	1319	22	33	203	#
655	1466	26	33	203	#
656	2197	18	25	204	#
657	1483	18	29	204	#
658	1334	18	33	204	#
659	1201	18	37	204	#
660	1647	22	29	204	#
661	1483	22	33	204	#
662	1334	22	37	204	#
663	1647	26	33	204	#
664	1483	26	37	204	#
665	1647	30	37	204	#
666	3294	5	15	205	#
667	2224	5	19	205	#
668	2001	5	23	205	#
669	1801	5	27	205	#
670	2471	9	19	205	#
671	2224	9	23	205	#
672	2001	9	27	205	#
673	2471	13	23	205	#
674	2224	13	27	205	#
675	2471	17	27	205	#
676	1324	4	33	206	#
677	894	4	37	206	#
678	993	8	37	206	#
679	1899	1	28	208	#
680	1282	1	32	208	#
681	1154	1	36	208	#
682	1424	5	32	208	#
683	1282	5	36	208	#
684	1424	9	36	208	#
685	1488	4	33	209	#
686	1004	4	37	209	#
687	1116	8	37	209	#
688	3061	17	26	210	#
689	2066	17	30	210	#
690	1860	17	34	210	#
691	1674	17	38	210	#
692	2296	21	30	210	#
693	2066	21	34	210	#
694	1860	21	38	210	#
695	2296	25	34	210	#
696	2066	25	38	210	#
697	2296	29	38	210	#
698	6414	11	17	211	#
699	4330	11	21	211	#
700	3897	11	25	211	#
701	3507	11	29	211	#
702	4811	15	21	211	#
703	4330	15	25	211	#
704	3897	15	29	211	#
705	4811	19	25	211	#
706	4330	19	29	211	#
707	4811	23	29	211	#
708	4643	17	27	217	#
709	3134	17	31	217	#
710	2821	17	35	217	#
711	2539	17	39	217	#
712	3483	21	31	217	#
713	3134	21	35	217	#
714	2821	21	39	217	#
715	3483	25	35	217	#
716	3134	25	39	217	#
717	3483	29	39	217	#
718	2376	13	22	218	#
719	1604	13	26	218	#
720	1444	13	30	218	#
721	1299	13	34	218	#
722	1782	17	26	218	#
723	1604	17	30	218	#
724	1444	17	34	218	#
725	1782	21	30	218	#
726	1604	21	34	218	#
727	1782	25	34	218	#
728	5647	15	21	219	#
729	3812	15	25	219	#
730	3430	15	29	219	#
731	3087	15	33	219	#
732	4235	19	25	219	#
733	3812	19	29	219	#
734	3430	19	33	219	#
735	4235	23	29	219	#
736	3812	23	33	219	#
737	4235	27	33	219	#
738	1417	6	13	222	#
739	957	6	17	222	#
740	861	6	21	222	#
741	775	6	25	222	#
742	1063	10	17	222	#
743	957	10	21	222	#
744	861	10	25	222	#
745	1063	14	21	222	#
746	957	14	25	222	#
747	1063	18	25	222	#
748	3846	17	27	226	#
749	2596	17	31	226	#
750	2336	17	35	226	#
751	2103	17	39	226	#
752	2884	21	31	226	#
753	2596	21	35	226	#
754	2336	21	39	226	#
755	2884	25	35	226	#
756	2596	25	39	226	#
757	2884	29	39	226	#
758	3408	27	33	228	#
759	2300	27	37	228	#
760	2556	31	37	228	#
761	4114	9	19	231	#
762	2777	9	23	231	#
763	2499	9	27	231	#
764	2250	9	31	231	#
765	3086	13	23	231	#
766	2777	13	27	231	#
767	2499	13	31	231	#
768	3086	17	27	231	#
769	2777	17	31	231	#
770	3086	21	31	231	#
771	1180	5	32	232	#
772	797	5	36	232	#
773	885	9	36	232	#
774	2154	17	26	233	#
775	1454	17	30	233	#
776	1309	17	34	233	#
777	1178	17	38	233	#
778	1616	21	30	233	#
779	1454	21	34	233	#
780	1309	21	38	233	#
781	1616	25	34	233	#
782	1454	25	38	233	#
783	1616	29	38	233	#
784	6019	27	33	234	#
785	4063	27	37	234	#
786	4514	31	37	234	#
787	4451	1	11	235	#
788	4006	1	15	235	#
789	3605	1	19	235	#
790	4451	5	15	235	#
791	4006	5	19	235	#
792	4451	9	19	235	#
793	5961	3	9	238	#
794	4024	3	13	238	#
795	3621	3	17	238	#
796	3259	3	21	238	#
797	4471	7	13	238	#
798	4024	7	17	238	#
799	3621	7	21	238	#
800	4471	11	17	238	#
801	4024	11	21	238	#
802	4471	15	21	238	#
803	4870	27	33	239	#
804	3287	27	37	239	#
805	3653	31	37	239	#
806	6321	1	11	240	#
807	4267	1	15	240	#
808	3840	1	19	240	#
809	3456	1	23	240	#
810	4741	5	15	240	#
811	4267	5	19	240	#
812	3840	5	23	240	#
813	4741	9	19	240	#
814	4267	9	23	240	#
815	4741	13	23	240	#
816	1029	1	28	242	#
817	926	1	32	242	#
818	833	1	36	242	#
819	1029	5	32	242	#
820	926	5	36	242	#
821	1029	9	36	242	#
822	1249	10	17	243	#
823	843	10	21	243	#
824	759	10	25	243	#
825	683	10	29	243	#
826	937	14	21	243	#
827	843	14	25	243	#
828	759	14	29	243	#
829	937	18	25	243	#
830	843	18	29	243	#
831	937	22	29	243	#
832	1634	1	10	244	#
833	1103	1	14	244	#
834	993	1	18	244	#
835	893	1	22	244	#
836	1226	5	14	244	#
837	1103	5	18	244	#
838	993	5	22	244	#
839	1226	9	18	244	#
840	1103	9	22	244	#
841	1226	13	22	244	#
842	2520	22	29	245	#
843	1701	22	33	245	#
844	1531	22	37	245	#
845	1890	26	33	245	#
846	1701	26	37	245	#
847	1890	30	37	245	#
848	2709	13	22	246	#
849	1828	13	26	246	#
850	1646	13	30	246	#
851	1481	13	34	246	#
852	2032	17	26	246	#
853	1828	17	30	246	#
854	1646	17	34	246	#
855	2032	21	30	246	#
856	1828	21	34	246	#
857	2032	25	34	246	#
858	4298	25	35	247	#
859	2901	25	39	247	#
860	3224	29	39	247	#
861	574	0	29	250	#
862	517	0	33	250	#
863	465	0	37	250	#
864	574	4	33	250	#
865	517	4	37	250	#
866	574	8	37	250	#
867	1993	1	10	251	#
868	1345	1	14	251	#
869	1211	1	18	251	#
870	1089	1	22	251	#
871	1494	5	14	251	#
872	1345	5	18	251	#
873	1211	5	22	251	#
874	1494	9	18	251	#
875	1345	9	22	251	#
876	1494	13	22	251	#
877	3811	5	15	252	#
878	2573	5	19	252	#
879	2315	5	23	252	#
880	2084	5	27	252	#
881	2858	9	19	252	#
882	2573	9	23	252	#
883	2315	9	27	252	#
884	2858	13	23	252	#
885	2573	13	27	252	#
886	2858	17	27	252	#
887	4330	3	9	253	#
888	3897	3	13	253	#
889	3507	3	17	253	#
890	4330	7	13	253	#
891	3897	7	17	253	#
892	4330	11	17	253	#
893	1686	0	29	254	#
894	1518	0	33	254	#
895	1366	0	37	254	#
896	1686	4	33	254	#
897	1518	4	37	254	#
898	1686	8	37	254	#
899	1400	1	28	255	#
900	945	1	32	255	#
901	850	1	36	255	#
902	1050	5	32	255	#
903	945	5	36	255	#
904	1050	9	36	255	#
905	2220	1	10	258	#
906	1498	1	14	258	#
907	1348	1	18	258	#
908	1214	1	22	258	#
909	1665	5	14	258	#
910	1498	5	18	258	#
911	1348	5	22	258	#
912	1665	9	18	258	#
913	1498	9	22	258	#
914	1665	13	22	258	#
915	1668	18	25	260	#
916	1126	18	29	260	#
917	1013	18	33	260	#
918	912	18	37	260	#
919	1251	22	29	260	#
920	1126	22	33	260	#
921	1013	22	37	260	#
922	1251	26	33	260	#
923	1126	26	37	260	#
924	1251	30	37	260	#
925	2696	27	33	262	#
926	1820	27	37	262	#
927	2022	31	37	262	#
928	1352	5	14	265	#
929	913	5	18	265	#
930	821	5	22	265	#
931	739	5	26	265	#
932	1014	9	18	265	#
933	913	9	22	265	#
934	821	9	26	265	#
935	1014	13	22	265	#
936	913	13	26	265	#
937	1014	17	26	265	#
938	2576	1	10	267	#
939	1739	1	14	267	#
940	1565	1	18	267	#
941	1409	1	22	267	#
942	1932	5	14	267	#
943	1739	5	18	267	#
944	1565	5	22	267	#
945	1932	9	18	267	#
946	1739	9	22	267	#
947	1932	13	22	267	#
948	2305	25	34	268	#
949	1556	25	38	268	#
950	1729	29	38	268	#
951	3811	11	17	270	#
952	2572	11	21	270	#
953	2315	11	25	270	#
954	2084	11	29	270	#
955	2858	15	21	270	#
956	2572	15	25	270	#
957	2315	15	29	270	#
958	2858	19	25	270	#
959	2572	19	29	270	#
960	2858	23	29	270	#
961	1303	0	29	272	#
962	1172	0	33	272	#
963	1055	0	37	272	#
964	1303	4	33	272	#
965	1172	4	37	272	#
966	1303	8	37	272	#
967	1321	4	33	273	#
968	892	4	37	273	#
969	991	8	37	273	#
970	1899	2	9	274	#
971	1709	2	13	274	#
972	1538	2	17	274	#
973	1899	6	13	274	#
974	1709	6	17	274	#
975	1899	10	17	274	#
976	576	0	29	276	#
977	518	0	33	276	#
978	466	0	37	276	#
979	576	4	33	276	#
980	518	4	37	276	#
981	576	8	37	276	#
982	2054	26	33	278	#
983	1387	26	37	278	#
984	1541	30	37	278	#
985	2361	13	23	279	#
986	1593	13	27	279	#
987	1434	13	31	279	#
988	1291	13	35	279	#
989	1770	17	27	279	#
990	1593	17	31	279	#
991	1434	17	35	279	#
992	1770	21	31	279	#
993	1593	21	35	279	#
994	1770	25	35	279	#
995	3431	14	21	280	#
996	2316	14	25	280	#
997	2084	14	29	280	#
998	1876	14	33	280	#
999	2573	18	25	280	#
1000	2316	18	29	280	#
1001	2084	18	33	280	#
1002	2573	22	29	280	#
1003	2316	22	33	280	#
1004	2573	26	33	280	#
1005	4454	3	9	283	#
1006	4009	3	13	283	#
1007	3608	3	17	283	#
1008	4454	7	13	283	#
1009	4009	7	17	283	#
1010	4454	11	17	283	#
1011	4277	1	11	284	#
1012	3850	1	15	284	#
1013	3465	1	19	284	#
1014	4277	5	15	284	#
1015	3850	5	19	284	#
1016	4277	9	19	284	#
1017	1802	6	13	287	#
1018	1217	6	17	287	#
1019	1095	6	21	287	#
1020	985	6	25	287	#
1021	1352	10	17	287	#
1022	1217	10	21	287	#
1023	1095	10	25	287	#
1024	1352	14	21	287	#
1025	1217	14	25	287	#
1026	1352	18	25	287	#
1027	2245	4	33	288	#
1028	1515	4	37	288	#
1029	1684	8	37	288	#
1030	2826	26	33	289	#
1031	1908	26	37	289	#
1032	2120	30	37	289	#
1033	621	1	28	290	#
1034	558	1	32	290	#
1035	503	1	36	290	#
1036	621	5	32	290	#
1037	558	5	36	290	#
1038	621	9	36	290	#
1039	3546	23	29	291	#
1040	2394	23	33	291	#
1041	2154	23	37	291	#
1042	2660	27	33	291	#
1043	2394	27	37	291	#
1044	2660	31	37	291	#
1045	4676	15	21	292	#
1046	3156	15	25	292	#
1047	2841	15	29	292	#
1048	2556	15	33	292	#
1049	3507	19	25	292	#
1050	3156	19	29	292	#
1051	2841	19	33	292	#
1052	3507	23	29	292	#
1053	3156	23	33	292	#
1054	3507	27	33	292	#
1055	1359	6	13	293	#
1056	918	6	17	293	#
1057	826	6	21	293	#
1058	743	6	25	293	#
1059	1020	10	17	293	#
1060	918	10	21	293	#
1061	826	10	25	293	#
1062	1020	14	21	293	#
1063	918	14	25	293	#
1064	1020	18	25	293	#
1065	2351	25	34	295	#
1066	1587	25	38	295	#
1067	1763	29	38	295	#
1068	655	0	29	297	#
1069	589	0	33	297	#
1070	530	0	37	297	#
1071	655	4	33	297	#
1072	589	4	37	297	#
1073	655	8	37	297	#
1074	1870	4	33	300	#
1075	1262	4	37	300	#
1076	1402	8	37	300	#
1077	1841	2	9	301	#
1078	1657	2	13	301	#
1079	1491	2	17	301	#
1080	1841	6	13	301	#
1081	1657	6	17	301	#
1082	1841	10	17	301	#
1083	1148	0	29	302	#
1084	1033	0	33	302	#
1085	930	0	37	302	#
1086	1148	4	33	302	#
1087	1033	4	37	302	#
1088	1148	8	37	302	#
1089	1380	0	29	305	#
1090	1242	0	33	305	#
1091	1118	0	37	305	#
1092	1380	4	33	305	#
1093	1242	4	37	305	#
1094	1380	8	37	305	#
1095	3613	23	29	306	#
1096	2439	23	33	306	#
1097	2195	23	37	306	#
1098	2710	27	33	306	#
1099	2439	27	37	306	#
1100	2710	31	37	306	#
1101	1236	1	28	307	#
1102	835	1	32	307	#
1103	751	1	36	307	#
1104	927	5	32	307	#
1105	835	5	36	307	#
1106	927	9	36	307	#
1107	2148	5	32	308	#
1108	1450	5	36	308	#
1109	1611	9	36	308	#
1110	6176	23	29	310	#
1111	4169	23	33	310	#
1112	3752	23	37	310	#
1113	4632	27	33	310	#
1114	4169	27	37	310	#
1115	4632	31	37	310	#
1116	3919	13	23	311	#
1117	2645	13	27	311	#
1118	2381	13	31	311	#
1119	2143	13	35	311	#
1120	2939	17	27	311	#
1121	2645	17	31	311	#
1122	2381	17	35	311	#
1123	2939	21	31	311	#
1124	2645	21	35	311	#
1125	2939	25	35	311	#
1126	2690	18	25	312	#
1127	1816	18	29	312	#
1128	1634	18	33	312	#
1129	1471	18	37	312	#
1130	2018	22	29	312	#
1131	1816	22	33	312	#
1132	1634	22	37	312	#
1133	2018	26	33	312	#
1134	1816	26	37	312	#
1135	2018	30	37	312	#
1136	1656	1	28	313	#
1137	1118	1	32	313	#
1138	1006	1	36	313	#
1139	1242	5	32	313	#
1140	1118	5	36	313	#
1141	1242	9	36	313	#
1142	2110	5	32	314	#
1143	1424	5	36	314	#
1144	1582	9	36	314	#
1145	2417	26	33	315	#
1146	1632	26	37	315	#
1147	1813	30	37	315	#
1148	1923	6	13	316	#
1149	1298	6	17	316	#
1150	1168	6	21	316	#
1151	1052	6	25	316	#
1152	1443	10	17	316	#
1153	1298	10	21	316	#
1154	1168	10	25	316	#
1155	1443	14	21	316	#
1156	1298	14	25	316	#
1157	1443	18	25	316	#
1158	3418	22	29	318	#
1159	2307	22	33	318	#
1160	2077	22	37	318	#
1161	2564	26	33	318	#
1162	2307	26	37	318	#
1163	2564	30	37	318	#
1164	1537	14	21	320	#
1165	1037	14	25	320	#
1166	934	14	29	320	#
1167	840	14	33	320	#
1168	1153	18	25	320	#
1169	1037	18	29	320	#
1170	934	18	33	320	#
1171	1153	22	29	320	#
1172	1037	22	33	320	#
1173	1153	26	33	320	#
1174	1503	0	29	321	#
1175	1015	0	33	321	#
1176	913	0	37	321	#
1177	1127	4	33	321	#
1178	1015	4	37	321	#
1179	1127	8	37	321	#
1180	1776	4	33	322	#
1181	1199	4	37	322	#
1182	1332	8	37	322	#
1183	2012	4	33	325	#
1184	1358	4	37	325	#
1185	1509	8	37	325	#
1186	1751	21	30	326	#
1187	1182	21	34	326	#
1188	1063	21	38	326	#
1189	1313	25	34	326	#
1190	1182	25	38	326	#
1191	1313	29	38	326	#
1192	2308	1	10	327	#
1193	1558	1	14	327	#
1194	1402	1	18	327	#
1195	1262	1	22	327	#
1196	1731	5	14	327	#
1197	1558	5	18	327	#
1198	1402	5	22	327	#
1199	1731	9	18	327	#
1200	1558	9	22	327	#
1201	1731	13	22	327	#
1202	1232	5	32	328	#
1203	831	5	36	328	#
1204	924	9	36	328	#
1205	4483	3	9	329	#
1206	3026	3	13	329	#
1207	2723	3	17	329	#
1208	2451	3	21	329	#
1209	3362	7	13	329	#
1210	3026	7	17	329	#
1211	2723	7	21	329	#
1212	3362	11	17	329	#
1213	3026	11	21	329	#
1214	3362	15	21	329	#
1215	2152	26	33	330	#
1216	1453	26	37	330	#
1217	1614	30	37	330	#
1218	2329	2	9	332	#
1219	1572	2	13	332	#
1220	1415	2	17	332	#
1221	1274	2	21	332	#
1222	1747	6	13	332	#
1223	1572	6	17	332	#
1224	1415	6	21	332	#
1225	1747	10	17	332	#
1226	1572	10	21	332	#
1227	1747	14	21	332	#
1228	1293	5	32	333	#
1229	873	5	36	333	#
1230	970	9	36	333	#
1231	3420	7	13	335	#
1232	2308	7	17	335	#
1233	2078	7	21	335	#
1234	1870	7	25	335	#
1235	2565	11	17	335	#
1236	2308	11	21	335	#
1237	2078	11	25	335	#
1238	2565	15	21	335	#
1239	2308	15	25	335	#
1240	2565	19	25	335	#
1241	1968	1	28	338	#
1242	1329	1	32	338	#
1243	1196	1	36	338	#
1244	1476	5	32	338	#
1245	1329	5	36	338	#
1246	1476	9	36	338	#
1247	2387	5	15	340	#
1248	1611	5	19	340	#
1249	1450	5	23	340	#
1250	1305	5	27	340	#
1251	1790	9	19	340	#
1252	1611	9	23	340	#
1253	1450	9	27	340	#
1254	1790	13	23	340	#
1255	1611	13	27	340	#
1256	1790	17	27	340	#
1257	3306	10	17	344	#
1258	2232	10	21	344	#
1259	2009	10	25	344	#
1260	1808	10	29	344	#
1261	2480	14	21	344	#
1262	2232	14	25	344	#
1263	2009	14	29	344	#
1264	2480	18	25	344	#
1265	2232	18	29	344	#
1266	2480	22	29	344	#
1267	5798	23	29	346	#
1268	3914	23	33	346	#
1269	3522	23	37	346	#
1270	4349	27	33	346	#
1271	3914	27	37	346	#
1272	4349	31	37	346	#
1273	1189	1	28	348	#
1274	1071	1	32	348	#
1275	963	1	36	348	#
1276	1189	5	32	348	#
1277	1071	5	36	348	#
1278	1189	9	36	348	#
1279	1331	1	28	349	#
1280	1198	1	32	349	#
1281	1078	1	36	349	#
1282	1331	5	32	349	#
1283	1198	5	36	349	#
1284	1331	9	36	349	#
1285	2815	26	33	350	#
1286	1900	26	37	350	#
1287	2111	30	37	350	#
1288	4033	3	9	352	#
1289	2722	3	13	352	#
1290	2450	3	17	352	#
1291	2205	3	21	352	#
1292	3025	7	13	352	#
1293	2722	7	17	352	#
1294	2450	7	21	352	#
1295	3025	11	17	352	#
1296	2722	11	21	352	#
1297	3025	15	21	352	#
1298	1951	5	32	354	#
1299	1317	5	36	354	#
1300	1464	9	36	354	#
1301	3448	1	10	355	#
1302	2328	1	14	355	#
1303	2095	1	18	355	#
1304	1885	1	22	355	#
1305	2586	5	14	355	#
1306	2328	5	18	355	#
1307	2095	5	22	355	#
1308	2586	9	18	355	#
1309	2328	9	22	355	#
1310	2586	13	22	355	#
1311	1678	0	29	356	#
1312	1133	0	33	356	#
1313	1020	0	37	356	#
1314	1259	4	33	356	#
1315	1133	4	37	356	#
1316	1259	8	37	356	#
1317	880	0	29	357	#
1318	792	0	33	357	#
1319	713	0	37	357	#
1320	880	4	33	357	#
1321	792	4	37	357	#
1322	880	8	37	357	#
1323	1181	0	29	358	#
1324	1063	0	33	358	#
1325	956	0	37	358	#
1326	1181	4	33	358	#
1327	1063	4	37	358	#
1328	1181	8	37	358	#
1329	1374	1	28	360	#
1330	1237	1	32	360	#
1331	1113	1	36	360	#
1332	1374	5	32	360	#
1333	1237	5	36	360	#
1334	1374	9	36	360	#
1335	3438	21	30	361	#
1336	2320	21	34	361	#
1337	2088	21	38	361	#
1338	2578	25	34	361	#
1339	2320	25	38	361	#
1340	2578	29	38	361	#
1341	1099	2	9	363	#
1342	989	2	13	363	#
1343	890	2	17	363	#
1344	1099	6	13	363	#
1345	989	6	17	363	#
1346	1099	10	17	363	#
1347	6498	7	13	364	#
1348	4386	7	17	364	#
1349	3947	7	21	364	#
1350	3553	7	25	364	#
1351	4873	11	17	364	#
1352	4386	11	21	364	#
1353	3947	11	25	364	#
1354	4873	15	21	364	#
1355	4386	15	25	364	#
1356	4873	19	25	364	#
1357	3006	1	10	365	#
1358	2029	1	14	365	#
1359	1826	1	18	365	#
1360	1644	1	22	365	#
1361	2255	5	14	365	#
1362	2029	5	18	365	#
1363	1826	5	22	365	#
1364	2255	9	18	365	#
1365	2029	9	22	365	#
1366	2255	13	22	365	#
1367	5819	13	23	366	#
1368	3928	13	27	366	#
1369	3535	13	31	366	#
1370	3182	13	35	366	#
1371	4365	17	27	366	#
1372	3928	17	31	366	#
1373	3535	17	35	366	#
1374	4365	21	31	366	#
1375	3928	21	35	366	#
1376	4365	25	35	366	#
1377	2213	2	9	367	#
1378	1992	2	13	367	#
1379	1793	2	17	367	#
1380	2213	6	13	367	#
1381	1992	6	17	367	#
1382	2213	10	17	367	#
1383	1921	5	32	368	#
1384	1297	5	36	368	#
1385	1441	9	36	368	#
1386	2175	0	29	371	#
1387	1468	0	33	371	#
1388	1321	0	37	371	#
1389	1631	4	33	371	#
1390	1468	4	37	371	#
1391	1631	8	37	371	#
1392	1991	5	32	372	#
1393	1344	5	36	372	#
1394	1493	9	36	372	#
1395	1135	1	28	373	#
1396	1022	1	32	373	#
1397	920	1	36	373	#
1398	1135	5	32	373	#
1399	1022	5	36	373	#
1400	1135	9	36	373	#
1401	6152	25	35	374	#
1402	4152	25	39	374	#
1403	4614	29	39	374	#
1404	2557	13	22	376	#
1405	1726	13	26	376	#
1406	1554	13	30	376	#
1407	1398	13	34	376	#
1408	1918	17	26	376	#
1409	1726	17	30	376	#
1410	1554	17	34	376	#
1411	1918	21	30	376	#
1412	1726	21	34	376	#
1413	1918	25	34	376	#
1414	3856	1	11	377	#
1415	2603	1	15	377	#
1416	2343	1	19	377	#
1417	2109	1	23	377	#
1418	2892	5	15	377	#
1419	2603	5	19	377	#
1420	2343	5	23	377	#
1421	2892	9	19	377	#
1422	2603	9	23	377	#
1423	2892	13	23	377	#
1424	3401	5	14	378	#
1425	2296	5	18	378	#
1426	2066	5	22	378	#
1427	1860	5	26	378	#
1428	2551	9	18	378	#
1429	2296	9	22	378	#
1430	2066	9	26	378	#
1431	2551	13	22	378	#
1432	2296	13	26	378	#
1433	2551	17	26	378	#
1434	1655	1	28	380	#
1435	1117	1	32	380	#
1436	1005	1	36	380	#
1437	1241	5	32	380	#
1438	1117	5	36	380	#
1439	1241	9	36	380	#
1440	1022	1	28	382	#
1441	920	1	32	382	#
1442	828	1	36	382	#
1443	1022	5	32	382	#
1444	920	5	36	382	#
1445	1022	9	36	382	#
1446	868	5	32	383	#
1447	586	5	36	383	#
1448	651	9	36	383	#
1449	1411	2	9	386	#
1450	1270	2	13	386	#
1451	1143	2	17	386	#
1452	1411	6	13	386	#
1453	1270	6	17	386	#
1454	1411	10	17	386	#
1455	2854	27	33	388	#
1456	1926	27	37	388	#
1457	2140	31	37	388	#
1458	2545	25	34	389	#
1459	1718	25	38	389	#
1460	1909	29	38	389	#
1461	4794	15	21	390	#
1462	3236	15	25	390	#
1463	2913	15	29	390	#
1464	2621	15	33	390	#
1465	3596	19	25	390	#
1466	3236	19	29	390	#
1467	2913	19	33	390	#
1468	3596	23	29	390	#
1469	3236	23	33	390	#
1470	3596	27	33	390	#
1471	1431	2	9	391	#
1472	966	2	13	391	#
1473	869	2	17	391	#
1474	782	2	21	391	#
1475	1073	6	13	391	#
1476	966	6	17	391	#
1477	869	6	21	391	#
1478	1073	10	17	391	#
1479	966	10	21	391	#
1480	1073	14	21	391	#
1481	1555	2	36	#
1482	2915	5	14	393	#
1483	1968	5	18	393	#
1484	1771	5	22	393	#
1485	1594	5	26	393	#
1486	2186	9	18	393	#
1487	1968	9	22	393	#
1488	1771	9	26	393	#
1489	2186	13	22	393	#
1490	1968	13	26	393	#
1491	3095	3	9	394	#
1492	2785	3	13	394	#
1493	2507	3	17	394	#
1494	3095	7	13	394	#
1495	2785	7	17	394	#
1496	3095	11	17	394	#
1497	1877	6	13	395	#
1498	1267	6	17	395	#
1499	1140	6	21	395	#
1500	1026	6	25	395	#
1501	1408	10	17	395	#
1502	1267	10	21	395	#
1503	1140	10	25	395	#
1504	1408	14	21	395	#
1505	1267	14	25	395	#
1506	1408	18	25	395	#
1507	2258	15	21	398	#
1508	1524	15	25	398	#
1509	1372	15	29	398	#
1510	1235	15	33	398	#
1511	1694	19	25	398	#
1512	1524	19	29	398	#
1513	1372	19	33	398	#
1514	1694	23	29	398	#
1515	1524	23	33	398	#
1516	1694	27	33	398	#
1517	2712	2	9	399	#
1518	1831	2	13	399	#
1519	1648	2	17	399	#
1520	1483	2	21	399	#
1521	2034	6	13	399	#
1522	1831	6	17	399	#
1523	1648	6	21	399	#
1524	2034	10	17	399	#
1525	1831	10	21	399	#
1526	2034	14	21	399	#
1527	2380	5	14	400	#
1528	1606	5	18	400	#
1529	1446	5	22	400	#
1530	1301	5	26	400	#
1531	1785	9	18	400	#
1532	1606	9	22	400	#
1533	1446	9	26	400	#
1534	1785	13	22	400	#
1535	1606	13	26	400	#
1536	1785	17	26	400	#
1537	589	1	28	402	#
1538	530	1	32	402	#
1539	477	1	36	402	#
1540	589	5	32	402	#
1541	530	5	36	402	#
1542	589	9	36	402	#
1543	786	5	32	403	#
1544	530	5	36	403	#
1545	589	9	36	403	#
1546	3754	3	36	#
1547	6078	11	17	408	#
1548	4103	11	21	408	#
1549	3692	11	25	408	#
1550	3323	11	29	408	#
1551	4558	15	21	408	#
1552	4103	15	25	408	#
1553	3692	15	29	408	#
1554	4558	19	25	408	#
1555	4103	19	29	408	#
1556	2947	2	9	410	#
1557	1989	2	13	410	#
1558	1790	2	17	410	#
1559	1611	2	21	410	#
1560	2210	6	13	410	#
1561	1989	6	17	410	#
1562	1790	6	21	410	#
1563	2210	10	17	410	#
1564	1989	10	21	410	#
1565	2210	14	21	410	#
1566	6348	3	9	411	#
1567	4285	3	13	411	#
1568	3856	3	17	411	#
1569	3471	3	21	411	#
1570	4761	7	13	411	#
1571	4285	7	17	411	#
1572	3856	7	21	411	#
1573	4761	11	17	411	#
1574	4285	11	21	411	#
1575	4761	15	21	411	#
1576	2236	13	23	412	#
1577	1509	13	27	412	#
1578	1358	13	31	412	#
1579	1222	13	35	412	#
1580	1677	17	27	412	#
1581	1509	17	31	412	#
1582	1358	17	35	412	#
1583	1677	21	31	412	#
1584	1509	21	35	412	#
1585	1677	25	35	412	#
1586	1546	14	21	413	#
1587	1044	14	25	413	#
1588	939	14	29	413	#
1589	845	14	33	413	#
1590	1159	18	25	413	#
1591	1044	18	29	413	#
1592	939	18	33	413	#
1593	1159	22	29	413	#
1594	1044	22	33	413	#
1595	1159	26	33	413	#
1596	1417	0	29	418	#
1597	1275	0	33	418	#
1598	1148	0	37	418	#
1599	1417	4	33	418	#
1600	1275	4	37	418	#
1601	1417	8	37	418	#
