%% File generated by CATS v.2.1Tue Aug 20 18:57:11 2019

%% The CATS webpage is http://robotics.stanford.edu/CATS

%% PARAMETER SETTINGS:
% Goods: 45; Bids: 450; Distribution: regions; Runs: 10; Seed: 1566345388
% Regions Distribution Parameters:
% Max Substitutable Bids = 5
% Removing HV Neighbor   = 0.1
% Adding DIAG Neighbor   = 0.2
% Additional Location    = 0.9
% Jump Probability       = 0.05
% Additivity             = 0.2
% Budget Factor          = 1.5
% Resale Factor          = 0.5
% Normal Private Value:
%   Mean                 = 0
%   Standard Deviation   = 30



goods 45
bids 453
dummy 85

0	1346025	28	29	22	35	34	23	27	39	33	21	17	26	20	25	31	19	14	9	45	#
1	1435258	17	23	29	16	22	35	10	9	4	34	3	15	21	27	33	26	25	31	45	#
2	1371462	22	21	23	16	29	27	35	15	28	26	33	17	2	10	9	34	1	0	45	#
3	1355900	35	29	23	34	22	21	17	33	27	28	16	20	14	9	26	25	10	31	45	#
4	1347073	33	44	34	27	28	22	35	23	26	29	6	18	0	25	17	21	31	16	45	#
5	1307826	28	29	26	27	21	22	23	15	33	16	9	34	17	10	25	14	3	35	45	#
6	698667	33	27	28	32	26	22	29	34	16	21	17	20	46	#
7	1035446	34	29	35	33	23	22	17	32	1	2	8	0	46	#
8	964969	33	34	29	23	35	22	27	28	21	8	7	2	46	#
9	951994	29	34	23	33	35	28	17	22	27	11	5	26	46	#
10	940329	27	21	33	32	22	23	15	26	9	10	11	17	46	#
11	862796	28	29	23	17	27	34	11	22	33	21	35	16	46	#
12	278658	37	24	25	31	47	#
13	282857	24	25	31	30	47	#
14	249054	25	31	30	26	47	#
15	179412	37	9	14	13	47	#
16	949884	1	0	7	6	14	13	12	2	15	16	20	9	3	21	8	17	10	48	#
17	1274160	16	17	15	9	21	27	7	14	12	13	33	18	22	28	34	6	23	48	#
18	1266746	3	2	9	14	1	15	21	7	27	20	12	33	0	13	29	32	26	48	#
19	1049987	21	15	9	22	27	28	16	14	10	20	13	4	8	23	2	19	17	48	#
20	1049683	8	7	12	13	14	2	1	9	6	0	3	15	10	23	17	21	18	48	#
21	1037775	20	19	21	16	14	15	7	5	22	9	27	10	4	13	28	26	17	48	#
22	230154	23	22	49	#
23	188454	22	21	49	#
24	129701	23	29	49	#
25	606763	4	10	11	15	17	16	14	7	9	2	5	50	#
26	644988	16	17	22	10	9	15	23	4	28	21	34	50	#
27	618612	14	9	8	15	7	13	16	3	10	4	12	50	#
28	604178	11	17	5	10	4	15	14	16	9	13	21	50	#
29	603397	5	4	11	10	17	9	3	8	14	7	15	50	#
30	599230	9	14	10	2	4	8	7	11	6	35	0	50	#
31	251419	12	13	7	51	#
32	250944	7	2	14	51	#
33	63797	9	#
34	337884	6	7	1	14	52	#
35	356627	6	7	2	8	52	#
36	317682	7	1	0	6	52	#
37	311791	14	7	15	21	52	#
38	306541	1	7	6	9	52	#
39	211920	20	19	21	15	16	53	#
40	305217	16	17	21	15	11	53	#
41	275283	15	14	8	7	20	53	#
42	238433	20	19	24	25	14	53	#
43	194548	19	20	24	25	18	53	#
44	138280	21	10	20	22	16	53	#
45	1893568	9	21	3	20	14	8	13	26	15	32	27	2	28	16	33	34	7	12	10	35	1	17	22	29	30	4	23	24	54	#
46	2005583	17	16	10	15	11	4	23	5	9	3	21	22	2	8	20	7	1	12	28	0	34	27	13	33	26	18	29	43	54	#
47	1993925	7	13	14	9	12	10	8	3	15	18	20	2	1	19	26	16	0	17	23	22	27	11	33	28	29	34	35	21	54	#
48	1993449	29	28	23	35	34	27	33	26	22	20	21	15	9	10	4	16	17	32	3	14	11	8	7	1	2	13	5	12	54	#
49	1971712	23	29	35	34	28	22	16	10	15	14	9	21	33	20	17	8	26	27	7	11	4	1	25	32	31	2	3	13	54	#
50	1960640	16	17	15	21	9	27	14	3	20	28	8	11	22	26	13	7	19	29	0	25	5	24	35	33	2	4	10	23	54	#
51	337262	0	1	6	7	14	8	55	#
52	443830	14	9	10	7	8	15	55	#
53	402194	0	6	7	1	14	15	55	#
54	367876	6	7	14	9	20	19	55	#
55	189060	29	28	35	23	22	16	56	#
56	269543	22	23	17	21	28	29	56	#
57	235084	28	27	34	35	29	21	56	#
58	226285	16	10	4	21	17	11	56	#
59	372659	2	3	7	13	1	6	12	57	#
60	519191	1	34	35	29	0	23	17	57	#
61	493826	3	9	10	16	15	4	2	57	#
62	409441	7	40	2	1	6	14	0	57	#
63	401577	2	8	9	14	3	7	1	57	#
64	382196	13	7	12	27	6	14	33	57	#
65	129310	7	#
66	37534	39	#
67	1059560	18	12	19	13	7	2	14	1	25	24	8	3	9	29	58	#
68	1097290	19	18	25	12	13	7	26	24	6	8	1	9	2	32	58	#
69	1063094	29	35	28	23	22	34	33	27	16	32	10	21	17	11	58	#
70	1045302	18	19	25	31	24	30	12	7	2	6	13	3	26	32	58	#
71	1035677	24	19	18	12	30	25	31	7	2	8	6	1	3	26	58	#
72	1033072	25	19	24	18	30	26	32	31	12	7	27	20	1	21	58	#
73	656014	14	15	41	8	9	3	2	7	13	12	21	6	10	59	#
74	897895	12	7	6	18	14	15	20	19	2	24	21	26	13	59	#
75	856145	8	14	7	12	13	20	26	3	9	25	2	24	19	59	#
76	801898	3	9	14	7	13	12	6	2	11	15	21	1	20	59	#
77	775818	9	14	7	13	8	28	2	29	12	15	6	34	3	59	#
78	756707	15	21	22	16	10	20	26	14	23	19	18	4	27	59	#
79	447704	7	12	8	1	6	14	9	60	#
80	422224	7	14	9	13	12	8	15	60	#
81	381137	1	7	14	20	6	2	9	60	#
82	373460	8	9	14	10	7	2	11	60	#
83	369701	6	0	1	7	13	14	20	60	#
84	366860	12	18	19	25	13	14	24	60	#
85	803635	2	3	7	8	13	14	9	12	15	1	6	10	16	61	#
86	1105065	6	0	1	31	2	30	7	8	25	9	12	3	19	61	#
87	1077106	2	1	7	3	9	25	12	14	8	6	0	19	31	61	#
88	1038777	3	9	14	7	13	2	10	1	8	11	12	0	15	61	#
89	972129	7	13	1	6	2	8	0	9	14	3	10	12	4	61	#
90	935011	1	2	7	8	0	12	13	9	3	14	10	16	15	61	#
91	268789	24	30	31	19	25	20	21	62	#
92	317006	20	21	27	19	16	18	17	62	#
93	266666	25	24	30	31	26	32	19	62	#
94	227877	24	25	19	26	20	31	18	62	#
95	217689	30	24	19	18	10	16	12	62	#
96	203003	21	15	20	14	10	8	11	62	#
97	20984	44	#
98	44041	37	#
99	347047	11	17	5	23	63	#
100	279943	5	4	11	17	63	#
101	243980	17	23	22	16	63	#
102	227193	23	36	29	32	63	#
103	210918	11	5	4	10	63	#
104	555482	10	9	15	3	16	21	2	27	33	64	#
105	732959	2	7	12	14	8	9	15	1	21	64	#
106	588781	9	22	28	3	14	23	2	29	1	64	#
107	570144	16	15	17	9	8	10	3	2	7	64	#
108	568884	27	28	22	23	29	26	20	33	34	64	#
109	537378	3	2	7	1	8	14	6	20	15	64	#
110	326850	30	24	31	25	19	18	10	65	#
111	447872	25	26	32	31	8	33	30	65	#
112	441154	30	24	25	26	32	33	31	65	#
113	405598	19	25	24	20	30	21	15	65	#
114	398759	24	25	30	19	35	34	28	65	#
115	377461	31	25	30	26	32	20	21	65	#
116	166421	13	12	#
117	247422	24	30	19	25	20	66	#
118	330775	20	19	21	25	24	66	#
119	323950	19	20	26	32	33	66	#
120	290141	30	31	24	25	19	66	#
121	251126	24	30	31	7	44	66	#
122	199117	7	8	14	13	9	67	#
123	252846	13	12	7	18	6	67	#
124	247053	14	0	13	7	8	67	#
125	242713	24	25	19	68	#
126	262860	25	24	26	68	#
127	2173121	27	21	16	33	22	10	17	9	4	5	15	3	11	28	14	19	8	26	7	12	32	20	2	29	1	13	34	18	23	35	24	0	30	6	31	25	69	#
128	2208277	20	21	15	14	9	22	7	8	16	19	3	25	6	2	27	10	26	32	23	11	28	4	1	24	33	30	0	13	31	17	18	34	12	29	5	41	69	#
129	2202684	1	0	2	27	7	26	32	3	28	25	14	9	15	6	8	13	12	33	20	21	10	11	16	22	4	31	34	5	19	29	24	30	41	23	17	35	69	#
130	2187993	30	31	24	25	19	26	20	32	27	21	33	14	29	13	12	16	23	22	18	15	28	42	10	7	17	8	9	11	4	6	3	1	2	0	34	5	69	#
131	2182400	2	3	9	15	21	16	10	14	8	4	22	17	5	7	20	26	13	23	19	11	32	29	24	25	34	33	35	28	27	1	12	31	42	0	6	30	69	#
132	2164456	0	6	7	13	1	12	2	8	9	43	32	14	3	10	15	18	33	27	19	28	29	34	21	4	22	42	5	11	16	26	23	25	20	17	35	24	69	#
133	351813	7	8	14	20	26	9	70	#
134	358820	26	20	19	32	14	13	70	#
135	337835	14	13	20	15	8	7	70	#
136	337662	20	14	32	15	13	19	70	#
137	337401	7	1	0	6	8	14	70	#
138	326966	8	2	9	7	14	6	70	#
139	63931	42	#
140	876562	35	29	13	12	34	23	33	21	17	28	15	14	16	39	18	19	20	32	10	22	7	71	#
141	1127512	13	12	29	20	14	40	23	9	19	33	18	8	2	34	27	7	26	1	3	22	16	71	#
142	1108428	39	0	6	7	12	18	14	1	23	29	20	19	13	24	2	8	9	3	25	10	17	71	#
143	1101025	14	13	12	18	7	19	1	0	6	25	2	26	24	8	9	32	27	3	15	33	16	71	#
144	1096116	18	12	19	24	13	25	20	31	7	1	17	43	26	23	8	14	30	2	21	6	0	71	#
145	1078837	12	18	13	19	7	14	8	15	20	25	24	31	30	16	26	17	21	2	23	6	0	71	#
146	1369001	33	32	27	34	26	20	21	19	24	15	25	28	18	10	16	23	29	17	11	72	#
147	1463446	33	27	26	34	29	28	35	32	20	21	15	10	16	9	23	17	22	11	8	72	#
148	1444182	20	21	15	16	27	10	11	17	9	8	23	29	26	22	14	7	12	28	35	72	#
149	1440964	23	17	22	28	20	21	19	27	26	32	25	16	11	5	15	4	33	9	29	72	#
150	1402670	32	33	34	29	35	28	27	22	23	25	26	19	31	20	24	21	30	15	9	72	#
151	1394982	15	9	16	3	10	2	14	17	21	8	23	20	19	7	11	26	1	0	12	72	#
152	300467	27	26	73	#
153	235338	26	25	73	#
154	214921	27	28	73	#
155	245225	25	24	31	44	19	74	#
156	246630	19	25	18	24	31	74	#
157	227155	44	21	15	16	27	74	#
158	205113	24	25	30	19	18	74	#
159	164936	31	30	24	19	18	74	#
160	168308	13	23	75	#
161	167964	23	29	75	#
162	157562	13	12	75	#
163	241307	1	7	12	76	#
164	302112	7	2	12	76	#
165	264644	1	7	13	76	#
166	230953	12	18	7	76	#
167	782739	2	7	8	13	9	14	15	12	3	10	16	6	0	77	#
168	1060536	0	6	1	2	7	13	12	8	9	18	15	21	22	77	#
169	974536	13	7	26	14	15	25	8	9	32	12	29	6	28	77	#
170	974406	2	7	13	3	6	1	12	0	8	9	18	17	15	77	#
171	918448	12	7	8	1	13	2	6	14	3	9	15	0	16	77	#
172	894226	6	7	1	12	2	13	0	14	9	20	8	18	21	77	#
173	794547	22	23	16	17	29	10	15	9	4	34	11	14	78	#
174	803606	23	22	17	28	11	29	16	34	10	21	15	27	78	#
175	796855	17	16	22	11	1	21	28	0	23	29	35	38	78	#
176	712946	22	28	27	13	26	7	23	32	33	6	25	34	78	#
177	712940	34	33	29	35	28	22	27	21	23	17	16	10	78	#
178	686350	29	23	35	34	33	18	40	19	12	17	28	22	78	#
179	131374	24	25	19	79	#
180	167882	24	30	31	79	#
181	35461	19	18	24	79	#
182	1042082	18	19	12	24	25	13	26	7	20	27	30	21	14	9	31	6	0	8	15	80	#
183	1333644	27	26	21	28	29	33	15	16	35	23	17	10	22	11	14	9	34	13	7	80	#
184	1206714	15	9	21	14	22	7	20	8	2	0	6	28	29	16	34	27	26	35	10	80	#
185	1198539	25	26	31	29	23	35	34	20	28	22	24	19	3	16	21	14	17	10	2	80	#
186	1171373	21	20	14	9	16	7	10	17	0	22	13	3	8	15	28	12	2	4	6	80	#
187	1165218	7	6	13	8	14	12	0	18	9	19	3	20	2	25	31	44	21	24	27	80	#
188	1079792	35	29	34	33	32	28	26	22	21	27	16	20	25	23	81	#
189	1112042	33	32	34	28	27	22	29	21	23	16	17	26	25	35	81	#
190	1105250	34	33	32	28	35	26	27	22	16	21	17	23	29	11	81	#
191	1105026	26	20	32	14	33	25	7	27	13	2	21	22	8	12	81	#
192	1090582	27	33	32	21	20	26	22	28	34	25	19	29	24	23	81	#
193	1083336	35	29	34	28	37	33	32	26	23	27	22	20	17	25	81	#
194	378260	27	28	22	29	23	82	#
195	525833	28	27	26	32	22	82	#
196	476182	27	33	21	20	32	82	#
197	339555	22	21	20	28	27	82	#
198	336945	29	34	35	28	33	82	#
199	227259	23	17	11	10	16	82	#
200	628599	28	27	21	22	15	14	16	17	5	23	42	10	83	#
201	866253	17	23	22	29	16	35	34	28	11	33	27	32	83	#
202	838445	15	16	21	10	4	5	17	24	22	25	11	9	83	#
203	822061	22	21	27	16	10	28	17	15	9	26	3	4	83	#
204	793375	23	22	17	11	29	28	10	16	9	21	8	3	83	#
205	775927	14	20	8	7	12	26	9	25	2	15	10	16	83	#
206	1175982	3	9	2	7	8	14	6	0	1	15	13	12	10	20	19	24	16	21	18	84	#
207	1405304	10	9	14	28	13	27	42	11	26	16	7	6	22	15	29	34	12	32	8	84	#
208	1367629	20	14	21	13	15	16	7	10	12	42	8	22	17	9	3	2	26	27	11	84	#
209	1365108	1	0	7	8	14	13	2	12	6	18	15	19	24	25	16	22	9	31	28	84	#
210	1354782	3	9	14	15	16	13	17	21	10	27	7	2	12	8	11	18	26	20	22	84	#
211	1338143	15	14	13	16	32	22	26	20	7	25	19	12	33	1	28	24	18	29	2	84	#
212	62103	19	20	85	#
213	33966	20	21	85	#
214	858865	2	8	7	1	14	20	13	12	3	21	9	6	27	26	16	86	#
215	941464	7	6	0	13	12	14	8	1	2	40	18	9	15	20	26	86	#
216	932463	27	26	33	32	25	34	28	29	20	22	14	7	23	12	35	86	#
217	927890	21	27	16	22	23	33	15	29	20	40	3	28	35	26	9	86	#
218	880546	26	20	27	14	9	10	25	11	13	8	23	2	1	3	36	86	#
219	845590	6	0	7	2	12	13	1	8	3	14	9	18	20	15	26	86	#
220	467152	19	25	24	18	30	31	20	26	14	32	87	#
221	641566	26	25	20	19	27	33	31	28	18	22	87	#
222	617577	32	33	27	34	38	26	20	28	19	24	87	#
223	589014	25	19	31	24	30	20	26	32	14	7	87	#
224	587291	20	19	25	35	26	31	29	23	40	28	87	#
225	584422	24	25	31	19	30	26	20	18	12	7	87	#
226	462824	14	13	12	7	20	19	24	8	1	88	#
227	648800	7	1	0	13	12	2	3	8	32	88	#
228	592906	13	7	8	12	6	9	10	4	16	88	#
229	574293	19	24	25	30	31	26	32	20	33	88	#
230	551694	12	7	8	14	9	15	13	2	20	88	#
231	523018	1	7	0	2	6	8	3	13	9	88	#
232	91500	43	40	89	#
233	42991	43	15	89	#
234	2148737	15	21	16	20	4	10	22	23	17	26	28	19	32	33	25	31	9	14	29	27	24	30	18	34	5	3	12	8	13	7	35	11	2	90	#
235	2272940	27	26	19	40	20	28	44	24	25	21	29	30	32	22	23	17	33	18	31	16	14	12	15	35	13	8	34	10	1	9	3	11	5	90	#
236	2269108	34	33	35	29	32	26	25	20	19	24	14	27	21	18	23	13	28	12	8	2	15	3	9	22	7	31	1	16	10	11	0	5	17	90	#
237	2242883	3	2	7	8	14	13	16	15	12	18	39	23	21	17	10	27	1	22	9	20	33	26	0	11	29	19	28	24	34	25	43	5	4	90	#
238	2212368	23	29	22	16	21	28	27	15	26	20	19	25	9	18	12	14	8	13	10	17	11	24	33	2	5	1	32	31	35	3	7	30	0	90	#
239	2194969	2	8	1	7	14	0	9	20	13	3	12	6	10	29	15	4	18	21	19	26	28	25	16	5	27	22	31	24	17	32	23	11	34	90	#
240	169178	34	28	27	91	#
241	223644	34	29	23	91	#
242	181324	28	27	22	91	#
243	936113	30	31	24	25	26	19	18	20	27	28	12	7	1	0	92	#
244	1130104	27	33	28	34	26	29	23	6	21	22	0	35	20	1	92	#
245	1054732	0	6	1	7	8	2	14	9	15	21	16	20	22	26	92	#
246	1053851	31	30	25	24	19	26	27	20	21	33	32	16	15	22	92	#
247	1052200	7	1	0	13	6	2	8	14	9	3	15	31	30	21	92	#
248	1044604	1	7	2	0	8	9	3	6	12	15	14	16	21	22	92	#
249	550011	5	11	9	3	4	10	8	15	14	17	93	#
250	777573	11	10	9	15	4	3	8	2	7	16	93	#
251	767649	8	2	7	9	12	6	15	3	16	1	93	#
252	766899	3	9	10	16	4	8	22	15	23	7	93	#
253	765424	15	9	10	16	8	3	11	2	5	22	93	#
254	762873	5	4	10	9	15	16	22	21	8	23	93	#
255	172087	3	9	94	#
256	114844	9	14	94	#
257	46452	37	#
258	32452	43	#
259	274471	20	14	8	7	10	2	95	#
260	386918	2	1	3	7	9	6	95	#
261	373175	14	26	27	21	9	3	95	#
262	346383	20	14	26	19	27	32	95	#
263	284590	10	11	5	4	16	17	95	#
264	697643	43	26	32	27	33	34	21	20	16	25	28	96	#
265	814710	27	26	32	21	20	16	33	22	34	25	35	96	#
266	813701	34	33	29	35	32	28	26	23	20	25	17	96	#
267	796292	20	21	15	22	26	23	25	16	19	0	18	96	#
268	774708	16	17	23	11	29	15	26	32	5	21	25	96	#
269	771947	25	26	27	19	32	31	20	33	18	21	24	96	#
270	354192	3	9	10	44	4	97	#
271	396217	3	2	8	9	25	97	#
272	364162	10	9	8	3	4	97	#
273	329723	4	5	11	42	10	97	#
274	312246	9	8	14	15	10	97	#
275	234221	44	36	14	7	1	97	#
276	1346579	43	31	30	24	25	9	10	8	7	19	13	18	1	0	11	12	98	#
277	1306554	25	31	24	26	20	14	8	9	27	32	2	19	1	33	18	10	98	#
278	1235428	31	25	19	20	18	12	7	2	14	8	24	30	13	21	22	9	98	#
279	1231591	7	13	12	6	8	2	4	18	5	1	14	10	16	9	19	11	98	#
280	1213100	43	40	13	12	7	4	2	18	19	8	25	26	32	1	14	20	98	#
281	1172415	12	7	6	2	8	13	14	1	20	21	16	18	0	10	22	11	98	#
282	9996	5	4	#
283	277159	9	3	8	10	99	#
284	330079	3	2	8	9	99	#
285	327193	8	14	13	9	99	#
286	285651	9	14	13	10	99	#
287	274731	10	9	4	8	99	#
288	1945635	22	21	15	28	20	23	10	41	9	16	27	29	3	19	2	1	35	17	11	4	25	26	24	34	6	8	7	33	18	30	14	31	32	0	12	100	#
289	2056136	18	12	13	14	7	8	20	26	2	32	21	1	27	9	33	22	34	25	3	28	15	10	16	23	38	19	24	6	29	0	35	31	44	11	17	100	#
290	1978185	30	31	25	19	24	26	20	18	14	2	1	8	15	7	32	12	27	13	10	16	9	33	0	34	21	4	35	11	22	28	29	3	6	17	23	100	#
291	1977665	14	25	20	31	9	26	7	19	1	2	27	8	10	44	30	15	18	32	24	13	12	0	33	28	4	22	21	5	23	16	29	17	6	11	34	100	#
292	1970330	23	22	12	21	17	18	11	20	27	16	10	5	15	29	9	13	7	19	2	3	8	26	14	4	24	25	33	34	30	31	1	6	32	0	35	100	#
293	1958959	21	13	15	14	9	22	20	7	1	28	16	0	12	8	3	2	34	29	26	25	33	23	24	27	10	32	4	5	11	19	31	6	30	18	17	100	#
294	1013053	3	2	8	9	14	15	20	10	13	19	38	24	21	25	101	#
295	1205914	21	15	27	26	20	19	25	24	9	0	31	3	2	14	101	#
296	1126862	38	24	25	26	27	19	30	33	21	20	15	22	9	14	101	#
297	1050645	20	37	26	14	1	2	21	25	22	32	3	27	8	9	101	#
298	1021938	14	20	26	13	27	21	22	15	19	16	18	25	7	10	101	#
299	1009795	25	31	19	24	30	20	26	21	14	27	8	15	16	9	101	#
300	1371959	17	16	10	11	15	14	1	13	12	9	18	4	7	2	0	8	19	21	22	3	23	20	24	25	26	102	#
301	1634614	15	14	8	21	7	20	26	13	2	19	6	25	31	12	1	24	22	32	23	30	17	0	18	16	11	102	#
302	1633146	26	25	19	18	12	24	32	33	31	30	34	29	23	13	35	22	28	20	17	27	7	21	16	8	1	102	#
303	1513412	22	28	23	27	19	25	34	31	26	17	18	6	35	33	32	24	29	16	7	12	8	30	14	21	13	102	#
304	1513171	21	19	25	31	18	35	24	30	34	33	22	23	27	20	12	28	16	32	7	10	29	17	1	8	0	102	#
305	1494759	19	18	25	12	20	21	24	22	23	27	14	16	7	15	8	17	2	11	10	9	35	34	31	5	13	102	#
306	242233	18	19	12	24	103	#
307	291765	18	12	13	7	103	#
308	279304	12	7	8	18	103	#
309	218980	24	25	31	30	103	#
310	127226	19	18	20	24	103	#
311	130643	12	18	#
312	748873	32	26	20	33	19	18	25	24	12	43	104	#
313	721255	24	19	30	25	31	18	12	26	13	14	104	#
314	692777	25	31	24	26	32	19	33	30	20	18	104	#
315	684844	32	26	25	27	33	20	19	34	13	14	104	#
316	670268	43	37	33	34	35	29	27	32	23	17	104	#
317	641859	18	12	19	42	25	26	24	30	7	20	104	#
318	1042327	24	25	31	26	32	33	36	19	20	27	30	21	28	17	34	23	35	14	105	#
319	1297958	27	26	20	21	8	16	10	17	11	32	33	15	2	14	22	9	13	25	105	#
320	1289055	23	22	29	16	35	34	28	21	20	33	14	27	13	7	26	25	12	8	105	#
321	1287129	35	34	29	28	27	33	32	26	23	22	25	16	17	21	11	5	20	15	105	#
322	1281193	25	31	26	27	28	32	33	29	30	21	22	34	15	24	10	9	35	23	105	#
323	1186177	33	32	34	26	20	21	30	25	35	29	27	22	19	28	24	31	16	23	105	#
324	138571	34	35	106	#
325	107773	35	29	106	#
326	742231	23	17	16	11	15	21	14	29	7	10	12	107	#
327	750944	29	35	34	33	32	28	23	26	22	17	21	107	#
328	718278	15	16	22	10	21	23	11	27	9	24	25	107	#
329	636807	23	17	11	16	10	21	22	15	14	20	27	107	#
330	626251	14	7	15	9	21	16	1	10	12	11	8	107	#
331	616161	10	11	16	15	21	27	20	33	9	26	22	107	#
332	39216	39	#
333	146119	17	11	108	#
334	104401	11	10	108	#
335	87623	17	16	108	#
336	285760	19	24	18	30	31	25	109	#
337	385241	25	19	26	32	31	30	109	#
338	377680	24	30	25	31	26	10	109	#
339	300361	19	18	12	13	7	20	109	#
340	271425	31	25	30	5	24	19	109	#
341	194459	30	31	25	19	24	20	109	#
342	207698	19	18	25	110	#
343	265035	25	24	26	110	#
344	106983	19	24	20	110	#
345	1515434	39	43	29	34	23	35	28	22	16	21	20	26	14	32	25	7	1	42	31	30	19	111	#
346	1702854	7	14	29	35	34	13	23	6	12	9	22	8	21	28	3	2	27	1	0	26	32	111	#
347	1690860	31	25	26	27	20	3	19	24	2	28	14	8	21	9	16	22	29	34	43	23	30	111	#
348	1601007	20	14	8	9	40	2	10	19	25	26	43	21	22	15	23	24	29	30	1	31	28	111	#
349	1578667	25	19	18	31	30	26	20	24	12	14	13	32	9	8	7	2	6	3	1	21	0	111	#
350	1578064	28	22	34	29	33	32	16	21	35	20	26	23	25	27	6	14	8	7	0	19	31	111	#
351	465852	32	33	27	31	25	112	#
352	416048	27	26	25	31	44	112	#
353	388512	31	30	25	26	32	112	#
354	318597	32	26	20	14	21	112	#
355	306774	33	32	27	26	20	112	#
356	234765	25	31	24	30	19	112	#
357	950617	7	12	13	14	18	15	8	9	20	10	21	26	27	19	113	#
358	936095	27	26	21	20	28	29	32	15	25	34	19	33	22	18	113	#
359	919380	21	22	27	28	16	20	19	17	26	29	10	25	35	33	113	#
360	888914	26	25	24	19	27	30	20	32	33	31	28	29	21	34	113	#
361	842940	12	7	14	6	8	15	18	20	21	1	9	26	0	13	113	#
362	834726	7	6	8	1	14	20	13	12	9	19	0	25	18	24	113	#
363	549605	19	23	29	22	16	21	17	114	#
364	561489	19	25	31	24	20	21	26	114	#
365	523702	23	17	16	15	21	20	22	114	#
366	485019	29	35	23	22	34	33	28	114	#
367	476029	21	16	15	22	10	4	25	114	#
368	451367	22	21	28	27	20	16	29	114	#
369	144743	2	7	3	115	#
370	180607	3	15	16	115	#
371	88522	7	14	15	115	#
372	35299	37	#
373	548872	6	7	13	14	9	10	15	1	8	4	116	#
374	675621	13	14	9	15	4	8	5	2	7	1	116	#
375	601779	1	2	8	14	0	7	15	16	13	26	116	#
376	585015	9	3	42	2	14	8	13	20	1	15	116	#
377	582920	14	9	10	15	16	20	8	2	21	22	116	#
378	570529	4	10	15	16	9	21	5	14	11	13	116	#
379	41429	37	#
380	632410	27	28	26	22	23	25	20	24	21	15	16	117	#
381	766960	23	17	25	26	29	22	28	31	21	32	15	117	#
382	671554	16	22	28	27	17	33	34	23	35	26	25	117	#
383	637103	27	26	33	20	21	23	44	19	34	24	25	117	#
384	632975	28	27	21	22	41	26	20	14	8	25	2	117	#
385	631124	22	28	27	34	29	21	26	35	20	33	32	117	#
386	312439	12	13	14	7	2	118	#
387	298367	7	2	1	12	3	118	#
388	279768	13	7	14	8	2	118	#
389	217370	2	8	14	13	3	118	#
390	181774	12	18	19	20	21	118	#
391	162254	14	15	21	9	10	118	#
392	350169	44	40	19	20	25	14	8	2	9	119	#
393	508805	40	9	15	8	44	2	10	11	3	119	#
394	468924	8	7	14	9	1	13	2	10	4	119	#
395	438143	2	1	8	0	7	14	12	3	20	119	#
396	430167	25	26	32	31	24	20	30	19	27	119	#
397	411657	20	26	14	32	9	15	7	13	10	119	#
398	741791	1	0	2	3	7	6	8	9	15	10	14	31	4	120	#
399	872211	10	4	11	5	17	23	21	27	16	20	26	33	19	120	#
400	785150	3	9	2	1	10	16	22	15	23	17	7	14	11	120	#
401	750409	4	10	5	15	21	16	22	17	23	9	20	30	26	120	#
402	703557	7	6	12	14	8	9	0	18	10	13	1	27	3	120	#
403	698077	9	15	16	10	14	21	7	27	1	20	11	4	5	120	#
404	2365849	23	29	22	17	21	16	10	28	11	37	15	9	8	14	3	35	34	27	26	42	2	33	25	7	1	13	12	32	24	5	4	20	30	18	19	6	0	121	#
405	2430997	35	29	34	33	23	17	22	27	26	20	21	30	24	16	28	15	11	25	5	4	10	32	14	19	7	40	9	8	13	2	3	12	1	6	18	0	37	121	#
406	2429993	12	13	7	1	2	3	18	14	20	26	8	19	0	6	15	27	24	21	9	16	22	23	32	10	25	28	11	34	33	5	35	4	17	29	30	38	40	121	#
407	2422306	3	2	1	8	7	6	0	32	26	14	27	33	20	13	21	34	15	9	22	29	23	28	16	17	10	12	4	35	11	5	25	19	24	30	18	39	40	121	#
408	2407044	8	14	2	1	0	7	12	6	28	15	13	22	34	21	16	29	17	23	27	10	33	26	32	9	35	4	3	20	11	25	18	24	19	30	43	40	5	121	#
409	2396609	32	26	27	21	15	10	33	20	28	34	4	5	16	22	14	9	13	19	7	17	12	25	11	23	8	24	3	2	18	1	29	30	6	35	0	40	41	121	#
410	81128	40	#
411	171273	28	22	23	122	#
412	191572	23	29	17	122	#
413	138104	22	23	16	122	#
414	64144	28	22	16	122	#
415	1012051	31	25	19	18	30	20	14	26	21	9	6	12	16	13	8	3	22	7	0	24	10	123	#
416	1235750	31	30	25	24	19	20	26	18	12	7	13	14	2	21	3	22	1	15	8	16	27	123	#
417	1193408	24	30	31	19	25	20	18	26	12	21	27	33	7	1	32	16	28	14	43	8	29	123	#
418	1193234	30	31	24	19	25	26	20	32	14	15	7	9	1	0	8	40	18	10	2	12	21	123	#
419	1175982	14	13	9	8	15	2	10	11	7	16	1	20	3	12	0	21	18	17	19	23	22	123	#
420	1173782	13	31	14	20	8	25	19	9	24	7	15	21	6	12	10	16	0	22	23	3	1	123	#
421	786771	16	10	4	17	23	22	15	13	7	1	11	21	28	124	#
422	844332	28	29	23	34	33	27	22	35	21	17	32	20	19	124	#
423	840686	7	13	23	6	17	14	26	8	20	25	9	10	0	124	#
424	838168	17	23	22	29	28	16	15	21	10	11	35	1	2	124	#
425	834031	23	29	28	22	27	33	34	35	32	26	21	16	10	124	#
426	752973	1	0	7	12	18	8	14	13	2	20	26	27	9	124	#
427	107501	35	29	125	#
428	99474	29	28	125	#
429	352197	24	30	19	18	12	13	126	#
430	466134	18	12	7	2	8	13	126	#
431	412043	19	24	30	2	1	31	126	#
432	406877	12	13	18	7	14	2	126	#
433	343055	13	14	8	12	7	18	126	#
434	321830	30	34	33	12	29	39	126	#
435	381949	42	16	17	10	9	21	20	127	#
436	566740	20	26	19	21	25	32	27	127	#
437	520967	21	22	28	16	20	26	17	127	#
438	423111	16	21	22	17	11	10	15	127	#
439	367554	10	16	15	33	27	39	21	127	#
440	364611	17	16	11	15	10	5	21	127	#
441	839152	29	28	34	35	22	23	21	39	27	17	33	26	16	128	#
442	944767	34	35	33	27	29	21	28	26	32	20	14	7	16	128	#
443	944483	33	25	18	26	34	29	23	35	32	28	31	17	19	128	#
444	944157	17	23	11	16	29	42	15	14	7	28	6	13	35	128	#
445	940988	27	28	21	33	32	34	16	10	29	4	15	23	26	128	#
446	937205	35	29	34	28	27	26	21	33	15	16	14	32	8	128	#
447	491908	17	11	23	10	9	15	129	#
448	392197	11	10	4	15	21	22	129	#
449	373319	15	21	14	16	22	27	129	#
450	369431	23	17	11	5	16	21	129	#
451	343088	10	4	5	9	11	14	129	#
452	326381	9	10	15	4	21	16	129	#
