%% File generated by CATS v.2.1Tue Aug 20 18:55:57 2019

%% The CATS webpage is http://robotics.stanford.edu/CATS

%% PARAMETER SETTINGS:
% Goods: 40; Bids: 400; Distribution: regions-upv; Runs: 10; Seed: 1566344973
% Regions Distribution Parameters:
% Max Substitutable Bids = 5
% Removing HV Neighbor   = 0.1
% Adding DIAG Neighbor   = 0.2
% Additional Location    = 0.9
% Jump Probability       = 0.05
% Additivity             = 0.2
% Budget Factor          = 1.5
% Resale Factor          = 0.5
% Uniform Private Value:
%   Deviation            = 0.5
%   Max Good Value       = 100



goods 40
bids 402
dummy 71

0	1059975	4	3	9	10	8	14	2	15	20	21	28	27	26	40	#
1	1192084	28	34	21	27	35	26	25	31	29	24	30	23	20	40	#
2	1132410	15	21	14	8	9	27	2	22	23	29	28	26	3	40	#
3	1130895	27	26	33	28	23	25	29	24	31	21	30	17	32	40	#
4	1094344	20	26	25	27	19	14	31	24	30	18	21	28	32	40	#
5	1043057	26	27	21	15	28	9	29	8	23	17	3	4	32	40	#
6	715705	38	28	21	22	34	23	27	41	#
7	747341	22	21	28	23	27	34	33	41	#
8	686624	23	22	28	21	27	26	20	41	#
9	639836	28	22	34	23	17	33	27	41	#
10	618646	34	28	23	35	22	21	20	41	#
11	611254	21	26	27	32	31	22	23	41	#
12	201134	7	13	1	19	42	#
13	268775	1	7	0	6	42	#
14	264063	7	1	2	8	42	#
15	197981	13	14	12	19	42	#
16	140117	19	13	7	15	42	#
17	234940	11	5	17	4	43	#
18	298710	17	11	23	5	43	#
19	253533	11	17	23	28	43	#
20	169481	4	10	11	5	43	#
21	474723	15	21	22	20	19	26	44	#
22	542152	20	26	27	21	15	14	44	#
23	485240	15	21	22	14	23	20	44	#
24	475201	21	26	22	20	32	27	44	#
25	461770	22	15	14	9	23	21	44	#
26	415664	26	21	20	32	31	16	44	#
27	306973	9	10	3	45	#
28	249635	9	10	15	45	#
29	225014	10	16	9	45	#
30	46858	33	#
31	629383	12	13	14	6	0	20	19	18	15	7	26	9	46	#
32	819272	9	10	4	12	3	2	8	18	14	1	6	13	46	#
33	788203	7	1	2	8	3	14	6	0	12	18	9	10	46	#
34	760720	0	1	6	2	12	8	13	18	19	9	10	14	46	#
35	732186	15	21	9	26	27	14	8	10	3	13	20	25	46	#
36	731162	19	13	20	18	14	7	1	2	21	3	12	26	46	#
37	208677	21	28	47	#
38	182921	21	15	47	#
39	85984	28	35	47	#
40	107225	5	11	48	#
41	26031	11	17	48	#
42	98049	36	#
43	282078	38	19	13	7	1	6	0	12	2	49	#
44	400370	6	7	37	0	13	1	14	15	9	49	#
45	92452	3	#
46	301457	39	35	28	29	50	#
47	364575	28	25	29	18	50	#
48	314354	35	28	34	29	50	#
49	261603	39	38	11	17	50	#
50	211171	29	28	35	23	50	#
51	1052846	37	0	6	24	25	26	20	19	13	1	2	14	3	8	21	7	15	51	#
52	1359170	37	29	35	34	28	33	21	15	22	9	10	8	20	19	3	14	11	51	#
53	1287259	3	9	4	24	15	8	21	20	25	10	31	26	5	2	28	14	13	51	#
54	1267476	8	9	3	4	10	2	11	1	14	5	15	22	23	13	21	37	29	51	#
55	1205760	14	8	13	15	9	20	22	21	19	26	10	11	2	3	25	5	7	51	#
56	1205307	2	1	3	0	4	10	11	9	15	22	5	21	8	17	14	6	20	51	#
57	726054	28	21	20	22	27	23	19	15	14	52	#
58	859233	20	21	27	14	33	13	22	30	28	52	#
59	792721	28	21	27	34	23	22	35	17	25	52	#
60	764105	27	28	22	35	23	21	15	34	29	52	#
61	761125	22	21	27	15	28	23	14	13	33	52	#
62	740681	14	20	11	5	21	27	13	22	23	52	#
63	670273	14	15	21	8	22	2	1	27	3	53	#
64	768816	27	28	29	34	35	21	15	22	14	53	#
65	755607	22	28	15	34	27	14	29	21	26	53	#
66	734197	3	35	34	28	27	21	15	29	4	53	#
67	698525	15	14	22	28	34	9	16	21	35	53	#
68	627564	8	9	3	2	10	11	15	17	1	53	#
69	953469	31	24	30	32	33	34	28	35	22	23	29	25	21	54	#
70	1029703	32	31	24	30	26	20	21	15	22	14	9	3	27	54	#
71	1006229	23	28	29	22	35	21	34	17	15	33	20	9	3	54	#
72	978367	22	16	23	10	21	15	4	28	34	5	35	29	3	54	#
73	947488	28	22	23	29	15	35	21	20	27	16	34	9	33	54	#
74	933694	29	28	23	22	16	15	32	17	21	9	27	33	20	54	#
75	298792	37	22	16	28	55	#
76	302866	28	34	23	27	55	#
77	247266	37	20	26	19	55	#
78	232113	22	28	35	15	55	#
79	161849	16	17	11	5	55	#
80	223365	11	5	4	10	2	8	56	#
81	334095	8	10	9	16	14	4	56	#
82	229546	2	1	8	7	13	6	56	#
83	153204	19	13	2	57	#
84	149560	13	19	12	57	#
85	752445	38	15	14	9	13	7	19	8	25	2	22	31	58	#
86	834096	9	3	8	15	2	22	4	21	5	13	14	27	58	#
87	832684	22	21	15	20	27	19	9	3	33	4	5	11	58	#
88	822005	38	16	22	15	9	28	34	29	27	23	14	35	58	#
89	812015	25	31	24	19	32	18	33	13	7	30	34	12	58	#
90	773297	8	14	2	15	9	4	5	1	3	11	22	17	58	#
91	1724894	29	28	27	23	22	21	16	15	20	10	35	14	17	11	8	5	26	32	33	9	31	59	#
92	1962879	31	32	30	33	27	28	29	25	18	24	21	22	34	23	17	20	12	14	35	8	15	59	#
93	1851328	27	33	32	21	20	22	28	31	24	35	15	23	18	29	25	16	30	12	14	17	13	59	#
94	1825920	29	35	34	28	23	27	17	11	21	5	22	15	14	16	10	20	33	8	26	25	18	59	#
95	1799539	14	15	20	19	8	18	24	25	21	22	23	12	31	30	28	27	26	35	33	29	32	59	#
96	1787269	17	23	29	35	11	28	22	16	21	5	27	10	20	15	14	26	34	33	8	25	32	59	#
97	49841	7	#
98	240276	13	12	19	18	60	#
99	300468	18	25	26	24	60	#
100	299125	13	14	8	15	60	#
101	119090	12	13	19	6	60	#
102	219105	4	5	10	61	#
103	246013	4	3	9	61	#
104	169660	5	11	4	61	#
105	1726360	23	29	35	22	21	27	28	26	33	25	32	31	19	18	15	20	34	24	30	14	17	9	11	8	62	#
106	1914696	26	25	19	32	20	21	22	24	15	31	18	12	30	39	28	29	35	34	33	27	9	8	14	2	62	#
107	1832485	34	28	22	33	29	35	23	15	27	32	21	26	10	17	11	31	25	30	24	20	18	9	5	12	62	#
108	1779875	23	29	28	17	35	22	34	33	32	26	21	31	30	24	25	20	18	19	27	12	11	16	15	5	62	#
109	1774294	27	28	22	33	35	29	23	15	26	32	31	34	25	18	24	20	21	30	9	19	12	3	4	8	62	#
110	1773316	18	19	25	20	26	32	21	12	27	31	30	24	15	22	9	14	8	28	35	33	34	10	3	11	62	#
111	45739	2	#
112	1298241	17	11	10	5	4	9	8	15	14	22	21	2	1	0	26	23	20	16	6	7	29	35	12	13	63	#
113	1526896	4	5	10	11	17	16	22	30	31	9	32	23	21	26	28	20	8	2	35	24	34	27	33	1	63	#
114	1491999	14	15	21	26	20	8	22	28	34	33	23	2	35	32	17	19	9	10	11	1	0	31	25	5	63	#
115	1470151	6	7	0	13	1	12	19	18	2	8	20	9	24	10	14	15	30	31	22	4	5	37	11	17	63	#
116	1455381	23	17	11	5	10	22	4	15	21	16	26	32	20	33	28	14	29	27	31	34	24	25	8	30	63	#
117	1451239	9	8	2	28	39	14	22	15	35	23	34	21	1	20	7	26	0	13	6	17	32	10	12	33	63	#
118	905889	1	2	8	23	7	3	29	28	35	0	22	15	21	64	#
119	1016973	23	22	15	28	35	29	14	21	20	16	26	8	2	64	#
120	1007053	28	35	27	26	22	29	21	23	15	25	19	20	14	64	#
121	998145	35	28	27	26	21	15	29	20	22	23	14	25	38	64	#
122	993790	21	20	26	25	15	28	19	14	8	27	22	23	35	64	#
123	988235	15	21	20	14	8	28	19	2	27	22	13	18	23	64	#
124	73480	39	#
125	8795	4	#
126	1487770	30	24	25	18	12	6	26	20	7	21	27	1	28	13	14	29	2	23	15	8	9	33	65	#
127	1667889	18	24	25	19	30	31	20	26	27	28	14	23	17	33	15	8	9	3	34	37	4	21	65	#
128	1589502	21	15	26	9	20	8	28	19	4	3	18	33	37	34	2	14	1	27	10	16	36	13	65	#
129	1585212	12	13	18	14	7	6	20	1	26	2	25	19	27	24	3	30	15	9	33	8	28	34	65	#
130	1564721	9	10	11	16	15	4	17	3	21	23	2	8	20	14	26	27	28	25	19	24	33	30	65	#
131	1563471	26	21	20	28	27	34	33	15	9	3	4	8	10	14	2	16	35	1	25	7	22	19	65	#
132	1355745	24	25	31	39	30	26	27	19	18	28	20	22	35	29	33	66	#
133	1351213	24	31	30	25	26	18	27	19	33	28	20	22	23	29	34	66	#
134	1280521	27	26	21	33	15	14	28	13	20	29	35	25	22	19	34	66	#
135	1258398	26	20	21	27	25	22	24	14	18	15	31	28	35	29	13	66	#
136	1242170	33	34	35	29	28	27	22	26	23	20	16	21	25	15	6	66	#
137	1241215	25	26	24	20	31	19	14	13	15	18	30	22	27	12	21	66	#
138	602204	24	30	25	19	18	12	31	20	21	13	67	#
139	721114	21	27	28	33	29	35	32	23	12	26	67	#
140	719961	31	25	19	20	32	30	18	26	27	21	67	#
141	703785	20	29	28	35	23	19	17	27	34	26	67	#
142	676812	19	20	14	13	25	15	8	9	3	21	67	#
143	674963	24	30	25	19	18	31	20	21	15	12	67	#
144	838764	20	26	19	7	6	27	13	21	32	25	24	31	12	18	1	68	#
145	1189510	32	26	25	20	27	19	14	36	37	31	15	21	24	9	22	68	#
146	1178584	31	30	24	25	26	32	21	27	18	20	33	28	22	15	19	68	#
147	1117646	26	25	19	32	31	27	0	6	21	5	18	24	22	4	1	68	#
148	1116416	21	26	20	32	33	27	22	28	16	29	14	19	31	30	10	68	#
149	1097460	27	19	21	28	29	26	34	22	16	33	18	15	3	35	14	68	#
150	380432	27	21	28	15	26	69	#
151	496336	28	22	34	15	14	69	#
152	476967	27	28	26	21	20	69	#
153	448014	15	9	22	14	21	69	#
154	446610	26	27	21	20	32	69	#
155	433857	21	15	26	20	25	69	#
156	108489	5	#
157	819840	39	14	15	21	20	22	28	16	34	26	70	#
158	915291	14	8	15	21	22	20	2	9	28	3	70	#
159	856086	21	22	23	15	19	20	14	25	28	24	70	#
160	848389	16	22	28	27	21	26	34	20	14	8	70	#
161	809151	20	35	14	15	28	26	32	22	21	34	70	#
162	797377	15	14	20	22	28	16	21	23	8	9	70	#
163	1289270	34	35	28	33	21	22	27	29	15	30	24	32	23	26	20	25	9	10	3	31	71	#
164	1360127	29	35	28	21	34	22	15	30	23	27	9	3	2	24	1	10	14	17	18	8	71	#
165	1331767	33	34	32	35	28	29	31	23	21	25	22	16	15	24	9	30	27	18	14	3	71	#
166	1268410	21	22	23	29	28	27	35	34	33	15	9	14	13	8	10	3	11	4	2	1	71	#
167	1239603	28	35	21	27	34	29	36	23	22	20	15	9	3	19	14	13	12	4	8	25	71	#
168	1234366	22	23	28	35	29	17	21	15	9	27	3	2	34	33	8	14	10	11	4	1	71	#
169	26245	29	#
170	988680	18	25	31	26	27	20	30	28	21	22	32	15	72	#
171	1038737	18	25	31	30	32	33	27	21	20	24	22	28	72	#
172	930991	31	25	26	20	32	30	18	21	28	35	24	27	72	#
173	929728	22	23	32	21	31	15	9	8	33	28	27	3	72	#
174	919990	20	3	2	4	10	11	5	9	21	28	15	8	72	#
175	911230	26	20	25	31	32	27	33	21	22	23	15	9	72	#
176	107220	21	26	73	#
177	144366	26	27	73	#
178	1025679	7	6	13	12	1	18	19	27	25	24	0	30	26	21	31	20	74	#
179	1061229	18	24	30	31	25	19	13	12	14	26	27	20	6	7	36	21	74	#
180	1031002	27	21	26	31	30	20	19	25	28	24	14	18	35	34	22	13	74	#
181	1028068	20	26	25	12	13	19	7	21	27	6	0	33	24	22	18	14	74	#
182	1025833	19	25	18	13	7	6	24	26	0	12	30	31	20	14	1	21	74	#
183	1017843	30	24	18	25	31	19	13	12	7	6	1	26	0	21	2	22	74	#
184	331015	12	6	0	18	24	25	19	75	#
185	464791	24	30	31	25	32	18	19	75	#
186	431773	18	25	26	21	27	15	19	75	#
187	430742	12	6	18	25	24	30	13	75	#
188	218110	6	12	18	13	8	7	25	75	#
189	208044	0	6	7	12	18	31	32	75	#
190	566405	23	17	24	18	25	30	19	11	10	76	#
191	649264	17	11	8	9	2	10	23	22	28	76	#
192	646341	18	24	30	25	12	6	31	7	32	76	#
193	600317	23	29	35	17	28	22	34	11	21	76	#
194	596765	10	32	33	4	11	31	34	26	5	76	#
195	589396	24	31	32	25	30	18	19	33	13	76	#
196	17087	38	#
197	793337	1	0	2	3	9	10	11	5	6	16	77	#
198	896706	16	22	15	21	10	9	26	3	28	34	77	#
199	876121	6	0	1	2	12	13	18	25	9	3	77	#
200	857907	9	30	24	25	10	15	18	21	16	8	77	#
201	808084	10	39	11	9	21	22	4	3	16	5	77	#
202	798036	5	4	10	3	11	9	16	2	15	22	77	#
203	1815710	11	5	10	4	3	17	2	16	23	9	28	22	21	8	29	15	27	1	26	35	25	7	31	32	34	20	19	78	#
204	1994528	21	28	35	15	29	14	20	26	32	23	17	8	22	34	31	11	16	2	30	10	1	0	27	6	25	36	9	78	#
205	1956713	34	28	27	29	35	23	26	25	19	31	30	21	15	17	32	24	22	13	14	11	5	9	10	3	33	8	2	78	#
206	1953715	27	28	21	22	23	15	29	34	14	8	26	20	33	9	3	31	25	2	35	24	39	30	16	32	10	17	4	78	#
207	1951553	23	17	11	28	10	35	29	34	27	21	26	9	16	22	5	4	15	32	3	31	14	8	30	2	24	13	25	78	#
208	1936671	35	28	29	27	23	17	34	11	5	21	15	10	14	22	8	9	4	3	2	1	16	0	7	30	6	33	13	78	#
209	461542	12	18	13	24	3	31	79	#
210	610459	12	18	25	31	32	26	79	#
211	535888	24	18	19	31	25	30	79	#
212	476445	31	13	24	12	18	32	79	#
213	451660	3	2	1	9	15	14	79	#
214	369327	18	12	6	0	1	2	79	#
215	1797592	23	29	28	21	26	22	17	27	20	35	15	34	32	11	5	4	3	39	9	14	8	10	31	13	24	7	25	16	2	80	#
216	1905564	23	30	17	29	35	34	31	28	21	27	22	26	24	15	16	32	9	8	20	25	14	10	3	2	18	12	11	4	5	80	#
217	1886380	14	13	7	8	37	15	21	9	26	32	27	20	28	3	10	29	35	22	34	23	4	31	17	24	5	16	25	11	18	80	#
218	1885291	11	17	5	23	29	28	27	10	4	3	9	24	15	8	35	14	34	20	21	22	25	26	31	30	18	32	13	2	12	80	#
219	1883414	4	5	3	9	8	2	14	10	20	11	15	26	32	17	27	22	13	23	28	21	29	35	31	25	30	24	18	34	16	80	#
220	1868959	39	24	18	25	31	30	32	26	20	27	21	28	29	22	15	14	23	9	3	10	19	13	8	35	4	17	11	5	34	80	#
221	411258	32	26	25	19	13	18	14	81	#
222	481742	19	13	7	25	24	18	14	81	#
223	474034	13	19	20	18	14	25	24	81	#
224	449816	26	32	33	5	25	24	31	81	#
225	436878	25	19	18	24	30	12	26	81	#
226	419323	32	33	27	28	34	26	35	81	#
227	495655	19	18	25	13	20	7	12	24	31	28	32	82	#
228	687508	19	18	13	25	12	6	24	14	15	20	21	82	#
229	687148	13	7	1	19	2	14	20	21	27	15	6	82	#
230	687074	25	24	18	19	13	30	26	31	12	14	21	82	#
231	649536	7	13	14	1	2	3	12	8	6	18	15	82	#
232	498298	24	18	6	30	10	31	16	19	13	32	12	82	#
233	112297	34	#
234	879604	27	28	26	32	22	21	33	35	34	23	17	11	83	#
235	1042879	26	21	32	22	28	23	25	35	18	33	34	29	83	#
236	1000114	34	33	32	35	28	23	22	29	21	27	26	25	83	#
237	995328	32	33	27	28	34	22	23	35	15	29	21	14	83	#
238	978553	23	29	39	28	27	35	21	22	34	33	17	26	83	#
239	966139	35	28	34	21	29	27	6	23	7	22	13	9	83	#
240	655066	31	25	18	19	20	14	26	13	84	#
241	702557	14	20	19	15	9	25	18	21	84	#
242	664673	18	12	25	31	19	20	26	21	84	#
243	649467	31	30	25	26	27	18	34	32	84	#
244	630795	25	31	18	32	26	12	20	27	84	#
245	585373	19	18	38	25	31	13	12	14	84	#
246	101627	39	#
247	135656	0	1	85	#
248	159242	1	2	85	#
249	256732	39	5	11	10	86	#
250	239952	11	5	10	16	86	#
251	232298	10	4	3	16	86	#
252	226964	39	17	11	10	86	#
253	212304	5	11	17	7	86	#
254	637279	35	34	29	33	23	27	32	17	31	87	#
255	816556	27	33	32	21	20	22	19	31	30	87	#
256	795683	31	25	30	32	18	26	24	27	20	87	#
257	749833	32	31	25	26	20	30	18	19	24	87	#
258	703834	34	33	27	32	31	30	35	21	26	87	#
259	658862	23	17	29	22	21	20	26	15	19	87	#
260	229598	20	14	19	88	#
261	323421	14	20	21	88	#
262	250412	19	20	25	88	#
263	241769	20	21	23	88	#
264	568884	5	4	3	10	16	22	15	28	23	89	#
265	617316	23	29	22	16	28	35	15	21	34	89	#
266	598343	28	27	9	33	35	26	21	29	23	89	#
267	568428	22	16	23	28	15	29	14	35	8	89	#
268	552530	15	9	3	4	14	10	16	21	27	89	#
269	531285	16	10	22	15	23	28	35	29	27	89	#
270	100984	36	#
271	29124	4	#
272	110412	37	#
273	1413752	15	22	23	37	17	29	9	14	28	35	8	13	34	19	10	38	20	21	25	24	7	31	18	90	#
274	1503492	19	25	20	13	31	7	18	32	12	26	24	6	14	21	1	2	28	35	34	22	30	27	3	90	#
275	1453045	15	9	22	10	3	2	23	21	8	18	19	28	34	25	35	12	20	13	7	6	31	32	17	90	#
276	1442158	38	12	6	0	7	13	1	19	2	3	14	18	15	20	24	21	26	31	32	9	30	27	22	90	#
277	1400863	37	15	14	5	22	21	26	27	23	20	11	28	19	17	34	8	2	9	35	29	13	3	7	90	#
278	1388855	22	21	15	20	19	9	26	32	28	23	3	27	16	10	34	31	13	35	29	12	25	17	5	90	#
279	286474	35	29	23	2	34	3	91	#
280	420015	34	35	28	29	21	20	91	#
281	322694	35	34	29	28	23	17	91	#
282	320197	2	3	1	9	8	14	91	#
283	266020	23	29	35	22	17	28	91	#
284	244923	3	9	4	2	1	15	91	#
285	870081	34	33	35	27	28	23	32	17	29	21	31	22	15	16	26	92	#
286	1108805	15	9	10	4	21	3	28	34	5	16	27	2	22	1	29	92	#
287	1104537	16	10	4	36	5	22	21	23	9	27	15	28	34	17	3	92	#
288	1008430	34	28	22	27	16	15	10	21	14	29	20	35	9	33	23	92	#
289	1006798	21	20	22	28	23	15	16	9	29	34	27	26	10	3	33	92	#
290	958120	26	20	27	14	15	8	2	1	9	21	25	3	22	18	0	92	#
291	651996	15	9	8	10	21	4	28	3	23	11	93	#
292	716843	21	28	23	24	34	33	25	17	35	31	93	#
293	693790	28	27	34	23	33	21	26	32	31	35	93	#
294	680957	23	28	34	35	1	0	27	21	26	25	93	#
295	667410	4	3	9	8	15	21	22	16	14	28	93	#
296	655342	15	21	28	34	20	26	35	14	25	33	93	#
297	181573	13	19	18	94	#
298	202138	18	19	20	94	#
299	151291	19	13	14	94	#
300	133132	13	19	12	94	#
301	667289	25	24	28	31	30	27	22	95	#
302	621878	31	24	25	20	30	18	14	95	#
303	532062	30	31	25	32	24	26	18	95	#
304	527576	28	29	35	27	34	26	25	95	#
305	485538	24	31	25	32	18	33	26	95	#
306	473902	25	24	18	30	7	13	1	95	#
307	847740	29	28	35	34	21	33	27	20	22	23	16	26	96	#
308	891801	28	29	35	27	21	34	15	26	22	33	16	20	96	#
309	850750	20	21	27	26	22	6	16	14	28	23	29	34	96	#
310	837787	21	26	32	14	27	15	20	9	8	17	2	22	96	#
311	820763	27	26	38	25	19	21	22	13	33	14	18	28	96	#
312	815894	16	10	22	4	3	9	28	29	15	23	27	21	96	#
313	801330	11	5	17	10	4	3	2	1	7	9	8	13	16	12	14	15	6	97	#
314	1146848	3	9	15	10	11	21	28	23	8	2	22	16	27	1	34	17	26	97	#
315	1061823	11	5	10	4	9	15	16	3	22	21	26	28	27	8	29	17	2	97	#
316	1045317	17	11	5	23	29	28	34	10	22	4	15	16	27	21	26	33	14	97	#
317	990203	16	10	4	22	28	34	29	23	35	9	11	15	17	21	26	3	27	97	#
318	983928	9	8	10	11	16	22	5	14	15	2	37	23	3	13	17	7	28	97	#
319	129724	37	#
320	516230	34	28	29	35	23	21	15	17	98	#
321	647762	23	28	27	35	34	33	21	26	98	#
322	635181	15	14	21	26	8	13	25	18	98	#
323	614747	21	26	27	15	28	20	34	35	98	#
324	594819	29	28	23	35	22	34	21	26	98	#
325	589508	17	23	28	35	34	21	26	33	98	#
326	1017917	21	15	20	22	16	23	27	9	28	14	13	34	8	26	7	12	19	99	#
327	1313410	27	33	28	21	23	20	14	22	34	8	29	16	9	26	17	15	25	99	#
328	1287662	19	25	18	24	31	26	20	21	15	9	22	30	8	28	34	3	16	99	#
329	1253443	21	28	29	20	34	19	23	25	30	32	26	24	17	31	22	13	27	99	#
330	1251674	8	14	9	10	16	22	15	21	19	20	28	25	34	29	33	23	26	99	#
331	1244108	15	21	27	14	20	28	8	22	19	29	23	9	16	34	13	31	33	99	#
332	109074	37	#
333	1755210	17	37	23	22	28	15	21	27	4	5	33	34	29	35	26	20	32	3	16	14	10	19	2	8	25	100	#
334	2089382	17	23	29	28	35	25	34	31	33	32	18	4	21	27	24	30	26	3	37	5	19	22	2	20	1	100	#
335	1926956	37	17	23	7	29	6	24	18	25	31	26	27	19	22	32	35	21	1	4	33	30	0	3	5	13	100	#
336	1914595	25	18	24	19	30	31	32	33	5	34	4	10	12	3	28	6	27	22	23	26	35	9	0	17	29	100	#
337	1897282	28	14	27	35	8	21	22	26	25	18	20	24	31	30	13	34	33	17	2	19	23	29	3	32	7	100	#
338	1896048	4	3	2	1	8	10	0	6	5	7	13	14	20	19	18	26	32	25	31	27	33	24	30	34	9	100	#
339	735571	9	8	15	14	22	13	28	21	20	101	#
340	819818	21	27	28	33	26	25	24	19	31	101	#
341	800605	15	21	26	27	9	25	16	22	24	101	#
342	748565	28	27	22	33	35	29	32	34	26	101	#
343	727380	13	19	14	18	24	15	30	8	25	101	#
344	720075	20	26	27	14	33	21	28	13	7	101	#
345	714600	19	25	31	24	20	26	21	30	13	7	102	#
346	797554	26	24	20	21	14	31	37	22	33	15	102	#
347	755200	31	25	24	30	19	20	26	21	28	29	102	#
348	731091	7	1	0	13	12	19	6	20	21	14	102	#
349	708565	24	31	30	25	19	20	18	26	14	8	102	#
350	674329	13	12	14	7	6	1	18	0	20	24	102	#
351	41623	38	#
352	345390	0	6	7	13	12	14	15	8	9	103	#
353	495056	7	6	12	18	0	19	25	26	20	103	#
354	475949	15	9	10	21	26	16	22	32	4	103	#
355	464375	12	6	7	13	18	25	0	31	32	103	#
356	437076	8	9	14	20	21	15	19	1	10	103	#
357	411189	13	7	19	18	1	0	6	25	24	103	#
358	760815	29	28	34	35	23	22	27	33	16	26	104	#
359	856598	35	29	28	23	27	33	34	26	25	18	104	#
360	780415	28	22	23	35	16	27	33	24	34	29	104	#
361	768034	33	32	26	34	27	28	25	29	35	37	104	#
362	746643	34	35	33	28	27	32	29	26	25	21	104	#
363	742085	22	15	16	23	28	35	27	10	33	34	104	#
364	97753	24	#
365	571936	34	28	27	26	25	29	24	105	#
366	704200	28	21	20	26	27	22	25	105	#
367	664690	34	28	22	21	15	20	26	105	#
368	637166	26	25	20	27	21	2	3	105	#
369	582101	25	14	2	18	3	8	20	105	#
370	518219	29	35	28	22	3	34	21	105	#
371	128623	37	#
372	696790	32	31	24	33	15	9	22	27	106	#
373	732970	24	30	31	25	26	18	27	12	106	#
374	726168	27	28	22	21	26	15	24	31	106	#
375	682603	9	10	4	3	15	22	2	21	106	#
376	680562	32	26	21	15	31	20	27	14	106	#
377	659736	33	27	21	22	34	28	20	26	106	#
378	1483231	19	18	25	38	31	35	24	20	14	29	23	21	22	30	28	27	15	9	10	11	107	#
379	1524200	25	18	24	19	30	31	20	14	15	22	9	23	10	21	17	39	11	28	27	8	107	#
380	1493218	20	26	25	19	21	24	18	30	22	15	9	31	28	10	4	5	11	23	27	29	107	#
381	1480329	15	9	21	10	22	26	25	19	27	18	31	11	20	24	17	14	23	28	8	5	107	#
382	1472310	31	25	19	24	30	18	20	21	14	22	28	15	23	17	27	26	29	11	9	33	107	#
383	1432687	27	21	26	22	15	20	9	10	25	14	31	23	11	29	24	30	28	19	18	32	107	#
384	1067885	7	13	19	14	12	18	24	30	6	20	0	31	25	26	27	108	#
385	1160328	12	6	18	25	7	0	26	13	24	27	33	34	31	28	23	108	#
386	1151871	31	32	26	15	27	25	18	33	19	34	12	20	22	24	28	108	#
387	1113719	13	12	18	19	6	20	7	24	27	26	25	31	22	28	23	108	#
388	1097468	25	24	38	26	19	18	27	12	20	33	28	13	31	7	29	108	#
389	1090714	18	12	19	13	25	7	26	20	27	24	30	28	6	34	14	108	#
390	489802	18	24	12	6	7	25	19	109	#
391	641553	18	24	25	26	27	28	19	109	#
392	619058	25	18	31	32	24	26	12	109	#
393	521068	24	18	25	19	20	13	7	109	#
394	513291	12	13	19	25	24	18	7	109	#
395	465931	6	2	0	3	4	10	9	109	#
396	654804	24	31	30	25	32	18	26	20	110	#
397	690042	31	32	30	24	18	26	22	25	110	#
398	660627	20	26	25	14	32	31	8	30	110	#
399	655377	25	18	31	19	26	32	21	30	110	#
400	631022	32	26	31	25	20	21	19	18	110	#
401	624151	18	24	30	25	19	31	32	26	110	#
