%% File generated by CATS v.2.1Tue Aug 20 18:57:02 2019

%% The CATS webpage is http://robotics.stanford.edu/CATS

%% PARAMETER SETTINGS:
% Goods: 10; Bids: 100; Distribution: regions; Runs: 10; Seed: 1566345335
% Regions Distribution Parameters:
% Max Substitutable Bids = 5
% Removing HV Neighbor   = 0.1
% Adding DIAG Neighbor   = 0.2
% Additional Location    = 0.9
% Jump Probability       = 0.05
% Additivity             = 0.2
% Budget Factor          = 1.5
% Resale Factor          = 0.5
% Uniform Private Value:
%   Deviation            = 0.5
%   Max Good Value       = 100



goods 10
bids 101
dummy 22

0	18087	9	#
1	28738	4	#
2	393259	8	7	6	5	3	0	1	2	4	#
3	64500	9	#
4	94782	1	0	10	#
5	109908	0	3	10	#
6	26038	1	2	10	#
7	90526	1	2	11	#
8	110746	1	0	11	#
9	91827	2	4	11	#
10	351598	8	5	7	2	4	12	#
11	346540	8	7	6	5	4	12	#
12	331999	5	8	7	2	1	12	#
13	326234	7	4	3	8	5	12	#
14	297617	2	4	7	5	1	12	#
15	261944	4	3	2	5	8	12	#
16	186650	6	3	4	13	#
17	176299	3	4	1	13	#
18	334405	5	8	4	2	1	7	14	#
19	405147	5	4	7	0	2	6	14	#
20	393818	8	7	5	4	6	1	14	#
21	385451	4	7	6	2	1	5	14	#
22	356241	1	0	2	4	5	7	14	#
23	328336	2	1	5	0	4	8	14	#
24	244829	0	1	2	15	#
25	246675	2	1	5	15	#
26	162300	1	2	4	15	#
27	342295	4	1	3	0	2	5	8	6	7	9	#
28	217476	7	4	3	0	16	#
29	310676	0	3	4	5	16	#
30	225696	7	4	3	5	16	#
31	208438	3	6	0	4	16	#
32	123457	4	3	7	6	16	#
33	80740	1	4	17	#
34	73132	1	0	17	#
35	426587	6	3	7	0	4	5	8	1	18	#
36	453207	1	0	4	3	7	5	2	8	18	#
37	433839	6	3	7	0	8	5	2	4	18	#
38	416331	7	8	5	2	6	3	0	1	18	#
39	415416	5	8	7	2	4	3	1	6	18	#
40	414753	0	3	4	2	1	5	8	6	18	#
41	256618	5	2	8	19	#
42	167576	8	7	6	19	#
43	379606	8	5	4	3	2	20	#
44	341694	8	5	2	1	4	20	#
45	285844	3	0	1	2	4	20	#
46	447710	8	5	7	2	4	6	0	1	9	3	#
47	149998	0	3	4	21	#
48	206073	4	2	5	21	#
49	119022	0	3	6	21	#
50	384891	7	6	4	3	2	1	0	5	8	22	#
51	413447	5	4	7	6	9	1	3	2	0	22	#
52	68414	1	2	23	#
53	21314	2	4	23	#
54	494290	4	3	7	1	0	2	6	5	8	24	#
55	551284	1	0	4	2	9	7	3	5	8	24	#
56	485765	2	4	3	6	1	7	5	9	8	24	#
57	460886	8	7	4	3	9	2	1	6	0	24	#
58	445203	0	3	6	7	8	4	5	2	1	#
59	52273	1	4	#
60	390397	5	2	4	1	8	0	7	3	6	#
61	56857	9	#
62	408967	4	2	1	5	0	3	8	7	9	6	#
63	430415	6	3	7	8	2	0	4	5	25	#
64	457970	6	3	0	1	4	2	5	8	25	#
65	451402	4	2	1	3	0	5	8	7	25	#
66	433175	7	4	6	8	5	1	2	3	25	#
67	48488	6	#
68	322887	6	7	4	5	2	8	1	3	0	9	#
69	621597	5	4	7	3	2	1	8	0	6	9	#
70	87753	5	8	26	#
71	127532	8	7	26	#
72	115173	5	2	26	#
73	424369	8	5	7	6	4	1	27	#
74	423245	5	8	7	4	6	2	27	#
75	335215	1	4	5	2	8	0	27	#
76	326984	7	3	5	6	4	1	27	#
77	243371	4	1	2	7	6	28	#
78	280483	7	6	3	4	0	28	#
79	270492	6	7	3	4	1	28	#
80	261215	2	4	3	6	7	28	#
81	257666	1	0	3	6	4	28	#
82	238398	4	2	3	6	1	28	#
83	67728	7	#
84	572625	2	4	3	6	7	1	5	0	8	9	#
85	236133	2	5	8	1	29	#
86	346071	5	8	2	7	29	#
87	154843	1	0	2	9	29	#
88	122054	2	5	1	4	29	#
89	373945	8	5	4	2	1	7	30	#
90	456030	4	3	0	5	6	8	30	#
91	394623	2	4	1	5	8	0	30	#
92	379135	8	5	4	1	7	3	30	#
93	371871	1	4	3	6	0	5	30	#
94	297541	5	4	2	1	0	3	30	#
95	477117	2	4	5	7	1	8	6	3	0	9	#
96	427292	2	6	7	5	8	3	1	9	4	0	#
97	283643	8	5	2	7	4	6	1	3	31	#
98	361580	8	7	5	2	4	3	6	0	31	#
99	310646	4	2	3	5	1	0	8	7	31	#
100	261793	3	0	4	7	6	5	2	1	31	#
