%% File generated by CATS v.2.1Tue Aug 20 18:58:10 2019

%% The CATS webpage is http://robotics.stanford.edu/CATS

%% PARAMETER SETTINGS:
% Goods: 30; Bids: 1200; Distribution: scheduling; Runs: 10; Seed: 1566345625
% Scheduling Distribution Parameters:
% max_length                = 10
% deviation                 = 0.500000
% prob_additional_deadline  = 0.700000
% additivity                = 0.200000



goods 30
bids 1205
dummy 59

0	2938	0	1	2	30	#
1	2938	1	2	3	30	#
2	2938	2	3	4	30	#
3	2938	3	4	5	30	#
4	918	4	5	6	30	#
5	918	5	6	7	30	#
6	918	6	7	8	30	#
7	918	7	8	9	30	#
8	918	8	9	10	30	#
9	918	9	10	11	30	#
10	918	10	11	12	30	#
11	918	11	12	13	30	#
12	918	12	13	14	30	#
13	918	13	14	15	30	#
14	918	14	15	16	30	#
15	699	15	16	17	30	#
16	699	16	17	18	30	#
17	699	17	18	19	30	#
18	699	18	19	20	30	#
19	699	19	20	21	30	#
20	639	20	21	22	30	#
21	639	21	22	23	30	#
22	507	22	23	24	30	#
23	507	23	24	25	30	#
24	507	24	25	26	30	#
25	507	25	26	27	30	#
26	507	26	27	28	30	#
27	507	27	28	29	30	#
28	2910	0	1	31	#
29	2910	1	2	31	#
30	2910	2	3	31	#
31	2910	3	4	31	#
32	2910	4	5	31	#
33	808	5	6	31	#
34	808	6	7	31	#
35	808	7	8	31	#
36	808	8	9	31	#
37	808	9	10	31	#
38	808	10	11	31	#
39	808	11	12	31	#
40	808	12	13	31	#
41	808	13	14	31	#
42	808	14	15	31	#
43	808	15	16	31	#
44	808	16	17	31	#
45	808	17	18	31	#
46	727	18	19	31	#
47	727	19	20	31	#
48	693	20	21	31	#
49	539	21	22	31	#
50	539	22	23	31	#
51	539	23	24	31	#
52	539	24	25	31	#
53	539	25	26	31	#
54	539	26	27	31	#
55	20492	0	1	2	3	4	5	6	7	8	32	#
56	20492	1	2	3	4	5	6	7	8	9	32	#
57	20492	2	3	4	5	6	7	8	9	10	32	#
58	20492	3	4	5	6	7	8	9	10	11	32	#
59	20492	4	5	6	7	8	9	10	11	12	32	#
60	20492	5	6	7	8	9	10	11	12	13	32	#
61	20492	6	7	8	9	10	11	12	13	14	32	#
62	20492	7	8	9	10	11	12	13	14	15	32	#
63	20492	8	9	10	11	12	13	14	15	16	32	#
64	20492	9	10	11	12	13	14	15	16	17	32	#
65	16589	10	11	12	13	14	15	16	17	18	32	#
66	16589	11	12	13	14	15	16	17	18	19	32	#
67	16589	12	13	14	15	16	17	18	19	20	32	#
68	16589	13	14	15	16	17	18	19	20	21	32	#
69	12442	14	15	16	17	18	19	20	21	22	32	#
70	12442	15	16	17	18	19	20	21	22	23	32	#
71	12442	16	17	18	19	20	21	22	23	24	32	#
72	12442	17	18	19	20	21	22	23	24	25	32	#
73	12442	18	19	20	21	22	23	24	25	26	32	#
74	12442	19	20	21	22	23	24	25	26	27	32	#
75	12442	20	21	22	23	24	25	26	27	28	32	#
76	12013	21	22	23	24	25	26	27	28	29	32	#
77	16262	0	1	2	3	4	5	6	7	33	#
78	16262	1	2	3	4	5	6	7	8	33	#
79	16262	2	3	4	5	6	7	8	9	33	#
80	16262	3	4	5	6	7	8	9	10	33	#
81	16262	4	5	6	7	8	9	10	11	33	#
82	16262	5	6	7	8	9	10	11	12	33	#
83	16262	6	7	8	9	10	11	12	13	33	#
84	16262	7	8	9	10	11	12	13	14	33	#
85	10348	8	9	10	11	12	13	14	15	33	#
86	10348	9	10	11	12	13	14	15	16	33	#
87	10348	10	11	12	13	14	15	16	17	33	#
88	10348	11	12	13	14	15	16	17	18	33	#
89	10348	12	13	14	15	16	17	18	19	33	#
90	10348	13	14	15	16	17	18	19	20	33	#
91	10348	14	15	16	17	18	19	20	21	33	#
92	10348	15	16	17	18	19	20	21	22	33	#
93	8131	16	17	18	19	20	21	22	23	33	#
94	8131	17	18	19	20	21	22	23	24	33	#
95	8131	18	19	20	21	22	23	24	25	33	#
96	8131	19	20	21	22	23	24	25	26	33	#
97	8131	20	21	22	23	24	25	26	27	33	#
98	8131	21	22	23	24	25	26	27	28	33	#
99	9384	0	1	2	3	4	5	6	34	#
100	9384	1	2	3	4	5	6	7	34	#
101	9384	2	3	4	5	6	7	8	34	#
102	9384	3	4	5	6	7	8	9	34	#
103	9384	4	5	6	7	8	9	10	34	#
104	9384	5	6	7	8	9	10	11	34	#
105	9384	6	7	8	9	10	11	12	34	#
106	9384	7	8	9	10	11	12	13	34	#
107	9384	8	9	10	11	12	13	14	34	#
108	9384	9	10	11	12	13	14	15	34	#
109	5630	10	11	12	13	14	15	16	34	#
110	5630	11	12	13	14	15	16	17	34	#
111	5630	12	13	14	15	16	17	18	34	#
112	5630	13	14	15	16	17	18	19	34	#
113	5630	14	15	16	17	18	19	20	34	#
114	5630	15	16	17	18	19	20	21	34	#
115	5630	16	17	18	19	20	21	22	34	#
116	5630	17	18	19	20	21	22	23	34	#
117	5630	18	19	20	21	22	23	24	34	#
118	5630	19	20	21	22	23	24	25	34	#
119	4854	20	21	22	23	24	25	26	34	#
120	4854	21	22	23	24	25	26	27	34	#
121	4854	22	23	24	25	26	27	28	34	#
122	4854	23	24	25	26	27	28	29	34	#
123	2836	0	1	35	#
124	2836	1	2	35	#
125	2836	2	3	35	#
126	2836	3	4	35	#
127	2836	4	5	35	#
128	2836	5	6	35	#
129	2836	6	7	35	#
130	2836	7	8	35	#
131	2836	8	9	35	#
132	2836	9	10	35	#
133	2836	10	11	35	#
134	2836	11	12	35	#
135	2836	12	13	35	#
136	2836	13	14	35	#
137	2836	14	15	35	#
138	2836	15	16	35	#
139	2836	16	17	35	#
140	2836	17	18	35	#
141	2836	18	19	35	#
142	2836	19	20	35	#
143	2836	20	21	35	#
144	2836	21	22	35	#
145	2836	22	23	35	#
146	2836	23	24	35	#
147	2836	24	25	35	#
148	2626	25	26	35	#
149	2626	26	27	35	#
150	2445	27	28	35	#
151	2445	28	29	35	#
152	4727	0	1	2	36	#
153	4727	1	2	3	36	#
154	4727	2	3	4	36	#
155	4727	3	4	5	36	#
156	4727	4	5	6	36	#
157	4727	5	6	7	36	#
158	4727	6	7	8	36	#
159	4727	7	8	9	36	#
160	4727	8	9	10	36	#
161	4727	9	10	11	36	#
162	4727	10	11	12	36	#
163	4727	11	12	13	36	#
164	4727	12	13	14	36	#
165	4727	13	14	15	36	#
166	4727	14	15	16	36	#
167	4727	15	16	17	36	#
168	4727	16	17	18	36	#
169	4727	17	18	19	36	#
170	4727	18	19	20	36	#
171	4727	19	20	21	36	#
172	4727	20	21	22	36	#
173	4727	21	22	23	36	#
174	4727	22	23	24	36	#
175	4202	23	24	25	36	#
176	4202	24	25	26	36	#
177	4202	25	26	27	36	#
178	4052	26	27	28	36	#
179	3912	27	28	29	36	#
180	7894	0	1	2	3	37	#
181	7894	1	2	3	4	37	#
182	7894	2	3	4	5	37	#
183	7894	3	4	5	6	37	#
184	7894	4	5	6	7	37	#
185	7894	5	6	7	8	37	#
186	7894	6	7	8	9	37	#
187	7894	7	8	9	10	37	#
188	7894	8	9	10	11	37	#
189	4342	9	10	11	12	37	#
190	4342	10	11	12	13	37	#
191	4342	11	12	13	14	37	#
192	4342	12	13	14	15	37	#
193	4342	13	14	15	16	37	#
194	4342	14	15	16	17	37	#
195	4342	15	16	17	18	37	#
196	4342	16	17	18	19	37	#
197	4342	17	18	19	20	37	#
198	3473	18	19	20	21	37	#
199	3473	19	20	21	22	37	#
200	3473	20	21	22	23	37	#
201	3473	21	22	23	24	37	#
202	3473	22	23	24	25	37	#
203	3340	23	24	25	26	37	#
204	3101	24	25	26	27	37	#
205	3101	25	26	27	28	37	#
206	2994	26	27	28	29	37	#
207	13911	0	1	2	3	4	5	6	7	8	38	#
208	13911	1	2	3	4	5	6	7	8	9	38	#
209	13911	2	3	4	5	6	7	8	9	10	38	#
210	13911	3	4	5	6	7	8	9	10	11	38	#
211	13911	4	5	6	7	8	9	10	11	12	38	#
212	13911	5	6	7	8	9	10	11	12	13	38	#
213	13911	6	7	8	9	10	11	12	13	14	38	#
214	13911	7	8	9	10	11	12	13	14	15	38	#
215	13911	8	9	10	11	12	13	14	15	16	38	#
216	13911	9	10	11	12	13	14	15	16	17	38	#
217	13911	10	11	12	13	14	15	16	17	18	38	#
218	9473	0	1	2	3	4	5	39	#
219	9473	1	2	3	4	5	6	39	#
220	9473	2	3	4	5	6	7	39	#
221	9473	3	4	5	6	7	8	39	#
222	9473	4	5	6	7	8	9	39	#
223	9473	5	6	7	8	9	10	39	#
224	9473	6	7	8	9	10	11	39	#
225	9473	7	8	9	10	11	12	39	#
226	9473	8	9	10	11	12	13	39	#
227	5033	0	1	2	40	#
228	5033	1	2	3	40	#
229	5033	2	3	4	40	#
230	5033	3	4	5	40	#
231	5033	4	5	6	40	#
232	5033	5	6	7	40	#
233	5033	6	7	8	40	#
234	5033	7	8	9	40	#
235	5033	8	9	10	40	#
236	5033	9	10	11	40	#
237	5033	10	11	12	40	#
238	5033	11	12	13	40	#
239	5033	12	13	14	40	#
240	5033	13	14	15	40	#
241	2932	0	1	2	3	41	#
242	2932	1	2	3	4	41	#
243	2932	2	3	4	5	41	#
244	2932	3	4	5	6	41	#
245	2932	4	5	6	7	41	#
246	2932	5	6	7	8	41	#
247	2932	6	7	8	9	41	#
248	2932	7	8	9	10	41	#
249	2932	8	9	10	11	41	#
250	2932	9	10	11	12	41	#
251	2932	10	11	12	13	41	#
252	2932	11	12	13	14	41	#
253	2932	12	13	14	15	41	#
254	2932	13	14	15	16	41	#
255	2932	14	15	16	17	41	#
256	2932	15	16	17	18	41	#
257	2932	16	17	18	19	41	#
258	2932	17	18	19	20	41	#
259	2932	18	19	20	21	41	#
260	2932	19	20	21	22	41	#
261	2932	20	21	22	23	41	#
262	2932	21	22	23	24	41	#
263	3332	0	1	42	#
264	3332	1	2	42	#
265	3332	2	3	42	#
266	3332	3	4	42	#
267	3332	4	5	42	#
268	3332	5	6	42	#
269	3332	6	7	42	#
270	3332	7	8	42	#
271	3332	8	9	42	#
272	3332	9	10	42	#
273	3332	10	11	42	#
274	3332	11	12	42	#
275	3332	12	13	42	#
276	3332	13	14	42	#
277	3332	14	15	42	#
278	3332	15	16	42	#
279	3332	16	17	42	#
280	3332	17	18	42	#
281	3332	18	19	42	#
282	3332	19	20	42	#
283	3332	20	21	42	#
284	3332	21	22	42	#
285	3332	22	23	42	#
286	16920	0	1	2	3	4	5	6	7	8	43	#
287	16920	1	2	3	4	5	6	7	8	9	43	#
288	16920	2	3	4	5	6	7	8	9	10	43	#
289	16920	3	4	5	6	7	8	9	10	11	43	#
290	16920	4	5	6	7	8	9	10	11	12	43	#
291	16920	5	6	7	8	9	10	11	12	13	43	#
292	16920	6	7	8	9	10	11	12	13	14	43	#
293	2632	0	1	44	#
294	2632	1	2	44	#
295	2632	2	3	44	#
296	2632	3	4	44	#
297	2632	4	5	44	#
298	2632	5	6	44	#
299	2632	6	7	44	#
300	2632	7	8	44	#
301	2632	8	9	44	#
302	2632	9	10	44	#
303	2632	10	11	44	#
304	2632	11	12	44	#
305	2632	12	13	44	#
306	2632	13	14	44	#
307	2632	14	15	44	#
308	2632	15	16	44	#
309	2217	16	17	44	#
310	2217	17	18	44	#
311	2217	18	19	44	#
312	1560	19	20	44	#
313	1560	20	21	44	#
314	1560	21	22	44	#
315	1560	22	23	44	#
316	1560	23	24	44	#
317	1560	24	25	44	#
318	1560	25	26	44	#
319	1560	26	27	44	#
320	1452	27	28	44	#
321	1452	28	29	44	#
322	15632	0	1	2	3	4	5	6	7	8	45	#
323	15632	1	2	3	4	5	6	7	8	9	45	#
324	15632	2	3	4	5	6	7	8	9	10	45	#
325	15632	3	4	5	6	7	8	9	10	11	45	#
326	15632	4	5	6	7	8	9	10	11	12	45	#
327	15632	5	6	7	8	9	10	11	12	13	45	#
328	15632	6	7	8	9	10	11	12	13	14	45	#
329	15632	7	8	9	10	11	12	13	14	15	45	#
330	15632	8	9	10	11	12	13	14	15	16	45	#
331	15632	9	10	11	12	13	14	15	16	17	45	#
332	15632	10	11	12	13	14	15	16	17	18	45	#
333	15632	11	12	13	14	15	16	17	18	19	45	#
334	15632	12	13	14	15	16	17	18	19	20	45	#
335	3526	0	1	2	3	46	#
336	3526	1	2	3	4	46	#
337	3526	2	3	4	5	46	#
338	3526	3	4	5	6	46	#
339	3526	4	5	6	7	46	#
340	3526	5	6	7	8	46	#
341	9424	0	1	2	3	4	47	#
342	9424	1	2	3	4	5	47	#
343	9424	2	3	4	5	6	47	#
344	9424	3	4	5	6	7	47	#
345	9424	4	5	6	7	8	47	#
346	9424	5	6	7	8	9	47	#
347	9424	6	7	8	9	10	47	#
348	9424	7	8	9	10	11	47	#
349	9424	8	9	10	11	12	47	#
350	9424	9	10	11	12	13	47	#
351	6125	10	11	12	13	14	47	#
352	6125	11	12	13	14	15	47	#
353	6125	12	13	14	15	16	47	#
354	6125	13	14	15	16	17	47	#
355	6125	14	15	16	17	18	47	#
356	6125	15	16	17	18	19	47	#
357	6125	16	17	18	19	20	47	#
358	4537	17	18	19	20	21	47	#
359	4537	18	19	20	21	22	47	#
360	4537	19	20	21	22	23	47	#
361	4537	20	21	22	23	24	47	#
362	4537	21	22	23	24	25	47	#
363	4537	22	23	24	25	26	47	#
364	4537	23	24	25	26	27	47	#
365	18784	0	1	2	3	4	5	6	7	8	48	#
366	18784	1	2	3	4	5	6	7	8	9	48	#
367	18784	2	3	4	5	6	7	8	9	10	48	#
368	18784	3	4	5	6	7	8	9	10	11	48	#
369	18784	4	5	6	7	8	9	10	11	12	48	#
370	10734	5	6	7	8	9	10	11	12	13	48	#
371	10734	6	7	8	9	10	11	12	13	14	48	#
372	10734	7	8	9	10	11	12	13	14	15	48	#
373	10734	8	9	10	11	12	13	14	15	16	48	#
374	10734	9	10	11	12	13	14	15	16	17	48	#
375	10734	10	11	12	13	14	15	16	17	18	48	#
376	10734	11	12	13	14	15	16	17	18	19	48	#
377	10734	12	13	14	15	16	17	18	19	20	48	#
378	10734	13	14	15	16	17	18	19	20	21	48	#
379	3445	0	1	2	49	#
380	3445	1	2	3	49	#
381	3445	2	3	4	49	#
382	3445	3	4	5	49	#
383	3445	4	5	6	49	#
384	3445	5	6	7	49	#
385	3445	6	7	8	49	#
386	3445	7	8	9	49	#
387	3445	8	9	10	49	#
388	3445	9	10	11	49	#
389	3445	10	11	12	49	#
390	3445	11	12	13	49	#
391	3445	12	13	14	49	#
392	3445	13	14	15	49	#
393	3445	14	15	16	49	#
394	2205	15	16	17	49	#
395	2205	16	17	18	49	#
396	2205	17	18	19	49	#
397	2205	18	19	20	49	#
398	2205	19	20	21	49	#
399	2205	20	21	22	49	#
400	2205	21	22	23	49	#
401	2205	22	23	24	49	#
402	2205	23	24	25	49	#
403	2873	0	1	50	#
404	2873	1	2	50	#
405	2873	2	3	50	#
406	2873	3	4	50	#
407	2873	4	5	50	#
408	2873	5	6	50	#
409	2873	6	7	50	#
410	2873	7	8	50	#
411	2873	8	9	50	#
412	997	0	51	#
413	997	1	51	#
414	997	2	51	#
415	997	3	51	#
416	997	4	51	#
417	997	5	51	#
418	997	6	51	#
419	997	7	51	#
420	997	8	51	#
421	997	9	51	#
422	997	10	51	#
423	997	11	51	#
424	997	12	51	#
425	997	13	51	#
426	997	14	51	#
427	997	15	51	#
428	997	16	51	#
429	997	17	51	#
430	997	18	51	#
431	997	19	51	#
432	997	20	51	#
433	997	21	51	#
434	997	22	51	#
435	997	23	51	#
436	997	24	51	#
437	997	25	51	#
438	997	26	51	#
439	997	27	51	#
440	997	28	51	#
441	962	29	51	#
442	17938	0	1	2	3	4	5	6	7	52	#
443	17938	1	2	3	4	5	6	7	8	52	#
444	17938	2	3	4	5	6	7	8	9	52	#
445	17938	3	4	5	6	7	8	9	10	52	#
446	17938	4	5	6	7	8	9	10	11	52	#
447	17938	5	6	7	8	9	10	11	12	52	#
448	2777	0	1	2	3	53	#
449	2777	1	2	3	4	53	#
450	2777	2	3	4	5	53	#
451	2777	3	4	5	6	53	#
452	2777	4	5	6	7	53	#
453	2777	5	6	7	8	53	#
454	2777	6	7	8	9	53	#
455	2777	7	8	9	10	53	#
456	2777	8	9	10	11	53	#
457	2777	9	10	11	12	53	#
458	2777	10	11	12	13	53	#
459	2777	11	12	13	14	53	#
460	2777	12	13	14	15	53	#
461	2777	13	14	15	16	53	#
462	2777	14	15	16	17	53	#
463	2777	15	16	17	18	53	#
464	2777	16	17	18	19	53	#
465	2777	17	18	19	20	53	#
466	2777	18	19	20	21	53	#
467	12597	0	1	2	3	4	5	54	#
468	5726	1	2	3	4	5	6	54	#
469	5726	2	3	4	5	6	7	54	#
470	5726	3	4	5	6	7	8	54	#
471	5726	4	5	6	7	8	9	54	#
472	5726	5	6	7	8	9	10	54	#
473	5726	6	7	8	9	10	11	54	#
474	6760	0	1	2	3	4	5	6	7	55	#
475	2034	0	1	2	56	#
476	2034	1	2	3	56	#
477	2034	2	3	4	56	#
478	2034	3	4	5	56	#
479	2034	4	5	6	56	#
480	2034	5	6	7	56	#
481	2034	6	7	8	56	#
482	2034	7	8	9	56	#
483	2034	8	9	10	56	#
484	2034	9	10	11	56	#
485	2034	10	11	12	56	#
486	2034	11	12	13	56	#
487	2034	12	13	14	56	#
488	2034	13	14	15	56	#
489	2034	14	15	16	56	#
490	2034	15	16	17	56	#
491	2034	16	17	18	56	#
492	2034	17	18	19	56	#
493	2034	18	19	20	56	#
494	1627	19	20	21	56	#
495	1627	20	21	22	56	#
496	1627	21	22	23	56	#
497	1627	22	23	24	56	#
498	1627	23	24	25	56	#
499	1453	24	25	26	56	#
500	1453	25	26	27	56	#
501	1453	26	27	28	56	#
502	1403	27	28	29	56	#
503	18251	0	1	2	3	4	5	6	7	8	57	#
504	18251	1	2	3	4	5	6	7	8	9	57	#
505	18251	2	3	4	5	6	7	8	9	10	57	#
506	18251	3	4	5	6	7	8	9	10	11	57	#
507	18251	4	5	6	7	8	9	10	11	12	57	#
508	18251	5	6	7	8	9	10	11	12	13	57	#
509	18251	6	7	8	9	10	11	12	13	14	57	#
510	18251	7	8	9	10	11	12	13	14	15	57	#
511	18251	8	9	10	11	12	13	14	15	16	57	#
512	18251	9	10	11	12	13	14	15	16	17	57	#
513	18251	10	11	12	13	14	15	16	17	18	57	#
514	14933	11	12	13	14	15	16	17	18	19	57	#
515	14933	12	13	14	15	16	17	18	19	20	57	#
516	14933	13	14	15	16	17	18	19	20	21	57	#
517	14933	14	15	16	17	18	19	20	21	22	57	#
518	11733	15	16	17	18	19	20	21	22	23	57	#
519	11733	16	17	18	19	20	21	22	23	24	57	#
520	11733	17	18	19	20	21	22	23	24	25	57	#
521	11733	18	19	20	21	22	23	24	25	26	57	#
522	11733	19	20	21	22	23	24	25	26	27	57	#
523	11733	20	21	22	23	24	25	26	27	28	57	#
524	11328	21	22	23	24	25	26	27	28	29	57	#
525	9188	0	1	2	3	4	58	#
526	9188	1	2	3	4	5	58	#
527	9188	2	3	4	5	6	58	#
528	9188	3	4	5	6	7	58	#
529	9188	4	5	6	7	8	58	#
530	9188	5	6	7	8	9	58	#
531	9188	6	7	8	9	10	58	#
532	9188	7	8	9	10	11	58	#
533	9188	8	9	10	11	12	58	#
534	9188	9	10	11	12	13	58	#
535	9188	10	11	12	13	14	58	#
536	16442	0	1	2	3	4	5	6	7	59	#
537	16442	1	2	3	4	5	6	7	8	59	#
538	16442	2	3	4	5	6	7	8	9	59	#
539	16442	3	4	5	6	7	8	9	10	59	#
540	16442	4	5	6	7	8	9	10	11	59	#
541	16442	5	6	7	8	9	10	11	12	59	#
542	16442	6	7	8	9	10	11	12	13	59	#
543	16442	7	8	9	10	11	12	13	14	59	#
544	16442	8	9	10	11	12	13	14	15	59	#
545	16442	9	10	11	12	13	14	15	16	59	#
546	16442	10	11	12	13	14	15	16	17	59	#
547	16442	11	12	13	14	15	16	17	18	59	#
548	16442	12	13	14	15	16	17	18	19	59	#
549	16442	13	14	15	16	17	18	19	20	59	#
550	16442	14	15	16	17	18	19	20	21	59	#
551	16442	15	16	17	18	19	20	21	22	59	#
552	16442	16	17	18	19	20	21	22	23	59	#
553	16442	17	18	19	20	21	22	23	24	59	#
554	16442	18	19	20	21	22	23	24	25	59	#
555	16442	19	20	21	22	23	24	25	26	59	#
556	16442	20	21	22	23	24	25	26	27	59	#
557	15854	21	22	23	24	25	26	27	28	59	#
558	15308	22	23	24	25	26	27	28	29	59	#
559	17965	0	1	2	3	4	5	6	7	60	#
560	17965	1	2	3	4	5	6	7	8	60	#
561	17965	2	3	4	5	6	7	8	9	60	#
562	17965	3	4	5	6	7	8	9	10	60	#
563	17965	4	5	6	7	8	9	10	11	60	#
564	17965	5	6	7	8	9	10	11	12	60	#
565	17965	6	7	8	9	10	11	12	13	60	#
566	17965	7	8	9	10	11	12	13	14	60	#
567	17965	8	9	10	11	12	13	14	15	60	#
568	17965	9	10	11	12	13	14	15	16	60	#
569	17965	10	11	12	13	14	15	16	17	60	#
570	17965	11	12	13	14	15	16	17	18	60	#
571	12437	12	13	14	15	16	17	18	19	60	#
572	12437	13	14	15	16	17	18	19	20	60	#
573	12437	14	15	16	17	18	19	20	21	60	#
574	12437	15	16	17	18	19	20	21	22	60	#
575	12437	16	17	18	19	20	21	22	23	60	#
576	12437	17	18	19	20	21	22	23	24	60	#
577	12437	18	19	20	21	22	23	24	25	60	#
578	12437	19	20	21	22	23	24	25	26	60	#
579	11977	20	21	22	23	24	25	26	27	60	#
580	11549	21	22	23	24	25	26	27	28	60	#
581	11151	22	23	24	25	26	27	28	29	60	#
582	4240	0	1	2	61	#
583	4240	1	2	3	61	#
584	4240	2	3	4	61	#
585	4240	3	4	5	61	#
586	4240	4	5	6	61	#
587	4240	5	6	7	61	#
588	4240	6	7	8	61	#
589	4240	7	8	9	61	#
590	4240	8	9	10	61	#
591	4240	9	10	11	61	#
592	4240	10	11	12	61	#
593	4240	11	12	13	61	#
594	4240	12	13	14	61	#
595	4240	13	14	15	61	#
596	4240	14	15	16	61	#
597	4240	15	16	17	61	#
598	4240	16	17	18	61	#
599	4240	17	18	19	61	#
600	4240	18	19	20	61	#
601	4240	19	20	21	61	#
602	3298	20	21	22	61	#
603	3298	21	22	23	61	#
604	3298	22	23	24	61	#
605	3298	23	24	25	61	#
606	3298	24	25	26	61	#
607	3298	25	26	27	61	#
608	3070	26	27	28	61	#
609	3070	27	28	29	61	#
610	11421	0	1	2	3	4	5	6	62	#
611	11421	1	2	3	4	5	6	7	62	#
612	11421	2	3	4	5	6	7	8	62	#
613	11421	3	4	5	6	7	8	9	62	#
614	4672	4	5	6	7	8	9	10	62	#
615	4672	5	6	7	8	9	10	11	62	#
616	4672	6	7	8	9	10	11	12	62	#
617	4672	7	8	9	10	11	12	13	62	#
618	4672	8	9	10	11	12	13	14	62	#
619	4672	9	10	11	12	13	14	15	62	#
620	4672	10	11	12	13	14	15	16	62	#
621	4672	11	12	13	14	15	16	17	62	#
622	4672	12	13	14	15	16	17	18	62	#
623	4672	13	14	15	16	17	18	19	62	#
624	4672	14	15	16	17	18	19	20	62	#
625	4672	15	16	17	18	19	20	21	62	#
626	4672	16	17	18	19	20	21	22	62	#
627	3671	17	18	19	20	21	22	23	62	#
628	3671	18	19	20	21	22	23	24	62	#
629	3671	19	20	21	22	23	24	25	62	#
630	3671	20	21	22	23	24	25	26	62	#
631	3671	21	22	23	24	25	26	27	62	#
632	3671	22	23	24	25	26	27	28	62	#
633	972	0	63	#
634	972	1	63	#
635	972	2	63	#
636	972	3	63	#
637	972	4	63	#
638	972	5	63	#
639	972	6	63	#
640	972	7	63	#
641	972	8	63	#
642	972	9	63	#
643	972	10	63	#
644	972	11	63	#
645	972	12	63	#
646	972	13	63	#
647	972	14	63	#
648	972	15	63	#
649	972	16	63	#
650	972	17	63	#
651	972	18	63	#
652	972	19	63	#
653	972	20	63	#
654	972	21	63	#
655	972	22	63	#
656	972	23	63	#
657	2137	0	1	64	#
658	2137	1	2	64	#
659	2137	2	3	64	#
660	2137	3	4	64	#
661	2137	4	5	64	#
662	2137	5	6	64	#
663	2137	6	7	64	#
664	2137	7	8	64	#
665	2137	8	9	64	#
666	2137	9	10	64	#
667	2137	10	11	64	#
668	2137	11	12	64	#
669	2137	12	13	64	#
670	2137	13	14	64	#
671	2137	14	15	64	#
672	2137	15	16	64	#
673	2137	16	17	64	#
674	2137	17	18	64	#
675	2137	18	19	64	#
676	2137	19	20	64	#
677	2137	20	21	64	#
678	2137	21	22	64	#
679	2137	22	23	64	#
680	2137	23	24	64	#
681	2137	24	25	64	#
682	1908	25	26	64	#
683	1908	26	27	64	#
684	1908	27	28	64	#
685	1842	28	29	64	#
686	5579	0	1	2	3	65	#
687	5579	1	2	3	4	65	#
688	5579	2	3	4	5	65	#
689	5579	3	4	5	6	65	#
690	5579	4	5	6	7	65	#
691	5579	5	6	7	8	65	#
692	5579	6	7	8	9	65	#
693	5579	7	8	9	10	65	#
694	5579	8	9	10	11	65	#
695	5579	9	10	11	12	65	#
696	5579	10	11	12	13	65	#
697	5579	11	12	13	14	65	#
698	5579	12	13	14	15	65	#
699	5579	13	14	15	16	65	#
700	5579	14	15	16	17	65	#
701	5579	15	16	17	18	65	#
702	5579	16	17	18	19	65	#
703	5579	17	18	19	20	65	#
704	5579	18	19	20	21	65	#
705	5094	19	20	21	22	65	#
706	5094	20	21	22	23	65	#
707	869	0	66	#
708	869	1	66	#
709	869	2	66	#
710	869	3	66	#
711	869	4	66	#
712	869	5	66	#
713	869	6	66	#
714	869	7	66	#
715	243	8	66	#
716	243	9	66	#
717	243	10	66	#
718	243	11	66	#
719	243	12	66	#
720	243	13	66	#
721	243	14	66	#
722	243	15	66	#
723	243	16	66	#
724	243	17	66	#
725	243	18	66	#
726	243	19	66	#
727	243	20	66	#
728	243	21	66	#
729	243	22	66	#
730	243	23	66	#
731	243	24	66	#
732	243	25	66	#
733	234	26	66	#
734	14623	0	1	2	3	4	5	6	67	#
735	14623	1	2	3	4	5	6	7	67	#
736	14623	2	3	4	5	6	7	8	67	#
737	14623	3	4	5	6	7	8	9	67	#
738	6580	4	5	6	7	8	9	10	67	#
739	6580	5	6	7	8	9	10	11	67	#
740	6580	6	7	8	9	10	11	12	67	#
741	6580	7	8	9	10	11	12	13	67	#
742	6580	8	9	10	11	12	13	14	67	#
743	6580	9	10	11	12	13	14	15	67	#
744	6580	10	11	12	13	14	15	16	67	#
745	6580	11	12	13	14	15	16	17	67	#
746	6580	12	13	14	15	16	17	18	67	#
747	6580	13	14	15	16	17	18	19	67	#
748	6580	14	15	16	17	18	19	20	67	#
749	5264	15	16	17	18	19	20	21	67	#
750	5264	16	17	18	19	20	21	22	67	#
751	5264	17	18	19	20	21	22	23	67	#
752	5264	18	19	20	21	22	23	24	67	#
753	5264	19	20	21	22	23	24	25	67	#
754	5062	20	21	22	23	24	25	26	67	#
755	4874	21	22	23	24	25	26	27	67	#
756	3998	0	1	2	3	68	#
757	3998	1	2	3	4	68	#
758	15209	0	1	2	3	4	5	6	7	69	#
759	15209	1	2	3	4	5	6	7	8	69	#
760	15209	2	3	4	5	6	7	8	9	69	#
761	15209	3	4	5	6	7	8	9	10	69	#
762	15209	4	5	6	7	8	9	10	11	69	#
763	15209	5	6	7	8	9	10	11	12	69	#
764	15209	6	7	8	9	10	11	12	13	69	#
765	15209	7	8	9	10	11	12	13	14	69	#
766	15209	8	9	10	11	12	13	14	15	69	#
767	15209	9	10	11	12	13	14	15	16	69	#
768	15209	10	11	12	13	14	15	16	17	69	#
769	15209	11	12	13	14	15	16	17	18	69	#
770	15209	12	13	14	15	16	17	18	19	69	#
771	15209	13	14	15	16	17	18	19	20	69	#
772	15209	14	15	16	17	18	19	20	21	69	#
773	12776	15	16	17	18	19	20	21	22	69	#
774	12776	16	17	18	19	20	21	22	23	69	#
775	12776	17	18	19	20	21	22	23	24	69	#
776	12776	18	19	20	21	22	23	24	25	69	#
777	11829	19	20	21	22	23	24	25	26	69	#
778	11829	20	21	22	23	24	25	26	27	69	#
779	11013	21	22	23	24	25	26	27	28	69	#
780	11013	22	23	24	25	26	27	28	29	69	#
781	3643	0	1	2	70	#
782	3643	1	2	3	70	#
783	3643	2	3	4	70	#
784	3643	3	4	5	70	#
785	3643	4	5	6	70	#
786	3643	5	6	7	70	#
787	3643	6	7	8	70	#
788	3643	7	8	9	70	#
789	11324	0	1	2	3	4	5	71	#
790	11324	1	2	3	4	5	6	71	#
791	11324	2	3	4	5	6	7	71	#
792	11324	3	4	5	6	7	8	71	#
793	11324	4	5	6	7	8	9	71	#
794	11324	5	6	7	8	9	10	71	#
795	11324	6	7	8	9	10	11	71	#
796	11324	7	8	9	10	11	12	71	#
797	5436	8	9	10	11	12	13	71	#
798	5436	9	10	11	12	13	14	71	#
799	5436	10	11	12	13	14	15	71	#
800	5436	11	12	13	14	15	16	71	#
801	5436	12	13	14	15	16	17	71	#
802	5436	13	14	15	16	17	18	71	#
803	5436	14	15	16	17	18	19	71	#
804	5436	15	16	17	18	19	20	71	#
805	5436	16	17	18	19	20	21	71	#
806	5436	17	18	19	20	21	22	71	#
807	5436	18	19	20	21	22	23	71	#
808	5436	19	20	21	22	23	24	71	#
809	5436	20	21	22	23	24	25	71	#
810	5033	21	22	23	24	25	26	71	#
811	5033	22	23	24	25	26	27	71	#
812	4853	23	24	25	26	27	28	71	#
813	4686	24	25	26	27	28	29	71	#
814	18509	0	1	2	3	4	5	6	7	8	72	#
815	18509	1	2	3	4	5	6	7	8	9	72	#
816	18509	2	3	4	5	6	7	8	9	10	72	#
817	18509	3	4	5	6	7	8	9	10	11	72	#
818	18509	4	5	6	7	8	9	10	11	12	72	#
819	17085	5	6	7	8	9	10	11	12	13	72	#
820	15865	6	7	8	9	10	11	12	13	14	72	#
821	7932	7	8	9	10	11	12	13	14	15	72	#
822	7932	8	9	10	11	12	13	14	15	16	72	#
823	7932	9	10	11	12	13	14	15	16	17	72	#
824	7932	10	11	12	13	14	15	16	17	18	72	#
825	7932	11	12	13	14	15	16	17	18	19	72	#
826	7932	12	13	14	15	16	17	18	19	20	72	#
827	7932	13	14	15	16	17	18	19	20	21	72	#
828	7932	14	15	16	17	18	19	20	21	22	72	#
829	7932	15	16	17	18	19	20	21	22	23	72	#
830	7932	16	17	18	19	20	21	22	23	24	72	#
831	7932	17	18	19	20	21	22	23	24	25	72	#
832	7932	18	19	20	21	22	23	24	25	26	72	#
833	7932	19	20	21	22	23	24	25	26	27	72	#
834	7932	20	21	22	23	24	25	26	27	28	72	#
835	7659	21	22	23	24	25	26	27	28	29	72	#
836	6615	0	1	2	3	4	73	#
837	6615	1	2	3	4	5	73	#
838	6615	2	3	4	5	6	73	#
839	6615	3	4	5	6	7	73	#
840	6615	4	5	6	7	8	73	#
841	6615	5	6	7	8	9	73	#
842	6615	6	7	8	9	10	73	#
843	6615	7	8	9	10	11	73	#
844	6615	8	9	10	11	12	73	#
845	6615	9	10	11	12	13	73	#
846	6615	10	11	12	13	14	73	#
847	6615	11	12	13	14	15	73	#
848	6615	12	13	14	15	16	73	#
849	6615	13	14	15	16	17	73	#
850	6615	14	15	16	17	18	73	#
851	6615	15	16	17	18	19	73	#
852	6615	16	17	18	19	20	73	#
853	6615	17	18	19	20	21	73	#
854	6615	18	19	20	21	22	73	#
855	6615	19	20	21	22	23	73	#
856	6615	20	21	22	23	24	73	#
857	6615	21	22	23	24	25	73	#
858	6615	22	23	24	25	26	73	#
859	6615	23	24	25	26	27	73	#
860	6615	24	25	26	27	28	73	#
861	6387	25	26	27	28	29	73	#
862	3258	0	1	2	74	#
863	3258	1	2	3	74	#
864	3258	2	3	4	74	#
865	3258	3	4	5	74	#
866	3258	4	5	6	74	#
867	3258	5	6	7	74	#
868	3258	6	7	8	74	#
869	3258	7	8	9	74	#
870	3258	8	9	10	74	#
871	3258	9	10	11	74	#
872	3258	10	11	12	74	#
873	3258	11	12	13	74	#
874	3258	12	13	14	74	#
875	3258	13	14	15	74	#
876	3258	14	15	16	74	#
877	3258	15	16	17	74	#
878	3258	16	17	18	74	#
879	3258	17	18	19	74	#
880	3258	18	19	20	74	#
881	3258	19	20	21	74	#
882	3258	20	21	22	74	#
883	3258	21	22	23	74	#
884	3258	22	23	24	74	#
885	3258	23	24	25	74	#
886	3258	24	25	26	74	#
887	3258	25	26	27	74	#
888	6121	0	1	2	3	4	5	6	7	75	#
889	6121	1	2	3	4	5	6	7	8	75	#
890	6121	2	3	4	5	6	7	8	9	75	#
891	6121	3	4	5	6	7	8	9	10	75	#
892	6121	4	5	6	7	8	9	10	11	75	#
893	6121	5	6	7	8	9	10	11	12	75	#
894	6121	6	7	8	9	10	11	12	13	75	#
895	4870	0	1	2	76	#
896	4870	1	2	3	76	#
897	4870	2	3	4	76	#
898	4870	3	4	5	76	#
899	4870	4	5	6	76	#
900	4870	5	6	7	76	#
901	4870	6	7	8	76	#
902	4870	7	8	9	76	#
903	4870	8	9	10	76	#
904	4870	9	10	11	76	#
905	4870	10	11	12	76	#
906	4870	11	12	13	76	#
907	4870	12	13	14	76	#
908	4870	13	14	15	76	#
909	4870	14	15	16	76	#
910	4870	15	16	17	76	#
911	4870	16	17	18	76	#
912	4870	17	18	19	76	#
913	4870	18	19	20	76	#
914	4870	19	20	21	76	#
915	4870	20	21	22	76	#
916	4870	21	22	23	76	#
917	4870	22	23	24	76	#
918	4870	23	24	25	76	#
919	4870	24	25	26	76	#
920	4870	25	26	27	76	#
921	4870	26	27	28	76	#
922	4702	27	28	29	76	#
923	11350	0	1	2	3	4	5	77	#
924	11350	1	2	3	4	5	6	77	#
925	11350	2	3	4	5	6	7	77	#
926	11350	3	4	5	6	7	8	77	#
927	11350	4	5	6	7	8	9	77	#
928	11350	5	6	7	8	9	10	77	#
929	11350	6	7	8	9	10	11	77	#
930	11350	7	8	9	10	11	12	77	#
931	11350	8	9	10	11	12	13	77	#
932	5088	9	10	11	12	13	14	77	#
933	5088	10	11	12	13	14	15	77	#
934	5088	11	12	13	14	15	16	77	#
935	5088	12	13	14	15	16	17	77	#
936	5088	13	14	15	16	17	18	77	#
937	5088	14	15	16	17	18	19	77	#
938	5088	15	16	17	18	19	20	77	#
939	5088	16	17	18	19	20	21	77	#
940	5088	17	18	19	20	21	22	77	#
941	5088	18	19	20	21	22	23	77	#
942	5088	19	20	21	22	23	24	77	#
943	5088	20	21	22	23	24	25	77	#
944	5088	21	22	23	24	25	26	77	#
945	5088	22	23	24	25	26	27	77	#
946	5088	23	24	25	26	27	28	77	#
947	5088	24	25	26	27	28	29	77	#
948	2788	0	1	2	3	78	#
949	2788	1	2	3	4	78	#
950	2788	2	3	4	5	78	#
951	2788	3	4	5	6	78	#
952	796	4	5	6	7	78	#
953	796	5	6	7	8	78	#
954	796	6	7	8	9	78	#
955	796	7	8	9	10	78	#
956	796	8	9	10	11	78	#
957	796	9	10	11	12	78	#
958	796	10	11	12	13	78	#
959	796	11	12	13	14	78	#
960	796	12	13	14	15	78	#
961	796	13	14	15	16	78	#
962	796	14	15	16	17	78	#
963	796	15	16	17	18	78	#
964	796	16	17	18	19	78	#
965	796	17	18	19	20	78	#
966	796	18	19	20	21	78	#
967	643	19	20	21	22	78	#
968	643	20	21	22	23	78	#
969	643	21	22	23	24	78	#
970	643	22	23	24	25	78	#
971	643	23	24	25	26	78	#
972	619	24	25	26	27	78	#
973	9343	0	1	2	3	4	5	6	7	79	#
974	9343	1	2	3	4	5	6	7	8	79	#
975	9343	2	3	4	5	6	7	8	9	79	#
976	9343	3	4	5	6	7	8	9	10	79	#
977	9343	4	5	6	7	8	9	10	11	79	#
978	9343	5	6	7	8	9	10	11	12	79	#
979	9343	6	7	8	9	10	11	12	13	79	#
980	9343	7	8	9	10	11	12	13	14	79	#
981	9343	8	9	10	11	12	13	14	15	79	#
982	9343	9	10	11	12	13	14	15	16	79	#
983	9343	10	11	12	13	14	15	16	17	79	#
984	6109	11	12	13	14	15	16	17	18	79	#
985	6109	12	13	14	15	16	17	18	19	79	#
986	6109	13	14	15	16	17	18	19	20	79	#
987	6109	14	15	16	17	18	19	20	21	79	#
988	6109	15	16	17	18	19	20	21	22	79	#
989	6109	16	17	18	19	20	21	22	23	79	#
990	6109	17	18	19	20	21	22	23	24	79	#
991	6109	18	19	20	21	22	23	24	25	79	#
992	6109	19	20	21	22	23	24	25	26	79	#
993	5672	20	21	22	23	24	25	26	27	79	#
994	5672	21	22	23	24	25	26	27	28	79	#
995	5477	22	23	24	25	26	27	28	29	79	#
996	8595	0	1	2	3	4	80	#
997	8595	1	2	3	4	5	80	#
998	8595	2	3	4	5	6	80	#
999	8595	3	4	5	6	7	80	#
1000	8595	4	5	6	7	8	80	#
1001	8595	5	6	7	8	9	80	#
1002	8595	6	7	8	9	10	80	#
1003	8595	7	8	9	10	11	80	#
1004	8595	8	9	10	11	12	80	#
1005	8595	9	10	11	12	13	80	#
1006	8595	10	11	12	13	14	80	#
1007	8595	11	12	13	14	15	80	#
1008	8595	12	13	14	15	16	80	#
1009	8595	13	14	15	16	17	80	#
1010	8595	14	15	16	17	18	80	#
1011	8595	15	16	17	18	19	80	#
1012	8595	16	17	18	19	20	80	#
1013	8595	17	18	19	20	21	80	#
1014	8595	18	19	20	21	22	80	#
1015	8595	19	20	21	22	23	80	#
1016	8595	20	21	22	23	24	80	#
1017	8595	21	22	23	24	25	80	#
1018	8595	22	23	24	25	26	80	#
1019	8595	23	24	25	26	27	80	#
1020	8595	24	25	26	27	28	80	#
1021	8299	25	26	27	28	29	80	#
1022	4037	0	1	2	81	#
1023	4037	1	2	3	81	#
1024	4037	2	3	4	81	#
1025	4037	3	4	5	81	#
1026	4037	4	5	6	81	#
1027	4037	5	6	7	81	#
1028	4037	6	7	8	81	#
1029	4037	7	8	9	81	#
1030	4037	8	9	10	81	#
1031	4037	9	10	11	81	#
1032	4037	10	11	12	81	#
1033	4037	11	12	13	81	#
1034	4037	12	13	14	81	#
1035	4037	13	14	15	81	#
1036	4037	14	15	16	81	#
1037	4037	15	16	17	81	#
1038	2542	16	17	18	81	#
1039	2542	17	18	19	81	#
1040	2542	18	19	20	81	#
1041	2542	19	20	21	81	#
1042	2542	20	21	22	81	#
1043	2542	21	22	23	81	#
1044	2542	22	23	24	81	#
1045	2542	23	24	25	81	#
1046	2542	24	25	26	81	#
1047	2542	25	26	27	81	#
1048	2366	26	27	28	81	#
1049	2366	27	28	29	81	#
1050	2239	0	1	82	#
1051	2239	1	2	82	#
1052	2239	2	3	82	#
1053	2239	3	4	82	#
1054	2239	4	5	82	#
1055	2239	5	6	82	#
1056	2239	6	7	82	#
1057	2239	7	8	82	#
1058	2239	8	9	82	#
1059	2239	9	10	82	#
1060	2239	10	11	82	#
1061	2239	11	12	82	#
1062	2239	12	13	82	#
1063	2239	13	14	82	#
1064	2239	14	15	82	#
1065	2239	15	16	82	#
1066	2239	16	17	82	#
1067	2239	17	18	82	#
1068	2239	18	19	82	#
1069	2239	19	20	82	#
1070	4079	0	1	2	3	4	83	#
1071	4079	1	2	3	4	5	83	#
1072	4079	2	3	4	5	6	83	#
1073	4079	3	4	5	6	7	83	#
1074	4079	4	5	6	7	8	83	#
1075	4079	5	6	7	8	9	83	#
1076	4079	6	7	8	9	10	83	#
1077	4079	7	8	9	10	11	83	#
1078	4079	8	9	10	11	12	83	#
1079	4079	9	10	11	12	13	83	#
1080	4079	10	11	12	13	14	83	#
1081	9263	0	1	2	3	4	5	6	7	8	84	#
1082	9263	1	2	3	4	5	6	7	8	9	84	#
1083	9263	2	3	4	5	6	7	8	9	10	84	#
1084	9263	3	4	5	6	7	8	9	10	11	84	#
1085	9263	4	5	6	7	8	9	10	11	12	84	#
1086	9263	5	6	7	8	9	10	11	12	13	84	#
1087	9263	6	7	8	9	10	11	12	13	14	84	#
1088	9263	7	8	9	10	11	12	13	14	15	84	#
1089	9263	8	9	10	11	12	13	14	15	16	84	#
1090	9263	9	10	11	12	13	14	15	16	17	84	#
1091	9263	10	11	12	13	14	15	16	17	18	84	#
1092	9263	11	12	13	14	15	16	17	18	19	84	#
1093	9263	12	13	14	15	16	17	18	19	20	84	#
1094	9263	13	14	15	16	17	18	19	20	21	84	#
1095	9263	14	15	16	17	18	19	20	21	22	84	#
1096	9263	15	16	17	18	19	20	21	22	23	84	#
1097	9263	16	17	18	19	20	21	22	23	24	84	#
1098	9263	17	18	19	20	21	22	23	24	25	84	#
1099	9263	18	19	20	21	22	23	24	25	26	84	#
1100	9263	19	20	21	22	23	24	25	26	27	84	#
1101	9263	20	21	22	23	24	25	26	27	28	84	#
1102	9263	21	22	23	24	25	26	27	28	29	84	#
1103	4534	0	1	2	3	4	5	85	#
1104	4534	1	2	3	4	5	6	85	#
1105	4534	2	3	4	5	6	7	85	#
1106	4534	3	4	5	6	7	8	85	#
1107	4534	4	5	6	7	8	9	85	#
1108	4534	5	6	7	8	9	10	85	#
1109	4534	6	7	8	9	10	11	85	#
1110	4534	7	8	9	10	11	12	85	#
1111	4534	8	9	10	11	12	13	85	#
1112	4534	9	10	11	12	13	14	85	#
1113	4534	10	11	12	13	14	15	85	#
1114	4534	11	12	13	14	15	16	85	#
1115	4534	12	13	14	15	16	17	85	#
1116	2658	13	14	15	16	17	18	85	#
1117	2658	14	15	16	17	18	19	85	#
1118	2658	15	16	17	18	19	20	85	#
1119	2658	16	17	18	19	20	21	85	#
1120	2658	17	18	19	20	21	22	85	#
1121	2658	18	19	20	21	22	23	85	#
1122	2658	19	20	21	22	23	24	85	#
1123	2658	20	21	22	23	24	25	85	#
1124	2658	21	22	23	24	25	26	85	#
1125	2658	22	23	24	25	26	27	85	#
1126	2658	23	24	25	26	27	28	85	#
1127	2658	24	25	26	27	28	29	85	#
1128	7338	0	1	2	3	4	5	6	86	#
1129	7338	1	2	3	4	5	6	7	86	#
1130	7338	2	3	4	5	6	7	8	86	#
1131	7338	3	4	5	6	7	8	9	86	#
1132	7338	4	5	6	7	8	9	10	86	#
1133	7338	5	6	7	8	9	10	11	86	#
1134	7338	6	7	8	9	10	11	12	86	#
1135	7338	7	8	9	10	11	12	13	86	#
1136	7338	8	9	10	11	12	13	14	86	#
1137	7338	9	10	11	12	13	14	15	86	#
1138	7338	10	11	12	13	14	15	16	86	#
1139	7338	11	12	13	14	15	16	17	86	#
1140	7338	12	13	14	15	16	17	18	86	#
1141	4555	13	14	15	16	17	18	19	86	#
1142	4555	14	15	16	17	18	19	20	86	#
1143	4555	15	16	17	18	19	20	21	86	#
1144	4555	16	17	18	19	20	21	22	86	#
1145	4555	17	18	19	20	21	22	23	86	#
1146	4555	18	19	20	21	22	23	24	86	#
1147	4555	19	20	21	22	23	24	25	86	#
1148	4555	20	21	22	23	24	25	26	86	#
1149	4555	21	22	23	24	25	26	27	86	#
1150	4555	22	23	24	25	26	27	28	86	#
1151	4555	23	24	25	26	27	28	29	86	#
1152	526	0	87	#
1153	526	1	87	#
1154	526	2	87	#
1155	150	3	87	#
1156	150	4	87	#
1157	150	5	87	#
1158	150	6	87	#
1159	150	7	87	#
1160	105	8	87	#
1161	105	9	87	#
1162	105	10	87	#
1163	39	11	87	#
1164	39	12	87	#
1165	39	13	87	#
1166	39	14	87	#
1167	39	15	87	#
1168	39	16	87	#
1169	39	17	87	#
1170	39	18	87	#
1171	39	19	87	#
1172	39	20	87	#
1173	39	21	87	#
1174	39	22	87	#
1175	39	23	87	#
1176	39	24	87	#
1177	39	25	87	#
1178	39	26	87	#
1179	39	27	87	#
1180	36	28	87	#
1181	36	29	87	#
1182	17223	0	1	2	3	4	5	6	7	88	#
1183	17223	1	2	3	4	5	6	7	8	88	#
1184	17223	2	3	4	5	6	7	8	9	88	#
1185	17223	3	4	5	6	7	8	9	10	88	#
1186	6624	4	5	6	7	8	9	10	11	88	#
1187	6624	5	6	7	8	9	10	11	12	88	#
1188	6624	6	7	8	9	10	11	12	13	88	#
1189	6624	7	8	9	10	11	12	13	14	88	#
1190	6624	8	9	10	11	12	13	14	15	88	#
1191	6624	9	10	11	12	13	14	15	16	88	#
1192	6624	10	11	12	13	14	15	16	17	88	#
1193	6624	11	12	13	14	15	16	17	18	88	#
1194	6624	12	13	14	15	16	17	18	19	88	#
1195	6624	13	14	15	16	17	18	19	20	88	#
1196	6624	14	15	16	17	18	19	20	21	88	#
1197	6624	15	16	17	18	19	20	21	22	88	#
1198	6624	16	17	18	19	20	21	22	23	88	#
1199	6624	17	18	19	20	21	22	23	24	88	#
1200	6624	18	19	20	21	22	23	24	25	88	#
1201	6624	19	20	21	22	23	24	25	26	88	#
1202	6151	20	21	22	23	24	25	26	27	88	#
1203	6151	21	22	23	24	25	26	27	28	88	#
1204	5939	22	23	24	25	26	27	28	29	88	#
