%% File generated by CATS v.2.1Tue Aug 20 18:58:10 2019

%% The CATS webpage is http://robotics.stanford.edu/CATS

%% PARAMETER SETTINGS:
% Goods: 10; Bids: 400; Distribution: scheduling; Runs: 10; Seed: 1566345609
% Scheduling Distribution Parameters:
% max_length                = 10
% deviation                 = 0.500000
% prob_additional_deadline  = 0.700000
% additivity                = 0.200000



goods 10
bids 402
dummy 83

0	1385	0	1	10	#
1	1385	1	2	10	#
2	1385	2	3	10	#
3	1385	3	4	10	#
4	923	4	5	10	#
5	923	5	6	10	#
6	3314	0	1	11	#
7	3314	1	2	11	#
8	3314	2	3	11	#
9	3314	3	4	11	#
10	3314	4	5	11	#
11	3314	5	6	11	#
12	3314	6	7	11	#
13	3314	7	8	11	#
14	3314	8	9	11	#
15	-2147483648	0	12	#
16	0	1	12	#
17	0	2	12	#
18	0	3	12	#
19	0	4	12	#
20	0	5	12	#
21	0	6	12	#
22	0	7	12	#
23	0	8	12	#
24	0	9	12	#
25	10462	0	1	2	3	4	5	6	7	8	9	13	#
26	2787	0	1	14	#
27	2787	1	2	14	#
28	2787	2	3	14	#
29	2787	3	4	14	#
30	2787	4	5	14	#
31	2323	5	6	14	#
32	1548	6	7	14	#
33	1548	7	8	14	#
34	1548	8	9	14	#
35	17390	0	1	2	3	4	5	6	7	8	9	15	#
36	18790	0	1	2	3	4	5	6	7	8	9	16	#
37	20313	0	1	2	3	4	5	6	7	8	9	17	#
38	16966	0	1	2	3	4	5	6	7	8	18	#
39	16966	1	2	3	4	5	6	7	8	9	18	#
40	1411	0	19	#
41	1411	1	19	#
42	1411	2	19	#
43	1411	3	19	#
44	1411	4	19	#
45	1411	5	19	#
46	1411	6	19	#
47	1058	7	19	#
48	1058	8	19	#
49	941	9	19	#
50	7705	0	1	2	3	20	#
51	13570	0	1	2	3	4	5	6	21	#
52	13570	1	2	3	4	5	6	7	21	#
53	13570	2	3	4	5	6	7	8	21	#
54	13570	3	4	5	6	7	8	9	21	#
55	17112	0	1	2	3	4	5	6	7	8	9	22	#
56	13886	0	1	2	3	4	5	6	7	8	9	23	#
57	4284	0	1	2	24	#
58	4284	1	2	3	24	#
59	4284	2	3	4	24	#
60	4284	3	4	5	24	#
61	4284	4	5	6	24	#
62	4284	5	6	7	24	#
63	3332	6	7	8	24	#
64	3332	7	8	9	24	#
65	7635	0	1	2	3	4	25	#
66	7635	1	2	3	4	5	25	#
67	7635	2	3	4	5	6	25	#
68	7635	3	4	5	6	7	25	#
69	7635	4	5	6	7	8	25	#
70	14766	0	1	2	3	4	5	6	7	8	26	#
71	13125	1	2	3	4	5	6	7	8	9	26	#
72	1785	0	1	27	#
73	893	1	2	27	#
74	255	2	3	27	#
75	255	3	4	27	#
76	255	4	5	27	#
77	255	5	6	27	#
78	255	6	7	27	#
79	3036	0	1	28	#
80	3036	1	2	28	#
81	3036	2	3	28	#
82	3036	3	4	28	#
83	3036	4	5	28	#
84	3036	5	6	28	#
85	2277	6	7	28	#
86	2277	7	8	28	#
87	2024	8	9	28	#
88	2863	0	1	29	#
89	2863	1	2	29	#
90	2863	2	3	29	#
91	4913	0	1	2	3	4	5	30	#
92	4913	1	2	3	4	5	6	30	#
93	4913	2	3	4	5	6	7	30	#
94	4913	3	4	5	6	7	8	30	#
95	4367	4	5	6	7	8	9	30	#
96	868	0	31	#
97	868	1	31	#
98	868	2	31	#
99	868	3	31	#
100	868	4	31	#
101	868	5	31	#
102	868	6	31	#
103	868	7	31	#
104	760	8	31	#
105	17837	0	1	2	3	4	5	6	7	8	9	32	#
106	12177	0	1	2	3	4	5	6	7	33	#
107	12177	1	2	3	4	5	6	7	8	33	#
108	12177	2	3	4	5	6	7	8	9	33	#
109	6737	0	1	2	3	4	34	#
110	6737	1	2	3	4	5	34	#
111	6737	2	3	4	5	6	34	#
112	6737	3	4	5	6	7	34	#
113	6737	4	5	6	7	8	34	#
114	10501	0	1	2	3	4	5	35	#
115	10501	1	2	3	4	5	6	35	#
116	10501	2	3	4	5	6	7	35	#
117	10501	3	4	5	6	7	8	35	#
118	9334	4	5	6	7	8	9	35	#
119	1323	0	36	#
120	1323	1	36	#
121	1323	2	36	#
122	1323	3	36	#
123	441	4	36	#
124	441	5	36	#
125	441	6	36	#
126	441	7	36	#
127	441	8	36	#
128	441	9	36	#
129	12085	0	1	2	3	4	5	6	7	8	9	37	#
130	3899	0	1	2	3	38	#
131	3899	1	2	3	4	38	#
132	3899	2	3	4	5	38	#
133	3899	3	4	5	6	38	#
134	3899	4	5	6	7	38	#
135	3899	5	6	7	8	38	#
136	3466	6	7	8	9	38	#
137	12009	0	1	2	3	4	5	6	7	8	9	39	#
138	975	0	40	#
139	975	1	40	#
140	4906	0	1	2	3	4	41	#
141	4906	1	2	3	4	5	41	#
142	4906	2	3	4	5	6	41	#
143	4906	3	4	5	6	7	41	#
144	4906	4	5	6	7	8	41	#
145	4361	5	6	7	8	9	41	#
146	1463	0	42	#
147	1463	1	42	#
148	1463	2	42	#
149	1463	3	42	#
150	1463	4	42	#
151	731	5	42	#
152	731	6	42	#
153	731	7	42	#
154	731	8	42	#
155	650	9	42	#
156	8785	0	1	2	3	4	5	6	7	8	9	43	#
157	5551	0	1	2	3	4	5	44	#
158	5551	1	2	3	4	5	6	44	#
159	5551	2	3	4	5	6	7	44	#
160	2822	0	1	45	#
161	2822	1	2	45	#
162	2822	2	3	45	#
163	2822	3	4	45	#
164	2822	4	5	45	#
165	2822	5	6	45	#
166	7541	0	1	2	3	4	46	#
167	7541	1	2	3	4	5	46	#
168	7541	2	3	4	5	6	46	#
169	9013	0	1	2	3	4	5	6	7	8	9	47	#
170	6365	0	1	2	3	4	5	48	#
171	6365	1	2	3	4	5	6	48	#
172	6365	2	3	4	5	6	7	48	#
173	6365	3	4	5	6	7	8	48	#
174	6365	4	5	6	7	8	9	48	#
175	16352	0	1	2	3	4	5	6	7	49	#
176	16352	1	2	3	4	5	6	7	8	49	#
177	14535	2	3	4	5	6	7	8	9	49	#
178	4940	0	1	2	3	50	#
179	4940	1	2	3	4	50	#
180	2470	2	3	4	5	50	#
181	2470	3	4	5	6	50	#
182	2470	4	5	6	7	50	#
183	2470	5	6	7	8	50	#
184	2196	6	7	8	9	50	#
185	700	0	51	#
186	700	1	51	#
187	700	2	51	#
188	280	3	51	#
189	280	4	51	#
190	280	5	51	#
191	175	6	51	#
192	175	7	51	#
193	175	8	51	#
194	156	9	51	#
195	13312	0	1	2	3	4	5	6	7	52	#
196	13312	1	2	3	4	5	6	7	8	52	#
197	13312	2	3	4	5	6	7	8	9	52	#
198	13781	0	1	2	3	4	5	6	7	8	9	53	#
199	5573	0	1	2	3	4	54	#
200	5573	1	2	3	4	5	54	#
201	5573	2	3	4	5	6	54	#
202	5573	3	4	5	6	7	54	#
203	5573	4	5	6	7	8	54	#
204	5573	5	6	7	8	9	54	#
205	10278	0	1	2	3	4	5	6	7	8	55	#
206	9136	1	2	3	4	5	6	7	8	9	55	#
207	1084	0	56	#
208	1084	1	56	#
209	1084	2	56	#
210	1084	3	56	#
211	1084	4	56	#
212	1084	5	56	#
213	602	6	56	#
214	602	7	56	#
215	602	8	56	#
216	602	9	56	#
217	13267	0	1	2	3	4	5	6	7	57	#
218	13267	1	2	3	4	5	6	7	8	57	#
219	13267	2	3	4	5	6	7	8	9	57	#
220	2039	0	1	58	#
221	2039	1	2	58	#
222	2039	2	3	58	#
223	2039	3	4	58	#
224	2039	4	5	58	#
225	2039	5	6	58	#
226	1529	6	7	58	#
227	1529	7	8	58	#
228	1359	8	9	58	#
229	5084	0	1	2	59	#
230	5084	1	2	3	59	#
231	5084	2	3	4	59	#
232	5084	3	4	5	59	#
233	5084	4	5	6	59	#
234	5084	5	6	7	59	#
235	5084	6	7	8	59	#
236	5084	7	8	9	59	#
237	3873	0	1	2	3	4	60	#
238	3873	1	2	3	4	5	60	#
239	3873	2	3	4	5	6	60	#
240	11328	0	1	2	3	4	5	6	7	8	61	#
241	11328	1	2	3	4	5	6	7	8	9	61	#
242	3223	0	1	2	62	#
243	3223	1	2	3	62	#
244	1381	2	3	4	62	#
245	1381	3	4	5	62	#
246	1381	4	5	6	62	#
247	1381	5	6	7	62	#
248	1074	6	7	8	62	#
249	1074	7	8	9	62	#
250	10751	0	1	2	3	4	5	63	#
251	10751	1	2	3	4	5	6	63	#
252	10751	2	3	4	5	6	7	63	#
253	10751	3	4	5	6	7	8	63	#
254	10751	4	5	6	7	8	9	63	#
255	13653	0	1	2	3	4	5	6	7	8	9	64	#
256	7628	0	1	2	3	4	5	65	#
257	7628	1	2	3	4	5	6	65	#
258	5085	2	3	4	5	6	7	65	#
259	5085	3	4	5	6	7	8	65	#
260	5085	4	5	6	7	8	9	65	#
261	5668	0	1	2	3	66	#
262	5668	1	2	3	4	66	#
263	5668	2	3	4	5	66	#
264	5668	3	4	5	6	66	#
265	5668	4	5	6	7	66	#
266	5668	5	6	7	8	66	#
267	5668	6	7	8	9	66	#
268	-2147483648	0	67	#
269	0	1	67	#
270	0	2	67	#
271	0	3	67	#
272	0	4	67	#
273	0	5	67	#
274	0	6	67	#
275	0	7	67	#
276	12358	0	1	2	3	4	5	68	#
277	12358	1	2	3	4	5	6	68	#
278	8239	2	3	4	5	6	7	68	#
279	8239	3	4	5	6	7	8	68	#
280	8239	4	5	6	7	8	9	68	#
281	3799	0	1	2	3	69	#
282	3799	1	2	3	4	69	#
283	3799	2	3	4	5	69	#
284	3799	3	4	5	6	69	#
285	3799	4	5	6	7	69	#
286	3799	5	6	7	8	69	#
287	3799	6	7	8	9	69	#
288	2785	0	1	2	3	70	#
289	2785	1	2	3	4	70	#
290	2785	2	3	4	5	70	#
291	580	0	71	#
292	580	1	71	#
293	580	2	71	#
294	580	3	71	#
295	580	4	71	#
296	580	5	71	#
297	580	6	71	#
298	3330	0	1	2	72	#
299	3330	1	2	3	72	#
300	3330	2	3	4	72	#
301	3330	3	4	5	72	#
302	3330	4	5	6	72	#
303	2855	5	6	7	72	#
304	2498	6	7	8	72	#
305	2220	7	8	9	72	#
306	2203	0	1	2	73	#
307	2203	1	2	3	73	#
308	2203	2	3	4	73	#
309	8742	0	1	2	3	4	74	#
310	8742	1	2	3	4	5	74	#
311	8742	2	3	4	5	6	74	#
312	8742	3	4	5	6	7	74	#
313	8742	4	5	6	7	8	74	#
314	8742	5	6	7	8	9	74	#
315	5244	0	1	2	3	4	75	#
316	5244	1	2	3	4	5	75	#
317	5244	2	3	4	5	6	75	#
318	3496	3	4	5	6	7	75	#
319	3496	4	5	6	7	8	75	#
320	3496	5	6	7	8	9	75	#
321	7203	0	1	2	3	76	#
322	3087	1	2	3	4	76	#
323	3087	2	3	4	5	76	#
324	3087	3	4	5	6	76	#
325	3087	4	5	6	7	76	#
326	10314	0	1	2	3	4	5	6	77	#
327	10314	1	2	3	4	5	6	7	77	#
328	10314	2	3	4	5	6	7	8	77	#
329	10314	3	4	5	6	7	8	9	77	#
330	2933	0	1	78	#
331	2933	1	2	78	#
332	2933	2	3	78	#
333	2933	3	4	78	#
334	2933	4	5	78	#
335	2933	5	6	78	#
336	1955	6	7	78	#
337	1955	7	8	78	#
338	1955	8	9	78	#
339	7398	0	1	2	3	4	79	#
340	7398	1	2	3	4	5	79	#
341	5285	2	3	4	5	6	79	#
342	5285	3	4	5	6	7	79	#
343	4110	4	5	6	7	8	79	#
344	4110	5	6	7	8	9	79	#
345	1259	0	80	#
346	1259	1	80	#
347	16506	0	1	2	3	4	5	6	7	81	#
348	14443	1	2	3	4	5	6	7	8	81	#
349	12838	2	3	4	5	6	7	8	9	81	#
350	7642	0	1	2	3	4	5	6	7	8	82	#
351	6793	1	2	3	4	5	6	7	8	9	82	#
352	2099	0	1	2	83	#
353	2099	1	2	3	83	#
354	2099	2	3	4	83	#
355	2099	3	4	5	83	#
356	2099	4	5	6	83	#
357	2099	5	6	7	83	#
358	2099	6	7	8	83	#
359	17300	0	1	2	3	4	5	6	7	84	#
360	17300	1	2	3	4	5	6	7	8	84	#
361	15377	2	3	4	5	6	7	8	9	84	#
362	6644	0	1	2	3	4	5	85	#
363	6644	1	2	3	4	5	6	85	#
364	4429	2	3	4	5	6	7	85	#
365	4429	3	4	5	6	7	8	85	#
366	4429	4	5	6	7	8	9	85	#
367	11251	0	1	2	3	4	5	6	86	#
368	11251	1	2	3	4	5	6	7	86	#
369	11251	2	3	4	5	6	7	8	86	#
370	11251	3	4	5	6	7	8	9	86	#
371	12354	0	1	2	3	4	5	6	7	8	87	#
372	8490	0	1	2	3	4	88	#
373	8490	1	2	3	4	5	88	#
374	8490	2	3	4	5	6	88	#
375	8490	3	4	5	6	7	88	#
376	8490	4	5	6	7	8	88	#
377	8490	5	6	7	8	9	88	#
378	5482	0	1	2	89	#
379	5482	1	2	3	89	#
380	5482	2	3	4	89	#
381	5482	3	4	5	89	#
382	5482	4	5	6	89	#
383	5482	5	6	7	89	#
384	5482	6	7	8	89	#
385	5482	7	8	9	89	#
386	5273	0	1	2	3	90	#
387	5273	1	2	3	4	90	#
388	5273	2	3	4	5	90	#
389	5273	3	4	5	6	90	#
390	5316	0	1	2	3	4	91	#
391	5316	1	2	3	4	5	91	#
392	4430	2	3	4	5	6	91	#
393	3797	3	4	5	6	7	91	#
394	2953	4	5	6	7	8	91	#
395	2953	5	6	7	8	9	91	#
396	4074	0	1	2	3	4	92	#
397	4074	1	2	3	4	5	92	#
398	4074	2	3	4	5	6	92	#
399	2716	3	4	5	6	7	92	#
400	2716	4	5	6	7	8	92	#
401	2716	5	6	7	8	9	92	#
