%% File generated by CATS v.2.1Tue Aug 20 18:54:44 2019

%% The CATS webpage is http://robotics.stanford.edu/CATS

%% PARAMETER SETTINGS:
% Goods: 5; Bids: 100; Distribution: regions-npv; Runs: 10; Seed: 1566344641
% Regions Distribution Parameters:
% Max Substitutable Bids = 5
% Removing HV Neighbor   = 0.1
% Adding DIAG Neighbor   = 0.2
% Additional Location    = 0.9
% Jump Probability       = 0.05
% Additivity             = 0.2
% Budget Factor          = 1.5
% Resale Factor          = 0.5
% Normal Private Value:
%   Mean                 = 0
%   Standard Deviation   = 30



goods 5
bids 101
dummy 15

0	235174	1	3	2	#
1	259355	0	1	3	#
2	297110	3	2	1	0	#
3	255415	2	3	0	1	#
4	303549	0	1	3	#
5	299979	3	1	2	0	4	#
6	197562	0	2	3	1	4	#
7	49677	4	#
8	147516	4	3	1	5	#
9	152919	3	1	2	5	#
10	109201	4	3	2	5	#
11	151075	3	2	#
12	115813	3	1	2	0	4	#
13	263486	1	0	2	3	#
14	346613	3	1	2	0	#
15	243235	2	3	1	0	#
16	299624	2	0	3	1	#
17	341495	3	2	1	0	4	#
18	297702	3	2	1	0	#
19	214724	0	2	3	6	#
20	251840	3	1	0	6	#
21	206062	0	2	1	6	#
22	184659	2	3	1	6	#
23	241249	0	2	1	4	3	#
24	130649	1	3	7	#
25	70253	3	2	7	#
26	274110	3	1	0	2	#
27	284482	3	1	0	8	#
28	201182	0	2	3	8	#
29	198923	1	0	2	8	#
30	218206	2	0	1	9	#
31	281146	2	0	3	9	#
32	219129	1	3	0	9	#
33	155734	3	2	10	#
34	137427	2	0	10	#
35	117796	3	2	0	1	#
36	203056	2	0	3	1	#
37	306140	1	0	3	2	#
38	31319	4	#
39	219389	2	3	0	1	#
40	224747	0	1	3	2	#
41	296302	3	1	0	2	#
42	252370	1	4	3	11	#
43	191177	1	0	3	11	#
44	171759	4	3	2	11	#
45	130299	3	1	2	11	#
46	246927	3	1	2	0	4	#
47	233009	1	0	3	2	#
48	260032	3	2	0	1	#
49	38613	2	#
50	224306	2	3	1	0	12	#
51	154264	0	1	4	3	12	#
52	175576	2	0	3	1	#
53	272565	2	3	0	4	1	#
54	150999	3	#
55	307415	3	2	0	1	4	#
56	241689	3	1	0	2	#
57	243560	0	1	3	2	4	#
58	195562	3	2	0	1	#
59	260000	1	3	0	2	4	#
60	218661	1	0	3	2	4	#
61	271911	2	0	1	3	13	#
62	234116	1	0	2	4	13	#
63	296631	1	3	2	0	14	#
64	183498	1	3	2	4	14	#
65	188866	3	1	0	2	#
66	224418	2	0	1	3	#
67	62124	3	1	2	#
68	7845	4	#
69	111870	3	#
70	22808	4	#
71	302776	2	0	3	1	15	#
72	232914	0	4	2	1	15	#
73	22255	4	#
74	243562	1	3	0	2	4	#
75	15700	4	#
76	209785	3	1	0	4	2	#
77	177455	2	0	1	3	4	#
78	218859	2	0	1	3	#
79	102799	3	#
80	38766	4	#
81	179364	3	1	0	2	#
82	309620	4	0	2	1	3	#
83	206471	2	3	0	1	#
84	176893	1	3	2	0	4	#
85	108917	3	#
86	233823	2	3	1	0	#
87	30659	4	#
88	199472	0	1	2	3	#
89	282312	1	3	2	0	16	#
90	179067	2	4	3	1	16	#
91	170714	2	0	3	17	#
92	165936	0	2	1	17	#
93	230508	1	3	2	0	#
94	17765	1	#
95	280389	2	3	1	0	#
96	249760	2	3	0	1	#
97	186323	3	1	0	2	18	#
98	193356	2	4	0	3	18	#
99	185685	0	2	19	#
100	164682	0	3	19	#
