%% File generated by CATS v.2.1Tue Aug 20 18:57:01 2019

%% The CATS webpage is http://robotics.stanford.edu/CATS

%% PARAMETER SETTINGS:
% Goods: 60; Bids: 1200; Distribution: paths; Runs: 10; Seed: 1566345313
% Paths Distribution Parameters:
% Initial connections:       = 2
% Edge density:              = 3.000000
% Shipping cost factor:      = 1.500000
% Max bid set size:          = 5
% Building penalty:          = 1.700000



goods 60
bids 1204
dummy 518

0	437	58	60	#
1	437	8	45	60	#
2	437	8	14	42	60	#
3	437	4	5	8	42	60	#
4	437	1	44	60	#
5	794	12	20	33	61	#
6	794	2	12	19	33	61	#
7	794	11	12	19	38	61	#
8	794	3	12	20	38	61	#
9	794	2	3	12	19	38	61	#
10	869	13	45	46	62	#
11	869	17	22	45	62	#
12	869	13	17	21	45	62	#
13	869	4	34	42	62	#
14	869	4	42	46	53	62	#
15	1057	19	40	63	#
16	1057	2	20	40	63	#
17	1057	14	54	57	63	#
18	1057	4	5	54	57	63	#
19	197	53	64	#
20	197	5	13	64	#
21	611	13	47	#
22	496	7	47	#
23	700	6	24	41	83	#
24	579	15	27	#
25	898	13	44	46	65	#
26	898	17	22	44	65	#
27	898	13	17	21	44	65	#
28	898	0	13	45	46	65	#
29	898	0	17	22	45	65	#
30	879	1	23	39	66	#
31	879	0	8	23	39	66	#
32	879	0	24	32	42	66	#
33	1087	0	20	59	67	#
34	1087	0	2	19	59	67	#
35	1087	19	40	42	67	#
36	1087	0	3	11	19	59	67	#
37	1087	1	8	20	59	67	#
38	142	14	68	#
39	142	4	5	68	#
40	1060	1	20	59	69	#
41	1060	1	2	19	59	69	#
42	1060	0	8	20	59	69	#
43	1060	0	2	8	19	59	69	#
44	1060	6	20	33	55	69	#
45	952	19	52	70	#
46	952	15	35	54	70	#
47	1041	6	9	38	55	71	#
48	1041	3	48	59	71	#
49	1041	1	3	9	59	71	#
50	1041	7	9	29	38	71	#
51	1041	0	3	10	59	71	#
52	1228	16	18	27	72	#
53	1228	15	18	24	27	72	#
54	1228	15	17	27	35	72	#
55	1228	18	25	27	49	72	#
56	1228	18	23	24	25	27	72	#
57	305	25	73	#
58	305	15	23	73	#
59	700	31	83	#
60	1016	15	27	35	74	#
61	1016	21	27	56	74	#
62	1016	16	24	27	35	74	#
63	1016	22	27	57	74	#
64	1016	13	21	27	57	74	#
65	525	57	#
66	711	43	75	#
67	711	22	47	75	#
68	711	13	21	47	75	#
69	527	30	#
70	235	42	#
71	804	37	76	#
72	804	30	49	76	#
73	804	23	24	30	76	#
74	869	13	45	46	77	#
75	869	17	22	45	77	#
76	869	13	17	21	45	77	#
77	869	4	34	42	77	#
78	869	4	42	46	53	77	#
79	498	8	13	14	42	82	#
80	1174	17	26	43	78	#
81	1174	13	26	46	47	78	#
82	1174	17	22	26	47	78	#
83	1174	18	37	78	#
84	1174	13	17	21	26	47	78	#
85	916	8	32	42	79	#
86	916	39	49	79	#
87	916	23	24	39	79	#
88	916	0	1	32	42	79	#
89	916	4	9	32	36	79	#
90	1024	27	57	80	#
91	1024	13	27	56	80	#
92	1116	19	52	81	#
93	1116	15	35	54	81	#
94	1116	2	20	52	81	#
95	1116	21	54	56	81	#
96	1116	16	24	35	54	81	#
97	384	58	#
98	714	39	#
99	498	28	82	#
100	498	13	58	82	#
101	498	8	13	45	82	#
102	498	4	8	42	53	82	#
103	121	14	#
104	847	9	23	39	#
105	522	13	47	#
106	606	6	38	#
107	140	1	84	#
108	140	0	8	84	#
109	766	50	85	#
110	766	12	24	41	85	#
111	766	12	49	51	85	#
112	235	11	19	86	#
113	235	3	20	86	#
114	235	3	2	19	86	#
115	1016	27	15	35	87	#
116	1016	27	56	21	87	#
117	1016	27	16	24	35	87	#
118	1016	27	57	22	87	#
119	1016	27	57	13	21	87	#
120	930	14	40	88	#
121	930	5	4	40	88	#
122	728	6	33	20	89	#
123	728	6	33	2	19	89	#
124	728	6	38	11	19	89	#
125	728	6	38	3	20	89	#
126	728	6	38	3	2	19	89	#
127	473	44	90	#
128	473	0	45	90	#
129	473	0	42	14	90	#
130	473	0	42	4	5	90	#
131	997	0	59	2	91	#
132	997	42	40	91	#
133	997	0	59	3	11	91	#
134	997	0	59	20	19	91	#
135	997	8	1	59	2	91	#
136	728	20	33	6	92	#
137	728	19	2	33	6	92	#
138	728	19	11	38	6	92	#
139	728	20	3	38	6	92	#
140	728	19	2	3	38	6	92	#
141	971	53	4	40	2	93	#
142	971	13	14	40	2	93	#
143	818	57	27	#
144	328	44	94	#
145	328	0	45	94	#
146	1027	26	43	95	#
147	1027	26	47	22	95	#
148	1027	26	47	13	21	95	#
149	1027	30	23	35	95	#
150	1027	26	47	5	53	21	95	#
151	991	14	57	27	96	#
152	991	4	5	57	27	96	#
153	991	4	53	56	27	96	#
154	456	47	#
155	762	25	30	97	#
156	762	15	23	30	97	#
157	142	11	98	#
158	142	2	3	98	#
159	995	38	6	55	99	#
160	995	3	59	1	99	#
161	995	38	7	29	99	#
162	995	3	59	0	8	99	#
163	995	11	2	59	1	99	#
164	903	9	39	100	#
165	903	9	55	6	51	100	#
166	903	10	8	39	100	#
167	903	48	1	39	100	#
168	95	19	#
169	194	10	101	#
170	194	8	9	101	#
171	645	12	51	#
172	991	59	1	102	#
173	991	59	0	8	102	#
174	991	33	6	55	102	#
175	991	3	38	6	55	102	#
176	991	59	48	9	102	#
177	356	4	53	21	103	#
178	356	14	22	103	#
179	356	14	13	21	103	#
180	356	4	5	22	103	#
181	922	36	4	32	104	#
182	922	10	42	32	104	#
183	922	9	8	42	32	104	#
184	922	48	0	42	32	104	#
185	922	9	39	49	104	#
186	334	22	105	#
187	334	13	21	105	#
188	709	50	#
189	881	4	40	2	#
190	594	13	47	7	#
191	680	4	34	106	#
192	680	4	53	46	106	#
193	680	4	53	21	17	106	#
194	680	14	13	46	106	#
195	680	14	22	17	106	#
196	957	25	39	9	107	#
197	957	57	5	36	107	#
198	957	57	58	9	107	#
199	957	57	14	4	36	107	#
200	957	15	23	39	9	107	#
201	465	35	#
202	725	7	51	25	#
203	636	21	28	108	#
204	636	22	58	108	#
205	636	21	13	58	108	#
206	636	22	45	8	108	#
207	636	21	13	45	8	108	#
208	195	15	#
209	751	24	18	109	#
210	751	35	17	109	#
211	441	17	#
212	737	57	110	#
213	737	56	13	110	#
214	346	26	#
215	140	11	111	#
216	140	2	3	111	#
217	922	36	4	32	112	#
218	922	10	42	32	112	#
219	922	9	8	42	32	112	#
220	922	48	0	42	32	112	#
221	922	9	39	49	112	#
222	470	36	5	113	#
223	470	9	58	113	#
224	470	36	4	14	113	#
225	470	10	45	113	#
226	470	9	8	45	113	#
227	569	54	#
228	671	54	15	#
229	711	4	32	#
230	81	9	#
231	605	12	38	#
232	640	43	114	#
233	640	47	22	114	#
234	640	47	13	21	114	#
235	1071	4	40	115	#
236	1071	5	14	40	115	#
237	1071	4	42	0	59	2	115	#
238	528	9	28	116	#
239	528	36	53	116	#
240	528	36	5	13	116	#
241	528	9	58	13	116	#
242	528	36	4	14	13	116	#
243	718	57	14	117	#
244	718	57	5	4	117	#
245	718	56	53	4	117	#
246	718	56	13	14	117	#
247	718	56	13	5	4	117	#
248	946	23	39	118	#
249	946	41	6	55	118	#
250	946	23	51	6	55	118	#
251	946	35	21	28	118	#
252	878	40	19	#
253	532	35	23	#
254	733	30	23	#
255	43	0	#
256	1060	1	59	20	119	#
257	1060	1	59	2	19	119	#
258	1060	8	0	59	20	119	#
259	1060	8	0	59	2	19	119	#
260	1060	55	6	33	20	119	#
261	711	43	7	120	#
262	711	22	47	7	120	#
263	711	21	13	47	7	120	#
264	839	39	25	#
265	194	48	121	#
266	194	9	1	121	#
267	818	51	25	122	#
268	818	41	15	122	#
269	818	51	23	15	122	#
270	528	9	28	123	#
271	528	36	53	123	#
272	528	36	5	13	123	#
273	528	9	58	13	123	#
274	528	36	4	14	13	123	#
275	760	46	13	124	#
276	760	17	22	124	#
277	760	17	21	13	124	#
278	760	34	5	124	#
279	760	46	53	5	124	#
280	922	32	4	36	125	#
281	922	32	42	10	125	#
282	922	32	42	8	9	125	#
283	922	32	42	0	48	125	#
284	922	49	39	9	125	#
285	236	12	7	#
286	170	15	#
287	781	43	126	#
288	781	47	22	126	#
289	781	47	13	21	126	#
290	687	26	47	13	#
291	260	22	127	#
292	260	21	13	127	#
293	679	56	128	#
294	679	13	57	128	#
295	984	1	59	2	129	#
296	984	8	0	59	2	129	#
297	984	55	6	33	2	129	#
298	984	55	6	38	11	129	#
299	984	55	6	38	3	2	129	#
300	999	40	4	53	130	#
301	999	40	14	13	130	#
302	999	40	4	5	13	130	#
303	999	52	21	130	#
304	999	19	54	56	130	#
305	999	40	4	53	131	#
306	999	40	14	13	131	#
307	999	40	4	5	13	131	#
308	999	52	21	131	#
309	999	19	54	56	131	#
310	637	46	13	132	#
311	637	17	22	132	#
312	637	17	21	13	132	#
313	674	47	26	#
314	838	59	2	#
315	127	3	#
316	261	25	#
317	680	4	34	133	#
318	680	4	53	46	133	#
319	680	4	53	21	17	133	#
320	680	14	13	46	133	#
321	680	14	22	17	133	#
322	202	21	#
323	222	4	42	#
324	869	45	13	46	134	#
325	869	45	22	17	134	#
326	869	45	13	21	17	134	#
327	869	42	4	34	134	#
328	869	42	4	53	46	134	#
329	940	54	56	#
330	702	25	54	135	#
331	702	23	15	54	135	#
332	662	21	28	9	136	#
333	662	21	53	36	136	#
334	662	22	5	36	136	#
335	662	21	13	5	36	136	#
336	662	22	58	9	136	#
337	1027	26	43	137	#
338	1027	26	47	22	137	#
339	1027	26	47	13	21	137	#
340	1027	30	23	35	137	#
341	1027	26	47	5	53	21	137	#
342	540	38	#
343	921	26	47	13	138	#
344	921	26	47	5	53	138	#
345	921	26	47	14	4	53	138	#
346	656	30	#
347	719	2	33	12	139	#
348	719	11	38	12	139	#
349	719	2	3	38	12	139	#
350	540	54	#
351	760	13	46	140	#
352	760	22	17	140	#
353	760	13	21	17	140	#
354	760	5	34	140	#
355	760	5	53	46	140	#
356	778	40	#
357	676	34	141	#
358	676	53	46	141	#
359	676	53	21	17	141	#
360	676	5	13	46	141	#
361	676	5	22	17	141	#
362	896	59	0	#
363	988	27	25	51	142	#
364	988	27	15	41	142	#
365	988	27	15	23	51	142	#
366	823	50	143	#
367	823	24	41	12	143	#
368	823	49	51	12	143	#
369	823	24	23	51	12	143	#
370	823	31	6	12	143	#
371	997	2	59	0	144	#
372	997	40	42	144	#
373	997	11	3	59	0	144	#
374	997	19	20	59	0	144	#
375	997	2	59	1	8	144	#
376	916	32	42	8	145	#
377	916	49	39	145	#
378	916	24	23	39	145	#
379	916	32	42	0	1	145	#
380	916	32	4	36	9	145	#
381	1026	2	40	4	53	146	#
382	1026	2	40	14	13	146	#
383	1026	2	40	4	5	13	146	#
384	1026	2	52	21	146	#
385	1026	20	54	56	146	#
386	1116	52	19	147	#
387	1116	35	15	54	147	#
388	1116	52	2	20	147	#
389	1116	21	56	54	147	#
390	1116	35	24	16	54	147	#
391	785	32	42	0	#
392	928	0	59	3	148	#
393	928	0	59	2	11	148	#
394	794	24	18	149	#
395	794	35	17	149	#
396	605	9	55	#
397	1055	48	59	20	150	#
398	1055	48	59	2	19	150	#
399	1055	9	1	59	20	150	#
400	1055	9	1	59	2	19	150	#
401	632	2	33	6	151	#
402	632	11	38	6	151	#
403	605	18	#
404	378	36	4	152	#
405	378	10	42	152	#
406	378	9	8	42	152	#
407	178	12	#
408	157	21	#
409	944	37	153	#
410	944	49	30	153	#
411	944	24	23	30	153	#
412	944	16	25	30	153	#
413	944	24	41	7	26	153	#
414	436	27	#
415	498	28	154	#
416	498	58	13	154	#
417	498	8	45	13	154	#
418	498	8	42	4	53	154	#
419	498	8	42	14	13	154	#
420	80	6	#
421	47	0	#
422	30	2	#
423	1060	52	11	155	#
424	1060	52	2	3	155	#
425	340	27	#
426	592	23	30	#
427	821	16	54	156	#
428	821	24	15	54	156	#
429	958	26	29	9	157	#
430	958	26	7	6	55	9	157	#
431	958	26	29	8	10	157	#
432	958	26	29	1	48	157	#
433	30	2	#
434	1174	26	43	17	158	#
435	1174	26	47	13	46	158	#
436	1174	26	47	22	17	158	#
437	1174	37	18	158	#
438	1174	26	47	13	21	17	158	#
439	689	57	5	159	#
440	689	57	14	4	159	#
441	689	56	53	159	#
442	517	46	160	#
443	517	17	21	160	#
444	688	46	13	161	#
445	688	17	22	161	#
446	688	17	21	13	161	#
447	1084	2	59	162	#
448	1084	11	3	59	162	#
449	1084	19	20	59	162	#
450	1084	40	42	0	162	#
451	1084	2	33	6	55	1	162	#
452	709	26	47	13	#
453	838	9	39	23	#
454	361	53	21	163	#
455	361	5	22	163	#
456	361	5	13	21	163	#
457	361	4	14	22	163	#
458	361	4	14	13	21	163	#
459	625	6	33	2	#
460	991	40	4	164	#
461	991	40	14	5	164	#
462	819	40	#
463	585	25	51	#
464	237	10	165	#
465	237	8	9	165	#
466	237	0	48	165	#
467	237	0	1	9	165	#
468	212	10	166	#
469	212	8	9	166	#
470	212	0	48	166	#
471	1248	9	39	25	27	167	#
472	1248	36	5	57	27	167	#
473	1248	9	58	57	27	167	#
474	1248	36	4	14	57	27	167	#
475	1248	9	39	23	15	27	167	#
476	724	15	35	168	#
477	724	56	21	168	#
478	724	16	24	35	168	#
479	724	57	22	168	#
480	724	57	13	21	168	#
481	1014	59	169	#
482	1014	0	42	40	2	169	#
483	778	19	54	16	170	#
484	778	2	20	54	16	170	#
485	808	16	54	20	171	#
486	808	16	54	19	2	171	#
487	609	43	172	#
488	609	47	22	172	#
489	609	47	13	21	172	#
490	470	5	36	173	#
491	470	58	9	173	#
492	470	14	4	36	173	#
493	470	45	10	173	#
494	470	45	8	9	173	#
495	1000	35	15	27	174	#
496	1000	21	56	27	174	#
497	38	2	#
498	319	0	42	#
499	158	11	175	#
500	158	2	3	175	#
501	1084	2	59	176	#
502	1084	11	3	59	176	#
503	1084	19	20	59	176	#
504	1084	40	42	0	176	#
505	1084	2	33	6	55	1	176	#
506	440	44	177	#
507	440	0	45	177	#
508	440	0	42	14	177	#
509	440	0	42	4	5	177	#
510	465	9	55	#
511	1041	38	6	55	9	178	#
512	1041	3	59	48	178	#
513	1041	3	59	1	9	178	#
514	1041	38	7	29	9	178	#
515	1041	3	59	0	10	178	#
516	627	29	9	179	#
517	627	7	6	55	9	179	#
518	941	48	59	180	#
519	941	9	1	59	180	#
520	545	9	55	#
521	1184	18	16	54	19	181	#
522	1184	17	52	181	#
523	344	7	26	#
524	1013	27	57	5	182	#
525	1013	27	57	14	4	182	#
526	1013	27	56	53	182	#
527	1013	27	56	13	5	182	#
528	1013	27	56	13	14	4	182	#
529	807	59	0	#
530	784	31	183	#
531	784	24	41	6	183	#
532	784	49	51	6	183	#
533	784	24	23	51	6	183	#
534	635	24	41	184	#
535	635	49	51	184	#
536	635	24	23	51	184	#
537	577	15	35	#
538	1300	18	16	54	19	185	#
539	1300	17	52	185	#
540	1300	18	16	54	20	2	185	#
541	1300	18	24	15	54	19	185	#
542	1300	18	24	15	54	20	2	185	#
543	747	23	39	#
544	984	2	59	1	186	#
545	984	2	59	0	8	186	#
546	984	2	33	6	55	186	#
547	984	11	38	6	55	186	#
548	984	2	3	38	6	55	186	#
549	149	20	187	#
550	149	19	2	187	#
551	1139	12	51	25	27	188	#
552	1139	12	41	15	27	188	#
553	1139	12	51	23	15	27	188	#
554	890	29	26	189	#
555	890	55	6	7	26	189	#
556	627	43	190	#
557	627	47	22	190	#
558	627	47	13	21	190	#
559	805	43	7	12	191	#
560	805	22	47	7	12	191	#
561	623	47	26	#
562	1036	2	59	48	192	#
563	1036	2	59	1	9	192	#
564	1036	2	59	0	10	192	#
565	1036	2	59	0	8	9	192	#
566	1036	2	33	6	55	9	192	#
567	365	58	#
568	123	1	#
569	835	0	59	2	#
570	197	24	#
571	190	23	#
572	724	35	15	193	#
573	724	21	56	193	#
574	724	35	24	16	193	#
575	724	22	57	193	#
576	724	21	13	57	193	#
577	402	44	194	#
578	402	45	0	194	#
579	402	14	42	0	194	#
580	402	5	4	42	0	194	#
581	598	56	195	#
582	598	13	57	195	#
583	686	57	5	196	#
584	686	57	14	4	196	#
585	686	56	53	196	#
586	995	5	57	27	197	#
587	995	4	14	57	27	197	#
588	995	53	56	27	197	#
589	995	5	13	56	27	197	#
590	680	4	34	198	#
591	680	4	53	46	198	#
592	680	4	53	21	17	198	#
593	680	14	13	46	198	#
594	680	14	22	17	198	#
595	922	36	4	32	199	#
596	922	10	42	32	199	#
597	922	9	8	42	32	199	#
598	922	48	0	42	32	199	#
599	922	9	39	49	199	#
600	852	39	9	200	#
601	852	51	6	55	9	200	#
602	1120	45	57	27	201	#
603	1120	42	14	57	27	201	#
604	1120	42	4	5	57	27	201	#
605	829	16	54	19	202	#
606	829	16	54	20	2	202	#
607	829	24	15	54	19	202	#
608	308	27	#
609	268	0	42	#
610	539	45	22	203	#
611	539	45	13	21	203	#
612	539	42	4	53	21	203	#
613	539	42	14	22	203	#
614	539	42	14	13	21	203	#
615	559	32	4	#
616	517	51	#
617	712	5	47	26	#
618	19	4	#
619	916	32	42	8	204	#
620	916	49	39	204	#
621	916	24	23	39	204	#
622	916	32	42	0	1	204	#
623	916	32	4	36	9	204	#
624	906	25	39	205	#
625	906	57	58	205	#
626	906	15	23	39	205	#
627	906	57	45	8	205	#
628	906	57	14	42	8	205	#
629	583	18	#
630	722	57	5	206	#
631	722	57	14	4	206	#
632	722	56	53	206	#
633	722	56	13	5	206	#
634	722	56	13	14	4	206	#
635	438	45	13	207	#
636	438	42	4	53	207	#
637	438	42	14	13	207	#
638	438	42	4	5	13	207	#
639	438	0	44	13	207	#
640	131	3	#
641	552	56	#
642	636	57	208	#
643	636	56	13	208	#
644	503	55	#
645	723	33	12	209	#
646	723	3	38	12	209	#
647	723	2	11	38	12	209	#
648	852	19	54	16	210	#
649	852	2	20	54	16	210	#
650	852	19	54	15	24	210	#
651	852	2	20	54	15	24	210	#
652	903	42	32	#
653	105	19	#
654	692	32	#
655	722	5	57	211	#
656	722	4	14	57	211	#
657	722	53	56	211	#
658	722	5	13	56	211	#
659	722	4	14	13	56	211	#
660	765	7	33	20	212	#
661	765	7	33	2	19	212	#
662	765	7	38	11	19	212	#
663	765	7	38	3	20	212	#
664	765	7	38	3	2	19	212	#
665	1009	59	48	213	#
666	1009	59	1	9	213	#
667	1009	59	0	10	213	#
668	1009	59	0	8	9	213	#
669	1009	33	6	55	9	213	#
670	1016	27	15	35	214	#
671	1016	27	56	21	214	#
672	1016	27	16	24	35	214	#
673	1016	27	57	22	214	#
674	1016	27	57	13	21	214	#
675	662	9	28	21	215	#
676	662	36	53	21	215	#
677	662	36	5	22	215	#
678	662	36	5	13	21	215	#
679	662	9	58	22	215	#
680	1087	0	59	20	216	#
681	1087	0	59	2	19	216	#
682	1087	42	40	19	216	#
683	1087	0	59	3	11	19	216	#
684	1087	8	1	59	20	216	#
685	491	35	#
686	109	11	#
687	459	55	6	#
688	65	6	#
689	1198	39	25	27	217	#
690	1198	58	57	27	217	#
691	1198	39	23	15	27	217	#
692	1198	8	45	57	27	217	#
693	1198	8	42	14	57	27	217	#
694	245	42	#
695	239	11	19	218	#
696	239	3	20	218	#
697	239	3	2	19	218	#
698	498	28	219	#
699	498	13	58	219	#
700	498	13	45	8	219	#
701	498	53	4	42	8	219	#
702	498	13	14	42	8	219	#
703	969	52	#
704	737	7	41	24	220	#
705	737	7	51	49	220	#
706	737	7	51	23	24	220	#
707	995	38	6	55	221	#
708	995	3	59	1	221	#
709	995	38	7	29	221	#
710	995	3	59	0	8	221	#
711	995	11	2	59	1	221	#
712	385	45	13	222	#
713	385	42	4	53	222	#
714	250	53	223	#
715	250	5	13	223	#
716	250	4	14	13	223	#
717	988	27	57	14	224	#
718	988	27	57	5	4	224	#
719	1036	48	59	2	225	#
720	1036	9	1	59	2	225	#
721	1036	10	0	59	2	225	#
722	1036	9	8	0	59	2	225	#
723	1036	9	55	6	33	2	225	#
724	781	12	41	226	#
725	781	12	51	23	226	#
726	54	6	#
727	410	36	227	#
728	410	10	42	4	227	#
729	410	9	8	42	4	227	#
730	984	1	59	2	228	#
731	984	8	0	59	2	228	#
732	984	55	6	33	2	228	#
733	984	55	6	38	11	228	#
734	984	55	6	38	3	2	228	#
735	173	23	#
736	869	46	13	45	229	#
737	869	17	22	45	229	#
738	869	17	21	13	45	229	#
739	869	34	4	42	229	#
740	869	46	53	4	42	229	#
741	372	7	26	#
742	734	57	230	#
743	734	13	56	230	#
744	1320	18	16	54	231	#
745	1320	18	24	15	54	231	#
746	1320	17	52	19	231	#
747	1320	17	35	15	54	231	#
748	1320	17	52	2	20	231	#
749	239	42	0	#
750	243	26	#
751	437	44	13	232	#
752	437	0	45	13	232	#
753	437	0	42	4	53	232	#
754	437	0	42	14	13	232	#
755	437	0	42	4	5	13	232	#
756	849	42	32	#
757	1087	0	59	20	233	#
758	1087	0	59	2	19	233	#
759	1087	42	40	19	233	#
760	1087	0	59	3	11	19	233	#
761	1087	8	1	59	20	233	#
762	551	27	16	#
763	646	57	234	#
764	646	13	56	234	#
765	294	4	42	0	#
766	834	39	235	#
767	834	51	6	55	235	#
768	1026	18	16	27	#
769	348	36	4	#
770	991	59	1	236	#
771	991	59	0	8	236	#
772	991	33	6	55	236	#
773	991	3	38	6	55	236	#
774	991	59	48	9	236	#
775	1248	27	25	39	9	237	#
776	1248	27	57	5	36	237	#
777	1248	27	57	58	9	237	#
778	1248	27	57	14	4	36	237	#
779	1248	27	15	23	39	9	237	#
780	1127	27	25	51	12	238	#
781	1127	27	15	41	12	238	#
782	1127	27	15	23	51	12	238	#
783	398	45	13	239	#
784	398	42	4	53	239	#
785	398	42	14	13	239	#
786	511	15	27	#
787	613	27	16	240	#
788	613	27	15	24	240	#
789	1228	27	16	18	241	#
790	1228	27	15	24	18	241	#
791	1228	27	15	35	17	241	#
792	1228	27	25	49	18	241	#
793	1228	27	25	23	24	18	241	#
794	1030	17	43	7	242	#
795	1030	46	13	47	7	242	#
796	1030	17	22	47	7	242	#
797	1030	17	21	13	47	7	242	#
798	1198	27	25	39	243	#
799	1198	27	57	58	243	#
800	1198	27	15	23	39	243	#
801	1198	27	57	45	8	243	#
802	1198	27	57	14	42	8	243	#
803	797	33	244	#
804	797	38	3	244	#
805	797	38	11	2	244	#
806	797	38	11	19	20	244	#
807	766	30	25	245	#
808	766	30	23	15	245	#
809	337	44	246	#
810	337	45	0	246	#
811	720	37	#
812	662	9	28	21	247	#
813	662	36	53	21	247	#
814	662	36	5	22	247	#
815	662	36	5	13	21	247	#
816	662	9	58	22	247	#
817	1081	56	27	248	#
818	1081	13	57	27	248	#
819	1081	21	35	15	27	248	#
820	1081	53	5	57	27	248	#
821	1081	53	4	14	57	27	248	#
822	433	17	#
823	407	36	249	#
824	407	4	42	10	249	#
825	407	4	42	8	9	249	#
826	527	32	#
827	636	21	28	250	#
828	636	22	58	250	#
829	636	21	13	58	250	#
830	636	22	45	8	250	#
831	636	21	13	45	8	250	#
832	278	22	251	#
833	278	13	21	251	#
834	996	12	51	25	27	#
835	452	6	51	#
836	264	42	#
837	256	16	#
838	865	59	#
839	1207	44	57	27	252	#
840	1207	0	45	57	27	252	#
841	1207	0	42	14	57	27	252	#
842	1207	0	42	4	5	57	27	252	#
843	1207	44	13	56	27	252	#
844	927	5	57	27	253	#
845	927	4	14	57	27	253	#
846	937	18	16	254	#
847	937	18	24	15	254	#
848	937	17	35	15	254	#
849	937	18	49	25	254	#
850	937	18	24	23	25	254	#
851	353	26	#
852	277	12	7	#
853	539	22	45	255	#
854	539	21	13	45	255	#
855	539	21	53	4	42	255	#
856	539	22	14	42	255	#
857	539	21	13	14	42	255	#
858	510	57	#
859	675	29	9	256	#
860	675	7	6	55	9	256	#
861	655	21	28	9	257	#
862	655	21	53	36	257	#
863	655	22	5	36	257	#
864	649	6	33	2	258	#
865	649	6	38	11	258	#
866	649	6	38	3	2	258	#
867	200	11	19	#
868	829	51	25	259	#
869	829	41	15	259	#
870	829	51	23	15	259	#
871	829	41	24	16	259	#
872	829	41	23	25	259	#
873	376	55	#
874	811	9	29	26	260	#
875	811	9	55	6	7	26	260	#
876	842	31	261	#
877	842	6	41	24	261	#
878	842	6	51	49	261	#
879	842	6	51	23	24	261	#
880	842	6	51	25	16	261	#
881	500	6	55	9	#
882	1071	20	59	48	262	#
883	1071	19	2	59	48	262	#
884	1071	20	59	1	9	262	#
885	1071	19	2	59	1	9	262	#
886	1071	20	59	0	10	262	#
887	843	26	29	9	263	#
888	843	26	7	6	55	9	263	#
889	21	4	#
890	912	37	264	#
891	912	30	49	264	#
892	912	30	23	24	264	#
893	912	30	25	16	264	#
894	1087	0	59	20	265	#
895	1087	0	59	2	19	265	#
896	1087	42	40	19	265	#
897	1087	0	59	3	11	19	265	#
898	1087	8	1	59	20	265	#
899	1167	27	25	51	12	266	#
900	1167	27	15	41	12	266	#
901	1167	27	15	23	51	12	266	#
902	161	21	#
903	373	8	42	267	#
904	373	1	0	42	267	#
905	655	27	16	268	#
906	655	27	15	24	268	#
907	997	0	59	2	269	#
908	997	42	40	269	#
909	997	0	59	3	11	269	#
910	997	0	59	20	19	269	#
911	997	8	1	59	2	269	#
912	676	34	270	#
913	676	46	53	270	#
914	676	17	21	53	270	#
915	676	46	13	5	270	#
916	676	17	22	5	270	#
917	680	34	4	271	#
918	680	46	53	4	271	#
919	680	17	21	53	4	271	#
920	680	46	13	14	271	#
921	869	46	13	45	272	#
922	869	17	22	45	272	#
923	869	17	21	13	45	272	#
924	869	34	4	42	272	#
925	869	46	53	4	42	272	#
926	637	43	273	#
927	637	22	47	273	#
928	637	21	13	47	273	#
929	284	0	42	4	#
930	798	29	26	274	#
931	798	55	6	7	26	274	#
932	450	6	55	#
933	1174	17	43	26	275	#
934	1174	46	13	47	26	275	#
935	1174	17	22	47	26	275	#
936	1174	18	37	275	#
937	1174	17	21	13	47	26	275	#
938	122	1	#
939	882	29	26	276	#
940	882	55	6	7	26	276	#
941	117	11	277	#
942	117	3	2	277	#
943	800	24	41	7	278	#
944	800	49	51	7	278	#
945	800	24	23	51	7	278	#
946	800	31	6	7	278	#
947	533	35	#
948	487	5	47	#
949	642	30	#
950	437	58	279	#
951	437	45	8	279	#
952	437	14	42	8	279	#
953	437	5	4	42	8	279	#
954	437	44	1	279	#
955	134	24	#
956	509	47	7	6	#
957	1163	12	7	43	17	280	#
958	1163	12	7	47	13	46	280	#
959	1163	12	7	47	22	17	280	#
960	1163	12	7	47	13	21	17	280	#
961	1163	50	18	280	#
962	420	51	#
963	731	5	47	26	281	#
964	731	4	14	47	26	281	#
965	843	26	47	13	#
966	305	25	282	#
967	305	23	15	282	#
968	144	6	7	#
969	700	26	47	#
970	544	7	47	13	#
971	492	55	9	#
972	324	49	283	#
973	324	24	23	283	#
974	1102	45	57	27	284	#
975	1102	42	14	57	27	284	#
976	1181	45	57	27	285	#
977	1181	42	14	57	27	285	#
978	1181	42	4	5	57	27	285	#
979	1181	0	44	57	27	285	#
980	1181	45	13	56	27	285	#
981	231	53	286	#
982	231	13	5	286	#
983	231	13	14	4	286	#
984	395	7	26	#
985	716	19	54	15	287	#
986	716	2	20	54	15	287	#
987	215	21	#
988	268	49	288	#
989	268	24	23	288	#
990	87	13	#
991	1026	53	4	40	2	289	#
992	1026	13	14	40	2	289	#
993	1026	13	5	4	40	2	289	#
994	1026	21	52	2	289	#
995	1026	56	54	20	289	#
996	745	24	41	7	290	#
997	745	49	51	7	290	#
998	745	24	23	51	7	290	#
999	738	1	39	291	#
1000	738	0	8	39	291	#
1001	823	50	292	#
1002	823	24	41	12	292	#
1003	823	49	51	12	292	#
1004	823	24	23	51	12	292	#
1005	823	31	6	12	292	#
1006	883	12	51	25	293	#
1007	883	12	41	15	293	#
1008	883	12	51	23	15	293	#
1009	1207	27	57	44	294	#
1010	1207	27	57	45	0	294	#
1011	1207	27	57	14	42	0	294	#
1012	1207	27	57	5	4	42	0	294	#
1013	1207	27	56	13	44	294	#
1014	572	54	#
1015	676	34	295	#
1016	676	46	53	295	#
1017	676	17	21	53	295	#
1018	676	46	13	5	295	#
1019	676	17	22	5	295	#
1020	100	3	#
1021	470	55	#
1022	132	8	#
1023	93	19	#
1024	722	57	5	296	#
1025	722	57	14	4	296	#
1026	722	56	53	296	#
1027	722	56	13	5	296	#
1028	722	56	13	14	4	296	#
1029	721	33	297	#
1030	721	38	3	297	#
1031	721	38	11	2	297	#
1032	145	14	298	#
1033	145	5	4	298	#
1034	860	6	51	25	299	#
1035	860	6	41	15	299	#
1036	860	6	51	23	15	299	#
1037	860	31	16	299	#
1038	967	2	59	300	#
1039	967	11	3	59	300	#
1040	967	19	20	59	300	#
1041	1233	27	25	51	12	301	#
1042	1233	27	15	41	12	301	#
1043	1233	27	15	23	51	12	301	#
1044	1233	27	16	50	301	#
1045	1233	27	16	24	41	12	301	#
1046	119	3	#
1047	137	12	#
1048	514	47	13	#
1049	957	25	39	9	302	#
1050	957	57	5	36	302	#
1051	957	57	58	9	302	#
1052	957	57	14	4	36	302	#
1053	957	15	23	39	9	302	#
1054	988	2	59	0	303	#
1055	988	40	42	303	#
1056	988	11	3	59	0	303	#
1057	792	16	54	19	304	#
1058	792	16	54	20	2	304	#
1059	792	24	15	54	19	304	#
1060	575	30	#
1061	783	16	18	305	#
1062	783	15	24	18	305	#
1063	843	5	47	26	306	#
1064	843	4	14	47	26	306	#
1065	849	24	41	7	307	#
1066	849	49	51	7	307	#
1067	849	24	23	51	7	307	#
1068	849	31	6	7	307	#
1069	1320	54	16	18	308	#
1070	1320	54	15	24	18	308	#
1071	1320	19	52	17	308	#
1072	1320	54	15	35	17	308	#
1073	1320	20	2	52	17	308	#
1074	690	2	33	309	#
1075	690	11	38	309	#
1076	690	2	3	38	309	#
1077	539	22	45	310	#
1078	539	21	13	45	310	#
1079	539	21	53	4	42	310	#
1080	539	22	14	42	310	#
1081	539	21	13	14	42	310	#
1082	1081	27	56	311	#
1083	1081	27	57	13	311	#
1084	1081	27	15	35	21	311	#
1085	1081	27	57	5	53	311	#
1086	1081	27	57	14	4	53	311	#
1087	823	50	312	#
1088	823	12	41	24	312	#
1089	823	12	51	49	312	#
1090	823	12	51	23	24	312	#
1091	823	12	6	31	312	#
1092	1198	27	25	39	313	#
1093	1198	27	57	58	313	#
1094	1198	27	15	23	39	313	#
1095	1198	27	57	45	8	313	#
1096	1198	27	57	14	42	8	313	#
1097	94	13	#
1098	711	43	7	314	#
1099	711	22	47	7	314	#
1100	711	21	13	47	7	314	#
1101	1078	2	40	315	#
1102	1078	3	11	40	315	#
1103	1078	20	19	40	315	#
1104	1078	59	0	42	315	#
1105	1040	51	25	27	316	#
1106	1040	41	15	27	316	#
1107	1040	51	23	15	27	316	#
1108	1087	0	59	20	317	#
1109	1087	0	59	2	19	317	#
1110	1087	42	40	19	317	#
1111	1087	0	59	3	11	19	317	#
1112	1087	8	1	59	20	317	#
1113	636	28	21	318	#
1114	636	58	22	318	#
1115	636	58	13	21	318	#
1116	636	8	45	22	318	#
1117	636	8	45	13	21	318	#
1118	61	6	#
1119	906	25	39	319	#
1120	906	57	58	319	#
1121	906	15	23	39	319	#
1122	906	57	45	8	319	#
1123	906	57	14	42	8	319	#
1124	916	32	42	8	320	#
1125	916	49	39	320	#
1126	916	24	23	39	320	#
1127	916	32	42	0	1	320	#
1128	916	32	4	36	9	320	#
1129	1248	9	39	25	27	321	#
1130	1248	36	5	57	27	321	#
1131	1248	9	58	57	27	321	#
1132	1248	36	4	14	57	27	321	#
1133	1248	9	39	23	15	27	321	#
1134	680	34	4	322	#
1135	680	46	53	4	322	#
1136	680	17	21	53	4	322	#
1137	680	46	13	14	322	#
1138	680	17	22	14	322	#
1139	1167	27	25	51	6	323	#
1140	1167	27	15	41	6	323	#
1141	1167	27	15	23	51	6	323	#
1142	1167	27	16	31	323	#
1143	1167	27	16	24	41	6	323	#
1144	724	26	47	5	#
1145	547	32	#
1146	121	8	#
1147	145	20	324	#
1148	145	19	2	324	#
1149	1021	26	43	325	#
1150	1021	26	47	22	325	#
1151	1021	26	47	13	21	325	#
1152	1021	30	23	35	325	#
1153	414	6	55	#
1154	973	9	28	46	326	#
1155	973	36	34	326	#
1156	973	9	28	21	17	326	#
1157	973	36	53	46	326	#
1158	973	36	53	21	17	326	#
1159	871	2	33	12	327	#
1160	871	11	38	12	327	#
1161	871	2	3	38	12	327	#
1162	871	11	3	33	12	327	#
1163	871	19	20	33	12	327	#
1164	427	9	55	#
1165	332	22	328	#
1166	332	21	13	328	#
1167	1081	6	51	25	27	329	#
1168	1081	6	41	15	27	329	#
1169	1081	6	51	23	15	27	329	#
1170	842	59	0	#
1171	563	22	44	330	#
1172	563	21	13	44	330	#
1173	563	22	45	0	330	#
1174	563	21	13	45	0	330	#
1175	516	47	#
1176	881	32	42	0	#
1177	851	12	33	331	#
1178	851	12	38	3	331	#
1179	851	12	38	11	2	331	#
1180	469	47	7	#
1181	629	13	47	#
1182	994	4	40	2	332	#
1183	994	4	40	11	3	332	#
1184	994	4	40	19	20	332	#
1185	994	5	14	40	2	332	#
1186	994	4	42	0	59	332	#
1187	647	16	54	#
1188	1031	18	16	27	#
1189	765	30	25	333	#
1190	765	30	23	15	333	#
1191	794	12	33	20	334	#
1192	794	12	33	2	19	334	#
1193	794	12	38	11	19	334	#
1194	794	12	38	3	20	334	#
1195	794	12	38	3	2	19	334	#
1196	906	26	47	13	335	#
1197	906	26	47	5	53	335	#
1198	906	26	47	14	4	53	335	#
1199	1070	17	43	7	336	#
1200	1070	46	13	47	7	336	#
1201	1070	17	22	47	7	336	#
1202	1070	17	21	13	47	7	336	#
1203	1070	18	24	41	336	#
