%% File generated by CATS v.2.1Tue Aug 20 18:57:11 2019

%% The CATS webpage is http://robotics.stanford.edu/CATS

%% PARAMETER SETTINGS:
% Goods: 45; Bids: 450; Distribution: regions; Runs: 10; Seed: 1566345388
% Regions Distribution Parameters:
% Max Substitutable Bids = 5
% Removing HV Neighbor   = 0.1
% Adding DIAG Neighbor   = 0.2
% Additional Location    = 0.9
% Jump Probability       = 0.05
% Additivity             = 0.2
% Budget Factor          = 1.5
% Resale Factor          = 0.5
% Normal Private Value:
%   Mean                 = 0
%   Standard Deviation   = 30



goods 45
bids 450
dummy 77

0	1050110	21	20	19	18	7	15	27	6	8	16	26	13	9	25	22	28	2	17	24	45	#
1	1306472	16	22	28	30	27	26	15	24	21	29	20	43	32	35	9	25	3	2	17	45	#
2	1271061	9	8	2	3	4	16	44	15	21	17	20	5	27	11	26	43	22	28	6	45	#
3	1266183	15	9	16	3	21	20	8	17	27	2	22	28	26	11	33	14	4	34	29	45	#
4	1256747	18	24	30	25	26	20	14	8	27	21	15	2	16	19	17	28	9	3	29	45	#
5	1252419	22	28	16	29	35	34	17	11	27	21	15	36	33	9	8	5	26	3	2	45	#
6	651519	34	33	28	29	6	0	1	12	7	46	#
7	612274	33	27	32	31	25	21	28	34	20	46	#
8	559115	34	28	33	27	22	32	31	23	25	46	#
9	530481	0	1	7	12	13	33	6	34	19	46	#
10	465653	7	8	12	14	1	0	15	6	9	46	#
11	465098	29	35	28	22	27	23	34	21	26	46	#
12	346018	32	27	21	47	#
13	285803	32	3	4	47	#
14	238557	27	21	35	47	#
15	223528	21	27	20	47	#
16	504241	12	7	13	14	1	8	9	19	20	6	15	16	48	#
17	746175	1	0	6	12	39	7	13	19	25	24	18	14	48	#
18	704878	20	43	19	12	18	26	27	25	13	14	22	8	48	#
19	697968	8	14	13	2	19	12	3	33	20	9	26	7	48	#
20	682796	12	13	19	18	20	25	6	7	14	1	8	26	48	#
21	679871	13	19	12	6	20	7	1	26	27	32	14	8	48	#
22	465427	33	34	27	21	49	#
23	350939	27	26	33	21	49	#
24	327359	34	33	27	26	49	#
25	292255	33	27	21	20	49	#
26	283479	21	27	20	15	49	#
27	1126435	13	14	12	19	25	20	8	26	18	9	21	27	31	33	32	2	24	50	#
28	1135651	26	27	25	20	31	24	21	15	22	28	32	9	8	2	16	18	23	50	#
29	1069353	2	3	4	8	9	39	10	16	14	27	28	32	17	35	29	15	26	50	#
30	1032826	32	27	33	22	21	31	28	23	15	25	20	26	9	24	19	30	12	50	#
31	1030653	18	24	19	25	31	30	26	27	22	32	13	16	17	23	12	6	0	50	#
32	1013798	13	19	34	7	0	18	24	6	12	28	1	25	26	8	27	20	9	50	#
33	895054	11	5	4	17	10	16	22	23	3	9	27	42	26	33	28	51	#
34	1056248	28	29	35	27	26	32	2	25	33	1	21	9	22	34	31	51	#
35	1019161	27	22	21	15	32	28	34	31	26	25	9	8	16	3	17	51	#
36	988787	10	9	15	17	21	11	4	5	3	23	16	27	26	20	25	51	#
37	988337	26	27	32	28	34	22	25	29	24	31	21	15	16	9	30	51	#
38	983566	23	17	11	16	15	22	10	28	21	27	34	26	9	25	19	51	#
39	88675	26	#
40	208868	2	8	9	3	52	#
41	292882	3	4	9	5	52	#
42	161087	2	43	3	8	52	#
43	88658	9	15	8	3	52	#
44	67553	8	7	2	15	52	#
45	59354	16	#
46	509464	41	42	12	19	13	18	25	7	24	6	53	#
47	679851	24	30	25	31	18	19	26	12	27	28	53	#
48	660907	12	19	13	14	8	18	24	30	25	2	53	#
49	616562	41	31	32	25	27	22	23	24	26	18	53	#
50	590071	18	24	30	19	12	6	7	23	25	13	53	#
51	558738	42	43	7	1	6	8	12	0	2	13	53	#
52	444998	18	24	30	9	3	19	54	#
53	542493	30	24	18	25	26	31	54	#
54	474469	24	30	18	25	31	19	54	#
55	341488	9	3	15	16	2	4	54	#
56	337546	18	19	24	30	13	20	54	#
57	293047	3	9	10	2	4	15	54	#
58	2006522	14	8	20	19	26	25	12	24	27	30	13	33	32	7	18	0	2	5	4	9	3	28	40	1	22	6	31	29	17	23	34	35	16	55	#
59	2209276	32	31	25	24	26	30	27	28	19	9	15	34	3	33	8	18	29	22	10	42	2	17	4	11	12	16	5	13	7	39	14	23	0	55	#
60	2126927	25	31	26	32	20	27	19	11	14	22	21	23	15	8	13	24	28	17	9	30	10	41	16	12	7	1	34	2	0	3	33	29	5	55	#
61	2096119	6	0	7	12	13	19	1	25	14	30	26	8	2	27	24	28	31	18	9	3	32	20	10	17	33	16	34	38	23	4	21	22	29	55	#
62	2090073	0	6	1	7	12	13	8	2	14	19	3	26	4	25	24	9	20	10	18	16	17	30	22	27	33	15	21	11	34	42	23	31	28	55	#
63	2077613	20	19	12	14	26	8	2	25	31	32	24	13	7	6	3	1	30	0	4	18	9	10	17	27	21	15	33	23	22	16	34	28	11	55	#
64	62507	37	#
65	195863	38	40	41	56	#
66	272762	40	23	17	56	#
67	154285	38	43	41	56	#
68	88213	4	3	57	#
69	127276	3	2	57	#
70	396991	8	9	3	4	5	7	10	17	6	58	#
71	586509	4	10	3	17	2	11	8	9	16	58	#
72	568985	17	23	22	0	16	15	1	11	7	58	#
73	489106	3	4	9	15	16	10	5	17	8	58	#
74	462530	9	10	16	15	21	22	8	17	28	58	#
75	441295	7	1	0	12	19	8	6	18	25	58	#
76	52717	37	#
77	85030	38	#
78	2109	43	#
79	119487	40	17	10	59	#
80	154486	40	26	27	59	#
81	552577	12	6	0	7	1	31	60	#
82	475314	31	25	32	19	12	18	60	#
83	442449	1	7	0	12	13	6	60	#
84	413257	6	34	33	28	7	29	60	#
85	388351	0	7	8	1	6	12	60	#
86	329069	7	1	12	6	8	9	60	#
87	1317666	19	13	12	25	24	6	7	31	30	26	1	14	8	0	18	9	15	2	16	3	17	23	20	21	11	61	#
88	1484826	9	3	4	5	11	10	15	2	21	17	8	27	16	33	32	22	26	7	13	1	23	28	14	0	43	61	#
89	1379009	13	7	8	14	6	19	9	12	0	2	3	10	15	4	16	17	20	11	21	27	26	1	23	25	33	61	#
90	1356296	11	5	17	23	16	22	10	27	21	26	13	33	20	15	32	4	14	8	7	1	0	9	6	12	28	61	#
91	1342696	2	3	8	9	14	15	20	16	13	12	4	10	6	0	5	7	21	17	22	27	1	28	42	11	19	61	#
92	1342289	15	9	21	3	20	14	16	8	10	27	2	4	13	17	19	18	23	33	12	6	7	28	32	5	11	61	#
93	609618	22	28	16	23	29	15	17	35	27	11	62	#
94	745936	11	17	5	23	22	27	26	28	32	34	62	#
95	707561	22	27	16	28	34	33	15	32	17	9	62	#
96	705709	16	22	27	23	17	11	5	33	32	34	62	#
97	609032	29	35	28	27	33	21	11	22	20	32	62	#
98	607301	35	29	28	27	22	32	34	16	31	15	62	#
99	77595	15	9	#
100	445162	26	20	25	24	19	27	13	21	63	#
101	603090	25	31	32	26	19	24	20	14	63	#
102	591873	19	28	26	29	25	31	34	32	63	#
103	500752	24	30	25	18	31	19	13	14	63	#
104	491963	21	20	19	38	27	12	26	7	63	#
105	466615	27	32	22	26	16	33	28	4	63	#
106	830461	20	26	14	21	27	19	25	28	24	8	32	7	18	15	13	22	9	10	64	#
107	1188218	26	27	22	23	25	28	34	32	29	17	21	44	31	16	10	15	12	35	64	#
108	1155538	27	32	33	28	22	34	21	16	15	23	29	17	31	10	25	11	26	20	64	#
109	1127425	25	26	27	20	32	24	33	16	21	19	30	22	34	28	17	18	15	10	64	#
110	1111414	24	30	18	19	25	26	20	27	28	34	13	22	32	14	31	23	17	7	64	#
111	1109406	21	27	26	32	33	31	15	9	22	20	19	25	10	24	16	17	11	18	64	#
112	107044	41	#
113	409390	30	24	18	33	19	12	27	32	65	#
114	532844	19	18	25	24	13	31	12	26	65	#
115	513203	12	6	7	0	1	8	13	2	65	#
116	508221	18	19	20	25	31	14	13	12	65	#
117	492070	32	31	27	25	24	22	21	28	65	#
118	427189	27	33	21	15	26	22	9	18	65	#
119	675212	28	29	35	22	16	10	23	17	11	9	27	4	5	33	66	#
120	916443	29	28	22	23	27	33	32	34	17	26	25	31	24	21	66	#
121	890426	23	17	16	11	10	4	5	6	3	22	28	27	2	7	66	#
122	872639	9	10	4	15	8	16	3	7	21	17	22	2	11	28	66	#
123	860567	4	10	16	17	23	22	9	15	3	27	21	11	28	33	66	#
124	840729	28	22	16	34	10	17	4	3	9	8	27	15	2	29	66	#
125	86988	38	#
126	375386	16	10	4	15	3	2	67	#
127	389322	16	17	11	10	23	22	67	#
128	379441	4	10	3	5	11	9	67	#
129	361842	2	3	9	15	4	10	67	#
130	333565	3	0	9	4	1	15	67	#
131	253019	15	16	9	41	10	21	67	#
132	2319406	9	8	15	11	16	7	22	10	21	28	27	5	14	0	23	6	34	26	17	32	4	12	1	33	13	20	31	25	19	24	2	18	29	30	35	3	37	39	68	#
133	2371613	23	22	17	10	4	27	11	37	3	21	9	16	32	33	8	26	28	5	25	20	14	31	13	19	7	12	34	0	2	6	1	44	38	24	15	39	18	30	68	#
134	2324994	9	8	7	2	13	1	12	3	14	19	0	25	15	6	24	10	21	20	27	33	17	34	18	16	26	35	22	31	4	28	11	5	23	30	29	32	43	39	68	#
135	2317774	33	27	22	28	34	21	32	23	29	16	17	26	20	25	31	35	19	14	13	12	15	9	8	7	18	24	10	6	1	2	3	0	30	11	4	5	41	39	68	#
136	2317270	35	29	28	27	26	21	22	20	25	31	16	34	15	19	10	4	5	24	9	18	17	33	14	30	32	13	2	12	7	11	0	6	3	23	8	1	39	40	68	#
137	2316545	8	12	19	13	9	7	14	10	28	0	18	22	16	15	24	1	17	4	11	2	25	31	6	34	23	33	32	5	27	26	29	35	20	21	30	3	39	44	68	#
138	1119404	26	25	19	31	18	13	24	30	12	14	32	20	7	6	1	0	69	#
139	1102822	24	30	25	31	32	19	13	7	6	12	0	27	26	18	20	22	69	#
140	1090405	30	24	18	19	25	20	31	13	12	17	32	16	26	7	21	14	69	#
141	1079558	13	19	25	14	31	26	27	32	8	20	12	33	21	34	28	2	69	#
142	1077686	20	19	25	31	32	12	24	17	10	6	30	26	27	9	14	13	69	#
143	1036972	19	25	12	7	31	13	14	24	6	0	1	8	18	20	26	32	69	#
144	132864	44	#
145	227535	4	5	3	2	8	70	#
146	296707	3	4	16	2	8	70	#
147	260714	4	3	10	16	2	70	#
148	242025	5	4	11	3	9	70	#
149	145486	8	14	7	2	13	70	#
150	135850	2	8	9	14	3	70	#
151	70412	40	#
152	912892	12	19	6	20	26	0	14	25	27	7	21	24	1	8	71	#
153	891490	14	13	8	7	12	38	19	2	6	1	25	31	0	24	71	#
154	885545	1	7	0	8	2	3	9	13	19	12	10	17	14	6	71	#
155	861828	0	11	7	8	6	5	17	1	14	23	4	22	2	13	71	#
156	836635	26	20	14	21	19	27	25	13	33	7	12	34	8	0	71	#
157	783870	25	26	31	24	19	18	27	21	20	28	13	29	33	14	71	#
158	378394	34	33	27	21	9	72	#
159	300324	21	15	16	22	23	72	#
160	286720	33	34	28	29	27	72	#
161	225834	34	33	27	29	35	72	#
162	225244	9	10	17	8	16	72	#
163	217259	27	26	22	21	15	72	#
164	308681	3	4	2	73	#
165	244917	3	4	5	73	#
166	223757	4	3	10	73	#
167	82767	37	16	74	#
168	99806	37	17	74	#
169	48184	40	#
170	206000	44	15	16	75	#
171	292708	44	19	18	75	#
172	141347	15	16	21	75	#
173	29600	39	#
174	102006	42	#
175	643246	19	25	18	20	24	30	26	12	13	14	27	7	32	76	#
176	813177	32	31	25	24	27	28	19	22	18	21	12	20	6	76	#
177	764814	26	20	25	24	27	28	34	22	32	19	31	30	13	76	#
178	731195	27	33	34	22	23	16	30	28	29	17	10	32	35	76	#
179	714018	24	25	30	31	18	26	19	20	27	32	14	8	22	76	#
180	711237	19	12	18	7	6	0	20	1	33	27	26	21	34	76	#
181	354183	28	22	0	1	16	7	17	23	15	27	77	#
182	513443	7	1	0	6	8	13	14	12	19	18	77	#
183	475352	23	22	16	28	34	17	27	21	32	15	77	#
184	404770	22	28	27	32	16	15	29	9	41	3	77	#
185	383596	16	17	22	27	10	28	32	26	33	11	77	#
186	351740	0	7	6	13	19	12	14	8	9	20	77	#
187	325933	44	42	21	78	#
188	238008	44	43	33	78	#
189	210961	42	41	37	78	#
190	197139	21	15	9	78	#
191	2051363	17	16	23	15	11	10	20	9	19	21	18	25	27	5	26	31	22	32	6	12	0	24	28	1	14	39	7	30	8	3	4	13	34	29	2	35	33	79	#
192	2073600	15	16	9	42	22	28	27	3	26	17	21	10	39	20	4	34	32	11	23	31	33	2	19	5	18	12	24	7	6	13	1	8	29	0	14	25	30	79	#
193	2072282	39	32	31	25	24	27	18	33	26	20	19	30	22	34	15	9	12	6	7	28	21	14	29	35	1	13	3	16	42	10	8	17	23	2	11	0	5	79	#
194	2023458	22	16	23	15	28	27	9	10	17	29	32	21	44	8	31	35	3	11	5	34	2	33	4	7	26	12	14	20	0	25	1	6	37	19	13	24	39	79	#
195	1975493	13	19	12	25	6	14	20	24	26	0	18	1	7	27	32	21	8	9	2	30	31	3	10	15	42	4	5	11	16	22	17	28	23	38	29	33	34	79	#
196	1953257	35	29	28	27	33	32	34	31	21	15	25	26	19	20	24	14	8	12	7	6	18	13	16	0	9	1	10	22	23	3	2	17	11	5	4	30	38	79	#
197	373323	25	31	24	18	19	26	80	#
198	389601	31	25	32	26	19	20	80	#
199	356093	24	30	25	19	12	18	80	#
200	353016	25	19	18	20	31	13	80	#
201	351623	19	18	30	25	12	20	80	#
202	246494	26	25	19	13	12	20	80	#
203	127344	30	#
204	83779	38	#
205	316936	38	22	28	27	29	81	#
206	430235	28	27	21	33	29	81	#
207	381697	27	32	22	21	31	81	#
208	335848	22	27	21	38	15	81	#
209	214264	38	23	22	17	10	81	#
210	187539	29	35	28	34	22	81	#
211	304745	0	7	6	13	1	82	#
212	380891	0	7	6	1	12	82	#
213	334713	7	1	6	0	8	82	#
214	305992	1	7	12	19	6	82	#
215	304295	6	7	8	12	0	82	#
216	290089	13	7	1	19	0	82	#
217	2308548	22	24	30	16	25	18	28	17	19	32	31	29	20	12	15	41	7	10	35	0	9	4	13	6	21	14	3	26	34	27	5	11	33	8	2	23	1	83	#
218	2382625	10	9	15	4	3	8	21	27	20	32	16	28	2	7	31	0	6	19	29	26	1	13	12	14	22	35	33	17	34	11	25	18	5	24	30	23	44	83	#
219	2380292	14	8	13	12	6	7	2	1	9	19	3	0	20	15	4	21	25	31	10	26	36	32	27	28	18	29	22	17	24	35	16	33	44	30	34	23	11	83	#
220	2371407	33	34	28	37	29	22	35	27	26	32	31	25	21	16	15	19	18	17	24	20	23	10	4	12	6	44	9	3	7	2	8	13	11	14	1	0	5	83	#
221	2340153	7	0	41	12	8	19	9	6	15	3	2	13	18	1	25	24	42	4	31	21	14	20	26	5	10	16	17	11	27	28	33	22	29	34	23	35	32	83	#
222	2325876	19	25	18	26	12	24	7	31	27	1	0	6	21	22	13	14	28	20	8	16	30	33	37	32	34	15	40	9	10	38	17	11	4	2	3	29	35	83	#
223	118505	12	13	6	84	#
224	146792	12	6	0	84	#
225	145848	13	12	14	84	#
226	138665	6	0	37	84	#
227	74718	5	#
228	499521	27	26	20	38	22	23	14	21	33	17	15	85	#
229	676243	22	16	17	15	21	28	34	23	19	27	12	85	#
230	647227	20	19	12	13	25	6	18	26	7	0	42	85	#
231	639661	14	23	13	19	4	20	18	7	21	17	10	85	#
232	617869	33	34	27	13	28	26	21	20	19	44	29	85	#
233	577812	17	10	16	15	21	9	20	27	11	5	32	85	#
234	405525	35	29	28	34	22	27	33	21	0	86	#
235	498924	28	27	42	22	32	31	34	26	25	86	#
236	426526	0	1	7	6	12	19	13	20	26	86	#
237	393923	21	15	20	27	22	4	32	0	28	86	#
238	386646	34	33	27	22	26	25	16	10	21	86	#
239	358716	33	34	28	29	27	22	21	20	15	86	#
240	486880	44	1	0	6	7	42	12	13	15	16	87	#
241	718750	1	0	7	13	14	5	19	4	3	2	87	#
242	655881	42	8	7	1	9	6	13	14	2	3	87	#
243	609844	44	40	31	25	19	18	24	13	7	1	87	#
244	592800	13	7	12	1	19	18	6	25	0	31	87	#
245	590270	12	7	8	0	6	9	1	2	14	20	87	#
246	125269	44	#
247	957238	32	27	33	26	20	19	22	12	21	13	9	31	15	7	8	25	88	#
248	1345352	31	32	27	25	28	26	33	34	24	22	23	17	30	11	5	18	88	#
249	1108241	22	27	26	16	13	28	33	12	23	25	7	14	42	29	15	17	88	#
250	1096731	15	16	44	10	17	11	26	27	28	29	22	21	23	4	9	3	88	#
251	1092321	33	34	27	32	21	22	20	19	25	28	26	18	31	12	14	7	88	#
252	1060862	25	26	20	19	18	13	24	27	33	30	32	31	7	12	6	8	88	#
253	289255	6	12	8	7	0	19	89	#
254	426220	8	9	7	23	2	3	89	#
255	424077	12	19	20	14	25	8	89	#
256	407003	0	1	7	13	12	14	89	#
257	360661	19	25	24	27	22	20	89	#
258	355493	6	7	1	0	13	12	89	#
259	1208941	32	27	33	22	23	17	28	10	21	16	26	34	20	14	15	5	29	25	9	3	2	31	90	#
260	1335198	22	28	34	33	16	27	15	8	32	44	17	2	9	26	10	21	11	25	29	31	23	20	90	#
261	1285093	31	32	27	26	22	33	20	23	17	21	25	28	19	11	10	16	24	12	9	3	8	13	90	#
262	1279396	17	16	11	10	22	15	9	23	28	27	8	3	21	26	4	2	29	33	34	19	32	5	90	#
263	1270802	33	27	28	29	34	22	26	32	18	20	19	14	16	25	17	24	23	12	10	7	8	21	90	#
264	1235607	25	26	27	17	19	32	24	10	40	11	28	23	4	31	22	30	21	33	29	20	13	5	90	#
265	152253	38	0	6	7	91	#
266	113257	38	8	7	1	91	#
267	781689	6	12	19	7	25	0	20	1	26	14	27	32	13	92	#
268	882926	12	19	25	20	26	18	31	32	6	14	0	24	7	92	#
269	857873	19	18	24	30	20	26	12	25	27	32	7	21	14	92	#
270	855102	0	6	1	12	19	25	7	20	18	14	26	13	31	92	#
271	838905	6	12	0	1	7	8	19	20	26	25	21	14	18	92	#
272	829254	1	7	0	6	21	32	5	31	25	13	20	19	14	92	#
273	764779	17	23	11	10	4	34	16	22	3	2	5	28	93	#
274	834279	16	15	17	21	10	22	23	9	27	28	3	26	93	#
275	828348	2	3	8	9	4	14	20	15	0	7	12	5	93	#
276	822307	34	2	6	28	17	0	11	3	21	5	8	7	93	#
277	776563	17	11	5	23	16	10	9	22	28	4	27	26	93	#
278	772968	23	22	27	28	33	17	16	21	11	32	10	29	93	#
279	770389	6	1	0	7	12	13	8	2	3	14	94	#
280	775405	6	7	8	9	14	0	1	2	12	13	94	#
281	732563	2	3	4	5	9	10	11	8	17	7	94	#
282	726117	1	0	7	6	13	12	19	18	8	9	94	#
283	693500	8	7	31	14	13	12	9	10	20	1	94	#
284	663776	14	13	7	12	8	0	9	6	2	19	94	#
285	273096	17	23	11	5	4	95	#
286	330921	11	17	10	4	16	95	#
287	308614	4	10	5	11	17	95	#
288	306559	17	16	11	10	9	95	#
289	294534	5	4	10	3	9	95	#
290	256130	23	22	17	1	28	95	#
291	156977	10	17	23	16	96	#
292	135447	16	10	15	17	96	#
293	82278	17	23	16	22	96	#
294	30361	35	29	#
295	1870009	16	10	9	22	17	11	15	23	4	28	6	0	1	29	25	31	5	3	35	26	20	7	34	19	14	12	13	8	21	18	27	32	24	2	30	33	97	#
296	2093701	29	35	28	22	27	32	33	44	16	17	15	34	21	31	23	20	11	19	9	26	8	13	42	18	25	24	10	7	5	6	0	2	4	12	30	1	97	#
297	2021836	34	7	6	0	28	33	27	12	29	13	21	22	8	2	15	23	17	16	42	10	1	11	20	26	9	3	35	25	31	24	19	18	30	32	4	14	97	#
298	1978097	19	18	20	21	15	24	25	27	13	12	22	9	32	10	6	7	23	31	14	26	28	16	30	0	17	4	8	29	11	3	42	5	1	34	35	2	97	#
299	1943255	32	31	25	26	20	14	27	33	13	21	19	34	7	6	12	0	22	1	18	15	28	8	29	16	23	35	17	10	9	3	11	2	24	37	30	4	97	#
300	1930983	20	28	26	14	8	21	34	25	33	9	27	15	3	22	23	32	10	19	17	4	16	13	24	38	7	12	6	31	0	5	29	30	35	2	11	1	97	#
301	514281	22	27	33	16	17	11	28	10	98	#
302	686554	27	32	33	21	28	29	31	26	98	#
303	587877	28	27	22	29	35	33	23	21	98	#
304	569865	22	27	28	23	17	21	15	11	98	#
305	558348	33	34	27	28	32	29	35	22	98	#
306	510210	10	4	17	11	3	9	23	16	98	#
307	49844	20	#
308	819914	1	7	15	0	21	12	13	6	14	27	32	26	99	#
309	821163	13	31	12	19	25	24	7	1	26	0	14	8	99	#
310	796906	26	20	14	27	32	28	33	21	8	2	34	22	99	#
311	752843	27	28	22	21	2	32	8	16	15	23	17	7	99	#
312	747378	7	0	1	12	8	19	35	6	13	25	14	18	99	#
313	743992	32	31	25	24	27	19	26	30	18	20	33	28	99	#
314	1203007	12	13	7	6	1	8	0	2	9	19	25	15	10	14	4	16	31	5	11	3	40	32	20	24	17	23	100	#
315	1605425	23	22	27	28	32	31	17	16	33	26	11	21	10	25	24	34	42	19	18	13	7	6	1	30	0	14	100	#
316	1597735	20	21	15	19	12	27	25	7	18	1	24	41	22	31	32	28	0	16	17	34	44	26	10	29	13	6	100	#
317	1570072	1	7	36	0	6	8	12	13	14	25	24	19	2	41	20	21	27	18	28	26	22	23	33	34	16	30	100	#
318	1524139	31	25	24	19	13	18	12	7	14	20	8	26	27	28	34	32	30	33	2	21	1	0	3	6	29	4	100	#
319	1504482	19	25	24	30	12	13	18	31	1	14	20	7	26	0	27	28	8	6	22	21	33	34	32	23	29	2	100	#
320	92164	44	#
321	60197	9	#
322	78951	6	7	#
323	45850	43	#
324	698031	17	23	16	11	22	15	9	8	3	27	26	101	#
325	764070	16	22	23	17	28	10	40	34	4	11	12	101	#
326	695904	27	33	26	34	32	22	31	20	19	25	21	101	#
327	678528	17	16	10	23	22	15	11	4	28	21	3	101	#
328	676610	9	15	16	17	22	23	28	10	34	21	27	101	#
329	666285	11	5	17	16	4	22	10	23	15	27	9	101	#
330	798143	18	19	20	12	6	25	24	7	13	0	21	26	8	15	31	28	27	30	22	14	16	10	34	102	#
331	1139581	21	20	14	19	8	2	25	26	18	7	27	24	13	12	0	6	3	31	28	29	33	9	34	102	#
332	1138659	0	6	12	7	1	19	8	2	18	25	24	3	30	26	13	4	31	9	32	27	20	36	21	102	#
333	1111428	6	7	0	1	8	12	2	19	14	9	13	3	25	26	4	24	20	35	30	29	18	27	33	102	#
334	1095969	19	25	20	12	18	24	13	7	8	21	1	0	27	2	28	6	29	26	33	9	32	14	31	102	#
335	1084072	24	25	26	19	20	13	12	30	7	0	6	14	18	8	27	1	32	2	35	33	29	28	34	102	#
336	254638	30	24	25	18	26	103	#
337	342507	30	5	4	10	11	103	#
338	310384	18	19	12	6	0	103	#
339	280457	24	18	30	25	19	103	#
340	232480	25	19	31	13	24	103	#
341	186538	26	25	19	13	12	103	#
342	84511	5	4	10	104	#
343	92540	10	4	16	104	#
344	781382	25	19	12	18	26	24	31	30	7	20	32	13	14	27	8	21	22	105	#
345	972640	32	31	25	19	12	13	20	7	21	26	27	24	6	1	39	0	44	105	#
346	913778	19	18	20	25	26	12	14	31	30	34	32	24	28	21	6	27	22	105	#
347	908681	27	32	26	22	25	21	31	16	10	20	23	28	33	34	17	19	12	105	#
348	908355	21	27	22	28	26	16	29	20	0	1	15	19	12	3	18	13	34	105	#
349	866500	22	27	23	28	33	16	34	17	32	10	26	31	20	19	29	25	41	105	#
350	789390	19	13	20	30	24	25	18	14	12	7	31	1	21	6	106	#
351	820343	20	19	12	25	30	7	21	14	1	0	13	18	24	15	106	#
352	801311	18	19	12	6	7	0	13	14	24	25	1	30	20	31	106	#
353	799492	12	19	6	13	7	14	18	1	0	20	25	24	2	21	106	#
354	747146	30	24	25	36	19	2	13	18	31	7	8	12	14	9	106	#
355	741706	19	12	7	0	13	1	18	8	6	9	30	14	3	24	106	#
356	44766	32	#
357	25196	43	#
358	114372	2	8	#
359	479444	9	3	4	10	8	2	14	107	#
360	522137	3	9	2	4	10	8	17	107	#
361	483337	4	5	3	11	9	8	15	107	#
362	473220	2	3	9	4	8	10	5	107	#
363	360088	9	8	14	37	7	12	2	107	#
364	346149	14	8	20	26	7	9	1	107	#
365	352390	2	3	8	4	108	#
366	346740	4	10	3	17	108	#
367	332846	3	2	4	10	108	#
368	247941	2	8	14	9	108	#
369	183766	8	9	10	4	108	#
370	6	43	#
371	473240	39	41	9	3	8	14	13	12	19	38	109	#
372	663048	38	32	27	28	26	20	21	34	31	22	109	#
373	644216	39	11	17	22	27	23	16	33	15	10	109	#
374	625341	19	12	25	9	31	3	32	20	21	2	109	#
375	617984	9	3	10	17	16	2	11	15	23	4	109	#
376	510793	13	19	25	7	12	1	24	0	22	16	109	#
377	222916	2	3	8	9	10	110	#
378	325922	2	3	8	4	7	110	#
379	320645	3	2	8	7	1	110	#
380	312189	10	4	3	17	23	110	#
381	233235	8	14	20	35	21	110	#
382	92646	9	10	16	22	28	110	#
383	106719	28	#
384	543172	12	13	6	14	0	20	26	25	19	7	111	#
385	629231	25	26	19	39	13	27	31	7	8	24	111	#
386	597709	20	26	14	13	12	19	21	25	27	22	111	#
387	597211	14	13	12	20	7	19	25	26	21	1	111	#
388	540243	19	25	13	12	28	7	31	6	1	27	111	#
389	539358	26	25	19	20	14	31	13	8	9	27	111	#
390	812234	21	30	27	20	26	25	24	14	28	18	19	15	112	#
391	1008260	27	18	22	32	21	28	29	16	24	25	31	30	112	#
392	970999	25	24	30	26	20	27	28	34	32	31	18	14	112	#
393	928094	19	18	24	25	31	30	20	14	8	21	12	32	112	#
394	918074	20	26	27	32	33	25	34	10	24	28	31	19	112	#
395	827398	28	34	29	27	15	9	16	21	10	20	35	32	112	#
396	2120411	1	7	0	13	6	8	12	9	3	14	2	20	4	36	19	5	32	18	10	25	26	21	27	15	11	24	16	31	22	30	17	23	35	33	28	34	29	113	#
397	2391791	6	0	12	7	13	19	1	20	18	21	25	15	27	33	28	32	26	29	34	31	35	16	24	14	22	9	41	44	17	10	4	23	40	30	3	11	5	113	#
398	2273902	28	34	22	29	33	27	21	16	15	20	9	14	13	32	35	26	17	10	3	31	8	2	11	7	12	19	25	5	0	24	4	6	23	30	1	18	41	113	#
399	2258876	4	10	9	17	11	5	16	15	22	27	28	32	8	33	3	21	34	26	31	23	2	7	29	19	12	35	20	13	0	1	40	14	25	42	6	24	30	113	#
400	2248343	3	9	10	4	8	2	5	16	15	21	27	22	20	28	32	11	29	17	31	26	35	7	12	25	24	14	19	33	13	18	6	34	23	30	0	1	42	113	#
401	2248180	5	4	11	19	20	12	22	28	26	16	17	13	34	29	14	27	33	15	39	32	25	31	10	6	3	8	9	7	0	2	1	21	18	35	24	23	30	113	#
402	254333	0	1	114	#
403	166851	0	7	114	#
404	158223	1	7	114	#
405	148	43	#
406	441127	33	34	28	29	27	21	115	#
407	460475	28	34	27	22	32	33	115	#
408	427590	34	28	22	29	33	27	115	#
409	371262	27	33	16	32	28	21	115	#
410	364917	33	27	26	34	22	28	115	#
411	280985	29	35	40	28	22	27	115	#
412	1610600	31	32	27	22	26	28	33	34	21	25	15	24	23	20	8	7	29	9	16	13	14	2	3	19	4	10	6	18	116	#
413	1902564	20	21	15	19	13	26	7	12	27	18	1	0	6	32	28	14	24	8	30	25	22	9	31	23	3	33	34	2	116	#
414	1888269	6	7	8	12	2	3	13	19	20	18	1	14	9	15	25	26	24	27	32	10	0	21	33	34	31	4	28	17	116	#
415	1857247	25	24	31	32	26	27	33	19	18	34	20	12	7	8	13	14	22	23	21	0	6	15	9	10	17	37	4	2	116	#
416	1850848	13	14	7	12	8	0	20	19	1	6	2	26	25	18	21	24	27	32	3	31	28	29	22	35	15	23	41	34	116	#
417	1827818	24	30	18	25	26	20	27	21	33	32	31	19	15	34	12	13	22	28	23	9	14	8	17	10	29	7	0	4	116	#
418	100032	5	16	11	#
419	454439	23	17	10	16	9	8	22	2	3	117	#
420	537139	16	15	21	17	10	23	11	27	9	117	#
421	524387	22	27	28	34	33	21	23	17	10	117	#
422	521851	10	9	3	16	17	4	8	14	23	117	#
423	515948	9	10	4	15	8	17	2	3	14	117	#
424	427248	17	16	35	29	15	21	27	20	26	117	#
425	81195	31	#
426	31040	43	#
427	89331	19	13	118	#
428	100616	19	25	118	#
429	90762	13	14	118	#
430	777678	34	28	27	33	21	32	15	20	31	22	26	29	16	25	119	#
431	1023251	34	28	33	22	16	27	10	29	32	17	11	4	23	21	119	#
432	997194	33	34	27	22	28	29	23	32	16	17	11	31	35	25	119	#
433	911121	16	10	22	15	17	21	11	28	27	23	34	4	29	26	119	#
434	898470	15	16	17	10	22	11	23	26	28	4	27	25	29	31	119	#
435	897728	27	32	26	20	25	22	28	19	12	24	29	35	34	21	119	#
436	945221	17	11	5	16	4	22	10	3	2	28	27	9	32	8	15	120	#
437	997978	17	10	23	16	11	39	22	9	4	15	3	2	8	21	14	120	#
438	971426	28	34	29	35	27	32	31	22	25	19	26	23	17	10	21	120	#
439	962139	10	4	5	17	11	9	3	15	16	22	2	27	8	23	32	120	#
440	956152	27	32	33	26	31	22	28	21	29	25	15	9	35	19	3	120	#
441	924627	3	9	15	4	2	10	16	22	17	27	11	5	41	8	33	120	#
442	114110	39	#
443	49313	41	#
444	202608	32	31	121	#
445	188271	31	25	121	#
446	147565	32	27	121	#
447	53092	5	#
448	91283	28	#
449	41946	38	#
