%% File generated by CATS v.2.1Tue Aug 20 18:58:11 2019

%% The CATS webpage is http://robotics.stanford.edu/CATS

%% PARAMETER SETTINGS:
% Goods: 50; Bids: 1000; Distribution: scheduling; Runs: 10; Seed: 1566345641
% Scheduling Distribution Parameters:
% max_length                = 10
% deviation                 = 0.500000
% prob_additional_deadline  = 0.700000
% additivity                = 0.200000



goods 50
bids 1010
dummy 27

0	5589	0	1	2	50	#
1	5589	1	2	3	50	#
2	5589	2	3	4	50	#
3	5589	3	4	5	50	#
4	5589	4	5	6	50	#
5	5589	5	6	7	50	#
6	5589	6	7	8	50	#
7	5589	7	8	9	50	#
8	5589	8	9	10	50	#
9	5589	9	10	11	50	#
10	5589	10	11	12	50	#
11	5589	11	12	13	50	#
12	5589	12	13	14	50	#
13	5589	13	14	15	50	#
14	4931	14	15	16	50	#
15	4931	15	16	17	50	#
16	1949	16	17	18	50	#
17	1949	17	18	19	50	#
18	1949	18	19	20	50	#
19	1949	19	20	21	50	#
20	1949	20	21	22	50	#
21	1949	21	22	23	50	#
22	1949	22	23	24	50	#
23	1949	23	24	25	50	#
24	1949	24	25	26	50	#
25	1949	25	26	27	50	#
26	1949	26	27	28	50	#
27	1949	27	28	29	50	#
28	1949	28	29	30	50	#
29	1949	29	30	31	50	#
30	1949	30	31	32	50	#
31	1949	31	32	33	50	#
32	1949	32	33	34	50	#
33	1949	33	34	35	50	#
34	1949	34	35	36	50	#
35	1949	35	36	37	50	#
36	1949	36	37	38	50	#
37	1949	37	38	39	50	#
38	1949	38	39	40	50	#
39	1949	39	40	41	50	#
40	1949	40	41	42	50	#
41	1949	41	42	43	50	#
42	1905	42	43	44	50	#
43	1784	43	44	45	50	#
44	1784	44	45	46	50	#
45	1784	45	46	47	50	#
46	1711	46	47	48	50	#
47	1711	47	48	49	50	#
48	9860	0	1	2	3	4	5	51	#
49	9860	1	2	3	4	5	6	51	#
50	9860	2	3	4	5	6	7	51	#
51	9860	3	4	5	6	7	8	51	#
52	9860	4	5	6	7	8	9	51	#
53	2465	5	6	7	8	9	10	51	#
54	2465	6	7	8	9	10	11	51	#
55	2465	7	8	9	10	11	12	51	#
56	2465	8	9	10	11	12	13	51	#
57	2465	9	10	11	12	13	14	51	#
58	2465	10	11	12	13	14	15	51	#
59	2465	11	12	13	14	15	16	51	#
60	2465	12	13	14	15	16	17	51	#
61	2465	13	14	15	16	17	18	51	#
62	2465	14	15	16	17	18	19	51	#
63	2465	15	16	17	18	19	20	51	#
64	2465	16	17	18	19	20	21	51	#
65	2465	17	18	19	20	21	22	51	#
66	2465	18	19	20	21	22	23	51	#
67	2465	19	20	21	22	23	24	51	#
68	2465	20	21	22	23	24	25	51	#
69	2465	21	22	23	24	25	26	51	#
70	2465	22	23	24	25	26	27	51	#
71	2465	23	24	25	26	27	28	51	#
72	2465	24	25	26	27	28	29	51	#
73	2465	25	26	27	28	29	30	51	#
74	2465	26	27	28	29	30	31	51	#
75	2465	27	28	29	30	31	32	51	#
76	2465	28	29	30	31	32	33	51	#
77	2465	29	30	31	32	33	34	51	#
78	2465	30	31	32	33	34	35	51	#
79	2465	31	32	33	34	35	36	51	#
80	2164	32	33	34	35	36	37	51	#
81	2164	33	34	35	36	37	38	51	#
82	2164	34	35	36	37	38	39	51	#
83	2164	35	36	37	38	39	40	51	#
84	2164	36	37	38	39	40	41	51	#
85	14081	0	1	2	3	4	5	6	7	52	#
86	14081	1	2	3	4	5	6	7	8	52	#
87	14081	2	3	4	5	6	7	8	9	52	#
88	14081	3	4	5	6	7	8	9	10	52	#
89	14081	4	5	6	7	8	9	10	11	52	#
90	14081	5	6	7	8	9	10	11	12	52	#
91	14081	6	7	8	9	10	11	12	13	52	#
92	14081	7	8	9	10	11	12	13	14	52	#
93	14081	8	9	10	11	12	13	14	15	52	#
94	14081	9	10	11	12	13	14	15	16	52	#
95	14081	10	11	12	13	14	15	16	17	52	#
96	14081	11	12	13	14	15	16	17	18	52	#
97	14081	12	13	14	15	16	17	18	19	52	#
98	14081	13	14	15	16	17	18	19	20	52	#
99	14081	14	15	16	17	18	19	20	21	52	#
100	14081	15	16	17	18	19	20	21	22	52	#
101	14081	16	17	18	19	20	21	22	23	52	#
102	14081	17	18	19	20	21	22	23	24	52	#
103	14081	18	19	20	21	22	23	24	25	52	#
104	14081	19	20	21	22	23	24	25	26	52	#
105	14081	20	21	22	23	24	25	26	27	52	#
106	14081	21	22	23	24	25	26	27	28	52	#
107	14081	22	23	24	25	26	27	28	29	52	#
108	14081	23	24	25	26	27	28	29	30	52	#
109	14081	24	25	26	27	28	29	30	31	52	#
110	14081	25	26	27	28	29	30	31	32	52	#
111	14081	26	27	28	29	30	31	32	33	52	#
112	14081	27	28	29	30	31	32	33	34	52	#
113	14081	28	29	30	31	32	33	34	35	52	#
114	14081	29	30	31	32	33	34	35	36	52	#
115	14081	30	31	32	33	34	35	36	37	52	#
116	14081	31	32	33	34	35	36	37	38	52	#
117	14081	32	33	34	35	36	37	38	39	52	#
118	14081	33	34	35	36	37	38	39	40	52	#
119	14081	34	35	36	37	38	39	40	41	52	#
120	14081	35	36	37	38	39	40	41	42	52	#
121	14081	36	37	38	39	40	41	42	43	52	#
122	14081	37	38	39	40	41	42	43	44	52	#
123	14081	38	39	40	41	42	43	44	45	52	#
124	14081	39	40	41	42	43	44	45	46	52	#
125	14081	40	41	42	43	44	45	46	47	52	#
126	13788	41	42	43	44	45	46	47	48	52	#
127	13507	42	43	44	45	46	47	48	49	52	#
128	8464	0	1	2	3	4	5	6	53	#
129	8464	1	2	3	4	5	6	7	53	#
130	8464	2	3	4	5	6	7	8	53	#
131	8464	3	4	5	6	7	8	9	53	#
132	8464	4	5	6	7	8	9	10	53	#
133	8464	5	6	7	8	9	10	11	53	#
134	8464	6	7	8	9	10	11	12	53	#
135	8464	7	8	9	10	11	12	13	53	#
136	8464	8	9	10	11	12	13	14	53	#
137	8464	9	10	11	12	13	14	15	53	#
138	8464	10	11	12	13	14	15	16	53	#
139	8464	11	12	13	14	15	16	17	53	#
140	8464	12	13	14	15	16	17	18	53	#
141	8464	13	14	15	16	17	18	19	53	#
142	8464	14	15	16	17	18	19	20	53	#
143	8464	15	16	17	18	19	20	21	53	#
144	8464	16	17	18	19	20	21	22	53	#
145	8464	17	18	19	20	21	22	23	53	#
146	8464	18	19	20	21	22	23	24	53	#
147	8464	19	20	21	22	23	24	25	53	#
148	8464	20	21	22	23	24	25	26	53	#
149	8464	21	22	23	24	25	26	27	53	#
150	8464	22	23	24	25	26	27	28	53	#
151	8464	23	24	25	26	27	28	29	53	#
152	8464	24	25	26	27	28	29	30	53	#
153	8464	25	26	27	28	29	30	31	53	#
154	8464	26	27	28	29	30	31	32	53	#
155	8464	27	28	29	30	31	32	33	53	#
156	8464	28	29	30	31	32	33	34	53	#
157	8464	29	30	31	32	33	34	35	53	#
158	8464	30	31	32	33	34	35	36	53	#
159	8464	31	32	33	34	35	36	37	53	#
160	8464	32	33	34	35	36	37	38	53	#
161	8464	33	34	35	36	37	38	39	53	#
162	4976	0	1	2	3	4	54	#
163	4976	1	2	3	4	5	54	#
164	4976	2	3	4	5	6	54	#
165	4976	3	4	5	6	7	54	#
166	4976	4	5	6	7	8	54	#
167	4976	5	6	7	8	9	54	#
168	4976	6	7	8	9	10	54	#
169	4976	7	8	9	10	11	54	#
170	4976	8	9	10	11	12	54	#
171	4976	9	10	11	12	13	54	#
172	4976	10	11	12	13	14	54	#
173	4976	11	12	13	14	15	54	#
174	4976	12	13	14	15	16	54	#
175	4976	13	14	15	16	17	54	#
176	4976	14	15	16	17	18	54	#
177	3199	15	16	17	18	19	54	#
178	3199	16	17	18	19	20	54	#
179	3199	17	18	19	20	21	54	#
180	3199	18	19	20	21	22	54	#
181	3199	19	20	21	22	23	54	#
182	3199	20	21	22	23	24	54	#
183	3199	21	22	23	24	25	54	#
184	3199	22	23	24	25	26	54	#
185	3199	23	24	25	26	27	54	#
186	3199	24	25	26	27	28	54	#
187	2357	25	26	27	28	29	54	#
188	2357	26	27	28	29	30	54	#
189	2357	27	28	29	30	31	54	#
190	2357	28	29	30	31	32	54	#
191	2357	29	30	31	32	33	54	#
192	2357	30	31	32	33	34	54	#
193	2357	31	32	33	34	35	54	#
194	2357	32	33	34	35	36	54	#
195	2357	33	34	35	36	37	54	#
196	2357	34	35	36	37	38	54	#
197	1990	35	36	37	38	39	54	#
198	1990	36	37	38	39	40	54	#
199	1990	37	38	39	40	41	54	#
200	1990	38	39	40	41	42	54	#
201	1990	39	40	41	42	43	54	#
202	1990	40	41	42	43	44	54	#
203	1990	41	42	43	44	45	54	#
204	3918	0	1	2	3	55	#
205	3918	1	2	3	4	55	#
206	3918	2	3	4	5	55	#
207	3918	3	4	5	6	55	#
208	3918	4	5	6	7	55	#
209	3918	5	6	7	8	55	#
210	3918	6	7	8	9	55	#
211	3918	7	8	9	10	55	#
212	3918	8	9	10	11	55	#
213	3918	9	10	11	12	55	#
214	3918	10	11	12	13	55	#
215	3918	11	12	13	14	55	#
216	3918	12	13	14	15	55	#
217	3918	13	14	15	16	55	#
218	3918	14	15	16	17	55	#
219	3918	15	16	17	18	55	#
220	3918	16	17	18	19	55	#
221	3918	17	18	19	20	55	#
222	3918	18	19	20	21	55	#
223	3918	19	20	21	22	55	#
224	3918	20	21	22	23	55	#
225	3918	21	22	23	24	55	#
226	3918	22	23	24	25	55	#
227	3918	23	24	25	26	55	#
228	3918	24	25	26	27	55	#
229	3918	25	26	27	28	55	#
230	3918	26	27	28	29	55	#
231	3918	27	28	29	30	55	#
232	3918	28	29	30	31	55	#
233	3918	29	30	31	32	55	#
234	3918	30	31	32	33	55	#
235	3918	31	32	33	34	55	#
236	3918	32	33	34	35	55	#
237	3918	33	34	35	36	55	#
238	3918	34	35	36	37	55	#
239	3918	35	36	37	38	55	#
240	3918	36	37	38	39	55	#
241	3918	37	38	39	40	55	#
242	3918	38	39	40	41	55	#
243	3918	39	40	41	42	55	#
244	3918	40	41	42	43	55	#
245	3918	41	42	43	44	55	#
246	3918	42	43	44	45	55	#
247	3833	43	44	45	46	55	#
248	3673	44	45	46	47	55	#
249	3673	45	46	47	48	55	#
250	1212	0	56	#
251	1212	1	56	#
252	1212	2	56	#
253	1212	3	56	#
254	1212	4	56	#
255	1212	5	56	#
256	1212	6	56	#
257	1212	7	56	#
258	1212	8	56	#
259	1212	9	56	#
260	1212	10	56	#
261	1212	11	56	#
262	1212	12	56	#
263	1212	13	56	#
264	1212	14	56	#
265	1212	15	56	#
266	1212	16	56	#
267	1212	17	56	#
268	1212	18	56	#
269	1212	19	56	#
270	1212	20	56	#
271	1212	21	56	#
272	1212	22	56	#
273	1212	23	56	#
274	1212	24	56	#
275	1212	25	56	#
276	1212	26	56	#
277	1212	27	56	#
278	1212	28	56	#
279	1212	29	56	#
280	1212	30	56	#
281	1212	31	56	#
282	1212	32	56	#
283	1212	33	56	#
284	1212	34	56	#
285	1145	35	56	#
286	1145	36	56	#
287	1114	37	56	#
288	11433	0	1	2	3	4	5	57	#
289	11433	1	2	3	4	5	6	57	#
290	11433	2	3	4	5	6	7	57	#
291	11433	3	4	5	6	7	8	57	#
292	11433	4	5	6	7	8	9	57	#
293	11433	5	6	7	8	9	10	57	#
294	11433	6	7	8	9	10	11	57	#
295	11433	7	8	9	10	11	12	57	#
296	11433	8	9	10	11	12	13	57	#
297	11433	9	10	11	12	13	14	57	#
298	11433	10	11	12	13	14	15	57	#
299	11433	11	12	13	14	15	16	57	#
300	11433	12	13	14	15	16	17	57	#
301	11433	13	14	15	16	17	18	57	#
302	11433	14	15	16	17	18	19	57	#
303	11433	15	16	17	18	19	20	57	#
304	11433	16	17	18	19	20	21	57	#
305	11433	17	18	19	20	21	22	57	#
306	11433	18	19	20	21	22	23	57	#
307	11433	19	20	21	22	23	24	57	#
308	5717	20	21	22	23	24	25	57	#
309	5717	21	22	23	24	25	26	57	#
310	5717	22	23	24	25	26	27	57	#
311	5717	23	24	25	26	27	28	57	#
312	5717	24	25	26	27	28	29	57	#
313	5717	25	26	27	28	29	30	57	#
314	5717	26	27	28	29	30	31	57	#
315	5717	27	28	29	30	31	32	57	#
316	5717	28	29	30	31	32	33	57	#
317	5717	29	30	31	32	33	34	57	#
318	5717	30	31	32	33	34	35	57	#
319	5717	31	32	33	34	35	36	57	#
320	5717	32	33	34	35	36	37	57	#
321	5717	33	34	35	36	37	38	57	#
322	5717	34	35	36	37	38	39	57	#
323	5717	35	36	37	38	39	40	57	#
324	5717	36	37	38	39	40	41	57	#
325	5717	37	38	39	40	41	42	57	#
326	5717	38	39	40	41	42	43	57	#
327	5717	39	40	41	42	43	44	57	#
328	5717	40	41	42	43	44	45	57	#
329	5717	41	42	43	44	45	46	57	#
330	5717	42	43	44	45	46	47	57	#
331	5717	43	44	45	46	47	48	57	#
332	4811	0	1	2	58	#
333	4811	1	2	3	58	#
334	4811	2	3	4	58	#
335	4811	3	4	5	58	#
336	4811	4	5	6	58	#
337	4811	5	6	7	58	#
338	4811	6	7	8	58	#
339	4811	7	8	9	58	#
340	1397	8	9	10	58	#
341	1397	9	10	11	58	#
342	1397	10	11	12	58	#
343	1397	11	12	13	58	#
344	1397	12	13	14	58	#
345	1397	13	14	15	58	#
346	1397	14	15	16	58	#
347	1397	15	16	17	58	#
348	1397	16	17	18	58	#
349	1397	17	18	19	58	#
350	1397	18	19	20	58	#
351	1397	19	20	21	58	#
352	1397	20	21	22	58	#
353	1397	21	22	23	58	#
354	1397	22	23	24	58	#
355	1397	23	24	25	58	#
356	1397	24	25	26	58	#
357	1397	25	26	27	58	#
358	1397	26	27	28	58	#
359	1397	27	28	29	58	#
360	1397	28	29	30	58	#
361	1397	29	30	31	58	#
362	3477	0	1	2	3	59	#
363	3477	1	2	3	4	59	#
364	3477	2	3	4	5	59	#
365	3477	3	4	5	6	59	#
366	3477	4	5	6	7	59	#
367	3477	5	6	7	8	59	#
368	3477	6	7	8	9	59	#
369	3477	7	8	9	10	59	#
370	3477	8	9	10	11	59	#
371	3477	9	10	11	12	59	#
372	3477	10	11	12	13	59	#
373	3477	11	12	13	14	59	#
374	3477	12	13	14	15	59	#
375	3477	13	14	15	16	59	#
376	3477	14	15	16	17	59	#
377	4261	0	1	2	3	4	60	#
378	4261	1	2	3	4	5	60	#
379	4261	2	3	4	5	6	60	#
380	2324	3	4	5	6	7	60	#
381	2324	4	5	6	7	8	60	#
382	2324	5	6	7	8	9	60	#
383	2324	6	7	8	9	10	60	#
384	2324	7	8	9	10	11	60	#
385	913	8	9	10	11	12	60	#
386	913	9	10	11	12	13	60	#
387	913	10	11	12	13	14	60	#
388	913	11	12	13	14	15	60	#
389	913	12	13	14	15	16	60	#
390	913	13	14	15	16	17	60	#
391	913	14	15	16	17	18	60	#
392	913	15	16	17	18	19	60	#
393	913	16	17	18	19	20	60	#
394	913	17	18	19	20	21	60	#
395	913	18	19	20	21	22	60	#
396	913	19	20	21	22	23	60	#
397	913	20	21	22	23	24	60	#
398	913	21	22	23	24	25	60	#
399	913	22	23	24	25	26	60	#
400	913	23	24	25	26	27	60	#
401	913	24	25	26	27	28	60	#
402	522	25	26	27	28	29	60	#
403	522	26	27	28	29	30	60	#
404	522	27	28	29	30	31	60	#
405	522	28	29	30	31	32	60	#
406	522	29	30	31	32	33	60	#
407	522	30	31	32	33	34	60	#
408	522	31	32	33	34	35	60	#
409	522	32	33	34	35	36	60	#
410	522	33	34	35	36	37	60	#
411	522	34	35	36	37	38	60	#
412	522	35	36	37	38	39	60	#
413	522	36	37	38	39	40	60	#
414	522	37	38	39	40	41	60	#
415	522	38	39	40	41	42	60	#
416	522	39	40	41	42	43	60	#
417	522	40	41	42	43	44	60	#
418	522	41	42	43	44	45	60	#
419	522	42	43	44	45	46	60	#
420	522	43	44	45	46	47	60	#
421	522	44	45	46	47	48	60	#
422	522	45	46	47	48	49	60	#
423	8454	0	1	2	3	4	61	#
424	8454	1	2	3	4	5	61	#
425	8454	2	3	4	5	6	61	#
426	8454	3	4	5	6	7	61	#
427	8454	4	5	6	7	8	61	#
428	2601	5	6	7	8	9	61	#
429	2601	6	7	8	9	10	61	#
430	2601	7	8	9	10	11	61	#
431	2601	8	9	10	11	12	61	#
432	2601	9	10	11	12	13	61	#
433	2601	10	11	12	13	14	61	#
434	2601	11	12	13	14	15	61	#
435	2601	12	13	14	15	16	61	#
436	2601	13	14	15	16	17	61	#
437	2601	14	15	16	17	18	61	#
438	2601	15	16	17	18	19	61	#
439	2601	16	17	18	19	20	61	#
440	2601	17	18	19	20	21	61	#
441	2601	18	19	20	21	22	61	#
442	2601	19	20	21	22	23	61	#
443	2601	20	21	22	23	24	61	#
444	2601	21	22	23	24	25	61	#
445	2601	22	23	24	25	26	61	#
446	1470	23	24	25	26	27	61	#
447	1470	24	25	26	27	28	61	#
448	1470	25	26	27	28	29	61	#
449	1470	26	27	28	29	30	61	#
450	1470	27	28	29	30	31	61	#
451	1470	28	29	30	31	32	61	#
452	1470	29	30	31	32	33	61	#
453	1470	30	31	32	33	34	61	#
454	1470	31	32	33	34	35	61	#
455	1470	32	33	34	35	36	61	#
456	1470	33	34	35	36	37	61	#
457	1470	34	35	36	37	38	61	#
458	1470	35	36	37	38	39	61	#
459	1470	36	37	38	39	40	61	#
460	1470	37	38	39	40	41	61	#
461	1470	38	39	40	41	42	61	#
462	1470	39	40	41	42	43	61	#
463	1470	40	41	42	43	44	61	#
464	1470	41	42	43	44	45	61	#
465	1470	42	43	44	45	46	61	#
466	9618	0	1	2	3	4	62	#
467	9618	1	2	3	4	5	62	#
468	9618	2	3	4	5	6	62	#
469	9618	3	4	5	6	7	62	#
470	9618	4	5	6	7	8	62	#
471	9618	5	6	7	8	9	62	#
472	9618	6	7	8	9	10	62	#
473	9618	7	8	9	10	11	62	#
474	9618	8	9	10	11	12	62	#
475	9618	9	10	11	12	13	62	#
476	9618	10	11	12	13	14	62	#
477	9618	11	12	13	14	15	62	#
478	9618	12	13	14	15	16	62	#
479	9618	13	14	15	16	17	62	#
480	9618	14	15	16	17	18	62	#
481	9618	15	16	17	18	19	62	#
482	9618	16	17	18	19	20	62	#
483	9618	17	18	19	20	21	62	#
484	9618	18	19	20	21	22	62	#
485	9618	19	20	21	22	23	62	#
486	9618	20	21	22	23	24	62	#
487	9618	21	22	23	24	25	62	#
488	9618	22	23	24	25	26	62	#
489	9618	23	24	25	26	27	62	#
490	9618	24	25	26	27	28	62	#
491	6548	0	1	2	3	4	5	6	7	63	#
492	6548	1	2	3	4	5	6	7	8	63	#
493	6548	2	3	4	5	6	7	8	9	63	#
494	6548	3	4	5	6	7	8	9	10	63	#
495	6548	4	5	6	7	8	9	10	11	63	#
496	6548	5	6	7	8	9	10	11	12	63	#
497	6548	6	7	8	9	10	11	12	13	63	#
498	6548	7	8	9	10	11	12	13	14	63	#
499	6548	8	9	10	11	12	13	14	15	63	#
500	3888	0	1	2	3	64	#
501	3888	1	2	3	4	64	#
502	3888	2	3	4	5	64	#
503	3888	3	4	5	6	64	#
504	3888	4	5	6	7	64	#
505	3888	5	6	7	8	64	#
506	3888	6	7	8	9	64	#
507	3888	7	8	9	10	64	#
508	3888	8	9	10	11	64	#
509	3888	9	10	11	12	64	#
510	3888	10	11	12	13	64	#
511	3888	11	12	13	14	64	#
512	3888	12	13	14	15	64	#
513	3888	13	14	15	16	64	#
514	3888	14	15	16	17	64	#
515	3888	15	16	17	18	64	#
516	3888	16	17	18	19	64	#
517	3888	17	18	19	20	64	#
518	3888	18	19	20	21	64	#
519	3888	19	20	21	22	64	#
520	3888	20	21	22	23	64	#
521	3888	21	22	23	24	64	#
522	3888	22	23	24	25	64	#
523	3888	23	24	25	26	64	#
524	3888	24	25	26	27	64	#
525	3888	25	26	27	28	64	#
526	3888	26	27	28	29	64	#
527	3888	27	28	29	30	64	#
528	3888	28	29	30	31	64	#
529	3888	29	30	31	32	64	#
530	3888	30	31	32	33	64	#
531	3888	31	32	33	34	64	#
532	3888	32	33	34	35	64	#
533	3888	33	34	35	36	64	#
534	3888	34	35	36	37	64	#
535	3888	35	36	37	38	64	#
536	3888	36	37	38	39	64	#
537	3888	37	38	39	40	64	#
538	3888	38	39	40	41	64	#
539	3888	39	40	41	42	64	#
540	3888	40	41	42	43	64	#
541	3888	41	42	43	44	64	#
542	3888	42	43	44	45	64	#
543	3888	43	44	45	46	64	#
544	3888	44	45	46	47	64	#
545	3888	45	46	47	48	64	#
546	3888	46	47	48	49	64	#
547	7444	0	1	2	3	65	#
548	7444	1	2	3	4	65	#
549	7444	2	3	4	5	65	#
550	7444	3	4	5	6	65	#
551	7444	4	5	6	7	65	#
552	7444	5	6	7	8	65	#
553	7444	6	7	8	9	65	#
554	7444	7	8	9	10	65	#
555	7444	8	9	10	11	65	#
556	7444	9	10	11	12	65	#
557	7444	10	11	12	13	65	#
558	7444	11	12	13	14	65	#
559	7444	12	13	14	15	65	#
560	7444	13	14	15	16	65	#
561	7444	14	15	16	17	65	#
562	7444	15	16	17	18	65	#
563	7444	16	17	18	19	65	#
564	7444	17	18	19	20	65	#
565	7444	18	19	20	21	65	#
566	4737	19	20	21	22	65	#
567	4737	20	21	22	23	65	#
568	4737	21	22	23	24	65	#
569	4737	22	23	24	25	65	#
570	4737	23	24	25	26	65	#
571	4737	24	25	26	27	65	#
572	4737	25	26	27	28	65	#
573	4737	26	27	28	29	65	#
574	4737	27	28	29	30	65	#
575	4737	28	29	30	31	65	#
576	4737	29	30	31	32	65	#
577	4737	30	31	32	33	65	#
578	3190	31	32	33	34	65	#
579	3190	32	33	34	35	65	#
580	3190	33	34	35	36	65	#
581	3190	34	35	36	37	65	#
582	3190	35	36	37	38	65	#
583	3190	36	37	38	39	65	#
584	3190	37	38	39	40	65	#
585	3190	38	39	40	41	65	#
586	3190	39	40	41	42	65	#
587	3190	40	41	42	43	65	#
588	3190	41	42	43	44	65	#
589	3190	42	43	44	45	65	#
590	3190	43	44	45	46	65	#
591	3190	44	45	46	47	65	#
592	3190	45	46	47	48	65	#
593	3190	46	47	48	49	65	#
594	1286	0	66	#
595	1286	1	66	#
596	1286	2	66	#
597	1286	3	66	#
598	1286	4	66	#
599	1286	5	66	#
600	1286	6	66	#
601	1286	7	66	#
602	1286	8	66	#
603	1286	9	66	#
604	1286	10	66	#
605	1286	11	66	#
606	1286	12	66	#
607	1286	13	66	#
608	1286	14	66	#
609	1286	15	66	#
610	1286	16	66	#
611	1286	17	66	#
612	1286	18	66	#
613	1286	19	66	#
614	1286	20	66	#
615	1286	21	66	#
616	1286	22	66	#
617	1286	23	66	#
618	1286	24	66	#
619	1286	25	66	#
620	1286	26	66	#
621	1286	27	66	#
622	1286	28	66	#
623	1286	29	66	#
624	1286	30	66	#
625	788	31	66	#
626	788	32	66	#
627	788	33	66	#
628	788	34	66	#
629	788	35	66	#
630	788	36	66	#
631	788	37	66	#
632	788	38	66	#
633	788	39	66	#
634	788	40	66	#
635	788	41	66	#
636	788	42	66	#
637	788	43	66	#
638	788	44	66	#
639	788	45	66	#
640	788	46	66	#
641	788	47	66	#
642	788	48	66	#
643	788	49	66	#
644	10134	0	1	2	3	4	5	6	67	#
645	10134	1	2	3	4	5	6	7	67	#
646	10134	2	3	4	5	6	7	8	67	#
647	10134	3	4	5	6	7	8	9	67	#
648	10134	4	5	6	7	8	9	10	67	#
649	10134	5	6	7	8	9	10	11	67	#
650	10134	6	7	8	9	10	11	12	67	#
651	10134	7	8	9	10	11	12	13	67	#
652	10134	8	9	10	11	12	13	14	67	#
653	10134	9	10	11	12	13	14	15	67	#
654	10134	10	11	12	13	14	15	16	67	#
655	10134	11	12	13	14	15	16	17	67	#
656	10134	12	13	14	15	16	17	18	67	#
657	10134	13	14	15	16	17	18	19	67	#
658	10134	14	15	16	17	18	19	20	67	#
659	10134	15	16	17	18	19	20	21	67	#
660	10134	16	17	18	19	20	21	22	67	#
661	10134	17	18	19	20	21	22	23	67	#
662	10134	18	19	20	21	22	23	24	67	#
663	10134	19	20	21	22	23	24	25	67	#
664	10134	20	21	22	23	24	25	26	67	#
665	10134	21	22	23	24	25	26	27	67	#
666	10134	22	23	24	25	26	27	28	67	#
667	10134	23	24	25	26	27	28	29	67	#
668	10134	24	25	26	27	28	29	30	67	#
669	10134	25	26	27	28	29	30	31	67	#
670	10134	26	27	28	29	30	31	32	67	#
671	10134	27	28	29	30	31	32	33	67	#
672	10134	28	29	30	31	32	33	34	67	#
673	10134	29	30	31	32	33	34	35	67	#
674	10134	30	31	32	33	34	35	36	67	#
675	10134	31	32	33	34	35	36	37	67	#
676	10134	32	33	34	35	36	37	38	67	#
677	10134	33	34	35	36	37	38	39	67	#
678	10134	34	35	36	37	38	39	40	67	#
679	10134	35	36	37	38	39	40	41	67	#
680	10134	36	37	38	39	40	41	42	67	#
681	10134	37	38	39	40	41	42	43	67	#
682	10134	38	39	40	41	42	43	44	67	#
683	10134	39	40	41	42	43	44	45	67	#
684	10134	40	41	42	43	44	45	46	67	#
685	9919	41	42	43	44	45	46	47	67	#
686	9712	42	43	44	45	46	47	48	67	#
687	9514	43	44	45	46	47	48	49	67	#
688	5007	0	1	2	3	4	68	#
689	5007	1	2	3	4	5	68	#
690	5007	2	3	4	5	6	68	#
691	5007	3	4	5	6	7	68	#
692	5007	4	5	6	7	8	68	#
693	5007	5	6	7	8	9	68	#
694	5007	6	7	8	9	10	68	#
695	5007	7	8	9	10	11	68	#
696	5007	8	9	10	11	12	68	#
697	5007	9	10	11	12	13	68	#
698	5007	10	11	12	13	14	68	#
699	5007	11	12	13	14	15	68	#
700	5007	12	13	14	15	16	68	#
701	5007	13	14	15	16	17	68	#
702	5007	14	15	16	17	18	68	#
703	3338	15	16	17	18	19	68	#
704	3338	16	17	18	19	20	68	#
705	3338	17	18	19	20	21	68	#
706	3338	18	19	20	21	22	68	#
707	3338	19	20	21	22	23	68	#
708	3338	20	21	22	23	24	68	#
709	3338	21	22	23	24	25	68	#
710	3338	22	23	24	25	26	68	#
711	3338	23	24	25	26	27	68	#
712	2003	24	25	26	27	28	68	#
713	2003	25	26	27	28	29	68	#
714	2003	26	27	28	29	30	68	#
715	2003	27	28	29	30	31	68	#
716	2003	28	29	30	31	32	68	#
717	2003	29	30	31	32	33	68	#
718	2003	30	31	32	33	34	68	#
719	2003	31	32	33	34	35	68	#
720	2003	32	33	34	35	36	68	#
721	2003	33	34	35	36	37	68	#
722	2003	34	35	36	37	38	68	#
723	2003	35	36	37	38	39	68	#
724	2003	36	37	38	39	40	68	#
725	2003	37	38	39	40	41	68	#
726	2003	38	39	40	41	42	68	#
727	2003	39	40	41	42	43	68	#
728	2003	40	41	42	43	44	68	#
729	2003	41	42	43	44	45	68	#
730	1959	42	43	44	45	46	68	#
731	1878	43	44	45	46	47	68	#
732	1878	44	45	46	47	48	68	#
733	1839	45	46	47	48	49	68	#
734	2177	0	1	69	#
735	2177	1	2	69	#
736	2177	2	3	69	#
737	2177	3	4	69	#
738	2177	4	5	69	#
739	2177	5	6	69	#
740	2177	6	7	69	#
741	2177	7	8	69	#
742	2177	8	9	69	#
743	2177	9	10	69	#
744	2177	10	11	69	#
745	2177	11	12	69	#
746	2177	12	13	69	#
747	2177	13	14	69	#
748	2177	14	15	69	#
749	2177	15	16	69	#
750	2177	16	17	69	#
751	2177	17	18	69	#
752	1451	18	19	69	#
753	1451	19	20	69	#
754	1451	20	21	69	#
755	1451	21	22	69	#
756	1451	22	23	69	#
757	1451	23	24	69	#
758	1451	24	25	69	#
759	1451	25	26	69	#
760	1451	26	27	69	#
761	1187	27	28	69	#
762	1187	28	29	69	#
763	1187	29	30	69	#
764	1187	30	31	69	#
765	1187	31	32	69	#
766	1187	32	33	69	#
767	1119	33	34	69	#
768	1119	34	35	69	#
769	1031	35	36	69	#
770	1031	36	37	69	#
771	1031	37	38	69	#
772	890	38	39	69	#
773	890	39	40	69	#
774	890	40	41	69	#
775	890	41	42	69	#
776	890	42	43	69	#
777	890	43	44	69	#
778	2715	0	1	70	#
779	2715	1	2	70	#
780	2715	2	3	70	#
781	2715	3	4	70	#
782	2715	4	5	70	#
783	2715	5	6	70	#
784	2715	6	7	70	#
785	2715	7	8	70	#
786	2715	8	9	70	#
787	2715	9	10	70	#
788	2715	10	11	70	#
789	2715	11	12	70	#
790	2715	12	13	70	#
791	2715	13	14	70	#
792	2715	14	15	70	#
793	2715	15	16	70	#
794	2715	16	17	70	#
795	2715	17	18	70	#
796	2715	18	19	70	#
797	2715	19	20	70	#
798	2715	20	21	70	#
799	2715	21	22	70	#
800	2715	22	23	70	#
801	2715	23	24	70	#
802	2715	24	25	70	#
803	2715	25	26	70	#
804	2715	26	27	70	#
805	2715	27	28	70	#
806	2715	28	29	70	#
807	2715	29	30	70	#
808	2715	30	31	70	#
809	2715	31	32	70	#
810	2715	32	33	70	#
811	3812	0	1	2	71	#
812	3812	1	2	3	71	#
813	3812	2	3	4	71	#
814	3812	3	4	5	71	#
815	3812	4	5	6	71	#
816	3812	5	6	7	71	#
817	3812	6	7	8	71	#
818	1386	7	8	9	71	#
819	1386	8	9	10	71	#
820	1386	9	10	11	71	#
821	1386	10	11	12	71	#
822	1386	11	12	13	71	#
823	1386	12	13	14	71	#
824	1386	13	14	15	71	#
825	1386	14	15	16	71	#
826	1386	15	16	17	71	#
827	1386	16	17	18	71	#
828	1386	17	18	19	71	#
829	1386	18	19	20	71	#
830	1386	19	20	21	71	#
831	1386	20	21	22	71	#
832	663	21	22	23	71	#
833	663	22	23	24	71	#
834	663	23	24	25	71	#
835	663	24	25	26	71	#
836	663	25	26	27	71	#
837	663	26	27	28	71	#
838	663	27	28	29	71	#
839	663	28	29	30	71	#
840	663	29	30	31	71	#
841	663	30	31	32	71	#
842	663	31	32	33	71	#
843	663	32	33	34	71	#
844	663	33	34	35	71	#
845	663	34	35	36	71	#
846	663	35	36	37	71	#
847	663	36	37	38	71	#
848	663	37	38	39	71	#
849	663	38	39	40	71	#
850	663	39	40	41	71	#
851	663	40	41	42	71	#
852	663	41	42	43	71	#
853	663	42	43	44	71	#
854	663	43	44	45	71	#
855	663	44	45	46	71	#
856	622	45	46	47	71	#
857	622	46	47	48	71	#
858	622	47	48	49	71	#
859	20160	0	1	2	3	4	5	6	7	8	72	#
860	20160	1	2	3	4	5	6	7	8	9	72	#
861	20160	2	3	4	5	6	7	8	9	10	72	#
862	20160	3	4	5	6	7	8	9	10	11	72	#
863	20160	4	5	6	7	8	9	10	11	12	72	#
864	20160	5	6	7	8	9	10	11	12	13	72	#
865	20160	6	7	8	9	10	11	12	13	14	72	#
866	20160	7	8	9	10	11	12	13	14	15	72	#
867	20160	8	9	10	11	12	13	14	15	16	72	#
868	20160	9	10	11	12	13	14	15	16	17	72	#
869	20160	10	11	12	13	14	15	16	17	18	72	#
870	20160	11	12	13	14	15	16	17	18	19	72	#
871	20160	12	13	14	15	16	17	18	19	20	72	#
872	20160	13	14	15	16	17	18	19	20	21	72	#
873	20160	14	15	16	17	18	19	20	21	22	72	#
874	20160	15	16	17	18	19	20	21	22	23	72	#
875	20160	16	17	18	19	20	21	22	23	24	72	#
876	20160	17	18	19	20	21	22	23	24	25	72	#
877	20160	18	19	20	21	22	23	24	25	26	72	#
878	20160	19	20	21	22	23	24	25	26	27	72	#
879	20160	20	21	22	23	24	25	26	27	28	72	#
880	20160	21	22	23	24	25	26	27	28	29	72	#
881	20160	22	23	24	25	26	27	28	29	30	72	#
882	20160	23	24	25	26	27	28	29	30	31	72	#
883	20160	24	25	26	27	28	29	30	31	32	72	#
884	20160	25	26	27	28	29	30	31	32	33	72	#
885	20160	26	27	28	29	30	31	32	33	34	72	#
886	14584	27	28	29	30	31	32	33	34	35	72	#
887	14584	28	29	30	31	32	33	34	35	36	72	#
888	14584	29	30	31	32	33	34	35	36	37	72	#
889	14584	30	31	32	33	34	35	36	37	38	72	#
890	14584	31	32	33	34	35	36	37	38	39	72	#
891	14584	32	33	34	35	36	37	38	39	40	72	#
892	14584	33	34	35	36	37	38	39	40	41	72	#
893	14584	34	35	36	37	38	39	40	41	42	72	#
894	14584	35	36	37	38	39	40	41	42	43	72	#
895	14584	36	37	38	39	40	41	42	43	44	72	#
896	14584	37	38	39	40	41	42	43	44	45	72	#
897	14584	38	39	40	41	42	43	44	45	46	72	#
898	14584	39	40	41	42	43	44	45	46	47	72	#
899	14280	40	41	42	43	44	45	46	47	48	72	#
900	13988	41	42	43	44	45	46	47	48	49	72	#
901	12618	0	1	2	3	4	5	6	73	#
902	12618	1	2	3	4	5	6	7	73	#
903	12618	2	3	4	5	6	7	8	73	#
904	12618	3	4	5	6	7	8	9	73	#
905	12618	4	5	6	7	8	9	10	73	#
906	12618	5	6	7	8	9	10	11	73	#
907	12618	6	7	8	9	10	11	12	73	#
908	12618	7	8	9	10	11	12	13	73	#
909	12618	8	9	10	11	12	13	14	73	#
910	12618	9	10	11	12	13	14	15	73	#
911	12618	10	11	12	13	14	15	16	73	#
912	12618	11	12	13	14	15	16	17	73	#
913	12618	12	13	14	15	16	17	18	73	#
914	12618	13	14	15	16	17	18	19	73	#
915	12618	14	15	16	17	18	19	20	73	#
916	12618	15	16	17	18	19	20	21	73	#
917	12618	16	17	18	19	20	21	22	73	#
918	12618	17	18	19	20	21	22	23	73	#
919	12618	18	19	20	21	22	23	24	73	#
920	12618	19	20	21	22	23	24	25	73	#
921	12618	20	21	22	23	24	25	26	73	#
922	12618	21	22	23	24	25	26	27	73	#
923	12618	22	23	24	25	26	27	28	73	#
924	12618	23	24	25	26	27	28	29	73	#
925	12618	24	25	26	27	28	29	30	73	#
926	12618	25	26	27	28	29	30	31	73	#
927	12618	26	27	28	29	30	31	32	73	#
928	12618	27	28	29	30	31	32	33	73	#
929	12618	28	29	30	31	32	33	34	73	#
930	12618	29	30	31	32	33	34	35	73	#
931	12618	30	31	32	33	34	35	36	73	#
932	12618	31	32	33	34	35	36	37	73	#
933	12618	32	33	34	35	36	37	38	73	#
934	12618	33	34	35	36	37	38	39	73	#
935	12618	34	35	36	37	38	39	40	73	#
936	12618	35	36	37	38	39	40	41	73	#
937	12618	36	37	38	39	40	41	42	73	#
938	12618	37	38	39	40	41	42	43	73	#
939	12618	38	39	40	41	42	43	44	73	#
940	12618	39	40	41	42	43	44	45	73	#
941	12618	40	41	42	43	44	45	46	73	#
942	12618	41	42	43	44	45	46	47	73	#
943	12618	42	43	44	45	46	47	48	73	#
944	12360	43	44	45	46	47	48	49	73	#
945	2465	0	1	2	74	#
946	2465	1	2	3	74	#
947	2465	2	3	4	74	#
948	2465	3	4	5	74	#
949	2465	4	5	6	74	#
950	2465	5	6	7	74	#
951	12482	0	1	2	3	4	5	6	75	#
952	12482	1	2	3	4	5	6	7	75	#
953	12482	2	3	4	5	6	7	8	75	#
954	12482	3	4	5	6	7	8	9	75	#
955	12482	4	5	6	7	8	9	10	75	#
956	12482	5	6	7	8	9	10	11	75	#
957	12482	6	7	8	9	10	11	12	75	#
958	12482	7	8	9	10	11	12	13	75	#
959	12482	8	9	10	11	12	13	14	75	#
960	12482	9	10	11	12	13	14	15	75	#
961	12482	10	11	12	13	14	15	16	75	#
962	12482	11	12	13	14	15	16	17	75	#
963	5569	0	1	2	3	76	#
964	5569	1	2	3	4	76	#
965	5569	2	3	4	5	76	#
966	5569	3	4	5	6	76	#
967	5569	4	5	6	7	76	#
968	5569	5	6	7	8	76	#
969	5569	6	7	8	9	76	#
970	5569	7	8	9	10	76	#
971	5569	8	9	10	11	76	#
972	5569	9	10	11	12	76	#
973	5569	10	11	12	13	76	#
974	5569	11	12	13	14	76	#
975	3248	12	13	14	15	76	#
976	3248	13	14	15	16	76	#
977	3248	14	15	16	17	76	#
978	3248	15	16	17	18	76	#
979	3248	16	17	18	19	76	#
980	3248	17	18	19	20	76	#
981	3248	18	19	20	21	76	#
982	3248	19	20	21	22	76	#
983	3248	20	21	22	23	76	#
984	3248	21	22	23	24	76	#
985	1772	22	23	24	25	76	#
986	1772	23	24	25	26	76	#
987	1772	24	25	26	27	76	#
988	1772	25	26	27	28	76	#
989	1772	26	27	28	29	76	#
990	1772	27	28	29	30	76	#
991	1772	28	29	30	31	76	#
992	1772	29	30	31	32	76	#
993	1772	30	31	32	33	76	#
994	1772	31	32	33	34	76	#
995	1772	32	33	34	35	76	#
996	1772	33	34	35	36	76	#
997	1772	34	35	36	37	76	#
998	1772	35	36	37	38	76	#
999	1772	36	37	38	39	76	#
1000	1772	37	38	39	40	76	#
1001	1772	38	39	40	41	76	#
1002	1772	39	40	41	42	76	#
1003	1772	40	41	42	43	76	#
1004	1772	41	42	43	44	76	#
1005	1624	42	43	44	45	76	#
1006	1624	43	44	45	46	76	#
1007	1624	44	45	46	47	76	#
1008	1624	45	46	47	48	76	#
1009	1591	46	47	48	49	76	#
