%% File generated by CATS v.2.1Tue Aug 20 18:57:02 2019

%% The CATS webpage is http://robotics.stanford.edu/CATS

%% PARAMETER SETTINGS:
% Goods: 75; Bids: 1500; Distribution: paths; Runs: 10; Seed: 1566345328
% Paths Distribution Parameters:
% Initial connections:       = 2
% Edge density:              = 3.000000
% Shipping cost factor:      = 1.500000
% Max bid set size:          = 5
% Building penalty:          = 1.700000



goods 75
bids 1500
dummy 543

0	1165	34	44	75	#
1	1165	10	20	44	75	#
2	1165	9	21	44	75	#
3	1165	0	34	47	75	#
4	1165	19	43	52	75	#
5	470	60	76	#
6	470	15	51	76	#
7	470	14	18	51	76	#
8	470	23	53	76	#
9	427	51	77	#
10	427	15	60	77	#
11	36	25	#
12	362	60	#
13	1020	7	68	69	78	#
14	1020	7	16	38	61	78	#
15	1020	7	16	26	27	61	78	#
16	627	25	50	79	#
17	627	25	31	45	79	#
18	627	22	25	26	31	39	79	#
19	627	5	31	42	79	#
20	627	4	5	25	26	31	39	79	#
21	862	54	73	80	#
22	862	1	42	73	80	#
23	862	25	43	73	80	#
24	862	1	4	25	26	39	73	80	#
25	862	0	25	45	73	80	#
26	889	13	46	81	#
27	889	13	32	51	81	#
28	528	1	4	39	82	#
29	528	0	22	39	82	#
30	528	0	4	5	39	82	#
31	528	6	39	58	82	#
32	528	1	6	12	39	82	#
33	325	60	#
34	166	8	#
35	760	2	28	33	55	83	#
36	760	2	40	52	83	#
37	760	2	27	33	52	83	#
38	760	2	23	24	28	33	83	#
39	760	2	25	40	55	83	#
40	773	19	34	52	84	#
41	773	19	25	34	55	84	#
42	773	19	24	34	71	84	#
43	773	19	23	24	25	34	84	#
44	773	2	3	34	52	84	#
45	729	26	39	52	85	#
46	729	25	26	39	55	85	#
47	729	24	26	39	71	85	#
48	729	23	24	25	26	39	85	#
49	399	58	86	#
50	399	1	12	86	#
51	399	1	4	6	86	#
52	399	0	6	22	86	#
53	399	0	5	12	86	#
54	627	25	50	87	#
55	627	25	31	45	87	#
56	627	22	25	26	31	39	87	#
57	627	5	31	42	87	#
58	627	4	5	25	26	31	39	87	#
59	1246	7	61	70	88	#
60	1246	7	25	26	35	53	61	88	#
61	1246	18	36	41	88	#
62	1246	4	7	56	68	88	#
63	1246	29	32	35	60	66	88	#
64	313	13	#
65	466	48	89	#
66	466	22	38	39	89	#
67	466	4	5	38	39	89	#
68	466	27	45	89	#
69	466	22	26	27	39	89	#
70	802	31	59	90	#
71	802	5	31	72	90	#
72	458	66	#
73	902	25	26	61	91	#
74	902	28	38	61	91	#
75	902	42	68	91	#
76	902	4	25	26	39	68	91	#
77	902	25	27	38	61	91	#
78	860	23	32	66	#
79	420	25	73	92	#
80	420	14	25	53	92	#
81	420	15	18	25	53	92	#
82	666	2	16	28	55	93	#
83	666	2	16	27	52	93	#
84	666	2	16	23	24	28	93	#
85	666	2	16	25	27	55	93	#
86	666	2	16	24	27	71	93	#
87	922	49	94	#
88	922	19	24	34	51	94	#
89	922	2	3	24	34	51	94	#
90	922	10	19	20	24	51	94	#
91	922	9	18	63	94	#
92	890	19	21	26	52	95	#
93	890	19	21	25	26	55	95	#
94	890	9	19	26	34	52	95	#
95	890	19	21	24	26	71	95	#
96	890	19	21	23	24	25	26	95	#
97	1000	47	96	#
98	1000	22	65	96	#
99	1000	4	5	65	96	#
100	1000	9	62	96	#
101	1000	5	6	12	65	96	#
102	581	26	52	97	#
103	581	25	26	55	97	#
104	581	24	26	71	97	#
105	581	23	24	25	26	97	#
106	531	70	98	#
107	531	25	26	35	53	98	#
108	531	28	35	38	53	98	#
109	1033	2	43	52	99	#
110	1033	1	2	4	26	39	52	99	#
111	1033	2	54	55	99	#
112	1033	1	2	42	55	99	#
113	1033	2	25	43	55	99	#
114	683	25	45	53	100	#
115	683	22	25	26	39	53	100	#
116	683	5	42	53	100	#
117	683	4	5	25	26	39	53	100	#
118	22	18	#
119	634	31	48	101	#
120	634	27	50	101	#
121	634	22	31	38	39	101	#
122	634	4	5	31	38	39	101	#
123	634	25	28	50	101	#
124	615	24	60	#
125	828	19	20	28	55	102	#
126	828	19	20	27	52	102	#
127	828	19	20	23	24	28	102	#
128	828	19	20	25	27	55	102	#
129	828	19	20	24	27	71	102	#
130	917	37	59	103	#
131	917	57	72	103	#
132	917	5	37	72	103	#
133	917	30	31	59	103	#
134	917	5	30	31	72	103	#
135	40	6	#
136	1172	7	25	26	53	61	104	#
137	1172	29	32	60	66	104	#
138	1172	7	8	32	60	66	104	#
139	1172	14	41	104	#
140	1172	15	18	41	104	#
141	560	64	105	#
142	560	17	69	105	#
143	560	4	39	74	105	#
144	560	4	33	38	39	105	#
145	560	4	16	17	38	39	105	#
146	1042	7	68	69	106	#
147	1042	7	16	38	61	106	#
148	1042	7	16	26	27	61	106	#
149	1042	11	16	67	106	#
150	385	25	73	107	#
151	385	25	53	14	107	#
152	385	25	53	15	18	107	#
153	277	26	39	6	#
154	1310	37	47	10	108	#
155	1310	30	31	47	10	108	#
156	1310	57	4	65	10	108	#
157	1310	37	22	65	10	108	#
158	1310	37	5	4	65	10	108	#
159	390	1	4	109	#
160	390	0	22	109	#
161	390	0	5	4	109	#
162	390	58	6	109	#
163	390	1	12	6	109	#
164	1179	61	70	110	#
165	1179	61	26	25	53	35	110	#
166	1179	68	4	56	110	#
167	1179	68	4	39	70	110	#
168	1179	8	66	32	60	35	110	#
169	89	16	#
170	600	54	111	#
171	600	42	1	111	#
172	600	25	43	111	#
173	600	25	26	39	4	1	111	#
174	600	25	45	0	111	#
175	592	48	31	112	#
176	592	27	50	112	#
177	352	73	28	#
178	683	61	#
179	668	66	29	113	#
180	668	66	8	7	113	#
181	658	73	25	26	39	6	114	#
182	658	14	53	25	26	39	6	114	#
183	658	18	15	53	25	26	39	6	114	#
184	658	73	28	38	39	6	114	#
185	658	73	25	27	38	39	6	114	#
186	962	6	65	10	#
187	556	2	52	115	#
188	556	2	55	25	115	#
189	556	2	24	71	115	#
190	556	2	24	23	25	115	#
191	1310	10	47	37	116	#
192	1310	10	47	31	30	116	#
193	1310	10	65	4	57	116	#
194	1310	10	65	22	37	116	#
195	1310	10	65	4	5	37	116	#
196	322	25	26	39	6	#
197	398	18	73	117	#
198	398	15	53	117	#
199	398	18	14	53	117	#
200	104	5	#
201	303	39	4	118	#
202	303	39	6	12	118	#
203	800	68	5	#
204	778	20	19	52	119	#
205	778	20	19	55	25	119	#
206	778	20	19	24	71	119	#
207	778	20	19	24	23	25	119	#
208	778	20	3	2	52	119	#
209	1134	41	120	#
210	1134	18	46	66	29	120	#
211	1134	18	46	66	8	7	120	#
212	1134	73	25	26	61	7	120	#
213	1134	18	51	32	66	29	120	#
214	1134	33	67	121	#
215	1134	74	61	7	11	121	#
216	1134	17	16	67	121	#
217	1134	33	38	61	7	11	121	#
218	1134	64	68	7	11	121	#
219	126	28	122	#
220	126	25	27	122	#
221	302	6	39	26	25	#
222	1109	16	67	123	#
223	1109	69	68	7	11	123	#
224	1109	16	38	61	7	11	123	#
225	1109	16	27	26	61	7	11	123	#
226	1109	16	38	39	4	68	7	11	123	#
227	209	38	16	#
228	475	25	45	124	#
229	475	25	26	39	22	124	#
230	475	42	5	124	#
231	475	25	26	39	4	5	124	#
232	475	28	48	124	#
233	862	54	73	125	#
234	862	1	42	73	125	#
235	862	43	25	73	125	#
236	862	1	4	39	26	25	73	125	#
237	862	0	45	25	73	125	#
238	693	1	64	126	#
239	693	1	69	17	126	#
240	822	5	68	127	#
241	822	22	4	68	127	#
242	711	32	66	#
243	604	39	22	31	128	#
244	604	39	4	5	31	128	#
245	604	39	6	12	5	31	128	#
246	604	26	50	128	#
247	604	5	64	129	#
248	604	5	69	17	129	#
249	604	48	33	129	#
250	604	22	39	74	129	#
251	604	5	4	39	74	129	#
252	636	59	130	#
253	636	5	72	130	#
254	191	16	27	#
255	990	7	61	26	131	#
256	990	7	68	4	39	26	131	#
257	990	7	61	38	27	131	#
258	990	7	68	12	6	39	26	131	#
259	990	7	61	38	28	25	131	#
260	754	26	52	19	132	#
261	754	26	25	55	19	132	#
262	754	26	71	24	19	132	#
263	754	26	25	23	24	19	132	#
264	754	26	52	2	3	132	#
265	999	44	#
266	828	7	68	#
267	21	18	#
268	902	25	26	61	133	#
269	902	28	38	61	133	#
270	902	42	68	133	#
271	902	25	26	39	4	68	133	#
272	902	25	27	38	61	133	#
273	651	56	6	134	#
274	651	70	39	6	134	#
275	651	35	53	25	26	39	6	134	#
276	822	53	54	135	#
277	822	53	42	1	135	#
278	822	53	25	43	135	#
279	822	53	25	26	39	4	1	135	#
280	822	53	25	45	0	135	#
281	127	15	136	#
282	127	18	14	136	#
283	1201	47	37	137	#
284	1201	47	31	30	137	#
285	873	19	52	26	39	138	#
286	873	34	65	138	#
287	873	19	55	25	26	39	138	#
288	873	19	24	71	26	39	138	#
289	873	19	24	23	25	26	39	138	#
290	976	12	68	7	139	#
291	976	6	4	68	7	139	#
292	976	6	22	5	68	7	139	#
293	976	6	39	61	7	139	#
294	976	12	68	8	29	139	#
295	752	35	60	24	140	#
296	752	36	51	24	140	#
297	752	35	15	51	24	140	#
298	752	35	14	18	51	24	140	#
299	752	35	53	55	140	#
300	483	31	22	6	141	#
301	483	31	5	12	141	#
302	483	31	5	4	6	141	#
303	525	28	55	142	#
304	525	27	52	142	#
305	525	28	23	24	142	#
306	1022	11	7	61	26	25	143	#
307	1022	67	28	143	#
308	1022	67	27	25	143	#
309	1022	11	7	61	38	28	143	#
310	1022	11	7	68	42	143	#
311	771	52	26	39	4	144	#
312	771	55	42	144	#
313	771	55	25	26	39	4	144	#
314	771	24	71	26	39	4	144	#
315	771	24	23	42	144	#
316	815	52	19	21	145	#
317	815	25	55	19	21	145	#
318	815	52	19	34	9	145	#
319	815	71	24	19	21	145	#
320	815	25	23	24	19	21	145	#
321	635	18	51	24	#
322	1270	31	62	146	#
323	1270	31	47	9	146	#
324	1270	31	22	65	9	146	#
325	1270	31	5	4	65	9	146	#
326	1270	31	5	12	6	65	9	146	#
327	207	3	#
328	170	39	#
329	120	15	147	#
330	120	18	14	147	#
331	1100	61	26	25	53	148	#
332	1100	8	66	32	60	148	#
333	1100	61	38	28	53	148	#
334	1100	68	42	53	148	#
335	1100	68	4	39	26	25	53	148	#
336	1000	47	149	#
337	1000	65	22	149	#
338	1000	65	4	5	149	#
339	1000	9	62	149	#
340	1000	65	6	12	5	149	#
341	743	19	52	26	150	#
342	743	19	55	25	26	150	#
343	743	19	24	71	26	150	#
344	743	19	24	23	25	26	150	#
345	502	57	4	151	#
346	502	37	22	151	#
347	502	37	5	4	151	#
348	502	30	31	22	151	#
349	502	30	31	5	4	151	#
350	361	21	3	#
351	752	35	60	24	152	#
352	752	36	51	24	152	#
353	752	35	15	51	24	152	#
354	752	35	14	18	51	24	152	#
355	752	35	53	55	152	#
356	862	73	54	153	#
357	862	73	42	1	153	#
358	862	73	25	43	153	#
359	862	73	25	26	39	4	1	153	#
360	862	73	25	45	0	153	#
361	150	17	#
362	654	50	154	#
363	654	45	31	154	#
364	654	26	39	22	31	154	#
365	654	26	39	4	5	31	154	#
366	654	26	39	6	12	5	31	154	#
367	1025	67	155	#
368	1025	11	7	61	38	155	#
369	1025	11	7	61	26	27	155	#
370	1025	11	7	68	4	39	38	155	#
371	1025	11	7	61	26	25	28	155	#
372	276	23	156	#
373	276	71	25	156	#
374	741	45	25	73	18	157	#
375	741	22	39	26	25	73	18	157	#
376	741	5	42	73	18	157	#
377	741	5	4	39	26	25	73	18	157	#
378	741	45	25	53	15	157	#
379	47	2	#
380	552	70	158	#
381	552	35	53	25	26	158	#
382	552	35	53	28	38	158	#
383	552	36	18	73	25	26	158	#
384	552	35	53	25	27	38	158	#
385	873	19	24	51	159	#
386	873	3	2	24	51	159	#
387	873	19	24	60	15	159	#
388	873	19	24	60	14	18	159	#
389	873	34	49	159	#
390	136	15	160	#
391	136	18	14	160	#
392	984	66	46	18	161	#
393	984	66	32	51	18	161	#
394	686	50	30	162	#
395	686	45	37	162	#
396	686	26	39	4	57	162	#
397	686	26	39	22	37	162	#
398	494	26	25	73	18	163	#
399	494	26	25	53	15	163	#
400	494	26	25	53	14	18	163	#
401	494	38	28	73	18	163	#
402	107	28	#
403	155	8	#
404	429	31	22	164	#
405	429	31	5	4	164	#
406	828	28	55	19	20	165	#
407	828	27	52	19	20	165	#
408	828	28	23	24	19	20	165	#
409	828	27	25	55	19	20	165	#
410	828	27	71	24	19	20	165	#
411	393	26	25	73	18	#
412	563	53	25	26	39	6	#
413	314	71	26	#
414	917	18	63	166	#
415	917	49	9	166	#
416	917	51	24	19	21	166	#
417	917	51	24	19	34	9	166	#
418	917	51	24	2	3	21	166	#
419	364	73	25	167	#
420	364	14	53	25	167	#
421	790	2	52	26	39	168	#
422	790	2	55	25	26	39	168	#
423	790	2	24	71	26	39	168	#
424	790	2	24	23	25	26	39	168	#
425	730	19	52	26	169	#
426	730	19	55	25	26	169	#
427	730	19	24	71	26	169	#
428	1310	10	47	37	170	#
429	1310	10	47	31	30	170	#
430	1310	10	65	4	57	170	#
431	1310	10	65	22	37	170	#
432	1310	10	65	4	5	37	170	#
433	779	11	7	68	4	#
434	852	20	19	52	26	171	#
435	852	20	19	55	25	26	171	#
436	852	20	19	24	71	26	171	#
437	852	20	19	24	23	25	26	171	#
438	852	20	3	2	52	26	171	#
439	1059	44	#
440	396	51	#
441	1285	34	47	37	172	#
442	1285	19	52	50	30	172	#
443	1285	19	55	25	50	30	172	#
444	1285	34	47	31	30	172	#
445	1285	19	24	71	50	30	172	#
446	886	50	25	73	173	#
447	886	31	45	25	73	173	#
448	886	50	25	53	14	173	#
449	886	31	22	39	26	25	73	173	#
450	886	31	5	42	73	173	#
451	121	28	174	#
452	121	27	25	174	#
453	1033	43	52	2	175	#
454	1033	1	4	39	26	52	2	175	#
455	1033	54	55	2	175	#
456	1033	1	42	55	2	175	#
457	1033	43	25	55	2	175	#
458	1070	67	16	176	#
459	1070	11	7	68	69	176	#
460	1070	11	7	61	38	16	176	#
461	1070	11	7	61	26	27	16	176	#
462	737	73	25	45	177	#
463	737	73	25	26	39	22	177	#
464	737	73	42	5	177	#
465	737	73	25	26	39	4	5	177	#
466	737	73	28	48	177	#
467	368	28	23	178	#
468	368	27	71	178	#
469	368	27	25	23	178	#
470	368	28	25	71	178	#
471	931	6	65	9	#
472	528	1	4	39	179	#
473	528	0	22	39	179	#
474	528	0	5	4	39	179	#
475	528	58	6	39	179	#
476	528	1	12	6	39	179	#
477	687	68	#
478	942	8	66	32	180	#
479	942	7	29	66	32	180	#
480	1014	26	61	7	11	181	#
481	1014	27	67	181	#
482	1014	26	39	4	68	7	11	181	#
483	1014	25	28	67	181	#
484	1014	27	38	61	7	11	181	#
485	311	39	26	#
486	175	21	182	#
487	175	9	34	182	#
488	889	61	7	183	#
489	889	39	4	68	7	183	#
490	621	39	22	31	184	#
491	621	39	4	5	31	184	#
492	621	39	6	12	5	31	184	#
493	621	26	50	184	#
494	102	28	#
495	746	56	22	185	#
496	746	70	39	22	185	#
497	746	56	4	5	185	#
498	746	70	39	4	5	185	#
499	746	35	53	25	45	185	#
500	997	10	65	6	186	#
501	997	20	19	52	26	39	6	186	#
502	997	20	34	65	6	186	#
503	997	20	19	55	25	26	39	6	186	#
504	997	20	19	24	71	26	39	6	186	#
505	617	2	24	51	#
506	405	22	39	187	#
507	405	5	4	39	187	#
508	405	5	12	6	39	187	#
509	575	71	26	39	4	188	#
510	575	23	42	188	#
511	575	23	25	26	39	4	188	#
512	961	38	61	8	189	#
513	961	28	23	32	66	189	#
514	961	27	71	32	66	189	#
515	961	27	25	23	32	66	189	#
516	961	27	26	61	8	189	#
517	579	72	#
518	207	29	190	#
519	207	7	8	190	#
520	916	50	25	53	35	191	#
521	916	31	22	56	191	#
522	916	31	22	39	70	191	#
523	916	31	5	4	56	191	#
524	916	31	5	4	39	70	191	#
525	822	54	53	192	#
526	822	1	42	53	192	#
527	822	43	25	53	192	#
528	822	1	4	39	26	25	53	192	#
529	822	0	45	25	53	192	#
530	1009	33	28	55	19	20	193	#
531	1009	40	52	19	20	193	#
532	1009	33	27	52	19	20	193	#
533	1009	33	28	23	24	19	20	193	#
534	1009	40	25	55	19	20	193	#
535	730	51	24	19	#
536	645	73	42	194	#
537	645	73	25	26	39	4	194	#
538	399	58	195	#
539	399	1	12	195	#
540	399	1	4	6	195	#
541	399	0	22	6	195	#
542	399	0	5	12	195	#
543	1285	37	62	196	#
544	1285	30	31	62	196	#
545	1285	37	47	9	196	#
546	1285	30	31	47	9	196	#
547	1285	57	4	65	9	196	#
548	1042	60	32	66	197	#
549	1042	15	46	66	197	#
550	1042	14	18	46	66	197	#
551	1042	15	51	32	66	197	#
552	1042	14	18	51	32	66	197	#
553	679	4	56	198	#
554	679	4	39	70	198	#
555	679	42	53	35	198	#
556	679	4	39	26	25	53	35	198	#
557	679	12	6	56	198	#
558	773	34	19	52	199	#
559	773	34	19	55	25	199	#
560	773	34	19	24	71	199	#
561	773	34	19	24	23	25	199	#
562	773	34	3	2	52	199	#
563	281	23	200	#
564	281	25	71	200	#
565	952	4	39	26	52	19	201	#
566	952	4	65	34	201	#
567	952	42	55	19	201	#
568	952	4	39	26	25	55	19	201	#
569	952	4	39	26	71	24	19	201	#
570	399	58	202	#
571	399	12	1	202	#
572	399	6	4	1	202	#
573	399	6	22	0	202	#
574	399	12	5	0	202	#
575	575	42	53	203	#
576	575	4	39	26	25	53	203	#
577	474	52	204	#
578	474	55	25	204	#
579	474	24	71	204	#
580	474	24	23	25	204	#
581	1246	7	61	70	205	#
582	1246	7	61	26	25	53	35	205	#
583	1246	41	18	36	205	#
584	1246	7	68	4	56	205	#
585	1246	29	66	32	60	35	205	#
586	377	22	39	206	#
587	377	5	4	39	206	#
588	279	29	207	#
589	279	8	7	207	#
590	338	73	18	208	#
591	338	53	15	208	#
592	23	18	#
593	600	51	24	#
594	1270	31	62	209	#
595	1270	31	47	9	209	#
596	1270	31	22	65	9	209	#
597	1270	31	5	4	65	9	209	#
598	1270	31	5	12	6	65	9	209	#
599	856	66	32	24	#
600	917	37	59	210	#
601	917	57	72	210	#
602	917	37	5	72	210	#
603	917	30	31	59	210	#
604	917	30	31	5	72	210	#
605	815	52	19	21	211	#
606	815	25	55	19	21	211	#
607	815	52	19	34	9	211	#
608	815	71	24	19	21	211	#
609	815	25	23	24	19	21	211	#
610	640	8	66	#
611	54	25	#
612	511	16	28	73	18	212	#
613	511	16	27	25	73	18	212	#
614	511	16	28	53	15	212	#
615	1185	29	66	32	24	2	213	#
616	1185	7	8	66	32	24	2	213	#
617	1237	10	47	31	214	#
618	1237	10	65	22	31	214	#
619	1237	10	65	4	5	31	214	#
620	1237	10	9	62	31	214	#
621	1237	20	19	52	50	214	#
622	327	73	215	#
623	327	14	53	215	#
624	679	56	216	#
625	679	70	39	216	#
626	679	35	53	25	26	39	216	#
627	679	35	53	28	38	39	216	#
628	679	36	18	73	25	26	39	216	#
629	771	52	26	39	4	217	#
630	771	55	42	217	#
631	771	55	25	26	39	4	217	#
632	771	24	71	26	39	4	217	#
633	771	24	23	42	217	#
634	240	4	39	#
635	342	25	53	#
636	833	19	24	60	218	#
637	833	3	2	24	60	218	#
638	833	19	24	51	15	218	#
639	833	19	24	51	18	14	218	#
640	833	19	55	53	218	#
641	453	22	31	219	#
642	453	4	5	31	219	#
643	453	6	12	5	31	219	#
644	841	34	19	24	60	#
645	113	10	#
646	962	18	73	25	50	30	#
647	1310	10	47	37	220	#
648	1310	10	47	31	30	220	#
649	1310	10	65	4	57	220	#
650	1310	10	65	22	37	220	#
651	1310	10	65	4	5	37	220	#
652	475	25	45	221	#
653	475	25	26	39	22	221	#
654	475	42	5	221	#
655	475	25	26	39	4	5	221	#
656	475	28	48	221	#
657	658	73	25	26	39	6	222	#
658	658	14	53	25	26	39	6	222	#
659	658	18	15	53	25	26	39	6	222	#
660	658	73	28	38	39	6	222	#
661	658	73	25	27	38	39	6	222	#
662	1100	53	25	26	61	223	#
663	1100	60	32	66	8	223	#
664	1100	53	28	38	61	223	#
665	1100	53	42	68	223	#
666	1100	53	25	26	39	4	68	223	#
667	766	68	12	224	#
668	766	68	4	6	224	#
669	1012	74	61	225	#
670	1012	33	38	61	225	#
671	1012	64	68	225	#
672	1012	17	69	68	225	#
673	1012	17	16	38	61	225	#
674	626	52	2	226	#
675	626	25	55	2	226	#
676	626	71	24	2	226	#
677	626	25	23	24	2	226	#
678	626	27	28	55	2	226	#
679	386	21	3	227	#
680	386	9	34	3	227	#
681	386	21	19	2	227	#
682	351	4	39	38	#
683	1310	37	47	10	228	#
684	1310	30	31	47	10	228	#
685	1310	57	4	65	10	228	#
686	1310	37	22	65	10	228	#
687	1310	37	5	4	65	10	228	#
688	880	21	19	55	28	229	#
689	880	21	19	52	27	229	#
690	880	21	19	24	23	28	229	#
691	880	9	34	19	55	28	229	#
692	880	21	19	55	25	27	229	#
693	931	20	19	24	51	230	#
694	931	20	3	2	24	51	230	#
695	931	10	49	230	#
696	931	10	34	19	24	51	230	#
697	931	20	19	24	60	15	230	#
698	776	31	5	64	231	#
699	776	31	5	69	17	231	#
700	776	31	48	33	231	#
701	776	50	40	231	#
702	776	50	27	33	231	#
703	545	8	66	#
704	115	10	#
705	579	52	2	232	#
706	579	25	55	2	232	#
707	579	71	24	2	232	#
708	579	25	23	24	2	232	#
709	409	34	19	233	#
710	409	34	3	2	233	#
711	409	10	20	19	233	#
712	374	42	234	#
713	374	4	39	26	25	234	#
714	387	60	#
715	992	25	26	61	7	11	235	#
716	992	28	67	235	#
717	179	39	#
718	313	32	#
719	587	52	236	#
720	587	55	25	236	#
721	587	24	71	236	#
722	587	24	23	25	236	#
723	587	55	28	27	236	#
724	588	0	37	237	#
725	588	0	31	30	237	#
726	658	24	60	238	#
727	658	24	51	15	238	#
728	658	24	51	18	14	238	#
729	658	55	53	238	#
730	658	24	23	53	238	#
731	892	50	25	73	18	239	#
732	892	50	25	53	15	239	#
733	892	31	45	25	73	18	239	#
734	892	50	25	53	14	18	239	#
735	892	31	22	39	26	25	73	18	239	#
736	1191	44	10	240	#
737	1191	44	34	20	240	#
738	1191	0	47	10	240	#
739	1191	1	4	65	10	240	#
740	1191	0	22	65	10	240	#
741	335	34	19	241	#
742	335	34	3	2	241	#
743	1060	32	66	8	242	#
744	1060	32	66	29	7	242	#
745	1060	71	26	61	242	#
746	1060	23	25	26	61	242	#
747	746	22	56	243	#
748	746	22	39	70	243	#
749	746	5	4	56	243	#
750	746	5	4	39	70	243	#
751	746	45	25	53	35	243	#
752	917	63	18	244	#
753	917	9	49	244	#
754	917	21	19	24	51	244	#
755	917	9	34	19	24	51	244	#
756	917	21	3	2	24	51	244	#
757	997	6	65	10	245	#
758	997	6	39	26	52	19	20	245	#
759	997	6	65	34	20	245	#
760	997	6	39	26	25	55	19	20	245	#
761	997	6	39	26	71	24	19	20	245	#
762	710	30	50	25	246	#
763	710	57	42	246	#
764	710	37	45	25	246	#
765	710	57	4	39	26	25	246	#
766	710	37	22	39	26	25	246	#
767	1117	68	57	247	#
768	1117	68	5	37	247	#
769	1117	68	5	31	30	247	#
770	1117	68	4	22	37	247	#
771	1117	68	4	22	31	30	247	#
772	104	9	#
773	815	21	19	52	248	#
774	815	21	19	55	25	248	#
775	815	9	34	19	52	248	#
776	815	21	19	24	71	248	#
777	815	21	19	24	23	25	248	#
778	140	34	#
779	931	20	19	24	51	249	#
780	931	20	3	2	24	51	249	#
781	931	10	49	249	#
782	931	10	34	19	24	51	249	#
783	931	20	19	24	60	15	249	#
784	771	34	19	55	250	#
785	771	34	19	24	23	250	#
786	771	34	3	2	55	250	#
787	771	34	19	52	25	250	#
788	771	34	3	2	24	23	250	#
789	363	34	3	251	#
790	363	34	19	2	251	#
791	467	71	26	39	252	#
792	467	23	25	26	39	252	#
793	880	21	19	55	28	253	#
794	880	21	19	52	27	253	#
795	880	21	19	24	23	28	253	#
796	880	9	34	19	55	28	253	#
797	880	21	19	55	25	27	253	#
798	273	2	24	#
799	886	73	25	50	254	#
800	886	73	25	45	31	254	#
801	886	14	53	25	50	254	#
802	886	73	25	26	39	22	31	254	#
803	886	73	42	5	31	254	#
804	449	16	28	23	255	#
805	449	16	27	71	255	#
806	449	16	27	25	23	255	#
807	449	16	28	25	71	255	#
808	560	64	256	#
809	560	17	69	256	#
810	560	74	39	4	256	#
811	560	33	38	39	4	256	#
812	560	17	16	38	39	4	256	#
813	209	31	#
814	843	26	52	19	34	257	#
815	843	26	25	55	19	34	257	#
816	843	26	71	24	19	34	257	#
817	843	26	25	23	24	19	34	257	#
818	566	24	60	#
819	773	6	39	26	52	2	258	#
820	773	6	39	26	25	55	2	258	#
821	773	6	39	26	71	24	2	258	#
822	773	6	39	26	25	23	24	2	258	#
823	353	18	73	25	#
824	930	12	68	259	#
825	930	6	4	68	259	#
826	930	6	22	5	68	259	#
827	930	6	39	61	259	#
828	967	21	19	55	28	16	260	#
829	967	21	19	52	27	16	260	#
830	967	21	19	24	23	28	16	260	#
831	967	9	34	19	55	28	16	260	#
832	967	21	19	55	25	27	16	260	#
833	1079	62	261	#
834	1079	9	47	261	#
835	1079	9	65	22	261	#
836	1079	9	65	4	5	261	#
837	1079	9	65	6	12	5	261	#
838	560	72	#
839	697	30	50	25	#
840	639	71	45	262	#
841	639	71	26	39	22	262	#
842	639	23	25	45	262	#
843	639	23	25	26	39	22	262	#
844	639	71	26	39	4	5	262	#
845	827	32	66	#
846	753	72	4	39	#
847	47	25	#
848	267	24	#
849	467	55	263	#
850	467	23	24	263	#
851	754	19	52	26	264	#
852	754	19	55	25	26	264	#
853	754	19	24	71	26	264	#
854	754	19	24	23	25	26	264	#
855	754	3	2	52	26	264	#
856	945	7	61	265	#
857	945	7	68	4	39	265	#
858	945	7	68	12	6	39	265	#
859	486	39	26	71	266	#
860	486	39	26	25	23	266	#
861	922	20	19	24	51	267	#
862	922	20	3	2	24	51	267	#
863	922	10	49	267	#
864	922	10	34	19	24	51	267	#
865	791	2	24	60	35	268	#
866	791	2	24	51	36	268	#
867	791	2	24	51	15	35	268	#
868	791	2	24	51	18	14	35	268	#
869	791	2	55	53	35	268	#
870	158	35	#
871	855	4	68	7	269	#
872	855	6	12	68	7	269	#
873	890	21	19	52	26	270	#
874	890	21	19	55	25	26	270	#
875	890	9	34	19	52	26	270	#
876	890	21	19	24	71	26	270	#
877	890	21	19	24	23	25	26	270	#
878	879	2	52	45	271	#
879	879	2	52	26	39	22	271	#
880	879	2	55	25	45	271	#
881	879	2	52	26	39	4	5	271	#
882	879	2	24	71	45	271	#
883	371	66	#
884	1030	2	52	43	272	#
885	1030	2	52	26	39	4	1	272	#
886	1056	33	28	55	19	21	273	#
887	1056	40	52	19	21	273	#
888	1056	33	27	52	19	21	273	#
889	1056	33	28	23	24	19	21	273	#
890	1056	33	28	55	19	34	9	273	#
891	194	39	#
892	624	39	4	57	274	#
893	624	39	22	37	274	#
894	624	39	4	5	37	274	#
895	1237	31	47	10	275	#
896	1237	31	22	65	10	275	#
897	1237	31	5	4	65	10	275	#
898	1237	31	62	9	10	275	#
899	1237	50	52	19	20	275	#
900	633	69	5	31	#
901	1285	37	62	276	#
902	1285	30	31	62	276	#
903	1285	37	47	9	276	#
904	1285	30	31	47	9	276	#
905	1285	57	4	65	9	276	#
906	313	73	25	#
907	922	49	277	#
908	922	34	19	24	51	277	#
909	922	34	3	2	24	51	277	#
910	922	10	20	19	24	51	277	#
911	922	9	63	18	277	#
912	1095	46	66	8	278	#
913	1095	51	32	66	8	278	#
914	1095	18	73	25	26	61	278	#
915	675	32	60	279	#
916	675	46	15	279	#
917	675	46	18	14	279	#
918	675	32	51	15	279	#
919	675	32	51	18	14	279	#
920	732	51	24	2	280	#
921	732	15	60	24	2	280	#
922	732	18	14	60	24	2	280	#
923	356	38	39	4	#
924	884	65	#
925	945	21	19	24	60	281	#
926	945	9	34	19	24	60	281	#
927	945	63	14	281	#
928	945	21	3	2	24	60	281	#
929	945	63	18	15	281	#
930	345	16	38	39	#
931	965	4	65	10	#
932	920	7	61	26	25	#
933	737	73	25	45	282	#
934	737	73	25	26	39	22	282	#
935	737	73	42	5	282	#
936	737	73	25	26	39	4	5	282	#
937	737	73	28	48	282	#
938	618	38	39	4	1	283	#
939	618	48	0	283	#
940	618	38	39	22	0	283	#
941	618	27	43	283	#
942	618	38	39	4	5	0	283	#
943	241	33	284	#
944	241	16	17	284	#
945	519	39	26	25	73	#
946	369	73	285	#
947	369	53	14	285	#
948	369	53	15	18	285	#
949	120	16	#
950	394	18	73	286	#
951	394	15	53	286	#
952	394	18	14	53	286	#
953	737	73	25	45	287	#
954	737	73	25	26	39	22	287	#
955	737	73	42	5	287	#
956	737	73	25	26	39	4	5	287	#
957	737	73	28	48	287	#
958	611	53	25	26	39	288	#
959	611	53	28	38	39	288	#
960	611	53	25	27	38	39	288	#
961	611	53	28	27	26	39	288	#
962	611	14	73	25	26	39	288	#
963	356	21	19	#
964	1202	11	41	289	#
965	1202	11	29	66	46	18	289	#
966	1202	11	7	8	66	46	18	289	#
967	1202	11	7	61	26	25	73	289	#
968	1202	11	29	66	32	51	18	289	#
969	756	72	290	#
970	756	5	59	290	#
971	892	50	25	73	18	291	#
972	892	50	25	53	15	291	#
973	892	31	45	25	73	18	291	#
974	892	50	25	53	14	18	291	#
975	892	31	22	39	26	25	73	18	291	#
976	1000	47	292	#
977	1000	22	65	292	#
978	1000	5	4	65	292	#
979	1000	62	9	292	#
980	1000	5	12	6	65	292	#
981	139	34	#
982	841	45	52	293	#
983	841	22	39	26	52	293	#
984	841	45	25	55	293	#
985	841	5	4	39	26	52	293	#
986	841	45	71	24	293	#
987	686	72	4	294	#
988	686	72	12	6	294	#
989	116	28	295	#
990	116	25	27	295	#
991	1056	33	28	55	19	21	296	#
992	1056	40	52	19	21	296	#
993	1056	33	27	52	19	21	296	#
994	1056	33	28	23	24	19	21	296	#
995	1056	33	28	55	19	34	9	296	#
996	879	54	73	18	297	#
997	879	1	42	73	18	297	#
998	879	43	25	73	18	297	#
999	879	1	4	39	26	25	73	18	297	#
1000	879	0	45	25	73	18	297	#
1001	657	4	68	#
1002	1237	31	47	10	298	#
1003	1237	31	22	65	10	298	#
1004	1237	31	5	4	65	10	298	#
1005	1237	31	62	9	10	298	#
1006	1237	50	52	19	20	298	#
1007	507	25	53	35	299	#
1008	507	25	73	18	36	299	#
1009	507	26	70	299	#
1010	507	27	28	53	35	299	#
1011	507	25	73	14	35	299	#
1012	634	8	66	#
1013	1179	61	70	300	#
1014	1179	61	26	25	53	35	300	#
1015	1179	68	4	56	300	#
1016	1179	68	4	39	70	300	#
1017	1179	8	66	32	60	35	300	#
1018	1117	68	57	301	#
1019	1117	68	5	37	301	#
1020	1117	68	5	31	30	301	#
1021	1117	68	4	22	37	301	#
1022	1117	68	4	22	31	30	301	#
1023	137	5	#
1024	658	73	25	26	39	6	302	#
1025	658	14	53	25	26	39	6	302	#
1026	658	18	15	53	25	26	39	6	302	#
1027	658	73	28	38	39	6	302	#
1028	658	73	25	27	38	39	6	302	#
1029	426	66	#
1030	1134	67	33	303	#
1031	1134	11	7	61	74	303	#
1032	1134	67	16	17	303	#
1033	1134	11	7	61	38	33	303	#
1034	1134	11	7	68	64	303	#
1035	222	0	#
1036	1085	9	65	4	304	#
1037	1085	62	5	304	#
1038	1085	9	65	6	12	304	#
1039	1085	9	47	5	304	#
1040	1085	21	19	52	26	39	4	304	#
1041	502	4	57	305	#
1042	502	22	37	305	#
1043	502	4	5	37	305	#
1044	502	22	31	30	305	#
1045	502	4	5	31	30	305	#
1046	1134	33	67	306	#
1047	1134	74	61	7	11	306	#
1048	1134	17	16	67	306	#
1049	1134	33	38	61	7	11	306	#
1050	1134	64	68	7	11	306	#
1051	909	49	18	307	#
1052	909	34	19	24	51	18	307	#
1053	909	34	3	2	24	51	18	307	#
1054	909	9	63	307	#
1055	909	10	20	19	24	51	18	307	#
1056	339	74	308	#
1057	339	33	38	308	#
1058	339	17	16	38	308	#
1059	339	40	26	308	#
1060	339	33	27	26	308	#
1061	117	14	#
1062	467	45	309	#
1063	467	22	39	26	309	#
1064	467	5	4	39	26	309	#
1065	467	5	12	6	39	26	309	#
1066	467	48	27	309	#
1067	371	34	3	310	#
1068	371	34	19	2	310	#
1069	141	5	#
1070	900	56	4	1	311	#
1071	900	70	39	4	1	311	#
1072	900	56	22	0	311	#
1073	900	70	39	22	0	311	#
1074	900	56	4	5	0	311	#
1075	1133	8	66	46	18	312	#
1076	1133	61	26	25	73	312	#
1077	1133	8	66	32	51	18	312	#
1078	1133	61	26	25	53	14	312	#
1079	1133	7	41	312	#
1080	818	50	71	313	#
1081	818	50	25	23	313	#
1082	818	31	45	71	313	#
1083	818	31	22	39	26	71	313	#
1084	818	31	45	25	23	313	#
1085	721	33	28	55	314	#
1086	721	40	52	314	#
1087	721	33	27	52	314	#
1088	721	33	28	23	24	314	#
1089	721	40	25	55	314	#
1090	543	35	60	315	#
1091	543	36	51	315	#
1092	543	35	15	51	315	#
1093	543	35	14	18	51	315	#
1094	543	35	53	23	315	#
1095	138	35	#
1096	313	3	20	#
1097	90	4	#
1098	562	56	316	#
1099	562	39	70	316	#
1100	351	42	317	#
1101	351	25	26	39	4	317	#
1102	961	4	68	7	11	318	#
1103	961	6	12	68	7	11	318	#
1104	961	22	5	68	7	11	318	#
1105	1059	10	44	#
1106	926	72	69	319	#
1107	926	13	32	23	28	16	319	#
1108	926	13	32	71	27	16	319	#
1109	926	13	32	23	25	27	16	319	#
1110	926	72	4	39	38	16	319	#
1111	994	52	43	320	#
1112	994	52	26	39	4	1	320	#
1113	994	55	54	320	#
1114	994	55	42	1	320	#
1115	994	55	25	43	320	#
1116	707	66	29	11	321	#
1117	707	66	8	7	11	321	#
1118	621	2	24	51	18	#
1119	997	6	65	10	322	#
1120	997	6	39	26	52	19	20	322	#
1121	997	6	65	34	20	322	#
1122	997	6	39	26	25	55	19	20	322	#
1123	997	6	39	26	71	24	19	20	322	#
1124	900	19	24	60	35	323	#
1125	900	19	24	51	36	323	#
1126	900	3	2	24	60	35	323	#
1127	1285	37	47	34	324	#
1128	1285	30	50	52	19	324	#
1129	1285	30	50	25	55	19	324	#
1130	1285	30	31	47	34	324	#
1131	1285	30	50	71	24	19	324	#
1132	894	35	60	24	19	325	#
1133	894	36	51	24	19	325	#
1134	894	35	60	24	2	3	325	#
1135	1109	16	67	326	#
1136	1109	69	68	7	11	326	#
1137	1109	16	38	61	7	11	326	#
1138	1109	16	27	26	61	7	11	326	#
1139	1109	16	38	39	4	68	7	11	326	#
1140	540	46	#
1141	1133	8	66	46	18	327	#
1142	1133	61	26	25	73	327	#
1143	1133	8	66	32	51	18	327	#
1144	1133	61	26	25	53	14	327	#
1145	1133	7	41	327	#
1146	714	48	37	328	#
1147	714	38	39	4	57	328	#
1148	714	48	31	30	328	#
1149	714	38	39	22	37	328	#
1150	714	27	50	30	328	#
1151	295	33	28	#
1152	965	68	69	329	#
1153	965	61	38	16	329	#
1154	965	61	26	27	16	329	#
1155	965	68	4	39	38	16	329	#
1156	965	61	26	25	28	16	329	#
1157	169	17	#
1158	128	34	#
1159	1025	67	330	#
1160	1025	38	61	7	11	330	#
1161	1025	27	26	61	7	11	330	#
1162	1025	38	39	4	68	7	11	330	#
1163	1025	28	25	26	61	7	11	330	#
1164	890	21	19	52	26	331	#
1165	890	21	19	55	25	26	331	#
1166	890	9	34	19	52	26	331	#
1167	890	21	19	24	71	26	331	#
1168	890	21	19	24	23	25	26	331	#
1169	250	28	16	332	#
1170	250	25	27	16	332	#
1171	684	18	46	333	#
1172	684	18	51	32	333	#
1173	684	14	60	32	333	#
1174	386	73	28	334	#
1175	386	73	25	27	334	#
1176	841	45	52	335	#
1177	841	22	39	26	52	335	#
1178	841	45	25	55	335	#
1179	841	5	4	39	26	52	335	#
1180	841	45	71	24	335	#
1181	436	73	25	336	#
1182	436	14	53	25	336	#
1183	436	18	15	53	25	336	#
1184	436	73	28	27	336	#
1185	880	28	55	19	21	337	#
1186	880	27	52	19	21	337	#
1187	880	28	23	24	19	21	337	#
1188	880	28	55	19	34	9	337	#
1189	880	27	25	55	19	21	337	#
1190	985	4	65	9	338	#
1191	985	5	62	338	#
1192	985	12	6	65	9	338	#
1193	275	3	339	#
1194	275	2	19	339	#
1195	439	42	340	#
1196	439	25	26	39	4	340	#
1197	439	25	26	39	6	12	340	#
1198	439	28	38	39	4	340	#
1199	772	33	28	23	32	341	#
1200	772	40	71	32	341	#
1201	772	33	27	71	32	341	#
1202	772	40	25	23	32	341	#
1203	772	33	27	25	23	32	341	#
1204	1047	2	52	50	342	#
1205	1047	2	55	25	50	342	#
1206	1047	2	24	71	50	342	#
1207	1047	2	24	23	25	50	342	#
1208	1047	2	52	45	31	342	#
1209	791	35	60	24	2	343	#
1210	791	36	51	24	2	343	#
1211	791	35	15	51	24	2	343	#
1212	791	35	14	18	51	24	2	343	#
1213	791	35	53	55	2	343	#
1214	1004	34	19	55	28	33	344	#
1215	1004	34	19	52	40	344	#
1216	1004	34	19	52	27	33	344	#
1217	1004	34	19	24	23	28	33	344	#
1218	1004	34	19	55	25	40	344	#
1219	1113	11	29	66	32	345	#
1220	1113	11	7	8	66	32	345	#
1221	422	48	346	#
1222	422	38	39	22	346	#
1223	833	60	24	19	347	#
1224	833	60	24	2	3	347	#
1225	833	15	51	24	19	347	#
1226	833	14	18	51	24	19	347	#
1227	833	53	55	19	347	#
1228	344	71	348	#
1229	344	23	25	348	#
1230	917	63	18	349	#
1231	917	9	49	349	#
1232	917	21	19	24	51	349	#
1233	917	9	34	19	24	51	349	#
1234	917	21	3	2	24	51	349	#
1235	1202	11	41	350	#
1236	1202	11	29	66	46	18	350	#
1237	1202	11	7	8	66	46	18	350	#
1238	1202	11	7	61	26	25	73	350	#
1239	1202	11	29	66	32	51	18	350	#
1240	683	5	68	#
1241	1106	30	50	52	351	#
1242	1106	30	50	25	55	351	#
1243	1106	30	50	71	24	351	#
1244	1106	30	50	25	23	24	351	#
1245	1106	37	45	52	351	#
1246	370	57	#
1247	911	19	55	28	33	352	#
1248	911	19	52	40	352	#
1249	911	19	52	27	33	352	#
1250	911	19	24	23	28	33	352	#
1251	911	19	55	25	40	352	#
1252	627	25	50	353	#
1253	627	25	45	31	353	#
1254	627	25	26	39	22	31	353	#
1255	627	42	5	31	353	#
1256	627	25	26	39	4	5	31	353	#
1257	1011	64	72	354	#
1258	1011	17	69	72	354	#
1259	1011	33	28	23	32	13	354	#
1260	1011	74	39	4	72	354	#
1261	1011	40	71	32	13	354	#
1262	852	20	19	52	26	355	#
1263	852	20	19	55	25	26	355	#
1264	852	20	19	24	71	26	355	#
1265	852	20	19	24	23	25	26	355	#
1266	1076	32	66	29	11	356	#
1267	1076	32	66	8	7	11	356	#
1268	154	15	357	#
1269	154	18	14	357	#
1270	225	26	39	#
1271	639	45	71	358	#
1272	639	22	39	26	71	358	#
1273	639	45	25	23	358	#
1274	639	22	39	26	25	23	358	#
1275	639	5	4	39	26	71	358	#
1276	554	72	#
1277	1122	44	359	#
1278	1122	47	0	359	#
1279	1122	65	4	1	359	#
1280	1122	65	22	0	359	#
1281	1122	65	4	5	0	359	#
1282	307	39	38	360	#
1283	307	39	26	27	360	#
1284	817	16	28	55	19	361	#
1285	817	16	27	52	19	361	#
1286	817	16	28	23	24	19	361	#
1287	817	16	27	25	55	19	361	#
1288	817	16	27	71	24	19	361	#
1289	1009	20	19	55	28	33	362	#
1290	1009	20	19	52	40	362	#
1291	1009	20	19	52	27	33	362	#
1292	1009	20	19	24	23	28	33	362	#
1293	1009	20	19	55	25	40	362	#
1294	1131	8	66	46	363	#
1295	1131	8	66	32	51	363	#
1296	1131	61	26	25	73	18	363	#
1297	1131	61	26	25	53	15	363	#
1298	1131	61	26	25	53	14	18	363	#
1299	772	33	28	23	32	364	#
1300	772	40	71	32	364	#
1301	772	33	27	71	32	364	#
1302	772	40	25	23	32	364	#
1303	772	33	27	25	23	32	364	#
1304	1014	26	61	7	11	365	#
1305	1014	27	67	365	#
1306	1014	26	39	4	68	7	11	365	#
1307	1014	25	28	67	365	#
1308	1014	27	38	61	7	11	365	#
1309	1004	34	19	55	28	33	366	#
1310	1004	34	19	52	40	366	#
1311	1004	34	19	52	27	33	366	#
1312	1004	34	19	24	23	28	33	366	#
1313	1004	34	19	55	25	40	366	#
1314	965	68	69	367	#
1315	965	61	38	16	367	#
1316	965	61	26	27	16	367	#
1317	965	68	4	39	38	16	367	#
1318	965	61	26	25	28	16	367	#
1319	674	18	51	24	368	#
1320	674	14	60	24	368	#
1321	674	18	15	60	24	368	#
1322	673	30	50	25	#
1323	879	54	73	18	369	#
1324	879	1	42	73	18	369	#
1325	879	43	25	73	18	369	#
1326	879	1	4	39	26	25	73	18	369	#
1327	879	0	45	25	73	18	369	#
1328	289	23	370	#
1329	289	25	71	370	#
1330	618	1	4	39	38	371	#
1331	618	0	48	371	#
1332	618	0	22	39	38	371	#
1333	618	43	27	371	#
1334	618	0	5	4	39	38	371	#
1335	528	39	4	1	372	#
1336	528	39	22	0	372	#
1337	528	39	4	5	0	372	#
1338	528	39	6	58	372	#
1339	528	39	6	12	1	372	#
1340	546	39	26	25	73	18	#
1341	743	64	1	373	#
1342	743	17	69	1	373	#
1343	743	64	5	0	373	#
1344	743	17	69	5	0	373	#
1345	743	74	39	4	1	373	#
1346	958	7	68	69	374	#
1347	958	7	61	38	16	374	#
1348	404	25	53	35	#
1349	785	71	43	375	#
1350	785	71	26	39	4	1	375	#
1351	785	23	54	375	#
1352	785	23	42	1	375	#
1353	785	23	25	43	375	#
1354	528	39	4	1	376	#
1355	528	39	22	0	376	#
1356	528	39	4	5	0	376	#
1357	528	39	6	58	376	#
1358	528	39	6	12	1	376	#
1359	559	52	26	377	#
1360	559	55	25	26	377	#
1361	559	24	71	26	377	#
1362	559	24	23	25	26	377	#
1363	376	18	73	378	#
1364	376	15	53	378	#
1365	376	18	14	53	378	#
1366	917	18	63	379	#
1367	917	49	9	379	#
1368	917	51	24	19	21	379	#
1369	917	51	24	19	34	9	379	#
1370	917	51	24	2	3	21	379	#
1371	910	26	61	380	#
1372	910	26	39	4	68	380	#
1373	910	27	38	61	380	#
1374	910	26	39	6	12	68	380	#
1375	910	25	28	38	61	380	#
1376	855	18	51	24	19	381	#
1377	855	18	51	24	2	3	381	#
1378	855	14	60	24	19	381	#
1379	855	18	15	60	24	19	381	#
1380	994	52	43	382	#
1381	994	52	26	39	4	1	382	#
1382	994	55	54	382	#
1383	994	55	42	1	382	#
1384	994	55	25	43	382	#
1385	458	6	39	74	#
1386	880	28	55	19	21	383	#
1387	880	27	52	19	21	383	#
1388	880	28	23	24	19	21	383	#
1389	880	28	55	19	34	9	383	#
1390	880	27	25	55	19	21	383	#
1391	666	12	72	384	#
1392	666	6	4	72	384	#
1393	579	2	55	28	385	#
1394	579	2	52	27	385	#
1395	579	2	24	23	28	385	#
1396	579	2	55	25	27	385	#
1397	579	2	24	71	27	385	#
1398	528	39	4	1	386	#
1399	528	39	22	0	386	#
1400	528	39	4	5	0	386	#
1401	528	39	6	58	386	#
1402	528	39	6	12	1	386	#
1403	1093	7	61	74	387	#
1404	1093	7	61	38	33	387	#
1405	1093	7	68	64	387	#
1406	1093	7	68	69	17	387	#
1407	1093	7	61	38	16	17	387	#
1408	672	42	53	388	#
1409	672	4	39	26	25	53	388	#
1410	672	12	6	39	26	25	53	388	#
1411	672	4	39	38	28	53	388	#
1412	672	4	39	38	27	25	53	388	#
1413	662	24	51	18	389	#
1414	662	24	60	14	389	#
1415	662	24	60	15	18	389	#
1416	1252	11	7	68	57	390	#
1417	1252	11	7	68	5	37	390	#
1418	1252	11	7	68	5	31	30	390	#
1419	1252	11	7	68	4	22	37	390	#
1420	155	38	391	#
1421	155	27	26	391	#
1422	1101	18	46	66	392	#
1423	1101	18	51	32	66	392	#
1424	1101	14	60	32	66	392	#
1425	1101	18	15	60	32	66	392	#
1426	1101	73	23	32	66	392	#
1427	532	6	39	26	25	53	#
1428	246	28	16	393	#
1429	246	25	27	16	393	#
1430	879	61	26	394	#
1431	879	68	4	39	26	394	#
1432	879	61	38	27	394	#
1433	828	6	39	26	52	2	395	#
1434	828	6	39	26	25	55	2	395	#
1435	828	6	39	26	71	24	2	395	#
1436	828	6	39	26	25	23	24	2	395	#
1437	828	6	39	38	28	55	2	395	#
1438	993	6	65	396	#
1439	993	12	4	65	396	#
1440	993	6	39	26	52	19	34	396	#
1441	993	6	39	26	25	55	19	34	396	#
1442	993	6	39	26	71	24	19	34	396	#
1443	817	55	19	21	397	#
1444	817	23	24	19	21	397	#
1445	817	55	19	34	9	397	#
1446	817	23	24	19	34	9	397	#
1447	817	55	2	3	21	397	#
1448	20	18	#
1449	967	16	28	55	19	21	398	#
1450	967	16	27	52	19	21	398	#
1451	967	16	28	23	24	19	21	398	#
1452	967	16	28	55	19	34	9	398	#
1453	967	16	27	25	55	19	21	398	#
1454	1246	70	61	7	399	#
1455	1246	35	53	25	26	61	7	399	#
1456	1246	36	18	41	399	#
1457	1246	56	4	68	7	399	#
1458	1246	35	60	32	66	29	399	#
1459	961	65	10	400	#
1460	961	39	26	52	19	20	400	#
1461	961	65	34	20	400	#
1462	961	39	26	25	55	19	20	400	#
1463	961	39	26	71	24	19	20	400	#
1464	1100	53	25	26	61	401	#
1465	1100	60	32	66	8	401	#
1466	1100	53	28	38	61	401	#
1467	1100	53	42	68	401	#
1468	1100	53	25	26	39	4	68	401	#
1469	383	53	35	#
1470	823	28	55	19	34	402	#
1471	823	27	52	19	34	402	#
1472	823	28	23	24	19	34	402	#
1473	823	27	25	55	19	34	402	#
1474	823	27	71	24	19	34	402	#
1475	1020	8	66	32	403	#
1476	1020	7	29	66	32	403	#
1477	1020	61	26	71	403	#
1478	1020	61	26	25	23	403	#
1479	157	17	#
1480	153	12	404	#
1481	153	4	6	404	#
1482	264	26	39	#
1483	608	56	6	405	#
1484	608	70	39	6	405	#
1485	822	54	53	406	#
1486	822	1	42	53	406	#
1487	822	43	25	53	406	#
1488	822	1	4	39	26	25	53	406	#
1489	822	0	45	25	53	406	#
1490	618	1	4	39	38	407	#
1491	618	0	48	407	#
1492	618	0	22	39	38	407	#
1493	618	43	27	407	#
1494	618	0	5	4	39	38	407	#
1495	1011	35	60	32	13	408	#
1496	1011	36	46	13	408	#
1497	1011	36	51	32	13	408	#
1498	1011	35	15	46	13	408	#
1499	1011	35	14	18	46	13	408	#
