%% File generated by CATS v.2.1Tue Aug 20 18:57:04 2019

%% The CATS webpage is http://robotics.stanford.edu/CATS

%% PARAMETER SETTINGS:
% Goods: 30; Bids: 300; Distribution: regions; Runs: 10; Seed: 1566345357
% Regions Distribution Parameters:
% Max Substitutable Bids = 5
% Removing HV Neighbor   = 0.1
% Adding DIAG Neighbor   = 0.2
% Additional Location    = 0.9
% Jump Probability       = 0.05
% Additivity             = 0.2
% Budget Factor          = 1.5
% Resale Factor          = 0.5
% Uniform Private Value:
%   Deviation            = 0.5
%   Max Good Value       = 100



goods 30
bids 301
dummy 55

0	39664	25	#
1	511869	6	5	1	2	3	21	8	30	#
2	654051	6	1	28	11	7	16	8	30	#
3	593026	1	2	6	11	3	4	9	30	#
4	582881	21	22	17	16	20	18	19	30	#
5	561279	3	2	1	8	5	6	11	30	#
6	545426	5	6	1	2	7	11	12	30	#
7	62328	27	#
8	313241	12	13	8	2	18	31	#
9	372234	2	1	0	7	8	31	#
10	361562	12	11	6	16	13	31	#
11	356471	8	13	18	19	2	31	#
12	318890	18	19	23	24	14	31	#
13	311855	13	12	14	8	18	31	#
14	345695	24	23	18	22	32	#
15	360726	18	23	24	19	32	#
16	348842	22	23	24	19	32	#
17	336407	24	19	18	13	32	#
18	1379398	20	21	16	15	10	22	11	6	7	1	2	12	13	17	14	18	0	5	3	9	23	24	4	19	8	27	33	#
19	1383470	20	21	15	10	16	11	6	12	7	1	2	13	14	0	24	17	18	19	28	23	22	3	5	9	4	8	33	#
20	1373525	24	19	14	18	13	23	17	9	4	22	12	11	7	6	10	26	1	0	2	16	21	20	5	15	3	8	33	#
21	1340211	21	15	20	10	11	6	7	8	2	12	3	1	22	13	14	17	18	25	9	16	4	23	5	24	0	19	33	#
22	1262768	17	18	19	23	29	14	13	22	24	21	15	20	10	9	11	16	6	1	12	0	2	7	4	3	5	8	33	#
23	23528	15	#
24	361537	3	2	8	1	7	34	#
25	378167	3	8	2	1	5	34	#
26	377534	2	3	18	8	1	34	#
27	359382	1	5	2	8	10	34	#
28	28600	25	#
29	68730	26	#
30	478151	21	16	11	6	5	10	1	35	#
31	589521	6	11	16	1	8	5	0	35	#
32	523734	5	7	6	10	11	1	0	35	#
33	503241	1	0	6	5	10	11	16	35	#
34	488180	11	12	6	10	5	1	0	35	#
35	437504	10	5	1	0	11	2	12	35	#
36	803493	14	19	24	23	9	4	18	3	8	22	2	7	12	36	#
37	991897	23	24	26	22	21	16	20	15	11	10	6	1	0	36	#
38	987669	19	24	23	22	21	15	10	14	16	20	11	6	9	36	#
39	956462	9	14	19	24	23	22	21	16	18	15	20	10	11	36	#
40	937308	14	19	24	9	23	22	21	16	20	15	10	5	6	36	#
41	914587	22	21	20	15	16	10	23	24	19	18	11	12	6	36	#
42	1365392	14	19	9	13	24	18	12	23	11	4	6	10	17	5	15	20	21	8	0	16	3	37	#
43	1420854	24	19	18	14	23	9	17	13	12	11	7	10	15	20	4	5	3	0	21	6	1	37	#
44	1417998	10	11	5	12	13	15	20	17	14	19	0	7	6	1	24	8	27	3	9	16	4	37	#
45	1415373	23	24	19	18	14	13	8	3	9	4	12	11	10	17	15	5	21	0	6	7	20	37	#
46	1408385	8	13	7	14	12	2	11	3	17	4	18	19	24	10	23	15	20	9	5	1	0	37	#
47	1373600	0	5	10	11	6	12	17	15	16	13	14	20	21	7	19	9	18	24	23	1	4	37	#
48	73644	25	#
49	64330	6	5	#
50	136141	19	18	38	#
51	159935	18	13	38	#
52	111777	19	14	38	#
53	394049	23	22	24	18	19	39	#
54	433514	24	23	22	18	21	39	#
55	368677	23	22	21	15	16	39	#
56	364463	22	23	18	21	19	39	#
57	359457	18	19	23	22	14	39	#
58	341001	19	24	23	18	13	39	#
59	493661	8	2	6	11	3	12	4	40	#
60	596860	4	3	8	20	7	9	2	40	#
61	541155	8	2	7	6	3	4	1	40	#
62	537953	3	8	7	4	6	2	26	40	#
63	531889	11	6	10	7	1	12	0	40	#
64	530510	12	7	6	2	17	18	8	40	#
65	1465563	7	6	1	0	5	8	3	4	23	13	10	11	12	22	26	18	9	14	2	24	17	21	20	16	15	19	27	41	#
66	1606486	27	26	28	9	4	3	14	13	8	7	18	6	23	12	22	1	5	0	10	21	20	17	11	16	2	15	24	41	#
67	1556967	5	6	1	10	7	11	12	0	13	18	8	19	14	23	3	24	15	20	22	9	16	4	21	17	2	28	26	41	#
68	1535897	13	18	14	23	22	9	4	17	12	3	21	8	11	20	6	10	7	5	1	16	15	0	24	2	19	28	25	41	#
69	1527979	4	9	3	8	14	13	7	2	18	6	5	1	23	22	0	10	12	21	17	20	11	16	15	24	19	27	28	41	#
70	1475938	8	13	3	4	22	23	18	12	7	9	6	11	1	5	21	16	15	14	24	10	20	0	19	2	17	29	28	41	#
71	477230	4	3	2	9	8	21	7	42	#
72	539892	2	7	8	1	3	13	4	42	#
73	516922	3	4	9	8	2	7	1	42	#
74	516794	4	9	14	13	19	24	12	42	#
75	498680	21	16	15	22	23	20	17	42	#
76	464726	8	3	13	7	4	2	12	42	#
77	431325	15	16	11	12	10	21	22	43	#
78	506832	22	23	17	24	19	18	12	43	#
79	475800	10	15	21	5	1	22	6	43	#
80	422827	11	16	6	10	1	21	12	43	#
81	415558	12	11	6	10	5	1	13	43	#
82	413113	21	22	15	10	16	17	20	43	#
83	403659	18	19	24	14	23	44	#
84	367608	14	9	4	19	18	44	#
85	357049	24	23	19	18	22	44	#
86	318787	18	23	22	21	15	44	#
87	124078	28	#
88	399746	1	6	11	16	21	45	#
89	509141	21	20	16	11	15	45	#
90	498479	16	11	21	20	12	45	#
91	409306	11	16	15	12	17	45	#
92	339948	6	1	11	16	2	45	#
93	264065	1	5	0	6	7	45	#
94	506586	22	23	13	18	14	17	19	12	21	9	46	#
95	637417	14	19	24	9	23	22	4	21	20	18	46	#
96	605242	19	14	9	4	3	8	2	24	23	22	46	#
97	604030	18	13	19	14	24	12	11	10	9	5	46	#
98	592743	17	12	11	10	6	1	22	5	21	2	46	#
99	592084	23	24	18	22	19	17	14	9	12	4	46	#
100	1070019	19	18	13	8	14	7	23	17	22	21	6	5	12	15	2	10	24	16	1	47	#
101	1419702	19	24	28	18	23	22	17	12	11	29	10	6	5	21	7	8	15	16	20	47	#
102	1368690	17	18	23	19	12	22	24	11	7	6	16	5	1	15	10	0	21	20	8	47	#
103	1355990	12	7	8	11	6	2	10	5	15	21	16	13	20	1	22	23	18	24	27	47	#
104	1344383	23	24	19	18	22	13	12	8	7	1	21	5	10	6	11	3	16	15	20	47	#
105	1327814	21	15	20	16	10	11	5	22	23	6	1	7	24	18	12	2	19	8	17	47	#
106	631715	2	7	8	3	1	6	11	10	16	15	48	#
107	716743	10	15	16	21	20	11	6	22	7	24	48	#
108	682100	15	14	16	10	21	11	19	24	9	18	48	#
109	660822	11	12	7	6	13	17	1	22	19	15	48	#
110	618552	1	2	3	6	23	13	7	14	22	17	48	#
111	590522	3	2	7	1	6	11	10	15	16	12	48	#
112	1256908	12	13	17	18	11	16	15	21	10	22	20	14	8	9	19	5	6	24	4	23	2	1	49	#
113	1311667	20	21	16	15	10	11	5	6	12	13	17	18	8	22	2	1	7	14	19	24	9	4	49	#
114	1301851	16	11	19	14	15	10	12	25	24	5	18	21	13	17	22	8	6	2	9	1	4	7	49	#
115	1288290	19	21	16	24	18	14	11	9	13	6	15	17	1	12	5	10	27	8	20	2	22	23	49	#
116	1279538	4	9	14	19	24	13	8	18	2	12	17	11	22	16	23	21	15	28	10	5	1	6	49	#
117	1267851	11	12	16	17	13	18	6	21	22	5	14	19	9	8	2	20	10	24	4	1	0	15	49	#
118	427021	11	12	17	13	18	50	#
119	432519	18	23	17	12	24	50	#
120	379062	17	12	13	23	11	50	#
121	369321	13	14	18	19	12	50	#
122	328078	11	12	6	17	5	50	#
123	289637	12	11	6	13	14	50	#
124	20764	29	#
125	198254	10	15	21	51	#
126	226979	21	15	20	51	#
127	149265	15	21	16	51	#
128	85264	10	15	2	51	#
129	76241	0	#
130	1232648	11	16	21	12	10	20	5	15	17	6	0	1	13	14	8	7	18	22	2	52	#
131	1323955	7	12	18	13	19	8	23	14	2	17	6	11	22	21	1	10	15	16	20	52	#
132	1321907	6	1	5	2	10	7	11	16	12	21	15	8	20	13	14	17	18	23	19	52	#
133	1320535	11	12	17	10	1	22	16	6	5	2	13	14	7	8	15	18	21	19	20	52	#
134	1305452	21	16	19	20	15	11	6	1	2	24	12	8	13	14	5	7	17	18	23	52	#
135	1299621	22	21	16	20	23	15	17	10	12	13	11	18	19	5	6	14	8	7	24	52	#
136	543961	13	12	17	8	22	7	21	53	#
137	536662	8	13	7	12	11	14	17	53	#
138	495358	12	7	2	8	17	22	13	53	#
139	470664	17	12	22	7	21	13	15	53	#
140	461455	21	16	20	11	10	15	22	53	#
141	406370	13	8	7	12	3	2	11	53	#
142	64239	25	#
143	114430	24	#
144	191817	14	9	19	18	54	#
145	230182	19	18	24	23	54	#
146	209343	14	13	18	23	54	#
147	180088	9	14	4	19	54	#
148	334351	26	21	16	20	55	#
149	350236	16	11	15	20	55	#
150	327636	26	16	21	11	55	#
151	268639	21	20	15	10	55	#
152	431066	18	13	19	12	24	14	56	#
153	502238	12	13	14	11	18	7	56	#
154	429041	24	19	14	9	18	13	56	#
155	404471	13	14	23	12	22	8	56	#
156	386495	14	18	13	8	9	19	56	#
157	305902	18	13	23	14	12	19	56	#
158	533156	18	19	17	12	13	11	23	14	57	#
159	562864	17	18	12	19	13	14	11	6	57	#
160	560408	19	14	13	12	16	4	11	8	57	#
161	540406	12	13	17	11	14	10	19	16	57	#
162	539702	18	17	19	13	14	12	11	10	57	#
163	521821	14	13	12	11	9	20	8	19	57	#
164	363620	18	19	24	14	58	#
165	353267	14	19	11	12	58	#
166	336221	24	19	18	23	58	#
167	297774	18	19	23	14	58	#
168	1456046	7	12	8	2	3	13	4	17	18	23	19	11	22	16	27	21	24	14	9	15	10	20	5	6	0	1	25	59	#
169	1497308	4	3	9	8	7	13	2	14	12	6	18	19	17	24	5	22	23	11	1	10	15	0	16	21	20	28	27	59	#
170	1476570	6	7	8	2	12	17	3	4	18	23	13	19	14	11	22	16	24	5	10	15	21	1	20	9	0	26	28	59	#
171	1474943	25	9	14	13	18	23	8	19	4	24	12	7	3	2	17	11	22	10	15	21	5	20	16	6	1	0	28	59	#
172	1457673	21	16	15	11	10	12	17	22	7	18	23	13	8	20	5	2	14	9	19	4	0	3	24	1	6	26	27	59	#
173	1435308	16	11	12	7	21	6	5	13	17	19	8	14	18	9	3	23	4	2	22	15	24	20	0	10	1	26	25	59	#
174	292985	12	17	22	23	60	#
175	353596	22	21	17	20	60	#
176	307364	12	11	16	17	60	#
177	269637	17	28	12	11	60	#
178	241226	23	18	19	22	60	#
179	495918	24	19	14	13	18	12	23	22	61	#
180	609712	13	8	2	1	18	7	23	0	61	#
181	594729	22	17	18	23	13	14	8	24	61	#
182	564183	23	18	13	12	8	17	14	7	61	#
183	555041	18	13	8	23	14	22	12	24	61	#
184	546034	19	18	13	17	22	24	23	8	61	#
185	1074970	8	7	2	3	12	13	18	17	23	4	1	11	5	0	16	22	62	#
186	1179197	0	5	10	11	16	15	1	6	21	22	17	20	2	8	7	18	62	#
187	1158514	2	3	8	4	13	7	18	17	12	22	11	21	16	20	15	19	62	#
188	1156482	3	2	8	7	4	6	11	16	21	15	1	5	20	19	18	22	62	#
189	1151351	8	2	3	4	7	13	20	14	12	21	11	27	18	17	10	16	62	#
190	1146666	1	5	2	0	8	7	6	3	11	16	21	10	20	22	15	17	62	#
191	385696	16	15	20	21	63	#
192	289504	16	21	5	15	63	#
193	275525	15	20	2	16	63	#
194	237664	20	21	16	64	#
195	248228	21	20	22	64	#
196	233294	20	12	11	64	#
197	171050	16	11	6	64	#
198	497006	2	8	3	4	24	1	65	#
199	506286	8	13	18	3	2	1	65	#
200	429699	1	0	2	8	3	13	65	#
201	421704	3	2	1	4	0	8	65	#
202	412541	4	9	14	13	3	2	65	#
203	406485	24	23	18	13	26	17	65	#
204	90037	28	#
205	97678	28	#
206	77668	2	8	#
207	736312	22	23	21	18	24	17	20	12	15	66	#
208	778392	24	23	22	17	18	21	15	20	16	66	#
209	755171	18	17	23	24	22	21	19	16	20	66	#
210	686605	21	16	20	27	15	11	6	1	10	66	#
211	668774	15	10	20	21	22	17	16	12	11	66	#
212	666781	20	21	15	16	10	22	17	23	12	66	#
213	33006	25	#
214	635138	8	7	3	13	6	4	2	11	1	67	#
215	673753	11	6	20	16	1	5	10	0	21	67	#
216	652841	1	0	5	10	6	11	16	21	7	67	#
217	625410	7	8	13	27	14	9	19	3	6	67	#
218	601096	8	3	7	2	4	13	12	11	1	67	#
219	600810	13	8	3	7	12	4	11	10	2	67	#
220	66097	1	6	68	#
221	41404	6	5	68	#
222	94353	23	22	69	#
223	27013	23	18	69	#
224	118948	17	26	70	#
225	112308	17	12	70	#
226	73944	26	6	70	#
227	393032	20	21	15	10	16	11	71	#
228	506418	11	12	16	17	7	15	71	#
229	447206	20	15	21	22	17	23	71	#
230	411117	16	11	15	20	10	12	71	#
231	369182	10	11	15	12	7	6	71	#
232	295193	15	28	20	21	6	16	71	#
233	555114	17	22	18	13	23	14	9	4	72	#
234	601583	4	9	14	13	8	18	10	23	72	#
235	574787	14	9	13	8	4	18	19	7	72	#
236	532227	23	24	22	19	18	17	14	13	72	#
237	503568	18	19	23	17	14	24	9	25	72	#
238	471013	22	23	24	19	17	18	13	21	72	#
239	722749	25	23	0	5	6	18	1	10	7	11	2	73	#
240	866054	18	19	17	12	22	24	11	10	7	2	6	73	#
241	832693	7	12	11	6	8	2	17	1	18	10	15	73	#
242	815953	2	7	1	3	6	0	11	10	4	12	5	73	#
243	770731	11	6	7	12	8	3	2	1	4	5	16	73	#
244	762166	1	2	7	5	8	12	17	11	0	13	6	73	#
245	284383	24	23	22	18	17	74	#
246	334306	22	17	21	20	15	74	#
247	299573	24	23	22	19	17	74	#
248	292051	18	17	13	23	22	74	#
249	274036	23	22	17	12	21	74	#
250	220394	17	12	18	13	19	74	#
251	515345	14	9	13	4	8	3	7	6	75	#
252	648664	4	3	18	23	24	17	19	13	75	#
253	623990	7	8	13	6	1	18	3	11	75	#
254	566151	6	11	7	5	8	25	1	3	75	#
255	562434	13	14	18	3	6	19	11	16	75	#
256	561303	14	13	8	3	4	19	9	24	75	#
257	131632	5	0	76	#
258	145533	5	23	76	#
259	796332	7	23	12	24	17	22	11	10	5	2	77	#
260	871095	23	24	22	19	14	21	17	16	20	15	77	#
261	862260	10	15	11	21	22	20	16	23	24	12	77	#
262	837181	11	10	19	15	16	24	8	2	20	21	77	#
263	810902	24	19	14	23	22	17	12	11	18	7	77	#
264	806918	22	21	23	18	16	24	19	15	20	10	77	#
265	341303	23	22	17	18	24	19	78	#
266	385917	24	23	19	22	18	14	78	#
267	362902	19	24	18	14	23	17	78	#
268	337289	18	19	14	17	13	24	78	#
269	327161	24	23	19	22	79	#
270	373047	24	23	19	14	79	#
271	314146	19	1	2	3	79	#
272	308319	23	18	24	19	79	#
273	189930	22	21	17	12	79	#
274	740684	6	1	2	5	26	11	0	8	7	16	21	80	#
275	764062	5	0	1	6	11	27	2	16	8	21	20	80	#
276	744026	16	11	6	1	0	2	7	21	20	8	5	80	#
277	726930	26	28	12	11	16	17	21	20	6	7	2	80	#
278	713851	6	11	5	16	21	20	0	15	22	1	17	80	#
279	645919	21	16	22	17	15	11	6	20	18	7	2	80	#
280	117502	3	8	13	2	81	#
281	173475	3	2	7	8	81	#
282	38440	19	#
283	781778	6	5	10	0	15	1	21	20	22	7	17	82	#
284	791450	22	21	17	18	20	23	15	19	14	9	24	82	#
285	789712	15	21	20	10	5	6	1	22	0	17	18	82	#
286	787198	17	22	18	19	21	20	15	23	10	24	5	82	#
287	738809	20	15	10	21	5	0	6	24	16	22	17	82	#
288	732402	0	5	6	10	15	21	17	22	7	18	19	82	#
289	1096792	17	18	13	9	8	22	12	3	19	23	24	14	7	21	15	2	83	#
290	1188226	24	19	23	18	14	22	9	17	13	21	8	4	12	5	7	3	83	#
291	1155226	21	27	22	23	24	18	17	13	14	12	19	8	11	9	10	15	83	#
292	1140894	15	21	16	10	11	12	6	17	18	1	22	13	7	14	23	24	83	#
293	1137116	13	8	3	12	4	17	22	7	18	2	9	23	21	19	24	16	83	#
294	1118350	23	22	18	13	17	1	6	21	12	24	15	8	5	16	7	10	83	#
295	1253084	6	11	12	7	10	1	0	5	16	15	21	8	3	20	22	17	13	18	27	23	2	84	#
296	1336535	22	23	18	19	21	20	15	14	16	17	12	9	4	11	6	7	10	3	5	8	0	84	#
297	1333460	20	15	21	22	16	10	11	12	17	18	19	14	5	8	0	3	6	4	9	7	29	84	#
298	1313196	23	18	22	21	19	20	15	16	13	14	9	10	11	8	3	6	7	5	0	4	12	84	#
299	1304003	27	7	12	11	2	6	17	28	22	21	18	1	20	19	8	0	23	13	3	15	5	84	#
300	1302534	21	20	15	16	22	10	18	11	23	12	19	17	13	6	5	0	7	8	1	3	4	84	#
