%% File generated by CATS v.2.1Tue Aug 20 18:57:00 2019

%% The CATS webpage is http://robotics.stanford.edu/CATS

%% PARAMETER SETTINGS:
% Goods: 25; Bids: 2000; Distribution: paths; Runs: 10; Seed: 1566345284
% Paths Distribution Parameters:
% Initial connections:       = 2
% Edge density:              = 3.000000
% Shipping cost factor:      = 1.500000
% Max bid set size:          = 5
% Building penalty:          = 1.700000



goods 25
bids 2002
dummy 589

0	428	5	25	#
1	428	2	4	25	#
2	428	3	4	8	25	#
3	818	0	20	#
4	1047	14	26	#
5	1047	6	20	26	#
6	1047	0	1	20	26	#
7	1047	4	21	26	#
8	1047	5	24	26	#
9	827	22	27	#
10	827	5	12	27	#
11	827	4	23	27	#
12	827	2	4	12	27	#
13	827	2	5	23	27	#
14	126	0	#
15	365	1	#
16	567	12	28	#
17	567	2	23	28	#
18	599	8	12	29	#
19	599	3	23	29	#
20	599	2	3	12	29	#
21	599	2	8	23	29	#
22	811	7	11	#
23	410	9	#
24	827	22	30	#
25	827	5	12	30	#
26	827	4	23	30	#
27	827	2	4	12	30	#
28	827	2	5	23	30	#
29	880	7	11	#
30	827	22	31	#
31	827	5	12	31	#
32	827	4	23	31	#
33	827	2	4	12	31	#
34	827	2	5	23	31	#
35	57	8	#
36	552	10	32	#
37	552	3	17	32	#
38	552	2	8	17	32	#
39	1204	19	33	#
40	1204	11	15	33	#
41	1204	6	7	11	33	#
42	1204	0	1	7	11	33	#
43	1204	9	13	33	#
44	831	2	18	34	#
45	831	0	16	34	#
46	700	0	15	35	#
47	700	1	7	35	#
48	553	6	36	#
49	553	1	0	36	#
50	776	4	17	37	#
51	776	4	3	10	37	#
52	776	5	8	10	37	#
53	776	4	2	8	10	37	#
54	776	5	2	17	37	#
55	800	0	20	#
56	371	11	#
57	1143	13	38	#
58	1143	17	16	38	#
59	1143	10	3	16	38	#
60	1143	10	8	2	16	38	#
61	798	10	9	#
62	897	10	9	39	#
63	897	3	17	9	39	#
64	897	8	2	17	9	39	#
65	897	8	12	11	39	#
66	519	6	40	#
67	519	0	1	40	#
68	114	0	#
69	417	5	41	#
70	417	4	2	41	#
71	417	4	3	8	41	#
72	873	3	16	42	#
73	873	8	2	16	42	#
74	873	8	18	0	42	#
75	873	3	2	18	0	42	#
76	143	0	#
77	1188	13	43	#
78	1188	17	16	43	#
79	1188	10	3	16	43	#
80	1188	10	8	2	16	43	#
81	1188	10	8	18	0	43	#
82	829	16	44	#
83	829	2	18	0	44	#
84	863	9	10	8	45	#
85	863	9	17	2	45	#
86	863	9	10	3	2	45	#
87	863	11	12	45	#
88	863	11	23	2	45	#
89	377	4	46	#
90	377	5	2	46	#
91	854	20	0	#
92	847	2	16	47	#
93	847	8	3	16	47	#
94	847	18	0	47	#
95	863	9	10	8	48	#
96	863	9	17	2	48	#
97	863	9	10	3	2	48	#
98	863	11	12	48	#
99	863	11	23	2	48	#
100	945	16	49	#
101	945	0	18	2	49	#
102	945	0	18	8	3	49	#
103	945	20	4	49	#
104	86	3	50	#
105	86	2	8	50	#
106	449	5	51	#
107	449	2	4	51	#
108	449	8	3	4	51	#
109	930	16	52	#
110	930	0	18	2	52	#
111	930	0	18	8	3	52	#
112	930	20	4	52	#
113	660	16	#
114	128	0	#
115	75	3	#
116	858	20	#
117	688	0	15	53	#
118	688	1	7	53	#
119	494	12	#
120	119	0	#
121	472	3	4	54	#
122	472	8	5	54	#
123	472	8	2	4	54	#
124	472	3	2	5	54	#
125	543	10	55	#
126	543	17	3	55	#
127	543	17	2	8	55	#
128	684	15	0	56	#
129	684	7	1	56	#
130	827	22	57	#
131	827	12	5	57	#
132	827	23	4	57	#
133	827	12	2	4	57	#
134	827	23	2	5	57	#
135	391	1	#
136	695	18	#
137	466	9	#
138	908	8	24	58	#
139	908	3	21	58	#
140	908	8	2	21	58	#
141	908	3	2	24	58	#
142	908	8	12	7	58	#
143	738	7	11	#
144	384	11	#
145	881	21	59	#
146	881	2	24	59	#
147	881	3	8	24	59	#
148	881	23	7	59	#
149	881	2	12	7	59	#
150	881	21	60	#
151	881	2	24	60	#
152	881	3	8	24	60	#
153	881	23	7	60	#
154	881	2	12	7	60	#
155	971	19	61	#
156	971	11	15	61	#
157	545	6	62	#
158	545	0	1	62	#
159	908	8	24	63	#
160	908	3	21	63	#
161	908	8	2	21	63	#
162	908	3	2	24	63	#
163	908	8	12	7	63	#
164	35	2	#
165	1107	19	64	#
166	1107	15	11	64	#
167	908	16	65	#
168	908	2	18	0	65	#
169	908	3	8	18	0	65	#
170	778	22	#
171	52	8	#
172	707	15	0	66	#
173	707	7	1	66	#
174	340	1	#
175	483	6	67	#
176	483	1	0	67	#
177	390	7	#
178	500	11	#
179	490	9	#
180	776	4	17	68	#
181	776	4	3	10	68	#
182	776	5	8	10	68	#
183	776	4	2	8	10	68	#
184	776	5	2	17	68	#
185	822	0	20	#
186	1124	19	69	#
187	1124	11	15	69	#
188	1124	11	7	6	69	#
189	132	0	#
190	426	4	70	#
191	426	2	5	70	#
192	991	13	#
193	482	4	3	71	#
194	482	5	8	71	#
195	482	4	2	8	71	#
196	482	5	2	3	71	#
197	471	17	72	#
198	471	10	3	72	#
199	471	10	8	2	72	#
200	912	9	10	73	#
201	912	9	17	3	73	#
202	912	9	17	2	8	73	#
203	912	11	12	8	73	#
204	912	11	23	3	73	#
205	867	8	18	74	#
206	867	3	2	18	74	#
207	867	3	16	0	74	#
208	867	8	2	16	0	74	#
209	421	11	#
210	912	9	10	75	#
211	912	9	17	3	75	#
212	912	9	17	2	8	75	#
213	912	11	12	8	75	#
214	912	11	23	3	75	#
215	87	3	76	#
216	87	2	8	76	#
217	425	11	#
218	315	1	#
219	999	13	#
220	739	10	9	#
221	74	3	#
222	1184	19	77	#
223	1184	15	11	77	#
224	1184	6	7	11	77	#
225	1184	0	1	7	11	77	#
226	532	7	#
227	584	17	78	#
228	584	10	3	78	#
229	584	10	8	2	78	#
230	729	9	10	#
231	523	7	#
232	606	8	10	79	#
233	606	2	17	79	#
234	606	2	3	10	79	#
235	606	8	3	17	79	#
236	820	16	2	80	#
237	820	16	3	8	80	#
238	820	0	18	80	#
239	840	17	9	81	#
240	840	3	10	9	81	#
241	840	2	8	10	9	81	#
242	840	23	11	81	#
243	840	2	12	11	81	#
244	1152	13	82	#
245	1152	17	16	82	#
246	1152	10	3	16	82	#
247	1152	10	8	2	16	82	#
248	95	3	83	#
249	95	2	8	83	#
250	1180	13	84	#
251	1180	17	16	84	#
252	1180	10	3	16	84	#
253	1180	10	8	2	16	84	#
254	994	0	20	85	#
255	994	18	5	85	#
256	994	18	2	4	85	#
257	25	2	#
258	920	2	16	86	#
259	920	8	3	16	86	#
260	920	18	0	86	#
261	88	3	87	#
262	88	8	2	87	#
263	532	12	88	#
264	532	23	2	88	#
265	776	17	4	89	#
266	776	10	3	4	89	#
267	776	10	8	5	89	#
268	776	10	8	2	4	89	#
269	776	17	2	5	89	#
270	533	17	90	#
271	533	10	3	90	#
272	533	10	8	2	90	#
273	1143	19	91	#
274	1143	11	15	91	#
275	1143	11	7	6	91	#
276	1143	11	7	1	0	91	#
277	1187	0	13	92	#
278	1187	18	8	10	92	#
279	1187	18	2	17	92	#
280	1187	18	2	3	10	92	#
281	1187	0	16	17	92	#
282	912	10	9	93	#
283	912	3	17	9	93	#
284	912	8	2	17	9	93	#
285	912	8	12	11	93	#
286	912	3	23	11	93	#
287	940	11	7	#
288	662	23	94	#
289	662	12	2	94	#
290	662	12	8	3	94	#
291	564	15	#
292	904	24	95	#
293	904	2	21	95	#
294	904	12	7	95	#
295	904	8	3	21	95	#
296	904	2	23	7	95	#
297	827	22	96	#
298	827	12	5	96	#
299	827	23	4	96	#
300	827	12	2	4	96	#
301	827	23	2	5	96	#
302	814	16	97	#
303	814	0	18	2	97	#
304	1047	14	98	#
305	1047	6	20	98	#
306	1047	1	0	20	98	#
307	1047	21	4	98	#
308	1047	24	5	98	#
309	347	5	99	#
310	347	2	4	99	#
311	904	24	100	#
312	904	2	21	100	#
313	904	12	7	100	#
314	904	8	3	21	100	#
315	904	2	23	7	100	#
316	476	4	3	101	#
317	476	5	8	101	#
318	476	4	2	8	101	#
319	476	5	2	3	101	#
320	833	16	3	102	#
321	833	16	2	8	102	#
322	833	0	18	8	102	#
323	776	4	17	103	#
324	776	4	3	10	103	#
325	776	5	8	10	103	#
326	776	4	2	8	10	103	#
327	776	5	2	17	103	#
328	881	21	104	#
329	881	2	24	104	#
330	881	3	8	24	104	#
331	881	23	7	104	#
332	881	2	12	7	104	#
333	411	1	#
334	123	0	#
335	886	24	8	105	#
336	886	21	3	105	#
337	886	21	2	8	105	#
338	886	24	2	3	105	#
339	485	9	#
340	845	16	2	106	#
341	845	16	3	8	106	#
342	845	0	18	106	#
343	1053	13	#
344	443	8	10	#
345	904	24	107	#
346	904	2	21	107	#
347	904	12	7	107	#
348	904	8	3	21	107	#
349	904	2	23	7	107	#
350	717	23	108	#
351	717	12	2	108	#
352	717	12	8	3	108	#
353	72	8	#
354	682	15	#
355	676	16	#
356	859	20	#
357	704	20	#
358	308	1	#
359	705	16	#
360	66	8	#
361	900	3	16	109	#
362	900	8	2	16	109	#
363	900	8	18	0	109	#
364	900	3	2	18	0	109	#
365	430	4	3	110	#
366	430	5	8	110	#
367	430	4	2	8	110	#
368	430	5	2	3	110	#
369	476	8	10	111	#
370	476	2	17	111	#
371	476	2	3	10	111	#
372	725	23	112	#
373	725	12	2	112	#
374	725	12	8	3	112	#
375	837	24	113	#
376	837	21	2	113	#
377	847	9	10	#
378	474	7	#
379	497	10	8	114	#
380	497	17	2	114	#
381	497	10	3	2	114	#
382	858	21	115	#
383	858	2	24	115	#
384	619	17	116	#
385	619	10	3	116	#
386	619	10	8	2	116	#
387	960	19	117	#
388	960	11	15	117	#
389	357	1	#
390	321	1	#
391	438	9	#
392	490	7	#
393	459	6	118	#
394	459	1	0	118	#
395	451	17	119	#
396	451	10	3	119	#
397	451	10	8	2	119	#
398	317	1	#
399	484	9	#
400	792	15	120	#
401	792	6	7	120	#
402	792	0	1	7	120	#
403	359	9	#
404	25	2	#
405	384	4	121	#
406	384	5	2	121	#
407	818	16	122	#
408	818	0	18	2	122	#
409	851	11	7	#
410	863	8	10	9	123	#
411	863	2	17	9	123	#
412	863	2	3	10	9	123	#
413	863	12	11	123	#
414	863	2	23	11	123	#
415	85	3	124	#
416	85	2	8	124	#
417	827	22	125	#
418	827	12	5	125	#
419	827	23	4	125	#
420	827	12	2	4	125	#
421	827	23	2	5	125	#
422	767	16	#
423	776	4	17	126	#
424	776	4	3	10	126	#
425	776	5	8	10	126	#
426	776	4	2	8	10	126	#
427	776	5	2	17	126	#
428	728	7	11	#
429	676	15	#
430	881	21	127	#
431	881	24	2	127	#
432	881	24	8	3	127	#
433	881	7	23	127	#
434	881	7	12	2	127	#
435	662	8	12	128	#
436	662	3	23	128	#
437	662	3	2	12	128	#
438	662	8	2	23	128	#
439	731	10	9	#
440	735	20	#
441	110	0	#
442	593	8	12	129	#
443	593	3	23	129	#
444	593	3	2	12	129	#
445	593	8	2	23	129	#
446	500	10	#
447	1204	19	130	#
448	1204	15	11	130	#
449	1204	6	7	11	130	#
450	1204	0	1	7	11	130	#
451	1204	13	9	130	#
452	1006	14	#
453	507	6	131	#
454	507	1	0	131	#
455	642	16	#
456	571	8	10	132	#
457	571	2	17	132	#
458	571	2	3	10	132	#
459	571	8	3	17	132	#
460	83	3	133	#
461	83	2	8	133	#
462	867	18	2	134	#
463	867	0	16	134	#
464	867	18	8	3	134	#
465	881	21	135	#
466	881	2	24	135	#
467	881	3	8	24	135	#
468	881	23	7	135	#
469	881	2	12	7	135	#
470	1071	4	17	9	136	#
471	1071	4	3	10	9	136	#
472	1071	5	8	10	9	136	#
473	1071	4	2	8	10	9	136	#
474	1071	22	11	136	#
475	1204	19	137	#
476	1204	15	11	137	#
477	1204	6	7	11	137	#
478	1204	0	1	7	11	137	#
479	1204	13	9	137	#
480	674	16	2	#
481	747	8	18	#
482	322	5	138	#
483	322	4	2	138	#
484	1088	19	139	#
485	1088	11	15	139	#
486	698	23	140	#
487	698	2	12	140	#
488	698	3	8	12	140	#
489	533	10	141	#
490	533	3	17	141	#
491	533	8	2	17	141	#
492	414	1	#
493	35	2	#
494	357	1	#
495	729	18	2	#
496	764	16	#
497	335	9	#
498	1111	0	13	142	#
499	1111	18	8	10	142	#
500	776	4	17	143	#
501	776	4	3	10	143	#
502	776	5	8	10	143	#
503	776	4	2	8	10	143	#
504	776	5	2	17	143	#
505	530	7	#
506	783	9	10	#
507	99	3	144	#
508	99	8	2	144	#
509	822	16	3	145	#
510	822	16	2	8	145	#
511	822	0	18	8	145	#
512	121	0	#
513	112	0	#
514	1047	14	146	#
515	1047	20	6	146	#
516	1047	20	0	1	146	#
517	1047	4	21	146	#
518	1047	5	24	146	#
519	929	8	18	147	#
520	929	3	2	18	147	#
521	929	3	16	0	147	#
522	929	8	2	16	0	147	#
523	981	11	7	#
524	774	24	#
525	660	18	#
526	734	2	16	#
527	138	0	#
528	840	9	17	148	#
529	840	9	10	3	148	#
530	840	9	10	8	2	148	#
531	840	11	23	148	#
532	840	11	12	2	148	#
533	833	20	0	#
534	848	8	18	149	#
535	848	3	2	18	149	#
536	848	3	16	0	149	#
537	848	8	2	16	0	149	#
538	968	19	150	#
539	968	15	11	150	#
540	651	15	#
541	1187	13	0	151	#
542	1187	10	8	18	151	#
543	1187	17	2	18	151	#
544	1187	10	3	2	18	151	#
545	1187	17	16	0	151	#
546	457	9	#
547	468	10	#
548	1071	4	17	9	152	#
549	1071	4	3	10	9	152	#
550	1071	5	8	10	9	152	#
551	1071	4	2	8	10	9	152	#
552	1071	22	11	152	#
553	859	10	9	153	#
554	859	3	17	9	153	#
555	859	8	2	17	9	153	#
556	913	16	2	154	#
557	913	16	3	8	154	#
558	913	0	18	154	#
559	898	16	155	#
560	898	0	18	2	155	#
561	898	0	18	8	3	155	#
562	1136	9	11	7	#
563	123	0	#
564	827	22	156	#
565	827	5	12	156	#
566	827	4	23	156	#
567	827	4	2	12	156	#
568	827	5	2	23	156	#
569	394	1	#
570	614	17	157	#
571	614	3	10	157	#
572	614	2	8	10	157	#
573	1050	13	#
574	606	12	158	#
575	606	2	23	158	#
576	904	24	159	#
577	904	21	2	159	#
578	904	7	12	159	#
579	904	21	3	8	159	#
580	904	7	23	2	159	#
581	410	9	#
582	976	18	160	#
583	976	2	16	0	160	#
584	976	8	3	16	0	160	#
585	840	17	9	161	#
586	840	3	10	9	161	#
587	840	2	8	10	9	161	#
588	840	23	11	161	#
589	840	2	12	11	161	#
590	102	3	162	#
591	102	2	8	162	#
592	339	1	#
593	719	0	15	163	#
594	719	1	7	163	#
595	575	23	164	#
596	575	12	2	164	#
597	904	24	165	#
598	904	21	2	165	#
599	904	7	12	165	#
600	904	21	3	8	165	#
601	904	7	23	2	165	#
602	812	0	20	#
603	656	18	#
604	625	8	10	166	#
605	625	2	17	166	#
606	625	2	3	10	166	#
607	625	8	3	17	166	#
608	415	10	#
609	840	17	9	167	#
610	840	3	10	9	167	#
611	840	2	8	10	9	167	#
612	840	23	11	167	#
613	840	2	12	11	167	#
614	397	10	#
615	904	24	168	#
616	904	21	2	168	#
617	904	7	12	168	#
618	904	21	3	8	168	#
619	904	7	23	2	168	#
620	449	6	169	#
621	449	1	0	169	#
622	523	10	170	#
623	523	3	17	170	#
624	523	8	2	17	170	#
625	729	8	18	#
626	26	2	#
627	574	8	12	171	#
628	574	3	23	171	#
629	574	3	2	12	171	#
630	574	8	2	23	171	#
631	709	23	172	#
632	709	12	2	172	#
633	709	12	8	3	172	#
634	808	3	16	173	#
635	808	8	2	16	173	#
636	414	10	#
637	1058	19	174	#
638	1058	11	15	174	#
639	484	7	#
640	804	8	10	9	175	#
641	804	2	17	9	175	#
642	804	2	3	10	9	175	#
643	826	20	#
644	357	11	#
645	71	8	#
646	1021	0	20	176	#
647	1021	18	5	176	#
648	1021	18	2	4	176	#
649	902	8	24	177	#
650	902	3	21	177	#
651	902	8	2	21	177	#
652	902	3	2	24	177	#
653	476	8	10	178	#
654	476	2	17	178	#
655	476	2	3	10	178	#
656	428	11	#
657	653	17	179	#
658	653	10	3	179	#
659	653	10	8	2	179	#
660	776	17	4	180	#
661	776	10	3	4	180	#
662	776	10	8	5	180	#
663	776	10	8	2	4	180	#
664	776	17	2	5	180	#
665	314	1	#
666	397	5	181	#
667	397	4	2	181	#
668	1230	19	0	182	#
669	1230	11	15	0	182	#
670	1230	11	7	1	182	#
671	773	16	#
672	663	15	#
673	413	1	#
674	454	11	#
675	877	24	183	#
676	877	21	2	183	#
677	877	7	12	183	#
678	776	4	17	184	#
679	776	4	3	10	184	#
680	776	5	8	10	184	#
681	776	4	2	8	10	184	#
682	776	5	2	17	184	#
683	590	23	185	#
684	590	12	2	185	#
685	840	9	17	186	#
686	840	9	10	3	186	#
687	840	9	10	8	2	186	#
688	840	11	23	186	#
689	840	11	12	2	186	#
690	876	0	20	#
691	902	16	2	187	#
692	902	16	3	8	187	#
693	902	0	18	187	#
694	459	10	8	#
695	810	21	188	#
696	810	24	2	188	#
697	72	8	#
698	501	23	189	#
699	501	2	12	189	#
700	859	20	0	#
701	355	4	190	#
702	355	5	2	190	#
703	987	14	#
704	832	0	20	#
705	995	19	191	#
706	995	11	15	191	#
707	638	23	192	#
708	638	12	2	192	#
709	638	12	8	3	192	#
710	777	9	10	8	#
711	1112	13	193	#
712	1112	16	17	193	#
713	1112	16	3	10	193	#
714	1112	16	2	8	10	193	#
715	417	5	194	#
716	417	2	4	194	#
717	417	8	3	4	194	#
718	1187	13	0	195	#
719	1187	10	8	18	195	#
720	1187	17	2	18	195	#
721	1187	10	3	2	18	195	#
722	1187	17	16	0	195	#
723	1063	0	19	196	#
724	1063	0	15	11	196	#
725	1063	1	7	11	196	#
726	473	17	197	#
727	473	10	3	197	#
728	473	10	8	2	197	#
729	881	21	198	#
730	881	2	24	198	#
731	881	3	8	24	198	#
732	881	23	7	198	#
733	881	2	12	7	198	#
734	772	15	#
735	90	3	199	#
736	90	2	8	199	#
737	333	9	#
738	1071	4	17	9	200	#
739	1071	4	3	10	9	200	#
740	1071	5	8	10	9	200	#
741	1071	4	2	8	10	9	200	#
742	1071	22	11	200	#
743	1047	14	201	#
744	1047	20	6	201	#
745	1047	20	0	1	201	#
746	1047	4	21	201	#
747	1047	5	24	201	#
748	864	20	#
749	451	10	#
750	979	18	8	202	#
751	979	18	2	3	202	#
752	979	0	16	3	202	#
753	979	0	16	2	8	202	#
754	908	8	24	203	#
755	908	3	21	203	#
756	908	8	2	21	203	#
757	908	3	2	24	203	#
758	908	8	12	7	203	#
759	908	8	24	204	#
760	908	3	21	204	#
761	908	8	2	21	204	#
762	908	3	2	24	204	#
763	908	8	12	7	204	#
764	524	7	#
765	827	22	205	#
766	827	5	12	205	#
767	827	4	23	205	#
768	827	4	2	12	205	#
769	827	5	2	23	205	#
770	752	18	#
771	840	17	9	206	#
772	840	3	10	9	206	#
773	840	2	8	10	9	206	#
774	840	23	11	206	#
775	840	2	12	11	206	#
776	499	8	10	207	#
777	499	2	17	207	#
778	499	2	3	10	207	#
779	544	6	208	#
780	544	1	0	208	#
781	506	6	209	#
782	506	0	1	209	#
783	533	7	#
784	930	19	210	#
785	930	11	15	210	#
786	380	10	#
787	414	5	211	#
788	414	4	2	211	#
789	414	4	3	8	211	#
790	816	16	212	#
791	816	0	18	2	212	#
792	671	12	213	#
793	671	2	23	213	#
794	671	8	3	23	213	#
795	840	17	9	214	#
796	840	3	10	9	214	#
797	840	2	8	10	9	214	#
798	840	23	11	214	#
799	840	2	12	11	214	#
800	1007	14	#
801	146	0	#
802	74	8	#
803	881	21	215	#
804	881	2	24	215	#
805	881	3	8	24	215	#
806	881	23	7	215	#
807	881	2	12	7	215	#
808	561	12	216	#
809	561	2	23	216	#
810	827	22	217	#
811	827	5	12	217	#
812	827	4	23	217	#
813	827	4	2	12	217	#
814	827	5	2	23	217	#
815	776	8	18	218	#
816	776	3	2	18	218	#
817	751	16	#
818	962	18	2	219	#
819	962	0	16	219	#
820	962	18	8	3	219	#
821	834	2	18	220	#
822	834	16	0	220	#
823	834	3	8	18	220	#
824	857	3	16	221	#
825	857	8	2	16	221	#
826	857	8	18	0	221	#
827	908	24	8	222	#
828	908	21	3	222	#
829	908	21	2	8	222	#
830	908	24	2	3	222	#
831	908	7	12	8	222	#
832	990	18	2	223	#
833	990	0	16	223	#
834	990	18	8	3	223	#
835	1187	13	0	224	#
836	1187	10	8	18	224	#
837	1187	17	2	18	224	#
838	1187	10	3	2	18	224	#
839	1187	17	16	0	224	#
840	818	16	225	#
841	818	0	18	2	225	#
842	1071	9	17	4	226	#
843	1071	9	10	3	4	226	#
844	1071	9	10	8	5	226	#
845	1071	9	10	8	2	4	226	#
846	1071	11	22	226	#
847	775	15	#
848	1071	4	17	9	227	#
849	1071	4	3	10	9	227	#
850	1071	5	8	10	9	227	#
851	1071	4	2	8	10	9	227	#
852	1071	22	11	227	#
853	959	19	228	#
854	959	15	11	228	#
855	890	24	8	229	#
856	890	21	3	229	#
857	890	21	2	8	229	#
858	890	24	2	3	229	#
859	998	8	18	230	#
860	998	3	2	18	230	#
861	998	3	16	0	230	#
862	998	8	2	16	0	230	#
863	157	0	#
864	950	3	16	231	#
865	950	8	2	16	231	#
866	950	8	18	0	231	#
867	950	3	2	18	0	231	#
868	908	8	24	232	#
869	908	3	21	232	#
870	908	8	2	21	232	#
871	908	3	2	24	232	#
872	908	8	12	7	232	#
873	905	14	#
874	437	10	8	#
875	431	1	#
876	494	6	233	#
877	494	0	1	233	#
878	522	12	234	#
879	522	2	23	234	#
880	776	17	4	235	#
881	776	10	3	4	235	#
882	776	10	8	5	235	#
883	776	10	8	2	4	235	#
884	776	17	2	5	235	#
885	881	21	236	#
886	881	2	24	236	#
887	881	3	8	24	236	#
888	881	23	7	236	#
889	881	2	12	7	236	#
890	434	9	#
891	346	9	#
892	833	18	2	237	#
893	833	0	16	237	#
894	833	18	8	3	237	#
895	1104	13	0	238	#
896	1104	10	8	18	238	#
897	388	11	#
898	449	11	#
899	748	2	18	239	#
900	748	16	0	239	#
901	488	7	#
902	731	18	8	#
903	332	4	240	#
904	332	5	2	240	#
905	402	11	#
906	827	22	241	#
907	827	12	5	241	#
908	827	23	4	241	#
909	827	12	2	4	241	#
910	827	23	2	5	241	#
911	776	17	4	242	#
912	776	10	3	4	242	#
913	776	10	8	5	242	#
914	776	10	8	2	4	242	#
915	776	17	2	5	242	#
916	848	9	10	#
917	634	8	10	243	#
918	634	2	17	243	#
919	634	2	3	10	243	#
920	634	8	3	17	243	#
921	881	21	244	#
922	881	2	24	244	#
923	881	3	8	24	244	#
924	881	23	7	244	#
925	881	2	12	7	244	#
926	738	0	15	245	#
927	738	1	7	245	#
928	593	8	10	246	#
929	593	2	17	246	#
930	593	2	3	10	246	#
931	593	8	3	17	246	#
932	405	4	247	#
933	405	5	2	247	#
934	138	0	#
935	1104	0	13	248	#
936	1104	18	8	10	248	#
937	102	3	249	#
938	102	8	2	249	#
939	904	24	250	#
940	904	2	21	250	#
941	904	12	7	250	#
942	904	8	3	21	250	#
943	904	2	23	7	250	#
944	772	22	#
945	697	16	2	#
946	405	5	251	#
947	405	4	2	251	#
948	1047	14	252	#
949	1047	6	20	252	#
950	1047	1	0	20	252	#
951	1047	21	4	252	#
952	1047	24	5	252	#
953	400	1	#
954	109	0	#
955	826	20	0	#
956	1074	13	0	#
957	421	4	253	#
958	421	5	2	253	#
959	834	11	7	#
960	730	11	7	#
961	1038	19	254	#
962	1038	15	11	254	#
963	792	8	24	#
964	416	11	#
965	1071	4	17	9	255	#
966	1071	4	3	10	9	255	#
967	1071	5	8	10	9	255	#
968	1071	4	2	8	10	9	255	#
969	1071	22	11	255	#
970	92	3	256	#
971	92	8	2	256	#
972	1047	14	257	#
973	1047	6	20	257	#
974	1047	1	0	20	257	#
975	1047	21	4	257	#
976	1047	24	5	257	#
977	854	16	258	#
978	854	0	18	2	258	#
979	960	3	16	259	#
980	960	8	2	16	259	#
981	960	8	18	0	259	#
982	960	3	2	18	0	259	#
983	519	8	10	260	#
984	519	2	17	260	#
985	519	2	3	10	260	#
986	627	12	261	#
987	627	23	2	261	#
988	627	23	3	8	261	#
989	847	10	9	#
990	867	20	0	#
991	833	20	#
992	1112	0	19	262	#
993	1112	0	15	11	262	#
994	1112	1	7	11	262	#
995	785	9	10	#
996	821	2	16	263	#
997	821	8	3	16	263	#
998	821	18	0	263	#
999	411	6	264	#
1000	411	1	0	264	#
1001	125	0	#
1002	921	16	265	#
1003	921	2	18	0	265	#
1004	921	3	8	18	0	265	#
1005	921	4	20	265	#
1006	434	7	#
1007	434	10	#
1008	541	6	266	#
1009	541	1	0	266	#
1010	344	5	267	#
1011	344	2	4	267	#
1012	634	12	8	268	#
1013	634	23	3	268	#
1014	634	12	2	3	268	#
1015	634	23	2	8	268	#
1016	837	21	269	#
1017	837	2	24	269	#
1018	796	0	20	#
1019	833	21	270	#
1020	833	24	2	270	#
1021	776	18	271	#
1022	776	2	16	0	271	#
1023	125	0	#
1024	827	22	272	#
1025	827	5	12	272	#
1026	827	4	23	272	#
1027	827	4	2	12	272	#
1028	827	5	2	23	272	#
1029	975	8	18	273	#
1030	975	3	2	18	273	#
1031	975	3	16	0	273	#
1032	975	8	2	16	0	273	#
1033	503	11	#
1034	752	20	#
1035	901	16	3	274	#
1036	901	16	2	8	274	#
1037	901	0	18	8	274	#
1038	901	0	18	2	3	274	#
1039	421	7	#
1040	485	3	4	275	#
1041	485	8	5	275	#
1042	485	8	2	4	275	#
1043	485	3	2	5	275	#
1044	635	17	276	#
1045	635	3	10	276	#
1046	635	2	8	10	276	#
1047	326	4	#
1048	394	7	#
1049	1047	14	277	#
1050	1047	6	20	277	#
1051	1047	1	0	20	277	#
1052	1047	21	4	277	#
1053	1047	24	5	277	#
1054	1047	14	278	#
1055	1047	20	6	278	#
1056	1047	20	0	1	278	#
1057	1047	4	21	278	#
1058	1047	5	24	278	#
1059	52	8	#
1060	414	1	#
1061	768	16	#
1062	827	22	279	#
1063	827	12	5	279	#
1064	827	23	4	279	#
1065	827	12	2	4	279	#
1066	827	23	2	5	279	#
1067	881	21	280	#
1068	881	2	24	280	#
1069	881	3	8	24	280	#
1070	881	23	7	280	#
1071	881	2	12	7	280	#
1072	1047	14	281	#
1073	1047	6	20	281	#
1074	1047	1	0	20	281	#
1075	1047	21	4	281	#
1076	1047	24	5	281	#
1077	405	4	3	282	#
1078	405	5	8	282	#
1079	405	4	2	8	282	#
1080	405	5	2	3	282	#
1081	382	11	#
1082	881	21	283	#
1083	881	24	2	283	#
1084	881	24	8	3	283	#
1085	881	7	23	283	#
1086	881	7	12	2	283	#
1087	1174	19	0	284	#
1088	1174	11	15	0	284	#
1089	1174	11	7	1	284	#
1090	812	21	285	#
1091	812	2	24	285	#
1092	565	8	12	#
1093	855	10	9	286	#
1094	855	3	17	9	286	#
1095	855	8	2	17	9	286	#
1096	553	12	8	#
1097	807	2	18	287	#
1098	807	16	0	287	#
1099	807	3	8	18	287	#
1100	899	24	8	288	#
1101	899	21	3	288	#
1102	899	21	2	8	288	#
1103	899	24	2	3	288	#
1104	395	10	#
1105	900	9	10	289	#
1106	900	9	17	3	289	#
1107	900	9	17	2	8	289	#
1108	900	11	12	8	289	#
1109	776	4	17	290	#
1110	776	4	3	10	290	#
1111	776	5	8	10	290	#
1112	776	4	2	8	10	290	#
1113	776	5	2	17	290	#
1114	827	22	291	#
1115	827	12	5	291	#
1116	827	23	4	291	#
1117	827	12	2	4	291	#
1118	827	23	2	5	291	#
1119	592	17	292	#
1120	592	10	3	292	#
1121	592	10	8	2	292	#
1122	594	6	293	#
1123	594	1	0	293	#
1124	840	20	#
1125	647	12	294	#
1126	647	23	2	294	#
1127	647	23	3	8	294	#
1128	84	3	295	#
1129	84	8	2	295	#
1130	1047	14	296	#
1131	1047	20	6	296	#
1132	1047	20	0	1	296	#
1133	1047	4	21	296	#
1134	1047	5	24	296	#
1135	24	2	#
1136	1124	13	297	#
1137	1124	17	16	297	#
1138	1124	10	3	16	297	#
1139	1124	10	8	2	16	297	#
1140	552	10	298	#
1141	552	3	17	298	#
1142	552	8	2	17	298	#
1143	815	15	299	#
1144	815	6	7	299	#
1145	815	0	1	7	299	#
1146	904	24	300	#
1147	904	2	21	300	#
1148	904	12	7	300	#
1149	904	8	3	21	300	#
1150	904	2	23	7	300	#
1151	56	8	#
1152	385	5	301	#
1153	385	2	4	301	#
1154	346	1	#
1155	382	1	#
1156	1131	9	11	7	#
1157	675	20	#
1158	1187	13	0	302	#
1159	1187	10	8	18	302	#
1160	1187	17	2	18	302	#
1161	1187	10	3	2	18	302	#
1162	1187	17	16	0	302	#
1163	956	18	303	#
1164	956	2	16	0	303	#
1165	956	8	3	16	0	303	#
1166	1178	0	13	304	#
1167	1178	18	8	10	304	#
1168	1178	18	2	17	304	#
1169	1178	18	2	3	10	304	#
1170	1204	19	305	#
1171	1204	11	15	305	#
1172	1204	11	7	6	305	#
1173	1204	11	7	1	0	305	#
1174	1204	9	13	305	#
1175	912	10	9	306	#
1176	912	3	17	9	306	#
1177	912	8	2	17	9	306	#
1178	912	8	12	11	306	#
1179	912	3	23	11	306	#
1180	470	6	307	#
1181	470	0	1	307	#
1182	944	20	308	#
1183	944	16	4	308	#
1184	422	9	#
1185	481	10	8	309	#
1186	481	17	2	309	#
1187	481	10	3	2	309	#
1188	908	8	24	310	#
1189	908	3	21	310	#
1190	908	8	2	21	310	#
1191	908	3	2	24	310	#
1192	908	8	12	7	310	#
1193	904	24	311	#
1194	904	2	21	311	#
1195	904	12	7	311	#
1196	904	8	3	21	311	#
1197	904	2	23	7	311	#
1198	538	7	#
1199	366	5	312	#
1200	366	2	4	312	#
1201	386	4	3	313	#
1202	386	5	8	313	#
1203	386	4	2	8	313	#
1204	461	17	314	#
1205	461	10	3	314	#
1206	461	10	8	2	314	#
1207	433	9	#
1208	799	8	18	315	#
1209	799	3	2	18	315	#
1210	565	7	#
1211	681	12	316	#
1212	681	23	2	316	#
1213	681	23	3	8	316	#
1214	885	16	317	#
1215	885	0	18	2	317	#
1216	1071	4	17	9	318	#
1217	1071	4	3	10	9	318	#
1218	1071	5	8	10	9	318	#
1219	1071	4	2	8	10	9	318	#
1220	1071	22	11	318	#
1221	729	16	2	#
1222	760	16	#
1223	743	2	16	#
1224	107	3	319	#
1225	107	2	8	319	#
1226	1006	13	#
1227	1047	14	320	#
1228	1047	20	6	320	#
1229	1047	20	0	1	320	#
1230	1047	4	21	320	#
1231	1047	5	24	320	#
1232	601	8	12	321	#
1233	601	3	23	321	#
1234	601	3	2	12	321	#
1235	601	8	2	23	321	#
1236	651	23	322	#
1237	651	2	12	322	#
1238	651	3	8	12	322	#
1239	1071	4	17	9	323	#
1240	1071	4	3	10	9	323	#
1241	1071	5	8	10	9	323	#
1242	1071	4	2	8	10	9	323	#
1243	1071	22	11	323	#
1244	764	11	7	#
1245	702	18	#
1246	1063	9	11	7	#
1247	739	10	9	#
1248	402	10	#
1249	389	4	3	324	#
1250	389	5	8	324	#
1251	389	4	2	8	324	#
1252	764	16	#
1253	1179	0	13	325	#
1254	1179	18	8	10	325	#
1255	1179	18	2	17	325	#
1256	1179	18	2	3	10	325	#
1257	725	2	18	#
1258	606	15	#
1259	65	8	#
1260	545	6	326	#
1261	545	1	0	326	#
1262	918	16	2	327	#
1263	918	16	3	8	327	#
1264	918	0	18	327	#
1265	814	9	10	#
1266	418	1	#
1267	840	20	#
1268	1093	19	328	#
1269	1093	15	11	328	#
1270	908	24	8	329	#
1271	908	21	3	329	#
1272	908	21	2	8	329	#
1273	908	24	2	3	329	#
1274	908	7	12	8	329	#
1275	1187	0	13	330	#
1276	1187	18	8	10	330	#
1277	1187	18	2	17	330	#
1278	1187	18	2	3	10	330	#
1279	1187	0	16	17	330	#
1280	769	16	3	331	#
1281	769	16	2	8	331	#
1282	824	22	332	#
1283	824	12	5	332	#
1284	824	23	4	332	#
1285	824	12	2	4	332	#
1286	817	8	18	333	#
1287	817	3	2	18	333	#
1288	817	3	16	0	333	#
1289	817	8	2	16	0	333	#
1290	370	4	334	#
1291	370	2	5	334	#
1292	560	7	#
1293	924	18	2	335	#
1294	924	0	16	335	#
1295	924	18	8	3	335	#
1296	632	12	336	#
1297	632	23	2	336	#
1298	632	23	3	8	336	#
1299	426	6	337	#
1300	426	0	1	337	#
1301	450	3	4	338	#
1302	450	8	5	338	#
1303	450	8	2	4	338	#
1304	450	3	2	5	338	#
1305	351	4	339	#
1306	351	2	5	339	#
1307	1175	0	13	340	#
1308	1175	18	8	10	340	#
1309	1175	18	2	17	340	#
1310	1175	18	2	3	10	340	#
1311	881	21	341	#
1312	881	2	24	341	#
1313	881	3	8	24	341	#
1314	881	23	7	341	#
1315	881	2	12	7	341	#
1316	447	10	#
1317	613	15	#
1318	455	17	342	#
1319	455	3	10	342	#
1320	455	2	8	10	342	#
1321	841	16	2	343	#
1322	841	16	3	8	343	#
1323	841	0	18	343	#
1324	449	7	#
1325	314	5	344	#
1326	314	4	2	344	#
1327	110	0	#
1328	96	3	345	#
1329	96	2	8	345	#
1330	147	0	#
1331	760	24	#
1332	881	21	346	#
1333	881	24	2	346	#
1334	881	24	8	3	346	#
1335	881	7	23	346	#
1336	881	7	12	2	346	#
1337	997	13	#
1338	1072	13	#
1339	435	5	347	#
1340	435	4	2	347	#
1341	435	4	3	8	347	#
1342	501	11	#
1343	517	3	4	348	#
1344	517	8	5	348	#
1345	517	8	2	4	348	#
1346	517	3	2	5	348	#
1347	111	0	#
1348	502	12	#
1349	406	5	349	#
1350	406	2	4	349	#
1351	1071	9	17	4	350	#
1352	1071	9	10	3	4	350	#
1353	1071	9	10	8	5	350	#
1354	1071	9	10	8	2	4	350	#
1355	1071	11	22	350	#
1356	1071	9	17	4	351	#
1357	1071	9	10	3	4	351	#
1358	1071	9	10	8	5	351	#
1359	1071	9	10	8	2	4	351	#
1360	1071	11	22	351	#
1361	840	9	17	352	#
1362	840	9	10	3	352	#
1363	840	9	10	8	2	352	#
1364	840	11	23	352	#
1365	840	11	12	2	352	#
1366	852	8	24	353	#
1367	852	3	21	353	#
1368	852	8	2	21	353	#
1369	852	3	2	24	353	#
1370	878	13	#
1371	775	2	16	354	#
1372	775	8	3	16	354	#
1373	775	18	0	354	#
1374	930	18	8	355	#
1375	930	18	2	3	355	#
1376	930	0	16	3	355	#
1377	930	0	16	2	8	355	#
1378	881	21	356	#
1379	881	2	24	356	#
1380	881	3	8	24	356	#
1381	881	23	7	356	#
1382	881	2	12	7	356	#
1383	367	9	#
1384	881	21	357	#
1385	881	2	24	357	#
1386	881	3	8	24	357	#
1387	881	23	7	357	#
1388	881	2	12	7	357	#
1389	1065	13	#
1390	493	11	#
1391	674	16	#
1392	752	16	2	#
1393	744	0	15	358	#
1394	744	1	7	358	#
1395	1149	13	359	#
1396	1149	16	17	359	#
1397	1149	16	3	10	359	#
1398	1149	16	2	8	10	359	#
1399	763	20	0	#
1400	793	11	7	#
1401	1107	7	11	9	#
1402	838	16	3	360	#
1403	838	16	2	8	360	#
1404	838	0	18	8	360	#
1405	479	7	#
1406	431	9	#
1407	700	18	#
1408	810	8	24	#
1409	552	6	361	#
1410	552	1	0	361	#
1411	678	16	#
1412	554	7	#
1413	886	18	2	362	#
1414	886	0	16	362	#
1415	886	18	8	3	362	#
1416	358	3	4	363	#
1417	358	8	5	363	#
1418	678	2	16	#
1419	391	7	#
1420	462	11	#
1421	73	8	#
1422	742	16	3	364	#
1423	742	16	2	8	364	#
1424	806	2	18	365	#
1425	806	16	0	365	#
1426	806	3	8	18	365	#
1427	401	4	366	#
1428	401	5	2	366	#
1429	116	0	#
1430	397	1	#
1431	1198	19	0	367	#
1432	1198	11	15	0	367	#
1433	1198	11	7	1	367	#
1434	904	24	368	#
1435	904	2	21	368	#
1436	904	12	7	368	#
1437	904	8	3	21	368	#
1438	904	2	23	7	368	#
1439	880	24	369	#
1440	880	2	21	369	#
1441	880	12	7	369	#
1442	88	3	370	#
1443	88	8	2	370	#
1444	415	5	371	#
1445	415	4	2	371	#
1446	415	4	3	8	371	#
1447	908	8	24	372	#
1448	908	3	21	372	#
1449	908	8	2	21	372	#
1450	908	3	2	24	372	#
1451	908	8	12	7	372	#
1452	861	18	2	373	#
1453	861	0	16	373	#
1454	861	18	8	3	373	#
1455	881	21	374	#
1456	881	24	2	374	#
1457	881	24	8	3	374	#
1458	881	7	23	374	#
1459	881	7	12	2	374	#
1460	764	17	4	375	#
1461	764	10	3	4	375	#
1462	764	10	8	5	375	#
1463	764	10	8	2	4	375	#
1464	589	23	376	#
1465	589	2	12	376	#
1466	378	1	#
1467	485	10	#
1468	113	0	#
1469	524	23	377	#
1470	524	12	2	377	#
1471	749	16	#
1472	780	16	3	378	#
1473	780	16	2	8	378	#
1474	387	4	379	#
1475	387	5	2	379	#
1476	502	3	4	380	#
1477	502	8	5	380	#
1478	502	8	2	4	380	#
1479	502	3	2	5	380	#
1480	114	0	#
1481	942	18	381	#
1482	942	0	16	2	381	#
1483	942	0	16	3	8	381	#
1484	564	23	382	#
1485	564	12	2	382	#
1486	439	11	#
1487	899	7	11	#
1488	1047	14	383	#
1489	1047	6	20	383	#
1490	1047	1	0	20	383	#
1491	1047	21	4	383	#
1492	1047	24	5	383	#
1493	70	8	#
1494	843	16	3	384	#
1495	843	16	2	8	384	#
1496	843	0	18	8	384	#
1497	824	9	10	8	385	#
1498	824	9	17	2	385	#
1499	824	9	10	3	2	385	#
1500	824	11	12	385	#
1501	551	12	386	#
1502	551	23	2	386	#
1503	373	3	4	387	#
1504	373	8	5	387	#
1505	373	8	2	4	387	#
1506	470	10	#
1507	1005	13	#
1508	613	12	388	#
1509	613	2	23	388	#
1510	525	12	389	#
1511	525	23	2	389	#
1512	124	0	#
1513	390	1	#
1514	609	23	390	#
1515	609	2	12	390	#
1516	609	3	8	12	390	#
1517	549	7	#
1518	309	1	#
1519	1179	0	19	391	#
1520	1179	0	15	11	391	#
1521	1179	1	7	11	391	#
1522	399	4	3	392	#
1523	399	5	8	392	#
1524	399	4	2	8	392	#
1525	527	10	393	#
1526	527	17	3	393	#
1527	527	17	2	8	393	#
1528	881	21	394	#
1529	881	2	24	394	#
1530	881	3	8	24	394	#
1531	881	23	7	394	#
1532	881	2	12	7	394	#
1533	564	23	395	#
1534	564	12	2	395	#
1535	474	4	3	396	#
1536	474	5	8	396	#
1537	474	4	2	8	396	#
1538	474	5	2	3	396	#
1539	853	18	397	#
1540	853	0	16	2	397	#
1541	506	23	398	#
1542	506	12	2	398	#
1543	78	3	399	#
1544	78	2	8	399	#
1545	756	2	18	400	#
1546	756	16	0	400	#
1547	490	12	#
1548	346	11	#
1549	1047	14	401	#
1550	1047	20	6	401	#
1551	1047	20	0	1	401	#
1552	1047	4	21	401	#
1553	1047	5	24	401	#
1554	625	23	402	#
1555	625	2	12	402	#
1556	625	3	8	12	402	#
1557	561	23	403	#
1558	561	12	2	403	#
1559	127	0	#
1560	921	20	404	#
1561	921	16	4	404	#
1562	1013	14	#
1563	945	16	3	405	#
1564	945	16	2	8	405	#
1565	945	0	18	8	405	#
1566	945	0	18	2	3	405	#
1567	542	23	406	#
1568	542	12	2	406	#
1569	908	8	24	407	#
1570	908	3	21	407	#
1571	908	8	2	21	407	#
1572	908	3	2	24	407	#
1573	908	8	12	7	407	#
1574	1100	0	13	408	#
1575	1100	18	8	10	408	#
1576	740	20	#
1577	799	16	409	#
1578	799	0	18	2	409	#
1579	29	2	#
1580	533	17	410	#
1581	533	10	3	410	#
1582	533	10	8	2	410	#
1583	972	13	#
1584	75	3	#
1585	1047	14	411	#
1586	1047	6	20	411	#
1587	1047	1	0	20	411	#
1588	1047	21	4	411	#
1589	1047	24	5	411	#
1590	31	2	#
1591	596	12	8	412	#
1592	596	23	3	412	#
1593	596	12	2	3	412	#
1594	596	23	2	8	412	#
1595	407	7	#
1596	424	1	#
1597	640	15	#
1598	910	14	#
1599	438	7	#
1600	840	9	17	413	#
1601	840	9	10	3	413	#
1602	840	9	10	8	2	413	#
1603	840	11	23	413	#
1604	840	11	12	2	413	#
1605	699	2	16	#
1606	563	12	414	#
1607	563	23	2	414	#
1608	840	9	17	415	#
1609	840	9	10	3	415	#
1610	840	9	10	8	2	415	#
1611	840	11	23	415	#
1612	840	11	12	2	415	#
1613	390	9	#
1614	26	2	#
1615	569	12	416	#
1616	569	2	23	416	#
1617	1011	14	#
1618	421	7	#
1619	826	16	417	#
1620	826	0	18	2	417	#
1621	935	7	11	#
1622	854	18	418	#
1623	854	0	16	2	418	#
1624	792	18	8	419	#
1625	792	18	2	3	419	#
1626	767	2	16	420	#
1627	767	8	3	16	420	#
1628	767	18	0	420	#
1629	433	6	421	#
1630	433	0	1	421	#
1631	881	21	422	#
1632	881	2	24	422	#
1633	881	3	8	24	422	#
1634	881	23	7	422	#
1635	881	2	12	7	422	#
1636	726	18	#
1637	152	0	#
1638	101	3	423	#
1639	101	8	2	423	#
1640	371	5	424	#
1641	371	2	4	424	#
1642	731	18	2	#
1643	657	20	#
1644	644	8	12	425	#
1645	644	3	23	425	#
1646	644	3	2	12	425	#
1647	644	8	2	23	425	#
1648	73	3	#
1649	908	8	24	426	#
1650	908	3	21	426	#
1651	908	8	2	21	426	#
1652	908	3	2	24	426	#
1653	908	8	12	7	426	#
1654	161	0	#
1655	493	10	#
1656	694	2	16	#
1657	894	9	10	427	#
1658	894	9	17	3	427	#
1659	894	9	17	2	8	427	#
1660	894	11	12	8	427	#
1661	776	4	17	428	#
1662	776	4	3	10	428	#
1663	776	5	8	10	428	#
1664	776	4	2	8	10	428	#
1665	776	5	2	17	428	#
1666	1033	20	0	429	#
1667	1033	5	18	429	#
1668	1033	4	2	18	429	#
1669	1033	4	16	0	429	#
1670	858	2	18	430	#
1671	858	16	0	430	#
1672	858	3	8	18	430	#
1673	879	21	431	#
1674	879	24	2	431	#
1675	879	24	8	3	431	#
1676	994	18	2	432	#
1677	994	0	16	432	#
1678	994	18	8	3	432	#
1679	429	5	433	#
1680	429	2	4	433	#
1681	429	8	3	4	433	#
1682	544	10	8	434	#
1683	544	17	2	434	#
1684	544	10	3	2	434	#
1685	75	3	#
1686	701	15	0	435	#
1687	701	7	1	435	#
1688	66	8	#
1689	466	11	#
1690	394	4	436	#
1691	394	2	5	436	#
1692	64	8	#
1693	1075	13	0	#
1694	506	4	3	437	#
1695	506	5	8	437	#
1696	506	4	2	8	437	#
1697	506	5	2	3	437	#
1698	34	2	#
1699	84	3	438	#
1700	84	2	8	438	#
1701	827	22	439	#
1702	827	12	5	439	#
1703	827	23	4	439	#
1704	827	12	2	4	439	#
1705	827	23	2	5	439	#
1706	1126	13	440	#
1707	1126	16	17	440	#
1708	1126	16	3	10	440	#
1709	1126	16	2	8	10	440	#
1710	804	2	18	441	#
1711	804	16	0	441	#
1712	804	3	8	18	441	#
1713	1047	14	442	#
1714	1047	20	6	442	#
1715	1047	20	0	1	442	#
1716	1047	4	21	442	#
1717	1047	5	24	442	#
1718	819	18	443	#
1719	819	2	16	0	443	#
1720	776	17	4	444	#
1721	776	10	3	4	444	#
1722	776	10	8	5	444	#
1723	776	10	8	2	4	444	#
1724	776	17	2	5	444	#
1725	451	9	#
1726	645	12	445	#
1727	645	23	2	445	#
1728	645	23	3	8	445	#
1729	387	5	446	#
1730	387	2	4	446	#
1731	1192	19	0	447	#
1732	1192	11	15	0	447	#
1733	1192	11	7	1	447	#
1734	354	11	#
1735	832	16	3	448	#
1736	832	16	2	8	448	#
1737	832	0	18	8	448	#
1738	1071	4	17	9	449	#
1739	1071	4	3	10	9	449	#
1740	1071	5	8	10	9	449	#
1741	1071	4	2	8	10	9	449	#
1742	1071	22	11	449	#
1743	833	2	18	450	#
1744	833	16	0	450	#
1745	833	3	8	18	450	#
1746	361	5	451	#
1747	361	2	4	451	#
1748	464	11	#
1749	486	12	#
1750	1051	19	0	452	#
1751	1051	11	15	0	452	#
1752	1051	11	7	1	452	#
1753	728	15	#
1754	87	3	453	#
1755	87	2	8	453	#
1756	749	20	0	#
1757	913	18	454	#
1758	913	2	16	0	454	#
1759	913	8	3	16	0	454	#
1760	927	20	455	#
1761	927	4	16	455	#
1762	344	5	456	#
1763	344	2	4	456	#
1764	793	16	3	457	#
1765	793	16	2	8	457	#
1766	434	10	#
1767	488	17	458	#
1768	488	10	3	458	#
1769	488	10	8	2	458	#
1770	937	16	459	#
1771	937	0	18	2	459	#
1772	937	0	18	8	3	459	#
1773	937	20	4	459	#
1774	112	0	#
1775	845	3	16	460	#
1776	845	8	2	16	460	#
1777	845	8	18	0	460	#
1778	1139	7	11	9	#
1779	373	9	#
1780	359	4	3	461	#
1781	359	5	8	461	#
1782	26	2	#
1783	714	3	16	462	#
1784	714	8	2	16	462	#
1785	123	0	#
1786	776	17	4	463	#
1787	776	10	3	4	463	#
1788	776	10	8	5	463	#
1789	776	10	8	2	4	463	#
1790	776	17	2	5	463	#
1791	36	2	#
1792	919	20	464	#
1793	919	4	16	464	#
1794	590	12	8	465	#
1795	590	23	3	465	#
1796	590	12	2	3	465	#
1797	590	23	2	8	465	#
1798	910	18	8	466	#
1799	910	18	2	3	466	#
1800	910	0	16	3	466	#
1801	910	0	16	2	8	466	#
1802	826	8	10	9	467	#
1803	826	2	17	9	467	#
1804	826	2	3	10	9	467	#
1805	826	12	11	467	#
1806	396	7	#
1807	852	8	10	9	468	#
1808	852	2	17	9	468	#
1809	852	2	3	10	9	468	#
1810	852	12	11	468	#
1811	1029	14	#
1812	466	11	#
1813	1085	13	469	#
1814	1085	17	16	469	#
1815	1085	10	3	16	469	#
1816	1085	10	8	2	16	469	#
1817	785	11	7	#
1818	782	2	18	470	#
1819	782	16	0	470	#
1820	782	3	8	18	470	#
1821	584	23	471	#
1822	584	12	2	471	#
1823	1071	4	17	9	472	#
1824	1071	4	3	10	9	472	#
1825	1071	5	8	10	9	472	#
1826	1071	4	2	8	10	9	472	#
1827	1071	22	11	472	#
1828	311	4	#
1829	321	5	473	#
1830	321	4	2	473	#
1831	637	12	8	474	#
1832	637	23	3	474	#
1833	637	12	2	3	474	#
1834	637	23	2	8	474	#
1835	118	0	#
1836	471	10	#
1837	402	11	#
1838	846	18	8	475	#
1839	846	18	2	3	475	#
1840	846	0	16	3	475	#
1841	846	0	16	2	8	475	#
1842	992	8	18	476	#
1843	992	3	2	18	476	#
1844	992	3	16	0	476	#
1845	992	8	2	16	0	476	#
1846	917	14	#
1847	827	22	477	#
1848	827	5	12	477	#
1849	827	4	23	477	#
1850	827	4	2	12	477	#
1851	827	5	2	23	477	#
1852	774	20	#
1853	920	16	3	478	#
1854	920	16	2	8	478	#
1855	920	0	18	8	478	#
1856	920	0	18	2	3	478	#
1857	791	10	9	#
1858	665	12	479	#
1859	665	23	2	479	#
1860	665	23	3	8	479	#
1861	664	23	480	#
1862	664	12	2	480	#
1863	664	12	8	3	480	#
1864	362	1	#
1865	90	3	481	#
1866	90	8	2	481	#
1867	415	9	#
1868	1138	0	19	482	#
1869	1138	0	15	11	482	#
1870	1138	1	7	11	482	#
1871	137	0	#
1872	908	8	24	483	#
1873	908	3	21	483	#
1874	908	8	2	21	483	#
1875	908	3	2	24	483	#
1876	908	8	12	7	483	#
1877	776	17	4	484	#
1878	776	10	3	4	484	#
1879	776	10	8	5	484	#
1880	776	10	8	2	4	484	#
1881	776	17	2	5	484	#
1882	849	18	8	485	#
1883	849	18	2	3	485	#
1884	849	0	16	3	485	#
1885	849	0	16	2	8	485	#
1886	385	10	#
1887	1071	9	17	4	486	#
1888	1071	9	10	3	4	486	#
1889	1071	9	10	8	5	486	#
1890	1071	9	10	8	2	4	486	#
1891	1071	11	22	486	#
1892	140	0	#
1893	827	22	487	#
1894	827	5	12	487	#
1895	827	4	23	487	#
1896	827	4	2	12	487	#
1897	827	5	2	23	487	#
1898	74	8	#
1899	388	10	#
1900	493	12	#
1901	776	4	17	488	#
1902	776	4	3	10	488	#
1903	776	5	8	10	488	#
1904	776	4	2	8	10	488	#
1905	776	5	2	17	488	#
1906	1001	13	#
1907	733	18	#
1908	1071	9	17	4	489	#
1909	1071	9	10	3	4	489	#
1910	1071	9	10	8	5	489	#
1911	1071	9	10	8	2	4	489	#
1912	1071	11	22	489	#
1913	1098	19	0	490	#
1914	1098	11	15	0	490	#
1915	1098	11	7	1	490	#
1916	391	10	#
1917	1082	0	19	491	#
1918	1082	0	15	11	491	#
1919	1082	1	7	11	491	#
1920	875	20	#
1921	1047	14	492	#
1922	1047	6	20	492	#
1923	1047	1	0	20	492	#
1924	1047	21	4	492	#
1925	1047	24	5	492	#
1926	384	4	493	#
1927	384	5	2	493	#
1928	768	9	10	8	#
1929	454	10	8	#
1930	776	17	4	494	#
1931	776	10	3	4	494	#
1932	776	10	8	5	494	#
1933	776	10	8	2	4	494	#
1934	776	17	2	5	494	#
1935	559	10	495	#
1936	559	3	17	495	#
1937	559	8	2	17	495	#
1938	473	11	#
1939	687	0	15	496	#
1940	687	1	7	496	#
1941	872	24	8	497	#
1942	872	21	3	497	#
1943	872	21	2	8	497	#
1944	872	24	2	3	497	#
1945	1166	13	498	#
1946	1166	16	17	498	#
1947	1166	16	3	10	498	#
1948	1166	16	2	8	10	498	#
1949	932	0	20	#
1950	756	2	18	499	#
1951	756	16	0	499	#
1952	654	8	12	500	#
1953	654	3	23	500	#
1954	654	3	2	12	500	#
1955	654	8	2	23	500	#
1956	794	16	2	501	#
1957	794	16	3	8	501	#
1958	794	0	18	501	#
1959	97	3	502	#
1960	97	8	2	502	#
1961	879	0	20	#
1962	1114	19	503	#
1963	1114	15	11	503	#
1964	356	4	504	#
1965	356	2	5	504	#
1966	373	11	#
1967	725	18	#
1968	776	17	4	505	#
1969	776	10	3	4	505	#
1970	776	10	8	5	505	#
1971	776	10	8	2	4	505	#
1972	776	17	2	5	505	#
1973	533	23	506	#
1974	533	2	12	506	#
1975	424	4	507	#
1976	424	2	5	507	#
1977	938	16	3	508	#
1978	938	16	2	8	508	#
1979	938	0	18	8	508	#
1980	938	0	18	2	3	508	#
1981	1076	13	#
1982	1071	9	17	4	509	#
1983	1071	9	10	3	4	509	#
1984	1071	9	10	8	5	509	#
1985	1071	9	10	8	2	4	509	#
1986	1071	11	22	509	#
1987	840	17	9	510	#
1988	840	3	10	9	510	#
1989	840	2	8	10	9	510	#
1990	840	23	11	510	#
1991	840	2	12	11	510	#
1992	421	9	#
1993	776	4	17	511	#
1994	776	4	3	10	511	#
1995	776	5	8	10	511	#
1996	776	4	2	8	10	511	#
1997	776	5	2	17	511	#
1998	327	1	#
1999	557	10	8	512	#
2000	557	17	2	512	#
2001	557	10	3	2	512	#
