%% File generated by CATS v.2.1Tue Aug 20 18:57:08 2019

%% The CATS webpage is http://robotics.stanford.edu/CATS

%% PARAMETER SETTINGS:
% Goods: 40; Bids: 1600; Distribution: regions; Runs: 10; Seed: 1566345379
% Regions Distribution Parameters:
% Max Substitutable Bids = 5
% Removing HV Neighbor   = 0.1
% Adding DIAG Neighbor   = 0.2
% Additional Location    = 0.9
% Jump Probability       = 0.05
% Additivity             = 0.2
% Budget Factor          = 1.5
% Resale Factor          = 0.5
% Uniform Private Value:
%   Deviation            = 0.5
%   Max Good Value       = 100



goods 40
bids 1601
dummy 288

0	1391755	29	35	23	22	28	21	34	15	18	27	9	10	14	12	8	2	13	20	7	4	26	40	#
1	1623677	18	12	13	7	19	1	20	2	21	0	26	14	15	8	25	9	31	32	3	33	30	40	#
2	1555821	7	8	13	6	12	1	29	9	14	0	2	15	3	4	21	35	20	18	19	34	5	40	#
3	1548615	13	7	8	1	2	12	9	18	15	0	19	20	14	21	3	22	25	26	23	31	10	40	#
4	1540777	23	17	11	29	22	21	15	14	9	3	8	20	5	26	2	4	10	7	1	0	25	40	#
5	1534276	12	18	19	6	25	0	26	31	7	13	20	32	33	1	2	21	22	3	14	8	30	40	#
6	87039	7	6	#
7	473553	8	14	21	7	27	34	20	41	#
8	614175	27	34	26	21	25	28	22	41	#
9	599424	34	28	35	27	22	21	26	41	#
10	598331	20	26	25	14	21	19	24	41	#
11	500465	7	13	1	12	0	26	25	41	#
12	472673	14	20	21	27	22	23	26	41	#
13	1227517	33	27	26	32	21	34	28	15	35	31	29	23	22	14	16	30	24	17	20	9	10	42	#
14	1464181	21	14	22	28	15	27	16	26	34	11	20	35	17	33	5	8	9	23	2	10	1	42	#
15	1444284	28	34	35	22	23	16	11	17	10	15	9	4	14	8	5	21	27	33	26	20	2	42	#
16	1436452	34	28	27	26	22	23	35	16	11	17	21	5	15	33	9	14	32	8	10	7	6	42	#
17	1417869	22	28	23	16	10	11	15	21	34	35	17	29	20	5	4	9	14	8	26	2	19	42	#
18	1410540	32	26	33	31	27	20	34	28	22	30	35	14	8	37	24	15	19	9	7	16	11	42	#
19	519177	33	27	21	34	35	15	43	#
20	587856	15	16	14	9	21	27	43	#
21	580659	21	15	14	20	16	19	43	#
22	547309	34	27	21	15	28	16	43	#
23	493032	33	27	21	14	34	35	43	#
24	472565	35	29	34	27	23	28	43	#
25	535693	38	0	6	12	13	16	1	44	#
26	600336	1	0	6	38	2	8	9	44	#
27	598762	6	0	7	16	8	15	13	44	#
28	529311	13	7	8	31	32	33	30	44	#
29	511091	38	39	36	18	19	24	35	44	#
30	492884	12	6	13	0	8	11	10	44	#
31	45260	29	#
32	1000723	16	22	10	9	21	3	14	20	2	4	8	19	7	28	25	45	#
33	1129520	7	8	14	21	6	13	20	9	19	3	2	10	27	33	34	45	#
34	1111948	8	7	13	14	20	21	4	19	15	28	22	27	6	25	16	45	#
35	1105372	2	8	7	9	14	20	10	13	6	21	11	17	1	16	3	45	#
36	1037403	21	20	19	14	8	7	6	0	28	1	15	16	10	22	13	45	#
37	1031743	20	14	21	22	8	37	28	34	27	9	33	16	11	3	32	45	#
38	419304	23	29	35	15	17	34	46	#
39	438634	15	9	3	14	2	8	46	#
40	416635	23	17	29	35	9	10	46	#
41	373350	29	35	23	17	34	16	46	#
42	342773	35	31	4	5	29	10	46	#
43	287966	17	23	29	16	10	4	46	#
44	354013	30	31	25	24	19	47	#
45	355773	31	30	32	26	27	47	#
46	339291	24	18	25	12	19	47	#
47	330075	25	31	26	32	27	47	#
48	324021	19	25	26	20	31	47	#
49	177023	13	7	1	12	48	#
50	258114	13	7	6	1	48	#
51	252489	12	18	24	19	48	#
52	749446	14	20	15	26	25	24	31	6	30	49	#
53	806603	20	26	25	21	14	27	15	38	33	49	#
54	790577	30	31	24	25	19	20	21	15	26	49	#
55	758795	15	14	8	16	21	27	26	22	25	49	#
56	742246	14	21	20	15	26	19	22	28	27	49	#
57	711735	25	19	31	26	20	14	21	18	15	49	#
58	568309	13	7	8	9	3	12	4	34	2	5	50	#
59	701638	8	9	10	15	16	14	2	11	5	3	50	#
60	699275	5	1	2	4	8	34	3	9	28	27	50	#
61	689552	3	2	4	5	9	10	8	14	15	16	50	#
62	665076	34	28	27	26	32	22	31	30	25	24	50	#
63	569306	7	8	13	9	2	19	3	18	12	25	50	#
64	188949	5	4	#
65	152316	0	1	7	51	#
66	198296	1	7	8	51	#
67	170404	7	8	13	51	#
68	1001026	18	12	19	20	26	13	14	15	21	25	7	9	24	52	#
69	1167903	25	31	26	24	20	18	30	19	14	8	12	21	15	52	#
70	1143105	26	20	14	19	25	15	9	18	31	3	21	2	8	52	#
71	1121138	12	18	19	20	26	14	7	21	1	17	8	9	15	52	#
72	1108753	9	3	15	4	5	8	14	20	11	19	26	7	1	52	#
73	1064198	7	8	9	15	14	2	21	20	1	0	19	3	28	52	#
74	98921	30	#
75	1913712	22	21	14	20	16	1	8	9	11	17	0	5	3	10	2	6	15	7	23	18	13	19	29	35	27	26	32	31	28	34	25	30	24	33	4	12	53	#
76	2038376	18	5	19	20	32	21	24	31	14	30	22	8	16	10	15	25	9	4	2	1	37	11	7	26	3	28	6	34	0	27	35	29	13	23	17	36	53	#
77	1989296	17	23	16	29	22	10	35	21	20	27	30	14	9	26	8	3	24	28	4	2	15	11	5	1	34	18	32	12	13	7	25	37	19	0	6	31	53	#
78	1986908	5	11	10	34	16	15	9	8	14	22	20	2	35	29	21	3	7	1	17	28	13	27	19	0	12	6	4	23	26	32	36	31	25	30	18	24	53	#
79	1981088	31	30	24	25	18	32	26	27	19	34	35	20	21	29	22	14	28	16	8	15	9	7	10	11	3	2	23	1	0	13	17	5	39	4	6	12	53	#
80	1974681	24	30	18	19	31	32	26	14	27	8	20	21	22	16	9	25	7	6	1	3	0	2	28	4	34	35	10	29	33	11	39	13	23	36	12	5	53	#
81	848786	26	20	32	19	18	31	12	30	25	6	24	13	54	#
82	1028029	13	12	6	18	0	7	8	1	2	19	24	25	54	#
83	1012735	24	25	18	19	31	12	6	13	0	32	27	8	54	#
84	966875	32	31	25	2	19	24	18	12	6	0	7	30	54	#
85	952749	18	24	19	9	30	1	12	13	6	0	15	7	54	#
86	924051	19	18	12	6	13	20	7	0	26	27	28	25	54	#
87	130745	7	8	55	#
88	146570	8	17	55	#
89	100244	7	1	55	#
90	359312	4	10	3	5	16	2	56	#
91	489519	4	10	9	5	15	21	56	#
92	430648	5	4	10	3	16	15	56	#
93	397677	2	3	4	1	8	9	56	#
94	335512	16	15	10	9	17	4	56	#
95	324274	3	4	5	10	16	9	56	#
96	70944	5	#
97	410069	12	6	0	21	28	22	27	34	57	#
98	479039	6	12	7	13	8	9	1	15	57	#
99	446128	21	28	15	22	34	27	33	9	57	#
100	413271	22	28	23	21	34	15	27	20	57	#
101	392922	28	34	35	22	27	23	33	21	57	#
102	392075	12	18	19	25	20	24	13	31	57	#
103	776531	30	24	25	19	18	20	26	27	34	14	12	58	#
104	874937	20	14	8	21	2	27	26	15	9	25	3	58	#
105	862665	30	17	24	11	16	15	14	8	2	25	9	58	#
106	808262	14	38	15	20	24	18	25	19	26	9	30	58	#
107	793168	34	28	27	35	29	21	15	14	20	22	19	58	#
108	791882	12	6	7	1	2	8	18	3	24	19	14	58	#
109	808369	38	3	2	9	8	1	13	4	7	10	15	21	14	59	#
110	982885	14	21	27	15	8	33	26	28	9	25	32	19	34	59	#
111	951310	9	15	21	14	27	34	35	8	3	26	25	4	32	59	#
112	943064	38	35	34	28	27	21	14	22	15	26	9	32	10	59	#
113	822700	8	14	9	10	20	7	26	27	21	28	15	34	6	59	#
114	800957	21	28	20	14	15	26	9	34	27	3	10	19	8	59	#
115	977205	39	24	25	31	30	32	26	18	19	20	21	28	34	60	#
116	965802	31	30	25	24	26	32	20	33	21	28	22	27	34	60	#
117	965509	25	19	24	26	20	14	21	30	32	31	27	33	22	60	#
118	956019	32	31	25	33	26	27	24	5	34	28	30	22	19	60	#
119	936863	18	24	30	25	31	26	27	21	34	28	19	32	33	60	#
120	930315	24	30	25	31	26	32	27	19	38	20	14	21	22	60	#
121	576331	32	26	25	24	30	31	18	19	12	61	#
122	709645	19	25	26	20	24	21	22	15	28	61	#
123	676346	26	25	24	27	34	21	20	30	18	61	#
124	650520	31	32	26	20	19	25	30	24	21	61	#
125	645314	32	26	20	21	14	8	22	28	15	61	#
126	633371	25	26	19	24	18	20	27	30	34	61	#
127	1047145	15	21	16	27	34	17	26	35	11	32	33	5	31	29	10	30	22	62	#
128	1111314	32	33	26	31	27	8	7	34	6	1	2	13	12	28	30	21	24	62	#
129	1046613	34	35	29	27	33	26	32	31	21	30	22	28	24	18	12	6	15	62	#
130	1036122	30	31	23	24	29	0	32	17	1	26	16	35	6	27	34	10	18	62	#
131	1007442	27	34	28	26	33	32	31	21	22	30	14	8	16	2	24	1	11	62	#
132	996359	35	34	29	9	8	15	2	10	4	23	1	17	16	11	31	32	33	62	#
133	184151	20	21	63	#
134	195586	21	14	63	#
135	131227	20	14	63	#
136	1102314	17	11	5	16	10	22	21	27	20	9	3	34	8	4	14	15	64	#
137	1262628	21	20	31	30	28	27	24	33	15	22	18	14	8	34	32	26	64	#
138	1211072	8	21	7	20	14	2	6	1	3	15	9	0	19	27	28	34	64	#
139	1152815	11	17	5	16	10	22	28	21	15	20	32	34	14	19	8	27	64	#
140	1144676	14	20	8	21	28	15	19	9	27	7	34	33	22	1	10	16	64	#
141	1139907	15	9	10	19	21	28	14	18	22	20	12	4	5	23	8	27	64	#
142	284776	18	19	24	65	#
143	230421	24	30	31	65	#
144	197249	18	24	25	65	#
145	158693	19	18	20	65	#
146	2378976	20	26	32	21	15	25	16	24	19	18	31	14	30	27	9	8	17	12	10	33	6	7	4	13	11	5	22	23	28	34	1	0	2	3	36	35	29	66	#
147	2416859	7	8	9	1	18	14	19	10	25	2	4	13	12	31	3	20	32	26	5	0	15	24	16	22	21	33	28	23	29	34	27	30	17	6	11	35	39	66	#
148	2387106	32	33	26	25	24	20	19	18	31	12	6	13	0	7	1	8	2	14	9	15	10	16	22	17	4	5	28	34	11	21	27	23	29	30	35	3	37	66	#
149	2346287	6	7	13	25	26	12	27	0	19	1	20	33	34	8	32	31	21	15	24	18	22	16	9	14	17	10	2	30	28	4	23	11	5	3	35	29	38	66	#
150	246379	15	21	22	16	67	#
151	282087	15	9	16	21	67	#
152	271760	21	20	28	27	67	#
153	182201	16	22	17	28	67	#
154	102333	25	#
155	53591	36	#
156	1774816	20	26	27	19	25	32	31	18	34	14	12	9	21	35	13	33	8	15	7	1	16	2	24	0	29	11	68	#
157	1775793	35	34	27	21	15	16	26	22	33	28	20	23	25	14	32	19	8	11	6	12	17	0	18	7	24	2	68	#
158	1752743	29	35	23	34	17	24	27	26	21	25	16	20	32	22	14	19	8	7	31	18	15	33	1	11	2	5	68	#
159	1736801	27	21	34	35	14	20	15	26	25	31	8	32	7	24	19	30	10	4	22	3	16	2	1	13	0	9	68	#
160	1729495	33	27	34	32	26	25	28	20	19	21	35	22	15	9	14	16	8	2	31	10	7	24	11	1	4	30	68	#
161	1726625	15	14	16	17	23	21	22	20	26	32	31	25	19	30	27	34	24	18	11	37	5	12	33	6	9	35	68	#
162	138605	4	10	11	69	#
163	207717	11	17	5	69	#
164	178669	4	10	5	69	#
165	72852	10	9	18	69	#
166	152724	26	32	27	70	#
167	129334	26	32	25	70	#
168	49496	39	#
169	232724	9	15	#
170	987706	6	0	12	1	2	18	13	39	7	19	20	3	4	10	8	71	#
171	1149715	39	34	27	33	32	31	30	21	20	14	26	8	15	19	9	71	#
172	1079724	12	6	18	13	0	19	1	20	25	7	31	14	30	21	32	71	#
173	1065209	6	0	12	18	19	1	7	13	20	4	25	5	14	3	30	71	#
174	1057752	19	20	25	18	26	27	34	21	31	14	32	33	15	30	9	71	#
175	1043398	7	13	12	6	1	0	18	19	8	14	27	21	9	15	10	71	#
176	303405	14	15	21	72	#
177	294142	21	27	14	72	#
178	195865	14	20	21	72	#
179	110639	26	#
180	83111	37	#
181	690042	33	27	34	21	14	8	22	26	23	73	#
182	672199	8	9	3	2	15	4	14	10	21	73	#
183	650848	26	20	19	18	14	21	8	7	9	73	#
184	598123	22	23	28	21	29	27	17	15	33	73	#
185	580530	34	28	35	21	20	22	25	19	26	73	#
186	580083	23	29	35	17	11	16	10	15	22	73	#
187	94167	36	#
188	827684	22	23	21	28	20	26	14	29	34	15	8	0	74	#
189	980875	21	15	24	28	25	20	26	30	34	27	32	14	74	#
190	960640	20	26	25	14	8	15	24	30	16	31	32	10	74	#
191	875013	26	32	25	24	31	33	30	27	20	34	14	21	74	#
192	860430	0	6	12	7	1	13	8	14	2	15	4	3	74	#
193	812318	14	20	8	9	21	15	28	2	26	16	34	10	74	#
194	742463	31	25	30	24	26	23	29	32	17	19	22	75	#
195	847780	29	23	1	2	7	22	19	35	8	17	34	75	#
196	774416	26	25	19	31	32	24	30	27	34	35	21	75	#
197	740404	25	31	34	19	32	27	33	28	21	26	35	75	#
198	686879	22	28	21	34	35	29	23	17	27	33	11	75	#
199	682182	31	33	32	25	19	26	27	21	30	22	28	75	#
200	538795	22	16	11	10	9	5	28	34	8	35	17	27	76	#
201	789736	28	34	27	26	36	21	32	35	33	22	14	20	76	#
202	784991	22	37	28	16	27	23	11	29	26	35	15	32	76	#
203	711422	9	8	2	15	7	14	1	16	6	0	10	21	76	#
204	669219	16	11	22	15	28	27	26	10	1	34	32	0	76	#
205	657825	5	4	11	16	15	9	8	14	20	26	22	32	76	#
206	425761	29	23	22	21	14	28	77	#
207	489532	21	14	28	31	34	30	77	#
208	380490	22	28	23	29	17	21	77	#
209	367467	14	15	21	28	20	22	77	#
210	353129	23	22	28	21	29	27	77	#
211	329009	29	35	34	27	33	32	77	#
212	1339777	13	7	12	6	8	14	21	20	15	27	22	34	35	26	19	2	28	18	23	29	3	78	#
213	1584904	20	19	14	21	15	8	2	7	22	23	26	9	32	29	35	30	10	4	27	3	5	78	#
214	1492829	34	27	35	21	15	33	29	23	26	22	28	32	20	25	19	31	14	8	2	9	30	78	#
215	1460332	22	23	21	27	29	33	26	14	35	20	28	32	15	31	19	30	8	7	13	9	25	78	#
216	1442814	29	35	23	22	34	21	14	15	9	20	28	26	8	3	27	19	2	33	25	31	30	78	#
217	1438287	27	28	21	20	26	32	14	33	19	22	15	8	9	34	31	3	30	24	23	35	2	78	#
218	804138	32	33	26	25	31	19	24	27	34	28	22	3	20	21	23	30	4	18	14	79	#
219	1056265	30	24	25	19	20	21	31	27	14	33	32	22	8	15	7	16	26	6	2	79	#
220	1051965	34	29	27	28	26	32	33	22	21	16	15	17	20	14	19	8	7	6	12	79	#
221	1046728	20	21	22	14	19	16	28	27	8	7	6	26	18	13	32	17	15	12	33	79	#
222	1012067	28	21	27	22	33	15	16	32	20	26	14	17	19	8	9	11	7	34	5	79	#
223	1009784	26	27	32	33	20	21	34	22	14	15	8	16	17	2	19	23	11	28	31	79	#
224	703629	19	25	31	26	27	21	20	32	34	28	80	#
225	795470	19	25	24	26	27	34	21	31	23	17	80	#
226	728550	27	26	34	32	8	21	28	14	9	35	80	#
227	724131	20	19	25	24	18	21	28	15	26	27	80	#
228	719662	26	25	24	31	18	19	27	32	34	12	80	#
229	716190	21	24	28	18	34	27	12	25	26	31	80	#
230	925917	8	7	14	6	2	15	3	1	0	16	9	10	4	11	5	20	81	#
231	1265152	2	1	0	6	25	12	19	26	24	13	30	20	32	31	8	7	81	#
232	1222997	20	19	21	28	25	34	26	31	27	30	14	24	32	8	15	16	81	#
233	1220156	1	0	6	12	7	2	13	8	14	20	26	19	15	16	25	3	81	#
234	1202163	0	6	12	13	7	1	20	2	8	3	26	19	25	32	31	24	81	#
235	1134202	16	15	14	17	24	11	38	20	26	21	22	23	8	10	19	25	81	#
236	190299	10	16	11	82	#
237	260166	11	37	17	82	#
238	224619	10	11	17	82	#
239	173152	16	15	10	82	#
240	1418560	16	11	22	23	21	14	8	7	20	26	6	10	2	15	28	12	17	18	13	34	27	1	25	83	#
241	1523016	10	9	16	15	11	8	14	7	21	6	13	27	1	20	36	12	18	17	24	19	30	26	34	83	#
242	1488484	7	8	6	14	20	15	9	16	12	26	21	2	10	25	13	32	19	11	18	1	24	34	31	83	#
243	1479649	25	26	31	24	34	20	21	28	22	14	30	35	8	19	18	32	16	15	2	17	11	12	10	83	#
244	1471096	6	7	1	8	14	12	15	13	20	9	2	0	21	10	28	34	22	23	35	24	16	11	25	83	#
245	1452760	26	25	31	20	24	21	14	30	15	28	9	18	22	34	8	10	16	35	2	19	23	1	29	83	#
246	190371	34	27	28	33	84	#
247	225463	33	32	31	30	84	#
248	152375	34	35	16	22	84	#
249	1846759	27	33	32	26	28	31	7	13	34	12	6	0	18	24	1	20	9	8	14	2	19	22	10	35	4	16	21	85	#
250	1959501	8	7	2	1	13	6	14	0	12	20	18	15	21	26	24	27	9	32	33	28	22	16	10	34	23	25	31	85	#
251	1958565	21	22	16	28	25	34	31	1	17	26	27	7	14	11	0	15	10	8	32	33	23	13	12	36	24	20	6	85	#
252	1957245	13	7	1	12	2	18	6	0	8	14	24	21	20	22	15	16	23	28	27	10	17	34	11	26	32	25	31	85	#
253	1929530	1	0	2	7	13	8	14	12	18	19	20	21	26	27	33	28	5	6	15	25	22	32	31	24	16	10	11	85	#
254	1929255	33	32	27	12	18	34	28	26	22	20	31	6	16	23	7	11	35	24	13	15	21	14	8	17	10	25	1	85	#
255	205489	5	4	11	86	#
256	221241	11	17	16	86	#
257	433718	22	16	28	17	23	10	11	4	5	87	#
258	609031	23	29	22	21	15	16	17	11	27	87	#
259	607913	28	21	22	16	15	17	14	34	8	87	#
260	579858	16	37	22	15	11	10	5	17	21	87	#
261	572479	22	21	16	17	10	15	11	4	27	87	#
262	551442	5	11	17	16	22	4	3	10	15	87	#
263	177339	29	35	88	#
264	118831	35	34	88	#
265	230502	14	21	89	#
266	189654	21	27	89	#
267	1439702	34	27	26	33	21	25	28	32	22	23	17	31	29	16	19	24	14	18	10	20	11	12	13	5	4	6	90	#
268	1678905	6	0	12	13	7	1	2	3	8	14	18	5	15	11	16	19	17	24	22	28	23	10	25	27	34	29	90	#
269	1627658	4	3	5	2	1	7	13	27	6	10	12	33	0	18	8	11	17	32	34	26	31	24	25	16	19	23	90	#
270	1616613	5	4	10	3	2	1	8	7	39	0	6	14	13	21	22	28	34	9	15	12	16	17	23	29	27	33	90	#
271	1596243	12	37	13	6	7	0	1	8	2	3	18	24	25	31	19	26	14	32	27	33	34	38	20	9	30	10	90	#
272	1592803	10	4	3	2	8	16	22	5	17	23	14	7	13	6	37	29	1	0	12	9	21	18	15	27	33	26	90	#
273	798499	8	7	6	9	12	2	37	13	15	3	1	16	91	#
274	951443	12	13	6	18	7	19	20	24	14	8	15	2	91	#
275	933124	3	9	2	8	4	5	11	17	16	23	29	14	91	#
276	927294	8	2	14	20	7	1	19	13	6	0	26	12	91	#
277	906342	9	3	4	5	15	2	14	21	8	11	18	12	91	#
278	899605	37	13	7	8	6	2	12	18	19	3	9	15	91	#
279	879523	12	34	35	13	6	29	18	9	28	0	7	10	21	4	92	#
280	1051786	13	12	18	7	19	6	25	8	26	0	31	39	32	2	92	#
281	993369	6	7	13	8	12	2	0	9	18	15	16	19	3	11	92	#
282	940882	18	19	12	6	7	25	8	0	13	2	9	3	26	20	92	#
283	938425	0	6	12	7	18	13	19	8	16	17	14	25	10	11	92	#
284	908040	34	27	26	25	19	20	35	12	21	13	1	6	29	22	92	#
285	114482	36	#
286	1283463	0	6	12	18	27	13	7	24	30	8	9	34	28	35	26	21	2	22	93	#
287	1385984	12	18	6	7	19	8	13	0	9	24	10	4	2	25	30	20	11	3	93	#
288	1372660	35	29	23	34	7	27	17	26	16	25	1	0	18	2	11	19	8	12	93	#
289	1366703	7	8	6	13	12	1	2	0	18	24	30	25	19	31	21	20	3	26	93	#
290	1344014	24	18	25	19	12	30	20	31	13	32	21	6	26	15	16	10	0	27	93	#
291	1331593	18	19	20	24	25	26	14	8	30	27	15	28	34	35	32	31	16	21	93	#
292	1029851	13	7	8	9	15	36	3	16	6	11	21	10	37	27	14	5	17	94	#
293	1142505	37	39	17	11	16	10	5	4	23	3	29	9	2	8	15	1	19	94	#
294	1123440	17	23	16	10	11	4	5	3	2	9	29	1	8	14	15	21	28	94	#
295	1109988	3	2	1	4	5	7	11	10	16	17	6	9	8	23	13	15	21	94	#
296	1098910	15	14	8	21	7	16	2	1	13	17	9	23	28	10	6	3	11	94	#
297	1074942	11	16	10	4	9	17	5	3	2	23	29	8	14	20	26	19	21	94	#
298	117160	3	9	95	#
299	77165	3	4	95	#
300	2025452	16	15	10	9	11	5	14	4	8	17	23	20	19	29	2	35	3	6	22	18	0	25	31	26	27	32	12	21	30	33	13	7	1	28	96	#
301	2101073	20	19	18	14	8	2	15	3	21	27	33	26	25	32	28	36	9	31	22	24	30	1	4	16	11	17	5	23	6	29	10	35	7	13	96	#
302	2063086	15	9	3	16	10	11	2	5	39	4	17	1	8	14	20	19	7	21	18	13	22	25	28	23	31	29	30	26	32	27	33	0	12	6	96	#
303	2047758	14	21	27	15	39	28	20	22	19	8	18	9	10	3	11	16	25	17	7	26	31	2	12	23	1	32	6	30	13	5	29	4	33	24	96	#
304	2047363	17	23	29	35	25	24	19	10	18	11	31	30	9	15	3	16	21	22	27	14	26	20	8	28	5	7	1	34	4	13	39	0	12	6	96	#
305	2035942	1	2	8	3	7	4	6	5	9	14	21	15	20	35	10	22	19	16	11	13	18	17	29	23	37	28	27	25	31	32	24	12	26	30	96	#
306	513748	16	22	28	27	21	23	14	97	#
307	543196	27	28	21	14	33	15	16	97	#
308	519408	28	27	21	22	23	26	16	97	#
309	490519	23	17	16	15	22	32	26	97	#
310	469319	21	22	28	27	33	16	17	97	#
311	417358	14	15	16	9	10	21	3	97	#
312	265585	11	17	23	98	#
313	213038	11	10	17	98	#
314	131385	17	16	1	98	#
315	32784	33	16	#
316	840383	24	30	31	18	25	32	19	20	12	6	0	21	99	#
317	936562	0	24	1	18	6	19	30	2	12	7	8	14	99	#
318	930242	32	31	30	24	18	19	12	13	6	0	25	5	99	#
319	926000	6	12	18	13	7	1	2	8	19	0	24	30	99	#
320	923792	31	32	30	24	18	19	12	13	29	23	6	22	99	#
321	923589	19	18	24	30	12	13	6	25	31	32	0	1	99	#
322	712764	15	9	8	7	14	2	16	17	100	#
323	723462	7	6	12	8	0	14	2	9	100	#
324	710910	15	16	22	14	9	8	28	34	100	#
325	651304	9	15	10	8	16	22	2	17	100	#
326	601774	17	16	10	9	22	15	11	5	100	#
327	597261	8	7	14	20	26	22	6	16	100	#
328	272679	9	3	4	2	31	101	#
329	348932	9	8	11	10	14	101	#
330	333416	4	3	9	8	2	101	#
331	331507	31	30	32	26	27	101	#
332	279720	2	3	4	8	7	101	#
333	271976	3	2	4	1	9	101	#
334	985315	26	25	31	24	32	33	20	14	21	22	9	8	30	15	16	10	102	#
335	1192034	10	11	17	23	16	22	29	35	21	15	34	14	4	5	28	3	102	#
336	1186728	14	20	15	21	22	28	8	7	16	34	17	11	35	6	23	13	102	#
337	1165010	22	23	21	28	29	16	34	35	14	15	20	17	19	26	8	10	102	#
338	1142549	16	22	21	28	14	15	34	17	23	20	35	29	11	19	10	27	102	#
339	1114451	25	31	19	26	24	20	21	14	27	33	8	15	28	7	22	34	102	#
340	298810	26	25	31	32	103	#
341	337546	25	24	26	30	103	#
342	318572	26	32	35	34	103	#
343	315817	32	33	26	27	103	#
344	224056	31	25	32	9	103	#
345	726632	21	15	14	9	27	33	22	30	34	10	104	#
346	669448	22	16	15	9	21	27	10	20	34	14	104	#
347	665418	15	9	3	21	27	28	33	4	34	14	104	#
348	658404	14	15	9	20	19	18	24	12	13	16	104	#
349	638526	21	28	22	31	32	36	23	16	15	9	104	#
350	625415	33	27	32	31	22	26	25	16	20	34	104	#
351	231494	8	2	3	105	#
352	205765	2	1	7	105	#
353	200184	3	9	2	105	#
354	128455	8	4	3	105	#
355	931624	13	26	27	25	20	12	31	34	7	32	33	8	24	106	#
356	1018364	24	25	19	30	15	21	14	16	8	39	20	31	2	106	#
357	991923	33	32	31	30	24	25	19	21	20	26	14	27	8	106	#
358	988399	25	24	26	30	32	19	20	31	33	14	8	18	9	106	#
359	967353	8	9	3	10	2	0	15	4	11	6	5	17	12	106	#
360	917243	12	13	6	0	1	18	24	25	31	32	19	30	26	106	#
361	209555	23	29	22	107	#
362	263479	29	35	23	107	#
363	231878	23	17	29	107	#
364	157066	22	16	17	107	#
365	261685	35	34	29	28	108	#
366	328371	35	34	28	21	108	#
367	328317	28	9	15	22	108	#
368	311720	34	35	28	27	108	#
369	251951	29	23	22	21	108	#
370	390890	4	5	11	3	10	16	17	22	15	109	#
371	515654	4	10	9	3	8	7	6	16	0	109	#
372	500494	3	4	5	9	10	16	15	8	14	109	#
373	426155	22	16	11	10	5	4	3	9	8	109	#
374	394167	17	16	22	10	11	5	15	4	9	109	#
375	391861	11	10	4	2	9	17	3	5	1	109	#
376	2217232	12	18	6	33	24	25	7	8	2	31	13	0	14	3	9	26	30	27	10	38	11	17	4	16	22	23	29	15	5	28	1	21	34	32	19	35	20	110	#
377	2149768	24	25	18	26	30	20	14	31	32	12	27	21	22	8	33	28	6	34	2	3	23	29	4	5	9	7	35	1	10	16	15	17	11	13	0	19	36	110	#
378	2149741	33	22	16	11	17	23	27	5	29	10	34	28	21	9	14	3	2	8	4	15	26	32	25	20	31	7	13	6	12	19	18	0	1	30	24	35	39	110	#
379	2110637	26	25	27	28	21	20	22	16	34	32	14	23	17	15	33	29	8	2	9	10	11	12	6	0	1	3	4	18	31	7	13	30	5	19	24	35	37	110	#
380	107409	14	#
381	279317	27	34	35	28	29	111	#
382	289853	35	29	34	28	21	111	#
383	266778	28	34	27	26	21	111	#
384	250628	27	34	28	21	35	111	#
385	219263	34	35	28	22	27	111	#
386	155957	29	35	23	17	16	111	#
387	305843	22	28	34	27	33	23	112	#
388	403857	33	27	21	14	28	34	112	#
389	357782	23	17	22	28	25	16	112	#
390	341500	34	28	27	21	26	20	112	#
391	321837	28	34	17	27	22	16	112	#
392	311759	27	28	21	20	34	22	112	#
393	304257	13	12	6	18	24	113	#
394	394090	6	0	12	38	18	113	#
395	350648	12	18	6	19	0	113	#
396	337950	13	12	6	0	18	113	#
397	249177	24	30	13	18	31	113	#
398	672727	2	3	8	9	7	10	6	1	12	114	#
399	754125	2	3	9	1	8	0	7	6	15	114	#
400	740349	7	6	0	8	12	1	2	13	9	114	#
401	735107	6	0	7	1	8	2	3	9	12	114	#
402	696246	12	6	0	7	1	2	3	8	13	114	#
403	620369	8	2	7	9	15	16	3	6	10	114	#
404	1472667	18	19	12	13	25	20	6	26	31	30	0	32	21	28	27	33	34	35	29	1	22	2	15	3	7	23	115	#
405	1535522	21	27	34	33	20	32	28	26	15	7	31	35	29	25	8	2	1	0	30	13	9	3	12	19	23	16	115	#
406	1524584	2	8	3	1	9	0	15	16	11	22	23	17	6	10	28	5	21	12	27	20	19	25	31	30	26	32	115	#
407	1519621	7	1	8	2	0	6	12	13	14	18	19	21	22	28	15	27	9	3	33	23	32	31	29	35	26	34	115	#
408	1512779	18	19	12	6	20	21	26	13	0	1	27	32	22	28	31	33	34	15	2	9	30	8	35	16	3	24	115	#
409	1489301	30	24	18	19	20	12	21	5	13	16	17	27	7	28	23	1	0	22	26	2	6	15	11	32	33	3	115	#
410	377769	14	20	21	22	28	23	16	26	10	116	#
411	545519	16	22	15	14	21	27	9	34	20	116	#
412	536347	22	23	28	21	16	11	20	5	27	116	#
413	521389	14	21	15	22	8	7	20	1	23	116	#
414	515517	28	34	22	27	16	15	23	11	21	116	#
415	480804	23	22	21	27	15	14	16	34	10	116	#
416	631675	22	28	27	34	26	21	33	15	117	#
417	596941	15	9	3	4	5	8	7	21	117	#
418	595604	21	22	28	34	27	15	33	9	117	#
419	531686	28	22	16	34	23	21	27	15	117	#
420	524096	27	33	26	34	25	32	31	28	117	#
421	520519	22	16	11	28	5	21	9	4	117	#
422	344615	25	24	31	30	26	118	#
423	355644	25	24	18	30	19	118	#
424	348868	31	30	21	28	22	118	#
425	321412	24	30	31	32	25	118	#
426	286113	26	27	28	32	22	118	#
427	772291	33	32	31	25	19	24	30	26	27	21	14	119	#
428	866828	26	32	27	33	21	31	12	25	19	24	15	119	#
429	858456	32	31	33	27	21	30	24	15	25	26	19	119	#
430	798049	31	32	33	27	21	30	9	15	8	26	14	119	#
431	774574	25	31	24	26	30	27	21	20	15	19	9	119	#
432	742803	27	33	28	21	32	15	14	31	30	26	24	119	#
433	253114	19	18	20	24	120	#
434	359802	20	14	15	21	120	#
435	316868	19	18	25	24	120	#
436	310742	18	24	25	12	120	#
437	298851	24	18	25	30	120	#
438	74390	37	#
439	438436	15	14	20	21	27	22	121	#
440	563992	15	21	14	27	0	26	121	#
441	522423	27	34	26	28	21	14	121	#
442	510533	21	28	22	27	23	26	121	#
443	480509	22	23	28	21	27	17	121	#
444	470790	14	21	22	15	23	28	121	#
445	110175	22	23	122	#
446	140278	23	29	122	#
447	15879	22	16	122	#
448	52840	28	#
449	108786	36	#
450	593992	3	2	8	9	7	15	14	20	13	4	5	123	#
451	735520	5	11	16	17	23	29	15	14	20	9	3	123	#
452	728312	15	16	11	22	17	0	5	14	23	8	9	123	#
453	668764	20	21	14	8	7	27	26	30	33	32	31	123	#
454	662086	2	17	3	11	23	16	5	22	28	29	15	123	#
455	625626	9	3	8	7	14	13	15	20	2	19	26	123	#
456	989277	31	25	19	30	20	14	21	32	33	28	26	18	124	#
457	1098117	20	26	21	27	14	25	19	28	15	9	34	8	124	#
458	1068998	18	19	12	25	26	20	32	21	14	15	31	9	124	#
459	1021818	26	32	31	25	33	27	20	19	21	15	14	30	124	#
460	1009976	19	18	20	14	26	15	32	25	21	9	24	31	124	#
461	978089	25	35	31	32	26	19	33	20	14	24	8	15	124	#
462	395228	17	23	22	21	28	34	125	#
463	419051	22	28	34	21	27	15	125	#
464	411471	34	35	27	29	23	26	125	#
465	404908	21	22	15	27	23	16	125	#
466	358402	28	27	26	34	22	20	125	#
467	351701	17	16	23	29	15	10	125	#
468	414890	17	23	29	16	11	15	126	#
469	419717	16	11	17	15	5	9	126	#
470	414568	23	29	17	11	5	16	126	#
471	365495	17	16	23	29	15	10	126	#
472	348497	11	17	5	10	14	21	126	#
473	338139	29	35	23	17	16	11	126	#
474	235500	25	24	19	20	127	#
475	309215	24	0	30	1	127	#
476	282154	25	24	23	19	127	#
477	1134875	30	24	18	31	32	26	27	20	28	14	1	19	21	8	34	7	25	33	15	22	16	17	35	128	#
478	1355168	15	14	16	8	22	7	17	1	20	26	2	0	32	28	9	23	10	29	11	4	6	27	35	128	#
479	1318840	35	29	23	22	17	28	11	10	4	34	16	15	27	33	32	26	20	14	8	5	7	2	21	128	#
480	1299868	17	23	29	16	10	15	22	35	14	9	4	21	8	20	11	27	28	7	26	32	19	5	18	128	#
481	1290011	18	12	19	20	26	32	25	24	30	21	15	14	28	27	22	8	16	17	6	23	11	29	7	128	#
482	1285719	8	14	23	7	13	20	29	15	16	17	22	28	35	31	10	34	21	11	5	4	32	26	2	128	#
483	361009	32	26	25	24	129	#
484	340705	32	26	31	25	129	#
485	306867	24	25	31	18	129	#
486	278058	25	26	20	24	129	#
487	383488	0	1	6	2	130	#
488	405165	1	2	8	0	130	#
489	383055	6	0	1	12	130	#
490	367605	0	1	2	3	130	#
491	231328	2	1	7	3	130	#
492	211256	28	11	22	131	#
493	260269	11	17	10	131	#
494	171009	28	34	27	131	#
495	144832	22	28	27	131	#
496	575351	13	7	1	2	6	8	14	20	21	12	132	#
497	844911	21	14	27	34	28	15	20	9	26	25	132	#
498	788248	14	20	21	15	27	34	28	19	9	25	132	#
499	744825	8	9	2	14	7	1	0	27	6	21	132	#
500	690590	20	26	32	21	27	25	22	34	33	39	132	#
501	661039	13	7	6	8	1	12	14	9	15	21	132	#
502	1205604	29	35	34	28	21	27	33	5	26	32	20	31	15	9	19	18	11	17	12	10	16	133	#
503	1254729	33	32	31	26	27	28	21	39	14	12	18	19	34	13	25	24	35	20	6	8	15	133	#
504	1231689	35	29	34	28	22	16	17	10	23	27	33	32	21	11	5	26	8	9	2	1	15	133	#
505	1204901	5	4	10	9	11	16	17	15	30	8	21	27	2	23	26	14	34	33	32	28	31	133	#
506	1183656	21	20	27	26	15	28	9	34	33	35	16	10	32	17	11	1	29	2	4	22	5	133	#
507	1174769	18	33	27	34	24	26	35	21	32	10	11	28	9	8	4	20	17	5	16	22	2	133	#
508	130524	34	28	134	#
509	126774	34	35	134	#
510	225631	0	6	1	135	#
511	187795	6	7	0	135	#
512	168923	1	7	6	135	#
513	555875	33	27	21	20	14	0	19	6	136	#
514	612155	0	6	7	17	12	13	1	18	136	#
515	596165	6	0	12	18	13	7	24	1	136	#
516	556209	19	25	18	12	24	30	26	31	136	#
517	539859	20	21	26	27	25	14	32	28	136	#
518	495435	14	21	8	27	34	20	28	35	136	#
519	61993	10	16	#
520	1431502	30	24	18	19	25	17	11	5	20	14	15	26	23	22	9	16	0	27	34	21	137	#
521	1544051	34	28	22	21	15	27	9	20	10	3	4	14	16	2	11	5	8	26	19	25	137	#
522	1483734	20	19	21	22	28	34	27	25	26	23	14	15	16	9	3	2	32	17	11	10	137	#
523	1478921	17	11	10	5	16	4	23	15	22	9	3	21	2	27	28	8	14	34	35	20	137	#
524	1455141	11	5	17	10	4	9	15	16	3	21	8	14	20	19	2	22	25	23	29	36	137	#
525	1446173	14	20	21	27	28	34	26	35	22	23	36	19	17	5	25	32	15	16	11	33	137	#
526	544818	6	12	0	7	1	8	2	9	3	138	#
527	676461	12	6	8	16	0	1	22	23	11	138	#
528	605079	8	2	1	19	7	6	9	0	12	138	#
529	584469	0	1	6	2	3	4	5	18	9	138	#
530	559051	6	0	12	7	1	18	13	24	30	138	#
531	526462	1	0	6	2	12	7	13	18	19	138	#
532	532867	17	16	10	22	9	11	5	8	139	#
533	643571	9	8	10	32	16	22	31	25	139	#
534	581196	8	14	9	2	21	3	28	22	139	#
535	569125	11	10	16	22	28	9	30	24	139	#
536	433159	17	16	11	10	15	22	5	9	139	#
537	404360	5	11	17	7	16	33	32	26	139	#
538	931253	7	6	8	0	2	1	12	13	3	9	10	16	15	11	4	140	#
539	1073047	2	3	1	36	28	8	27	34	0	9	15	6	7	10	16	140	#
540	1002102	6	0	1	12	7	8	13	2	9	3	15	21	22	14	28	140	#
541	997063	15	2	1	8	7	16	11	22	10	9	3	0	5	6	28	140	#
542	983753	16	15	10	9	17	8	11	22	3	28	4	34	7	1	0	140	#
543	975615	0	1	7	2	38	8	3	9	15	10	16	6	22	13	4	140	#
544	1025709	15	14	8	9	20	26	10	25	2	1	21	141	#
545	921072	8	9	15	14	16	20	11	21	10	3	26	141	#
546	897716	20	21	14	15	8	16	39	10	22	4	5	141	#
547	876664	26	27	21	14	28	20	15	16	25	24	32	141	#
548	857387	10	4	16	11	15	17	9	22	21	8	3	141	#
549	845978	1	2	3	36	8	9	7	10	4	11	14	141	#
550	381779	2	8	7	3	4	14	20	142	#
551	531808	20	21	19	28	18	24	25	142	#
552	519349	8	14	21	15	9	3	7	142	#
553	448429	7	13	12	18	19	6	1	142	#
554	396920	3	4	5	10	11	17	9	142	#
555	364262	2	3	8	7	23	1	9	142	#
556	1172355	17	23	16	10	22	4	28	34	35	27	26	25	32	19	5	20	14	21	143	#
557	1519581	19	18	12	6	24	25	7	1	26	2	20	0	27	34	8	28	21	14	143	#
558	1494281	14	8	2	7	15	6	1	0	20	19	12	18	25	3	24	4	26	16	143	#
559	1459559	28	27	34	13	33	7	1	8	0	2	12	32	18	6	19	25	14	15	143	#
560	1395139	20	14	15	8	16	22	17	2	23	7	28	34	29	19	6	10	25	0	143	#
561	1356288	22	28	21	23	17	14	20	16	19	18	15	27	24	34	10	8	26	25	143	#
562	206217	1	0	144	#
563	211434	1	2	144	#
564	658235	19	25	31	20	24	26	32	18	27	21	15	145	#
565	693630	24	28	3	9	8	27	34	4	2	25	19	145	#
566	675357	21	20	19	15	26	27	28	34	14	18	12	145	#
567	673742	19	25	20	26	31	24	27	30	34	32	35	145	#
568	672864	32	36	26	27	20	28	25	21	14	34	33	145	#
569	666040	26	32	25	31	33	30	20	27	14	15	16	145	#
570	270808	1	0	2	3	9	4	146	#
571	362765	1	0	2	3	4	5	146	#
572	351288	4	3	5	11	10	16	146	#
573	343197	9	15	8	14	16	3	146	#
574	326518	2	1	8	3	4	19	146	#
575	236957	0	1	7	13	8	12	146	#
576	614533	16	12	18	17	19	11	5	15	24	13	22	147	#
577	798759	11	16	15	14	5	17	20	19	25	31	30	147	#
578	795240	17	16	15	14	9	8	35	28	21	27	34	147	#
579	757107	24	25	30	26	18	32	31	33	19	27	23	147	#
580	731183	18	19	20	21	27	33	26	24	25	31	30	147	#
581	727924	5	11	17	16	23	31	25	26	30	32	27	147	#
582	392105	39	4	3	9	5	11	148	#
583	501864	5	11	16	23	15	17	148	#
584	439577	3	2	4	5	9	11	148	#
585	435617	4	3	9	15	2	1	148	#
586	401726	39	25	19	26	24	20	148	#
587	279215	4	3	5	2	149	#
588	242538	4	5	11	3	149	#
589	212190	3	9	15	4	149	#
590	136075	2	32	3	26	149	#
591	148603	17	23	150	#
592	197444	23	29	150	#
593	843571	31	11	30	32	5	24	18	33	25	19	20	16	17	4	151	#
594	1062341	32	26	33	27	25	21	24	18	30	15	19	9	14	34	151	#
595	1030940	4	5	11	10	17	9	3	2	1	0	15	21	6	27	151	#
596	970769	5	11	4	3	10	9	2	1	17	15	23	21	27	33	151	#
597	970723	24	25	19	18	30	31	7	1	6	17	32	22	0	33	151	#
598	958401	25	19	18	24	30	26	13	7	31	32	33	1	2	3	151	#
599	50506	10	#
600	1168273	31	25	19	24	18	20	21	22	32	28	27	14	34	23	35	29	152	#
601	1301210	35	34	29	28	23	21	17	22	15	14	20	19	9	26	16	11	152	#
602	1292463	28	21	14	22	34	20	8	23	27	16	35	15	19	9	17	29	152	#
603	1270614	19	20	14	15	21	9	8	10	16	11	26	18	32	4	5	24	152	#
604	1256726	32	8	9	15	14	31	21	22	16	10	28	20	23	2	19	27	152	#
605	1247956	20	21	26	32	22	28	27	14	31	23	29	15	19	16	18	17	152	#
606	833692	18	24	13	25	12	30	31	19	20	26	32	14	153	#
607	935224	24	18	30	12	19	26	27	33	25	6	31	21	153	#
608	871108	25	31	30	32	33	21	24	19	18	15	22	16	153	#
609	868477	14	21	20	19	15	18	8	12	6	27	33	13	153	#
610	859321	18	12	13	6	19	24	30	20	21	22	14	0	153	#
611	849937	31	25	24	30	18	12	19	13	32	33	7	6	153	#
612	338066	19	18	24	30	5	154	#
613	349451	30	24	31	25	19	154	#
614	324118	18	24	25	19	31	154	#
615	312663	5	11	4	10	8	154	#
616	292206	19	20	21	26	25	154	#
617	268794	24	18	30	31	32	154	#
618	516575	16	17	10	11	15	23	21	4	155	#
619	609720	11	16	15	39	9	10	21	28	155	#
620	602602	15	9	16	21	28	3	27	14	155	#
621	559860	21	20	27	34	26	14	28	19	155	#
622	512359	17	23	1	29	16	7	11	13	155	#
623	491674	16	15	17	9	23	10	11	4	155	#
624	646760	24	30	25	31	18	32	26	20	19	27	34	156	#
625	915916	32	31	25	26	27	24	21	15	19	6	30	156	#
626	874497	19	18	14	8	2	9	15	24	21	27	3	156	#
627	821016	26	27	34	21	28	15	9	35	14	29	22	156	#
628	760682	27	21	6	20	15	22	26	16	0	9	11	156	#
629	744311	30	31	4	32	24	3	26	2	25	9	19	156	#
630	229268	12	18	19	24	157	#
631	306179	19	20	21	15	157	#
632	233320	12	18	6	7	157	#
633	215984	18	12	19	20	157	#
634	211267	24	30	31	18	157	#
635	161476	10	4	9	16	158	#
636	218930	16	10	11	0	158	#
637	1786414	33	27	28	32	26	20	31	14	30	15	21	9	3	2	8	37	10	4	5	25	16	17	1	23	29	22	7	6	12	11	38	18	13	35	19	159	#
638	1863726	37	20	26	14	15	21	32	27	28	33	31	16	22	9	3	2	10	23	17	1	11	29	5	4	25	30	8	24	19	39	7	18	12	6	35	159	#
639	1798405	23	17	16	15	21	9	22	3	14	20	26	8	2	1	28	27	32	11	12	29	5	35	10	31	4	33	39	6	18	0	13	30	25	7	19	159	#
640	1780989	8	9	14	15	21	16	28	3	38	2	22	20	17	27	26	11	37	1	32	7	13	5	10	12	31	19	25	4	23	29	33	18	24	30	6	159	#
641	1769810	18	12	6	13	24	30	31	0	1	25	26	32	2	7	8	20	14	3	16	33	15	27	21	9	10	22	23	4	39	11	5	28	29	17	35	159	#
642	1753856	1	2	3	7	9	8	6	15	14	20	21	26	28	27	22	12	18	4	5	33	32	25	10	17	16	0	23	31	13	37	29	30	34	36	35	159	#
643	434997	31	30	32	26	24	160	#
644	440144	30	24	31	32	33	160	#
645	418616	32	26	31	33	27	160	#
646	403866	31	32	33	38	27	160	#
647	352937	26	27	33	32	20	160	#
648	2103060	33	32	27	34	21	15	35	31	14	16	11	26	8	20	17	10	4	9	22	23	19	3	28	29	2	30	18	25	12	13	6	7	0	24	161	#
649	2216411	23	22	16	17	6	10	12	4	3	11	28	21	27	7	20	15	19	34	9	8	13	14	0	26	33	32	31	2	30	25	35	39	24	29	161	#
650	2204342	18	19	20	26	27	33	3	21	12	14	34	35	4	39	2	32	6	10	11	28	17	25	13	16	22	31	23	30	24	15	9	8	0	29	161	#
651	2184806	15	14	16	17	11	20	10	22	23	21	4	3	2	19	9	27	34	35	8	38	28	29	26	32	25	24	31	30	7	6	12	33	0	5	161	#
652	2176047	19	18	20	14	21	26	27	32	28	31	22	15	16	12	34	6	13	8	33	7	10	17	4	35	23	11	9	3	25	24	2	0	38	30	161	#
653	2143020	2	3	4	10	9	11	17	16	22	23	28	29	27	26	35	34	20	21	33	37	15	32	14	31	19	8	25	5	7	30	6	24	0	13	161	#
654	956944	32	26	25	20	27	33	31	19	30	24	28	34	21	35	22	162	#
655	1167038	27	26	32	33	25	28	24	31	18	19	30	12	34	13	8	162	#
656	1163024	32	33	27	26	25	19	31	24	18	34	35	30	28	12	29	162	#
657	1119463	26	27	20	33	19	14	18	24	25	12	32	15	31	16	30	162	#
658	1118806	31	32	26	33	27	25	24	20	34	14	30	19	35	28	29	162	#
659	1116551	34	27	33	28	14	32	26	20	25	21	8	19	31	2	18	162	#
660	1800480	22	23	17	11	29	5	10	28	35	9	27	16	34	15	21	33	20	14	32	8	31	26	3	2	30	19	4	1	24	163	#
661	1908903	31	32	30	33	17	23	18	36	27	19	34	24	12	35	21	14	8	22	1	29	11	20	9	2	28	10	5	4	15	163	#
662	1895890	32	26	31	21	22	23	14	27	17	0	20	33	16	19	11	28	8	10	18	13	12	6	29	2	9	3	35	5	24	163	#
663	1878332	28	22	27	33	34	23	17	16	37	11	32	25	35	19	5	26	10	29	18	9	3	21	2	8	24	31	14	30	12	163	#
664	1867467	26	20	14	27	21	8	28	9	34	32	3	22	2	23	35	17	31	33	4	19	10	11	18	29	12	24	13	5	15	163	#
665	1859952	17	23	11	5	7	22	30	6	12	18	13	28	29	27	31	24	33	0	1	32	2	21	14	34	38	8	35	9	3	163	#
666	67579	1	#
667	2054291	8	2	3	9	7	6	4	10	1	5	12	15	0	16	11	17	22	13	28	21	19	34	14	27	20	26	18	24	25	31	30	35	23	164	#
668	2240905	35	34	29	28	13	12	21	22	27	15	9	6	0	26	20	16	14	7	17	8	1	36	19	11	2	18	5	4	25	31	30	24	3	164	#
669	2225217	1	7	0	6	8	12	9	30	10	3	24	31	4	16	36	2	22	13	14	18	25	21	27	15	5	26	19	35	29	11	20	28	17	164	#
670	2215744	18	24	12	19	20	13	14	30	31	26	8	36	21	27	28	22	25	16	9	34	10	11	37	15	6	7	17	2	5	4	23	0	1	164	#
671	2192458	17	16	11	5	4	10	3	15	9	8	36	7	2	37	22	14	1	20	19	26	6	27	21	0	28	25	31	12	18	13	24	33	30	164	#
672	2185513	23	17	16	11	5	4	22	36	28	15	9	27	21	26	29	8	10	35	2	20	3	14	19	7	25	13	18	24	12	30	1	31	6	164	#
673	747613	23	22	16	17	10	11	5	1	15	29	165	#
674	776662	15	14	8	16	22	21	27	23	11	10	165	#
675	764310	17	23	16	11	29	10	15	35	5	4	165	#
676	761069	29	35	23	22	16	17	15	11	3	21	165	#
677	729134	16	22	23	28	17	10	11	29	4	15	165	#
678	707970	11	17	16	22	28	10	15	23	4	14	165	#
679	346581	25	24	30	36	166	#
680	344254	24	25	19	33	166	#
681	343594	30	24	25	19	166	#
682	325463	25	19	20	21	166	#
683	247800	36	22	28	23	166	#
684	121657	6	#
685	76989	13	#
686	649929	31	25	26	19	20	24	32	18	12	30	13	167	#
687	782293	25	31	24	30	32	19	26	20	21	15	37	167	#
688	779003	18	12	24	13	30	25	35	26	6	19	29	167	#
689	731137	19	25	31	24	18	20	14	15	26	32	30	167	#
690	699620	12	18	13	24	6	30	7	19	20	8	1	167	#
691	685539	20	26	14	21	32	8	2	27	7	31	25	167	#
692	82089	37	#
693	532674	15	9	8	2	21	10	7	22	168	#
694	613500	2	3	31	25	32	26	24	9	168	#
695	583484	7	8	9	3	2	15	21	6	168	#
696	578842	8	2	3	4	14	15	9	10	168	#
697	566981	10	9	3	4	2	8	5	15	168	#
698	543264	15	9	3	10	8	2	1	4	168	#
699	70528	39	#
700	1430752	18	12	17	13	11	5	19	24	6	25	10	16	4	7	8	14	9	20	26	21	23	3	29	30	169	#
701	1633077	13	12	18	6	0	24	7	19	25	1	8	26	9	2	30	10	16	22	38	17	11	23	5	14	169	#
702	1586031	18	24	21	30	25	19	14	31	26	8	9	32	10	2	3	1	16	7	13	17	23	11	5	6	169	#
703	1521234	21	22	14	23	8	16	7	6	9	25	19	18	10	2	11	1	17	28	24	13	5	26	32	4	169	#
704	1491599	6	12	18	13	19	24	25	23	26	7	8	22	30	9	31	10	32	1	14	4	11	16	2	17	169	#
705	1489437	23	29	35	34	17	11	16	10	9	26	25	8	22	2	19	32	15	14	31	24	28	18	33	5	169	#
706	131719	28	21	170	#
707	184195	21	22	170	#
708	426124	29	23	35	34	27	28	22	32	171	#
709	564830	27	33	21	22	34	35	23	14	171	#
710	534294	34	30	31	25	35	26	24	19	171	#
711	513701	35	34	27	33	21	22	16	15	171	#
712	491343	22	16	15	10	11	17	14	9	171	#
713	476241	32	33	26	28	34	31	35	27	171	#
714	357464	28	22	16	17	34	15	30	172	#
715	498582	34	28	27	21	22	39	23	172	#
716	491129	22	28	21	27	23	34	29	172	#
717	469652	30	24	18	25	19	12	6	172	#
718	456221	28	34	22	23	21	27	14	172	#
719	434171	15	9	3	4	2	1	5	172	#
720	637935	2	8	1	7	6	9	10	15	11	14	173	#
721	695959	1	7	6	0	2	8	14	27	12	21	173	#
722	694564	8	2	7	1	6	9	15	0	16	4	173	#
723	690450	2	8	9	1	7	6	3	12	4	15	173	#
724	671496	14	15	9	8	2	1	21	27	24	20	173	#
725	612904	7	1	6	12	0	2	32	31	8	33	173	#
726	500768	9	15	21	3	27	28	34	174	#
727	511184	15	16	21	14	11	17	28	174	#
728	492048	21	27	15	16	34	33	10	174	#
729	468840	34	27	35	29	33	23	17	174	#
730	465963	27	33	28	34	32	31	30	174	#
731	453145	9	10	3	26	15	4	11	174	#
732	131206	14	#
733	436298	0	6	1	7	13	12	175	#
734	474112	12	6	0	7	1	2	175	#
735	438146	7	13	6	12	0	27	175	#
736	405945	13	12	18	7	24	6	175	#
737	392848	6	12	7	13	0	18	175	#
738	357885	0	6	20	14	1	21	175	#
739	646268	7	8	14	6	15	12	21	20	9	176	#
740	761063	8	7	1	14	9	21	27	0	33	176	#
741	701927	6	12	18	0	1	7	8	9	15	176	#
742	668051	15	21	27	16	20	14	26	8	33	176	#
743	652513	20	21	27	33	34	14	28	8	26	176	#
744	627318	12	18	6	0	1	7	13	8	9	176	#
745	1220625	33	32	26	20	21	15	16	9	8	7	28	27	34	17	11	14	36	177	#
746	1242666	8	14	7	39	20	19	21	28	15	27	22	6	12	34	16	9	33	177	#
747	1225612	33	32	31	27	26	30	21	20	34	14	24	15	8	9	2	3	25	177	#
748	1178092	20	14	15	21	28	9	34	35	27	3	33	8	4	10	19	5	26	177	#
749	1170184	28	34	21	27	33	32	14	20	26	31	15	16	8	11	35	9	22	177	#
750	1169607	14	8	15	20	19	7	9	3	6	10	4	21	22	26	2	23	11	177	#
751	83408	30	#
752	453090	24	18	25	12	31	19	30	20	14	178	#
753	670228	14	21	27	22	15	16	33	20	8	178	#
754	606213	20	19	18	24	21	14	25	22	8	178	#
755	562145	24	25	31	30	18	19	26	27	32	178	#
756	556237	25	9	8	7	15	1	16	6	14	178	#
757	519351	31	25	30	24	18	26	19	20	27	178	#
758	374260	14	20	19	8	21	179	#
759	455145	8	2	14	7	30	179	#
760	332844	20	14	8	7	26	179	#
761	300968	14	21	28	22	27	179	#
762	242308	19	25	31	26	20	179	#
763	227138	21	20	27	34	26	179	#
764	1415203	9	8	15	10	7	6	21	22	28	14	20	12	26	13	27	23	34	11	5	16	0	25	180	#
765	1597322	14	21	15	9	10	4	11	20	8	26	2	7	5	28	25	13	24	22	31	12	23	6	180	#
766	1536383	7	13	1	8	9	6	12	10	15	14	0	29	11	35	5	23	21	4	2	22	28	20	180	#
767	1488387	8	7	13	9	14	10	15	21	28	6	22	0	20	12	2	33	11	1	32	31	23	27	180	#
768	1457853	27	28	26	21	15	20	14	22	9	8	2	10	16	7	32	34	35	11	5	31	6	13	180	#
769	1455009	13	7	12	6	8	1	2	14	0	15	21	28	20	27	22	23	34	26	35	29	32	9	180	#
770	1075515	27	28	22	21	34	23	15	26	20	16	17	35	14	37	8	181	#
771	1190436	23	22	16	21	17	29	11	28	5	20	15	14	26	8	25	181	#
772	1169265	15	14	8	9	27	26	21	3	34	10	2	11	16	25	4	181	#
773	1131037	26	25	20	14	15	9	3	8	10	28	19	27	34	21	39	181	#
774	1121999	27	24	26	30	20	31	21	14	8	15	16	22	23	10	29	181	#
775	1117378	8	14	10	15	21	22	2	9	3	27	20	19	34	1	23	181	#
776	2836	37	#
777	83724	36	#
778	840501	20	21	14	22	15	16	19	10	18	12	27	9	182	#
779	935910	18	19	24	12	30	20	14	26	27	28	8	21	182	#
780	869513	10	4	5	3	11	9	17	15	16	2	14	20	182	#
781	863013	27	21	14	8	2	9	26	15	20	10	3	16	182	#
782	856869	9	3	4	10	5	16	15	11	17	2	22	14	182	#
783	784206	20	14	26	27	28	15	9	21	3	22	34	8	182	#
784	925997	21	27	28	33	34	26	32	25	24	19	30	18	183	#
785	942455	24	25	18	12	30	31	26	32	27	34	28	21	183	#
786	930670	27	33	28	21	26	25	24	30	32	34	31	18	183	#
787	906321	30	31	25	26	32	27	33	21	34	28	24	0	183	#
788	904151	28	21	27	33	32	34	14	26	25	24	31	8	183	#
789	884574	25	31	19	32	18	26	24	33	27	30	28	12	183	#
790	93077	36	#
791	1014073	12	18	19	20	6	21	14	8	25	24	27	31	33	32	28	34	184	#
792	985240	32	33	31	30	26	20	14	25	15	8	9	27	19	28	21	34	184	#
793	972855	19	18	25	12	6	24	26	27	39	31	20	28	22	33	34	30	184	#
794	969142	28	27	22	34	21	14	15	20	33	23	32	17	31	19	30	29	184	#
795	965637	20	19	25	31	30	32	14	8	18	21	24	33	27	12	22	23	184	#
796	954280	18	19	25	12	24	20	30	26	27	33	6	31	32	34	35	29	184	#
797	60291	31	32	#
798	271732	0	6	12	18	185	#
799	353746	18	19	12	6	185	#
800	337002	0	1	6	2	185	#
801	336014	6	0	12	13	185	#
802	306304	12	6	13	18	185	#
803	275673	29	35	34	28	186	#
804	249116	29	35	12	13	186	#
805	206643	34	35	29	23	186	#
806	191135	28	22	16	17	186	#
807	1183197	17	16	22	15	23	21	11	5	10	9	14	4	29	35	3	34	27	28	26	33	187	#
808	1321378	9	15	3	21	2	16	10	1	22	35	11	0	27	4	17	33	8	14	26	34	187	#
809	1288727	33	27	21	34	15	26	35	25	19	31	16	18	17	22	9	24	10	3	11	8	187	#
810	1272494	23	29	22	17	35	16	21	15	18	11	24	27	33	19	10	5	4	14	26	9	187	#
811	1268874	29	35	23	34	22	21	15	9	17	27	8	26	11	10	16	3	19	20	2	5	187	#
812	1265872	35	34	28	29	27	22	21	14	15	9	26	16	25	17	3	10	19	33	11	23	187	#
813	972190	20	23	29	19	26	27	34	28	33	35	21	32	15	37	18	188	#
814	1032715	37	26	32	31	20	19	21	18	14	15	27	28	34	35	24	188	#
815	933432	33	27	28	7	34	21	6	26	13	20	12	32	31	0	15	188	#
816	898294	32	31	33	27	26	34	28	30	22	24	35	18	19	23	20	188	#
817	880899	27	28	34	26	29	33	22	35	32	16	20	31	15	21	11	188	#
818	877126	18	24	30	31	19	25	20	21	26	27	32	22	15	16	28	188	#
819	118933	39	#
820	77354	36	#
821	333109	25	24	18	19	31	189	#
822	418393	18	7	6	19	8	189	#
823	360269	25	19	24	30	20	189	#
824	341240	19	20	21	26	32	189	#
825	272541	24	25	26	20	18	189	#
826	222380	31	25	24	2	3	189	#
827	223645	9	10	16	11	3	4	190	#
828	261133	9	8	15	3	10	7	190	#
829	211885	17	11	22	16	191	#
830	232212	22	28	16	17	191	#
831	199067	17	16	22	10	191	#
832	191680	11	5	30	16	191	#
833	175665	16	10	22	11	191	#
834	93085	9	#
835	59179	36	#
836	396152	5	36	4	10	3	11	17	23	192	#
837	513651	23	22	29	17	35	11	21	27	192	#
838	496968	3	9	4	10	11	5	8	15	192	#
839	490060	36	27	21	15	4	5	3	22	192	#
840	489608	10	4	16	22	21	5	15	27	192	#
841	466750	4	5	11	10	16	22	15	21	192	#
842	92481	9	10	193	#
843	132610	9	3	193	#
844	291343	2	3	8	9	194	#
845	358671	9	3	15	21	194	#
846	330200	3	2	9	15	194	#
847	239124	2	1	3	9	194	#
848	39204	38	#
849	1854057	26	22	23	27	25	19	24	18	20	30	14	16	34	10	4	33	35	9	3	8	7	11	28	29	31	13	21	12	32	6	15	0	2	1	5	39	17	37	195	#
850	1878750	22	28	27	23	34	29	33	16	35	26	20	32	21	19	14	8	10	18	11	12	4	6	2	0	7	13	1	5	24	25	3	30	31	9	15	17	38	39	195	#
851	1872781	37	33	27	26	34	20	19	14	32	18	28	8	25	35	7	13	31	9	29	30	24	21	22	23	10	1	11	16	3	4	2	6	12	0	39	5	15	36	195	#
852	1855318	27	26	2	34	8	14	21	33	20	25	7	13	32	35	28	24	22	23	19	6	16	18	0	12	3	36	1	30	29	4	10	5	11	9	31	15	17	39	195	#
853	1841473	29	23	22	35	34	28	27	16	26	33	11	18	20	12	24	0	19	30	21	6	13	14	7	1	32	25	8	2	10	5	4	3	9	31	15	17	36	38	195	#
854	1840212	18	19	25	20	12	24	30	6	26	32	14	38	33	0	13	7	8	27	2	1	3	4	21	34	35	22	16	23	15	10	29	9	11	5	28	31	37	17	195	#
855	1402142	21	15	14	9	28	39	16	10	22	4	8	17	23	2	34	20	3	7	27	29	6	19	196	#
856	1534459	20	14	2	21	15	9	27	30	22	8	24	26	16	17	11	23	25	19	32	10	3	4	196	#
857	1470785	27	26	25	34	28	22	16	21	24	32	11	17	30	20	33	10	31	5	14	15	19	23	196	#
858	1464974	39	15	21	20	28	27	22	16	14	26	32	34	17	25	9	8	33	35	24	30	10	31	196	#
859	1463013	22	16	10	15	11	23	14	21	9	17	4	8	20	3	2	29	1	5	0	35	6	27	196	#
860	1462608	34	28	27	21	22	15	33	16	32	26	23	20	14	10	17	11	29	6	9	3	8	25	196	#
861	403332	23	22	17	11	28	197	#
862	347636	17	23	11	5	4	197	#
863	338970	23	29	22	17	28	197	#
864	295123	22	23	21	17	29	197	#
865	291016	11	17	10	16	23	197	#
866	278625	28	22	16	10	23	197	#
867	253731	33	32	26	25	198	#
868	270079	25	24	31	30	198	#
869	246019	26	25	20	19	198	#
870	223418	33	32	31	30	198	#
871	215341	32	33	26	20	198	#
872	1125095	11	10	17	16	4	9	29	8	5	15	7	2	1	13	21	0	27	34	3	199	#
873	1281057	7	8	2	1	13	9	0	15	16	10	12	11	17	18	5	19	25	26	6	199	#
874	1275521	2	1	7	0	13	8	9	15	16	17	12	11	21	5	20	10	27	34	26	199	#
875	1248408	15	21	9	14	16	8	27	33	20	19	26	7	2	1	34	25	13	0	12	199	#
876	1247865	13	12	7	18	19	1	25	8	2	9	6	31	30	15	0	24	26	16	22	199	#
877	1217287	8	7	1	2	13	12	0	9	14	21	20	18	15	4	16	19	25	26	24	199	#
878	681050	31	32	26	18	12	19	6	25	0	24	30	200	#
879	740230	18	19	24	25	30	12	13	31	6	26	0	200	#
880	699164	24	30	18	12	31	6	25	13	26	0	20	200	#
881	696226	19	18	12	13	25	20	14	26	16	21	15	200	#
882	665418	0	6	12	13	1	7	2	3	4	18	24	200	#
883	629711	12	13	6	7	0	18	24	25	1	2	3	200	#
884	419051	16	17	11	22	10	15	9	28	23	201	#
885	618765	17	11	10	9	8	18	12	14	15	201	#
886	534035	28	34	4	10	9	15	21	5	3	201	#
887	517883	9	15	10	16	22	21	14	28	27	201	#
888	492597	10	9	15	11	14	17	27	33	4	201	#
889	478589	23	29	22	28	34	21	15	14	16	201	#
890	684807	34	27	21	33	15	14	28	16	35	202	#
891	819146	21	15	14	27	22	23	29	8	9	202	#
892	774294	27	21	34	14	22	23	15	33	16	202	#
893	770680	14	21	8	15	2	11	1	7	16	202	#
894	751675	15	21	27	23	22	16	17	10	14	202	#
895	707179	34	27	21	22	26	16	33	15	11	202	#
896	1132345	8	2	7	1	3	6	13	14	21	9	20	28	27	19	22	23	29	17	203	#
897	1202686	28	22	21	15	23	17	20	29	19	18	26	8	2	14	27	1	7	13	203	#
898	1181609	29	23	17	35	22	11	16	21	14	15	20	26	8	32	31	2	30	10	203	#
899	1095920	13	7	8	1	6	2	0	14	3	21	4	12	10	20	38	19	26	11	203	#
900	1054196	14	30	24	20	31	21	26	8	32	9	19	10	2	4	18	3	22	27	203	#
901	1036906	9	3	8	2	7	1	13	10	15	32	31	26	35	27	16	20	17	14	203	#
902	99877	36	#
903	44510	7	#
904	1665913	26	27	21	15	20	22	16	14	9	23	10	8	17	19	29	11	33	7	13	28	2	5	25	3	1	204	#
905	1643619	27	21	22	15	14	33	28	8	9	7	34	3	20	16	10	17	26	13	23	2	11	29	1	19	25	204	#
906	1640620	21	27	28	22	20	17	11	14	26	23	25	16	31	29	15	5	10	8	4	7	9	19	33	32	13	204	#
907	1604627	5	4	3	10	9	16	11	17	22	15	2	1	8	21	23	20	28	26	14	27	29	7	13	35	33	204	#
908	1599201	8	7	14	15	21	27	9	10	28	16	20	17	11	13	2	4	22	3	26	34	23	33	29	5	1	204	#
909	1590749	14	8	15	21	20	27	33	32	7	26	22	1	19	23	16	17	13	12	29	25	35	28	18	9	34	204	#
910	1180570	15	9	8	14	7	10	20	13	26	21	1	27	6	16	17	32	28	3	11	205	#
911	1413074	32	31	30	26	20	14	39	21	27	24	8	9	15	28	3	2	19	16	7	205	#
912	1379286	16	15	21	20	26	17	14	23	27	32	28	19	18	31	9	30	8	7	2	205	#
913	1377738	3	4	9	8	5	14	7	2	15	21	20	19	27	1	16	11	26	28	18	205	#
914	1368893	27	28	26	21	20	15	14	18	22	16	11	24	5	9	17	30	39	19	31	205	#
915	1361468	8	9	15	14	7	21	20	1	19	2	26	32	31	3	4	18	5	28	25	205	#
916	82548	36	#
917	75119	37	#
918	255657	23	17	11	16	206	#
919	324320	16	11	22	15	206	#
920	286620	17	11	23	22	206	#
921	223146	23	17	22	16	206	#
922	173006	11	10	16	22	206	#
923	158912	29	23	35	207	#
924	221827	35	29	34	207	#
925	174317	29	23	17	207	#
926	139989	23	22	21	207	#
927	86119	38	#
928	665253	21	27	28	33	34	35	22	16	15	14	208	#
929	859377	21	28	14	15	9	8	3	27	33	26	208	#
930	801768	28	27	33	21	34	35	15	29	14	32	208	#
931	775218	27	33	28	21	32	26	20	15	9	14	208	#
932	764056	15	14	16	20	17	11	26	5	25	27	208	#
933	760114	14	8	7	2	1	3	0	15	9	20	208	#
934	1068004	28	34	21	22	23	19	27	17	11	15	9	29	209	#
935	1000430	27	21	22	28	11	15	34	9	35	26	29	1	209	#
936	992152	15	21	22	28	27	9	34	3	23	17	29	14	209	#
937	986382	11	17	23	29	22	35	34	21	28	5	27	15	209	#
938	985757	22	28	21	34	23	15	29	9	27	35	8	17	209	#
939	984778	29	23	35	22	28	34	21	17	11	27	15	33	209	#
940	99706	11	#
941	911327	9	8	3	10	11	28	4	5	2	16	17	22	23	7	210	#
942	1066352	5	11	10	16	22	30	28	27	23	9	21	8	4	2	210	#
943	1027416	2	8	1	7	9	0	10	3	4	26	20	21	14	27	210	#
944	963535	7	8	2	6	3	1	14	20	10	21	0	22	9	4	210	#
945	936886	10	9	3	11	4	8	2	14	5	16	20	15	21	19	210	#
946	899185	8	2	3	1	4	9	10	14	20	16	21	27	22	34	210	#
947	196176	6	12	211	#
948	105731	6	7	211	#
949	415165	8	14	7	21	22	13	212	#
950	503782	8	14	7	13	12	21	212	#
951	462378	7	13	12	6	0	1	212	#
952	430764	14	20	21	8	27	33	212	#
953	422325	21	14	20	15	16	8	212	#
954	242029	22	21	14	16	20	10	212	#
955	117358	5	4	#
956	968416	10	4	16	11	5	17	9	8	2	15	7	13	21	22	14	213	#
957	1183337	21	20	19	25	14	28	15	26	27	24	16	8	31	11	2	213	#
958	1112996	16	10	4	9	5	8	17	2	11	15	7	21	20	27	28	213	#
959	1105100	8	7	13	2	14	12	20	21	15	16	6	11	26	32	10	213	#
960	1070511	17	16	10	11	5	9	34	4	15	23	29	8	28	2	35	213	#
961	1042330	9	10	4	16	8	2	5	11	1	7	17	15	21	28	34	213	#
962	1264439	17	23	22	19	20	16	21	11	14	27	18	25	26	8	10	24	34	4	31	33	214	#
963	1405892	34	27	21	14	20	8	26	32	2	22	25	35	24	33	28	23	18	19	29	17	214	#
964	1403846	18	19	24	25	26	20	27	21	34	9	10	35	14	32	16	17	8	22	33	2	214	#
965	1365829	10	9	8	2	11	4	5	17	23	14	22	28	20	16	27	21	26	25	34	19	214	#
966	1358570	14	21	29	22	20	19	35	23	16	1	17	10	28	0	34	27	9	2	26	6	214	#
967	1340583	24	8	2	25	26	20	1	21	32	22	27	33	9	23	14	37	34	0	28	19	214	#
968	599882	2	8	7	9	14	21	1	22	20	215	#
969	804251	7	1	2	8	14	21	13	27	26	215	#
970	799165	8	14	2	1	0	21	20	26	7	215	#
971	793984	21	14	20	27	34	19	8	9	2	215	#
972	785187	1	0	6	7	2	8	14	21	12	215	#
973	743699	20	19	26	14	25	27	33	21	24	215	#
974	98774	9	#
975	120084	38	#
976	770789	3	4	9	2	5	8	10	11	15	16	1	0	17	23	216	#
977	941978	4	3	5	11	17	16	12	6	15	0	23	1	18	24	216	#
978	927765	3	4	2	1	0	6	8	5	14	9	15	11	12	17	216	#
979	907630	5	4	3	2	1	8	0	6	30	11	13	12	24	16	216	#
980	888262	0	6	12	18	24	25	26	31	30	32	27	33	19	34	216	#
981	849124	2	3	4	8	5	1	0	14	11	6	15	20	17	16	216	#
982	2108551	21	22	23	27	28	29	26	32	25	31	33	19	24	35	14	17	15	20	16	10	4	8	5	2	7	3	11	30	13	9	217	#
983	2236161	5	4	11	17	16	10	9	8	2	22	21	35	1	15	3	14	7	27	13	23	28	26	0	29	25	20	6	19	24	12	217	#
984	2205738	17	23	22	28	21	29	15	14	11	16	9	5	10	20	26	4	27	3	19	8	35	2	7	25	24	6	1	33	13	12	217	#
985	2201189	35	29	23	17	22	28	27	21	33	16	26	14	15	9	3	8	11	20	2	10	19	4	25	7	1	32	6	36	5	24	217	#
986	2198371	9	3	2	8	4	14	10	21	7	1	13	28	15	22	5	0	20	6	27	19	33	16	17	12	11	26	25	24	30	32	217	#
987	2186135	10	11	9	5	17	4	15	8	23	22	29	7	16	14	21	28	1	33	3	27	20	26	6	2	19	0	25	32	12	13	217	#
988	94282	39	#
989	729845	32	5	26	20	27	21	31	25	33	34	4	218	#
990	933143	20	14	21	26	27	25	32	31	8	15	2	218	#
991	859163	25	26	31	27	32	20	21	30	14	24	8	218	#
992	837407	34	35	27	21	20	26	14	8	11	29	16	218	#
993	815244	31	32	25	19	26	27	21	33	20	15	14	218	#
994	773126	26	32	33	31	27	30	21	20	14	28	25	218	#
995	446219	31	32	33	27	30	34	25	219	#
996	553985	30	31	32	25	26	33	19	219	#
997	527263	33	32	27	34	28	26	25	219	#
998	495039	27	28	34	21	26	32	33	219	#
999	493988	34	35	27	29	21	26	25	219	#
1000	476880	25	31	24	30	19	20	26	219	#
1001	360559	29	35	34	28	27	26	220	#
1002	392225	35	34	29	28	21	15	220	#
1003	385951	28	21	20	19	18	15	220	#
1004	362689	26	20	14	8	25	7	220	#
1005	342338	34	35	28	21	29	20	220	#
1006	331519	29	35	34	28	23	17	220	#
1007	1047775	35	34	29	28	23	21	22	15	27	33	26	32	14	17	20	31	11	25	16	9	221	#
1008	1224393	32	26	33	39	31	25	19	20	18	14	24	21	12	15	9	13	28	6	30	0	221	#
1009	1198603	16	22	11	21	17	15	9	10	28	23	34	14	29	35	2	1	8	5	20	0	221	#
1010	1194221	28	34	22	35	21	29	15	14	8	9	2	3	1	20	23	4	0	17	16	11	221	#
1011	1187633	22	23	29	21	28	17	11	15	20	14	35	19	9	18	8	10	24	5	4	34	221	#
1012	1167705	25	24	18	19	14	21	12	31	13	15	22	26	32	16	39	17	11	28	7	1	221	#
1013	438598	32	33	26	27	1	21	222	#
1014	430972	33	27	5	28	21	11	222	#
1015	419475	1	7	13	12	8	2	222	#
1016	410935	26	27	33	21	28	22	222	#
1017	409399	27	21	37	26	32	33	222	#
1018	401784	21	15	22	16	27	10	222	#
1019	588505	12	13	16	7	22	15	17	9	8	223	#
1020	633727	12	13	7	6	8	0	9	15	1	223	#
1021	594662	7	6	0	8	12	15	2	1	13	223	#
1022	585462	16	10	11	9	17	15	22	4	5	223	#
1023	570116	9	10	15	8	16	14	17	7	6	223	#
1024	559085	13	12	7	1	6	0	8	9	2	223	#
1025	386462	33	27	28	34	35	224	#
1026	404376	35	29	23	17	11	224	#
1027	388074	34	35	29	27	23	224	#
1028	372165	28	27	34	26	35	224	#
1029	324724	33	32	31	27	25	224	#
1030	307723	27	28	34	21	26	224	#
1031	46836	33	#
1032	1433443	14	8	2	15	3	20	16	9	21	22	28	1	27	7	19	34	25	35	26	0	23	18	225	#
1033	1603828	9	3	15	2	8	7	1	13	14	21	12	28	20	10	0	19	26	6	25	31	34	27	225	#
1034	1583023	8	2	1	9	0	14	15	21	20	16	19	7	10	22	27	28	25	6	11	13	12	31	225	#
1035	1569177	1	0	7	2	30	8	14	20	21	27	26	15	3	19	4	10	11	13	25	5	31	34	225	#
1036	1541773	25	26	31	30	20	14	15	27	21	34	8	9	19	16	2	3	28	35	10	17	1	32	225	#
1037	1512308	7	1	8	2	14	15	20	21	9	27	0	3	13	34	12	26	28	6	16	25	11	22	225	#
1038	949238	24	25	26	27	19	31	33	30	21	18	34	226	#
1039	955720	27	26	20	14	8	21	34	33	25	19	35	226	#
1040	934107	34	27	33	21	26	25	28	14	8	22	9	226	#
1041	924159	31	32	33	30	27	21	22	24	26	25	14	226	#
1042	922722	24	30	13	25	7	19	26	20	8	14	9	226	#
1043	892775	19	25	26	20	27	21	33	24	18	31	14	226	#
1044	1445546	15	16	14	22	20	28	9	27	33	17	23	34	3	35	29	4	11	32	21	2	31	1	25	227	#
1045	1587488	28	27	21	34	33	20	22	32	23	35	29	16	15	31	26	14	25	30	17	24	18	11	2	227	#
1046	1581459	25	24	31	30	32	33	19	20	14	18	12	27	28	26	34	5	21	35	15	22	23	29	16	227	#
1047	1534186	32	31	25	30	24	18	12	13	19	33	20	7	21	27	14	15	22	28	34	35	23	26	16	227	#
1048	1516199	27	34	35	28	29	33	22	32	23	16	15	31	26	20	9	30	24	25	18	14	19	12	10	227	#
1049	1515973	33	32	27	28	25	26	24	34	31	35	30	22	23	20	16	21	29	14	18	15	19	9	10	227	#
1050	95132	36	#
1051	171680	2	1	7	228	#
1052	225916	2	1	0	228	#
1053	172863	7	1	13	228	#
1054	157456	18	19	#
1055	119440	21	20	229	#
1056	153744	21	22	229	#
1057	120478	20	14	229	#
1058	2337758	4	10	11	17	5	16	23	22	21	29	27	34	3	24	30	9	2	8	35	14	20	28	15	18	26	25	32	31	7	13	33	19	12	1	230	#
1059	2516783	9	8	14	21	22	10	27	28	20	19	25	24	26	18	31	4	32	2	30	34	1	16	12	33	17	23	11	5	35	13	15	7	38	0	230	#
1060	2452867	30	24	31	25	18	12	32	19	26	13	7	8	20	2	1	21	27	22	14	33	28	34	35	6	15	16	11	3	38	17	0	10	4	23	230	#
1061	2452180	13	12	7	18	19	25	31	30	24	8	26	27	2	20	33	34	32	21	6	0	28	36	35	22	1	23	9	10	4	14	17	11	29	15	230	#
1062	2445782	32	26	31	20	25	24	18	21	30	27	12	14	28	34	13	22	35	8	29	2	7	1	19	33	9	10	6	0	4	15	11	37	5	23	230	#
1063	2412024	33	32	31	26	25	27	34	35	21	22	28	20	23	19	18	15	17	29	24	12	14	16	30	13	10	7	11	4	9	6	8	2	1	0	230	#
1064	100310	36	#
1065	562928	18	19	25	20	31	32	12	6	7	0	231	#
1066	788705	32	33	26	27	31	25	20	14	21	8	231	#
1067	767119	18	19	25	24	20	21	15	26	32	14	231	#
1068	748558	7	8	13	14	15	2	6	3	21	20	231	#
1069	735091	19	25	18	20	14	31	30	24	26	32	231	#
1070	700837	0	6	7	12	13	1	8	14	15	20	231	#
1071	262506	29	35	23	34	232	#
1072	264675	29	35	23	17	232	#
1073	229311	23	29	17	22	232	#
1074	201923	34	28	27	22	232	#
1075	108772	10	9	233	#
1076	89485	9	3	233	#
1077	1535253	17	23	11	22	21	14	28	34	15	20	27	16	9	29	26	10	35	25	8	19	32	39	31	18	234	#
1078	1731925	32	31	26	25	24	30	20	18	19	33	12	27	14	34	13	21	22	8	6	23	9	15	16	2	234	#
1079	1729677	26	32	33	20	25	14	19	31	21	15	22	18	12	27	23	6	24	28	13	8	9	29	10	35	234	#
1080	1719684	21	22	15	20	14	27	26	36	23	17	32	29	33	25	31	8	19	30	2	34	9	1	10	24	234	#
1081	1709663	19	20	18	26	27	33	32	25	31	14	15	34	21	30	24	8	22	23	2	35	9	12	28	13	234	#
1082	1691232	23	29	22	28	21	20	35	34	15	14	26	32	25	27	31	9	30	33	10	8	19	18	38	12	234	#
1083	1532844	24	25	19	31	32	30	33	27	20	21	18	14	10	4	22	15	12	26	28	9	6	3	13	16	2	235	#
1084	1797718	14	20	21	27	33	8	28	15	32	31	30	16	2	10	4	9	1	22	0	6	19	12	13	18	11	235	#
1085	1791450	2	3	4	1	10	8	12	16	6	0	18	22	21	23	15	24	19	5	17	20	30	31	13	32	29	235	#
1086	1772242	18	19	12	13	7	8	24	1	0	2	6	30	14	20	31	21	22	32	15	28	27	16	33	10	35	235	#
1087	1750496	25	19	31	32	30	24	18	33	12	6	27	0	1	20	13	7	8	21	34	38	9	2	22	15	16	235	#
1088	1719826	19	25	31	30	32	24	18	12	13	6	0	33	27	1	28	20	7	21	15	14	8	2	3	16	4	235	#
1089	1185840	1	0	2	6	8	3	7	14	9	4	5	13	12	18	19	20	236	#
1090	1245279	1	0	2	37	8	26	3	14	32	9	31	15	6	12	4	16	236	#
1091	1203195	3	4	5	2	8	9	7	14	1	6	20	15	0	19	18	26	236	#
1092	1192292	13	12	6	0	7	8	9	1	2	18	19	3	4	22	21	14	236	#
1093	1187051	6	0	1	12	2	19	20	3	4	18	21	13	24	22	14	8	236	#
1094	1155980	20	21	19	26	27	34	18	35	12	14	22	6	0	32	1	24	236	#
1095	777072	12	13	7	18	19	24	6	30	25	31	20	32	14	237	#
1096	953536	18	28	12	27	9	34	13	19	35	20	21	14	24	237	#
1097	937901	7	13	6	12	0	18	1	24	2	25	19	30	20	237	#
1098	870172	24	30	18	19	20	26	25	14	21	32	27	12	6	237	#
1099	857249	20	19	21	27	14	34	22	23	35	18	28	29	24	237	#
1100	850008	14	20	19	18	25	15	12	6	13	0	7	1	9	237	#
1101	326195	29	35	23	17	238	#
1102	298582	35	29	34	23	238	#
1103	250594	17	16	10	15	238	#
1104	213253	29	23	17	22	238	#
1105	1713601	28	34	21	27	20	15	16	33	11	32	17	23	26	31	9	14	25	8	24	10	30	22	4	3	5	19	2	18	29	239	#
1106	1847103	30	31	14	32	24	25	21	37	33	19	15	18	16	27	17	10	9	28	23	3	4	11	34	20	12	26	29	8	13	239	#
1107	1759224	26	32	38	31	25	20	24	30	27	34	33	18	28	12	13	21	14	19	15	9	16	7	17	8	11	10	4	3	23	239	#
1108	1724528	32	33	31	27	25	34	19	18	30	24	26	20	12	21	28	15	22	23	13	17	9	16	29	14	10	11	3	4	8	239	#
1109	1723451	28	34	21	30	24	25	20	18	26	31	32	12	15	14	16	13	11	33	17	23	10	27	29	4	9	8	3	7	5	239	#
1110	1711814	16	15	17	21	23	28	34	20	22	11	10	9	29	4	27	14	3	33	19	18	24	32	31	25	26	30	12	8	2	239	#
1111	129115	31	32	26	240	#
1112	189953	32	26	25	240	#
1113	116878	31	30	32	240	#
1114	340626	22	28	27	21	23	33	14	20	241	#
1115	463867	22	21	20	14	19	15	9	16	241	#
1116	456856	33	32	27	21	28	22	15	14	241	#
1117	456300	20	14	8	7	9	21	10	16	241	#
1118	398375	23	17	16	22	28	15	14	20	241	#
1119	390156	27	26	20	28	21	14	34	22	241	#
1120	1166196	8	2	7	9	21	10	15	16	32	6	27	11	28	13	14	12	242	#
1121	1359616	13	7	8	2	14	9	21	20	19	15	27	26	34	22	6	16	242	#
1122	1307674	14	21	15	20	27	16	8	7	28	22	17	34	13	12	6	26	242	#
1123	1300333	10	11	9	8	7	16	5	14	6	0	31	20	17	35	21	34	242	#
1124	1299179	8	9	3	7	6	15	2	21	20	19	13	14	12	18	26	27	242	#
1125	1292214	11	10	16	17	15	14	9	21	23	4	8	28	20	26	27	19	242	#
1126	916793	18	19	25	20	34	31	26	1	22	0	32	35	21	28	29	243	#
1127	1282052	18	24	19	12	25	20	8	6	2	26	14	27	1	15	0	243	#
1128	1144204	19	20	14	8	27	25	26	28	31	30	15	24	22	32	34	243	#
1129	1133984	34	28	27	22	26	25	0	23	6	1	2	35	12	32	20	243	#
1130	1126686	20	14	15	19	8	26	25	32	31	7	6	2	30	27	9	243	#
1131	1123549	29	0	23	17	15	35	14	8	6	22	34	12	7	2	1	243	#
1132	93700	11	#
1133	383441	6	12	13	0	1	244	#
1134	334058	1	0	23	22	6	244	#
1135	306419	0	1	7	6	13	244	#
1136	305177	6	12	7	0	8	244	#
1137	274770	12	6	13	7	1	244	#
1138	234508	13	12	7	18	6	244	#
1139	251107	21	15	22	28	245	#
1140	272016	15	14	21	28	245	#
1141	256065	28	27	21	30	245	#
1142	225530	21	35	27	33	245	#
1143	88869	22	21	20	10	245	#
1144	264399	28	22	34	35	27	246	#
1145	320120	27	2	8	33	1	246	#
1146	314915	28	21	34	22	23	246	#
1147	307308	35	34	29	28	27	246	#
1148	210435	34	27	26	35	33	246	#
1149	1678742	12	13	18	19	25	24	30	31	7	1	2	22	0	8	9	3	16	15	6	21	27	14	23	34	10	33	247	#
1150	1792865	13	12	18	19	25	26	24	30	31	32	33	6	27	21	14	22	8	23	15	17	11	16	10	2	28	34	247	#
1151	1774654	24	18	12	16	19	30	10	22	15	11	17	25	13	26	23	27	31	21	34	32	29	33	14	36	28	8	247	#
1152	1740374	12	13	18	19	24	7	22	30	25	21	26	23	8	15	32	17	14	28	33	27	1	16	10	34	2	3	247	#
1153	1739759	25	26	24	19	18	30	12	17	11	13	5	32	23	29	10	16	15	7	21	4	27	14	34	3	8	31	247	#
1154	1734232	31	30	25	32	26	33	24	9	10	8	11	18	15	16	19	12	21	5	13	17	20	14	23	6	27	34	247	#
1155	329388	6	0	12	18	248	#
1156	352757	12	13	18	19	248	#
1157	350927	18	19	12	25	248	#
1158	322755	6	7	0	12	248	#
1159	715523	26	25	19	24	20	18	14	21	8	249	#
1160	686344	19	18	25	20	26	14	8	2	24	249	#
1161	643864	24	25	18	31	26	20	14	19	8	249	#
1162	611796	25	26	20	19	24	31	18	14	21	249	#
1163	600300	26	20	19	21	25	18	22	14	12	249	#
1164	572968	21	20	26	14	8	25	24	22	7	249	#
1165	323110	24	30	25	18	250	#
1166	360929	30	24	25	19	250	#
1167	323659	24	18	30	12	250	#
1168	141282	18	16	11	3	250	#
1169	574216	16	17	15	11	9	10	23	14	22	251	#
1170	684137	14	8	9	15	7	21	13	10	27	251	#
1171	632935	16	15	17	21	27	14	20	11	28	251	#
1172	577885	10	11	5	16	9	8	7	4	17	251	#
1173	576368	15	14	21	16	11	10	17	23	22	251	#
1174	573353	22	16	17	23	29	35	34	28	27	251	#
1175	326187	20	26	27	32	19	252	#
1176	443956	20	14	21	15	28	252	#
1177	410060	19	20	14	15	38	252	#
1178	383897	27	34	26	28	35	252	#
1179	360799	26	20	19	25	21	252	#
1180	347433	32	31	26	33	27	252	#
1181	285357	36	6	0	253	#
1182	293620	0	6	1	253	#
1183	246483	6	7	0	253	#
1184	136202	36	17	11	253	#
1185	384353	0	1	6	7	12	254	#
1186	476644	6	12	0	7	8	254	#
1187	474480	12	6	0	18	32	254	#
1188	417191	0	6	1	15	9	254	#
1189	366104	7	13	5	12	8	254	#
1190	354571	1	0	6	7	2	254	#
1191	1301226	3	24	30	9	15	4	8	25	19	14	5	21	10	22	7	31	2	1	255	#
1192	1438910	7	6	0	1	8	13	9	12	14	21	15	2	22	23	17	3	27	16	255	#
1193	1396377	8	14	9	15	3	10	21	16	17	27	34	23	22	4	5	11	29	26	255	#
1194	1386372	31	30	25	26	27	21	14	22	34	15	35	28	33	19	20	23	8	17	255	#
1195	1374531	30	31	25	26	27	21	19	28	15	22	34	20	14	8	7	1	13	23	255	#
1196	1330666	10	4	3	17	11	9	8	16	15	5	23	14	7	22	21	13	6	29	255	#
1197	736221	1	0	6	12	7	13	18	8	2	19	14	24	3	4	256	#
1198	1029080	7	13	1	0	35	29	23	6	17	22	11	21	34	15	256	#
1199	916167	2	1	0	3	9	6	12	8	4	5	10	15	21	11	256	#
1200	884458	13	12	18	19	20	24	21	22	27	5	6	23	29	0	256	#
1201	861408	19	18	20	17	14	36	24	21	22	23	15	30	11	28	256	#
1202	847961	3	9	15	2	10	21	27	1	0	22	23	8	37	14	256	#
1203	347877	22	23	16	17	29	35	10	257	#
1204	459805	23	17	25	22	29	26	10	257	#
1205	382688	10	16	9	15	17	11	14	257	#
1206	372750	16	15	22	21	17	14	20	257	#
1207	368360	35	29	34	23	28	22	17	257	#
1208	332144	17	16	23	22	21	10	15	257	#
1209	887134	14	8	7	9	15	2	16	17	21	23	29	6	258	#
1210	970133	8	14	9	15	20	21	7	6	12	26	19	32	258	#
1211	966389	2	8	9	7	15	37	21	14	22	16	23	11	258	#
1212	917353	6	0	1	7	8	14	2	20	21	12	9	15	258	#
1213	856017	29	35	23	34	17	28	22	21	15	16	11	14	258	#
1214	833391	9	8	15	7	2	14	1	21	28	16	6	13	258	#
1215	566895	34	27	28	35	21	14	20	8	22	259	#
1216	703501	28	27	34	21	15	9	22	16	11	259	#
1217	700954	22	28	21	34	16	17	23	11	8	259	#
1218	662799	20	14	19	15	8	21	16	22	11	259	#
1219	659855	8	9	15	14	21	19	27	20	34	259	#
1220	642330	35	34	28	29	27	21	22	16	11	259	#
1221	1025932	33	27	26	28	22	20	21	16	19	14	8	25	15	2	24	260	#
1222	1113966	26	27	21	28	22	25	14	8	2	9	1	29	19	20	10	260	#
1223	1091609	19	25	18	24	26	30	20	31	14	21	27	8	22	2	23	260	#
1224	1004502	15	9	8	2	16	3	21	39	10	14	27	28	22	23	26	260	#
1225	998753	28	27	22	21	26	14	8	2	23	17	3	9	11	5	32	260	#
1226	966568	27	21	14	22	28	23	20	29	26	33	25	8	31	24	17	260	#
1227	84148	5	#
1228	418678	11	17	23	16	5	261	#
1229	477235	5	11	17	16	15	261	#
1230	420052	17	16	23	11	13	261	#
1231	359153	11	5	16	10	17	261	#
1232	316939	16	22	11	17	5	261	#
1233	281813	23	29	17	16	10	261	#
1234	2136844	18	24	12	25	31	26	20	6	30	21	22	19	7	28	16	13	23	15	32	10	33	4	9	11	34	17	14	0	27	35	5	29	1	2	3	8	262	#
1235	2221881	22	28	21	34	20	23	16	29	17	10	15	11	35	4	27	19	5	25	18	14	26	33	24	30	12	32	31	13	6	7	0	1	2	9	36	8	262	#
1236	2199676	12	18	24	30	19	13	6	25	31	7	32	33	20	26	27	21	15	28	22	14	34	23	0	17	29	1	11	36	10	38	16	5	4	9	35	8	262	#
1237	2153693	29	23	17	16	11	5	4	10	35	15	21	34	20	9	22	14	28	3	27	26	25	33	19	32	2	7	13	24	12	1	6	18	31	30	39	8	262	#
1238	2141695	21	20	14	22	19	26	27	32	28	34	25	16	33	23	31	15	30	39	17	10	29	11	5	24	35	4	9	18	12	6	7	0	13	8	3	38	262	#
1239	2140998	13	7	12	6	4	10	11	5	18	16	9	22	28	34	24	17	30	23	15	21	27	25	19	1	31	26	39	32	35	33	20	29	2	14	3	0	262	#
1240	90805	37	#
1241	319149	21	28	34	35	20	263	#
1242	455198	21	14	27	28	34	263	#
1243	437871	35	34	28	29	21	263	#
1244	393143	34	28	35	22	21	263	#
1245	375946	28	22	16	21	14	263	#
1246	289602	20	21	14	8	7	263	#
1247	213689	14	21	20	264	#
1248	305576	14	21	15	264	#
1249	167407	21	22	16	264	#
1250	159837	20	26	27	264	#
1251	691843	5	4	10	3	9	8	2	16	1	7	0	6	17	22	265	#
1252	971816	6	7	13	0	8	14	2	3	21	28	27	26	25	22	265	#
1253	935652	0	6	7	8	12	36	14	2	13	3	20	21	19	26	265	#
1254	920717	7	13	8	6	0	33	27	14	28	12	22	26	25	21	265	#
1255	885498	8	14	7	2	6	32	12	9	26	13	10	27	0	3	265	#
1256	856122	9	31	25	15	30	14	26	20	19	24	3	27	21	34	265	#
1257	458580	35	29	23	17	22	21	16	266	#
1258	573701	16	15	22	9	21	17	14	266	#
1259	563246	21	28	14	15	22	16	10	266	#
1260	506025	29	35	23	17	16	10	15	266	#
1261	448106	17	19	23	18	22	24	12	266	#
1262	412076	23	3	9	17	16	8	10	266	#
1263	1216929	34	35	29	22	23	28	27	21	26	33	15	14	9	17	25	8	20	7	32	267	#
1264	1388261	21	22	20	28	26	19	18	32	15	25	35	14	8	12	23	31	7	9	3	267	#
1265	1380978	20	14	15	19	9	18	21	26	8	7	5	1	3	32	13	12	27	25	33	267	#
1266	1356190	7	13	12	18	1	19	25	20	14	21	22	23	15	26	8	9	3	33	24	267	#
1267	1295726	25	31	32	26	30	19	20	18	12	24	13	14	8	33	9	7	27	21	3	267	#
1268	1280440	14	20	19	26	15	25	31	9	32	8	21	22	3	7	28	27	16	17	13	267	#
1269	228089	1	2	7	268	#
1270	298493	1	2	8	268	#
1271	237185	7	1	8	269	#
1272	320704	8	7	2	269	#
1273	283130	1	0	6	269	#
1274	228073	7	13	8	269	#
1275	966481	22	16	21	14	26	23	25	19	32	28	15	270	#
1276	947767	19	20	25	31	14	12	15	6	8	32	9	270	#
1277	925564	14	21	22	15	28	34	27	16	23	35	26	270	#
1278	909198	26	20	25	19	24	30	21	28	27	32	31	270	#
1279	891738	21	14	4	27	26	22	25	15	16	28	8	270	#
1280	852869	28	21	27	15	16	22	26	25	14	9	10	270	#
1281	100391	24	#
1282	52693	39	#
1283	186561	16	10	11	17	271	#
1284	252445	17	16	11	23	271	#
1285	216963	16	11	10	9	271	#
1286	195731	10	4	11	5	271	#
1287	186528	11	5	17	10	271	#
1288	1074269	15	16	11	22	21	28	34	38	9	8	5	14	20	26	31	272	#
1289	1204906	11	5	16	15	21	25	31	24	9	22	26	3	32	14	30	272	#
1290	1127450	22	16	39	28	15	14	21	20	26	32	11	19	9	18	12	272	#
1291	1061127	38	3	9	8	2	1	15	21	28	7	14	22	20	23	26	272	#
1292	1060150	34	28	21	35	22	20	15	16	26	23	25	24	19	30	18	272	#
1293	1056378	26	25	24	18	19	31	20	30	12	9	14	15	8	7	13	272	#
1294	1177011	8	14	9	2	21	7	3	27	34	33	28	6	13	22	15	0	32	4	273	#
1295	1310239	8	14	32	21	7	2	9	15	6	33	27	11	13	5	34	17	26	28	273	#
1296	1219802	6	24	7	18	13	30	12	0	8	9	2	1	19	14	25	21	27	22	273	#
1297	1182087	32	31	33	25	30	24	18	27	21	14	19	34	12	8	7	6	28	13	273	#
1298	1169078	34	39	27	28	21	22	14	23	15	8	2	29	9	17	11	7	16	1	273	#
1299	1158943	33	32	27	34	28	21	14	8	15	7	2	6	3	9	35	13	22	29	273	#
1300	244611	12	18	19	274	#
1301	285999	19	25	31	274	#
1302	215722	18	19	24	274	#
1303	196230	12	6	18	274	#
1304	61785	37	#
1305	114440	38	#
1306	245043	33	27	35	275	#
1307	240887	33	32	27	275	#
1308	206893	35	34	27	275	#
1309	182300	27	34	33	275	#
1310	69615	3	9	#
1311	401515	5	11	10	9	17	4	8	276	#
1312	565415	4	3	2	5	1	0	8	276	#
1313	562075	9	15	8	14	21	2	20	276	#
1314	469912	11	5	17	4	16	15	39	276	#
1315	450727	10	4	9	3	15	2	21	276	#
1316	416176	5	11	4	10	3	17	2	276	#
1317	777944	23	17	22	4	11	3	28	5	34	21	9	14	277	#
1318	1057479	9	10	8	7	11	15	21	14	27	1	34	19	277	#
1319	1013989	21	14	15	27	9	13	8	28	26	22	34	10	277	#
1320	999403	3	2	4	38	9	39	10	1	8	5	0	15	277	#
1321	995740	22	21	28	34	27	30	15	9	24	8	10	26	277	#
1322	953381	5	4	11	1	0	2	6	7	13	12	8	17	277	#
1323	122719	20	14	278	#
1324	158391	20	26	278	#
1325	509274	6	7	8	14	20	26	9	279	#
1326	632689	20	33	27	26	28	19	14	279	#
1327	512311	6	0	12	13	1	7	2	279	#
1328	506658	26	27	33	28	22	16	20	279	#
1329	477065	14	15	16	9	2	20	11	279	#
1330	449700	8	2	1	0	7	20	21	279	#
1331	522704	21	28	14	27	26	22	15	280	#
1332	597577	15	14	8	21	9	27	22	280	#
1333	548672	14	21	20	15	26	27	9	280	#
1334	528063	28	21	20	15	27	9	19	280	#
1335	527894	22	28	23	27	21	14	15	280	#
1336	527294	27	21	15	28	20	14	9	280	#
1337	1253172	29	35	34	27	21	28	22	15	14	9	23	16	10	17	11	8	20	2	3	26	281	#
1338	1445940	28	27	21	22	34	26	25	39	14	31	19	18	23	12	17	15	9	8	32	10	281	#
1339	1384697	23	22	21	16	28	15	11	9	27	10	26	17	20	32	5	25	8	14	3	34	281	#
1340	1379575	22	28	21	16	27	34	17	23	10	9	26	29	15	11	32	5	8	1	31	3	281	#
1341	1316452	9	15	14	8	21	20	27	28	16	10	22	26	7	11	34	17	23	3	5	19	281	#
1342	1307146	27	21	28	15	9	26	34	32	10	22	14	3	25	4	16	23	17	11	5	20	281	#
1343	269132	38	7	13	12	282	#
1344	300707	7	1	6	0	282	#
1345	291744	13	12	7	6	282	#
1346	268306	38	22	16	23	282	#
1347	248482	12	1	13	0	282	#
1348	482788	18	12	6	7	13	1	24	283	#
1349	622021	24	25	26	27	33	30	21	283	#
1350	570273	13	12	6	18	24	25	30	283	#
1351	537393	6	12	32	26	25	7	13	283	#
1352	506638	7	13	12	18	6	24	25	283	#
1353	466833	1	7	6	12	13	18	8	283	#
1354	1371998	6	12	7	13	0	1	18	8	14	20	21	19	2	15	22	28	9	26	3	27	284	#
1355	1656487	2	8	14	15	3	9	21	27	1	4	7	26	33	5	6	11	13	0	16	23	284	#
1356	1597773	6	7	8	0	14	21	2	15	13	3	9	16	11	27	33	22	5	4	28	1	284	#
1357	1582689	3	4	9	2	8	14	5	15	11	16	17	1	7	22	23	29	21	28	6	24	284	#
1358	1564184	9	3	2	8	4	14	7	5	13	21	15	11	28	16	27	22	33	23	32	6	284	#
1359	1552748	20	30	26	32	33	24	21	19	18	14	27	8	2	7	1	0	22	6	5	11	284	#
1360	555126	19	18	25	23	31	30	17	11	285	#
1361	576947	31	25	30	26	32	19	33	27	285	#
1362	540864	19	25	20	18	26	31	27	21	285	#
1363	520238	17	16	11	5	10	15	14	8	285	#
1364	507288	18	19	12	24	13	6	7	8	285	#
1365	458948	23	28	17	22	16	11	21	10	285	#
1366	1310338	31	25	24	38	30	18	26	12	32	6	13	27	28	7	33	21	34	19	0	286	#
1367	1565726	12	13	6	7	8	0	14	18	24	21	30	31	25	15	27	28	34	11	5	286	#
1368	1474262	18	24	19	25	12	13	30	6	31	0	7	26	32	8	27	28	21	14	15	286	#
1369	1401490	7	5	13	11	4	10	12	3	6	2	0	8	9	15	21	14	18	19	28	286	#
1370	1339167	32	31	25	30	24	26	13	18	7	6	12	14	27	0	9	21	3	8	4	286	#
1371	1329934	24	9	30	3	18	8	7	6	12	31	39	15	10	25	4	13	11	17	14	286	#
1372	896181	23	17	11	5	16	15	9	8	14	2	3	10	7	1	287	#
1373	1135934	14	8	15	9	7	21	27	3	2	6	16	0	19	1	287	#
1374	1065989	7	8	2	1	14	9	15	3	6	0	12	16	36	11	287	#
1375	1004729	8	7	14	9	15	16	2	3	4	5	6	11	0	10	287	#
1376	988818	2	8	3	7	14	1	9	0	15	6	12	18	19	10	287	#
1377	986900	9	3	2	1	0	7	6	8	15	16	14	11	22	12	287	#
1378	470105	2	3	8	14	1	21	288	#
1379	383099	1	2	7	8	3	9	288	#
1380	372972	21	27	22	33	28	23	288	#
1381	370098	14	20	8	15	7	9	288	#
1382	349158	2	1	3	7	6	9	288	#
1383	334899	3	9	15	14	16	20	288	#
1384	85303	22	28	289	#
1385	56246	22	16	289	#
1386	45373	10	#
1387	73494	36	#
1388	500984	20	19	18	21	25	26	28	290	#
1389	582675	28	27	33	21	34	15	26	290	#
1390	506837	19	18	20	25	21	24	27	290	#
1391	500873	21	15	27	9	10	3	20	290	#
1392	498051	25	26	20	21	28	31	19	290	#
1393	491663	26	27	20	21	28	33	34	290	#
1394	242782	34	27	28	35	29	23	291	#
1395	341893	34	28	22	8	16	2	291	#
1396	274172	29	35	23	34	22	16	291	#
1397	267336	35	34	28	27	33	22	291	#
1398	169511	23	22	21	3	16	4	291	#
1399	91944	28	#
1400	240969	8	14	292	#
1401	113533	8	7	292	#
1402	1290679	11	16	15	10	5	21	9	26	22	28	3	27	20	34	32	35	17	31	4	293	#
1403	1510110	31	32	26	20	27	34	21	14	28	22	19	15	33	16	10	8	11	17	2	293	#
1404	1498025	11	5	10	4	16	17	3	15	9	21	22	20	28	8	14	34	27	2	26	293	#
1405	1454086	20	34	14	28	8	2	26	17	27	21	19	22	16	7	11	23	10	9	15	293	#
1406	1446667	28	27	34	26	20	21	14	22	32	15	9	10	16	17	4	11	19	8	5	293	#
1407	1444961	4	3	10	11	5	2	16	15	22	28	27	9	26	32	20	17	31	14	21	293	#
1408	730792	26	25	31	27	32	33	24	28	34	30	21	19	294	#
1409	903009	24	25	31	32	30	26	33	19	20	21	14	15	294	#
1410	864801	30	24	25	18	31	26	20	21	15	14	19	12	294	#
1411	832988	19	25	26	18	31	20	14	30	15	24	32	12	294	#
1412	827022	27	26	28	32	31	25	30	24	33	19	21	14	294	#
1413	816828	21	17	23	14	20	8	19	15	9	25	31	18	294	#
1414	317063	12	6	18	0	295	#
1415	372860	12	6	0	1	295	#
1416	323897	6	12	18	24	295	#
1417	266218	18	12	13	24	295	#
1418	247854	0	1	7	6	295	#
1419	104675	15	#
1420	343485	2	3	8	4	9	7	296	#
1421	482425	4	3	9	15	8	14	296	#
1422	469232	2	3	9	4	8	14	296	#
1423	417566	7	8	2	6	13	0	296	#
1424	382021	9	8	2	15	7	3	296	#
1425	369758	3	9	2	8	10	4	296	#
1426	511141	10	4	5	11	9	8	2	28	1	3	297	#
1427	668900	8	2	9	7	14	20	10	4	21	15	297	#
1428	667958	2	1	8	14	15	9	0	3	10	4	297	#
1429	649528	11	17	23	16	15	36	14	8	21	28	297	#
1430	640690	5	11	10	4	9	3	8	15	14	17	297	#
1431	595214	4	5	11	17	3	10	2	9	35	8	297	#
1432	29442	4	#
1433	855691	25	24	19	30	18	31	12	20	32	33	6	13	0	14	298	#
1434	1162169	13	12	7	6	8	2	18	19	24	25	14	20	15	9	298	#
1435	1125375	18	24	25	30	19	20	12	13	14	15	9	16	8	10	298	#
1436	1092016	19	25	31	18	24	30	12	20	13	14	8	9	15	16	298	#
1437	1086905	0	6	12	7	18	24	19	25	8	14	2	20	26	27	298	#
1438	1085613	31	32	25	30	19	24	20	14	15	16	22	11	8	17	298	#
1439	1099191	26	27	20	33	19	32	21	34	35	31	22	28	15	25	29	16	299	#
1440	1337300	35	34	27	29	33	32	28	31	26	20	21	25	30	14	19	15	299	#
1441	1297864	20	19	21	15	14	26	25	31	32	8	30	27	9	28	33	3	299	#
1442	1272094	26	32	31	25	19	20	14	18	30	21	15	27	34	28	33	9	299	#
1443	1262648	15	9	21	8	20	14	3	19	25	26	2	18	1	28	27	0	299	#
1444	1255238	32	33	31	30	26	25	27	34	19	20	21	28	15	9	35	3	299	#
1445	2434257	11	5	10	17	23	9	16	4	8	3	14	15	29	35	21	20	34	27	33	28	26	7	6	32	19	37	12	18	1	31	13	24	30	0	22	25	2	300	#
1446	2573744	20	14	21	15	9	3	10	27	11	28	19	26	17	34	8	7	1	35	18	12	5	24	6	16	2	32	29	33	39	0	23	31	4	30	13	25	37	300	#
1447	2477315	23	17	16	29	10	11	35	4	15	14	5	9	8	20	34	21	28	37	3	27	26	19	22	18	2	7	24	1	30	0	33	36	6	12	13	32	31	300	#
1448	2461812	37	3	9	10	15	33	21	28	34	14	20	27	8	26	32	7	4	11	6	35	16	0	1	5	31	17	29	19	12	30	18	24	23	13	22	36	25	300	#
1449	2449837	16	15	9	14	21	20	3	19	8	28	17	10	11	34	35	18	32	27	26	33	31	29	5	4	12	7	24	1	23	0	6	13	30	25	22	2	39	300	#
1450	2422936	9	15	14	21	20	16	10	26	17	11	23	32	8	33	27	28	34	35	13	19	12	5	3	6	31	18	30	38	0	24	4	22	1	7	29	25	2	300	#
1451	126489	19	18	#
1452	59159	26	#
1453	62293	13	#
1454	1113021	26	20	21	15	9	16	3	19	10	11	22	32	17	35	2	34	5	28	301	#
1455	1170841	5	11	17	16	4	3	10	9	26	23	2	32	20	19	8	21	1	15	301	#
1456	1168355	2	8	1	9	3	4	10	11	16	7	5	15	0	6	13	21	20	34	301	#
1457	1127487	28	34	22	14	21	15	35	29	9	8	7	2	20	19	3	23	26	32	301	#
1458	1123223	21	28	22	16	23	37	11	5	20	29	34	15	26	10	9	3	19	27	301	#
1459	1119826	3	2	9	8	1	7	13	15	10	0	6	14	21	27	34	28	4	26	301	#
1460	218462	34	27	33	302	#
1461	203584	27	33	21	302	#
1462	89511	34	28	22	302	#
1463	1149548	35	34	28	27	22	26	23	29	25	20	32	14	31	19	15	16	17	11	33	303	#
1464	1361272	14	20	8	26	7	2	6	0	27	12	34	13	5	4	28	3	10	19	16	303	#
1465	1312614	34	35	27	28	29	15	9	3	2	10	16	26	23	22	25	4	20	21	11	303	#
1466	1294023	20	26	27	28	25	22	33	34	19	35	16	32	23	10	4	31	3	11	2	303	#
1467	1282913	26	20	27	25	19	34	28	35	31	24	18	12	22	29	23	6	13	7	0	303	#
1468	1282873	22	28	23	16	30	10	31	11	4	36	15	25	9	3	19	20	8	26	34	303	#
1469	129818	22	23	16	304	#
1470	176450	22	23	13	304	#
1471	164747	23	29	22	304	#
1472	139088	16	22	28	304	#
1473	1180425	10	9	3	8	4	14	16	22	11	17	15	21	2	7	23	1	0	305	#
1474	1272812	15	14	16	33	9	8	21	32	31	25	7	10	24	12	36	30	3	305	#
1475	1229996	9	3	15	10	11	14	18	16	21	4	22	8	19	7	23	5	25	305	#
1476	1199472	14	21	8	9	10	11	15	22	16	7	20	17	4	26	3	25	32	305	#
1477	1194308	3	2	1	4	9	10	8	7	11	5	14	15	33	21	22	13	16	305	#
1478	1188594	4	1	13	7	3	9	10	11	17	8	2	16	15	5	14	22	21	305	#
1479	102573	9	15	306	#
1480	62963	15	16	306	#
1481	315587	27	34	35	29	26	307	#
1482	415942	26	20	14	19	21	307	#
1483	401182	27	28	34	21	14	307	#
1484	378499	29	23	17	11	16	307	#
1485	331804	34	27	26	32	33	307	#
1486	274312	35	34	29	27	28	307	#
1487	277232	33	27	32	28	308	#
1488	361774	27	28	26	34	308	#
1489	235788	28	22	16	21	308	#
1490	233037	32	26	31	25	308	#
1491	207234	33	32	35	29	308	#
1492	284690	31	25	19	309	#
1493	251090	31	25	24	309	#
1494	249787	19	25	24	309	#
1495	966366	5	4	11	17	10	3	9	16	22	2	8	1	23	7	28	39	34	13	310	#
1496	1196785	22	23	17	11	5	16	28	34	10	21	27	15	14	20	19	26	9	25	310	#
1497	1174993	28	22	27	23	34	26	20	19	17	11	25	5	18	31	30	35	16	32	310	#
1498	1167868	9	10	3	8	14	6	12	11	2	13	4	7	5	15	1	18	20	19	310	#
1499	1100372	5	11	17	4	10	9	3	8	23	14	20	22	26	16	2	28	19	1	310	#
1500	1098596	16	22	28	27	10	34	9	26	17	33	11	5	4	3	25	23	31	19	310	#
1501	460759	0	6	12	13	7	1	311	#
1502	491030	1	0	6	2	12	7	311	#
1503	483737	12	6	7	0	13	8	311	#
1504	475011	0	6	7	1	13	2	311	#
1505	446014	6	7	13	0	12	18	311	#
1506	443654	13	7	1	2	6	8	311	#
1507	547896	11	17	16	23	10	22	5	21	312	#
1508	604008	10	16	17	22	11	4	15	14	312	#
1509	580924	16	22	23	21	27	14	10	15	312	#
1510	565636	17	16	11	5	23	10	22	15	312	#
1511	562237	11	10	16	17	4	15	22	23	312	#
1512	560555	21	14	20	15	19	26	28	18	312	#
1513	128699	39	#
1514	826033	20	14	21	15	8	27	34	19	28	22	313	#
1515	866423	19	20	21	15	18	14	8	25	31	30	313	#
1516	863442	15	21	20	14	29	8	19	18	2	9	313	#
1517	825790	14	15	9	20	19	16	8	21	18	11	313	#
1518	820893	27	21	14	15	20	29	22	34	16	11	313	#
1519	778953	20	21	14	19	25	15	16	17	22	11	313	#
1520	156948	14	20	#
1521	300453	26	25	24	18	314	#
1522	372415	18	19	12	13	314	#
1523	336490	26	20	19	21	314	#
1524	276360	24	30	25	26	314	#
1525	238856	25	26	20	24	314	#
1526	88257	38	#
1527	722630	12	18	19	20	6	14	21	24	315	#
1528	746918	20	21	14	26	19	32	33	15	315	#
1529	714053	18	19	20	26	14	25	24	27	315	#
1530	701197	19	20	21	22	27	26	14	18	315	#
1531	685328	14	20	26	32	31	19	15	21	315	#
1532	671549	12	18	19	20	26	32	25	33	315	#
1533	64918	14	#
1534	169629	21	22	28	316	#
1535	228376	21	27	28	316	#
1536	117800	22	28	27	316	#
1537	82025	28	34	22	316	#
1538	101469	38	#
1539	96934	13	7	#
1540	2098349	14	21	28	22	27	26	25	19	23	15	9	34	3	17	10	20	31	32	8	11	24	30	16	2	35	29	18	7	6	5	1	0	4	12	13	33	36	317	#
1541	2166863	11	10	9	3	4	15	5	21	28	34	17	22	27	33	32	14	26	23	25	35	20	16	29	31	39	8	7	1	19	36	6	13	0	24	30	2	18	317	#
1542	2118973	20	26	25	31	11	39	5	30	4	10	14	21	32	24	15	27	3	2	9	18	22	34	16	23	35	17	1	28	19	29	8	0	12	6	7	13	33	317	#
1543	2052680	27	34	21	28	15	14	9	8	20	26	25	10	35	22	24	7	1	13	3	11	16	2	38	17	23	6	31	19	0	5	18	30	4	29	32	33	12	317	#
1544	2052652	23	17	22	28	34	16	27	1	33	32	31	10	11	25	9	3	19	8	26	35	4	15	21	30	29	7	24	5	6	20	13	0	14	2	18	12	37	317	#
1545	371888	10	16	4	17	15	9	318	#
1546	461732	15	9	8	2	16	3	318	#
1547	355369	10	16	4	15	14	11	318	#
1548	350436	16	22	23	28	34	15	318	#
1549	317626	9	10	15	4	3	16	318	#
1550	305784	17	16	15	22	9	10	318	#
1551	385562	27	33	26	25	31	28	34	319	#
1552	441485	26	27	28	33	25	21	32	319	#
1553	440514	33	32	26	27	28	21	14	319	#
1554	416081	27	26	32	28	33	29	23	319	#
1555	396290	34	35	27	33	28	21	22	319	#
1556	387472	31	32	25	33	24	26	27	319	#
1557	193181	19	18	320	#
1558	180858	19	20	320	#
1559	196225	19	25	#
1560	1692411	0	6	7	12	1	8	24	14	13	21	18	20	19	15	29	2	25	26	3	4	9	30	27	31	33	10	321	#
1561	1808684	9	8	2	3	10	4	11	1	14	7	5	17	20	23	6	36	0	26	15	19	12	18	21	28	13	25	321	#
1562	1797959	4	3	13	12	5	10	11	6	0	17	7	2	18	8	14	20	24	25	19	1	30	23	21	15	27	28	321	#
1563	1773709	30	31	1	25	2	8	3	9	15	21	7	6	20	19	0	26	13	14	12	22	24	28	4	18	10	11	321	#
1564	1772041	6	12	0	7	8	9	3	1	14	20	26	18	24	19	30	25	4	13	15	31	2	21	11	32	10	5	321	#
1565	1770001	0	6	1	7	2	8	13	12	23	14	18	19	17	9	3	21	11	15	22	25	20	4	26	24	5	10	321	#
1566	47836	30	#
1567	950401	22	23	16	15	11	17	10	14	6	9	12	20	3	19	322	#
1568	1032014	23	17	29	22	16	21	15	14	20	10	26	25	28	19	322	#
1569	1013730	14	20	21	28	27	22	15	19	26	34	25	31	16	17	322	#
1570	986804	20	19	26	25	21	5	14	11	31	15	16	17	22	10	322	#
1571	986369	15	14	20	21	16	26	25	17	31	22	11	23	10	28	322	#
1572	985037	17	16	22	15	23	10	14	20	26	11	21	28	9	25	322	#
1573	617406	12	18	13	24	30	19	25	26	32	323	#
1574	718608	32	33	31	30	24	18	12	19	26	323	#
1575	664429	26	32	27	33	25	19	28	21	31	323	#
1576	661103	19	18	24	12	30	31	13	32	33	323	#
1577	657795	25	31	26	19	18	12	32	33	24	323	#
1578	657159	18	12	19	24	13	30	31	25	26	323	#
1579	145939	6	7	1	324	#
1580	152419	6	0	7	324	#
1581	121132	1	7	0	324	#
1582	74930	37	#
1583	750119	7	1	8	6	14	15	16	20	21	30	10	13	325	#
1584	928207	20	26	32	14	31	15	30	21	27	9	25	28	325	#
1585	899185	30	31	32	26	27	25	34	20	21	28	22	23	325	#
1586	824455	16	17	22	21	14	20	26	25	32	19	27	18	325	#
1587	823298	15	21	27	16	17	22	32	28	31	30	10	26	325	#
1588	812664	21	22	20	19	23	26	1	0	25	6	28	12	325	#
1589	413482	24	30	18	12	6	25	21	326	#
1590	571832	12	6	7	1	8	2	9	326	#
1591	487534	21	15	9	27	28	14	20	326	#
1592	485265	6	12	7	1	0	8	14	326	#
1593	450595	24	30	25	31	26	27	21	326	#
1594	350513	30	24	25	26	31	27	7	326	#
1595	317158	18	24	19	25	12	327	#
1596	403470	19	20	21	14	28	327	#
1597	400972	12	6	0	13	7	327	#
1598	392471	24	18	12	6	30	327	#
1599	317661	18	24	19	12	20	327	#
1600	317374	25	26	19	31	20	327	#
