%% File generated by CATS v.2.1Tue Aug 20 18:57:06 2019

%% The CATS webpage is http://robotics.stanford.edu/CATS

%% PARAMETER SETTINGS:
% Goods: 35; Bids: 700; Distribution: regions; Runs: 10; Seed: 1566345365
% Regions Distribution Parameters:
% Max Substitutable Bids = 5
% Removing HV Neighbor   = 0.1
% Adding DIAG Neighbor   = 0.2
% Additional Location    = 0.9
% Jump Probability       = 0.05
% Additivity             = 0.2
% Budget Factor          = 1.5
% Resale Factor          = 0.5
% Uniform Private Value:
%   Deviation            = 0.5
%   Max Good Value       = 100



goods 35
bids 702
dummy 125

0	219792	3	2	7	6	35	#
1	287446	7	20	12	2	35	#
2	263950	3	7	12	2	35	#
3	390226	7	13	2	1	0	6	36	#
4	492271	1	0	5	6	7	11	36	#
5	441501	6	11	10	15	7	12	36	#
6	407929	13	14	12	7	6	2	36	#
7	402246	7	12	2	6	11	13	36	#
8	270828	2	1	0	6	5	10	36	#
9	179708	0	1	2	5	37	#
10	267896	5	0	1	6	37	#
11	255634	1	2	6	11	37	#
12	243701	0	5	1	10	37	#
13	230005	2	3	1	0	37	#
14	914473	2	4	6	3	7	13	30	11	16	1	12	17	18	22	21	8	19	38	#
15	1109787	19	18	13	7	2	3	6	12	11	24	1	16	0	5	8	27	21	38	#
16	1046345	22	17	18	23	21	24	16	11	12	13	7	3	2	19	1	6	0	38	#
17	1023689	12	7	6	13	5	0	10	18	2	1	11	17	3	16	8	21	4	38	#
18	1020501	2	1	7	0	3	12	11	17	10	6	13	5	8	18	31	20	21	38	#
19	1013528	13	12	21	18	17	16	8	7	3	2	1	22	11	6	0	5	4	38	#
20	242025	14	13	18	39	#
21	323585	13	14	12	39	#
22	236723	18	19	14	39	#
23	224883	14	9	13	39	#
24	544498	4	3	9	14	8	13	7	6	40	#
25	628081	6	11	10	16	15	12	21	13	40	#
26	576000	13	12	7	11	17	16	21	6	40	#
27	528953	14	9	13	18	8	4	12	11	40	#
28	522304	7	6	13	3	11	4	18	15	40	#
29	516469	9	4	3	7	8	6	11	10	40	#
30	307401	8	10	5	6	2	41	#
31	425856	2	3	7	6	11	41	#
32	377271	6	2	7	13	1	41	#
33	368196	8	3	2	6	1	41	#
34	344106	5	10	15	11	0	41	#
35	249158	10	5	6	15	20	41	#
36	1347324	4	9	3	8	2	1	13	18	14	0	5	17	22	10	21	20	34	11	12	15	7	16	6	23	42	#
37	1389440	2	1	3	7	12	8	11	31	16	13	21	14	0	10	15	20	5	18	9	22	17	19	6	23	42	#
38	1373328	11	12	16	10	21	20	22	15	23	17	5	0	6	7	1	33	3	2	13	8	9	14	18	4	42	#
39	1372356	8	9	13	14	7	3	12	17	16	18	2	34	15	10	21	1	22	6	20	0	11	5	4	19	42	#
40	1362706	3	2	1	0	9	7	8	13	14	5	12	10	11	17	16	18	21	20	22	15	4	19	23	6	42	#
41	1354571	15	20	10	5	16	21	22	11	0	12	1	7	3	2	8	17	23	9	13	14	4	6	19	24	42	#
42	722755	21	20	22	17	15	12	11	16	6	7	43	#
43	678137	22	21	20	17	15	16	11	12	6	13	43	#
44	668939	15	20	21	22	16	17	11	6	5	12	43	#
45	659818	16	11	29	12	15	6	7	20	13	14	43	#
46	648766	7	12	3	2	13	14	6	17	22	21	43	#
47	604176	6	20	11	7	12	5	0	29	15	10	43	#
48	17771	31	#
49	1157435	17	22	16	12	21	18	13	7	23	19	34	24	11	3	10	5	14	44	#
50	1328481	17	18	13	8	19	26	7	14	24	16	23	12	3	11	22	21	10	44	#
51	1266403	5	0	10	11	6	12	7	1	13	14	16	19	8	3	18	21	17	44	#
52	1262700	16	15	21	22	20	23	11	10	24	6	7	12	13	18	5	3	14	44	#
53	1243239	24	19	18	13	14	8	12	7	2	6	3	17	22	16	11	21	10	44	#
54	1224493	22	21	16	11	12	23	13	18	17	6	7	10	5	8	14	19	3	44	#
55	82721	15	20	10	45	#
56	37964	10	20	5	45	#
57	212252	19	24	14	46	#
58	193170	19	24	23	46	#
59	10231	34	#
60	169334	23	24	19	18	47	#
61	200847	18	19	17	13	47	#
62	179436	24	19	18	13	47	#
63	137196	23	24	22	19	47	#
64	49433	7	#
65	113483	4	3	#
66	1279230	23	24	22	21	20	17	19	14	15	13	9	18	4	3	10	8	11	5	2	16	0	6	7	48	#
67	1360051	3	2	8	7	4	13	9	14	1	18	19	0	24	17	6	11	10	15	20	23	26	22	21	48	#
68	1341522	10	11	6	16	2	3	21	4	17	7	15	13	8	20	22	18	24	5	19	9	14	31	0	48	#
69	1323657	0	31	5	6	2	27	1	3	7	10	13	11	15	14	16	19	21	18	24	9	8	20	4	48	#
70	1322979	7	13	2	8	3	9	4	14	6	11	18	10	15	17	19	24	22	12	16	21	20	5	0	48	#
71	1317987	18	17	11	25	0	6	19	32	14	24	9	8	2	10	13	5	7	4	3	1	15	20	21	48	#
72	243671	11	6	12	2	1	49	#
73	318476	12	13	8	7	18	49	#
74	290180	6	26	5	0	1	49	#
75	238522	2	3	4	9	7	49	#
76	235605	11	10	15	16	12	49	#
77	223537	1	2	7	12	6	49	#
78	103728	8	#
79	95344	28	#
80	480703	33	10	15	20	21	11	5	12	17	30	50	#
81	550669	5	0	10	15	11	20	21	34	16	17	50	#
82	514593	30	20	15	21	22	23	16	17	19	24	50	#
83	509814	11	10	5	0	15	20	30	21	27	1	50	#
84	503273	12	13	18	19	14	8	24	9	17	4	50	#
85	499985	21	22	17	20	18	15	23	19	6	24	50	#
86	727212	5	10	11	15	16	21	12	22	17	13	18	7	2	23	24	51	#
87	949474	12	17	7	2	18	16	11	6	1	15	19	3	14	21	10	51	#
88	925953	21	16	17	18	12	7	22	13	2	6	14	19	3	23	4	51	#
89	920382	23	22	17	20	14	21	18	19	16	13	15	9	12	11	7	51	#
90	918078	18	17	12	19	7	13	14	16	2	1	8	3	21	4	22	51	#
91	913557	13	1	14	2	7	23	0	12	24	3	22	17	4	19	18	51	#
92	525072	22	17	21	12	20	23	15	10	16	18	13	8	19	52	#
93	728406	23	24	19	22	18	14	9	4	3	17	8	21	20	52	#
94	712764	20	21	22	17	16	11	12	18	7	3	8	15	19	52	#
95	697988	12	13	18	14	9	19	17	11	7	4	22	3	8	52	#
96	633967	17	22	18	21	20	23	26	19	14	15	12	11	13	52	#
97	606205	8	9	33	4	13	3	14	18	19	17	7	24	12	52	#
98	612535	14	13	7	12	25	2	19	3	53	#
99	606566	12	11	10	16	15	13	18	14	53	#
100	600626	7	13	6	2	14	3	12	11	53	#
101	588969	25	10	15	11	16	12	6	7	53	#
102	491170	14	19	13	7	2	6	18	1	53	#
103	442502	3	2	4	7	8	6	13	1	53	#
104	547596	23	24	19	22	18	21	13	12	20	54	#
105	768443	19	18	13	12	7	6	3	11	8	54	#
106	764560	12	17	18	16	11	6	7	21	3	54	#
107	703312	21	9	8	6	20	3	5	7	0	54	#
108	657571	20	15	16	10	11	21	6	17	18	54	#
109	652216	22	17	18	12	21	11	19	10	16	54	#
110	1015088	12	13	8	9	18	14	17	11	4	16	26	15	20	10	5	6	3	0	22	2	55	#
111	1093098	13	18	12	11	16	17	15	8	6	30	9	14	5	3	20	21	2	10	0	22	55	#
112	1088647	20	15	10	11	5	16	17	22	12	18	29	0	13	8	9	6	14	4	3	21	55	#
113	1080311	17	12	11	16	15	18	10	20	6	5	13	0	8	9	3	7	14	4	31	21	55	#
114	1070341	0	5	10	11	15	20	16	21	7	32	19	2	22	14	1	9	18	12	8	24	55	#
115	1064636	15	20	21	10	5	0	16	2	11	12	17	6	13	14	9	18	8	22	23	3	55	#
116	971694	9	14	19	24	13	18	23	7	2	22	8	12	21	4	16	56	#
117	1087424	9	4	8	13	12	18	19	14	7	6	11	2	5	16	10	56	#
118	1080070	16	21	15	11	22	10	23	24	19	18	13	12	14	6	7	56	#
119	1075475	12	7	2	6	5	11	13	10	1	0	18	16	14	9	19	56	#
120	1075239	21	16	11	12	10	13	18	19	14	5	8	7	6	20	29	56	#
121	1032114	19	14	9	4	13	18	8	12	11	10	7	2	1	5	16	56	#
122	444062	29	16	11	17	10	18	15	13	57	#
123	580100	17	16	12	7	13	8	14	19	57	#
124	539761	18	19	17	14	24	12	13	7	57	#
125	503826	11	10	16	15	20	6	7	3	57	#
126	420910	10	5	15	0	11	1	16	6	57	#
127	383271	15	20	16	11	10	22	17	18	57	#
128	1119116	1	2	6	7	3	4	12	17	16	8	11	18	9	14	22	13	19	23	0	24	21	5	20	10	15	58	#
129	1193634	22	33	23	17	24	18	16	12	11	1	6	7	0	2	3	13	19	8	31	9	14	4	21	20	15	58	#
130	1191097	2	1	7	6	26	12	17	13	11	18	0	16	3	14	9	31	4	8	19	24	5	21	20	22	23	58	#
131	1186716	24	19	14	13	8	9	18	4	3	7	23	29	12	17	22	2	11	1	21	16	6	20	28	0	5	58	#
132	1182874	1	0	2	3	7	8	6	12	4	34	11	17	9	14	23	16	13	18	19	22	24	21	20	5	10	58	#
133	1176137	20	15	16	21	17	12	22	11	6	7	2	10	3	1	18	13	14	8	25	4	9	23	24	0	19	58	#
134	195056	20	21	22	17	18	59	#
135	178477	21	20	22	23	17	59	#
136	178007	17	22	16	12	0	59	#
137	238004	23	24	19	60	#
138	333593	19	14	24	60	#
139	913905	20	15	21	16	11	10	12	17	5	6	13	18	7	2	22	3	8	23	9	61	#
140	1119968	8	9	4	3	2	7	12	6	5	17	11	14	16	0	1	18	15	13	21	61	#
141	1105197	3	4	9	14	7	12	10	11	16	6	21	2	8	1	15	20	5	17	18	61	#
142	1091677	21	20	16	17	11	12	15	10	13	18	7	6	14	2	1	5	3	4	9	61	#
143	1087857	20	21	15	10	16	17	12	11	7	2	5	6	1	30	13	14	19	9	24	61	#
144	1062722	2	6	13	12	7	17	3	16	11	4	9	5	1	10	8	15	21	18	14	61	#
145	10943	27	#
146	84456	23	24	22	17	#
147	192668	0	5	1	62	#
148	238656	5	6	11	62	#
149	181206	1	0	27	62	#
150	83741	26	#
151	20482	33	#
152	229307	32	20	21	15	63	#
153	248747	15	20	16	21	63	#
154	237621	20	21	22	9	63	#
155	228624	21	20	22	15	63	#
156	218195	32	33	26	28	63	#
157	45869	26	33	#
158	36847	5	10	64	#
159	30045	10	11	64	#
160	1783235	21	22	16	5	6	17	12	11	15	2	0	7	13	18	3	10	20	19	1	14	8	9	4	23	24	32	65	#
161	1801160	5	0	6	2	11	10	15	7	28	3	12	20	17	8	16	13	1	9	21	14	22	34	18	19	23	24	65	#
162	1797466	32	14	13	7	12	18	19	8	31	9	2	3	17	4	16	1	6	0	22	21	11	24	23	15	20	5	65	#
163	1761053	22	17	21	6	2	5	7	3	11	0	16	12	13	20	8	1	14	4	15	19	10	9	18	23	24	28	65	#
164	1754935	19	14	9	8	24	13	4	3	23	7	22	2	6	18	12	21	11	17	1	16	20	5	15	10	0	30	65	#
165	1751253	6	5	11	10	0	34	2	12	7	3	13	16	9	21	8	1	14	15	4	17	22	20	19	24	18	23	65	#
166	57699	25	#
167	1244578	18	19	8	13	14	7	3	24	9	4	2	23	17	1	12	6	16	22	11	10	5	21	0	15	20	28	66	#
168	1293128	3	2	8	1	6	5	0	11	7	10	16	12	13	18	21	17	9	19	15	20	14	24	23	4	22	34	66	#
169	1274981	15	21	16	11	12	13	20	8	17	10	18	9	33	6	2	19	14	3	24	7	25	5	23	1	4	0	66	#
170	1266026	24	19	23	26	18	17	14	22	13	8	9	4	16	15	11	10	5	6	2	21	0	7	28	3	12	1	66	#
171	1261567	5	10	11	6	2	0	7	13	1	8	15	20	21	22	16	23	19	12	24	18	17	9	3	4	14	30	66	#
172	1257986	7	6	21	13	11	2	1	28	12	18	9	17	8	19	3	22	16	14	0	15	20	10	5	25	23	24	66	#
173	687280	9	8	3	13	7	14	4	6	5	2	19	12	67	#
174	823695	9	8	3	13	7	6	18	2	11	16	15	19	67	#
175	804821	6	11	10	5	0	7	3	16	2	13	21	8	67	#
176	775519	2	3	6	7	11	5	16	0	10	12	15	17	67	#
177	708399	19	18	13	7	6	2	11	14	10	5	3	8	67	#
178	704588	12	11	17	6	7	18	16	5	2	19	10	3	67	#
179	144641	1	2	0	68	#
180	165310	0	1	5	68	#
181	106761	2	1	3	68	#
182	614895	25	2	6	3	5	11	10	1	16	17	4	69	#
183	915574	11	16	17	22	21	12	20	18	3	13	14	69	#
184	882729	25	12	13	18	17	14	16	22	21	9	11	69	#
185	792080	17	18	16	13	21	22	12	7	19	20	11	69	#
186	726988	16	21	22	11	20	17	6	7	18	23	24	69	#
187	708855	1	2	3	7	12	6	11	16	13	21	17	69	#
188	1227914	28	11	10	5	6	7	0	2	12	13	15	20	14	3	21	16	8	19	70	#
189	1110452	6	11	7	12	8	10	5	13	15	3	20	14	2	16	21	0	1	4	70	#
190	1061311	15	20	10	5	6	0	11	7	1	21	2	13	3	12	8	9	14	19	70	#
191	1028413	19	14	13	8	24	12	23	11	10	7	5	6	2	3	0	16	4	15	70	#
192	1024490	21	14	13	12	20	11	10	5	15	16	0	17	7	6	2	19	3	9	70	#
193	1011851	7	6	2	11	5	12	0	3	1	10	8	13	4	15	20	21	22	23	70	#
194	334829	24	23	22	17	12	7	71	#
195	483226	17	12	22	21	7	6	71	#
196	465318	7	12	6	5	11	10	71	#
197	448019	12	11	16	15	10	6	71	#
198	410728	24	19	14	23	22	7	71	#
199	323306	22	17	12	18	21	16	71	#
200	105664	7	3	72	#
201	125202	7	13	72	#
202	39561	27	33	73	#
203	44102	27	32	73	#
204	34324	33	18	73	#
205	72593	30	32	74	#
206	18025	30	7	74	#
207	1494341	27	4	3	8	13	7	2	12	1	9	18	17	11	6	10	16	19	24	14	23	5	21	0	15	20	22	75	#
208	1586952	15	20	21	30	16	33	11	12	17	18	13	19	6	7	2	24	8	23	3	1	0	5	4	9	14	10	75	#
209	1543323	2	3	8	18	19	13	29	28	24	7	1	14	11	4	23	9	6	12	16	17	15	20	5	0	21	10	75	#
210	1539447	27	33	30	4	3	8	2	7	9	1	14	12	13	0	17	18	19	24	11	23	6	5	16	21	15	10	75	#
211	1538228	20	21	16	11	15	12	17	7	25	13	2	1	3	8	27	18	4	0	10	9	6	14	5	19	24	23	75	#
212	1536952	9	4	8	13	3	7	18	12	2	19	11	24	1	6	0	17	23	10	5	15	22	16	20	21	14	26	75	#
213	30392	28	#
214	808954	17	22	27	12	16	18	11	10	15	21	6	19	23	7	76	#
215	913936	21	16	15	10	5	17	18	19	24	11	23	6	12	0	76	#
216	838603	23	24	19	6	18	5	0	10	1	11	16	21	15	17	76	#
217	828258	17	28	16	21	12	11	6	5	7	10	15	0	18	3	76	#
218	807864	22	17	18	19	16	12	15	10	11	23	7	13	24	21	76	#
219	781862	15	10	5	11	16	12	21	17	6	7	0	3	1	2	76	#
220	34340	34	#
221	1223674	7	3	12	8	9	2	17	6	11	10	18	14	5	19	16	15	22	13	23	24	0	4	77	#
222	1339574	5	10	15	11	0	16	12	17	22	18	19	13	21	32	20	24	7	14	23	8	9	3	77	#
223	1281038	16	17	15	11	22	28	10	18	19	4	12	5	14	24	0	23	13	7	3	2	8	9	77	#
224	1273264	14	19	24	23	22	17	18	9	8	16	3	2	15	13	7	12	10	11	5	0	21	20	77	#
225	1264854	19	24	14	13	8	9	18	7	17	12	23	3	4	22	2	16	11	15	10	5	21	0	77	#
226	1227660	8	3	13	18	4	7	9	14	19	2	24	17	22	23	10	15	12	34	11	16	26	5	77	#
227	48564	26	#
228	187013	30	24	19	78	#
229	223769	30	25	8	78	#
230	212665	24	19	14	78	#
231	406734	19	24	14	9	8	79	#
232	379703	9	4	8	13	3	79	#
233	378004	8	3	7	2	6	79	#
234	296472	19	7	2	1	3	79	#
235	244175	14	9	13	19	18	79	#
236	425653	10	11	6	12	15	16	80	#
237	511632	16	17	12	28	21	7	80	#
238	485267	12	17	22	21	16	23	80	#
239	412781	6	2	3	7	12	4	80	#
240	383800	10	15	20	21	16	22	80	#
241	370779	11	12	6	2	26	1	80	#
242	385292	16	21	11	22	81	#
243	379796	11	12	7	6	81	#
244	324924	22	23	21	16	81	#
245	272062	21	20	1	22	81	#
246	25836	26	#
247	607211	25	9	4	3	8	7	6	13	19	2	11	14	82	#
248	756155	11	6	12	5	10	7	16	15	21	17	20	22	82	#
249	704476	13	18	19	8	12	17	22	21	16	24	11	6	82	#
250	594675	25	28	34	23	24	22	21	16	17	20	18	19	82	#
251	587213	14	9	19	8	4	24	13	7	12	6	18	2	82	#
252	585509	8	3	9	7	4	2	13	14	12	17	34	6	82	#
253	117317	12	#
254	497858	24	19	14	9	18	13	23	4	22	8	0	83	#
255	717684	19	24	18	17	22	16	15	10	14	11	6	83	#
256	677636	22	8	21	9	17	3	14	7	25	18	19	83	#
257	662319	4	9	22	8	17	18	19	21	14	13	16	83	#
258	656620	18	19	17	24	14	13	7	23	16	2	6	83	#
259	647470	23	24	22	19	21	16	17	18	14	15	13	83	#
260	46300	3	#
261	505040	26	1	2	6	0	3	4	8	11	5	84	#
262	621628	2	1	0	6	11	3	12	10	13	17	84	#
263	587425	6	11	10	15	5	20	0	21	12	2	84	#
264	569693	0	5	10	1	6	11	12	15	17	13	84	#
265	562132	8	13	3	4	9	14	12	19	2	1	84	#
266	555547	5	0	10	15	20	1	6	21	7	11	84	#
267	120114	3	4	#
268	47349	31	#
269	975581	8	9	13	3	14	2	4	31	6	25	11	7	1	0	5	18	19	17	22	85	#
270	1318993	6	2	1	0	3	7	12	17	13	16	14	15	9	8	21	11	19	4	22	85	#
271	1300717	13	7	12	14	6	9	4	8	3	19	17	24	11	16	21	10	23	15	22	85	#
272	1276414	25	24	23	22	17	12	19	21	13	14	16	9	8	11	3	10	7	6	15	85	#
273	1264637	1	0	2	3	4	9	8	14	7	13	6	19	24	12	23	17	22	11	21	85	#
274	1264196	14	9	8	13	19	7	3	12	2	4	1	6	11	16	17	22	24	23	21	85	#
275	1274215	22	21	16	23	20	15	24	10	19	14	5	0	18	1	17	13	8	12	2	7	9	6	4	3	11	26	30	86	#
276	1295188	5	10	0	6	7	1	13	12	2	21	22	20	11	3	8	15	16	17	23	4	24	18	19	14	28	9	25	86	#
277	1289941	2	3	8	7	1	13	4	0	12	5	10	18	15	6	16	9	19	21	32	20	22	24	23	17	14	11	26	86	#
278	1275300	22	21	20	16	15	17	12	10	7	13	11	18	2	6	8	14	1	19	24	5	9	25	4	0	3	23	31	86	#
279	1273885	12	13	7	14	16	3	6	8	15	9	2	4	10	19	20	21	22	18	17	1	24	23	0	5	11	31	32	86	#
280	1268534	8	13	12	7	2	6	28	34	1	3	17	22	4	14	0	16	19	9	15	21	5	23	10	20	24	18	11	86	#
281	238273	21	22	23	87	#
282	220023	21	22	16	87	#
283	213170	22	21	20	87	#
284	387671	7	24	13	6	19	12	88	#
285	416066	13	12	11	9	8	3	88	#
286	313100	7	12	13	2	8	6	88	#
287	297383	24	19	23	18	22	17	88	#
288	290357	19	24	18	13	23	17	88	#
289	285967	12	7	17	22	18	23	88	#
290	14609	29	#
291	486056	17	16	21	26	22	23	24	12	18	89	#
292	647989	16	21	17	20	22	23	12	13	14	89	#
293	647749	17	12	22	16	23	7	2	21	3	89	#
294	613842	26	8	9	3	14	2	7	13	12	89	#
295	612482	24	23	19	9	14	22	21	17	12	89	#
296	599362	22	23	21	20	17	12	16	7	18	89	#
297	146736	21	#
298	100993	6	#
299	271469	23	22	21	20	16	17	90	#
300	379193	20	21	16	15	25	22	90	#
301	349596	16	21	11	15	17	22	90	#
302	339972	21	16	22	17	15	23	90	#
303	293951	17	12	22	13	18	21	90	#
304	262013	22	21	23	17	24	16	90	#
305	113827	8	#
306	1091506	11	12	17	16	7	21	2	18	1	15	3	10	5	4	22	20	8	0	9	23	24	6	14	91	#
307	1250003	2	16	21	22	1	0	17	23	15	20	12	24	7	11	18	13	9	14	19	8	4	25	30	91	#
308	1231018	8	9	14	4	19	18	17	24	16	21	22	15	32	23	20	12	7	11	2	1	0	3	5	91	#
309	1195857	3	2	4	1	0	7	12	17	16	15	9	11	14	18	19	22	24	34	8	5	23	21	20	91	#
310	1170001	17	22	21	16	18	20	15	23	24	12	11	7	10	2	32	31	19	3	8	9	14	4	1	91	#
311	1169025	11	12	16	15	21	17	7	22	18	6	2	1	19	23	24	5	14	0	20	3	8	4	9	91	#
312	43647	29	#
313	370928	18	19	13	14	92	#
314	363526	19	14	9	13	92	#
315	359563	14	19	18	9	92	#
316	287205	13	18	4	19	92	#
317	228186	18	13	7	6	92	#
318	720818	14	9	8	4	3	2	19	7	24	13	6	93	#
319	833606	7	13	12	2	14	3	11	8	16	4	21	93	#
320	746828	3	4	8	9	7	14	2	12	19	6	17	93	#
321	710763	8	13	12	14	3	7	2	6	4	9	11	93	#
322	695504	9	8	14	13	4	3	7	12	19	18	2	93	#
323	679718	6	5	7	2	3	9	4	14	19	12	13	93	#
324	68913	25	#
325	80027	7	#
326	90701	25	#
327	719899	21	22	17	16	15	23	20	10	5	11	0	6	94	#
328	815398	20	15	21	22	16	23	10	11	6	2	1	12	94	#
329	811128	15	20	2	1	21	6	29	0	22	16	23	11	94	#
330	761383	0	1	5	10	15	2	20	6	11	16	21	22	94	#
331	737123	22	23	17	21	16	18	15	11	20	6	2	19	94	#
332	736453	16	15	20	21	22	23	11	17	18	6	2	1	94	#
333	1236009	8	9	13	18	17	14	19	24	4	23	16	11	3	15	12	7	22	2	6	1	5	0	10	21	20	95	#
334	1321619	0	5	1	10	6	15	20	16	2	21	3	11	4	32	8	9	12	24	7	13	14	19	18	17	23	95	#
335	1292304	13	8	9	7	2	14	3	12	24	4	19	18	17	16	11	6	15	1	0	22	23	5	10	21	32	95	#
336	1279571	24	19	7	14	6	2	13	9	1	8	0	3	5	28	11	4	18	16	17	15	23	12	22	10	21	95	#
337	1257213	2	1	3	8	4	29	9	14	13	18	7	0	6	12	19	5	24	23	17	16	11	15	22	10	21	95	#
338	1251473	11	16	10	5	15	0	21	25	1	2	12	8	13	18	17	7	6	9	14	3	19	4	24	23	20	95	#
339	428823	14	13	7	8	12	96	#
340	464202	12	13	14	7	18	96	#
341	424879	7	13	3	18	19	96	#
342	419034	13	7	12	3	18	96	#
343	319382	14	13	7	6	2	96	#
344	5300	18	#
345	512391	10	11	5	0	1	2	7	13	18	97	#
346	661272	7	12	2	1	11	13	0	10	14	97	#
347	644710	10	5	11	6	2	16	21	12	0	97	#
348	636487	18	19	14	13	9	8	12	11	10	97	#
349	635934	5	10	11	0	1	16	12	8	13	97	#
350	629702	1	0	5	2	6	11	10	16	21	97	#
351	36479	18	#
352	109351	0	#
353	150130	23	24	22	98	#
354	224224	22	21	20	98	#
355	198067	23	22	21	98	#
356	759863	6	2	7	1	11	3	5	16	21	22	12	0	17	18	99	#
357	971029	11	16	15	12	21	7	2	6	1	13	3	18	4	19	99	#
358	932814	5	6	11	16	17	2	21	12	3	7	18	1	19	14	99	#
359	927211	2	1	3	7	6	4	11	5	12	16	21	13	14	18	99	#
360	925336	0	1	2	5	6	7	11	12	3	4	16	21	9	14	99	#
361	845685	12	7	13	3	2	18	11	4	6	9	14	1	19	17	99	#
362	280746	14	19	24	23	9	100	#
363	417421	19	11	12	24	23	100	#
364	331759	23	24	22	21	20	100	#
365	273099	9	8	14	4	3	100	#
366	251421	14	9	8	4	13	100	#
367	193758	24	23	19	18	17	100	#
368	1733992	34	31	14	7	9	4	13	8	15	5	0	2	19	24	6	10	12	11	16	23	21	22	17	20	18	3	1	101	#
369	1746967	2	7	13	3	8	14	9	4	6	5	12	10	19	20	15	0	17	16	11	24	22	21	18	23	1	32	34	101	#
370	1742581	16	15	11	21	20	10	22	1	5	6	0	17	7	2	18	13	4	19	8	9	12	23	24	3	14	26	34	101	#
371	1722479	0	5	10	11	15	16	20	21	6	17	18	7	2	13	22	1	8	12	23	19	24	9	4	14	3	30	34	101	#
372	1718504	34	6	11	10	2	5	15	0	3	7	12	8	13	9	17	4	16	1	18	14	21	22	23	19	24	20	28	101	#
373	1711983	31	33	25	3	8	13	18	12	7	4	14	2	6	19	11	9	17	10	5	0	16	24	15	23	21	22	20	101	#
374	1501415	34	22	17	23	18	13	8	19	12	16	24	30	11	9	3	21	7	6	20	14	2	4	10	15	29	102	#
375	1527353	16	23	15	24	21	17	18	19	12	8	9	4	22	14	13	30	7	3	20	6	2	1	29	0	11	102	#
376	1498579	30	9	4	3	8	7	2	6	11	12	16	21	13	1	17	25	15	20	22	23	5	14	18	0	19	102	#
377	1493097	34	26	2	3	1	7	6	12	4	13	9	8	17	22	18	21	16	11	15	10	19	23	24	14	5	102	#
378	1465484	8	9	3	13	7	6	12	4	14	11	16	2	17	10	1	15	21	29	20	19	18	24	22	23	0	102	#
379	1452986	23	24	19	14	9	8	3	4	13	7	2	6	11	12	16	22	17	1	21	5	15	10	30	0	20	102	#
380	97205	22	23	34	103	#
381	88585	34	3	4	103	#
382	15600	27	#
383	175323	8	3	9	104	#
384	175063	3	7	2	104	#
385	138857	9	4	3	104	#
386	97175	8	9	13	104	#
387	36886	26	#
388	56112	22	23	17	#
389	936423	1	0	2	6	7	12	5	17	13	8	14	3	22	16	9	4	21	23	19	24	18	15	105	#
390	994584	13	14	12	18	19	24	7	3	6	26	4	8	23	22	21	16	9	2	5	15	20	17	105	#
391	974555	23	24	19	22	21	18	13	14	16	8	17	12	9	30	7	15	3	2	6	1	4	10	105	#
392	959088	22	17	23	18	26	21	12	19	24	16	15	13	8	9	14	7	4	6	5	20	2	1	105	#
393	955744	14	19	24	18	13	9	7	6	2	17	4	12	22	8	21	16	15	3	1	10	23	0	105	#
394	922659	21	22	16	15	10	17	18	5	20	12	13	8	9	3	7	4	6	14	19	24	2	0	105	#
395	367461	19	24	23	18	14	106	#
396	374883	14	9	8	3	4	106	#
397	349635	19	18	14	9	13	106	#
398	326406	18	17	19	22	14	106	#
399	307718	23	22	24	28	19	106	#
400	261378	24	23	19	22	18	106	#
401	1212208	9	14	4	8	3	7	2	19	6	11	1	28	13	18	12	17	16	0	5	21	10	24	15	23	20	22	107	#
402	1254617	7	2	26	3	8	6	5	0	4	9	10	1	11	13	18	19	16	24	17	12	21	14	15	22	20	23	107	#
403	1216984	18	13	8	12	3	2	9	7	4	17	6	19	16	21	1	20	14	11	5	0	24	10	15	23	22	32	107	#
404	1204340	10	5	0	1	15	28	16	17	2	6	3	4	7	13	20	18	19	21	34	12	11	14	8	22	9	24	107	#
405	1179205	2	3	8	13	7	1	6	9	11	12	16	4	18	17	5	15	10	14	20	0	19	21	22	24	23	25	107	#
406	1170539	4	3	33	8	2	9	6	1	7	13	5	11	16	18	12	17	0	10	19	22	21	15	14	23	20	24	107	#
407	1006980	22	23	17	21	16	12	13	8	7	11	18	19	3	15	9	14	108	#
408	1073095	21	22	3	8	23	13	14	9	4	17	12	18	16	15	10	19	108	#
409	1036493	8	13	9	14	19	4	3	12	18	17	22	21	16	23	15	7	108	#
410	1031953	13	17	22	14	9	18	16	8	21	15	19	10	23	4	3	7	108	#
411	1028055	23	22	17	21	16	18	19	20	14	13	15	8	9	3	4	10	108	#
412	1008985	16	17	18	13	22	23	19	14	12	15	8	9	4	3	21	2	108	#
413	255326	9	8	3	23	109	#
414	246894	3	2	7	6	109	#
415	209240	9	8	14	13	109	#
416	1208054	29	19	18	14	13	7	6	5	9	2	10	1	11	17	12	24	34	15	0	4	3	16	110	#
417	1355502	24	19	18	14	29	2	6	5	3	10	9	7	11	30	13	0	4	1	12	15	20	21	110	#
418	1334882	0	5	10	1	2	30	15	11	16	12	3	6	20	21	7	22	13	14	18	19	17	8	110	#
419	1307739	34	15	10	5	11	8	0	12	16	21	20	22	1	13	14	7	2	6	9	18	28	4	110	#
420	1305585	19	24	6	11	5	10	0	15	20	14	2	7	29	9	1	3	16	4	21	22	23	18	110	#
421	1296320	1	0	5	2	6	11	16	10	15	20	21	7	22	3	13	23	25	12	14	18	24	17	110	#
422	538988	29	26	15	16	11	12	10	17	111	#
423	607249	10	5	11	0	6	7	2	15	111	#
424	566090	11	10	6	5	7	3	13	16	111	#
425	534305	26	16	11	12	7	17	13	8	111	#
426	517853	15	10	5	16	17	11	20	6	111	#
427	486076	29	2	6	11	3	8	10	5	111	#
428	200660	0	1	2	112	#
429	189148	0	22	1	112	#
430	158442	1	2	6	112	#
431	123071	2	1	7	112	#
432	35519	26	#
433	113765	17	5	6	113	#
434	93706	5	6	2	113	#
435	92199	26	#
436	554708	14	13	18	33	19	17	8	22	3	23	114	#
437	776035	3	8	9	14	19	18	17	12	0	13	114	#
438	774552	13	12	8	11	9	10	14	18	5	19	114	#
439	718160	17	22	18	23	19	12	16	14	11	10	114	#
440	700999	8	9	13	12	17	7	3	14	18	19	114	#
441	654133	18	17	22	21	19	20	24	14	13	12	114	#
442	217589	16	15	20	115	#
443	122327	16	11	17	115	#
444	652858	4	9	3	2	6	7	11	12	10	1	16	116	#
445	677505	4	9	3	14	19	2	7	1	6	12	5	116	#
446	645906	3	4	7	8	6	11	12	16	13	21	18	116	#
447	638480	9	8	4	3	14	7	19	2	1	12	24	116	#
448	631756	12	11	7	6	3	5	2	1	8	13	14	116	#
449	623308	2	7	1	3	6	13	4	5	0	12	11	116	#
450	319310	25	11	10	6	7	117	#
451	399276	7	6	11	16	12	117	#
452	395319	11	6	7	5	0	117	#
453	380302	6	5	0	1	11	117	#
454	342373	10	11	15	16	20	117	#
455	250985	25	23	22	10	24	117	#
456	356135	13	12	7	8	3	118	#
457	341022	3	4	8	7	12	118	#
458	336748	13	8	12	7	6	118	#
459	318008	7	2	3	8	12	118	#
460	260834	8	3	2	7	6	118	#
461	260007	12	7	3	13	17	118	#
462	18110	31	#
463	41994	33	#
464	74912	31	30	119	#
465	98537	30	32	119	#
466	303780	32	21	22	23	17	18	19	120	#
467	440108	17	18	13	19	14	7	22	120	#
468	389780	22	21	23	24	17	19	14	120	#
469	364730	23	24	22	21	20	19	15	120	#
470	321397	32	25	21	15	4	16	22	120	#
471	99704	32	#
472	225612	9	10	14	121	#
473	271293	10	11	12	121	#
474	248434	14	10	11	121	#
475	216518	9	8	3	121	#
476	74071	8	#
477	970533	17	11	12	7	6	16	15	5	2	21	13	20	8	3	122	#
478	1076353	6	5	11	7	0	12	16	13	18	3	17	22	21	15	122	#
479	977381	5	6	7	13	23	2	14	0	11	3	22	21	24	12	122	#
480	965352	21	16	22	11	17	12	6	20	18	7	13	19	5	8	122	#
481	951945	3	7	13	12	17	8	2	11	6	16	18	21	19	22	122	#
482	951153	11	25	16	15	21	12	7	20	6	22	2	17	13	1	122	#
483	11462	31	#
484	448848	34	17	16	12	13	22	18	123	#
485	563476	16	17	22	11	21	12	13	123	#
486	558921	12	11	7	2	3	13	17	123	#
487	554143	17	22	21	12	11	7	16	123	#
488	517338	18	32	13	12	11	19	8	123	#
489	288717	34	26	17	22	16	23	24	123	#
490	141253	9	8	124	#
491	148805	8	13	124	#
492	31428	33	#
493	501663	3	2	8	4	7	12	13	125	#
494	509720	4	3	2	6	7	12	13	125	#
495	504749	8	3	4	13	12	7	17	125	#
496	471263	7	12	6	11	5	17	2	125	#
497	462796	2	6	5	11	10	16	7	125	#
498	442087	13	12	7	3	18	8	2	125	#
499	355655	24	19	14	18	126	#
500	432242	14	13	8	12	126	#
501	342979	18	17	19	14	126	#
502	262842	24	19	23	18	126	#
503	233529	19	31	24	18	126	#
504	618152	24	19	18	14	13	23	22	21	9	17	8	127	#
505	796942	23	22	21	20	16	17	11	18	13	6	3	127	#
506	775344	19	18	14	13	9	17	12	16	11	21	22	127	#
507	766102	22	21	23	16	15	11	17	18	13	14	12	127	#
508	732388	17	18	16	19	21	12	22	15	11	23	20	127	#
509	699389	9	4	3	2	1	14	7	13	6	19	8	127	#
510	134133	27	18	13	19	128	#
511	200694	18	19	24	23	128	#
512	49243	13	18	14	17	128	#
513	730781	20	15	16	11	21	0	1	17	2	3	129	#
514	758831	16	11	15	12	0	10	6	17	1	20	129	#
515	754686	1	2	6	7	5	0	13	12	14	11	129	#
516	719359	17	18	19	12	13	14	11	7	3	24	129	#
517	699263	20	15	22	10	16	21	5	23	0	11	129	#
518	695081	15	20	21	10	16	6	5	22	11	0	129	#
519	999929	1	0	2	7	13	5	12	8	14	3	17	11	6	16	130	#
520	1018711	14	19	13	18	9	8	17	22	21	16	23	7	3	12	130	#
521	1010854	1	0	5	2	10	7	13	3	11	16	14	4	9	21	130	#
522	1005216	6	5	2	11	7	12	10	0	15	16	3	13	21	8	130	#
523	1000866	7	13	18	8	3	14	9	4	6	11	12	19	10	16	130	#
524	976691	2	7	3	12	8	11	13	16	14	4	15	20	9	1	130	#
525	660352	14	13	9	8	4	18	7	3	19	17	2	1	16	131	#
526	794075	1	0	2	5	3	6	4	9	14	8	7	13	12	131	#
527	770433	3	8	9	14	4	2	7	13	18	6	17	5	0	131	#
528	758736	8	0	13	5	9	7	18	10	3	4	2	1	14	131	#
529	752956	7	3	13	8	2	12	4	14	11	10	9	6	5	131	#
530	749457	13	8	14	3	9	4	20	2	1	18	0	5	6	131	#
531	52680	27	#
532	277232	6	11	16	12	2	17	18	132	#
533	411077	11	16	12	7	6	3	2	132	#
534	410716	18	19	24	23	14	22	9	132	#
535	381869	17	22	16	18	21	12	11	132	#
536	343547	12	13	11	10	6	16	7	132	#
537	307671	2	7	3	1	12	11	13	132	#
538	349525	24	23	22	17	18	13	7	133	#
539	495519	22	23	24	17	16	11	21	133	#
540	480403	24	23	22	21	20	15	17	133	#
541	478420	23	22	24	17	12	13	11	133	#
542	428582	18	17	22	12	23	11	16	133	#
543	406176	13	8	14	7	2	9	3	133	#
544	268624	27	4	9	3	134	#
545	346959	3	4	8	13	134	#
546	284272	27	34	19	18	134	#
547	272262	9	4	3	8	134	#
548	226015	4	3	9	5	134	#
549	91610	10	11	#
550	208680	9	14	8	135	#
551	270890	14	9	19	135	#
552	239928	9	4	3	135	#
553	127663	8	3	2	135	#
554	1402117	17	22	16	15	23	12	13	10	11	5	24	20	21	28	7	0	19	1	18	14	2	3	4	9	8	6	136	#
555	1516723	0	5	1	10	2	15	7	20	3	16	17	12	23	11	22	24	21	19	32	27	33	8	34	13	14	4	136	#
556	1467284	28	34	0	5	1	10	2	15	3	7	20	4	12	21	22	17	13	16	11	23	18	14	19	24	9	8	136	#
557	1431489	20	21	15	22	16	23	17	24	12	10	13	7	19	5	2	14	0	1	3	25	18	9	11	4	8	6	136	#
558	1411080	3	7	2	12	34	13	1	17	0	16	10	5	15	11	4	22	23	9	21	14	19	20	24	8	18	6	136	#
559	1404396	5	0	10	15	16	17	18	21	12	7	22	3	2	23	13	24	19	14	20	4	8	1	26	9	6	11	136	#
560	13559	31	#
561	885390	17	12	22	18	13	11	8	9	14	24	16	10	23	21	137	#
562	991537	14	13	7	12	9	6	17	4	5	16	21	11	18	8	137	#
563	950402	12	13	7	11	18	14	19	24	16	8	23	17	22	6	137	#
564	930348	8	3	7	9	6	5	12	0	17	13	14	1	4	18	137	#
565	927806	13	7	18	14	8	3	6	12	11	9	10	5	17	16	137	#
566	927018	23	22	21	24	16	17	20	15	19	18	12	14	13	7	137	#
567	302118	9	8	17	4	6	138	#
568	371125	8	9	4	13	14	138	#
569	344442	9	5	0	8	4	138	#
570	239804	4	9	8	3	2	138	#
571	194994	17	22	21	16	18	138	#
572	123928	6	7	5	10	2	138	#
573	510760	19	18	24	17	13	22	16	12	11	139	#
574	565953	19	18	13	14	8	9	7	12	3	139	#
575	559234	12	13	11	14	18	8	16	3	17	139	#
576	537113	17	18	13	19	12	16	11	22	6	139	#
577	494557	11	6	16	5	10	0	17	21	22	139	#
578	482118	18	19	14	17	22	24	21	13	12	139	#
579	68059	7	#
580	424056	7	18	2	6	19	13	140	#
581	470148	13	7	6	14	18	11	140	#
582	420018	19	14	18	13	30	8	140	#
583	406742	18	19	13	14	24	23	140	#
584	394145	7	6	11	12	5	13	140	#
585	385215	6	7	11	13	23	2	140	#
586	927802	6	5	10	0	15	20	2	7	16	1	11	3	12	17	13	18	19	141	#
587	1093945	11	10	6	16	15	5	20	21	22	3	12	7	14	19	13	0	18	141	#
588	987443	6	2	5	10	0	15	3	16	4	20	7	1	21	13	22	8	12	141	#
589	977315	10	11	12	16	17	7	22	13	5	6	18	8	2	3	0	21	19	141	#
590	960304	16	17	18	21	19	20	14	13	15	22	12	9	8	3	4	23	2	141	#
591	954989	17	22	16	12	13	15	20	10	5	21	11	6	2	7	0	8	3	141	#
592	953177	4	9	10	11	15	20	21	8	16	30	13	14	17	18	12	7	6	142	#
593	1088000	6	7	13	18	14	8	12	17	16	9	11	19	3	4	24	21	20	142	#
594	1076736	11	16	21	17	6	15	24	7	18	13	20	8	9	19	14	12	4	142	#
595	1071590	13	12	11	18	7	17	8	6	3	4	14	9	16	33	19	21	24	142	#
596	1022684	17	18	19	12	24	11	13	6	23	16	14	8	3	9	4	15	20	142	#
597	1022153	16	11	17	18	6	15	21	19	20	13	7	12	8	14	24	22	0	142	#
598	572877	3	7	2	4	1	6	12	8	13	9	143	#
599	705329	8	9	13	18	19	12	14	31	7	3	143	#
600	627067	9	8	4	13	14	18	7	12	3	2	143	#
601	611445	1	0	5	10	11	15	16	21	2	22	143	#
602	585368	7	12	13	8	14	6	2	18	5	1	143	#
603	577965	4	3	9	8	7	13	2	6	12	5	143	#
604	58221	28	#
605	781100	32	15	16	10	11	20	12	7	2	17	22	6	1	144	#
606	988306	20	21	22	14	16	13	19	18	8	7	17	11	24	144	#
607	918982	17	16	18	22	21	11	6	10	5	20	7	0	1	144	#
608	916700	32	21	16	11	20	17	6	18	7	10	30	3	22	144	#
609	886158	1	0	5	2	7	6	9	14	8	10	3	11	4	144	#
610	880360	11	6	5	10	0	2	16	7	21	17	22	3	20	144	#
611	73757	34	#
612	172664	19	18	145	#
613	125201	18	13	145	#
614	121600	19	24	145	#
615	165	22	#
616	5245	29	#
617	364943	14	13	19	18	17	146	#
618	473261	14	13	12	7	11	146	#
619	405260	13	18	7	3	19	146	#
620	340849	19	24	18	13	8	146	#
621	340223	18	13	12	25	7	146	#
622	641714	12	17	1	16	0	11	15	21	147	#
623	516221	11	12	16	15	20	10	17	21	147	#
624	496915	0	1	2	6	3	8	13	11	147	#
625	496486	15	10	16	20	11	25	6	21	147	#
626	441578	17	16	22	12	9	8	21	7	147	#
627	429285	21	16	17	22	20	11	10	6	147	#
628	109589	23	24	#
629	209169	15	16	17	22	10	148	#
630	259704	22	17	16	11	23	148	#
631	583887	7	13	6	26	3	8	18	149	#
632	579800	18	13	7	19	17	3	12	149	#
633	555056	26	20	15	16	10	21	5	149	#
634	525935	8	9	3	7	13	6	4	149	#
635	496249	3	7	4	2	8	12	6	149	#
636	451554	13	18	7	8	9	17	12	149	#
637	442660	7	12	3	13	4	8	2	150	#
638	480744	4	3	8	13	16	9	12	150	#
639	470890	12	17	16	20	7	3	15	150	#
640	396350	13	7	18	8	12	9	17	150	#
641	379612	3	2	6	7	8	1	13	150	#
642	346404	7	12	2	13	17	9	3	150	#
643	868565	2	1	6	7	5	0	11	10	3	15	13	12	17	18	19	4	20	8	151	#
644	1135387	20	21	15	22	23	17	10	24	18	19	14	16	11	9	4	3	8	6	151	#
645	1118996	19	18	14	9	8	3	17	4	24	22	21	20	6	2	16	11	15	10	151	#
646	1109607	2	6	1	3	4	8	9	0	14	5	10	15	16	11	21	17	18	12	151	#
647	1034532	15	6	2	3	8	4	9	5	10	1	0	20	11	21	7	14	16	17	151	#
648	1030752	17	22	21	12	23	20	18	19	15	14	24	9	4	11	6	5	10	3	151	#
649	62416	34	#
650	123612	10	5	15	#
651	714439	33	15	16	21	17	20	11	10	12	7	2	152	#
652	833079	16	17	15	12	21	11	6	7	10	3	13	152	#
653	788696	21	20	15	16	17	12	13	11	10	8	6	152	#
654	767583	17	12	13	7	6	2	11	8	9	16	15	152	#
655	766035	15	10	16	11	17	23	6	12	7	2	13	152	#
656	758963	11	12	16	17	10	15	21	7	13	5	2	152	#
657	870836	18	13	7	2	8	3	14	19	9	24	4	1	0	23	22	12	6	153	#
658	1232856	22	21	16	15	20	11	10	12	6	7	13	3	2	14	18	19	24	153	#
659	1219756	24	23	19	22	18	21	14	16	15	20	13	32	7	6	5	11	10	153	#
660	1145711	9	14	8	19	24	23	18	13	29	3	22	7	21	16	11	10	15	153	#
661	1125561	1	0	5	6	2	10	7	3	11	13	15	16	14	8	21	20	18	153	#
662	1116503	18	13	7	3	14	8	6	19	9	2	11	12	5	16	21	32	22	153	#
663	675108	32	2	1	7	13	6	12	11	28	16	21	154	#
664	837120	7	13	6	14	19	12	5	11	16	10	21	154	#
665	691044	21	16	22	11	10	15	6	23	5	7	13	154	#
666	666993	16	21	15	29	20	11	10	22	23	12	7	154	#
667	641144	2	6	7	14	11	19	13	1	34	3	12	154	#
668	633930	6	5	2	7	11	0	16	10	12	1	21	154	#
669	36823	29	#
670	1307	1	2	#
671	254737	2	7	1	6	11	155	#
672	293050	11	10	6	2	7	155	#
673	264469	1	0	2	6	7	155	#
674	259347	2	1	7	0	13	155	#
675	248647	7	2	1	13	18	155	#
676	220765	6	32	2	9	4	155	#
677	145973	24	19	#
678	52207	34	#
679	62436	1	#
680	233349	8	9	3	156	#
681	253199	9	4	8	156	#
682	232981	8	9	13	156	#
683	217064	3	4	9	156	#
684	394485	29	23	24	19	18	13	14	157	#
685	546876	18	19	13	7	8	14	3	157	#
686	536979	13	14	19	7	2	1	0	157	#
687	477345	14	13	12	7	8	19	9	157	#
688	375335	19	2	24	18	23	17	7	157	#
689	331717	24	23	30	22	19	18	14	157	#
690	426416	12	11	10	17	7	16	158	#
691	474098	10	11	12	16	15	7	158	#
692	437463	16	11	15	12	17	10	158	#
693	434487	7	13	12	18	14	11	158	#
694	371556	12	22	11	23	17	16	158	#
695	209908	17	16	22	12	18	2	158	#
696	493573	4	9	2	14	13	8	1	7	12	18	159	#
697	686908	13	18	14	19	7	12	2	6	11	8	159	#
698	600652	2	7	6	13	12	14	11	1	16	19	159	#
699	597613	18	13	14	7	6	11	8	2	12	17	159	#
700	572718	4	9	8	13	7	14	3	12	19	18	159	#
701	570487	7	2	13	3	8	1	6	11	18	0	159	#
