%% File generated by CATS v.2.1Tue Aug 20 18:57:00 2019

%% The CATS webpage is http://robotics.stanford.edu/CATS

%% PARAMETER SETTINGS:
% Goods: 40; Bids: 3200; Distribution: matching; Runs: 10; Seed: 1566345231
% Matching Distribution Parameters:
% Max airport price       = 5
% Early takeoff deviation = 1
% Late takeoff deviation  = 2
% Early landing deviation = 1
% Late landing deviation  = 2
% Deviation               = 0.500000
% Delay coefficient       = 0.900000
% Amount late coefficient = 0.750000



goods 40
bids 3203
dummy 725

0	6234	3	36	40	#
1	5616	1	10	41	#
2	5054	1	14	41	#
3	4549	1	18	41	#
4	5616	5	14	41	#
5	5054	5	18	41	#
6	5616	9	18	41	#
7	11131	25	34	42	#
8	7513	25	38	42	#
9	8348	29	38	42	#
10	5062	9	19	43	#
11	3417	9	23	43	#
12	3075	9	27	43	#
13	2768	9	31	43	#
14	3797	13	23	43	#
15	3417	13	27	43	#
16	3075	13	31	43	#
17	3797	17	27	43	#
18	3417	17	31	43	#
19	3797	21	31	43	#
20	6600	3	36	44	#
21	7124	21	30	45	#
22	4809	21	34	45	#
23	4328	21	38	45	#
24	5343	25	34	45	#
25	4809	25	38	45	#
26	5343	29	38	45	#
27	6844	0	39	46	#
28	5263	26	33	47	#
29	3552	26	37	47	#
30	3947	30	37	47	#
31	6782	0	39	48	#
32	5699	5	32	49	#
33	3847	5	36	49	#
34	4274	9	36	49	#
35	5071	3	36	50	#
36	10270	13	22	51	#
37	6932	13	26	51	#
38	6239	13	30	51	#
39	5615	13	34	51	#
40	7702	17	26	51	#
41	6932	17	30	51	#
42	6239	17	34	51	#
43	7702	21	30	51	#
44	6932	21	34	51	#
45	7702	25	34	51	#
46	3387	0	39	52	#
47	3927	3	36	53	#
48	10143	26	33	54	#
49	6847	26	37	54	#
50	7607	30	37	54	#
51	10909	2	36	55	#
52	4902	1	11	56	#
53	3309	1	15	56	#
54	2978	1	19	56	#
55	2680	1	23	56	#
56	3676	5	15	56	#
57	3309	5	19	56	#
58	2978	5	23	56	#
59	3676	9	19	56	#
60	3309	9	23	56	#
61	3676	13	23	56	#
62	6946	2	9	57	#
63	6251	2	13	57	#
64	5626	2	17	57	#
65	6946	6	13	57	#
66	6251	6	17	57	#
67	6946	10	17	57	#
68	4211	19	25	58	#
69	2843	19	29	58	#
70	2558	19	33	58	#
71	2303	19	37	58	#
72	3159	23	29	58	#
73	2843	23	33	58	#
74	2558	23	37	58	#
75	3159	27	33	58	#
76	2843	27	37	58	#
77	3159	31	37	58	#
78	9772	0	38	59	#
79	9168	2	36	60	#
80	3009	23	29	61	#
81	2031	23	33	61	#
82	1828	23	37	61	#
83	2257	27	33	61	#
84	2031	27	37	61	#
85	2257	31	37	61	#
86	12146	5	32	62	#
87	8199	5	36	62	#
88	9110	9	36	62	#
89	5448	3	36	63	#
90	4416	19	25	64	#
91	2981	19	29	64	#
92	2683	19	33	64	#
93	2415	19	37	64	#
94	3312	23	29	64	#
95	2981	23	33	64	#
96	2683	23	37	64	#
97	3312	27	33	64	#
98	2981	27	37	64	#
99	3312	31	37	64	#
100	6357	0	39	65	#
101	4670	6	13	66	#
102	3152	6	17	66	#
103	2837	6	21	66	#
104	2553	6	25	66	#
105	3502	10	17	66	#
106	3152	10	21	66	#
107	2837	10	25	66	#
108	3502	14	21	66	#
109	3152	14	25	66	#
110	3502	18	25	66	#
111	6226	0	39	67	#
112	5473	21	31	68	#
113	3695	21	35	68	#
114	3325	21	39	68	#
115	4105	25	35	68	#
116	3695	25	39	68	#
117	4105	29	39	68	#
118	7861	0	29	69	#
119	7075	0	33	69	#
120	6367	0	37	69	#
121	7861	4	33	69	#
122	7075	4	37	69	#
123	7861	8	37	69	#
124	8121	2	36	70	#
125	2472	21	31	71	#
126	1668	21	35	71	#
127	1502	21	39	71	#
128	1854	25	35	71	#
129	1668	25	39	71	#
130	1854	29	39	71	#
131	4126	3	36	72	#
132	8269	2	36	73	#
133	2071	25	35	74	#
134	1398	25	39	74	#
135	1553	29	39	74	#
136	6560	3	36	75	#
137	5550	9	19	76	#
138	3746	9	23	76	#
139	3372	9	27	76	#
140	3035	9	31	76	#
141	4163	13	23	76	#
142	3746	13	27	76	#
143	3372	13	31	76	#
144	4163	17	27	76	#
145	3746	17	31	76	#
146	4163	21	31	76	#
147	3900	1	11	77	#
148	3510	1	15	77	#
149	3159	1	19	77	#
150	3900	5	15	77	#
151	3510	5	19	77	#
152	3900	9	19	77	#
153	10388	5	14	78	#
154	7012	5	18	78	#
155	6311	5	22	78	#
156	5680	5	26	78	#
157	7791	9	18	78	#
158	7012	9	22	78	#
159	6311	9	26	78	#
160	7791	13	22	78	#
161	7012	13	26	78	#
162	7791	17	26	78	#
163	8069	4	33	79	#
164	5446	4	37	79	#
165	6051	8	37	79	#
166	3336	0	39	80	#
167	10753	26	33	81	#
168	7258	26	37	81	#
169	8064	30	37	81	#
170	4220	11	17	82	#
171	2849	11	21	82	#
172	2564	11	25	82	#
173	2307	11	29	82	#
174	3165	15	21	82	#
175	2849	15	25	82	#
176	2564	15	29	82	#
177	3165	19	25	82	#
178	2849	19	29	82	#
179	3165	23	29	82	#
180	2416	3	36	83	#
181	6475	13	22	84	#
182	4371	13	26	84	#
183	3933	13	30	84	#
184	3540	13	34	84	#
185	4856	17	26	84	#
186	4371	17	30	84	#
187	3933	17	34	84	#
188	4856	21	30	84	#
189	4371	21	34	84	#
190	4856	25	34	84	#
191	5177	15	21	85	#
192	3495	15	25	85	#
193	3145	15	29	85	#
194	2831	15	33	85	#
195	3883	19	25	85	#
196	3495	19	29	85	#
197	3145	19	33	85	#
198	3883	23	29	85	#
199	3495	23	33	85	#
200	3883	27	33	85	#
201	4493	3	36	86	#
202	10190	2	36	87	#
203	7194	22	29	88	#
204	4856	22	33	88	#
205	4370	22	37	88	#
206	5395	26	33	88	#
207	4856	26	37	88	#
208	5395	30	37	88	#
209	4219	5	15	89	#
210	2848	5	19	89	#
211	2563	5	23	89	#
212	2307	5	27	89	#
213	3164	9	19	89	#
214	2848	9	23	89	#
215	2563	9	27	89	#
216	3164	13	23	89	#
217	2848	13	27	89	#
218	3164	17	27	89	#
219	11877	5	32	90	#
220	8017	5	36	90	#
221	8908	9	36	90	#
222	5027	1	10	91	#
223	3393	1	14	91	#
224	3054	1	18	91	#
225	2748	1	22	91	#
226	3770	5	14	91	#
227	3393	5	18	91	#
228	3054	5	22	91	#
229	3770	9	18	91	#
230	3393	9	22	91	#
231	3770	13	22	91	#
232	6775	1	28	92	#
233	6098	1	32	92	#
234	5488	1	36	92	#
235	6775	5	32	92	#
236	6098	5	36	92	#
237	6775	9	36	92	#
238	8685	9	18	93	#
239	5863	9	22	93	#
240	5276	9	26	93	#
241	4749	9	30	93	#
242	6514	13	22	93	#
243	5863	13	26	93	#
244	5276	13	30	93	#
245	6514	17	26	93	#
246	5863	17	30	93	#
247	6514	21	30	93	#
248	4302	3	36	94	#
249	5462	17	26	95	#
250	3687	17	30	95	#
251	3318	17	34	95	#
252	2986	17	38	95	#
253	4096	21	30	95	#
254	3687	21	34	95	#
255	3318	21	38	95	#
256	4096	25	34	95	#
257	3687	25	38	95	#
258	4096	29	38	95	#
259	4995	3	36	96	#
260	4758	3	36	97	#
261	12328	4	33	98	#
262	8322	4	37	98	#
263	9246	8	37	98	#
264	8193	2	36	99	#
265	4835	2	9	100	#
266	4351	2	13	100	#
267	3916	2	17	100	#
268	4835	6	13	100	#
269	4351	6	17	100	#
270	4835	10	17	100	#
271	6447	2	36	101	#
272	5427	2	36	102	#
273	4059	3	36	103	#
274	8793	22	29	104	#
275	5935	22	33	104	#
276	5342	22	37	104	#
277	6595	26	33	104	#
278	5935	26	37	104	#
279	6595	30	37	104	#
280	6484	3	36	105	#
281	4031	3	9	106	#
282	2721	3	13	106	#
283	2449	3	17	106	#
284	2204	3	21	106	#
285	3023	7	13	106	#
286	2721	7	17	106	#
287	2449	7	21	106	#
288	3023	11	17	106	#
289	2721	11	21	106	#
290	3023	15	21	106	#
291	8418	0	29	107	#
292	7576	0	33	107	#
293	6818	0	37	107	#
294	8418	4	33	107	#
295	7576	4	37	107	#
296	8418	8	37	107	#
297	7439	2	36	108	#
298	9379	6	13	109	#
299	6331	6	17	109	#
300	5698	6	21	109	#
301	5128	6	25	109	#
302	7035	10	17	109	#
303	6331	10	21	109	#
304	5698	10	25	109	#
305	7035	14	21	109	#
306	6331	14	25	109	#
307	7035	18	25	109	#
308	6517	0	39	110	#
309	5093	3	36	111	#
310	3952	1	11	112	#
311	3556	1	15	112	#
312	3201	1	19	112	#
313	3952	5	15	112	#
314	3556	5	19	112	#
315	3952	9	19	112	#
316	6787	3	36	113	#
317	10661	14	21	114	#
318	7196	14	25	114	#
319	6476	14	29	114	#
320	5829	14	33	114	#
321	7995	18	25	114	#
322	7196	18	29	114	#
323	6476	18	33	114	#
324	7995	22	29	114	#
325	7196	22	33	114	#
326	7995	26	33	114	#
327	9381	2	36	115	#
328	5829	2	36	116	#
329	10050	22	29	117	#
330	6784	22	33	117	#
331	6106	22	37	117	#
332	7538	26	33	117	#
333	6784	26	37	117	#
334	7538	30	37	117	#
335	2966	3	36	118	#
336	10871	6	13	119	#
337	7338	6	17	119	#
338	6604	6	21	119	#
339	5944	6	25	119	#
340	8154	10	17	119	#
341	7338	10	21	119	#
342	6604	10	25	119	#
343	8154	14	21	119	#
344	7338	14	25	119	#
345	8154	18	25	119	#
346	4393	27	33	120	#
347	2965	27	37	120	#
348	3295	31	37	120	#
349	4461	0	38	121	#
350	5104	5	32	122	#
351	3445	5	36	122	#
352	3828	9	36	122	#
353	5906	3	36	123	#
354	3499	0	39	124	#
355	6626	3	36	125	#
356	6886	4	33	126	#
357	4648	4	37	126	#
358	5165	8	37	126	#
359	3223	0	39	127	#
360	2803	0	39	128	#
361	5525	1	28	129	#
362	4973	1	32	129	#
363	4476	1	36	129	#
364	5525	5	32	129	#
365	4973	5	36	129	#
366	5525	9	36	129	#
367	3197	3	36	130	#
368	6547	0	39	131	#
369	2395	3	36	132	#
370	4017	10	17	133	#
371	2712	10	21	133	#
372	2440	10	25	133	#
373	2196	10	29	133	#
374	3013	14	21	133	#
375	2712	14	25	133	#
376	2440	14	29	133	#
377	3013	18	25	133	#
378	2712	18	29	133	#
379	3013	22	29	133	#
380	5019	3	36	134	#
381	11098	2	36	135	#
382	5674	2	9	136	#
383	5106	2	13	136	#
384	4596	2	17	136	#
385	5674	6	13	136	#
386	5106	6	17	136	#
387	5674	10	17	136	#
388	2519	3	36	137	#
389	10288	25	34	138	#
390	6945	25	38	138	#
391	7716	29	38	138	#
392	6295	3	36	139	#
393	9383	2	36	140	#
394	6971	0	39	141	#
395	10300	4	33	142	#
396	6952	4	37	142	#
397	7725	8	37	142	#
398	9235	2	36	143	#
399	6855	3	36	144	#
400	5034	13	23	145	#
401	3398	13	27	145	#
402	3058	13	31	145	#
403	2752	13	35	145	#
404	3776	17	27	145	#
405	3398	17	31	145	#
406	3058	17	35	145	#
407	3776	21	31	145	#
408	3398	21	35	145	#
409	3776	25	35	145	#
410	2689	0	39	146	#
411	4205	26	33	147	#
412	2839	26	37	147	#
413	3154	30	37	147	#
414	3864	2	9	148	#
415	3477	2	13	148	#
416	3130	2	17	148	#
417	3864	6	13	148	#
418	3477	6	17	148	#
419	3864	10	17	148	#
420	5084	11	17	149	#
421	3432	11	21	149	#
422	3089	11	25	149	#
423	2780	11	29	149	#
424	3813	15	21	149	#
425	3432	15	25	149	#
426	3089	15	29	149	#
427	3813	19	25	149	#
428	3432	19	29	149	#
429	3813	23	29	149	#
430	5733	1	28	150	#
431	3870	1	32	150	#
432	3483	1	36	150	#
433	4300	5	32	150	#
434	3870	5	36	150	#
435	4300	9	36	150	#
436	12470	0	29	151	#
437	8417	0	33	151	#
438	7575	0	37	151	#
439	9352	4	33	151	#
440	8417	4	37	151	#
441	9352	8	37	151	#
442	6143	3	36	152	#
443	4721	19	25	153	#
444	3186	19	29	153	#
445	2868	19	33	153	#
446	2581	19	37	153	#
447	3541	23	29	153	#
448	3186	23	33	153	#
449	2868	23	37	153	#
450	3541	27	33	153	#
451	3186	27	37	153	#
452	3541	31	37	153	#
453	8008	2	36	154	#
454	4814	0	38	155	#
455	4701	21	30	156	#
456	3173	21	34	156	#
457	2856	21	38	156	#
458	3526	25	34	156	#
459	3173	25	38	156	#
460	3526	29	38	156	#
461	6729	1	28	157	#
462	4542	1	32	157	#
463	4088	1	36	157	#
464	5046	5	32	157	#
465	4542	5	36	157	#
466	5046	9	36	157	#
467	2591	1	11	158	#
468	2332	1	15	158	#
469	2099	1	19	158	#
470	2591	5	15	158	#
471	2332	5	19	158	#
472	2591	9	19	158	#
473	7052	3	36	159	#
474	2507	11	17	160	#
475	1692	11	21	160	#
476	1523	11	25	160	#
477	1371	11	29	160	#
478	1880	15	21	160	#
479	1692	15	25	160	#
480	1523	15	29	160	#
481	1880	19	25	160	#
482	1692	19	29	160	#
483	1880	23	29	160	#
484	5344	4	33	161	#
485	3607	4	37	161	#
486	4008	8	37	161	#
487	3057	27	33	162	#
488	2063	27	37	162	#
489	2292	31	37	162	#
490	2558	17	27	163	#
491	1727	17	31	163	#
492	1554	17	35	163	#
493	1399	17	39	163	#
494	1918	21	31	163	#
495	1727	21	35	163	#
496	1554	21	39	163	#
497	1918	25	35	163	#
498	1727	25	39	163	#
499	1918	29	39	163	#
500	5965	4	33	164	#
501	4026	4	37	164	#
502	4474	8	37	164	#
503	9583	0	38	165	#
504	9919	18	25	166	#
505	6695	18	29	166	#
506	6026	18	33	166	#
507	5423	18	37	166	#
508	7439	22	29	166	#
509	6695	22	33	166	#
510	6026	22	37	166	#
511	7439	26	33	166	#
512	6695	26	37	166	#
513	7439	30	37	166	#
514	8491	2	36	167	#
515	6061	2	36	168	#
516	3488	0	39	169	#
517	5009	3	36	170	#
518	3043	1	11	171	#
519	2738	1	15	171	#
520	2465	1	19	171	#
521	3043	5	15	171	#
522	2738	5	19	171	#
523	3043	9	19	171	#
524	7524	1	10	172	#
525	5079	1	14	172	#
526	4571	1	18	172	#
527	4114	1	22	172	#
528	5643	5	14	172	#
529	5079	5	18	172	#
530	4571	5	22	172	#
531	5643	9	18	172	#
532	5079	9	22	172	#
533	5643	13	22	172	#
534	5497	2	36	173	#
535	4731	11	17	174	#
536	3194	11	21	174	#
537	2874	11	25	174	#
538	2587	11	29	174	#
539	3548	15	21	174	#
540	3194	15	25	174	#
541	2874	15	29	174	#
542	3548	19	25	174	#
543	3194	19	29	174	#
544	3548	23	29	174	#
545	11052	17	26	175	#
546	7460	17	30	175	#
547	6714	17	34	175	#
548	6043	17	38	175	#
549	8289	21	30	175	#
550	7460	21	34	175	#
551	6714	21	38	175	#
552	8289	25	34	175	#
553	7460	25	38	175	#
554	8289	29	38	175	#
555	6322	3	36	176	#
556	4251	2	36	177	#
557	6177	3	36	178	#
558	3460	0	39	179	#
559	5135	0	39	180	#
560	3506	0	39	181	#
561	3787	2	36	182	#
562	4723	19	25	183	#
563	3188	19	29	183	#
564	2869	19	33	183	#
565	2582	19	37	183	#
566	3542	23	29	183	#
567	3188	23	33	183	#
568	2869	23	37	183	#
569	3542	27	33	183	#
570	3188	27	37	183	#
571	3542	31	37	183	#
572	11078	17	26	184	#
573	7478	17	30	184	#
574	6730	17	34	184	#
575	6057	17	38	184	#
576	8308	21	30	184	#
577	7478	21	34	184	#
578	6730	21	38	184	#
579	8308	25	34	184	#
580	7478	25	38	184	#
581	8308	29	38	184	#
582	8119	0	38	185	#
583	9042	0	29	186	#
584	8138	0	33	186	#
585	7324	0	37	186	#
586	9042	4	33	186	#
587	8138	4	37	186	#
588	9042	8	37	186	#
589	6994	5	32	187	#
590	4721	5	36	187	#
591	5245	9	36	187	#
592	3962	3	36	188	#
593	2393	0	39	189	#
594	12626	5	32	190	#
595	8522	5	36	190	#
596	9469	9	36	190	#
597	5363	2	36	191	#
598	5382	2	9	192	#
599	4844	2	13	192	#
600	4359	2	17	192	#
601	5382	6	13	192	#
602	4844	6	17	192	#
603	5382	10	17	192	#
604	3294	0	39	193	#
605	6039	6	13	194	#
606	4076	6	17	194	#
607	3668	6	21	194	#
608	3302	6	25	194	#
609	4529	10	17	194	#
610	4076	10	21	194	#
611	3668	10	25	194	#
612	4529	14	21	194	#
613	4076	14	25	194	#
614	4529	18	25	194	#
615	2116	23	29	195	#
616	1428	23	33	195	#
617	1285	23	37	195	#
618	1587	27	33	195	#
619	1428	27	37	195	#
620	1587	31	37	195	#
621	9609	1	28	196	#
622	8648	1	32	196	#
623	7783	1	36	196	#
624	9609	5	32	196	#
625	8648	5	36	196	#
626	9609	9	36	196	#
627	6789	3	36	197	#
628	9462	0	38	198	#
629	6885	0	38	199	#
630	9454	6	13	200	#
631	6382	6	17	200	#
632	5743	6	21	200	#
633	5169	6	25	200	#
634	7091	10	17	200	#
635	6382	10	21	200	#
636	5743	10	25	200	#
637	7091	14	21	200	#
638	6382	14	25	200	#
639	7091	18	25	200	#
640	9602	0	38	201	#
641	10790	2	36	202	#
642	6210	0	39	203	#
643	3909	21	31	204	#
644	2639	21	35	204	#
645	2375	21	39	204	#
646	2932	25	35	204	#
647	2639	25	39	204	#
648	2932	29	39	204	#
649	4140	15	21	205	#
650	2795	15	25	205	#
651	2515	15	29	205	#
652	2264	15	33	205	#
653	3105	19	25	205	#
654	2795	19	29	205	#
655	2515	19	33	205	#
656	3105	23	29	205	#
657	2795	23	33	205	#
658	3105	27	33	205	#
659	3121	0	39	206	#
660	10259	0	38	207	#
661	7470	0	38	208	#
662	12472	4	33	209	#
663	8418	4	37	209	#
664	9354	8	37	209	#
665	2356	17	27	210	#
666	1590	17	31	210	#
667	1431	17	35	210	#
668	1288	17	39	210	#
669	1767	21	31	210	#
670	1590	21	35	210	#
671	1431	21	39	210	#
672	1767	25	35	210	#
673	1590	25	39	210	#
674	1767	29	39	210	#
675	4754	2	9	211	#
676	4278	2	13	211	#
677	3851	2	17	211	#
678	4754	6	13	211	#
679	4278	6	17	211	#
680	4754	10	17	211	#
681	6380	0	38	212	#
682	1961	25	35	213	#
683	1323	25	39	213	#
684	1470	29	39	213	#
685	10631	2	36	214	#
686	5747	3	36	215	#
687	6353	2	36	216	#
688	3755	13	23	217	#
689	2535	13	27	217	#
690	2281	13	31	217	#
691	2053	13	35	217	#
692	2816	17	27	217	#
693	2535	17	31	217	#
694	2281	17	35	217	#
695	2816	21	31	217	#
696	2535	21	35	217	#
697	2816	25	35	217	#
698	4326	1	28	218	#
699	3894	1	32	218	#
700	3504	1	36	218	#
701	4326	5	32	218	#
702	3894	5	36	218	#
703	4326	9	36	218	#
704	2998	1	11	219	#
705	2698	1	15	219	#
706	2428	1	19	219	#
707	2998	5	15	219	#
708	2698	5	19	219	#
709	2998	9	19	219	#
710	7050	3	36	220	#
711	6515	3	36	221	#
712	6840	1	28	222	#
713	6156	1	32	222	#
714	5541	1	36	222	#
715	6840	5	32	222	#
716	6156	5	36	222	#
717	6840	9	36	222	#
718	5772	0	39	223	#
719	6334	0	39	224	#
720	2207	15	21	225	#
721	1490	15	25	225	#
722	1341	15	29	225	#
723	1207	15	33	225	#
724	1655	19	25	225	#
725	1490	19	29	225	#
726	1341	19	33	225	#
727	1655	23	29	225	#
728	1490	23	33	225	#
729	1655	27	33	225	#
730	7442	10	17	226	#
731	5023	10	21	226	#
732	4521	10	25	226	#
733	4069	10	29	226	#
734	5582	14	21	226	#
735	5023	14	25	226	#
736	4521	14	29	226	#
737	5582	18	25	226	#
738	5023	18	29	226	#
739	5582	22	29	226	#
740	5511	10	17	227	#
741	3720	10	21	227	#
742	3348	10	25	227	#
743	3013	10	29	227	#
744	4133	14	21	227	#
745	3720	14	25	227	#
746	3348	14	29	227	#
747	4133	18	25	227	#
748	3720	18	29	227	#
749	4133	22	29	227	#
750	4333	3	36	228	#
751	9261	10	17	229	#
752	6251	10	21	229	#
753	5626	10	25	229	#
754	5063	10	29	229	#
755	6945	14	21	229	#
756	6251	14	25	229	#
757	5626	14	29	229	#
758	6945	18	25	229	#
759	6251	18	29	229	#
760	6945	22	29	229	#
761	4143	2	36	230	#
762	10693	21	30	231	#
763	7218	21	34	231	#
764	6496	21	38	231	#
765	8020	25	34	231	#
766	7218	25	38	231	#
767	8020	29	38	231	#
768	7721	14	21	232	#
769	5212	14	25	232	#
770	4690	14	29	232	#
771	4221	14	33	232	#
772	5791	18	25	232	#
773	5212	18	29	232	#
774	4690	18	33	232	#
775	5791	22	29	232	#
776	5212	22	33	232	#
777	5791	26	33	232	#
778	10803	4	33	233	#
779	7292	4	37	233	#
780	8102	8	37	233	#
781	4176	0	39	234	#
782	3249	7	13	235	#
783	2193	7	17	235	#
784	1974	7	21	235	#
785	1776	7	25	235	#
786	2437	11	17	235	#
787	2193	11	21	235	#
788	1974	11	25	235	#
789	2437	15	21	235	#
790	2193	15	25	235	#
791	2437	19	25	235	#
792	3241	1	28	236	#
793	2917	1	32	236	#
794	2625	1	36	236	#
795	3241	5	32	236	#
796	2917	5	36	236	#
797	3241	9	36	236	#
798	3903	0	38	237	#
799	3095	0	39	238	#
800	8448	1	10	239	#
801	5703	1	14	239	#
802	5132	1	18	239	#
803	4619	1	22	239	#
804	6336	5	14	239	#
805	5703	5	18	239	#
806	5132	5	22	239	#
807	6336	9	18	239	#
808	5703	9	22	239	#
809	6336	13	22	239	#
810	8087	6	13	240	#
811	5459	6	17	240	#
812	4913	6	21	240	#
813	4422	6	25	240	#
814	6065	10	17	240	#
815	5459	10	21	240	#
816	4913	10	25	240	#
817	6065	14	21	240	#
818	5459	14	25	240	#
819	6065	18	25	240	#
820	6754	0	38	241	#
821	2513	21	31	242	#
822	1696	21	35	242	#
823	1527	21	39	242	#
824	1885	25	35	242	#
825	1696	25	39	242	#
826	1885	29	39	242	#
827	12712	5	32	243	#
828	8581	5	36	243	#
829	9534	9	36	243	#
830	6762	18	25	244	#
831	4564	18	29	244	#
832	4108	18	33	244	#
833	3697	18	37	244	#
834	5072	22	29	244	#
835	4564	22	33	244	#
836	4108	22	37	244	#
837	5072	26	33	244	#
838	4564	26	37	244	#
839	5072	30	37	244	#
840	9841	0	38	245	#
841	2749	3	36	246	#
842	6779	0	39	247	#
843	5066	3	36	248	#
844	4389	0	39	249	#
845	5264	17	27	250	#
846	3553	17	31	250	#
847	3198	17	35	250	#
848	2878	17	39	250	#
849	3948	21	31	250	#
850	3553	21	35	250	#
851	3198	21	39	250	#
852	3948	25	35	250	#
853	3553	25	39	250	#
854	3948	29	39	250	#
855	3924	6	13	251	#
856	2648	6	17	251	#
857	2384	6	21	251	#
858	2145	6	25	251	#
859	2943	10	17	251	#
860	2648	10	21	251	#
861	2384	10	25	251	#
862	2943	14	21	251	#
863	2648	14	25	251	#
864	2943	18	25	251	#
865	3763	0	39	252	#
866	3208	15	21	253	#
867	2165	15	25	253	#
868	1949	15	29	253	#
869	1754	15	33	253	#
870	2406	19	25	253	#
871	2165	19	29	253	#
872	1949	19	33	253	#
873	2406	23	29	253	#
874	2165	23	33	253	#
875	2406	27	33	253	#
876	4156	25	34	254	#
877	2806	25	38	254	#
878	3117	29	38	254	#
879	8771	1	28	255	#
880	5920	1	32	255	#
881	5328	1	36	255	#
882	6578	5	32	255	#
883	5920	5	36	255	#
884	6578	9	36	255	#
885	9248	26	33	256	#
886	6242	26	37	256	#
887	6936	30	37	256	#
888	2850	13	23	257	#
889	1924	13	27	257	#
890	1731	13	31	257	#
891	1558	13	35	257	#
892	2138	17	27	257	#
893	1924	17	31	257	#
894	1731	17	35	257	#
895	2138	21	31	257	#
896	1924	21	35	257	#
897	2138	25	35	257	#
898	2686	21	31	258	#
899	1813	21	35	258	#
900	1632	21	39	258	#
901	2014	25	35	258	#
902	1813	25	39	258	#
903	2014	29	39	258	#
904	5151	26	33	259	#
905	3477	26	37	259	#
906	3863	30	37	259	#
907	11103	0	29	260	#
908	7495	0	33	260	#
909	6745	0	37	260	#
910	8327	4	33	260	#
911	7495	4	37	260	#
912	8327	8	37	260	#
913	2706	3	36	261	#
914	6280	2	9	262	#
915	4239	2	13	262	#
916	3815	2	17	262	#
917	3433	2	21	262	#
918	4710	6	13	262	#
919	4239	6	17	262	#
920	3815	6	21	262	#
921	4710	10	17	262	#
922	4239	10	21	262	#
923	4710	14	21	262	#
924	4923	3	36	263	#
925	3565	7	13	264	#
926	2406	7	17	264	#
927	2166	7	21	264	#
928	1949	7	25	264	#
929	2674	11	17	264	#
930	2406	11	21	264	#
931	2166	11	25	264	#
932	2674	15	21	264	#
933	2406	15	25	264	#
934	2674	19	25	264	#
935	12891	4	33	265	#
936	8701	4	37	265	#
937	9668	8	37	265	#
938	3306	11	17	266	#
939	2232	11	21	266	#
940	2009	11	25	266	#
941	1808	11	29	266	#
942	2480	15	21	266	#
943	2232	15	25	266	#
944	2009	15	29	266	#
945	2480	19	25	266	#
946	2232	19	29	266	#
947	2480	23	29	266	#
948	5271	2	9	267	#
949	4744	2	13	267	#
950	4269	2	17	267	#
951	5271	6	13	267	#
952	4744	6	17	267	#
953	5271	10	17	267	#
954	5661	0	39	268	#
955	3427	25	35	269	#
956	2313	25	39	269	#
957	2570	29	39	269	#
958	7870	0	29	270	#
959	5312	0	33	270	#
960	4781	0	37	270	#
961	5903	4	33	270	#
962	5312	4	37	270	#
963	5903	8	37	270	#
964	4338	4	33	271	#
965	2928	4	37	271	#
966	3253	8	37	271	#
967	3525	21	31	272	#
968	2379	21	35	272	#
969	2141	21	39	272	#
970	2644	25	35	272	#
971	2379	25	39	272	#
972	2644	29	39	272	#
973	11021	18	25	273	#
974	7439	18	29	273	#
975	6695	18	33	273	#
976	6026	18	37	273	#
977	8266	22	29	273	#
978	7439	22	33	273	#
979	6695	22	37	273	#
980	8266	26	33	273	#
981	7439	26	37	273	#
982	8266	30	37	273	#
983	5858	0	38	274	#
984	6633	2	36	275	#
985	6363	3	36	276	#
986	3877	2	36	277	#
987	3811	0	29	278	#
988	3430	0	33	278	#
989	3087	0	37	278	#
990	3811	4	33	278	#
991	3430	4	37	278	#
992	3811	8	37	278	#
993	4659	23	29	279	#
994	3145	23	33	279	#
995	2831	23	37	279	#
996	3495	27	33	279	#
997	3145	27	37	279	#
998	3495	31	37	279	#
999	4817	26	33	280	#
1000	3251	26	37	280	#
1001	3613	30	37	280	#
1002	10831	0	38	281	#
1003	5699	17	26	282	#
1004	3847	17	30	282	#
1005	3462	17	34	282	#
1006	3116	17	38	282	#
1007	4275	21	30	282	#
1008	3847	21	34	282	#
1009	3462	21	38	282	#
1010	4275	25	34	282	#
1011	3847	25	38	282	#
1012	4275	29	38	282	#
1013	4450	0	39	283	#
1014	6457	0	38	284	#
1015	9794	6	13	285	#
1016	6611	6	17	285	#
1017	5950	6	21	285	#
1018	5355	6	25	285	#
1019	7345	10	17	285	#
1020	6611	10	21	285	#
1021	5950	10	25	285	#
1022	7345	14	21	285	#
1023	6611	14	25	285	#
1024	7345	18	25	285	#
1025	2384	27	33	286	#
1026	1609	27	37	286	#
1027	1788	31	37	286	#
1028	10070	2	9	287	#
1029	6797	2	13	287	#
1030	6118	2	17	287	#
1031	5506	2	21	287	#
1032	7553	6	13	287	#
1033	6797	6	17	287	#
1034	6118	6	21	287	#
1035	7553	10	17	287	#
1036	6797	10	21	287	#
1037	7553	14	21	287	#
1038	3135	3	36	288	#
1039	2170	19	25	289	#
1040	1464	19	29	289	#
1041	1318	19	33	289	#
1042	1186	19	37	289	#
1043	1627	23	29	289	#
1044	1464	23	33	289	#
1045	1318	23	37	289	#
1046	1627	27	33	289	#
1047	1464	27	37	289	#
1048	1627	31	37	289	#
1049	10554	5	14	290	#
1050	7124	5	18	290	#
1051	6412	5	22	290	#
1052	5771	5	26	290	#
1053	7916	9	18	290	#
1054	7124	9	22	290	#
1055	6412	9	26	290	#
1056	7916	13	22	290	#
1057	7124	13	26	290	#
1058	7916	17	26	290	#
1059	8331	0	29	291	#
1060	7498	0	33	291	#
1061	6748	0	37	291	#
1062	8331	4	33	291	#
1063	7498	4	37	291	#
1064	8331	8	37	291	#
1065	3974	3	36	292	#
1066	9285	2	36	293	#
1067	4701	0	38	294	#
1068	7045	3	36	295	#
1069	2775	3	36	296	#
1070	9170	0	38	297	#
1071	6104	3	36	298	#
1072	6180	0	29	299	#
1073	5562	0	33	299	#
1074	5006	0	37	299	#
1075	6180	4	33	299	#
1076	5562	4	37	299	#
1077	6180	8	37	299	#
1078	8984	25	34	300	#
1079	6064	25	38	300	#
1080	6738	29	38	300	#
1081	6253	18	25	301	#
1082	4221	18	29	301	#
1083	3799	18	33	301	#
1084	3419	18	37	301	#
1085	4690	22	29	301	#
1086	4221	22	33	301	#
1087	3799	22	37	301	#
1088	4690	26	33	301	#
1089	4221	26	37	301	#
1090	4690	30	37	301	#
1091	6097	0	39	302	#
1092	6750	1	10	303	#
1093	4556	1	14	303	#
1094	4100	1	18	303	#
1095	3690	1	22	303	#
1096	5062	5	14	303	#
1097	4556	5	18	303	#
1098	4100	5	22	303	#
1099	5062	9	18	303	#
1100	4556	9	22	303	#
1101	5062	13	22	303	#
1102	4529	0	38	304	#
1103	4751	7	13	305	#
1104	3207	7	17	305	#
1105	2886	7	21	305	#
1106	2598	7	25	305	#
1107	3563	11	17	305	#
1108	3207	11	21	305	#
1109	2886	11	25	305	#
1110	3563	15	21	305	#
1111	3207	15	25	305	#
1112	3563	19	25	305	#
1113	5663	3	36	306	#
1114	5913	2	36	307	#
1115	7621	0	38	308	#
1116	8504	22	29	309	#
1117	5740	22	33	309	#
1118	5166	22	37	309	#
1119	6378	26	33	309	#
1120	5740	26	37	309	#
1121	6378	30	37	309	#
1122	8597	25	34	310	#
1123	5803	25	38	310	#
1124	6448	29	38	310	#
1125	6514	5	32	311	#
1126	4397	5	36	311	#
1127	4885	9	36	311	#
1128	2104	5	15	312	#
1129	1420	5	19	312	#
1130	1278	5	23	312	#
1131	1150	5	27	312	#
1132	1578	9	19	312	#
1133	1420	9	23	312	#
1134	1278	9	27	312	#
1135	1578	13	23	312	#
1136	1420	13	27	312	#
1137	1578	17	27	312	#
1138	5443	5	32	313	#
1139	3674	5	36	313	#
1140	4082	9	36	313	#
1141	2598	19	25	314	#
1142	1753	19	29	314	#
1143	1578	19	33	314	#
1144	1420	19	37	314	#
1145	1948	23	29	314	#
1146	1753	23	33	314	#
1147	1578	23	37	314	#
1148	1948	27	33	314	#
1149	1753	27	37	314	#
1150	1948	31	37	314	#
1151	2639	25	35	315	#
1152	1781	25	39	315	#
1153	1979	29	39	315	#
1154	7973	5	14	316	#
1155	5382	5	18	316	#
1156	4844	5	22	316	#
1157	4359	5	26	316	#
1158	5980	9	18	316	#
1159	5382	9	22	316	#
1160	4844	9	26	316	#
1161	5980	13	22	316	#
1162	5382	13	26	316	#
1163	5980	17	26	316	#
1164	3430	13	23	317	#
1165	2315	13	27	317	#
1166	2084	13	31	317	#
1167	1875	13	35	317	#
1168	2572	17	27	317	#
1169	2315	17	31	317	#
1170	2084	17	35	317	#
1171	2572	21	31	317	#
1172	2315	21	35	317	#
1173	2572	25	35	317	#
1174	6817	22	29	318	#
1175	4602	22	33	318	#
1176	4142	22	37	318	#
1177	5113	26	33	318	#
1178	4602	26	37	318	#
1179	5113	30	37	318	#
1180	2782	3	9	319	#
1181	1878	3	13	319	#
1182	1690	3	17	319	#
1183	1521	3	21	319	#
1184	2086	7	13	319	#
1185	1878	7	17	319	#
1186	1690	7	21	319	#
1187	2086	11	17	319	#
1188	1878	11	21	319	#
1189	2086	15	21	319	#
1190	10859	0	38	320	#
1191	2362	19	25	321	#
1192	1594	19	29	321	#
1193	1435	19	33	321	#
1194	1291	19	37	321	#
1195	1771	23	29	321	#
1196	1594	23	33	321	#
1197	1435	23	37	321	#
1198	1771	27	33	321	#
1199	1594	27	37	321	#
1200	1771	31	37	321	#
1201	3832	11	17	322	#
1202	2587	11	21	322	#
1203	2328	11	25	322	#
1204	2095	11	29	322	#
1205	2874	15	21	322	#
1206	2587	15	25	322	#
1207	2328	15	29	322	#
1208	2874	19	25	322	#
1209	2587	19	29	322	#
1210	2874	23	29	322	#
1211	7794	0	38	323	#
1212	8638	2	36	324	#
1213	4568	23	29	325	#
1214	3084	23	33	325	#
1215	2775	23	37	325	#
1216	3426	27	33	325	#
1217	3084	27	37	325	#
1218	3426	31	37	325	#
1219	10572	0	38	326	#
1220	6375	3	36	327	#
1221	2910	27	33	328	#
1222	1964	27	37	328	#
1223	2182	31	37	328	#
1224	6755	21	30	329	#
1225	4560	21	34	329	#
1226	4104	21	38	329	#
1227	5067	25	34	329	#
1228	4560	25	38	329	#
1229	5067	29	38	329	#
1230	9816	0	38	330	#
1231	5034	15	21	331	#
1232	3398	15	25	331	#
1233	3058	15	29	331	#
1234	2753	15	33	331	#
1235	3776	19	25	331	#
1236	3398	19	29	331	#
1237	3058	19	33	331	#
1238	3776	23	29	331	#
1239	3398	23	33	331	#
1240	3776	27	33	331	#
1241	3610	13	23	332	#
1242	2437	13	27	332	#
1243	2193	13	31	332	#
1244	1974	13	35	332	#
1245	2707	17	27	332	#
1246	2437	17	31	332	#
1247	2193	17	35	332	#
1248	2707	21	31	332	#
1249	2437	21	35	332	#
1250	2707	25	35	332	#
1251	5541	6	13	333	#
1252	3740	6	17	333	#
1253	3366	6	21	333	#
1254	3030	6	25	333	#
1255	4156	10	17	333	#
1256	3740	10	21	333	#
1257	3366	10	25	333	#
1258	4156	14	21	333	#
1259	3740	14	25	333	#
1260	4156	18	25	333	#
1261	9606	2	9	334	#
1262	6484	2	13	334	#
1263	5836	2	17	334	#
1264	5252	2	21	334	#
1265	7205	6	13	334	#
1266	6484	6	17	334	#
1267	5836	6	21	334	#
1268	7205	10	17	334	#
1269	6484	10	21	334	#
1270	7205	14	21	334	#
1271	1964	3	9	335	#
1272	1326	3	13	335	#
1273	1193	3	17	335	#
1274	1074	3	21	335	#
1275	1473	7	13	335	#
1276	1326	7	17	335	#
1277	1193	7	21	335	#
1278	1473	11	17	335	#
1279	1326	11	21	335	#
1280	1473	15	21	335	#
1281	4549	0	39	336	#
1282	4089	0	39	337	#
1283	4561	0	29	338	#
1284	4105	0	33	338	#
1285	3694	0	37	338	#
1286	4561	4	33	338	#
1287	4105	4	37	338	#
1288	4561	8	37	338	#
1289	8617	13	22	339	#
1290	5817	13	26	339	#
1291	5235	13	30	339	#
1292	4712	13	34	339	#
1293	6463	17	26	339	#
1294	5817	17	30	339	#
1295	5235	17	34	339	#
1296	6463	21	30	339	#
1297	5817	21	34	339	#
1298	6463	25	34	339	#
1299	2954	3	36	340	#
1300	10507	2	36	341	#
1301	6085	0	39	342	#
1302	5291	0	38	343	#
1303	4049	0	39	344	#
1304	12407	0	29	345	#
1305	8375	0	33	345	#
1306	7538	0	37	345	#
1307	9306	4	33	345	#
1308	8375	4	37	345	#
1309	9306	8	37	345	#
1310	5439	0	39	346	#
1311	9136	4	33	347	#
1312	6167	4	37	347	#
1313	6852	8	37	347	#
1314	10323	2	36	348	#
1315	6071	0	29	349	#
1316	4098	0	33	349	#
1317	3688	0	37	349	#
1318	4553	4	33	349	#
1319	4098	4	37	349	#
1320	4553	8	37	349	#
1321	2756	5	15	350	#
1322	1860	5	19	350	#
1323	1674	5	23	350	#
1324	1507	5	27	350	#
1325	2067	9	19	350	#
1326	1860	9	23	350	#
1327	1674	9	27	350	#
1328	2067	13	23	350	#
1329	1860	13	27	350	#
1330	2067	17	27	350	#
1331	9794	0	38	351	#
1332	9763	26	33	352	#
1333	6590	26	37	352	#
1334	7322	30	37	352	#
1335	3165	19	25	353	#
1336	2137	19	29	353	#
1337	1923	19	33	353	#
1338	1731	19	37	353	#
1339	2374	23	29	353	#
1340	2137	23	33	353	#
1341	1923	23	37	353	#
1342	2374	27	33	353	#
1343	2137	27	37	353	#
1344	2374	31	37	353	#
1345	3945	0	38	354	#
1346	7473	1	28	355	#
1347	6726	1	32	355	#
1348	6053	1	36	355	#
1349	7473	5	32	355	#
1350	6726	5	36	355	#
1351	7473	9	36	355	#
1352	4131	3	36	356	#
1353	2502	0	39	357	#
1354	7003	26	33	358	#
1355	4727	26	37	358	#
1356	5252	30	37	358	#
1357	10235	5	32	359	#
1358	6908	5	36	359	#
1359	7676	9	36	359	#
1360	11095	6	13	360	#
1361	7489	6	17	360	#
1362	6740	6	21	360	#
1363	6066	6	25	360	#
1364	8321	10	17	360	#
1365	7489	10	21	360	#
1366	6740	10	25	360	#
1367	8321	14	21	360	#
1368	7489	14	25	360	#
1369	8321	18	25	360	#
1370	10433	13	22	361	#
1371	7042	13	26	361	#
1372	6338	13	30	361	#
1373	5704	13	34	361	#
1374	7825	17	26	361	#
1375	7042	17	30	361	#
1376	6338	17	34	361	#
1377	7825	21	30	361	#
1378	7042	21	34	361	#
1379	7825	25	34	361	#
1380	5593	0	38	362	#
1381	4184	2	9	363	#
1382	2824	2	13	363	#
1383	2542	2	17	363	#
1384	2288	2	21	363	#
1385	3138	6	13	363	#
1386	2824	6	17	363	#
1387	2542	6	21	363	#
1388	3138	10	17	363	#
1389	2824	10	21	363	#
1390	3138	14	21	363	#
1391	4158	2	36	364	#
1392	3315	27	33	365	#
1393	2238	27	37	365	#
1394	2486	31	37	365	#
1395	4958	5	15	366	#
1396	3346	5	19	366	#
1397	3012	5	23	366	#
1398	2711	5	27	366	#
1399	3718	9	19	366	#
1400	3346	9	23	366	#
1401	3012	9	27	366	#
1402	3718	13	23	366	#
1403	3346	13	27	366	#
1404	3718	17	27	366	#
1405	4115	21	31	367	#
1406	2778	21	35	367	#
1407	2500	21	39	367	#
1408	3087	25	35	367	#
1409	2778	25	39	367	#
1410	3087	29	39	367	#
1411	5739	0	38	368	#
1412	3280	27	33	369	#
1413	2214	27	37	369	#
1414	2460	31	37	369	#
1415	9069	2	36	370	#
1416	3113	1	11	371	#
1417	2802	1	15	371	#
1418	2522	1	19	371	#
1419	3113	5	15	371	#
1420	2802	5	19	371	#
1421	3113	9	19	371	#
1422	9194	0	29	372	#
1423	8274	0	33	372	#
1424	7447	0	37	372	#
1425	9194	4	33	372	#
1426	8274	4	37	372	#
1427	9194	8	37	372	#
1428	6801	4	33	373	#
1429	4591	4	37	373	#
1430	5101	8	37	373	#
1431	4982	5	32	374	#
1432	3363	5	36	374	#
1433	3737	9	36	374	#
1434	10435	4	33	375	#
1435	7044	4	37	375	#
1436	7826	8	37	375	#
1437	6410	2	36	376	#
1438	2438	13	23	377	#
1439	1646	13	27	377	#
1440	1481	13	31	377	#
1441	1333	13	35	377	#
1442	1829	17	27	377	#
1443	1646	17	31	377	#
1444	1481	17	35	377	#
1445	1829	21	31	377	#
1446	1646	21	35	377	#
1447	1829	25	35	377	#
1448	4927	14	21	378	#
1449	3325	14	25	378	#
1450	2993	14	29	378	#
1451	2694	14	33	378	#
1452	3695	18	25	378	#
1453	3325	18	29	378	#
1454	2993	18	33	378	#
1455	3695	22	29	378	#
1456	3325	22	33	378	#
1457	3695	26	33	378	#
1458	4715	15	21	379	#
1459	3182	15	25	379	#
1460	2864	15	29	379	#
1461	2578	15	33	379	#
1462	3536	19	25	379	#
1463	3182	19	29	379	#
1464	2864	19	33	379	#
1465	3536	23	29	379	#
1466	3182	23	33	379	#
1467	3536	27	33	379	#
1468	5806	5	14	380	#
1469	3919	5	18	380	#
1470	3527	5	22	380	#
1471	3174	5	26	380	#
1472	4354	9	18	380	#
1473	3919	9	22	380	#
1474	3527	9	26	380	#
1475	4354	13	22	380	#
1476	3919	13	26	380	#
1477	4354	17	26	380	#
1478	10784	1	28	381	#
1479	7279	1	32	381	#
1480	6552	1	36	381	#
1481	8088	5	32	381	#
1482	7279	5	36	381	#
1483	8088	9	36	381	#
1484	6123	1	28	382	#
1485	5511	1	32	382	#
1486	4960	1	36	382	#
1487	6123	5	32	382	#
1488	5511	5	36	382	#
1489	6123	9	36	382	#
1490	3067	3	36	383	#
1491	5795	0	39	384	#
1492	6665	1	28	385	#
1493	4499	1	32	385	#
1494	4049	1	36	385	#
1495	4998	5	32	385	#
1496	4499	5	36	385	#
1497	4998	9	36	385	#
1498	7940	0	38	386	#
1499	5999	0	39	387	#
1500	3654	0	39	388	#
1501	6362	0	39	389	#
1502	5311	27	33	390	#
1503	3585	27	37	390	#
1504	3983	31	37	390	#
1505	4186	17	26	391	#
1506	2826	17	30	391	#
1507	2543	17	34	391	#
1508	2289	17	38	391	#
1509	3140	21	30	391	#
1510	2826	21	34	391	#
1511	2543	21	38	391	#
1512	3140	25	34	391	#
1513	2826	25	38	391	#
1514	3140	29	38	391	#
1515	11261	2	36	392	#
1516	6082	2	36	393	#
1517	8135	0	29	394	#
1518	5491	0	33	394	#
1519	4942	0	37	394	#
1520	6101	4	33	394	#
1521	5491	4	37	394	#
1522	6101	8	37	394	#
1523	4672	3	36	395	#
1524	6775	0	38	396	#
1525	4639	19	25	397	#
1526	3131	19	29	397	#
1527	2818	19	33	397	#
1528	2536	19	37	397	#
1529	3479	23	29	397	#
1530	3131	23	33	397	#
1531	2818	23	37	397	#
1532	3479	27	33	397	#
1533	3131	27	37	397	#
1534	3479	31	37	397	#
1535	5978	0	38	398	#
1536	7555	25	34	399	#
1537	5100	25	38	399	#
1538	5666	29	38	399	#
1539	9599	13	22	400	#
1540	6479	13	26	400	#
1541	5831	13	30	400	#
1542	5248	13	34	400	#
1543	7199	17	26	400	#
1544	6479	17	30	400	#
1545	5831	17	34	400	#
1546	7199	21	30	400	#
1547	6479	21	34	400	#
1548	7199	25	34	400	#
1549	3996	0	29	401	#
1550	3597	0	33	401	#
1551	3237	0	37	401	#
1552	3996	4	33	401	#
1553	3597	4	37	401	#
1554	3996	8	37	401	#
1555	6249	18	25	402	#
1556	4218	18	29	402	#
1557	3796	18	33	402	#
1558	3416	18	37	402	#
1559	4686	22	29	402	#
1560	4218	22	33	402	#
1561	3796	22	37	402	#
1562	4686	26	33	402	#
1563	4218	26	37	402	#
1564	4686	30	37	402	#
1565	5229	0	38	403	#
1566	3853	0	38	404	#
1567	2432	3	36	405	#
1568	3335	3	9	406	#
1569	3001	3	13	406	#
1570	2701	3	17	406	#
1571	3335	7	13	406	#
1572	3001	7	17	406	#
1573	3335	11	17	406	#
1574	7322	2	9	407	#
1575	4942	2	13	407	#
1576	4448	2	17	407	#
1577	4003	2	21	407	#
1578	5491	6	13	407	#
1579	4942	6	17	407	#
1580	4448	6	21	407	#
1581	5491	10	17	407	#
1582	4942	10	21	407	#
1583	5491	14	21	407	#
1584	5161	3	36	408	#
1585	5650	2	36	409	#
1586	3210	3	9	410	#
1587	2889	3	13	410	#
1588	2600	3	17	410	#
1589	3210	7	13	410	#
1590	2889	7	17	410	#
1591	3210	11	17	410	#
1592	4932	1	28	411	#
1593	4438	1	32	411	#
1594	3995	1	36	411	#
1595	4932	5	32	411	#
1596	4438	5	36	411	#
1597	4932	9	36	411	#
1598	1441	3	9	412	#
1599	1297	3	13	412	#
1600	1167	3	17	412	#
1601	1441	7	13	412	#
1602	1297	7	17	412	#
1603	1441	11	17	412	#
1604	7770	1	10	413	#
1605	5245	1	14	413	#
1606	4720	1	18	413	#
1607	4248	1	22	413	#
1608	5827	5	14	413	#
1609	5245	5	18	413	#
1610	4720	5	22	413	#
1611	5827	9	18	413	#
1612	5245	9	22	413	#
1613	5827	13	22	413	#
1614	10770	4	33	414	#
1615	7269	4	37	414	#
1616	8077	8	37	414	#
1617	3436	17	27	415	#
1618	2319	17	31	415	#
1619	2087	17	35	415	#
1620	1879	17	39	415	#
1621	2577	21	31	415	#
1622	2319	21	35	415	#
1623	2087	21	39	415	#
1624	2577	25	35	415	#
1625	2319	25	39	415	#
1626	2577	29	39	415	#
1627	3758	1	11	416	#
1628	3382	1	15	416	#
1629	3044	1	19	416	#
1630	3758	5	15	416	#
1631	3382	5	19	416	#
1632	3758	9	19	416	#
1633	6863	3	36	417	#
1634	7852	0	38	418	#
1635	3876	5	15	419	#
1636	2616	5	19	419	#
1637	2355	5	23	419	#
1638	2119	5	27	419	#
1639	2907	9	19	419	#
1640	2616	9	23	419	#
1641	2355	9	27	419	#
1642	2907	13	23	419	#
1643	2616	13	27	419	#
1644	2907	17	27	419	#
1645	6333	5	32	420	#
1646	4275	5	36	420	#
1647	4750	9	36	420	#
1648	6543	5	14	421	#
1649	4416	5	18	421	#
1650	3975	5	22	421	#
1651	3577	5	26	421	#
1652	4907	9	18	421	#
1653	4416	9	22	421	#
1654	3975	9	26	421	#
1655	4907	13	22	421	#
1656	4416	13	26	421	#
1657	4907	17	26	421	#
1658	5066	13	22	422	#
1659	3420	13	26	422	#
1660	3078	13	30	422	#
1661	2770	13	34	422	#
1662	3800	17	26	422	#
1663	3420	17	30	422	#
1664	3078	17	34	422	#
1665	3800	21	30	422	#
1666	3420	21	34	422	#
1667	3800	25	34	422	#
1668	12215	0	29	423	#
1669	8245	0	33	423	#
1670	7421	0	37	423	#
1671	9162	4	33	423	#
1672	8245	4	37	423	#
1673	9162	8	37	423	#
1674	4837	0	39	424	#
1675	7195	10	17	425	#
1676	4856	10	21	425	#
1677	4371	10	25	425	#
1678	3934	10	29	425	#
1679	5396	14	21	425	#
1680	4856	14	25	425	#
1681	4371	14	29	425	#
1682	5396	18	25	425	#
1683	4856	18	29	425	#
1684	5396	22	29	425	#
1685	5189	4	33	426	#
1686	3503	4	37	426	#
1687	3892	8	37	426	#
1688	4305	2	36	427	#
1689	8679	18	25	428	#
1690	5859	18	29	428	#
1691	5273	18	33	428	#
1692	4745	18	37	428	#
1693	6510	22	29	428	#
1694	5859	22	33	428	#
1695	5273	22	37	428	#
1696	6510	26	33	428	#
1697	5859	26	37	428	#
1698	6510	30	37	428	#
1699	10994	6	13	429	#
1700	7421	6	17	429	#
1701	6679	6	21	429	#
1702	6011	6	25	429	#
1703	8246	10	17	429	#
1704	7421	10	21	429	#
1705	6679	10	25	429	#
1706	8246	14	21	429	#
1707	7421	14	25	429	#
1708	8246	18	25	429	#
1709	5744	26	33	430	#
1710	3877	26	37	430	#
1711	4308	30	37	430	#
1712	4400	27	33	431	#
1713	2970	27	37	431	#
1714	3300	31	37	431	#
1715	4521	3	36	432	#
1716	7711	4	33	433	#
1717	5205	4	37	433	#
1718	5784	8	37	433	#
1719	5240	14	21	434	#
1720	3537	14	25	434	#
1721	3183	14	29	434	#
1722	2865	14	33	434	#
1723	3930	18	25	434	#
1724	3537	18	29	434	#
1725	3183	18	33	434	#
1726	3930	22	29	434	#
1727	3537	22	33	434	#
1728	3930	26	33	434	#
1729	8163	21	30	435	#
1730	5510	21	34	435	#
1731	4959	21	38	435	#
1732	6123	25	34	435	#
1733	5510	25	38	435	#
1734	6123	29	38	435	#
1735	11548	5	32	436	#
1736	7795	5	36	436	#
1737	8661	9	36	436	#
1738	4180	2	36	437	#
1739	4909	0	39	438	#
1740	5154	19	25	439	#
1741	3479	19	29	439	#
1742	3131	19	33	439	#
1743	2818	19	37	439	#
1744	3865	23	29	439	#
1745	3479	23	33	439	#
1746	3131	23	37	439	#
1747	3865	27	33	439	#
1748	3479	27	37	439	#
1749	3865	31	37	439	#
1750	5406	0	39	440	#
1751	6160	2	36	441	#
1752	5893	0	39	442	#
1753	9171	17	26	443	#
1754	6190	17	30	443	#
1755	5571	17	34	443	#
1756	5014	17	38	443	#
1757	6878	21	30	443	#
1758	6190	21	34	443	#
1759	5571	21	38	443	#
1760	6878	25	34	443	#
1761	6190	25	38	443	#
1762	6878	29	38	443	#
1763	4176	0	39	444	#
1764	5898	0	38	445	#
1765	12802	0	29	446	#
1766	8642	0	33	446	#
1767	7777	0	37	446	#
1768	9602	4	33	446	#
1769	8642	4	37	446	#
1770	9602	8	37	446	#
1771	2354	7	13	447	#
1772	1589	7	17	447	#
1773	1430	7	21	447	#
1774	1287	7	25	447	#
1775	1765	11	17	447	#
1776	1589	11	21	447	#
1777	1430	11	25	447	#
1778	1765	15	21	447	#
1779	1589	15	25	447	#
1780	1765	19	25	447	#
1781	2235	7	13	448	#
1782	1508	7	17	448	#
1783	1357	7	21	448	#
1784	1222	7	25	448	#
1785	1676	11	17	448	#
1786	1508	11	21	448	#
1787	1357	11	25	448	#
1788	1676	15	21	448	#
1789	1508	15	25	448	#
1790	1676	19	25	448	#
1791	5103	0	38	449	#
1792	4127	11	17	450	#
1793	2786	11	21	450	#
1794	2507	11	25	450	#
1795	2256	11	29	450	#
1796	3095	15	21	450	#
1797	2786	15	25	450	#
1798	2507	15	29	450	#
1799	3095	19	25	450	#
1800	2786	19	29	450	#
1801	3095	23	29	450	#
1802	5358	2	9	451	#
1803	4822	2	13	451	#
1804	4340	2	17	451	#
1805	5358	6	13	451	#
1806	4822	6	17	451	#
1807	5358	10	17	451	#
1808	3796	2	36	452	#
1809	10634	0	38	453	#
1810	2368	27	33	454	#
1811	1598	27	37	454	#
1812	1776	31	37	454	#
1813	9751	21	30	455	#
1814	6582	21	34	455	#
1815	5924	21	38	455	#
1816	7314	25	34	455	#
1817	6582	25	38	455	#
1818	7314	29	38	455	#
1819	2548	7	13	456	#
1820	1720	7	17	456	#
1821	1548	7	21	456	#
1822	1393	7	25	456	#
1823	1911	11	17	456	#
1824	1720	11	21	456	#
1825	1548	11	25	456	#
1826	1911	15	21	456	#
1827	1720	15	25	456	#
1828	1911	19	25	456	#
1829	4458	3	36	457	#
1830	3059	21	31	458	#
1831	2065	21	35	458	#
1832	1858	21	39	458	#
1833	2294	25	35	458	#
1834	2065	25	39	458	#
1835	2294	29	39	458	#
1836	9805	0	38	459	#
1837	4949	2	36	460	#
1838	3818	2	9	461	#
1839	2577	2	13	461	#
1840	2319	2	17	461	#
1841	2087	2	21	461	#
1842	2863	6	13	461	#
1843	2577	6	17	461	#
1844	2319	6	21	461	#
1845	2863	10	17	461	#
1846	2577	10	21	461	#
1847	2863	14	21	461	#
1848	7269	26	33	462	#
1849	4907	26	37	462	#
1850	5452	30	37	462	#
1851	5475	23	29	463	#
1852	3695	23	33	463	#
1853	3326	23	37	463	#
1854	4106	27	33	463	#
1855	3695	27	37	463	#
1856	4106	31	37	463	#
1857	4981	14	21	464	#
1858	3362	14	25	464	#
1859	3026	14	29	464	#
1860	2724	14	33	464	#
1861	3736	18	25	464	#
1862	3362	18	29	464	#
1863	3026	18	33	464	#
1864	3736	22	29	464	#
1865	3362	22	33	464	#
1866	3736	26	33	464	#
1867	4543	21	31	465	#
1868	3066	21	35	465	#
1869	2760	21	39	465	#
1870	3407	25	35	465	#
1871	3066	25	39	465	#
1872	3407	29	39	465	#
1873	5746	26	33	466	#
1874	3879	26	37	466	#
1875	4309	30	37	466	#
1876	2746	0	39	467	#
1877	4212	3	36	468	#
1878	6413	26	33	469	#
1879	4329	26	37	469	#
1880	4809	30	37	469	#
1881	9590	0	29	470	#
1882	6473	0	33	470	#
1883	5826	0	37	470	#
1884	7192	4	33	470	#
1885	6473	4	37	470	#
1886	7192	8	37	470	#
1887	3240	3	9	471	#
1888	2916	3	13	471	#
1889	2624	3	17	471	#
1890	3240	7	13	471	#
1891	2916	7	17	471	#
1892	3240	11	17	471	#
1893	4861	11	17	472	#
1894	3281	11	21	472	#
1895	2953	11	25	472	#
1896	2658	11	29	472	#
1897	3646	15	21	472	#
1898	3281	15	25	472	#
1899	2953	15	29	472	#
1900	3646	19	25	472	#
1901	3281	19	29	472	#
1902	3646	23	29	472	#
1903	5204	0	39	473	#
1904	5380	19	25	474	#
1905	3632	19	29	474	#
1906	3269	19	33	474	#
1907	2942	19	37	474	#
1908	4035	23	29	474	#
1909	3632	23	33	474	#
1910	3269	23	37	474	#
1911	4035	27	33	474	#
1912	3632	27	37	474	#
1913	4035	31	37	474	#
1914	3946	3	36	475	#
1915	2962	23	29	476	#
1916	1999	23	33	476	#
1917	1799	23	37	476	#
1918	2221	27	33	476	#
1919	1999	27	37	476	#
1920	2221	31	37	476	#
1921	1937	9	19	477	#
1922	1307	9	23	477	#
1923	1177	9	27	477	#
1924	1059	9	31	477	#
1925	1452	13	23	477	#
1926	1307	13	27	477	#
1927	1177	13	31	477	#
1928	1452	17	27	477	#
1929	1307	17	31	477	#
1930	1452	21	31	477	#
1931	10767	0	38	478	#
1932	2697	1	11	479	#
1933	1821	1	15	479	#
1934	1639	1	19	479	#
1935	1475	1	23	479	#
1936	2023	5	15	479	#
1937	1821	5	19	479	#
1938	1639	5	23	479	#
1939	2023	9	19	479	#
1940	1821	9	23	479	#
1941	2023	13	23	479	#
1942	4119	9	19	480	#
1943	2780	9	23	480	#
1944	2502	9	27	480	#
1945	2252	9	31	480	#
1946	3089	13	23	480	#
1947	2780	13	27	480	#
1948	2502	13	31	480	#
1949	3089	17	27	480	#
1950	2780	17	31	480	#
1951	3089	21	31	480	#
1952	8309	0	38	481	#
1953	5070	2	36	482	#
1954	9304	2	36	483	#
1955	10804	0	38	484	#
1956	3780	25	35	485	#
1957	2551	25	39	485	#
1958	2835	29	39	485	#
1959	5814	2	36	486	#
1960	10001	2	9	487	#
1961	6751	2	13	487	#
1962	6076	2	17	487	#
1963	5468	2	21	487	#
1964	7501	6	13	487	#
1965	6751	6	17	487	#
1966	6076	6	21	487	#
1967	7501	10	17	487	#
1968	6751	10	21	487	#
1969	7501	14	21	487	#
1970	7522	0	29	488	#
1971	5077	0	33	488	#
1972	4570	0	37	488	#
1973	5642	4	33	488	#
1974	5077	4	37	488	#
1975	5642	8	37	488	#
1976	12291	1	28	489	#
1977	8296	1	32	489	#
1978	7467	1	36	489	#
1979	9218	5	32	489	#
1980	8296	5	36	489	#
1981	9218	9	36	489	#
1982	3962	2	36	490	#
1983	8959	25	34	491	#
1984	6048	25	38	491	#
1985	6720	29	38	491	#
1986	2634	19	25	492	#
1987	1778	19	29	492	#
1988	1600	19	33	492	#
1989	1440	19	37	492	#
1990	1975	23	29	492	#
1991	1778	23	33	492	#
1992	1600	23	37	492	#
1993	1975	27	33	492	#
1994	1778	27	37	492	#
1995	1975	31	37	492	#
1996	3786	1	28	493	#
1997	3407	1	32	493	#
1998	3067	1	36	493	#
1999	3786	5	32	493	#
2000	3407	5	36	493	#
2001	3786	9	36	493	#
2002	5431	5	32	494	#
2003	3666	5	36	494	#
2004	4073	9	36	494	#
2005	6067	2	36	495	#
2006	7153	14	21	496	#
2007	4828	14	25	496	#
2008	4345	14	29	496	#
2009	3911	14	33	496	#
2010	5365	18	25	496	#
2011	4828	18	29	496	#
2012	4345	18	33	496	#
2013	5365	22	29	496	#
2014	4828	22	33	496	#
2015	5365	26	33	496	#
2016	7083	5	14	497	#
2017	4781	5	18	497	#
2018	4303	5	22	497	#
2019	3873	5	26	497	#
2020	5312	9	18	497	#
2021	4781	9	22	497	#
2022	4303	9	26	497	#
2023	5312	13	22	497	#
2024	4781	13	26	497	#
2025	5312	17	26	497	#
2026	9262	18	25	498	#
2027	6252	18	29	498	#
2028	5627	18	33	498	#
2029	5064	18	37	498	#
2030	6947	22	29	498	#
2031	6252	22	33	498	#
2032	5627	22	37	498	#
2033	6947	26	33	498	#
2034	6252	26	37	498	#
2035	6947	30	37	498	#
2036	4593	2	36	499	#
2037	4018	9	19	500	#
2038	2712	9	23	500	#
2039	2441	9	27	500	#
2040	2197	9	31	500	#
2041	3013	13	23	500	#
2042	2712	13	27	500	#
2043	2441	13	31	500	#
2044	3013	17	27	500	#
2045	2712	17	31	500	#
2046	3013	21	31	500	#
2047	5560	0	39	501	#
2048	9799	25	34	502	#
2049	6614	25	38	502	#
2050	7349	29	38	502	#
2051	7424	1	28	503	#
2052	5011	1	32	503	#
2053	4510	1	36	503	#
2054	5568	5	32	503	#
2055	5011	5	36	503	#
2056	5568	9	36	503	#
2057	4560	2	36	504	#
2058	10432	2	36	505	#
2059	4235	1	11	506	#
2060	2859	1	15	506	#
2061	2573	1	19	506	#
2062	2315	1	23	506	#
2063	3176	5	15	506	#
2064	2859	5	19	506	#
2065	2573	5	23	506	#
2066	3176	9	19	506	#
2067	2859	9	23	506	#
2068	3176	13	23	506	#
2069	2760	3	36	507	#
2070	6044	0	38	508	#
2071	6586	2	36	509	#
2072	6101	1	28	510	#
2073	4118	1	32	510	#
2074	3706	1	36	510	#
2075	4576	5	32	510	#
2076	4118	5	36	510	#
2077	4576	9	36	510	#
2078	5761	3	36	511	#
2079	5087	3	36	512	#
2080	6106	2	36	513	#
2081	9783	0	29	514	#
2082	6603	0	33	514	#
2083	5943	0	37	514	#
2084	7337	4	33	514	#
2085	6603	4	37	514	#
2086	7337	8	37	514	#
2087	4335	19	25	515	#
2088	2926	19	29	515	#
2089	2633	19	33	515	#
2090	2370	19	37	515	#
2091	3251	23	29	515	#
2092	2926	23	33	515	#
2093	2633	23	37	515	#
2094	3251	27	33	515	#
2095	2926	27	37	515	#
2096	3251	31	37	515	#
2097	7642	0	38	516	#
2098	2675	7	13	517	#
2099	1805	7	17	517	#
2100	1625	7	21	517	#
2101	1462	7	25	517	#
2102	2006	11	17	517	#
2103	1805	11	21	517	#
2104	1625	11	25	517	#
2105	2006	15	21	517	#
2106	1805	15	25	517	#
2107	2006	19	25	517	#
2108	2698	17	27	518	#
2109	1821	17	31	518	#
2110	1639	17	35	518	#
2111	1475	17	39	518	#
2112	2024	21	31	518	#
2113	1821	21	35	518	#
2114	1639	21	39	518	#
2115	2024	25	35	518	#
2116	1821	25	39	518	#
2117	2024	29	39	518	#
2118	4807	2	36	519	#
2119	3748	0	39	520	#
2120	6866	5	32	521	#
2121	4634	5	36	521	#
2122	5149	9	36	521	#
2123	12032	4	33	522	#
2124	8122	4	37	522	#
2125	9024	8	37	522	#
2126	7150	5	14	523	#
2127	4826	5	18	523	#
2128	4344	5	22	523	#
2129	3909	5	26	523	#
2130	5363	9	18	523	#
2131	4826	9	22	523	#
2132	4344	9	26	523	#
2133	5363	13	22	523	#
2134	4826	13	26	523	#
2135	5363	17	26	523	#
2136	4195	1	11	524	#
2137	3776	1	15	524	#
2138	3398	1	19	524	#
2139	4195	5	15	524	#
2140	3776	5	19	524	#
2141	4195	9	19	524	#
2142	5725	0	39	525	#
2143	4337	15	21	526	#
2144	2928	15	25	526	#
2145	2635	15	29	526	#
2146	2371	15	33	526	#
2147	3253	19	25	526	#
2148	2928	19	29	526	#
2149	2635	19	33	526	#
2150	3253	23	29	526	#
2151	2928	23	33	526	#
2152	3253	27	33	526	#
2153	10054	2	36	527	#
2154	8444	10	17	528	#
2155	5700	10	21	528	#
2156	5130	10	25	528	#
2157	4617	10	29	528	#
2158	6333	14	21	528	#
2159	5700	14	25	528	#
2160	5130	14	29	528	#
2161	6333	18	25	528	#
2162	5700	18	29	528	#
2163	6333	22	29	528	#
2164	3778	1	11	529	#
2165	2550	1	15	529	#
2166	2295	1	19	529	#
2167	2066	1	23	529	#
2168	2833	5	15	529	#
2169	2550	5	19	529	#
2170	2295	5	23	529	#
2171	2833	9	19	529	#
2172	2550	9	23	529	#
2173	2833	13	23	529	#
2174	8204	2	36	530	#
2175	5551	21	30	531	#
2176	3747	21	34	531	#
2177	3372	21	38	531	#
2178	4163	25	34	531	#
2179	3747	25	38	531	#
2180	4163	29	38	531	#
2181	7923	0	29	532	#
2182	7131	0	33	532	#
2183	6418	0	37	532	#
2184	7923	4	33	532	#
2185	7131	4	37	532	#
2186	7923	8	37	532	#
2187	4852	3	36	533	#
2188	3577	3	9	534	#
2189	3220	3	13	534	#
2190	2898	3	17	534	#
2191	3577	7	13	534	#
2192	3220	7	17	534	#
2193	3577	11	17	534	#
2194	10293	0	38	535	#
2195	3345	1	11	536	#
2196	2258	1	15	536	#
2197	2032	1	19	536	#
2198	1829	1	23	536	#
2199	2509	5	15	536	#
2200	2258	5	19	536	#
2201	2032	5	23	536	#
2202	2509	9	19	536	#
2203	2258	9	23	536	#
2204	2509	13	23	536	#
2205	4738	3	36	537	#
2206	4892	2	36	538	#
2207	10276	0	29	539	#
2208	6936	0	33	539	#
2209	6243	0	37	539	#
2210	7707	4	33	539	#
2211	6936	4	37	539	#
2212	7707	8	37	539	#
2213	6220	22	29	540	#
2214	4199	22	33	540	#
2215	3779	22	37	540	#
2216	4665	26	33	540	#
2217	4199	26	37	540	#
2218	4665	30	37	540	#
2219	8673	0	38	541	#
2220	3577	23	29	542	#
2221	2414	23	33	542	#
2222	2173	23	37	542	#
2223	2683	27	33	542	#
2224	2414	27	37	542	#
2225	2683	31	37	542	#
2226	2839	3	9	543	#
2227	1916	3	13	543	#
2228	1724	3	17	543	#
2229	1552	3	21	543	#
2230	2129	7	13	543	#
2231	1916	7	17	543	#
2232	1724	7	21	543	#
2233	2129	11	17	543	#
2234	1916	11	21	543	#
2235	2129	15	21	543	#
2236	3820	0	38	544	#
2237	6338	18	25	545	#
2238	4278	18	29	545	#
2239	3850	18	33	545	#
2240	3465	18	37	545	#
2241	4754	22	29	545	#
2242	4278	22	33	545	#
2243	3850	22	37	545	#
2244	4754	26	33	545	#
2245	4278	26	37	545	#
2246	4754	30	37	545	#
2247	6892	0	29	546	#
2248	4652	0	33	546	#
2249	4187	0	37	546	#
2250	5169	4	33	546	#
2251	4652	4	37	546	#
2252	5169	8	37	546	#
2253	10396	4	33	547	#
2254	7018	4	37	547	#
2255	7797	8	37	547	#
2256	10726	2	36	548	#
2257	5543	17	26	549	#
2258	3742	17	30	549	#
2259	3368	17	34	549	#
2260	3031	17	38	549	#
2261	4158	21	30	549	#
2262	3742	21	34	549	#
2263	3368	21	38	549	#
2264	4158	25	34	549	#
2265	3742	25	38	549	#
2266	4158	29	38	549	#
2267	3674	0	39	550	#
2268	5937	9	18	551	#
2269	4007	9	22	551	#
2270	3607	9	26	551	#
2271	3246	9	30	551	#
2272	4453	13	22	551	#
2273	4007	13	26	551	#
2274	3607	13	30	551	#
2275	4453	17	26	551	#
2276	4007	17	30	551	#
2277	4453	21	30	551	#
2278	7363	10	17	552	#
2279	4970	10	21	552	#
2280	4473	10	25	552	#
2281	4026	10	29	552	#
2282	5522	14	21	552	#
2283	4970	14	25	552	#
2284	4473	14	29	552	#
2285	5522	18	25	552	#
2286	4970	18	29	552	#
2287	5522	22	29	552	#
2288	9508	0	29	553	#
2289	8557	0	33	553	#
2290	7702	0	37	553	#
2291	9508	4	33	553	#
2292	8557	4	37	553	#
2293	9508	8	37	553	#
2294	5506	3	36	554	#
2295	7607	18	25	555	#
2296	5135	18	29	555	#
2297	4621	18	33	555	#
2298	4159	18	37	555	#
2299	5705	22	29	555	#
2300	5135	22	33	555	#
2301	4621	22	37	555	#
2302	5705	26	33	555	#
2303	5135	26	37	555	#
2304	5705	30	37	555	#
2305	4181	3	36	556	#
2306	5768	0	38	557	#
2307	9567	0	38	558	#
2308	3779	6	13	559	#
2309	2551	6	17	559	#
2310	2296	6	21	559	#
2311	2066	6	25	559	#
2312	2835	10	17	559	#
2313	2551	10	21	559	#
2314	2296	10	25	559	#
2315	2835	14	21	559	#
2316	2551	14	25	559	#
2317	2835	18	25	559	#
2318	3695	0	39	560	#
2319	7397	0	29	561	#
2320	4993	0	33	561	#
2321	4494	0	37	561	#
2322	5548	4	33	561	#
2323	4993	4	37	561	#
2324	5548	8	37	561	#
2325	6926	3	36	562	#
2326	6159	3	36	563	#
2327	6982	0	38	564	#
2328	9592	0	29	565	#
2329	6475	0	33	565	#
2330	5827	0	37	565	#
2331	7194	4	33	565	#
2332	6475	4	37	565	#
2333	7194	8	37	565	#
2334	8055	26	33	566	#
2335	5437	26	37	566	#
2336	6041	30	37	566	#
2337	6324	0	29	567	#
2338	4269	0	33	567	#
2339	3842	0	37	567	#
2340	4743	4	33	567	#
2341	4269	4	37	567	#
2342	4743	8	37	567	#
2343	4054	3	9	568	#
2344	3648	3	13	568	#
2345	3283	3	17	568	#
2346	4054	7	13	568	#
2347	3648	7	17	568	#
2348	4054	11	17	568	#
2349	4452	3	36	569	#
2350	11453	4	33	570	#
2351	7731	4	37	570	#
2352	8590	8	37	570	#
2353	5402	1	28	571	#
2354	4862	1	32	571	#
2355	4375	1	36	571	#
2356	5402	5	32	571	#
2357	4862	5	36	571	#
2358	5402	9	36	571	#
2359	9846	0	29	572	#
2360	6646	0	33	572	#
2361	5981	0	37	572	#
2362	7384	4	33	572	#
2363	6646	4	37	572	#
2364	7384	8	37	572	#
2365	9667	1	28	573	#
2366	6525	1	32	573	#
2367	5873	1	36	573	#
2368	7250	5	32	573	#
2369	6525	5	36	573	#
2370	7250	9	36	573	#
2371	8060	14	21	574	#
2372	5441	14	25	574	#
2373	4897	14	29	574	#
2374	4407	14	33	574	#
2375	6045	18	25	574	#
2376	5441	18	29	574	#
2377	4897	18	33	574	#
2378	6045	22	29	574	#
2379	5441	22	33	574	#
2380	6045	26	33	574	#
2381	8233	1	28	575	#
2382	5557	1	32	575	#
2383	5001	1	36	575	#
2384	6174	5	32	575	#
2385	5557	5	36	575	#
2386	6174	9	36	575	#
2387	5416	3	36	576	#
2388	6992	2	36	577	#
2389	5167	27	33	578	#
2390	3488	27	37	578	#
2391	3875	31	37	578	#
2392	6401	3	36	579	#
2393	4964	1	28	580	#
2394	4467	1	32	580	#
2395	4021	1	36	580	#
2396	4964	5	32	580	#
2397	4467	5	36	580	#
2398	4964	9	36	580	#
2399	10077	0	38	581	#
2400	2663	0	39	582	#
2401	3403	3	36	583	#
2402	5070	13	22	584	#
2403	3423	13	26	584	#
2404	3080	13	30	584	#
2405	2772	13	34	584	#
2406	3803	17	26	584	#
2407	3423	17	30	584	#
2408	3080	17	34	584	#
2409	3803	21	30	584	#
2410	3423	21	34	584	#
2411	3803	25	34	584	#
2412	5702	4	33	585	#
2413	3849	4	37	585	#
2414	4276	8	37	585	#
2415	8364	0	38	586	#
2416	10618	2	36	587	#
2417	10013	0	29	588	#
2418	6759	0	33	588	#
2419	6083	0	37	588	#
2420	7510	4	33	588	#
2421	6759	4	37	588	#
2422	7510	8	37	588	#
2423	4158	1	11	589	#
2424	3742	1	15	589	#
2425	3368	1	19	589	#
2426	4158	5	15	589	#
2427	3742	5	19	589	#
2428	4158	9	19	589	#
2429	5399	26	33	590	#
2430	3644	26	37	590	#
2431	4049	30	37	590	#
2432	7619	6	13	591	#
2433	5143	6	17	591	#
2434	4629	6	21	591	#
2435	4166	6	25	591	#
2436	5714	10	17	591	#
2437	5143	10	21	591	#
2438	4629	10	25	591	#
2439	5714	14	21	591	#
2440	5143	14	25	591	#
2441	5714	18	25	591	#
2442	4014	27	33	592	#
2443	2710	27	37	592	#
2444	3011	31	37	592	#
2445	2989	0	39	593	#
2446	3720	3	36	594	#
2447	10152	6	13	595	#
2448	6853	6	17	595	#
2449	6167	6	21	595	#
2450	5551	6	25	595	#
2451	7614	10	17	595	#
2452	6853	10	21	595	#
2453	6167	10	25	595	#
2454	7614	14	21	595	#
2455	6853	14	25	595	#
2456	7614	18	25	595	#
2457	11090	0	29	596	#
2458	7486	0	33	596	#
2459	6737	0	37	596	#
2460	8318	4	33	596	#
2461	7486	4	37	596	#
2462	8318	8	37	596	#
2463	5117	1	28	597	#
2464	4605	1	32	597	#
2465	4144	1	36	597	#
2466	5117	5	32	597	#
2467	4605	5	36	597	#
2468	5117	9	36	597	#
2469	4898	3	9	598	#
2470	3306	3	13	598	#
2471	2975	3	17	598	#
2472	2678	3	21	598	#
2473	3673	7	13	598	#
2474	3306	7	17	598	#
2475	2975	7	21	598	#
2476	3673	11	17	598	#
2477	3306	11	21	598	#
2478	3673	15	21	598	#
2479	10184	17	26	599	#
2480	6874	17	30	599	#
2481	6187	17	34	599	#
2482	5568	17	38	599	#
2483	7638	21	30	599	#
2484	6874	21	34	599	#
2485	6187	21	38	599	#
2486	7638	25	34	599	#
2487	6874	25	38	599	#
2488	7638	29	38	599	#
2489	3315	3	9	600	#
2490	2237	3	13	600	#
2491	2014	3	17	600	#
2492	1812	3	21	600	#
2493	2486	7	13	600	#
2494	2237	7	17	600	#
2495	2014	7	21	600	#
2496	2486	11	17	600	#
2497	2237	11	21	600	#
2498	2486	15	21	600	#
2499	3698	1	28	601	#
2500	3328	1	32	601	#
2501	2996	1	36	601	#
2502	3698	5	32	601	#
2503	3328	5	36	601	#
2504	3698	9	36	601	#
2505	11313	5	32	602	#
2506	7636	5	36	602	#
2507	8485	9	36	602	#
2508	2506	17	27	603	#
2509	1692	17	31	603	#
2510	1523	17	35	603	#
2511	1370	17	39	603	#
2512	1880	21	31	603	#
2513	1692	21	35	603	#
2514	1523	21	39	603	#
2515	1880	25	35	603	#
2516	1692	25	39	603	#
2517	1880	29	39	603	#
2518	7305	5	32	604	#
2519	4931	5	36	604	#
2520	5479	9	36	604	#
2521	6666	0	29	605	#
2522	6000	0	33	605	#
2523	5400	0	37	605	#
2524	6666	4	33	605	#
2525	6000	4	37	605	#
2526	6666	8	37	605	#
2527	6512	6	13	606	#
2528	4395	6	17	606	#
2529	3956	6	21	606	#
2530	3560	6	25	606	#
2531	4884	10	17	606	#
2532	4395	10	21	606	#
2533	3956	10	25	606	#
2534	4884	14	21	606	#
2535	4395	14	25	606	#
2536	4884	18	25	606	#
2537	11154	13	22	607	#
2538	7529	13	26	607	#
2539	6776	13	30	607	#
2540	6098	13	34	607	#
2541	8366	17	26	607	#
2542	7529	17	30	607	#
2543	6776	17	34	607	#
2544	8366	21	30	607	#
2545	7529	21	34	607	#
2546	8366	25	34	607	#
2547	3255	3	36	608	#
2548	5979	0	39	609	#
2549	5806	3	36	610	#
2550	5495	0	29	611	#
2551	4945	0	33	611	#
2552	4451	0	37	611	#
2553	5495	4	33	611	#
2554	4945	4	37	611	#
2555	5495	8	37	611	#
2556	10179	0	38	612	#
2557	10092	0	38	613	#
2558	3778	1	11	614	#
2559	2550	1	15	614	#
2560	2295	1	19	614	#
2561	2066	1	23	614	#
2562	2833	5	15	614	#
2563	2550	5	19	614	#
2564	2295	5	23	614	#
2565	2833	9	19	614	#
2566	2550	9	23	614	#
2567	2833	13	23	614	#
2568	6292	2	36	615	#
2569	3076	11	17	616	#
2570	2076	11	21	616	#
2571	1869	11	25	616	#
2572	1682	11	29	616	#
2573	2307	15	21	616	#
2574	2076	15	25	616	#
2575	1869	15	29	616	#
2576	2307	19	25	616	#
2577	2076	19	29	616	#
2578	2307	23	29	616	#
2579	9642	22	29	617	#
2580	6509	22	33	617	#
2581	5858	22	37	617	#
2582	7232	26	33	617	#
2583	6509	26	37	617	#
2584	7232	30	37	617	#
2585	3449	3	9	618	#
2586	3104	3	13	618	#
2587	2794	3	17	618	#
2588	3449	7	13	618	#
2589	3104	7	17	618	#
2590	3449	11	17	618	#
2591	3495	3	36	619	#
2592	4713	9	19	620	#
2593	3182	9	23	620	#
2594	2863	9	27	620	#
2595	2577	9	31	620	#
2596	3535	13	23	620	#
2597	3182	13	27	620	#
2598	2863	13	31	620	#
2599	3535	17	27	620	#
2600	3182	17	31	620	#
2601	3535	21	31	620	#
2602	6594	3	36	621	#
2603	3896	2	36	622	#
2604	3459	3	36	623	#
2605	7674	0	29	624	#
2606	5180	0	33	624	#
2607	4662	0	37	624	#
2608	5755	4	33	624	#
2609	5180	4	37	624	#
2610	5755	8	37	624	#
2611	4137	2	36	625	#
2612	5695	3	36	626	#
2613	8121	1	28	627	#
2614	7309	1	32	627	#
2615	6578	1	36	627	#
2616	8121	5	32	627	#
2617	7309	5	36	627	#
2618	8121	9	36	627	#
2619	8950	2	36	628	#
2620	6578	3	36	629	#
2621	6506	0	39	630	#
2622	6101	13	22	631	#
2623	4118	13	26	631	#
2624	3706	13	30	631	#
2625	3336	13	34	631	#
2626	4576	17	26	631	#
2627	4118	17	30	631	#
2628	3706	17	34	631	#
2629	4576	21	30	631	#
2630	4118	21	34	631	#
2631	4576	25	34	631	#
2632	9837	0	38	632	#
2633	6833	0	29	633	#
2634	4612	0	33	633	#
2635	4151	0	37	633	#
2636	5124	4	33	633	#
2637	4612	4	37	633	#
2638	5124	8	37	633	#
2639	6817	5	14	634	#
2640	4602	5	18	634	#
2641	4142	5	22	634	#
2642	3727	5	26	634	#
2643	5113	9	18	634	#
2644	4602	9	22	634	#
2645	4142	9	26	634	#
2646	5113	13	22	634	#
2647	4602	13	26	634	#
2648	5113	17	26	634	#
2649	6917	0	39	635	#
2650	10433	25	34	636	#
2651	7042	25	38	636	#
2652	7825	29	38	636	#
2653	1873	11	17	637	#
2654	1264	11	21	637	#
2655	1138	11	25	637	#
2656	1024	11	29	637	#
2657	1405	15	21	637	#
2658	1264	15	25	637	#
2659	1138	15	29	637	#
2660	1405	19	25	637	#
2661	1264	19	29	637	#
2662	1405	23	29	637	#
2663	2200	11	17	638	#
2664	1485	11	21	638	#
2665	1336	11	25	638	#
2666	1203	11	29	638	#
2667	1650	15	21	638	#
2668	1485	15	25	638	#
2669	1336	15	29	638	#
2670	1650	19	25	638	#
2671	1485	19	29	638	#
2672	1650	23	29	638	#
2673	6784	5	32	639	#
2674	4579	5	36	639	#
2675	5088	9	36	639	#
2676	8280	0	38	640	#
2677	10137	2	36	641	#
2678	5168	0	38	642	#
2679	6594	0	29	643	#
2680	4451	0	33	643	#
2681	4006	0	37	643	#
2682	4946	4	33	643	#
2683	4451	4	37	643	#
2684	4946	8	37	643	#
2685	6831	3	36	644	#
2686	3289	23	29	645	#
2687	2220	23	33	645	#
2688	1998	23	37	645	#
2689	2467	27	33	645	#
2690	2220	27	37	645	#
2691	2467	31	37	645	#
2692	7007	0	39	646	#
2693	9389	22	29	647	#
2694	6337	22	33	647	#
2695	5704	22	37	647	#
2696	7041	26	33	647	#
2697	6337	26	37	647	#
2698	7041	30	37	647	#
2699	4686	3	36	648	#
2700	4626	17	26	649	#
2701	3123	17	30	649	#
2702	2810	17	34	649	#
2703	2529	17	38	649	#
2704	3470	21	30	649	#
2705	3123	21	34	649	#
2706	2810	21	38	649	#
2707	3470	25	34	649	#
2708	3123	25	38	649	#
2709	3470	29	38	649	#
2710	7750	2	36	650	#
2711	8647	5	32	651	#
2712	5836	5	36	651	#
2713	6485	9	36	651	#
2714	8927	2	36	652	#
2715	3312	1	28	653	#
2716	2981	1	32	653	#
2717	2683	1	36	653	#
2718	3312	5	32	653	#
2719	2981	5	36	653	#
2720	3312	9	36	653	#
2721	4044	7	13	654	#
2722	2730	7	17	654	#
2723	2457	7	21	654	#
2724	2211	7	25	654	#
2725	3033	11	17	654	#
2726	2730	11	21	654	#
2727	2457	11	25	654	#
2728	3033	15	21	654	#
2729	2730	15	25	654	#
2730	3033	19	25	654	#
2731	2899	15	21	655	#
2732	1957	15	25	655	#
2733	1761	15	29	655	#
2734	1585	15	33	655	#
2735	2174	19	25	655	#
2736	1957	19	29	655	#
2737	1761	19	33	655	#
2738	2174	23	29	655	#
2739	1957	23	33	655	#
2740	2174	27	33	655	#
2741	7969	0	38	656	#
2742	5460	3	36	657	#
2743	6795	3	36	658	#
2744	8180	2	36	659	#
2745	4065	3	36	660	#
2746	11360	5	32	661	#
2747	7668	5	36	661	#
2748	8520	9	36	661	#
2749	5519	0	29	662	#
2750	3725	0	33	662	#
2751	3353	0	37	662	#
2752	4139	4	33	662	#
2753	3725	4	37	662	#
2754	4139	8	37	662	#
2755	7716	25	34	663	#
2756	5209	25	38	663	#
2757	5787	29	38	663	#
2758	8114	2	36	664	#
2759	6501	0	39	665	#
2760	7989	1	28	666	#
2761	7190	1	32	666	#
2762	6471	1	36	666	#
2763	7989	5	32	666	#
2764	7190	5	36	666	#
2765	7989	9	36	666	#
2766	8266	1	28	667	#
2767	7439	1	32	667	#
2768	6695	1	36	667	#
2769	8266	5	32	667	#
2770	7439	5	36	667	#
2771	8266	9	36	667	#
2772	5294	1	11	668	#
2773	3574	1	15	668	#
2774	3216	1	19	668	#
2775	2895	1	23	668	#
2776	3971	5	15	668	#
2777	3574	5	19	668	#
2778	3216	5	23	668	#
2779	3971	9	19	668	#
2780	3574	9	23	668	#
2781	3971	13	23	668	#
2782	10581	4	33	669	#
2783	7142	4	37	669	#
2784	7935	8	37	669	#
2785	4096	2	36	670	#
2786	5269	1	28	671	#
2787	3556	1	32	671	#
2788	3201	1	36	671	#
2789	3952	5	32	671	#
2790	3556	5	36	671	#
2791	3952	9	36	671	#
2792	5925	0	29	672	#
2793	3999	0	33	672	#
2794	3599	0	37	672	#
2795	4444	4	33	672	#
2796	3999	4	37	672	#
2797	4444	8	37	672	#
2798	9695	9	18	673	#
2799	6544	9	22	673	#
2800	5889	9	26	673	#
2801	5300	9	30	673	#
2802	7271	13	22	673	#
2803	6544	13	26	673	#
2804	5889	13	30	673	#
2805	7271	17	26	673	#
2806	6544	17	30	673	#
2807	7271	21	30	673	#
2808	5251	0	29	674	#
2809	4726	0	33	674	#
2810	4253	0	37	674	#
2811	5251	4	33	674	#
2812	4726	4	37	674	#
2813	5251	8	37	674	#
2814	3052	0	39	675	#
2815	5360	3	36	676	#
2816	4760	13	23	677	#
2817	3213	13	27	677	#
2818	2891	13	31	677	#
2819	2602	13	35	677	#
2820	3570	17	27	677	#
2821	3213	17	31	677	#
2822	2891	17	35	677	#
2823	3570	21	31	677	#
2824	3213	21	35	677	#
2825	3570	25	35	677	#
2826	4858	3	36	678	#
2827	2758	3	36	679	#
2828	2835	1	11	680	#
2829	1914	1	15	680	#
2830	1722	1	19	680	#
2831	1550	1	23	680	#
2832	2126	5	15	680	#
2833	1914	5	19	680	#
2834	1722	5	23	680	#
2835	2126	9	19	680	#
2836	1914	9	23	680	#
2837	2126	13	23	680	#
2838	4884	19	25	681	#
2839	3297	19	29	681	#
2840	2967	19	33	681	#
2841	2670	19	37	681	#
2842	3663	23	29	681	#
2843	3297	23	33	681	#
2844	2967	23	37	681	#
2845	3663	27	33	681	#
2846	3297	27	37	681	#
2847	3663	31	37	681	#
2848	9770	0	38	682	#
2849	2046	3	9	683	#
2850	1841	3	13	683	#
2851	1657	3	17	683	#
2852	2046	7	13	683	#
2853	1841	7	17	683	#
2854	2046	11	17	683	#
2855	3697	23	29	684	#
2856	2495	23	33	684	#
2857	2246	23	37	684	#
2858	2773	27	33	684	#
2859	2495	27	37	684	#
2860	2773	31	37	684	#
2861	5494	3	36	685	#
2862	3152	27	33	686	#
2863	2128	27	37	686	#
2864	2364	31	37	686	#
2865	7657	0	29	687	#
2866	5169	0	33	687	#
2867	4652	0	37	687	#
2868	5743	4	33	687	#
2869	5169	4	37	687	#
2870	5743	8	37	687	#
2871	7909	2	36	688	#
2872	3350	21	31	689	#
2873	2261	21	35	689	#
2874	2035	21	39	689	#
2875	2512	25	35	689	#
2876	2261	25	39	689	#
2877	2512	29	39	689	#
2878	8232	2	36	690	#
2879	2686	3	36	691	#
2880	8889	2	9	692	#
2881	6000	2	13	692	#
2882	5400	2	17	692	#
2883	4860	2	21	692	#
2884	6667	6	13	692	#
2885	6000	6	17	692	#
2886	5400	6	21	692	#
2887	6667	10	17	692	#
2888	6000	10	21	692	#
2889	6667	14	21	692	#
2890	5356	3	9	693	#
2891	3615	3	13	693	#
2892	3254	3	17	693	#
2893	2928	3	21	693	#
2894	4017	7	13	693	#
2895	3615	7	17	693	#
2896	3254	7	21	693	#
2897	4017	11	17	693	#
2898	3615	11	21	693	#
2899	4017	15	21	693	#
2900	4841	3	36	694	#
2901	7256	4	33	695	#
2902	4898	4	37	695	#
2903	5442	8	37	695	#
2904	8999	0	38	696	#
2905	3026	1	10	697	#
2906	2723	1	14	697	#
2907	2451	1	18	697	#
2908	3026	5	14	697	#
2909	2723	5	18	697	#
2910	3026	9	18	697	#
2911	4852	3	36	698	#
2912	4749	0	29	699	#
2913	4274	0	33	699	#
2914	3846	0	37	699	#
2915	4749	4	33	699	#
2916	4274	4	37	699	#
2917	4749	8	37	699	#
2918	9203	0	38	700	#
2919	4641	1	28	701	#
2920	3133	1	32	701	#
2921	2819	1	36	701	#
2922	3481	5	32	701	#
2923	3133	5	36	701	#
2924	3481	9	36	701	#
2925	2058	19	25	702	#
2926	1389	19	29	702	#
2927	1250	19	33	702	#
2928	1125	19	37	702	#
2929	1544	23	29	702	#
2930	1389	23	33	702	#
2931	1250	23	37	702	#
2932	1544	27	33	702	#
2933	1389	27	37	702	#
2934	1544	31	37	702	#
2935	4814	0	38	703	#
2936	5335	2	36	704	#
2937	5298	3	36	705	#
2938	4104	3	36	706	#
2939	6912	0	39	707	#
2940	3599	0	39	708	#
2941	4828	2	36	709	#
2942	9121	2	36	710	#
2943	8705	10	17	711	#
2944	5876	10	21	711	#
2945	5288	10	25	711	#
2946	4759	10	29	711	#
2947	6529	14	21	711	#
2948	5876	14	25	711	#
2949	5288	14	29	711	#
2950	6529	18	25	711	#
2951	5876	18	29	711	#
2952	6529	22	29	711	#
2953	5178	3	36	712	#
2954	5768	2	36	713	#
2955	11520	1	28	714	#
2956	7776	1	32	714	#
2957	6998	1	36	714	#
2958	8640	5	32	714	#
2959	7776	5	36	714	#
2960	8640	9	36	714	#
2961	2357	7	13	715	#
2962	1591	7	17	715	#
2963	1432	7	21	715	#
2964	1288	7	25	715	#
2965	1767	11	17	715	#
2966	1591	11	21	715	#
2967	1432	11	25	715	#
2968	1767	15	21	715	#
2969	1591	15	25	715	#
2970	1767	19	25	715	#
2971	7752	2	36	716	#
2972	8545	1	28	717	#
2973	7691	1	32	717	#
2974	6922	1	36	717	#
2975	8545	5	32	717	#
2976	7691	5	36	717	#
2977	8545	9	36	717	#
2978	2180	1	11	718	#
2979	1472	1	15	718	#
2980	1324	1	19	718	#
2981	1192	1	23	718	#
2982	1635	5	15	718	#
2983	1472	5	19	718	#
2984	1324	5	23	718	#
2985	1635	9	19	718	#
2986	1472	9	23	718	#
2987	1635	13	23	718	#
2988	5296	0	39	719	#
2989	4590	2	36	720	#
2990	3257	3	36	721	#
2991	4281	3	36	722	#
2992	7727	1	10	723	#
2993	5216	1	14	723	#
2994	4694	1	18	723	#
2995	4225	1	22	723	#
2996	5795	5	14	723	#
2997	5216	5	18	723	#
2998	4694	5	22	723	#
2999	5795	9	18	723	#
3000	5216	9	22	723	#
3001	5795	13	22	723	#
3002	7091	1	28	724	#
3003	4787	1	32	724	#
3004	4308	1	36	724	#
3005	5319	5	32	724	#
3006	4787	5	36	724	#
3007	5319	9	36	724	#
3008	8973	4	33	725	#
3009	6057	4	37	725	#
3010	6730	8	37	725	#
3011	9308	0	38	726	#
3012	9645	26	33	727	#
3013	6511	26	37	727	#
3014	7234	30	37	727	#
3015	5580	22	29	728	#
3016	3767	22	33	728	#
3017	3390	22	37	728	#
3018	4185	26	33	728	#
3019	3767	26	37	728	#
3020	4185	30	37	728	#
3021	5479	7	13	729	#
3022	3698	7	17	729	#
3023	3328	7	21	729	#
3024	2996	7	25	729	#
3025	4109	11	17	729	#
3026	3698	11	21	729	#
3027	3328	11	25	729	#
3028	4109	15	21	729	#
3029	3698	15	25	729	#
3030	4109	19	25	729	#
3031	9187	2	36	730	#
3032	3947	26	33	731	#
3033	2664	26	37	731	#
3034	2961	30	37	731	#
3035	6901	2	36	732	#
3036	4687	0	39	733	#
3037	5803	5	14	734	#
3038	3917	5	18	734	#
3039	3525	5	22	734	#
3040	3173	5	26	734	#
3041	4352	9	18	734	#
3042	3917	9	22	734	#
3043	3525	9	26	734	#
3044	4352	13	22	734	#
3045	3917	13	26	734	#
3046	4352	17	26	734	#
3047	7244	1	28	735	#
3048	6520	1	32	735	#
3049	5868	1	36	735	#
3050	7244	5	32	735	#
3051	6520	5	36	735	#
3052	7244	9	36	735	#
3053	9192	2	36	736	#
3054	2487	3	36	737	#
3055	7893	18	25	738	#
3056	5328	18	29	738	#
3057	4795	18	33	738	#
3058	4316	18	37	738	#
3059	5920	22	29	738	#
3060	5328	22	33	738	#
3061	4795	22	37	738	#
3062	5920	26	33	738	#
3063	5328	26	37	738	#
3064	5920	30	37	738	#
3065	10955	5	14	739	#
3066	7395	5	18	739	#
3067	6655	5	22	739	#
3068	5990	5	26	739	#
3069	8216	9	18	739	#
3070	7395	9	22	739	#
3071	6655	9	26	739	#
3072	8216	13	22	739	#
3073	7395	13	26	739	#
3074	8216	17	26	739	#
3075	4602	5	15	740	#
3076	3107	5	19	740	#
3077	2796	5	23	740	#
3078	2516	5	27	740	#
3079	3452	9	19	740	#
3080	3107	9	23	740	#
3081	2796	9	27	740	#
3082	3452	13	23	740	#
3083	3107	13	27	740	#
3084	3452	17	27	740	#
3085	11078	2	36	741	#
3086	3889	23	29	742	#
3087	2625	23	33	742	#
3088	2362	23	37	742	#
3089	2917	27	33	742	#
3090	2625	27	37	742	#
3091	2917	31	37	742	#
3092	10119	2	36	743	#
3093	11042	0	38	744	#
3094	2638	3	9	745	#
3095	2374	3	13	745	#
3096	2137	3	17	745	#
3097	2638	7	13	745	#
3098	2374	7	17	745	#
3099	2638	11	17	745	#
3100	6422	0	39	746	#
3101	3592	2	9	747	#
3102	3233	2	13	747	#
3103	2910	2	17	747	#
3104	3592	6	13	747	#
3105	3233	6	17	747	#
3106	3592	10	17	747	#
3107	9930	10	17	748	#
3108	6703	10	21	748	#
3109	6033	10	25	748	#
3110	5429	10	29	748	#
3111	7448	14	21	748	#
3112	6703	14	25	748	#
3113	6033	14	29	748	#
3114	7448	18	25	748	#
3115	6703	18	29	748	#
3116	7448	22	29	748	#
3117	7792	0	38	749	#
3118	9253	18	25	750	#
3119	6245	18	29	750	#
3120	5621	18	33	750	#
3121	5059	18	37	750	#
3122	6939	22	29	750	#
3123	6245	22	33	750	#
3124	5621	22	37	750	#
3125	6939	26	33	750	#
3126	6245	26	37	750	#
3127	6939	30	37	750	#
3128	10146	26	33	751	#
3129	6849	26	37	751	#
3130	7610	30	37	751	#
3131	5063	13	23	752	#
3132	3417	13	27	752	#
3133	3076	13	31	752	#
3134	2768	13	35	752	#
3135	3797	17	27	752	#
3136	3417	17	31	752	#
3137	3076	17	35	752	#
3138	3797	21	31	752	#
3139	3417	21	35	752	#
3140	3797	25	35	752	#
3141	4954	3	36	753	#
3142	4533	0	38	754	#
3143	4475	2	36	755	#
3144	8936	1	28	756	#
3145	8043	1	32	756	#
3146	7238	1	36	756	#
3147	8936	5	32	756	#
3148	8043	5	36	756	#
3149	8936	9	36	756	#
3150	4548	0	39	757	#
3151	5504	9	19	758	#
3152	3715	9	23	758	#
3153	3344	9	27	758	#
3154	3010	9	31	758	#
3155	4128	13	23	758	#
3156	3715	13	27	758	#
3157	3344	13	31	758	#
3158	4128	17	27	758	#
3159	3715	17	31	758	#
3160	4128	21	31	758	#
3161	2740	3	36	759	#
3162	4201	13	23	760	#
3163	2836	13	27	760	#
3164	2552	13	31	760	#
3165	2297	13	35	760	#
3166	3151	17	27	760	#
3167	2836	17	31	760	#
3168	2552	17	35	760	#
3169	3151	21	31	760	#
3170	2836	21	35	760	#
3171	3151	25	35	760	#
3172	6659	9	18	761	#
3173	4495	9	22	761	#
3174	4045	9	26	761	#
3175	3641	9	30	761	#
3176	4994	13	22	761	#
3177	4495	13	26	761	#
3178	4045	13	30	761	#
3179	4994	17	26	761	#
3180	4495	17	30	761	#
3181	4994	21	30	761	#
3182	4726	6	13	762	#
3183	3190	6	17	762	#
3184	2871	6	21	762	#
3185	2584	6	25	762	#
3186	3545	10	17	762	#
3187	3190	10	21	762	#
3188	2871	10	25	762	#
3189	3545	14	21	762	#
3190	3190	14	25	762	#
3191	3545	18	25	762	#
3192	6671	3	36	763	#
3193	3630	5	15	764	#
3194	2450	5	19	764	#
3195	2205	5	23	764	#
3196	1985	5	27	764	#
3197	2723	9	19	764	#
3198	2450	9	23	764	#
3199	2205	9	27	764	#
3200	2723	13	23	764	#
3201	2450	13	27	764	#
3202	2723	17	27	764	#
