%% File generated by CATS v.2.1Tue Aug 20 18:54:44 2019

%% The CATS webpage is http://robotics.stanford.edu/CATS

%% PARAMETER SETTINGS:
% Goods: 10; Bids: 400; Distribution: regions-npv; Runs: 10; Seed: 1566344646
% Regions Distribution Parameters:
% Max Substitutable Bids = 5
% Removing HV Neighbor   = 0.1
% Adding DIAG Neighbor   = 0.2
% Additional Location    = 0.9
% Jump Probability       = 0.05
% Additivity             = 0.2
% Budget Factor          = 1.5
% Resale Factor          = 0.5
% Normal Private Value:
%   Mean                 = 0
%   Standard Deviation   = 30



goods 10
bids 400
dummy 92

0	680797	8	7	6	3	4	0	9	1	2	5	#
1	448022	2	1	4	3	0	6	7	8	10	#
2	467586	2	1	9	0	4	3	6	7	10	#
3	378252	4	7	6	3	0	8	1	5	10	#
4	532491	8	5	7	4	1	2	3	6	0	9	#
5	451675	6	7	8	4	1	5	3	0	2	11	#
6	474725	7	4	1	5	2	6	8	0	9	11	#
7	530101	3	4	1	5	2	0	8	7	6	12	#
8	513012	8	5	2	7	1	4	6	9	3	12	#
9	86423	9	#
10	450587	5	2	8	1	4	7	0	3	6	13	#
11	494654	7	8	0	4	1	2	3	9	5	13	#
12	429120	8	5	4	2	1	7	0	3	6	9	#
13	386738	1	2	0	4	3	5	14	#
14	391558	1	0	4	3	6	2	14	#
15	378255	2	1	5	0	4	8	14	#
16	369987	4	1	0	3	6	9	14	#
17	324655	3	6	7	4	5	8	14	#
18	295268	0	3	6	7	4	1	14	#
19	368496	5	2	4	1	3	15	#
20	390835	4	3	6	5	2	15	#
21	375662	2	5	4	1	7	15	#
22	374961	5	2	4	1	8	15	#
23	319509	1	0	4	5	8	15	#
24	313044	3	4	1	0	5	15	#
25	279950	2	5	4	7	16	#
26	260708	4	3	6	7	16	#
27	256407	5	8	4	2	16	#
28	227757	7	4	6	8	16	#
29	56123	9	#
30	131730	2	1	17	#
31	170051	2	5	17	#
32	108659	1	0	17	#
33	166498	5	2	1	18	#
34	173948	5	2	8	18	#
35	145862	1	2	4	18	#
36	119970	2	1	0	18	#
37	587345	5	4	1	2	3	7	8	6	0	19	#
38	592020	5	2	4	1	8	0	3	6	9	19	#
39	128390	4	#
40	447457	3	6	4	7	5	0	2	8	1	20	#
41	573129	3	0	4	6	8	7	5	9	2	20	#
42	297493	2	4	3	1	0	21	#
43	314497	2	7	1	4	5	21	#
44	227820	3	4	0	1	7	21	#
45	183089	4	3	6	0	1	21	#
46	524550	3	4	5	0	8	7	2	1	6	22	#
47	594472	5	2	8	9	7	4	1	3	0	22	#
48	257984	8	5	7	4	23	#
49	285175	5	4	3	6	23	#
50	277216	8	5	4	2	23	#
51	262237	4	1	2	5	23	#
52	423390	1	2	0	5	4	8	24	#
53	453801	5	1	4	3	8	2	24	#
54	395368	8	5	4	2	7	1	24	#
55	382648	2	1	4	0	7	5	24	#
56	371706	0	3	4	1	5	7	24	#
57	257161	4	3	1	0	7	6	24	#
58	450198	3	0	6	4	7	8	1	2	5	9	#
59	478558	4	3	1	0	2	6	7	5	8	#
60	515381	6	3	0	7	8	4	5	2	1	9	#
61	515601	0	3	1	4	2	5	6	7	8	9	#
62	50167	1	#
63	110303	8	5	25	#
64	150877	8	0	25	#
65	120670	5	4	25	#
66	477801	5	8	7	4	3	2	0	1	6	26	#
67	527836	5	2	8	4	7	1	3	0	9	26	#
68	525202	7	8	4	6	9	3	5	0	1	26	#
69	508161	3	6	4	1	0	5	2	9	8	26	#
70	71930	4	8	27	#
71	80629	8	5	27	#
72	461595	9	6	7	8	5	4	3	2	1	0	#
73	392133	5	4	1	8	0	3	6	7	2	9	#
74	538687	4	7	5	1	2	8	0	6	3	28	#
75	531432	2	5	8	1	9	0	3	7	4	28	#
76	199340	1	2	29	#
77	172761	2	5	29	#
78	171220	1	4	29	#
79	114075	8	7	6	30	#
80	164985	7	6	4	30	#
81	148760	6	3	7	30	#
82	114822	8	5	7	30	#
83	471905	5	9	2	1	7	6	3	0	4	8	#
84	227156	6	3	4	5	31	#
85	260502	5	2	1	4	31	#
86	221193	6	7	3	4	31	#
87	209859	3	4	1	2	31	#
88	586755	2	5	4	1	3	7	8	0	6	32	#
89	643305	3	6	9	7	0	1	4	2	5	32	#
90	353301	1	2	5	0	3	6	4	9	7	8	#
91	85018	9	#
92	96364	4	#
93	78875	9	#
94	498025	5	8	4	7	6	2	1	0	3	33	#
95	499454	4	7	5	3	6	1	2	8	9	33	#
96	465179	0	1	9	3	4	6	2	7	5	33	#
97	360594	5	4	1	8	7	3	34	#
98	424308	5	2	1	0	4	3	34	#
99	387289	8	7	4	5	0	3	34	#
100	380920	1	2	4	5	3	7	34	#
101	359264	7	4	3	6	5	0	34	#
102	341165	3	0	4	1	6	7	34	#
103	529141	2	5	8	1	7	4	35	#
104	573139	7	6	4	5	2	3	35	#
105	521464	2	5	4	3	1	6	35	#
106	464441	4	5	3	0	1	7	35	#
107	458045	8	6	7	4	5	1	35	#
108	449145	5	6	8	2	1	0	35	#
109	386046	2	5	8	7	3	4	0	6	1	36	#
110	491163	2	1	5	0	4	9	8	7	6	36	#
111	465264	8	5	7	9	6	4	1	3	0	36	#
112	415042	2	1	4	0	3	7	6	5	8	37	#
113	519241	8	5	9	2	1	4	3	0	6	37	#
114	83551	2	1	#
115	254286	1	2	4	7	38	#
116	227492	4	3	0	5	38	#
117	224834	2	5	1	4	38	#
118	213277	1	0	3	4	38	#
119	208186	7	6	3	0	38	#
120	522725	7	6	8	4	5	3	2	0	1	39	#
121	548688	6	7	4	1	9	5	3	2	0	39	#
122	489963	3	9	0	8	7	4	1	6	5	39	#
123	486285	0	3	6	4	5	7	9	2	8	39	#
124	472733	5	4	1	7	8	2	9	0	3	39	#
125	517930	1	0	3	6	7	2	8	5	4	9	#
126	146457	6	7	40	#
127	90811	7	4	40	#
128	71308	6	#
129	48689	5	#
130	467480	6	7	8	5	3	4	1	2	0	41	#
131	370106	6	3	4	7	8	1	9	0	5	41	#
132	254837	6	7	4	8	3	42	#
133	268499	4	5	1	2	3	42	#
134	258924	3	6	7	4	0	42	#
135	239584	6	7	3	4	5	42	#
136	238008	7	8	4	5	6	42	#
137	220163	8	5	4	3	0	42	#
138	100414	4	#
139	529063	8	5	7	4	2	1	3	6	0	43	#
140	552407	7	4	3	6	1	2	5	9	0	43	#
141	585923	0	1	4	7	2	5	3	8	6	9	#
142	303253	7	8	4	6	0	44	#
143	313219	7	6	8	3	4	44	#
144	311113	8	7	5	4	6	44	#
145	295538	4	7	8	1	5	44	#
146	253686	0	3	6	1	7	44	#
147	447558	4	3	6	0	7	5	1	2	8	45	#
148	499626	4	7	1	5	0	9	2	3	6	45	#
149	229549	4	3	0	6	46	#
150	241027	0	3	1	2	46	#
151	223615	3	6	7	4	46	#
152	209204	4	7	1	6	46	#
153	272896	5	2	1	8	7	47	#
154	285013	5	8	3	4	7	47	#
155	276666	8	5	7	4	2	47	#
156	270524	2	5	4	1	8	47	#
157	247159	7	6	3	0	1	47	#
158	240524	1	2	0	4	3	47	#
159	635076	3	0	6	4	1	7	5	8	2	48	#
160	708055	4	1	7	3	0	9	2	5	6	48	#
161	664099	7	6	3	0	9	4	1	5	8	48	#
162	540238	5	8	2	4	7	3	1	0	6	#
163	80128	6	7	49	#
164	77132	7	4	49	#
165	406255	0	3	4	1	6	2	7	50	#
166	435010	4	1	3	2	6	0	5	50	#
167	392353	1	2	9	4	5	8	0	50	#
168	364715	6	7	2	8	5	4	1	50	#
169	342028	0	3	6	7	4	1	5	50	#
170	335902	2	1	4	5	3	0	7	50	#
171	477152	6	7	4	3	0	8	5	2	1	51	#
172	495247	6	7	4	8	5	3	0	9	1	51	#
173	269450	3	4	7	8	52	#
174	271684	4	3	6	7	52	#
175	267703	3	4	6	5	52	#
176	236285	7	8	6	4	52	#
177	208561	8	7	6	3	52	#
178	628505	5	4	9	2	1	3	7	8	6	0	#
179	438022	0	1	7	4	3	6	8	5	2	#
180	69968	9	#
181	34681	6	#
182	69454	9	#
183	531092	8	7	6	3	4	1	5	2	0	53	#
184	640445	6	2	9	7	8	4	1	3	5	53	#
185	566592	5	4	3	1	2	6	0	7	9	53	#
186	157320	9	#
187	267568	0	1	5	2	54	#
188	307891	2	1	4	5	54	#
189	260865	5	8	2	7	54	#
190	187706	1	2	0	4	54	#
191	184791	0	1	2	3	54	#
192	411901	6	7	8	3	0	5	4	2	55	#
193	422947	4	7	8	3	1	5	2	6	55	#
194	418706	5	2	1	0	4	3	6	7	55	#
195	413217	3	6	0	7	8	1	5	2	55	#
196	397446	2	4	5	1	7	0	8	6	55	#
197	361096	6	7	3	4	8	1	2	0	55	#
198	108723	5	#
199	567413	7	8	5	4	1	3	6	2	0	9	#
200	38892	2	#
201	447233	1	0	4	3	2	5	7	8	6	56	#
202	454466	8	7	4	5	3	6	1	9	0	56	#
203	553498	6	7	4	3	8	5	0	57	#
204	509477	4	7	6	5	2	3	0	57	#
205	468556	5	8	2	7	4	6	3	57	#
206	463698	7	8	5	1	4	0	2	57	#
207	432412	3	6	0	4	7	1	2	57	#
208	420719	6	7	4	8	5	3	1	57	#
209	627686	6	1	2	0	5	4	3	7	8	#
210	332720	8	7	6	4	5	1	2	58	#
211	469190	5	8	2	4	3	9	0	58	#
212	373620	7	8	5	4	2	1	3	58	#
213	368696	8	7	6	4	3	5	2	58	#
214	360878	2	1	0	3	4	5	7	58	#
215	355957	6	3	7	4	8	0	5	58	#
216	762978	2	1	5	4	8	0	3	7	6	9	#
217	117779	6	7	59	#
218	153175	7	4	59	#
219	71341	6	3	59	#
220	31524	6	3	60	#
221	39551	6	7	60	#
222	262282	1	4	2	61	#
223	256658	4	1	3	61	#
224	192619	2	5	1	61	#
225	169773	1	2	0	61	#
226	462269	0	1	4	5	3	2	7	8	6	62	#
227	464540	1	2	4	5	3	0	8	9	6	62	#
228	425691	7	4	5	1	0	3	2	6	8	63	#
229	471326	7	8	6	5	4	1	3	2	9	63	#
230	129560	6	3	64	#
231	61143	6	7	64	#
232	78641	9	#
233	576745	5	2	4	1	8	7	3	6	0	9	#
234	347980	3	4	5	1	2	7	6	65	#
235	410129	3	4	5	7	6	8	2	65	#
236	400300	2	5	4	7	3	1	8	65	#
237	331089	7	8	9	4	6	1	3	65	#
238	301057	5	8	7	4	3	0	6	65	#
239	291228	4	7	8	5	1	3	0	65	#
240	139094	9	#
241	72657	9	#
242	480061	8	5	4	2	1	7	6	0	66	#
243	450253	2	1	5	0	4	3	8	6	66	#
244	446437	6	7	8	3	0	4	1	2	66	#
245	433084	7	8	4	6	3	5	2	0	66	#
246	410491	1	4	3	0	6	7	2	5	66	#
247	355248	8	7	5	6	2	1	0	3	66	#
248	439601	1	0	2	4	7	8	6	5	3	#
249	439474	4	7	8	5	1	6	3	0	2	67	#
250	518016	7	8	4	5	9	3	2	6	0	67	#
251	69880	9	#
252	253395	8	7	6	4	5	68	#
253	323682	4	3	8	0	6	68	#
254	308669	5	4	8	7	3	68	#
255	296807	6	3	4	7	2	68	#
256	249983	8	5	7	2	4	68	#
257	240244	7	6	8	4	0	68	#
258	515447	1	4	0	2	5	3	6	7	8	9	#
259	458472	0	1	4	3	5	2	8	7	6	9	#
260	138434	2	1	0	69	#
261	189983	1	2	4	69	#
262	214741	3	4	7	6	1	70	#
263	275877	6	3	4	5	1	70	#
264	268008	4	3	1	2	7	70	#
265	239540	7	8	5	6	4	70	#
266	179690	1	0	2	5	8	70	#
267	122497	3	6	7	4	0	70	#
268	308699	4	3	0	5	1	6	8	71	#
269	388503	3	6	4	1	5	8	2	71	#
270	378242	1	4	7	2	5	8	3	71	#
271	372289	5	2	1	4	8	6	7	71	#
272	337892	6	3	7	8	4	5	1	71	#
273	328160	8	7	4	1	2	6	3	71	#
274	204999	0	1	2	4	72	#
275	204913	2	5	1	0	72	#
276	158238	0	1	2	3	72	#
277	122918	4	7	3	6	72	#
278	61133	2	1	#
279	222945	4	3	6	5	0	7	73	#
280	156020	4	7	8	3	6	1	73	#
281	393581	0	3	6	7	1	2	4	74	#
282	403718	3	0	1	6	4	5	2	74	#
283	377115	7	6	4	3	5	1	2	74	#
284	345433	1	0	3	2	5	4	8	74	#
285	329764	0	3	4	5	6	7	1	74	#
286	319321	6	3	7	4	0	1	8	74	#
287	29747	8	#
288	376763	8	7	6	4	3	75	#
289	430971	3	6	9	7	4	75	#
290	420623	4	3	5	9	0	75	#
291	382819	8	5	4	7	3	75	#
292	295060	6	7	0	3	8	75	#
293	231287	7	8	5	2	6	75	#
294	68173	9	#
295	40765	1	#
296	383939	3	4	6	7	1	2	5	0	8	76	#
297	448407	3	0	6	4	1	5	8	7	9	76	#
298	414150	8	1	5	0	3	7	2	4	9	76	#
299	750329	8	5	2	1	0	4	3	7	6	9	#
300	96134	9	#
301	77783	9	1	77	#
302	107620	1	2	77	#
303	95180	9	5	77	#
304	336388	2	1	4	7	8	6	5	3	78	#
305	318805	6	7	4	5	3	2	8	0	78	#
306	308281	5	4	7	6	3	0	1	2	78	#
307	303261	2	5	4	1	0	3	8	7	78	#
308	420181	7	8	5	4	6	1	0	3	2	79	#
309	495555	5	4	1	8	2	7	9	0	3	79	#
310	183677	7	8	80	#
311	130127	7	6	80	#
312	208955	7	0	4	81	#
313	222626	4	7	6	81	#
314	220488	7	4	8	81	#
315	186529	0	1	3	81	#
316	240369	7	8	4	6	3	82	#
317	313575	6	3	4	5	2	82	#
318	256285	3	6	7	8	5	82	#
319	236936	8	7	4	3	5	82	#
320	142016	7	8	4	1	0	82	#
321	410584	7	4	3	8	0	5	1	6	2	83	#
322	457926	8	7	9	5	4	3	6	0	1	83	#
323	190957	7	2	1	84	#
324	167611	1	0	4	84	#
325	143209	2	1	5	84	#
326	64355	7	8	6	84	#
327	648205	7	4	5	2	8	3	0	1	6	9	#
328	36964	1	#
329	86467	5	#
330	55655	6	7	85	#
331	28544	6	3	85	#
332	92691	3	#
333	548444	8	5	4	2	1	0	3	7	9	6	#
334	205806	4	5	86	#
335	142512	5	8	86	#
336	268448	4	3	7	0	5	87	#
337	257311	5	8	7	4	1	87	#
338	230681	7	4	1	2	3	87	#
339	206915	0	1	2	5	4	87	#
340	202212	4	1	5	3	2	87	#
341	479185	2	5	4	1	3	7	6	0	8	9	#
342	556548	6	7	4	8	1	0	3	2	5	9	#
343	350867	8	7	5	4	2	1	3	6	0	#
344	362413	6	7	4	3	0	88	#
345	409678	4	1	5	7	8	88	#
346	401396	6	7	4	1	8	88	#
347	385537	7	4	3	0	1	88	#
348	385427	3	0	4	1	5	88	#
349	385064	0	3	4	5	8	88	#
350	681164	1	0	4	3	2	5	6	7	8	89	#
351	772684	8	9	5	2	4	3	6	7	1	89	#
352	246102	3	4	5	6	90	#
353	323712	5	8	2	7	90	#
354	191067	4	5	1	0	90	#
355	182072	6	3	7	0	90	#
356	335395	0	1	4	2	5	3	7	6	8	91	#
357	341561	8	7	5	4	3	2	6	0	9	91	#
358	317312	4	7	8	3	6	1	0	5	9	91	#
359	61830	4	5	92	#
360	86820	4	1	92	#
361	467584	0	1	2	4	5	3	7	8	6	93	#
362	494535	4	5	7	8	3	6	1	9	2	93	#
363	533739	4	5	1	8	7	6	2	0	3	94	#
364	551912	0	1	2	5	8	9	7	4	3	94	#
365	543034	4	7	5	3	6	8	0	9	1	94	#
366	242834	9	0	1	3	95	#
367	344845	1	0	4	5	95	#
368	324890	3	4	0	1	95	#
369	285479	9	7	8	4	95	#
370	284625	0	3	6	4	95	#
371	65071	1	#
372	133379	3	0	96	#
373	27112	3	6	96	#
374	409021	4	1	0	3	7	8	2	5	97	#
375	443015	1	4	7	2	5	6	8	3	97	#
376	417866	4	1	0	5	7	8	3	6	97	#
377	386474	8	7	4	5	6	2	1	0	97	#
378	384393	3	4	0	1	9	2	5	6	97	#
379	335195	2	1	5	8	0	3	6	7	97	#
380	374334	8	7	4	6	5	2	3	0	1	#
381	45698	9	#
382	417812	0	1	3	2	4	5	98	#
383	363971	0	4	1	3	5	7	98	#
384	353868	5	2	1	7	8	6	98	#
385	310848	3	0	4	1	6	2	98	#
386	345055	4	1	0	2	7	6	99	#
387	442249	1	2	4	3	0	5	99	#
388	377467	4	3	1	7	5	8	99	#
389	359904	0	3	7	4	2	6	99	#
390	351180	2	5	4	3	7	6	99	#
391	350524	6	3	0	4	5	1	99	#
392	542107	6	3	4	1	0	5	8	2	7	9	#
393	168177	7	8	100	#
394	99715	7	4	100	#
395	458995	8	5	2	4	7	9	1	0	101	#
396	400929	8	1	5	2	7	0	4	6	101	#
397	376172	2	1	0	4	3	5	8	7	101	#
398	368405	5	2	1	0	3	8	4	6	101	#
399	364853	0	3	6	1	7	2	4	5	101	#
