%% File generated by CATS v.2.1Tue Aug 20 18:57:04 2019

%% The CATS webpage is http://robotics.stanford.edu/CATS

%% PARAMETER SETTINGS:
% Goods: 30; Bids: 600; Distribution: regions; Runs: 10; Seed: 1566345358
% Regions Distribution Parameters:
% Max Substitutable Bids = 5
% Removing HV Neighbor   = 0.1
% Adding DIAG Neighbor   = 0.2
% Additional Location    = 0.9
% Jump Probability       = 0.05
% Additivity             = 0.2
% Budget Factor          = 1.5
% Resale Factor          = 0.5
% Normal Private Value:
%   Mean                 = 0
%   Standard Deviation   = 30



goods 30
bids 602
dummy 112

0	1393517	24	23	22	21	20	15	10	17	11	12	9	7	18	8	13	4	3	2	14	19	5	6	28	0	1	30	#
1	1401157	20	15	10	5	0	6	11	27	17	12	7	1	2	13	3	21	18	19	16	8	22	24	23	9	4	30	#
2	1394554	11	17	10	18	23	13	5	6	24	1	22	0	12	7	15	2	20	21	3	8	19	14	4	9	27	30	#
3	1382728	21	25	20	15	10	5	22	11	12	14	29	23	6	13	1	18	0	17	24	19	7	9	4	3	8	30	#
4	1379074	23	22	24	21	19	17	11	20	15	18	14	9	13	12	10	8	4	7	3	2	5	6	1	0	25	30	#
5	1368569	15	10	20	26	11	21	22	12	17	18	5	23	24	28	13	7	6	2	1	8	0	3	14	4	19	30	#
6	127466	23	18	31	#
7	156154	18	17	31	#
8	2396	2	#
9	202247	13	14	19	32	#
10	261916	13	27	18	32	#
11	246428	19	18	17	32	#
12	550658	15	16	11	12	17	21	13	20	7	8	22	33	#
13	705245	7	12	8	11	17	16	18	21	23	24	19	33	#
14	614504	21	27	20	15	29	22	17	11	18	16	23	33	#
15	606722	12	7	1	20	6	15	8	11	16	21	9	33	#
16	563861	15	16	17	27	11	20	12	18	7	10	13	33	#
17	551893	8	3	4	9	14	7	19	13	12	18	23	33	#
18	563150	10	15	11	5	20	17	16	22	12	6	21	8	7	23	2	34	#
19	824118	17	18	11	10	5	0	1	22	2	23	19	15	24	6	16	34	#
20	803092	2	7	3	8	9	14	13	6	1	19	5	4	12	18	0	34	#
21	780824	5	0	10	1	15	16	6	11	17	18	19	14	26	9	24	34	#
22	759971	10	5	15	11	12	16	17	7	8	22	0	21	18	19	23	34	#
23	726356	8	7	6	2	1	12	9	5	11	13	0	14	10	17	3	34	#
24	316212	16	21	11	12	7	35	#
25	382108	12	7	8	13	18	35	#
26	348928	7	8	9	2	3	35	#
27	341863	16	21	9	22	17	35	#
28	299698	11	12	17	18	16	35	#
29	275384	21	22	17	16	23	35	#
30	1077917	1	0	6	7	5	20	8	10	15	11	17	22	12	13	3	16	36	#
31	1076048	3	8	9	7	4	14	6	13	5	10	18	19	0	24	1	11	36	#
32	1072780	6	1	7	0	5	10	11	15	17	8	2	3	16	9	22	20	36	#
33	1061559	0	1	5	10	11	6	7	8	17	22	15	3	4	9	16	2	36	#
34	1047285	7	8	12	13	11	10	16	9	5	17	18	21	0	3	6	1	36	#
35	1033937	22	17	11	16	18	10	21	13	23	5	15	24	6	7	1	0	36	#
36	679694	15	10	21	11	12	16	5	6	7	8	17	22	18	37	#
37	735999	10	15	5	11	20	0	16	21	6	22	17	7	18	37	#
38	702915	6	7	2	5	10	3	8	11	12	16	9	15	4	37	#
39	697235	5	0	6	7	26	10	15	2	11	16	20	21	22	37	#
40	695439	7	6	5	8	9	4	12	11	13	16	21	3	10	37	#
41	693195	15	20	16	21	22	17	10	11	12	7	6	5	8	37	#
42	466605	25	8	3	27	9	4	14	2	7	6	38	#
43	649604	9	8	4	7	6	3	2	1	5	12	38	#
44	634130	27	0	5	1	6	10	7	11	12	8	38	#
45	615064	6	5	9	1	0	14	8	7	4	12	38	#
46	547860	8	28	9	7	14	23	6	1	2	3	38	#
47	532662	25	9	4	3	8	7	6	5	2	14	38	#
48	27305	2	3	4	39	#
49	40651	4	9	8	39	#
50	637373	26	19	24	14	9	18	4	17	16	13	11	3	40	#
51	669747	26	27	17	11	16	10	21	5	22	6	18	1	40	#
52	660041	24	19	18	23	14	13	6	9	5	22	0	7	40	#
53	622852	14	13	12	19	18	23	17	16	21	5	7	10	40	#
54	622458	3	2	7	12	8	13	18	11	14	19	16	4	40	#
55	616224	4	3	9	2	8	14	7	6	5	19	24	21	40	#
56	1214067	3	8	9	7	4	2	14	19	24	13	18	23	17	12	22	11	10	15	16	27	20	21	6	1	5	25	0	41	#
57	1308573	9	8	7	3	4	6	1	5	2	14	0	12	13	18	15	11	10	16	20	17	21	22	23	19	24	26	27	41	#
58	1306133	12	7	11	13	8	14	17	10	9	22	15	16	23	24	20	18	2	21	5	4	3	19	6	1	0	28	27	41	#
59	1288252	8	3	9	4	2	7	6	12	22	17	14	21	19	13	18	20	16	5	0	11	10	15	23	24	1	27	29	41	#
60	1274738	4	9	8	3	28	7	12	2	14	13	11	17	22	16	21	23	18	15	10	19	6	5	0	1	20	24	26	41	#
61	1256857	2	7	6	5	1	12	8	0	9	13	23	22	17	4	16	21	15	10	24	3	11	20	19	18	14	26	29	41	#
62	1417634	0	5	6	10	1	15	11	7	12	20	13	16	18	19	8	2	24	9	17	23	21	22	26	3	4	14	42	#
63	1542400	11	16	21	12	13	15	10	22	18	23	24	29	5	6	0	19	20	17	1	7	14	8	9	4	3	2	42	#
64	1538188	13	14	19	18	12	10	9	15	16	11	4	17	26	24	28	23	8	20	7	22	21	3	6	1	5	0	42	#
65	1516631	1	6	5	10	0	15	16	27	17	20	3	22	23	11	18	13	19	7	8	14	24	12	4	21	2	9	42	#
66	1510420	6	5	0	1	10	11	15	16	12	28	21	20	13	17	7	22	23	2	24	19	14	18	9	8	3	4	42	#
67	1437411	26	28	24	23	18	22	13	21	17	16	12	19	11	15	10	14	7	2	6	1	0	5	20	3	4	8	42	#
68	20618	26	#
69	419239	17	16	21	18	23	22	43	#
70	504915	23	22	18	17	24	13	43	#
71	481781	17	18	11	22	13	16	43	#
72	444476	18	13	1	23	6	19	43	#
73	423304	22	23	18	21	16	11	43	#
74	334595	21	22	23	20	18	16	43	#
75	1225958	25	21	20	15	16	17	11	14	18	9	29	4	10	13	8	12	3	19	7	22	2	23	24	5	6	0	1	28	44	#
76	1261727	20	15	21	10	16	24	23	11	12	19	13	14	7	8	5	18	9	6	3	2	4	1	17	0	22	27	29	28	44	#
77	1260418	9	14	8	7	13	12	3	2	4	19	24	11	17	18	10	15	20	5	6	29	23	0	16	1	21	22	27	25	44	#
78	1250879	6	7	12	5	2	1	13	3	0	14	4	11	18	10	8	28	15	17	16	19	9	20	24	25	23	21	22	27	44	#
79	1231002	18	17	19	16	24	11	22	12	7	2	6	5	3	4	10	14	13	15	8	9	23	0	21	1	20	27	29	26	44	#
80	1221463	3	8	9	2	4	7	12	11	13	6	1	16	17	15	10	22	5	14	18	23	19	21	24	0	20	26	27	28	44	#
81	100464	27	#
82	217332	15	8	9	45	#
83	261680	8	7	3	45	#
84	185038	15	10	11	45	#
85	180835	9	8	14	45	#
86	1037096	26	1	16	11	15	17	6	18	13	21	12	10	5	22	23	20	14	24	0	9	7	46	#
87	1239622	14	13	19	18	24	12	7	10	5	9	1	8	11	6	3	4	0	23	15	2	16	46	#
88	1234420	0	5	1	6	7	12	11	13	10	16	15	21	18	17	19	14	22	8	23	24	3	46	#
89	1211893	6	7	12	13	1	2	14	0	5	18	11	19	8	10	15	3	4	16	27	9	17	46	#
90	1182125	20	15	21	10	5	0	11	12	7	13	8	6	14	2	3	18	4	19	9	22	1	46	#
91	1156809	18	13	14	12	11	16	23	9	4	19	7	24	3	17	22	8	21	10	2	5	0	46	#
92	137203	21	16	11	47	#
93	176445	16	15	10	47	#
94	163594	21	22	16	47	#
95	122977	11	10	17	47	#
96	440547	18	13	17	22	14	9	21	23	20	4	48	#
97	625676	13	14	19	24	9	8	23	3	4	10	48	#
98	603848	20	15	21	22	23	17	18	13	24	12	48	#
99	541830	17	11	10	5	22	23	25	6	1	15	48	#
100	521770	9	8	3	4	7	2	14	12	13	18	48	#
101	519002	21	22	20	16	17	18	13	15	23	24	48	#
102	110354	7	#
103	55355	28	#
104	146794	11	8	49	#
105	185168	11	10	49	#
106	110432	8	3	49	#
107	627142	17	16	22	21	15	10	11	23	5	18	12	20	7	19	50	#
108	785887	7	2	4	3	8	6	12	5	9	1	0	13	10	24	50	#
109	719226	5	6	10	11	7	15	8	2	16	3	4	17	21	22	50	#
110	714474	19	24	23	22	17	14	16	21	11	10	20	15	27	5	50	#
111	698841	17	16	11	10	22	18	21	20	12	23	7	8	5	19	50	#
112	679682	20	15	10	5	21	16	0	22	2	1	17	11	3	6	50	#
113	95963	24	#
114	571993	1	0	6	7	5	12	10	15	11	17	2	51	#
115	637284	7	6	1	0	8	3	12	2	5	11	10	51	#
116	636431	1	6	0	5	7	2	12	10	11	13	3	51	#
117	618506	5	6	1	0	7	2	3	8	10	15	16	51	#
118	588516	6	1	0	5	7	12	11	13	16	18	21	51	#
119	530294	0	5	10	15	16	21	6	11	22	8	9	51	#
120	579135	19	18	24	17	11	14	22	10	21	16	13	52	#
121	692538	22	17	16	18	15	21	20	10	23	19	24	52	#
122	673482	17	22	21	18	19	24	16	15	13	10	20	52	#
123	633072	18	17	22	13	19	24	14	23	16	12	15	52	#
124	619395	24	19	18	17	23	16	22	21	14	13	20	52	#
125	613932	13	18	14	19	23	22	12	7	25	24	21	52	#
126	1359641	12	13	14	11	29	17	10	18	16	19	15	5	6	1	20	23	24	21	22	7	0	53	#
127	1355450	5	6	7	12	0	11	16	21	22	10	20	15	17	18	28	13	23	1	19	2	3	53	#
128	1345059	1	0	5	10	6	11	17	15	20	16	18	23	21	19	22	13	12	24	7	2	3	53	#
129	1317259	22	21	17	20	27	16	11	18	19	14	12	7	23	24	10	15	13	6	2	5	3	53	#
130	1305709	29	21	20	22	16	15	17	11	12	7	14	23	10	6	5	18	13	19	24	0	2	53	#
131	1292928	21	20	15	26	10	22	16	5	6	7	12	17	11	13	14	0	18	19	1	23	24	53	#
132	232872	3	8	9	54	#
133	255571	8	9	14	54	#
134	113612	3	4	8	54	#
135	287044	17	18	23	55	#
136	228184	17	16	18	55	#
137	196946	23	22	21	55	#
138	359657	21	20	22	15	10	23	18	17	19	11	56	#
139	463293	11	12	17	18	7	19	2	23	22	6	56	#
140	453642	15	16	17	22	11	21	10	12	5	18	56	#
141	432468	10	5	0	15	1	11	16	17	18	22	56	#
142	420993	23	18	17	22	11	16	12	21	24	15	56	#
143	383576	18	23	13	17	11	12	16	24	19	22	56	#
144	25705	24	11	57	#
145	9462	24	23	57	#
146	306444	13	12	11	10	7	2	15	58	#
147	447444	12	7	11	8	9	17	14	58	#
148	399625	10	5	11	17	6	12	16	58	#
149	378902	11	12	10	13	17	7	2	58	#
150	307661	15	10	11	12	20	7	16	58	#
151	201802	21	22	17	11	59	#
152	212419	17	11	16	21	59	#
153	204692	21	20	17	16	59	#
154	175665	11	16	15	17	59	#
155	166544	22	17	16	15	59	#
156	5433	26	#
157	89574	27	#
158	492320	12	7	2	3	11	6	8	9	10	15	60	#
159	562394	7	6	2	8	3	9	1	0	23	18	60	#
160	502878	6	1	5	0	10	11	15	17	20	7	60	#
161	462981	2	3	8	9	7	21	12	6	11	16	60	#
162	461969	8	9	14	13	18	1	23	0	19	17	60	#
163	458732	15	16	11	20	21	22	10	17	23	5	60	#
164	1319398	9	4	3	2	7	6	12	8	1	13	14	16	0	19	11	24	5	21	15	17	23	22	10	18	20	61	#
165	1431483	4	3	2	8	9	7	6	5	10	0	1	11	15	29	17	16	12	20	21	13	18	22	23	24	19	61	#
166	1396813	19	18	17	14	13	16	24	5	6	15	11	9	21	8	20	10	12	7	22	23	27	4	0	3	1	61	#
167	1392602	5	6	1	7	8	9	12	10	0	11	2	15	3	4	16	13	20	17	21	14	29	18	19	22	23	61	#
168	1384125	9	14	8	3	19	7	12	4	6	5	28	11	13	0	18	17	22	21	23	16	24	20	1	2	10	61	#
169	1375751	14	13	9	19	17	28	16	18	22	8	7	4	21	6	23	12	11	15	3	20	2	5	24	10	0	61	#
170	1136625	14	19	18	17	9	13	21	16	23	12	11	22	4	3	10	24	8	15	5	7	2	20	0	6	1	62	#
171	1282848	18	17	11	13	19	14	9	12	8	3	10	7	23	16	5	22	4	15	6	24	21	28	20	0	1	62	#
172	1239060	16	21	15	11	28	12	10	13	18	14	19	7	20	6	5	0	9	1	8	22	17	2	3	23	4	62	#
173	1227519	10	5	0	6	15	20	1	11	17	12	16	21	7	18	25	8	22	23	9	19	13	14	29	2	3	62	#
174	1215480	19	18	14	13	17	25	12	23	9	4	22	24	28	3	21	11	27	7	2	16	8	15	10	1	0	62	#
175	1214327	6	5	0	7	27	8	3	9	1	10	12	11	15	16	20	21	17	14	19	22	18	13	4	2	23	62	#
176	645239	8	7	12	13	2	18	20	11	3	19	15	17	63	#
177	847173	13	12	18	7	8	11	10	9	4	17	6	5	63	#
178	742518	7	8	12	2	11	9	10	19	18	13	4	16	63	#
179	730501	11	16	17	22	10	21	5	6	23	18	13	15	63	#
180	727307	17	11	12	7	5	10	13	16	18	21	25	6	63	#
181	726802	3	2	4	7	8	9	23	18	13	12	22	19	63	#
182	565563	25	8	7	9	6	5	2	12	13	3	4	64	#
183	667599	2	7	3	6	5	12	28	8	13	1	18	64	#
184	658349	8	9	4	7	0	3	2	12	13	6	18	64	#
185	653627	5	6	7	8	9	3	2	12	4	13	18	64	#
186	591806	4	9	8	14	13	3	19	24	7	18	12	64	#
187	548246	6	7	2	12	8	3	4	9	11	1	10	64	#
188	481326	0	1	6	5	10	15	20	21	22	7	2	8	16	9	65	#
189	710396	2	7	6	12	13	14	3	18	19	8	11	1	24	10	65	#
190	677965	5	6	10	0	1	7	12	20	2	13	14	15	21	19	65	#
191	654833	0	1	6	5	10	7	23	15	18	12	19	2	8	11	65	#
192	651023	9	14	8	7	4	12	2	23	19	24	13	18	3	6	65	#
193	621847	6	1	0	7	8	9	2	3	14	12	19	13	11	4	65	#
194	520295	29	18	17	11	16	21	20	12	15	22	19	66	#
195	597517	29	7	8	2	3	23	6	9	5	18	4	66	#
196	543367	19	14	24	9	18	17	13	4	16	8	11	66	#
197	519423	18	13	17	14	22	11	19	25	24	16	15	66	#
198	496310	22	23	21	17	11	18	12	10	13	19	5	66	#
199	486098	17	11	16	10	12	15	5	0	21	20	6	66	#
200	42497	26	12	13	67	#
201	63007	26	18	13	67	#
202	32007	26	#
203	289482	9	4	2	3	7	8	14	68	#
204	374661	7	8	6	3	9	14	4	68	#
205	311714	9	14	19	18	23	17	4	68	#
206	307893	8	7	12	3	13	4	2	68	#
207	255891	14	13	19	2	18	12	7	68	#
208	229936	3	4	9	8	14	13	2	68	#
209	1178196	15	16	20	17	11	21	18	10	19	14	13	12	23	24	22	5	4	9	7	0	1	6	2	8	3	69	#
210	1310811	1	0	22	21	6	20	23	5	24	7	17	18	19	13	27	2	16	8	15	12	14	3	11	4	29	69	#
211	1212191	12	13	18	19	14	24	7	23	22	17	16	21	6	11	5	10	15	2	20	8	1	3	9	0	28	69	#
212	1195611	19	14	18	23	13	17	22	25	24	9	16	15	20	27	10	5	11	21	8	4	3	2	28	0	6	69	#
213	1183726	23	18	12	13	7	17	19	8	2	27	14	24	3	22	11	6	16	26	1	10	21	4	5	15	20	69	#
214	1176164	6	5	0	7	10	15	1	16	21	22	17	18	20	28	11	12	13	8	3	14	19	2	23	24	4	69	#
215	387266	14	13	18	19	1	9	8	70	#
216	429158	9	8	7	3	14	13	12	70	#
217	304306	19	14	18	13	23	9	12	70	#
218	298253	18	17	22	13	14	9	19	70	#
219	294687	13	12	14	18	19	11	17	70	#
220	294512	14	9	13	2	4	19	8	70	#
221	931312	5	6	1	10	7	2	0	3	8	4	11	16	21	12	17	22	71	#
222	1077508	5	6	0	1	10	7	2	12	11	28	13	18	23	3	15	16	71	#
223	979329	0	1	6	5	10	15	11	16	21	7	2	8	28	12	20	17	71	#
224	952142	3	19	4	2	24	9	14	8	7	23	12	13	11	6	1	5	71	#
225	933861	6	1	7	8	3	2	5	4	10	11	9	16	12	21	15	0	71	#
226	926494	4	3	10	15	20	9	5	6	16	21	28	11	14	8	2	12	71	#
227	789520	7	6	8	1	0	5	2	12	13	10	11	3	15	9	18	72	#
228	1089224	13	18	19	12	23	29	14	7	24	9	2	6	1	22	0	72	#
229	1041094	1	6	5	0	7	10	14	8	19	2	24	18	23	13	9	72	#
230	927585	12	19	13	7	2	8	6	3	5	14	18	23	24	22	21	72	#
231	901004	2	3	7	6	12	8	5	1	0	10	13	14	15	9	18	72	#
232	882886	7	8	3	12	6	18	23	2	1	19	9	4	22	14	24	72	#
233	1198526	7	8	9	3	4	2	16	15	6	1	20	21	5	0	12	10	11	14	13	18	19	24	22	23	17	73	#
234	1282948	9	14	5	8	0	3	2	4	7	1	6	19	24	13	18	12	10	11	23	17	16	15	27	22	21	73	#
235	1264014	4	0	1	3	2	5	9	8	14	19	10	6	13	18	24	29	17	11	7	12	23	16	22	15	21	73	#
236	1236551	1	0	27	5	6	10	15	20	11	12	17	16	18	21	22	13	23	14	7	9	2	4	8	3	24	73	#
237	1224283	7	8	9	2	14	3	13	4	18	12	19	11	23	16	24	27	21	17	22	15	10	20	5	6	1	73	#
238	1217618	15	10	16	20	17	11	18	4	23	3	9	24	13	5	12	2	22	14	6	21	1	8	7	29	0	73	#
239	30723	21	#
240	1391498	6	5	1	0	10	11	7	12	13	14	21	8	2	3	20	19	16	15	9	22	17	4	24	18	23	29	74	#
241	1410755	29	21	20	22	23	15	16	7	17	18	27	6	13	8	3	1	12	9	5	10	11	0	28	19	14	4	74	#
242	1380748	1	0	6	5	7	12	10	8	11	3	2	9	16	21	13	17	14	20	22	15	19	24	23	18	4	27	74	#
243	1371941	4	3	8	9	2	7	6	1	12	13	5	14	18	0	19	10	11	17	23	15	16	20	22	24	21	28	74	#
244	1343982	5	0	6	1	7	8	2	12	13	11	16	9	3	4	10	14	18	19	15	20	21	23	22	17	25	24	74	#
245	1329532	16	21	22	11	12	13	23	20	10	5	14	24	15	2	6	7	8	3	9	19	18	17	1	4	0	26	74	#
246	689537	5	10	11	16	15	0	17	12	8	13	75	#
247	738273	10	5	6	11	1	12	0	7	16	17	75	#
248	684263	0	5	10	1	11	15	16	6	17	20	75	#
249	678863	5	0	10	11	16	12	7	1	6	13	75	#
250	607970	13	14	12	19	9	8	7	24	4	18	75	#
251	593299	15	16	21	10	20	29	5	11	17	0	75	#
252	458706	17	16	15	21	11	22	18	19	12	13	76	#
253	680695	18	23	0	1	22	5	6	7	19	24	76	#
254	604963	17	2	3	18	7	19	22	14	23	9	76	#
255	550013	19	18	14	17	9	4	3	16	23	13	76	#
256	496144	13	14	12	7	6	8	9	19	18	23	76	#
257	475082	21	22	23	24	16	19	14	13	18	20	76	#
258	507786	4	3	2	9	14	8	19	7	25	12	13	18	11	77	#
259	723795	4	3	9	15	8	10	14	5	20	13	19	18	0	77	#
260	698991	18	19	13	14	9	12	4	7	11	17	16	3	10	77	#
261	645126	3	4	9	21	14	20	13	22	12	17	18	11	19	77	#
262	637784	13	18	12	11	16	7	17	14	2	9	8	22	3	77	#
263	637729	9	14	19	4	18	13	8	24	12	7	11	16	3	77	#
264	334450	29	6	1	0	78	#
265	302966	6	5	0	1	78	#
266	298522	29	23	18	24	78	#
267	239591	1	0	6	7	78	#
268	489597	16	15	11	17	21	12	10	79	#
269	582211	10	11	5	6	12	16	15	79	#
270	521460	12	7	8	9	6	1	2	79	#
271	518156	15	10	5	8	28	16	21	79	#
272	516459	11	16	17	18	15	10	12	79	#
273	386030	17	16	21	20	15	18	11	79	#
274	191279	9	4	3	14	13	80	#
275	265948	3	2	7	8	9	80	#
276	228655	4	3	2	7	9	80	#
277	239042	7	12	11	17	10	81	#
278	321424	12	7	11	10	6	81	#
279	175501	11	16	12	10	21	81	#
280	126549	17	16	21	22	11	81	#
281	27955	26	#
282	652220	28	7	2	3	6	12	8	11	4	16	1	0	13	15	18	5	82	#
283	832072	3	2	4	9	8	7	12	11	13	6	17	14	18	5	16	10	82	#
284	825060	28	14	19	9	4	8	3	7	2	24	13	18	17	12	11	16	82	#
285	819313	2	7	8	12	9	6	1	3	4	14	13	19	11	10	18	28	82	#
286	795471	13	18	12	17	7	2	11	25	14	16	10	9	3	19	22	8	82	#
287	770301	0	5	10	1	11	6	12	7	8	2	17	16	21	3	18	13	82	#
288	219707	5	0	6	83	#
289	207759	6	7	2	83	#
290	176945	0	1	6	83	#
291	1182393	11	17	10	15	22	21	20	26	23	5	0	18	16	6	7	12	24	19	8	9	13	2	84	#
292	1391226	9	8	14	4	19	3	2	24	28	18	23	13	17	7	6	12	1	0	5	22	11	10	84	#
293	1368759	13	12	18	11	17	10	7	23	19	8	2	22	16	9	5	0	14	3	21	6	24	1	84	#
294	1348918	12	11	17	13	18	19	10	5	16	22	6	0	7	23	14	15	2	1	3	8	24	9	84	#
295	1336959	24	23	18	13	19	14	9	1	6	0	17	11	12	7	8	16	15	5	10	22	3	21	84	#
296	1331982	10	11	12	27	15	18	13	7	23	19	14	9	16	6	5	8	1	17	3	22	24	21	84	#
297	857311	15	10	20	3	5	4	9	6	21	1	27	0	2	14	7	19	85	#
298	991511	7	2	12	8	3	6	13	11	14	5	19	17	27	9	0	18	85	#
299	953406	6	1	7	12	0	5	2	8	11	17	9	13	4	3	14	18	85	#
300	944997	1	0	5	6	10	15	7	8	12	2	11	16	3	17	9	14	85	#
301	934271	5	0	6	7	2	1	12	3	4	9	8	13	14	19	11	10	85	#
302	904529	15	10	16	11	12	17	5	13	7	18	0	14	6	24	23	19	85	#
303	150989	27	#
304	94128	6	#
305	471694	5	0	1	10	6	15	86	#
306	545719	0	27	5	1	6	10	86	#
307	492395	1	6	5	0	10	7	86	#
308	414151	5	0	10	6	15	7	86	#
309	339344	15	10	5	6	20	16	86	#
310	189283	24	19	23	87	#
311	219319	24	19	18	87	#
312	97031	19	14	21	87	#
313	51620	23	22	18	87	#
314	194617	3	4	2	9	8	14	13	88	#
315	290929	14	19	13	18	24	17	23	88	#
316	252853	8	7	3	12	2	4	13	88	#
317	206511	13	14	10	18	17	19	15	88	#
318	826652	2	3	8	7	12	13	11	18	14	17	16	22	21	10	89	#
319	1036165	16	11	10	17	5	6	0	18	13	21	1	12	23	22	89	#
320	965324	7	12	6	8	11	5	17	16	0	10	18	23	22	13	89	#
321	936009	3	2	7	6	4	1	0	5	8	10	11	12	17	16	89	#
322	934819	10	15	5	6	0	1	7	2	8	16	23	12	18	3	89	#
323	889572	13	18	12	11	17	10	14	2	7	19	6	16	21	1	89	#
324	27261	20	#
325	20099	18	#
326	797322	2	3	4	8	9	29	5	12	0	7	10	11	17	90	#
327	964647	7	6	3	2	12	1	4	13	11	8	0	17	16	90	#
328	883450	12	13	11	16	17	7	8	2	6	18	3	19	1	90	#
329	841442	0	1	6	5	7	14	13	12	18	17	11	10	23	90	#
330	783310	10	4	15	3	2	20	11	17	16	21	12	6	5	90	#
331	782659	2	7	6	1	0	3	5	4	19	14	9	13	8	90	#
332	242050	11	16	12	13	15	10	91	#
333	342502	13	18	14	12	23	22	91	#
334	268318	11	16	15	5	6	21	91	#
335	206883	16	15	10	11	12	21	91	#
336	316262	9	4	3	#
337	76518	17	#
338	250273	8	7	3	2	92	#
339	296784	2	7	27	12	92	#
340	237020	7	8	3	4	92	#
341	228076	8	3	9	2	92	#
342	195225	3	2	4	8	92	#
343	492898	11	3	16	10	15	20	21	17	5	2	18	7	13	93	#
344	722985	5	0	23	1	18	19	17	10	14	13	22	24	9	93	#
345	684450	2	7	8	3	6	12	11	5	13	1	0	14	9	93	#
346	671655	13	12	18	7	6	11	5	2	16	14	23	17	10	93	#
347	663242	10	15	11	16	5	17	6	0	18	7	23	25	13	93	#
348	651952	11	16	10	5	6	15	0	17	20	7	1	12	13	93	#
349	63778	9	4	94	#
350	64654	9	14	94	#
351	1477419	23	24	22	18	17	19	16	11	21	12	15	20	13	10	14	9	4	8	3	7	2	26	29	6	1	5	0	95	#
352	1513973	10	15	16	18	20	21	19	17	5	22	13	6	2	0	11	24	23	12	1	14	9	27	7	8	3	4	29	95	#
353	1487825	19	18	23	17	22	24	16	13	15	10	21	12	7	2	14	8	5	0	3	6	1	27	11	4	9	20	28	95	#
354	1484811	15	20	10	21	16	11	17	12	5	6	18	7	13	22	1	19	0	24	23	14	9	8	4	3	2	28	29	95	#
355	1480434	11	12	10	15	17	18	7	6	19	20	21	14	16	13	23	22	24	8	9	1	2	3	0	5	4	27	26	95	#
356	1451271	12	11	16	7	13	10	2	6	15	26	5	20	17	18	19	24	23	21	22	8	3	4	0	9	14	1	28	95	#
357	122045	17	16	#
358	109680	29	#
359	178982	12	13	7	11	96	#
360	240273	12	11	10	7	96	#
361	193414	7	2	6	8	96	#
362	175624	11	10	12	15	96	#
363	166194	13	12	7	2	96	#
364	1029678	17	16	22	29	21	20	18	15	10	5	11	19	23	24	6	0	13	1	12	97	#
365	1206995	6	1	5	0	29	7	12	11	10	16	28	2	13	15	3	17	18	22	21	97	#
366	1042037	5	0	21	10	20	16	1	22	15	11	17	12	18	19	6	7	2	3	14	97	#
367	1007843	0	5	6	10	11	17	1	16	15	20	7	21	22	23	12	18	24	2	19	97	#
368	983094	10	5	11	12	15	17	6	0	7	1	2	20	8	21	16	18	19	13	3	97	#
369	975844	22	17	21	11	16	12	15	10	23	24	18	20	19	7	5	13	2	3	6	97	#
370	33314	25	#
371	116900	22	17	21	98	#
372	151020	17	16	11	98	#
373	128519	21	16	22	98	#
374	118217	22	23	21	98	#
375	20842	26	#
376	158734	16	21	22	99	#
377	177364	21	16	17	99	#
378	149535	16	17	11	99	#
379	82125	7	#
380	241029	13	12	18	11	17	16	100	#
381	344623	18	11	10	5	15	0	100	#
382	320600	13	18	15	10	5	22	100	#
383	269717	17	11	18	12	13	10	100	#
384	62773	16	21	20	11	10	15	100	#
385	1447253	14	13	9	8	21	7	4	22	3	19	23	18	16	12	17	11	28	2	10	15	5	24	20	6	1	0	101	#
386	1511936	21	20	22	17	29	16	23	18	24	19	11	10	13	12	7	14	15	0	28	5	6	1	8	2	9	4	101	#
387	1455788	11	17	16	15	10	20	18	13	12	7	22	8	9	26	21	4	6	19	28	3	24	14	23	5	1	0	101	#
388	1446795	17	18	11	13	22	21	16	20	10	23	24	29	19	5	15	14	12	7	6	1	2	0	8	3	9	4	101	#
389	1405438	14	19	24	23	13	12	22	17	7	18	16	11	6	21	5	20	10	15	0	8	1	9	2	4	3	27	101	#
390	1402936	4	9	8	7	12	3	14	13	2	11	16	17	10	6	21	22	23	1	24	18	20	15	5	19	0	25	101	#
391	229054	13	12	18	23	102	#
392	298448	18	23	19	14	102	#
393	283539	13	3	2	7	102	#
394	238249	12	13	7	11	102	#
395	223531	23	22	17	18	102	#
396	435896	21	22	20	23	17	16	24	19	103	#
397	481932	22	17	23	18	19	16	11	24	103	#
398	476044	19	18	24	23	17	22	21	20	103	#
399	376335	17	11	16	18	19	15	10	20	103	#
400	361625	21	22	20	23	17	16	18	7	103	#
401	351794	24	19	18	14	23	22	9	4	103	#
402	354834	1	0	5	6	104	#
403	381166	1	0	5	10	104	#
404	374127	5	6	1	7	104	#
405	327951	0	5	21	10	104	#
406	321896	6	5	10	20	104	#
407	510336	24	19	18	13	23	14	17	16	9	4	105	#
408	641641	13	12	14	19	18	7	8	24	9	3	105	#
409	604256	14	9	13	18	19	17	8	16	7	6	105	#
410	576446	23	24	19	22	14	13	18	9	17	16	105	#
411	549963	17	18	13	12	19	14	16	27	7	10	105	#
412	548678	24	19	23	18	6	5	22	21	10	0	105	#
413	93200	24	#
414	285433	10	15	16	21	11	22	12	20	106	#
415	410464	11	12	13	18	17	19	16	24	106	#
416	378777	10	11	17	22	12	16	23	18	106	#
417	358665	21	20	22	17	16	11	10	12	106	#
418	315693	12	13	14	11	9	4	10	17	106	#
419	289749	22	17	21	20	16	23	24	15	106	#
420	595804	15	16	11	12	10	20	17	5	22	21	6	23	18	0	13	107	#
421	798927	13	14	19	24	23	18	12	11	17	16	0	22	9	4	3	107	#
422	693536	16	11	12	17	21	20	15	10	22	23	5	18	24	19	0	107	#
423	680107	10	15	11	17	5	12	16	22	0	20	6	21	23	24	18	107	#
424	667318	20	15	16	12	7	8	21	22	6	2	23	17	9	10	3	107	#
425	628212	18	23	19	14	13	24	25	12	9	8	11	4	17	16	22	107	#
426	710600	21	22	17	16	20	15	23	11	18	13	24	19	108	#
427	768577	17	18	19	16	24	14	9	13	23	15	22	21	108	#
428	752634	24	19	18	17	14	23	9	27	16	11	13	8	108	#
429	750296	11	9	17	16	18	21	23	15	22	19	24	20	108	#
430	722326	19	18	17	14	24	23	22	9	21	13	12	16	108	#
431	701558	16	21	20	15	22	17	11	18	10	5	6	13	108	#
432	153867	12	11	17	109	#
433	162465	12	7	11	109	#
434	157414	17	18	11	109	#
435	134818	11	12	13	109	#
436	74843	24	#
437	135769	20	15	10	11	110	#
438	145780	15	20	10	16	110	#
439	140493	10	11	15	17	110	#
440	96609	20	15	21	10	110	#
441	289903	19	18	13	12	14	24	23	111	#
442	346334	23	22	17	21	20	18	13	111	#
443	327416	19	14	13	12	18	23	9	111	#
444	302186	14	13	18	19	23	25	17	111	#
445	283695	24	23	22	17	18	19	21	111	#
446	451674	4	3	2	9	14	8	13	12	112	#
447	602597	2	3	1	0	6	5	8	9	112	#
448	489003	14	18	19	9	13	12	4	1	112	#
449	467558	12	13	14	11	9	17	10	5	112	#
450	451782	8	3	9	4	14	13	19	18	112	#
451	423322	3	2	8	9	14	13	18	23	112	#
452	772171	10	5	6	7	8	0	11	16	3	1	17	2	12	113	#
453	817329	6	7	5	12	8	0	2	13	9	3	1	10	11	113	#
454	815281	0	1	5	6	10	7	11	8	15	20	9	16	3	113	#
455	760823	5	0	6	1	7	12	11	17	10	13	18	8	16	113	#
456	732385	1	0	6	5	7	8	3	9	4	14	10	11	16	113	#
457	726381	3	2	7	6	8	5	4	10	1	0	11	16	17	113	#
458	576356	7	2	3	4	9	8	0	5	10	114	#
459	641469	7	8	6	12	3	5	11	0	2	114	#
460	606630	2	7	12	0	1	6	5	8	11	114	#
461	565570	5	0	6	1	7	10	2	11	12	114	#
462	539688	0	5	6	17	18	10	22	1	19	114	#
463	504178	3	4	8	9	7	6	2	1	14	114	#
464	267326	7	8	9	6	2	115	#
465	348575	7	6	5	8	1	115	#
466	228011	8	9	4	3	14	115	#
467	225499	9	14	8	26	19	115	#
468	187085	2	7	3	8	13	115	#
469	692379	19	14	13	9	24	18	17	16	12	23	11	15	6	116	#
470	789479	18	6	13	12	14	1	5	11	0	19	24	9	17	116	#
471	746683	23	22	18	17	24	28	11	21	19	12	16	13	15	116	#
472	722491	19	14	9	13	24	23	18	4	8	7	12	11	22	116	#
473	705719	24	23	19	14	22	21	20	15	16	13	12	9	10	116	#
474	680465	6	5	10	1	15	0	16	20	21	11	12	7	22	116	#
475	628435	9	4	3	2	8	7	26	12	14	13	6	117	#
476	869173	6	1	7	5	8	10	3	2	17	22	9	117	#
477	816077	12	7	2	3	8	13	11	9	17	10	5	117	#
478	808825	2	3	4	7	6	5	8	0	1	12	9	117	#
479	787558	8	7	2	12	3	13	18	6	5	11	19	117	#
480	733317	3	8	2	7	12	11	17	22	10	6	9	117	#
481	45992	15	#
482	75559	21	20	16	15	118	#
483	88297	16	15	17	11	118	#
484	80229	15	20	10	16	118	#
485	357699	21	20	22	17	23	15	16	18	11	119	#
486	534271	11	16	21	17	15	10	5	6	22	119	#
487	502232	15	10	5	0	16	11	12	17	22	119	#
488	481320	23	9	18	17	8	22	4	3	7	119	#
489	472611	18	17	13	11	10	12	23	22	16	119	#
490	448455	17	22	11	10	18	15	13	23	12	119	#
491	556327	6	7	8	1	0	5	10	15	20	11	9	17	4	120	#
492	823107	8	7	12	28	9	14	3	19	24	15	10	27	23	120	#
493	751695	1	6	0	5	10	7	2	15	12	16	20	3	8	120	#
494	702559	6	20	1	0	7	5	8	10	12	3	2	21	15	120	#
495	694370	0	5	1	10	11	16	15	12	20	21	17	6	27	120	#
496	683473	10	11	16	5	17	15	29	0	22	20	12	1	7	120	#
497	811650	19	10	11	24	15	5	23	16	0	12	14	18	121	#
498	1080541	19	14	24	18	23	13	12	9	7	0	1	5	121	#
499	882715	0	6	5	1	7	12	8	13	10	11	17	9	121	#
500	857901	12	14	11	19	13	7	2	24	23	18	9	6	121	#
501	855027	10	11	5	12	0	15	1	6	7	13	16	18	121	#
502	839004	5	10	0	6	1	11	16	8	12	13	7	2	121	#
503	82389	15	20	21	122	#
504	91617	15	25	16	122	#
505	60788	20	15	10	122	#
506	45615	18	#
507	296658	14	13	19	24	18	123	#
508	296141	24	19	18	14	9	123	#
509	288024	19	18	17	24	22	123	#
510	235979	13	18	17	14	11	123	#
511	207298	18	13	14	19	12	123	#
512	832135	11	10	17	16	18	21	12	23	15	20	19	6	5	22	124	#
513	829553	11	12	7	17	18	6	8	16	21	10	5	20	22	23	124	#
514	825584	18	19	17	23	13	11	10	22	12	16	5	21	0	1	124	#
515	819485	20	21	15	22	16	10	23	11	24	17	12	7	6	5	124	#
516	803130	10	11	17	16	5	0	21	15	18	22	12	13	23	19	124	#
517	782812	21	20	16	17	11	18	13	22	12	15	23	7	24	19	124	#
518	196939	23	24	18	125	#
519	189962	18	17	22	125	#
520	175710	24	23	19	125	#
521	160005	23	22	17	125	#
522	200494	19	24	126	#
523	157211	24	23	126	#
524	523849	28	3	8	2	7	9	4	14	12	6	127	#
525	669259	8	3	4	7	2	9	6	1	12	5	127	#
526	666065	7	8	6	9	1	3	12	5	11	4	127	#
527	664160	6	5	7	10	12	15	20	2	1	21	127	#
528	631815	12	13	11	18	7	6	8	16	17	2	127	#
529	628106	9	8	4	7	6	12	13	18	2	5	127	#
530	807127	8	3	4	9	7	14	12	6	5	19	0	1	2	13	10	128	#
531	947678	12	7	6	2	5	1	8	9	0	11	16	13	4	3	17	128	#
532	921056	5	0	1	10	27	15	6	16	3	7	11	21	22	17	12	128	#
533	901877	7	2	12	3	6	1	0	11	8	16	4	17	5	15	9	128	#
534	889859	1	0	6	5	7	12	11	13	14	9	8	16	10	17	22	128	#
535	863788	3	2	7	6	5	0	1	8	10	4	9	15	16	17	22	128	#
536	89589	3	#
537	1309576	6	1	0	5	10	23	11	17	22	18	12	13	7	16	21	20	25	14	15	28	19	9	8	24	2	3	4	129	#
538	1404998	1	0	6	5	10	11	17	12	22	9	7	2	15	16	21	13	8	4	20	14	18	3	23	19	24	28	27	129	#
539	1342364	16	21	22	11	10	23	24	5	15	20	0	12	17	13	18	14	1	6	7	8	9	29	2	3	4	19	28	129	#
540	1318630	5	6	1	0	7	2	12	11	17	16	13	22	18	10	15	8	20	23	19	21	14	3	24	9	4	28	26	129	#
541	1288280	21	22	20	16	11	15	10	17	18	5	13	23	0	14	1	6	12	9	19	7	8	24	2	4	3	27	29	129	#
542	1264547	17	22	18	13	14	21	23	16	11	12	20	9	7	4	6	8	5	24	2	19	15	10	0	3	1	27	26	129	#
543	168286	4	3	8	2	130	#
544	228596	2	7	3	8	130	#
545	187203	4	17	3	2	130	#
546	1027834	18	17	23	11	19	13	22	14	12	7	9	27	6	21	4	16	1	3	131	#
547	1090811	7	2	3	8	12	9	4	13	6	1	18	19	14	5	23	17	22	16	131	#
548	1068614	6	1	0	5	7	8	9	3	4	14	13	19	12	11	18	2	23	22	131	#
549	1035405	27	3	2	8	4	9	15	7	16	24	6	23	14	21	1	19	13	28	131	#
550	996539	16	15	21	22	20	23	18	5	10	11	6	7	8	9	0	12	19	13	131	#
551	973928	21	16	20	15	22	17	11	18	23	13	12	7	6	1	10	8	2	5	131	#
552	75907	10	11	15	20	132	#
553	49305	20	21	15	16	132	#
554	25236	2	#
555	166671	5	0	10	133	#
556	181951	0	1	6	133	#
557	50181	10	11	16	133	#
558	82164	29	#
559	94561	18	#
560	132008	29	#
561	68176	4	3	134	#
562	73397	3	2	134	#
563	432935	9	8	3	2	7	4	6	14	1	135	#
564	519394	6	1	7	0	2	3	5	4	10	135	#
565	510255	9	8	14	19	3	18	17	23	13	135	#
566	486224	14	9	8	19	4	7	2	3	18	135	#
567	484097	3	2	4	8	9	14	19	7	24	135	#
568	478972	1	0	5	10	6	15	19	20	11	135	#
569	109634	11	16	15	12	136	#
570	159437	16	15	17	20	136	#
571	122774	11	12	13	14	136	#
572	115713	15	20	21	16	136	#
573	207073	9	14	19	24	137	#
574	264796	19	24	23	22	137	#
575	244933	14	19	18	23	137	#
576	110025	9	14	13	8	137	#
577	640689	8	9	4	3	14	19	2	7	18	12	13	23	138	#
578	895958	3	2	7	14	9	8	19	4	24	23	13	6	138	#
579	889060	7	6	5	0	2	8	9	4	3	1	14	19	138	#
580	886571	19	14	24	23	9	8	7	4	13	18	6	3	138	#
581	846105	2	7	3	4	9	8	14	19	6	24	18	13	138	#
582	813098	8	3	2	7	6	9	4	14	13	19	18	5	138	#
583	724209	14	9	8	7	6	4	1	5	24	139	#
584	688101	5	6	7	10	1	2	11	3	12	139	#
585	682259	6	5	7	1	0	2	10	12	11	139	#
586	659710	8	3	9	14	4	7	2	6	5	139	#
587	649279	1	0	6	5	7	10	12	11	8	139	#
588	642997	7	8	6	2	9	5	14	10	4	139	#
589	309714	13	18	14	19	24	23	140	#
590	417447	13	9	8	14	19	12	140	#
591	305580	14	13	12	11	7	17	140	#
592	267462	24	23	22	19	14	18	140	#
593	255923	23	24	18	29	13	17	140	#
594	250951	19	15	14	24	18	13	140	#
595	134164	27	#
596	46419	17	#
597	1263164	21	16	20	11	15	22	12	7	10	24	5	23	19	0	6	18	17	8	9	14	13	1	2	3	4	141	#
598	1428714	19	14	13	27	12	7	9	6	1	2	18	3	8	24	5	23	10	17	4	22	15	21	11	16	0	141	#
599	1329553	4	9	3	2	14	29	8	7	12	13	19	11	18	6	10	5	1	23	0	17	16	22	21	24	15	141	#
600	1239183	24	19	18	14	13	23	9	4	8	22	21	3	12	7	2	11	10	17	16	20	15	5	28	0	1	141	#
601	1226116	21	16	17	11	12	22	7	15	18	19	14	13	23	9	2	3	10	8	4	6	5	26	24	20	1	141	#
