%% File generated by CATS v.2.1Tue Aug 20 18:57:00 2019

%% The CATS webpage is http://robotics.stanford.edu/CATS

%% PARAMETER SETTINGS:
% Goods: 30; Bids: 600; Distribution: paths; Runs: 10; Seed: 1566345286
% Paths Distribution Parameters:
% Initial connections:       = 2
% Edge density:              = 3.000000
% Shipping cost factor:      = 1.500000
% Max bid set size:          = 5
% Building penalty:          = 1.700000



goods 30
bids 602
dummy 197

0	937	24	#
1	772	9	23	30	#
2	772	3	9	16	30	#
3	772	10	20	30	#
4	772	6	9	20	30	#
5	772	3	10	25	30	#
6	938	24	#
7	866	25	27	31	#
8	866	6	13	14	31	#
9	866	6	11	12	14	31	#
10	866	7	11	17	31	#
11	866	7	22	27	31	#
12	319	11	#
13	772	9	23	32	#
14	772	3	9	16	32	#
15	772	10	20	32	#
16	772	6	9	20	32	#
17	772	3	10	25	32	#
18	1100	19	33	#
19	1100	8	27	33	#
20	1100	2	29	33	#
21	1100	3	18	28	33	#
22	1100	25	26	33	#
23	1005	7	26	34	#
24	1005	5	29	34	#
25	1005	17	28	34	#
26	1005	19	22	34	#
27	1005	2	5	19	34	#
28	319	0	#
29	1124	18	21	35	#
30	1124	3	24	35	#
31	1124	1	15	35	#
32	1124	0	18	28	35	#
33	1124	0	3	19	35	#
34	598	17	#
35	343	25	#
36	859	26	#
37	1069	29	36	#
38	1069	2	19	36	#
39	1069	4	18	28	36	#
40	650	8	#
41	310	0	#
42	1008	6	14	1	#
43	546	20	37	#
44	546	25	3	37	#
45	546	7	5	4	37	#
46	546	7	22	3	37	#
47	546	7	5	2	3	37	#
48	854	0	8	#
49	94	6	#
50	1124	18	21	38	#
51	1124	3	24	38	#
52	1124	15	1	38	#
53	1124	18	28	0	38	#
54	1124	3	19	0	38	#
55	251	12	#
56	387	9	#
57	706	2	27	#
58	923	11	17	39	#
59	923	27	22	39	#
60	923	27	2	5	39	#
61	923	27	25	7	39	#
62	923	11	18	4	5	39	#
63	204	3	#
64	672	2	27	#
65	1005	26	7	40	#
66	1005	29	5	40	#
67	1005	28	17	40	#
68	1005	19	22	40	#
69	1005	19	2	5	40	#
70	1124	18	21	41	#
71	1124	3	24	41	#
72	1124	15	1	41	#
73	1124	18	28	0	41	#
74	1124	3	19	0	41	#
75	1124	21	18	42	#
76	1124	24	3	42	#
77	1124	1	15	42	#
78	1124	0	28	18	42	#
79	1124	0	19	3	42	#
80	561	13	43	#
81	561	11	12	43	#
82	1124	18	21	44	#
83	1124	3	24	44	#
84	1124	15	1	44	#
85	1124	18	28	0	44	#
86	1124	3	19	0	44	#
87	294	9	#
88	591	2	27	#
89	340	22	45	#
90	340	2	5	45	#
91	439	18	#
92	257	7	6	#
93	841	19	#
94	282	7	5	#
95	288	11	#
96	1098	24	2	46	#
97	1098	0	29	46	#
98	899	18	28	47	#
99	899	3	19	47	#
100	578	8	#
101	407	6	7	5	#
102	235	11	#
103	1267	2	24	48	#
104	1267	29	0	48	#
105	1267	2	19	0	48	#
106	1267	5	7	6	14	1	48	#
107	1267	4	18	21	48	#
108	275	11	#
109	926	13	14	49	#
110	926	11	12	14	49	#
111	926	27	16	49	#
112	926	27	25	6	49	#
113	295	14	#
114	811	26	#
115	165	3	#
116	546	20	50	#
117	546	3	25	50	#
118	546	4	5	7	50	#
119	546	3	22	7	50	#
120	546	3	2	5	7	50	#
121	100	6	#
122	150	3	#
123	607	17	#
124	629	1	#
125	1194	24	51	#
126	1194	19	0	51	#
127	1194	27	8	0	51	#
128	1194	3	18	21	51	#
129	1194	2	29	0	51	#
130	1197	7	6	14	1	52	#
131	1197	7	26	0	52	#
132	1197	22	24	52	#
133	1197	5	2	24	52	#
134	1197	17	21	52	#
135	168	5	#
136	176	5	#
137	963	18	28	53	#
138	963	3	19	53	#
139	918	19	#
140	1188	6	14	1	54	#
141	1188	26	0	54	#
142	590	6	14	12	#
143	252	0	#
144	350	14	#
145	420	18	#
146	281	9	#
147	529	23	55	#
148	529	3	16	55	#
149	529	20	6	55	#
150	505	16	56	#
151	505	6	25	56	#
152	505	6	7	22	56	#
153	505	6	7	5	2	56	#
154	597	18	11	57	#
155	597	3	27	57	#
156	600	27	#
157	1124	18	21	58	#
158	1124	3	24	58	#
159	1124	15	1	58	#
160	1124	18	28	0	58	#
161	1124	3	19	0	58	#
162	1122	26	59	#
163	1122	25	19	59	#
164	1122	6	14	12	28	59	#
165	1122	7	5	29	59	#
166	1122	7	17	28	59	#
167	524	14	12	#
168	807	2	27	60	#
169	807	4	18	11	60	#
170	714	2	27	#
171	546	20	61	#
172	546	3	25	61	#
173	546	4	5	7	61	#
174	546	3	22	7	61	#
175	546	3	2	5	7	61	#
176	325	6	7	#
177	940	6	26	#
178	994	28	18	62	#
179	994	19	3	62	#
180	85	6	#
181	704	17	63	#
182	704	18	4	5	63	#
183	497	16	64	#
184	497	6	25	64	#
185	497	6	7	22	64	#
186	497	6	7	5	2	64	#
187	611	17	#
188	485	8	#
189	1121	1	14	6	65	#
190	1121	0	26	65	#
191	942	28	18	66	#
192	942	19	3	66	#
193	960	26	#
194	546	20	67	#
195	546	3	25	67	#
196	546	4	5	7	67	#
197	546	3	22	7	67	#
198	546	3	2	5	7	67	#
199	166	3	#
200	1105	21	18	68	#
201	1105	24	3	68	#
202	1105	1	15	68	#
203	1105	0	28	18	68	#
204	246	11	#
205	1111	9	14	13	69	#
206	1111	9	14	12	11	69	#
207	1111	9	16	27	69	#
208	1111	10	25	27	69	#
209	1111	9	6	25	27	69	#
210	798	21	70	#
211	798	0	28	70	#
212	379	14	#
213	930	1	#
214	477	18	#
215	182	3	#
216	143	2	#
217	334	6	7	#
218	279	12	#
219	287	4	71	#
220	287	2	3	71	#
221	499	7	6	14	#
222	866	27	25	72	#
223	866	13	14	6	72	#
224	866	11	12	14	6	72	#
225	866	11	17	7	72	#
226	866	27	22	7	72	#
227	991	19	73	#
228	991	8	27	73	#
229	991	29	2	73	#
230	991	28	18	3	73	#
231	522	14	12	#
232	579	15	#
233	767	21	74	#
234	767	0	28	74	#
235	1046	26	#
236	950	21	75	#
237	950	0	28	75	#
238	950	1	12	75	#
239	950	0	8	11	75	#
240	576	23	76	#
241	576	3	16	76	#
242	576	20	6	76	#
243	576	3	25	6	76	#
244	576	4	5	7	6	76	#
245	317	11	#
246	112	6	#
247	106	6	#
248	460	27	#
249	1124	18	21	77	#
250	1124	3	24	77	#
251	1124	15	1	77	#
252	1124	18	28	0	77	#
253	1124	3	19	0	77	#
254	1069	29	78	#
255	1069	2	19	78	#
256	1069	4	18	28	78	#
257	1069	2	27	8	78	#
258	1069	5	7	26	78	#
259	596	7	10	79	#
260	596	7	6	9	79	#
261	1267	24	2	80	#
262	1267	0	29	80	#
263	1267	0	19	2	80	#
264	1267	1	14	6	7	5	80	#
265	1267	21	18	4	80	#
266	273	0	#
267	744	9	23	81	#
268	744	9	16	3	81	#
269	709	17	82	#
270	709	18	4	5	82	#
271	251	7	6	#
272	1124	21	18	83	#
273	1124	24	3	83	#
274	1124	1	15	83	#
275	1124	0	28	18	83	#
276	1124	0	19	3	83	#
277	1124	18	21	84	#
278	1124	3	24	84	#
279	1124	15	1	84	#
280	1124	18	28	0	84	#
281	1124	3	19	0	84	#
282	534	14	12	#
283	467	27	#
284	1070	1	14	#
285	919	29	85	#
286	919	2	19	85	#
287	414	16	86	#
288	414	25	6	86	#
289	513	27	#
290	1066	18	28	87	#
291	1066	3	19	87	#
292	1066	4	29	87	#
293	1066	18	11	8	87	#
294	1066	3	27	8	87	#
295	515	13	88	#
296	515	11	12	88	#
297	597	28	#
298	546	28	#
299	476	16	89	#
300	476	6	25	89	#
301	571	14	6	7	#
302	618	27	2	#
303	790	21	90	#
304	790	0	28	90	#
305	440	14	6	#
306	318	9	#
307	585	11	18	#
308	994	6	26	91	#
309	994	14	12	28	91	#
310	806	14	13	92	#
311	806	14	12	11	92	#
312	806	16	27	92	#
313	1190	24	2	93	#
314	1190	0	29	93	#
315	1190	0	19	2	93	#
316	357	14	6	#
317	203	5	#
318	1069	6	14	1	94	#
319	1069	26	0	94	#
320	546	20	95	#
321	546	3	25	95	#
322	546	4	5	7	95	#
323	546	3	22	7	95	#
324	546	3	2	5	7	95	#
325	899	26	6	#
326	159	7	#
327	95	6	#
328	734	9	16	96	#
329	734	10	25	96	#
330	734	9	6	25	96	#
331	734	10	7	22	96	#
332	734	10	7	5	2	96	#
333	832	11	17	97	#
334	832	27	22	97	#
335	832	27	2	5	97	#
336	596	12	14	6	#
337	1104	13	14	9	98	#
338	1104	11	12	14	9	98	#
339	1104	27	16	9	98	#
340	1104	27	25	10	98	#
341	657	12	14	6	99	#
342	657	17	7	99	#
343	1097	1	14	#
344	102	6	#
345	932	9	14	12	100	#
346	932	10	6	14	12	100	#
347	171	2	#
348	656	10	7	5	101	#
349	656	9	6	7	5	101	#
350	1066	28	18	102	#
351	1066	19	3	102	#
352	1066	29	4	102	#
353	1066	8	11	18	102	#
354	1066	8	27	3	102	#
355	866	25	27	103	#
356	866	6	14	13	103	#
357	866	6	14	12	11	103	#
358	866	7	17	11	103	#
359	866	7	22	27	103	#
360	1276	6	14	1	104	#
361	1276	26	0	104	#
362	1276	25	24	104	#
363	342	9	#
364	335	12	#
365	530	20	105	#
366	530	25	3	105	#
367	530	7	5	4	105	#
368	372	9	#
369	1005	26	7	106	#
370	1005	29	5	106	#
371	1005	28	17	106	#
372	1005	19	22	106	#
373	1005	19	2	5	106	#
374	830	19	#
375	546	20	107	#
376	546	3	25	107	#
377	546	4	5	7	107	#
378	546	3	22	7	107	#
379	546	3	2	5	7	107	#
380	468	18	#
381	1061	24	108	#
382	1061	0	19	108	#
383	175	5	#
384	879	1	#
385	359	0	#
386	647	27	#
387	405	18	#
388	1003	21	109	#
389	1003	0	28	109	#
390	1003	1	12	109	#
391	1003	0	8	11	109	#
392	294	12	#
393	1111	13	14	9	110	#
394	1111	11	12	14	9	110	#
395	1111	27	16	9	110	#
396	1111	27	25	10	110	#
397	1111	27	25	6	9	110	#
398	892	21	111	#
399	892	0	28	111	#
400	892	1	12	111	#
401	306	12	#
402	652	15	112	#
403	652	12	18	112	#
404	583	27	#
405	369	5	7	6	#
406	491	8	#
407	696	9	16	113	#
408	696	10	25	113	#
409	696	9	6	25	113	#
410	581	14	9	#
411	772	9	23	114	#
412	772	9	16	3	114	#
413	772	10	20	114	#
414	772	9	6	20	114	#
415	772	10	25	3	114	#
416	110	6	#
417	587	9	14	#
418	1124	18	21	115	#
419	1124	3	24	115	#
420	1124	15	1	115	#
421	1124	18	28	0	115	#
422	1124	3	19	0	115	#
423	451	20	116	#
424	451	3	25	116	#
425	197	5	#
426	643	5	7	10	117	#
427	643	5	7	6	9	117	#
428	955	26	#
429	912	11	17	118	#
430	912	27	22	118	#
431	912	27	2	5	118	#
432	912	27	25	7	118	#
433	103	6	#
434	372	9	#
435	591	15	119	#
436	591	18	12	119	#
437	870	21	120	#
438	870	0	28	120	#
439	870	1	12	120	#
440	1005	7	26	121	#
441	1005	5	29	121	#
442	1005	17	28	121	#
443	1005	22	19	121	#
444	1005	5	2	19	121	#
445	576	23	122	#
446	576	3	16	122	#
447	576	20	6	122	#
448	576	3	25	6	122	#
449	576	4	5	7	6	122	#
450	220	4	#
451	568	13	123	#
452	568	11	12	123	#
453	581	9	14	#
454	488	23	124	#
455	488	16	3	124	#
456	322	9	#
457	1005	7	26	125	#
458	1005	5	29	125	#
459	1005	17	28	125	#
460	1005	22	19	125	#
461	1005	5	2	19	125	#
462	1058	6	14	1	126	#
463	1058	26	0	126	#
464	1162	2	24	127	#
465	1162	29	0	127	#
466	1162	2	19	0	127	#
467	196	7	#
468	410	10	128	#
469	410	6	9	128	#
470	167	2	#
471	95	6	#
472	931	12	14	9	129	#
473	931	12	14	6	10	129	#
474	1005	26	7	130	#
475	1005	29	5	130	#
476	1005	28	17	130	#
477	1005	19	22	130	#
478	1005	19	2	5	130	#
479	1061	13	14	9	131	#
480	1061	11	12	14	9	131	#
481	1061	27	16	9	131	#
482	622	15	132	#
483	622	12	18	132	#
484	628	10	7	5	133	#
485	628	9	6	7	5	133	#
486	356	16	#
487	853	0	8	#
488	345	12	#
489	414	18	#
490	816	2	27	134	#
491	816	4	18	11	134	#
492	816	4	3	27	134	#
493	546	20	135	#
494	546	25	3	135	#
495	546	7	5	4	135	#
496	546	7	22	3	135	#
497	546	7	5	2	3	135	#
498	791	8	0	#
499	772	23	9	136	#
500	772	3	16	9	136	#
501	772	20	10	136	#
502	772	20	6	9	136	#
503	772	3	25	10	136	#
504	368	9	#
505	649	27	#
506	445	14	6	#
507	396	22	137	#
508	396	5	2	137	#
509	781	11	17	138	#
510	781	27	22	138	#
511	781	27	2	5	138	#
512	351	22	139	#
513	351	2	5	139	#
514	502	28	#
515	246	7	6	#
516	1005	26	7	140	#
517	1005	29	5	140	#
518	1005	28	17	140	#
519	1005	19	22	140	#
520	1005	19	2	5	140	#
521	1074	24	141	#
522	1074	19	0	141	#
523	1194	24	142	#
524	1194	0	19	142	#
525	1194	0	8	27	142	#
526	1194	21	18	3	142	#
527	1194	0	29	2	142	#
528	350	4	5	#
529	623	27	#
530	470	16	143	#
531	470	25	6	143	#
532	1111	9	14	13	144	#
533	1111	9	14	12	11	144	#
534	1111	9	16	27	144	#
535	1111	10	25	27	144	#
536	1111	9	6	25	27	144	#
537	382	18	#
538	420	16	145	#
539	420	25	6	145	#
540	842	12	14	9	#
541	847	27	2	146	#
542	847	11	18	4	146	#
543	847	27	3	4	146	#
544	847	11	18	3	2	146	#
545	743	13	14	147	#
546	743	11	12	14	147	#
547	396	22	148	#
548	396	2	5	148	#
549	190	7	#
550	788	9	14	12	#
551	920	21	149	#
552	920	28	0	149	#
553	920	12	1	149	#
554	1274	6	14	1	150	#
555	1274	26	0	150	#
556	1274	25	24	150	#
557	989	21	151	#
558	989	28	0	151	#
559	989	12	1	151	#
560	989	11	8	0	151	#
561	378	6	14	#
562	157	3	#
563	624	13	152	#
564	624	11	12	152	#
565	508	23	153	#
566	508	16	3	153	#
567	508	6	20	153	#
568	621	27	#
569	1055	26	154	#
570	1055	25	19	154	#
571	1002	29	155	#
572	1002	2	19	155	#
573	923	17	11	156	#
574	923	22	27	156	#
575	923	5	2	27	156	#
576	923	7	25	27	156	#
577	923	5	4	18	11	156	#
578	173	3	#
579	95	6	#
580	1210	6	14	1	157	#
581	1210	26	0	157	#
582	741	21	158	#
583	741	28	0	158	#
584	243	12	#
585	657	1	#
586	424	18	#
587	744	5	7	10	159	#
588	744	5	7	6	9	159	#
589	744	2	16	9	159	#
590	750	1	#
591	1066	18	28	160	#
592	1066	3	19	160	#
593	1066	4	29	160	#
594	1066	18	11	8	160	#
595	1066	3	27	8	160	#
596	336	12	#
597	546	20	161	#
598	546	25	3	161	#
599	546	7	5	4	161	#
600	546	7	22	3	161	#
601	546	7	5	2	3	161	#
