%% File generated by CATS v.2.1Tue Aug 20 18:56:49 2019

%% The CATS webpage is http://robotics.stanford.edu/CATS

%% PARAMETER SETTINGS:
% Goods: 75; Bids: 1500; Distribution: regions-upv; Runs: 10; Seed: 1566345160
% Regions Distribution Parameters:
% Max Substitutable Bids = 5
% Removing HV Neighbor   = 0.1
% Adding DIAG Neighbor   = 0.2
% Additional Location    = 0.9
% Jump Probability       = 0.05
% Additivity             = 0.2
% Budget Factor          = 1.5
% Resale Factor          = 0.5
% Uniform Private Value:
%   Deviation            = 0.5
%   Max Good Value       = 100



goods 75
bids 1505
dummy 278

0	384591	59	60	61	53	54	75	#
1	498394	53	52	54	55	46	75	#
2	455536	54	46	47	39	53	75	#
3	427770	59	60	51	43	52	75	#
4	343252	61	4	12	53	52	75	#
5	340264	60	59	58	50	49	75	#
6	93477	16	17	#
7	57481	70	#
8	413624	52	53	54	61	76	#
9	442071	52	53	45	61	76	#
10	386951	53	45	54	61	76	#
11	338244	54	62	61	53	76	#
12	96815	62	#
13	157646	38	47	77	#
14	75353	38	37	77	#
15	292930	19	43	27	52	78	#
16	321114	27	19	35	28	78	#
17	304586	43	52	35	51	78	#
18	295703	52	53	54	46	78	#
19	171092	19	18	20	10	78	#
20	313695	29	28	37	27	79	#
21	390731	28	27	29	36	79	#
22	344560	37	36	29	28	79	#
23	308999	29	21	13	59	79	#
24	260125	27	35	28	34	79	#
25	1316686	21	13	20	12	5	29	22	4	14	23	11	10	18	37	30	45	2	54	53	38	62	3	52	80	#
26	1675095	23	22	31	21	20	30	37	38	13	45	39	12	5	53	4	52	29	6	36	54	46	61	62	80	#
27	1609862	54	55	53	63	61	46	62	45	47	60	38	37	59	39	30	52	44	36	51	35	28	34	29	80	#
28	1601263	30	37	29	45	44	54	22	31	21	43	20	55	38	52	23	46	53	28	47	27	35	39	34	80	#
29	1586394	62	54	63	45	61	46	53	37	30	31	35	43	36	22	23	51	50	52	49	34	59	38	41	80	#
30	1569637	22	23	21	20	13	14	12	29	54	30	37	28	31	63	55	6	46	4	45	38	5	62	39	80	#
31	715846	25	24	33	32	16	8	0	40	48	9	10	26	81	#
32	859709	40	32	48	21	46	33	56	45	22	53	13	49	81	#
33	813799	25	33	32	24	16	40	48	49	56	26	8	50	81	#
34	812193	33	32	24	16	8	25	0	1	9	17	34	2	81	#
35	804924	9	10	63	1	55	8	0	11	2	16	46	38	81	#
36	735574	0	8	16	17	24	68	32	25	33	9	10	11	81	#
37	288638	6	5	15	14	82	#
38	338956	14	6	22	30	82	#
39	222590	6	5	4	12	82	#
40	1228618	22	21	20	19	13	29	30	27	23	28	5	14	6	37	7	18	15	83	#
41	1469294	15	6	5	13	20	21	29	14	37	36	45	54	28	38	22	53	55	83	#
42	1382676	21	29	13	5	14	37	30	20	22	35	36	44	6	28	27	45	53	83	#
43	1328548	30	37	29	45	28	54	36	44	53	52	35	38	46	21	55	27	19	83	#
44	1321492	20	21	19	22	18	27	13	5	29	37	38	28	6	36	4	14	30	83	#
45	1319059	14	6	22	30	31	37	23	36	21	29	45	44	5	54	53	62	20	83	#
46	262029	62	61	60	59	84	#
47	333322	59	60	61	53	84	#
48	324345	60	59	58	51	84	#
49	322203	61	53	62	54	84	#
50	258948	62	37	38	36	84	#
51	83947	70	#
52	363187	40	48	41	42	56	51	49	59	32	85	#
53	521697	42	41	51	34	52	36	44	49	35	85	#
54	510272	49	42	51	34	52	53	61	43	44	85	#
55	493914	48	40	17	56	32	16	49	24	42	85	#
56	461726	59	51	41	49	52	48	17	42	50	85	#
57	331050	56	57	48	49	40	42	32	41	51	85	#
58	10597	43	#
59	1072714	48	56	49	42	57	50	40	51	58	43	35	68	52	59	44	36	86	#
60	1494826	44	52	36	43	28	35	42	34	29	27	51	19	53	21	50	72	86	#
61	1443019	59	60	58	51	50	20	52	13	42	21	5	19	27	35	28	29	86	#
62	1319171	52	53	43	35	45	27	36	28	44	54	37	42	19	30	51	50	86	#
63	1292245	68	58	50	51	42	43	44	52	34	45	35	24	36	27	25	33	86	#
64	1281913	36	44	30	22	21	38	23	13	5	20	46	55	52	6	28	43	86	#
65	522200	38	39	37	46	29	87	#
66	554905	39	38	46	30	31	87	#
67	535220	29	37	28	27	38	87	#
68	510342	37	30	38	46	31	87	#
69	495937	46	55	63	38	30	87	#
70	399022	38	46	55	47	63	87	#
71	927287	13	14	5	22	4	12	6	15	11	67	7	21	2	1	34	3	29	30	10	88	#
72	1390906	6	7	15	5	13	14	20	4	19	27	21	29	22	28	37	36	44	45	18	88	#
73	1385599	21	20	22	29	13	28	46	37	38	14	36	47	44	27	39	43	35	42	10	88	#
74	1372158	22	14	23	6	13	5	15	21	30	20	7	37	29	19	4	31	28	38	46	88	#
75	1334314	7	6	14	15	13	20	21	22	19	5	23	42	50	43	41	51	49	58	31	88	#
76	1325334	67	47	38	37	69	45	44	36	29	54	28	21	20	27	39	35	63	19	53	88	#
77	1397718	57	56	49	50	58	42	43	34	51	35	59	52	53	44	36	27	37	38	28	89	#
78	1564425	38	47	39	55	46	63	37	30	45	44	36	52	22	28	35	29	14	23	53	89	#
79	1509218	43	44	35	51	50	45	36	53	42	34	52	49	57	61	37	58	30	29	59	89	#
80	1493743	35	36	28	27	34	42	37	43	29	44	51	19	45	38	52	49	50	58	47	89	#
81	1470513	57	49	42	43	44	52	53	50	45	46	47	51	38	61	30	16	39	36	37	89	#
82	1449661	52	51	53	50	43	45	42	35	34	61	44	36	49	37	57	58	1	28	38	89	#
83	415692	8	0	9	17	16	1	90	#
84	467320	16	17	8	24	9	0	90	#
85	443292	1	0	58	50	9	59	90	#
86	349273	0	8	57	49	42	51	90	#
87	288491	64	63	62	54	53	45	91	#
88	341102	54	53	45	63	46	55	91	#
89	318132	64	62	61	60	54	46	91	#
90	305928	62	63	54	46	45	53	91	#
91	284895	63	55	47	46	54	38	91	#
92	1289095	19	27	28	18	36	60	10	37	9	61	1	62	30	54	29	45	92	#
93	1385498	45	37	53	61	60	46	55	54	38	29	62	63	28	36	52	39	92	#
94	1301890	28	36	37	45	29	53	30	44	52	54	61	46	62	43	42	27	92	#
95	1272813	30	38	39	37	46	29	45	54	47	44	53	62	21	22	28	36	92	#
96	1243464	61	60	53	59	45	37	54	46	52	44	51	29	36	24	62	38	92	#
97	1241863	27	28	36	29	37	19	21	45	54	65	44	62	46	20	61	53	92	#
98	67652	73	#
99	2316297	10	2	11	50	18	42	51	52	44	41	40	19	3	20	43	21	26	13	35	25	9	5	59	32	58	6	48	14	24	33	53	61	60	36	34	27	49	16	22	93	#
100	2645349	35	43	42	61	53	44	49	52	41	51	60	48	40	59	34	32	58	50	36	28	37	33	38	46	29	56	47	45	30	25	26	31	18	55	24	16	21	72	63	93	#
101	2602337	42	58	50	41	59	51	40	52	48	60	44	43	56	32	70	35	61	49	27	36	28	37	38	53	47	39	30	29	54	63	46	55	33	25	26	18	21	62	13	93	#
102	2599059	61	60	53	52	45	37	59	38	58	30	54	43	73	51	44	50	47	39	42	34	41	36	55	40	20	63	72	35	48	21	32	46	13	31	27	29	56	19	33	93	#
103	2596401	21	22	13	30	5	37	23	38	36	20	46	55	14	44	29	31	54	63	6	35	27	28	43	39	19	52	47	51	42	53	15	59	58	41	60	18	50	61	26	93	#
104	2590799	40	32	33	25	26	63	18	54	46	10	48	2	19	53	3	55	11	60	9	47	39	38	61	8	0	52	13	56	51	59	58	1	30	20	21	64	44	42	43	93	#
105	132547	23	22	94	#
106	25368	23	12	94	#
107	1981531	8	9	17	10	0	11	18	1	62	58	26	3	12	2	13	46	25	47	16	63	5	55	21	54	38	59	29	51	20	50	45	19	95	#
108	2358463	29	37	30	36	38	22	46	35	47	45	23	39	27	19	53	34	42	49	41	28	50	61	52	51	44	21	48	60	56	13	55	12	95	#
109	2344339	16	8	9	10	1	2	0	11	59	12	18	24	60	26	25	13	3	5	6	61	53	52	7	51	19	15	27	35	17	50	33	49	95	#
110	2326952	1	9	8	0	2	10	18	26	11	3	12	17	16	13	21	29	20	5	19	25	6	7	53	61	60	33	59	52	15	51	27	28	95	#
111	2297227	18	10	19	11	3	12	20	9	47	27	35	39	2	53	13	26	46	55	21	5	38	61	52	8	63	16	60	1	25	34	17	59	95	#
112	2239262	58	59	51	50	60	42	34	49	41	61	35	36	28	53	62	29	27	52	13	37	5	12	38	19	46	47	45	18	10	11	40	2	95	#
113	1098680	24	25	16	26	33	17	8	42	51	50	41	52	43	96	#
114	1179961	41	42	51	43	72	74	52	44	50	35	36	28	53	96	#
115	1078392	50	24	42	41	25	67	43	40	52	51	53	44	35	96	#
116	1058231	51	42	50	41	43	58	52	53	20	19	49	13	5	96	#
117	1049805	16	17	40	24	41	42	50	52	44	43	51	8	25	96	#
118	1026737	43	51	42	52	44	34	53	45	50	36	26	46	54	96	#
119	1087153	52	37	30	31	38	53	46	44	47	61	36	45	39	55	23	97	#
120	1253628	23	31	30	38	22	37	14	21	29	6	36	28	15	61	60	97	#
121	1213207	36	37	38	30	72	46	22	54	47	21	35	55	29	62	28	97	#
122	1202956	37	29	21	67	38	47	28	36	30	35	55	56	27	17	48	97	#
123	1157571	38	30	22	37	36	21	23	45	29	31	54	55	44	53	52	97	#
124	1116260	53	52	44	54	36	61	28	35	51	29	62	46	63	42	27	97	#
125	471787	9	8	17	10	11	16	18	12	25	98	#
126	626058	17	9	16	10	53	54	52	63	18	98	#
127	612641	8	16	17	43	9	10	18	44	45	98	#
128	463291	12	4	8	5	16	17	3	9	0	98	#
129	434398	11	12	3	13	4	5	21	14	29	98	#
130	402981	9	10	8	18	61	17	11	1	12	98	#
131	194635	22	21	99	#
132	137209	22	14	99	#
133	39346	71	#
134	980399	52	44	36	53	61	45	43	37	29	54	46	28	55	63	38	100	#
135	1193183	28	36	29	37	56	45	46	53	38	39	21	54	55	27	35	100	#
136	1147713	46	38	37	45	55	39	36	47	28	29	54	31	53	52	43	100	#
137	1134668	54	53	55	62	61	63	21	22	29	45	28	52	36	37	35	100	#
138	1109076	44	43	36	64	52	53	45	35	54	27	28	61	50	29	48	100	#
139	1092001	61	53	54	73	55	45	37	63	52	51	62	50	46	36	29	100	#
140	652093	55	54	47	63	38	39	12	53	52	45	101	#
141	940022	38	47	39	30	37	36	29	28	45	17	101	#
142	846539	39	38	47	30	55	37	29	21	63	54	101	#
143	798603	53	45	37	54	38	30	36	52	47	44	101	#
144	703692	47	55	38	37	30	43	54	39	46	44	101	#
145	695879	45	44	53	36	43	28	37	61	30	54	101	#
146	1915554	18	10	2	11	3	9	26	12	17	25	4	19	5	13	27	35	21	20	14	28	36	33	43	32	6	15	24	8	40	16	51	22	42	50	7	29	102	#
147	2435863	29	28	27	36	35	34	43	37	26	42	30	38	39	46	21	47	51	50	54	63	44	55	45	18	25	59	22	58	13	49	48	14	40	5	62	57	102	#
148	2404206	42	50	51	59	58	34	43	44	52	49	45	37	54	57	35	60	27	48	0	30	28	46	14	47	38	36	8	55	16	31	17	63	9	40	22	68	102	#
149	2381871	6	14	22	30	26	37	45	21	29	15	7	38	25	39	46	13	31	36	47	55	28	20	35	54	27	5	63	62	12	4	43	52	51	34	42	59	102	#
150	2380870	19	27	20	13	21	29	22	28	36	37	35	34	42	50	30	14	43	38	51	49	47	18	46	57	58	6	39	55	15	63	31	62	45	52	5	4	102	#
151	2378042	50	58	42	49	57	48	51	43	35	27	34	59	40	60	28	56	36	44	52	45	54	61	37	55	62	38	19	63	39	47	29	22	14	18	21	46	102	#
152	79834	64	#
153	677844	29	21	13	20	19	18	5	6	103	#
154	712897	29	24	25	33	21	13	22	20	103	#
155	652228	21	29	20	28	13	37	45	36	103	#
156	567042	20	19	18	10	13	21	14	6	103	#
157	565697	13	21	20	29	42	65	28	12	103	#
158	558110	6	5	15	14	4	7	3	22	103	#
159	107669	72	#
160	208689	34	42	43	104	#
161	292067	34	42	25	104	#
162	238865	42	43	51	104	#
163	195378	43	44	36	104	#
164	329387	42	51	34	50	41	40	48	105	#
165	392608	51	43	59	50	58	35	60	105	#
166	366010	40	41	45	48	32	56	49	105	#
167	332424	34	35	43	36	12	37	45	105	#
168	265762	50	58	49	48	41	42	34	105	#
169	265211	42	50	51	43	35	58	44	105	#
170	455692	53	45	46	10	38	106	#
171	501944	38	39	47	46	45	106	#
172	481817	45	46	47	38	53	106	#
173	365013	46	45	54	38	62	106	#
174	277251	53	52	44	43	35	106	#
175	265165	10	9	2	1	11	106	#
176	303144	54	62	45	63	61	107	#
177	337918	54	45	37	44	62	107	#
178	323292	61	62	54	46	45	107	#
179	263153	45	54	37	36	53	107	#
180	99042	47	#
181	491110	23	22	31	21	14	20	108	#
182	562432	20	19	13	21	55	46	108	#
183	514485	14	6	7	22	21	13	108	#
184	500782	22	21	14	13	20	6	108	#
185	479830	21	13	20	22	23	31	108	#
186	138303	42	34	109	#
187	139434	34	35	109	#
188	240216	56	48	57	40	49	110	#
189	285814	56	57	48	40	32	110	#
190	244470	40	41	48	32	24	110	#
191	234805	48	40	56	32	41	110	#
192	3827705	30	31	73	22	37	14	6	29	5	36	21	4	45	3	7	20	13	53	15	12	28	19	18	54	44	55	26	62	61	52	60	2	1	46	11	0	35	10	51	25	33	8	9	17	32	24	27	16	59	64	58	34	42	41	40	50	48	56	49	57	43	23	38	39	47	63	111	#
193	3927493	2	1	3	4	11	9	17	10	16	0	12	8	5	18	24	6	15	32	26	13	25	14	7	33	19	20	21	29	27	56	37	45	53	22	54	61	62	48	46	60	28	35	44	58	36	23	31	55	30	40	50	59	42	41	49	34	51	52	43	63	38	57	39	47	68	69	111	#
194	3906200	54	46	55	62	53	61	45	44	60	59	58	37	52	36	29	35	28	43	51	27	30	42	31	50	22	19	49	41	40	14	2	6	18	34	48	10	15	5	7	4	63	9	23	8	11	32	12	16	13	56	0	20	26	1	21	3	25	57	24	17	33	47	39	38	68	72	111	#
195	3894529	59	58	50	51	52	53	54	45	60	61	29	42	62	28	37	44	46	41	36	5	43	35	40	27	48	56	19	55	18	49	4	26	34	25	30	20	22	6	3	31	33	23	13	12	32	24	14	10	7	16	11	2	9	15	17	1	57	21	8	0	63	47	39	38	69	64	111	#
196	3876576	22	14	6	30	13	15	7	23	5	31	4	12	21	20	37	69	3	29	45	28	11	36	53	44	19	2	61	46	35	1	0	47	18	71	60	43	55	39	52	27	42	54	59	51	9	26	8	10	62	58	50	41	16	25	68	17	34	33	32	40	48	49	24	56	57	63	111	#
197	3871604	8	0	9	16	24	32	17	33	40	41	25	42	50	49	1	26	48	51	56	57	2	18	58	3	59	52	10	19	11	27	4	5	6	72	44	60	15	53	7	20	28	29	36	37	34	13	61	12	14	21	35	45	22	46	54	62	30	31	43	55	23	63	38	39	69	47	111	#
198	717074	9	10	18	1	2	19	17	11	0	3	26	112	#
199	859871	10	9	1	2	18	42	0	26	3	50	51	112	#
200	761894	26	25	18	10	19	9	11	8	0	2	1	112	#
201	743383	1	2	11	69	12	61	54	3	63	45	53	112	#
202	688622	18	26	10	2	3	9	8	0	1	11	25	112	#
203	675620	19	20	21	27	35	43	70	42	49	41	50	112	#
204	142110	52	53	113	#
205	139335	52	43	113	#
206	103535	53	59	113	#
207	135805	11	12	3	4	114	#
208	194831	3	35	11	12	114	#
209	184641	11	3	10	9	114	#
210	141635	4	12	5	6	114	#
211	779658	74	14	22	21	30	23	29	20	37	115	#
212	911942	29	21	22	30	20	37	36	28	14	115	#
213	866441	20	19	27	21	18	28	22	56	30	115	#
214	864544	21	22	30	13	29	14	20	50	6	115	#
215	835243	22	21	14	29	20	37	19	6	30	115	#
216	834916	23	22	21	14	30	38	37	20	29	115	#
217	254823	11	2	10	1	9	8	116	#
218	357854	9	8	17	1	32	40	116	#
219	304767	8	0	9	10	1	2	116	#
220	289771	1	9	0	2	10	3	116	#
221	239827	11	2	1	10	3	9	116	#
222	214393	10	18	2	19	26	11	116	#
223	347424	20	13	14	21	22	117	#
224	391786	22	23	30	37	21	117	#
225	324402	20	21	13	5	14	117	#
226	282455	13	21	22	51	43	117	#
227	279728	21	20	13	65	19	117	#
228	279269	14	13	31	12	21	117	#
229	319714	7	15	6	14	5	118	#
230	451068	5	13	14	22	21	118	#
231	385675	15	6	7	14	22	118	#
232	345661	14	6	13	20	21	118	#
233	339201	6	14	13	22	5	118	#
234	231042	7	15	6	5	4	118	#
235	395044	57	49	42	51	32	50	119	#
236	459064	51	42	52	44	45	46	119	#
237	446343	42	34	51	50	49	48	119	#
238	403328	57	49	48	56	42	50	119	#
239	382547	50	42	49	51	41	40	119	#
240	376900	32	24	33	25	40	41	119	#
241	518472	60	59	58	61	50	49	42	120	#
242	599708	61	60	59	53	58	52	50	120	#
243	456161	60	61	59	58	50	49	74	120	#
244	446649	50	42	51	58	59	49	28	120	#
245	388435	58	50	42	49	43	18	35	120	#
246	386533	42	41	50	49	51	52	58	120	#
247	199776	55	46	121	#
248	194970	46	38	121	#
249	101009	55	63	121	#
250	1114228	28	36	29	27	19	61	37	48	21	44	35	52	60	53	122	#
251	1249836	19	27	28	36	44	52	53	45	46	55	35	34	59	42	122	#
252	1209123	27	35	28	36	47	16	55	46	54	62	63	19	38	34	122	#
253	1180451	44	45	53	36	46	47	54	61	28	55	52	51	38	42	122	#
254	1128015	29	28	27	21	36	44	35	13	12	45	19	58	34	42	122	#
255	1108636	35	34	36	28	3	44	52	53	27	51	19	4	50	5	122	#
256	205129	69	74	1	2	123	#
257	231823	69	17	9	10	123	#
258	110289	2	11	12	1	123	#
259	95980	74	10	18	9	123	#
260	65157	1	2	10	11	123	#
261	184018	2	1	9	3	11	124	#
262	79929	11	3	2	10	9	124	#
263	72703	3	11	2	4	1	124	#
264	183902	32	24	40	41	125	#
265	269344	41	49	57	56	125	#
266	2288	71	#
267	436528	7	15	6	5	13	12	20	19	4	126	#
268	625204	7	15	6	14	22	13	21	20	29	126	#
269	543396	20	13	5	6	12	7	15	21	22	126	#
270	493553	12	13	11	14	2	5	21	29	22	126	#
271	463539	19	33	18	27	25	32	20	21	24	126	#
272	409459	6	15	7	5	13	4	12	3	20	126	#
273	69118	46	#
274	34067	37	#
275	1516146	36	28	27	29	44	19	20	13	21	5	6	15	70	7	37	14	22	38	12	47	45	127	#
276	1710382	19	20	27	21	29	37	13	14	28	30	22	6	38	7	23	39	46	36	15	47	55	127	#
277	1698653	37	45	44	30	38	54	52	39	29	36	55	47	28	27	21	22	33	62	31	61	25	127	#
278	1683193	6	15	14	5	7	13	22	29	28	30	38	36	12	27	44	47	55	39	21	63	23	127	#
279	1682101	29	37	60	38	21	30	36	61	47	62	22	55	31	53	14	28	59	27	5	20	23	127	#
280	1650528	47	39	55	38	63	30	62	37	36	29	44	61	28	31	64	52	53	22	27	23	21	127	#
281	834891	16	24	8	0	32	9	40	10	41	33	18	49	57	19	42	27	11	128	#
282	1206894	27	19	20	28	29	18	26	36	35	43	52	53	44	42	0	10	49	128	#
283	1128527	11	2	3	4	12	10	5	6	15	18	26	19	27	35	25	28	33	128	#
284	1122060	16	8	0	24	25	33	32	26	18	19	51	43	59	44	42	50	36	128	#
285	1113223	19	20	18	26	27	10	2	11	28	12	3	36	35	43	34	14	52	128	#
286	1098929	0	8	16	9	24	10	25	33	2	11	32	18	3	26	19	27	28	128	#
287	108187	21	#
288	937199	44	45	52	37	51	36	50	66	49	38	59	46	35	129	#
289	1215968	35	27	34	28	36	29	19	37	45	20	44	21	30	129	#
290	1191249	36	44	28	29	52	37	45	35	53	46	21	22	20	129	#
291	1189018	38	37	46	45	30	36	47	22	29	44	28	27	21	129	#
292	1172899	37	45	36	38	44	66	35	53	27	29	52	21	28	129	#
293	1126417	46	47	45	38	37	29	44	36	28	35	54	21	27	129	#
294	516541	42	41	43	40	32	33	24	51	59	130	#
295	667546	33	32	24	16	25	8	0	9	17	130	#
296	646999	24	32	43	16	17	42	8	51	59	130	#
297	621628	51	42	41	4	32	50	5	33	24	130	#
298	580925	42	43	51	50	47	55	54	41	45	130	#
299	561943	40	14	32	13	22	12	23	11	33	130	#
300	952625	54	46	45	38	74	53	61	37	30	62	63	39	47	131	#
301	1130962	30	31	38	37	29	28	45	22	21	23	46	54	39	131	#
302	1129287	39	38	64	47	46	37	36	30	35	29	31	45	44	131	#
303	1113759	37	29	5	30	36	31	53	22	38	21	6	46	54	131	#
304	1033860	53	54	63	46	38	61	37	45	39	30	47	22	31	131	#
305	1004808	38	39	46	55	45	30	44	31	54	63	22	53	37	131	#
306	88634	67	#
307	222555	38	37	47	132	#
308	229928	38	30	37	132	#
309	227071	47	46	45	132	#
310	192443	37	45	46	132	#
311	223189	35	27	34	133	#
312	300607	27	19	28	133	#
313	243174	35	36	44	133	#
314	242569	34	35	36	133	#
315	882324	58	59	51	50	56	42	43	49	52	48	40	18	19	41	27	32	53	35	134	#
316	1225874	53	34	35	27	19	28	42	20	52	70	44	51	36	54	21	49	41	50	134	#
317	1223870	19	20	21	13	14	29	27	28	5	36	6	4	35	3	11	2	15	34	134	#
318	1215307	18	19	10	2	27	28	36	1	9	0	17	35	20	21	16	29	8	13	134	#
319	1186301	32	24	33	25	26	40	48	46	47	30	38	54	56	39	41	49	53	22	134	#
320	1175320	42	51	41	49	50	48	40	32	33	43	25	24	58	26	35	27	36	28	134	#
321	508256	12	4	11	3	10	2	5	9	1	6	18	135	#
322	596646	9	8	16	0	17	1	2	3	11	4	38	135	#
323	593907	18	50	32	26	19	58	51	52	42	59	47	135	#
324	569272	5	36	44	4	12	3	43	35	52	11	45	135	#
325	554029	11	3	2	1	10	12	4	9	0	8	16	135	#
326	541364	12	4	11	3	2	5	6	15	14	22	7	135	#
327	627482	9	17	16	1	8	0	10	11	2	24	12	136	#
328	747459	16	8	24	25	33	32	53	17	54	26	61	136	#
329	713254	0	1	9	10	58	8	16	2	24	17	32	136	#
330	707259	9	10	2	11	18	26	1	17	16	24	8	136	#
331	701600	1	2	11	9	17	16	24	10	8	32	25	136	#
332	671614	17	9	1	16	10	2	11	0	24	32	8	136	#
333	445978	32	24	33	25	40	26	137	#
334	474497	24	25	16	26	18	33	137	#
335	472629	25	26	24	16	32	33	137	#
336	463458	32	24	33	25	26	54	137	#
337	384986	33	32	40	24	25	41	137	#
338	192025	40	41	49	50	42	48	137	#
339	1672200	23	31	30	37	38	36	28	46	29	44	35	27	21	22	47	45	16	39	17	52	138	#
340	1731691	22	23	18	31	26	25	30	21	19	29	38	27	46	35	36	20	47	13	54	28	138	#
341	1728615	35	36	27	34	42	37	45	19	30	29	31	18	58	21	59	38	13	46	50	28	138	#
342	1725859	27	28	29	35	19	39	20	36	38	47	30	13	44	34	45	55	5	37	21	42	138	#
343	1690257	29	21	37	58	30	59	36	20	13	38	35	44	27	5	46	28	55	67	6	12	138	#
344	1618522	28	36	27	19	18	26	20	35	25	29	21	37	33	13	5	12	34	4	51	59	138	#
345	80172	72	#
346	257890	15	6	7	5	14	139	#
347	312023	14	13	6	7	20	139	#
348	258509	6	7	15	13	20	139	#
349	236752	15	7	6	5	13	139	#
350	75793	26	#
351	552679	27	28	29	35	19	43	52	18	34	140	#
352	660767	29	37	36	35	27	21	19	28	13	140	#
353	653105	35	34	42	50	36	49	41	51	52	140	#
354	650656	34	35	27	36	28	37	29	45	30	140	#
355	630516	28	29	21	13	36	5	20	37	27	140	#
356	567237	27	19	28	29	37	36	18	35	20	140	#
357	350392	29	37	36	35	141	#
358	422771	29	37	38	28	141	#
359	405246	36	28	29	37	141	#
360	374254	37	38	39	36	141	#
361	322398	35	34	42	50	141	#
362	119029	68	#
363	458731	31	24	25	33	23	30	32	16	142	#
364	577875	30	37	45	53	46	47	61	54	142	#
365	554922	24	32	25	33	16	61	60	17	142	#
366	537811	32	33	61	40	62	25	54	55	142	#
367	479315	23	31	30	37	38	29	28	46	142	#
368	429552	31	23	30	37	38	47	46	54	142	#
369	455170	22	21	13	29	23	143	#
370	478781	21	20	13	14	5	143	#
371	473462	13	5	4	14	21	143	#
372	380444	23	22	21	29	20	143	#
373	347232	29	21	37	20	22	143	#
374	341504	22	30	14	23	6	143	#
375	156240	59	58	144	#
376	167670	58	50	144	#
377	161191	59	60	144	#
378	852922	26	25	24	32	40	60	61	59	41	62	58	145	#
379	813076	26	25	4	12	24	13	5	9	20	14	8	145	#
380	755957	41	42	49	20	57	40	48	36	56	28	34	145	#
381	747425	40	48	56	32	41	18	33	24	26	49	57	145	#
382	728517	24	32	16	17	25	33	26	9	10	11	8	145	#
383	699749	62	63	55	61	60	59	47	38	37	36	44	145	#
384	902381	30	37	31	36	35	45	38	39	47	146	#
385	921098	39	38	47	37	30	29	45	21	13	146	#
386	880462	47	38	39	30	31	55	37	36	54	146	#
387	879001	38	37	30	29	31	47	39	36	44	146	#
388	804899	31	30	38	37	45	53	61	44	36	146	#
389	760263	37	36	30	35	45	31	67	44	29	146	#
390	71861	41	40	48	49	147	#
391	69786	40	48	49	32	147	#
392	256524	61	62	54	63	46	148	#
393	340078	61	62	53	54	45	148	#
394	332988	63	54	45	1	62	148	#
395	322037	62	54	46	61	45	148	#
396	317729	54	63	62	45	44	148	#
397	309529	46	54	53	63	45	148	#
398	340268	48	49	56	57	41	149	#
399	229936	49	57	48	40	41	149	#
400	197930	41	40	49	57	52	149	#
401	1312570	12	4	5	3	11	2	6	7	1	10	9	13	21	14	29	37	8	36	28	27	30	150	#
402	1735660	30	31	38	46	37	23	54	29	21	45	28	27	36	53	39	63	35	47	34	44	22	150	#
403	1657722	37	30	38	45	47	55	46	53	63	54	61	31	44	23	36	28	43	27	39	35	51	150	#
404	1624942	29	28	37	36	44	43	35	38	27	34	42	49	50	48	41	45	46	30	19	22	53	150	#
405	1619913	36	44	45	53	61	46	37	29	38	43	54	63	39	35	30	47	60	28	27	19	62	150	#
406	1585844	8	52	53	51	54	45	46	44	37	38	9	47	63	36	55	30	50	31	23	28	58	150	#
407	3040545	50	49	41	42	48	43	58	44	34	36	45	52	40	35	27	59	19	20	37	57	32	33	51	18	56	29	21	17	24	60	30	22	10	9	61	28	13	62	11	3	6	2	4	5	8	12	151	#
408	3142744	36	28	72	37	27	44	19	43	45	29	38	35	46	52	30	22	20	42	39	50	13	49	21	18	14	57	31	58	23	41	48	59	47	10	6	5	11	2	3	40	12	68	9	32	4	17	151	#
409	3117542	29	74	28	27	36	44	19	52	35	43	37	45	38	30	18	22	31	47	61	60	23	21	10	2	51	26	50	3	59	20	11	62	49	57	9	4	17	41	14	58	39	40	5	54	13	12	151	#
410	3086132	22	30	14	37	29	45	21	6	20	19	18	10	23	13	9	38	12	31	15	39	17	11	28	47	1	25	3	36	27	26	44	33	2	5	35	43	48	4	49	7	24	41	57	56	16	67	151	#
411	3082588	4	12	13	11	5	3	21	2	20	10	18	22	30	19	9	38	27	28	6	29	37	36	23	26	31	25	35	14	44	33	43	39	45	47	15	24	7	52	17	1	46	53	61	54	8	62	151	#
412	3079845	44	52	45	36	67	37	30	28	35	31	29	43	27	19	22	20	51	23	21	46	50	58	38	14	55	65	42	39	54	6	49	7	47	5	41	15	57	53	61	60	59	40	13	63	18	62	151	#
413	1232378	30	37	22	36	44	35	52	27	38	29	39	47	19	13	152	#
414	1110410	22	30	37	31	38	29	36	35	34	45	54	55	47	53	152	#
415	1081991	39	38	46	54	62	55	63	53	47	61	60	59	52	30	152	#
416	1071299	30	22	38	37	47	14	13	55	46	29	36	63	54	12	152	#
417	1035112	47	55	39	38	46	54	63	45	37	29	62	35	61	34	152	#
418	1028985	37	30	38	45	46	47	54	39	63	36	62	61	22	60	152	#
419	103250	65	#
420	836157	56	57	49	48	41	50	40	32	51	42	43	34	52	53	33	35	153	#
421	1184456	52	53	51	44	45	43	35	27	54	37	34	36	46	63	62	59	153	#
422	1168645	53	45	54	37	46	44	43	36	62	51	48	61	40	59	63	55	153	#
423	1148137	35	27	43	36	52	51	44	53	45	46	54	61	60	29	42	37	153	#
424	1127272	42	51	24	50	32	59	43	33	41	44	45	25	58	40	46	37	153	#
425	1104943	33	25	32	24	26	16	18	40	10	19	17	9	20	2	21	41	153	#
426	1455921	10	18	9	26	1	2	0	8	25	24	32	33	16	3	11	4	12	5	13	14	21	35	154	#
427	1670930	14	6	15	63	62	13	5	21	24	54	20	25	12	29	4	37	26	45	38	32	47	16	154	#
428	1620616	35	36	37	44	45	52	38	28	34	29	27	21	42	13	12	49	39	41	40	19	20	32	154	#
429	1567928	25	24	33	32	16	40	26	60	41	8	56	0	48	13	49	5	14	1	21	12	29	6	154	#
430	1562131	0	1	9	2	8	10	11	12	4	5	3	16	13	21	29	18	28	26	49	14	24	37	154	#
431	1543299	3	4	12	2	5	25	11	13	1	51	14	26	42	20	33	32	24	50	21	10	29	49	154	#
432	3547184	32	40	41	24	33	42	25	48	49	50	34	56	58	35	51	57	52	53	27	26	43	28	44	29	16	19	36	20	21	73	18	13	8	10	5	0	1	9	14	22	30	31	23	37	17	59	2	38	45	12	46	47	6	4	3	64	11	15	155	#
433	3729744	45	37	36	44	30	46	52	22	29	23	55	21	28	73	43	20	51	14	6	38	59	13	12	50	4	42	3	41	31	47	11	58	10	49	9	17	40	15	1	48	60	5	32	56	35	27	39	19	24	2	16	25	63	34	18	26	7	53	155	#
434	3728143	5	4	3	13	2	14	10	11	12	1	6	22	18	15	20	19	7	9	23	26	17	16	8	24	25	21	32	38	46	55	31	45	37	36	49	30	35	28	47	34	53	50	51	52	39	43	27	44	33	58	29	57	0	63	59	48	41	72	155	#
435	3719126	44	43	36	37	52	30	35	31	23	29	22	55	34	21	63	45	38	28	46	39	14	6	20	13	65	12	4	19	18	3	11	2	51	10	5	7	1	62	53	9	27	17	26	47	59	58	50	16	8	42	0	24	60	49	41	25	15	32	155	#
436	3707169	64	22	23	30	31	37	38	14	29	21	20	46	6	19	45	13	55	42	50	49	51	59	44	53	43	63	41	52	15	35	34	36	58	60	39	12	28	4	48	11	7	3	18	10	9	27	40	1	61	32	26	47	2	17	25	24	16	33	155	#
437	3664101	24	25	26	16	17	18	5	6	14	7	32	22	23	31	40	30	41	49	48	42	50	33	15	13	4	9	12	72	11	1	20	21	51	19	8	52	44	43	3	2	38	69	37	39	66	10	57	46	55	36	56	34	45	35	29	28	27	53	155	#
438	101439	46	38	156	#
439	123474	38	47	156	#
440	2055872	45	46	44	43	53	54	62	38	30	37	39	63	31	47	29	21	28	52	27	36	13	20	5	51	19	14	6	157	#
441	2185382	54	62	46	45	47	37	39	29	38	53	52	30	21	44	20	28	13	63	31	27	22	36	35	19	34	5	14	157	#
442	2123971	44	45	46	38	39	53	37	29	30	43	47	36	21	20	22	13	28	27	52	19	54	31	14	35	34	68	5	157	#
443	2108851	36	28	37	19	29	30	38	18	10	27	47	46	2	1	21	45	13	39	31	14	44	6	3	15	5	22	7	157	#
444	2098885	53	54	45	46	44	38	39	30	37	36	31	29	21	13	35	20	43	28	47	27	19	22	5	6	34	62	7	157	#
445	2089729	21	13	22	30	14	0	38	37	8	5	6	31	45	20	47	7	19	46	15	1	29	36	44	43	39	27	28	157	#
446	221990	9	1	158	#
447	201833	9	17	158	#
448	87056	1	2	158	#
449	485985	73	30	22	23	31	37	38	21	14	159	#
450	606175	73	42	43	35	41	40	52	53	50	159	#
451	596114	23	31	22	30	38	39	21	47	13	159	#
452	577332	22	21	23	31	30	38	14	29	13	159	#
453	575411	38	47	46	55	39	63	54	45	62	159	#
454	572328	30	38	47	46	55	39	54	63	62	159	#
455	124317	52	43	160	#
456	46370	43	35	160	#
457	533842	44	45	31	23	43	62	63	18	61	30	161	#
458	773624	23	31	30	22	38	14	13	12	5	6	161	#
459	700762	31	23	22	30	38	14	47	55	6	15	161	#
460	654129	18	10	9	17	16	1	30	2	0	26	161	#
461	642896	44	36	52	43	2	51	50	10	1	42	161	#
462	621182	45	46	47	55	44	52	36	43	37	51	161	#
463	95621	46	#
464	188936	53	45	162	#
465	210609	53	52	162	#
466	126236	45	54	162	#
467	25925	66	#
468	1102018	44	43	36	51	5	50	35	28	58	42	27	59	29	19	41	45	163	#
469	1326415	35	36	37	29	28	43	38	30	52	27	44	46	47	22	39	51	163	#
470	1277408	29	28	21	37	30	39	47	38	46	55	27	31	20	54	22	23	163	#
471	1201106	28	29	47	37	30	27	36	39	46	55	35	19	8	54	43	20	163	#
472	1144056	45	54	37	63	55	36	29	46	35	38	39	47	44	28	62	67	163	#
473	1113072	50	51	43	35	27	58	28	42	29	36	44	41	59	49	37	57	163	#
474	600800	0	8	9	10	2	1	3	18	17	19	4	164	#
475	756430	18	10	19	2	1	27	9	8	26	35	0	164	#
476	742835	4	37	12	13	36	5	6	21	14	15	22	164	#
477	735458	9	72	17	1	10	8	2	3	18	0	26	164	#
478	693129	2	3	10	18	1	9	17	8	25	33	11	164	#
479	681218	10	2	9	18	17	8	1	19	0	11	27	164	#
480	488204	37	36	30	22	35	38	165	#
481	568143	35	27	19	36	28	37	165	#
482	547821	37	45	54	30	53	36	165	#
483	521419	36	44	52	53	45	46	165	#
484	497600	22	21	20	14	13	5	165	#
485	471689	38	46	54	37	53	45	165	#
486	74274	64	66	#
487	760812	7	6	5	13	14	15	12	20	21	166	#
488	726230	21	13	20	14	6	7	5	19	27	166	#
489	701956	7	50	42	54	58	55	34	45	53	166	#
490	658632	20	13	5	14	6	7	15	71	12	166	#
491	611180	13	20	5	12	11	3	21	14	2	166	#
492	595027	14	13	12	5	41	20	42	71	6	166	#
493	128972	62	63	54	61	167	#
494	161131	63	62	54	45	167	#
495	154914	62	63	54	55	167	#
496	297016	37	30	38	47	168	#
497	367362	47	55	38	39	168	#
498	366479	38	30	39	47	168	#
499	353490	37	38	29	30	168	#
500	327267	30	31	22	23	168	#
501	24343	65	#
502	271086	37	45	13	54	46	14	169	#
503	394560	45	44	43	51	52	36	169	#
504	347788	14	6	22	30	23	21	169	#
505	337043	13	21	14	6	5	15	169	#
506	306972	54	55	63	45	62	47	169	#
507	71489	63	#
508	558055	50	49	42	34	51	60	35	170	#
509	548182	60	59	51	42	43	52	50	170	#
510	506807	50	49	57	42	56	30	22	170	#
511	503944	51	43	42	50	58	49	52	170	#
512	491146	42	49	57	34	51	43	56	170	#
513	486925	49	50	51	42	57	43	35	170	#
514	252783	35	43	36	171	#
515	331574	36	37	28	171	#
516	188029	35	43	51	171	#
517	124109	43	35	44	171	#
518	487599	57	56	48	51	42	59	40	43	41	34	52	172	#
519	681946	56	48	57	40	32	24	16	49	42	50	33	172	#
520	630560	52	51	10	59	42	50	30	41	58	11	31	172	#
521	630555	57	56	49	41	42	50	51	34	35	43	36	172	#
522	620238	34	42	50	51	35	49	27	43	19	44	20	172	#
523	596344	40	41	32	42	50	24	16	48	8	56	0	172	#
524	596817	25	33	32	24	40	48	9	49	8	41	0	26	173	#
525	813710	40	32	19	24	27	28	16	48	8	33	25	35	173	#
526	700773	26	25	18	19	24	20	13	33	12	4	3	5	173	#
527	668560	25	24	32	40	33	16	41	26	8	0	9	1	173	#
528	655045	24	16	32	25	26	33	8	9	0	17	1	40	173	#
529	638503	41	49	40	32	33	50	25	24	26	48	56	16	173	#
530	192053	17	9	174	#
531	71971	9	10	174	#
532	1799142	21	13	14	29	20	5	6	19	37	22	4	12	18	45	28	46	27	55	3	38	63	175	#
533	1939942	55	46	54	63	45	44	36	37	38	30	43	62	39	51	50	29	58	59	28	31	42	175	#
534	1924313	38	39	30	37	46	54	55	29	63	47	45	31	21	28	58	22	27	36	44	50	62	175	#
535	1872187	22	21	30	29	37	38	39	31	13	14	28	46	6	55	5	54	63	27	47	20	62	175	#
536	1774062	46	38	55	37	45	54	63	39	62	29	28	27	36	47	30	22	23	44	31	52	61	175	#
537	1770761	63	54	55	46	45	62	37	30	44	38	43	36	68	47	28	27	17	3	9	19	31	175	#
538	291048	1	9	17	176	#
539	257084	17	9	8	176	#
540	254037	9	17	10	176	#
541	143021	1	0	8	176	#
542	114583	72	#
543	65878	8	#
544	711379	62	54	61	63	45	55	37	47	60	44	53	43	35	52	177	#
545	934402	37	45	38	30	29	54	44	53	47	21	55	31	36	52	177	#
546	901093	47	38	46	39	54	55	37	29	21	74	62	45	31	30	177	#
547	848393	55	63	54	53	47	61	62	0	52	1	45	39	60	46	177	#
548	838428	60	59	58	61	50	53	54	55	62	47	63	42	43	45	177	#
549	834465	52	43	53	51	42	55	59	35	50	58	54	34	49	44	177	#
550	922049	3	2	4	10	18	26	5	11	13	12	21	6	20	9	25	1	15	178	#
551	1298369	20	19	21	27	18	10	26	29	9	22	1	25	17	37	30	24	28	178	#
552	1273636	9	1	29	8	37	69	28	45	27	46	21	10	38	47	0	54	55	178	#
553	1183457	15	21	20	29	37	13	5	19	28	27	4	45	44	43	54	46	18	178	#
554	1147998	1	9	10	11	8	12	18	4	3	26	5	19	20	56	16	25	57	178	#
555	1103435	13	39	5	20	47	4	12	3	19	46	38	45	55	6	37	15	7	178	#
556	26572	73	#
557	561501	62	61	54	63	60	55	46	40	32	59	33	179	#
558	739447	61	53	62	54	52	43	63	72	51	35	27	179	#
559	731845	60	61	53	59	58	62	54	55	63	50	46	179	#
560	731399	46	54	62	38	55	61	63	53	52	60	59	179	#
561	722970	62	61	63	54	60	46	55	59	38	53	58	179	#
562	705780	59	58	60	61	62	53	63	45	54	55	46	179	#
563	217243	30	38	180	#
564	218196	38	39	180	#
565	425783	63	55	47	39	46	45	181	#
566	544052	47	39	38	36	44	52	181	#
567	516346	45	53	44	36	52	46	181	#
568	510923	55	46	45	47	53	52	181	#
569	503760	39	47	38	55	46	45	181	#
570	384154	46	47	45	2	39	44	181	#
571	382615	3	2	11	10	1	9	0	17	182	#
572	564163	0	1	9	17	16	24	10	8	182	#
573	486417	17	16	9	10	8	1	0	2	182	#
574	279750	3	11	10	9	2	1	8	0	182	#
575	245427	10	2	18	3	11	9	1	73	182	#
576	122502	2	10	30	3	12	63	37	11	182	#
577	711411	32	40	59	60	48	51	61	41	53	52	49	44	183	#
578	1002392	60	59	61	53	52	45	37	46	29	28	44	38	183	#
579	952897	52	53	44	43	51	35	45	50	42	26	25	18	183	#
580	905724	44	45	52	53	37	30	29	28	46	38	54	47	183	#
581	823577	51	42	59	49	48	9	17	34	56	57	35	58	183	#
582	763006	61	53	45	54	46	44	60	38	62	59	52	47	183	#
583	89441	33	17	#
584	1177213	45	44	43	46	54	62	36	51	52	63	55	37	28	29	42	59	71	184	#
585	1284309	51	50	42	49	34	43	44	36	45	37	59	29	21	52	28	22	46	184	#
586	1231848	45	46	44	54	55	47	63	62	38	39	43	52	51	36	37	61	50	184	#
587	1203606	46	53	54	45	55	62	47	63	38	52	30	43	44	39	31	65	51	184	#
588	1199988	43	51	44	59	45	53	54	63	62	52	61	46	50	37	42	55	47	184	#
589	1197108	52	71	44	43	51	22	42	59	21	39	31	20	58	49	50	23	47	184	#
590	1083443	51	52	42	43	49	41	44	50	45	35	40	32	48	57	46	56	36	55	185	#
591	1410971	46	55	47	45	37	29	61	28	63	60	36	39	30	22	38	62	59	44	185	#
592	1396958	45	46	55	47	69	37	36	29	38	30	31	28	39	22	44	14	23	21	185	#
593	1310148	48	56	49	50	58	51	42	41	43	52	59	60	61	44	62	63	55	36	185	#
594	1296433	36	35	1	9	0	27	8	28	17	29	71	16	34	21	44	22	42	52	185	#
595	1243755	43	35	36	37	44	29	51	59	27	58	30	28	34	42	49	26	45	60	185	#
596	53573	40	32	41	#
597	653379	34	35	43	51	50	58	59	42	49	186	#
598	746115	43	51	17	50	49	9	59	16	41	186	#
599	738761	51	42	59	50	43	35	27	49	34	186	#
600	711937	34	42	35	49	27	36	51	50	48	186	#
601	710607	35	27	34	36	68	19	37	20	38	186	#
602	677919	59	51	58	50	42	43	49	57	35	186	#
603	542485	60	61	62	63	55	54	47	46	53	187	#
604	711266	46	47	38	37	36	29	55	45	44	187	#
605	677645	60	65	59	43	51	61	58	50	35	187	#
606	671406	53	61	45	52	46	60	47	54	39	187	#
607	666987	63	54	55	45	46	38	39	37	29	187	#
608	658237	47	38	39	46	55	54	53	52	51	187	#
609	280680	63	54	53	52	62	188	#
610	361149	63	62	61	60	59	188	#
611	352966	54	45	37	36	46	188	#
612	334195	62	63	54	53	61	188	#
613	248358	52	53	43	61	44	188	#
614	49678	69	#
615	900398	38	37	36	30	45	35	44	54	27	34	73	189	#
616	1004254	73	23	22	14	30	38	37	36	45	21	35	189	#
617	990170	38	46	37	45	36	54	35	47	34	55	28	189	#
618	989346	30	22	38	37	36	35	45	44	52	14	39	189	#
619	972794	45	44	36	37	52	51	54	59	38	55	60	189	#
620	942054	54	55	46	47	38	37	53	36	35	39	29	189	#
621	30610	57	#
622	119747	53	#
623	903766	74	21	29	37	30	13	5	31	12	190	#
624	781036	29	21	37	13	38	12	46	47	68	190	#
625	767854	12	13	11	10	9	17	16	1	21	190	#
626	755200	30	68	37	38	31	71	29	36	23	190	#
627	717145	21	20	29	10	19	37	36	2	13	190	#
628	692654	31	23	22	21	13	30	37	5	4	190	#
629	11844	32	#
630	157363	61	60	59	191	#
631	222490	59	51	42	191	#
632	131529	61	60	53	191	#
633	203002	53	61	52	192	#
634	197512	53	45	44	192	#
635	172580	52	43	51	192	#
636	92706	61	62	54	192	#
637	641933	6	14	22	23	30	13	38	21	193	#
638	689927	21	20	29	22	14	37	13	5	193	#
639	688600	22	23	14	30	13	20	5	38	193	#
640	669567	30	37	22	29	21	38	47	36	193	#
641	669286	23	22	14	21	29	31	30	13	193	#
642	569481	6	14	7	13	5	15	4	21	193	#
643	52185	55	#
644	370205	8	16	0	24	28	194	#
645	442672	24	25	33	26	16	194	#
646	366733	8	0	1	16	24	194	#
647	357987	28	36	35	34	43	194	#
648	342781	16	17	8	0	24	194	#
649	246200	0	8	9	1	10	194	#
650	643742	38	39	46	55	47	45	53	63	195	#
651	685648	46	47	39	55	45	54	53	61	195	#
652	674544	53	61	54	46	62	55	45	63	195	#
653	659215	39	47	55	63	54	62	53	61	195	#
654	621003	55	63	46	36	47	54	28	20	195	#
655	609436	63	54	45	55	46	53	62	44	195	#
656	472587	42	43	50	51	49	48	56	44	196	#
657	440164	49	48	40	56	32	41	42	50	196	#
658	404081	48	40	56	41	32	49	57	50	196	#
659	403298	44	43	51	42	18	41	40	50	196	#
660	358282	56	57	49	48	41	40	42	43	196	#
661	352776	51	42	41	34	49	43	2	50	196	#
662	181879	32	33	24	16	197	#
663	198793	24	16	17	32	197	#
664	185777	32	33	25	26	197	#
665	558078	70	31	30	37	38	39	198	#
666	680478	38	30	46	37	29	39	198	#
667	672973	39	38	37	29	46	28	198	#
668	672247	37	36	45	38	39	53	198	#
669	528859	31	30	37	23	29	38	198	#
670	420415	30	8	0	31	37	38	198	#
671	1452516	9	55	47	8	16	17	24	32	33	46	54	45	63	7	38	44	0	10	2	43	25	52	53	11	6	199	#
672	1938615	55	54	46	45	37	38	53	63	30	47	39	61	44	52	29	60	51	22	31	23	43	42	21	59	28	199	#
673	1935498	38	46	39	54	37	29	73	45	53	47	21	52	22	13	28	63	55	44	43	51	59	14	42	41	61	199	#
674	1847869	44	43	42	34	52	53	54	41	45	51	35	55	46	59	47	63	37	29	74	28	30	22	23	50	61	199	#
675	1844378	52	44	53	54	55	43	63	42	50	46	47	61	69	41	58	59	45	39	62	37	38	51	60	29	28	199	#
676	1774625	8	16	9	24	25	17	33	32	26	40	48	41	56	42	34	51	43	52	53	57	59	50	54	46	61	199	#
677	1438530	37	30	22	36	23	45	53	31	29	28	52	21	54	14	46	44	43	6	27	20	200	#
678	1851429	36	38	28	46	39	29	16	37	47	24	25	45	53	21	30	17	31	22	9	10	200	#
679	1721624	22	30	21	14	29	37	38	46	28	39	31	36	20	27	19	47	23	45	25	11	200	#
680	1666722	44	52	36	28	37	30	8	45	9	29	53	21	46	43	31	38	51	59	1	0	200	#
681	1660803	6	15	14	7	22	30	38	37	36	29	21	28	31	27	39	19	23	46	20	45	200	#
682	1656747	31	30	37	23	38	39	22	47	21	46	12	29	36	20	19	18	28	10	9	26	200	#
683	54906	73	#
684	1900484	18	26	25	24	16	19	8	20	17	9	32	10	2	27	3	40	28	48	1	21	35	36	49	50	11	42	51	201	#
685	1985007	27	28	35	19	20	21	36	22	30	18	37	26	25	38	10	13	44	45	46	23	47	53	55	2	1	31	54	201	#
686	1937837	18	26	25	10	19	20	11	3	24	21	16	2	9	8	12	1	13	14	27	17	6	22	50	28	15	23	51	201	#
687	1929447	2	10	1	11	18	26	19	25	27	12	20	21	24	9	16	32	28	50	17	40	48	3	51	35	22	49	36	201	#
688	1901858	20	13	21	22	19	27	28	23	15	31	14	36	30	37	45	5	18	46	7	6	54	55	38	44	26	53	61	201	#
689	1896924	36	37	45	53	15	62	44	9	28	71	52	58	10	2	1	54	41	50	27	49	46	47	17	55	61	16	39	201	#
690	241854	21	29	20	37	202	#
691	318174	29	28	27	37	202	#
692	213360	37	38	26	47	202	#
693	201848	20	21	13	5	202	#
694	447727	37	36	28	35	43	51	50	203	#
695	644862	37	38	45	29	46	28	21	203	#
696	563339	28	29	27	35	37	36	38	203	#
697	543760	51	42	50	58	41	40	52	203	#
698	477673	50	58	49	42	41	48	40	203	#
699	428920	35	27	28	43	42	41	49	203	#
700	74108	65	#
701	299601	49	48	40	32	56	57	33	204	#
702	422610	40	32	58	50	48	59	49	204	#
703	404743	49	50	58	57	42	56	43	204	#
704	387009	57	56	48	40	32	49	50	204	#
705	295676	32	33	40	48	24	49	16	204	#
706	113404	45	9	44	205	#
707	167766	9	1	0	205	#
708	116049	44	43	45	205	#
709	89060	47	#
710	273802	36	37	30	206	#
711	290972	37	36	29	206	#
712	284936	30	22	37	206	#
713	188818	36	37	45	206	#
714	221676	15	7	6	14	207	#
715	250213	14	22	23	6	207	#
716	203760	6	7	5	15	207	#
717	1687581	45	53	44	54	52	51	61	46	62	59	38	36	58	28	30	55	47	39	29	35	34	22	208	#
718	1783558	38	39	30	46	47	31	22	21	45	53	34	29	23	35	37	27	44	28	36	42	50	55	208	#
719	1774008	30	31	37	38	46	47	39	23	45	44	36	22	71	55	14	28	21	53	4	13	61	27	208	#
720	1724979	28	36	44	35	45	64	54	52	62	29	21	34	22	30	46	14	13	51	33	50	7	42	208	#
721	1701913	22	21	37	45	38	33	13	46	14	30	47	5	4	54	44	29	36	35	6	7	53	15	208	#
722	1655643	29	28	21	36	13	5	27	20	37	19	44	38	18	46	22	47	45	4	30	14	6	26	208	#
723	225169	57	56	209	#
724	182318	56	48	209	#
725	680958	46	55	45	47	63	37	39	54	44	36	210	#
726	960993	39	47	46	45	38	37	55	53	52	51	210	#
727	852351	36	37	35	43	34	52	45	51	29	50	210	#
728	841265	37	38	39	47	45	53	30	52	51	54	210	#
729	810175	54	46	47	39	55	45	53	52	61	60	210	#
730	802217	44	45	37	46	53	38	43	47	39	51	210	#
731	111282	36	#
732	98226	72	#
733	437419	34	35	36	27	19	43	8	211	#
734	589807	35	22	14	23	13	6	34	211	#
735	545682	27	35	19	36	43	37	38	211	#
736	535784	34	35	42	51	36	55	45	211	#
737	492907	43	51	45	59	60	61	53	211	#
738	459579	19	27	35	36	43	67	37	211	#
739	2930527	42	28	49	51	50	52	58	41	29	34	43	59	53	6	14	54	37	27	7	61	15	60	44	30	45	38	62	39	40	19	36	22	63	21	46	57	48	56	13	32	5	47	55	212	#
740	3061605	62	63	54	46	55	45	37	61	53	38	47	23	39	22	21	17	9	16	1	14	24	36	60	13	32	8	67	29	0	10	30	28	6	15	7	59	2	18	5	27	3	19	25	212	#
741	3045635	60	61	62	53	54	52	63	55	45	46	38	47	59	39	44	58	51	50	43	24	42	16	37	29	28	25	30	36	49	57	35	22	21	34	27	56	31	19	48	8	13	41	9	212	#
742	3037970	52	53	54	45	61	62	63	37	55	29	46	51	42	34	43	50	49	57	60	30	58	31	22	21	36	56	23	28	38	39	41	13	14	6	5	7	44	15	27	19	35	59	4	212	#
743	3015094	27	19	18	28	35	34	42	36	0	50	43	22	21	14	51	1	13	49	57	59	52	53	58	2	62	56	10	61	63	9	29	55	54	46	60	6	15	7	41	8	38	3	45	212	#
744	3007175	63	23	54	22	62	14	38	61	21	53	29	37	55	52	30	42	43	35	46	36	39	49	47	45	51	50	34	31	27	6	7	13	48	56	19	5	41	15	58	59	18	60	4	212	#
745	94356	68	#
746	727677	70	27	19	18	28	35	36	10	26	9	213	#
747	897350	28	36	35	27	44	45	46	38	19	24	213	#
748	753465	19	27	28	36	35	44	43	29	51	52	213	#
749	748046	36	44	28	52	53	61	43	27	29	35	213	#
750	722303	35	36	43	74	27	44	52	19	28	51	213	#
751	685139	27	35	43	36	52	28	44	42	41	29	213	#
752	1031733	36	44	35	45	54	53	61	63	62	55	34	72	60	46	42	59	49	47	214	#
753	1277144	61	60	62	54	45	44	37	59	30	15	51	36	58	28	50	29	52	38	214	#
754	1265203	55	47	54	63	62	38	46	30	39	61	60	37	45	29	44	36	53	28	214	#
755	1263696	63	55	54	47	38	30	62	61	39	53	45	60	46	37	59	29	44	36	214	#
756	1245696	45	44	37	29	30	38	46	8	55	36	47	39	54	22	23	16	53	35	214	#
757	1216872	36	35	27	44	19	20	18	26	34	25	37	45	28	53	29	33	54	52	214	#
758	369786	8	9	1	17	215	#
759	396653	9	17	1	16	215	#
760	371781	8	9	16	1	215	#
761	309555	17	16	8	9	215	#
762	295579	1	2	9	17	215	#
763	2164537	13	14	22	6	15	7	20	19	27	21	28	36	44	5	45	54	35	30	37	63	53	43	38	34	12	46	52	4	61	62	47	42	50	49	216	#
764	2455000	63	55	54	53	45	52	62	44	36	28	61	47	46	43	39	9	37	38	51	35	17	27	50	34	10	8	2	24	0	42	60	11	29	19	216	#
765	2404177	42	43	44	52	49	41	28	51	36	27	19	40	37	45	35	50	48	34	53	38	46	58	47	30	54	22	39	14	62	63	13	61	55	21	216	#
766	2388736	38	39	37	47	36	44	30	45	35	22	34	32	74	5	52	46	27	43	19	4	54	28	13	51	63	29	53	6	40	48	14	7	61	21	216	#
767	2382368	36	35	37	27	30	43	28	22	45	34	52	38	44	54	51	19	46	47	14	39	59	53	21	13	20	42	61	58	55	49	48	50	63	57	216	#
768	2366895	27	35	28	19	36	44	43	45	51	52	37	34	46	42	53	54	63	50	47	49	38	62	41	39	68	30	55	48	61	22	56	40	14	23	216	#
769	16805	73	#
770	285779	61	53	62	54	217	#
771	325141	61	53	62	60	217	#
772	311455	54	45	55	53	217	#
773	304224	62	54	45	55	217	#
774	214792	53	54	63	62	217	#
775	136795	28	#
776	272163	67	55	47	218	#
777	282699	47	39	38	218	#
778	218262	67	73	15	218	#
779	192982	55	63	47	218	#
780	997640	5	13	20	12	21	4	14	3	29	22	23	2	30	10	1	18	28	31	219	#
781	1358784	22	30	37	38	14	47	21	36	28	13	44	29	20	35	12	52	43	42	219	#
782	1286554	20	19	21	27	13	39	14	28	35	36	37	29	44	45	54	63	62	47	219	#
783	1266840	31	23	22	30	21	14	37	13	36	5	20	38	44	52	47	29	45	55	219	#
784	1252233	18	10	26	25	9	33	35	36	37	43	1	45	24	32	8	17	51	0	219	#
785	1241872	30	37	31	45	22	38	47	54	14	62	63	23	21	39	46	13	12	29	219	#
786	1932320	4	12	13	11	21	14	2	1	5	22	30	20	19	23	31	37	6	29	27	0	15	3	18	45	68	26	9	25	46	220	#
787	2431859	45	44	37	29	52	21	53	17	61	43	30	13	38	47	16	51	46	14	36	50	42	55	9	1	54	34	62	2	28	220	#
788	2382542	37	30	22	36	38	44	47	23	55	29	31	28	25	14	46	39	45	21	26	20	43	27	13	54	19	52	51	42	50	220	#
789	2303975	23	31	30	37	29	21	45	38	44	36	28	58	46	13	20	22	54	47	52	55	53	19	43	39	51	50	61	27	14	220	#
790	2191533	20	13	21	29	37	19	18	14	72	27	45	44	46	36	47	38	30	43	54	51	52	22	59	26	55	31	42	53	28	220	#
791	2181716	19	20	13	14	27	30	31	6	21	22	15	23	18	29	37	26	25	12	28	4	36	38	45	44	43	47	42	50	55	220	#
792	1116054	57	49	42	50	56	41	58	59	51	60	61	53	34	52	54	55	40	45	62	221	#
793	1303953	45	37	44	54	30	53	61	29	46	21	60	22	62	55	47	63	13	39	12	221	#
794	1258840	56	36	35	27	19	44	37	29	45	30	53	28	54	34	55	63	61	62	60	221	#
795	1241799	52	44	53	51	59	19	60	45	54	57	61	27	56	63	62	20	37	50	42	221	#
796	1234653	54	55	53	45	63	61	62	60	59	51	29	47	44	21	22	3	46	50	70	221	#
797	1227117	61	53	60	45	37	52	59	54	63	36	29	51	50	42	41	35	4	58	12	221	#
798	277473	34	42	43	49	57	41	52	222	#
799	341303	49	42	34	35	43	41	40	222	#
800	337618	57	49	41	42	6	56	34	222	#
801	316283	42	34	41	40	32	33	51	222	#
802	302970	41	40	49	48	57	42	51	222	#
803	730415	26	25	24	16	17	33	32	40	8	9	0	10	1	48	223	#
804	888585	48	42	49	43	35	36	34	50	51	56	52	53	58	61	223	#
805	845429	16	24	17	32	40	58	25	9	33	8	50	48	1	10	223	#
806	773219	8	16	0	24	1	32	17	33	40	25	26	41	9	38	223	#
807	764330	24	16	8	0	9	17	25	26	10	1	33	11	32	40	223	#
808	763828	26	25	24	16	17	8	18	32	39	0	1	40	10	11	223	#
809	652516	1	4	0	12	2	13	9	8	21	224	#
810	651402	13	21	20	29	37	22	14	30	5	224	#
811	617969	1	0	9	10	18	26	25	2	17	224	#
812	601969	0	1	9	8	10	18	2	26	17	224	#
813	545304	2	1	0	9	17	10	18	26	3	224	#
814	529509	21	13	20	22	14	12	23	4	6	224	#
815	1547008	48	49	50	57	51	42	41	59	34	40	35	60	32	61	33	52	36	24	62	43	53	58	28	225	#
816	2043663	36	28	35	27	34	42	51	50	52	53	43	29	21	37	61	30	41	20	38	39	45	59	72	225	#
817	1996595	62	61	60	53	63	55	59	52	58	45	54	46	51	37	38	29	21	30	39	13	20	28	19	225	#
818	1979162	28	27	35	29	36	34	21	37	19	38	44	30	22	45	42	14	13	46	12	50	4	55	20	225	#
819	1800128	61	62	53	45	63	55	60	59	37	54	38	46	30	39	41	49	52	58	51	50	42	36	28	225	#
820	1791208	59	58	51	50	49	52	42	41	44	43	45	34	60	46	53	35	36	61	38	39	54	27	28	225	#
821	376840	15	7	6	50	58	226	#
822	389481	15	6	7	5	13	226	#
823	387559	6	15	7	14	5	226	#
824	310686	7	6	15	5	4	226	#
825	213835	58	50	51	42	43	226	#
826	127835	50	49	41	51	43	226	#
827	114916	41	40	42	32	227	#
828	158693	40	41	42	49	227	#
829	537305	16	53	54	17	9	61	46	8	62	228	#
830	696254	46	54	47	62	55	61	38	37	29	228	#
831	622158	62	63	54	55	45	47	46	38	37	228	#
832	598599	61	62	54	46	47	38	55	63	45	228	#
833	597570	53	54	61	62	46	63	52	55	47	228	#
834	443244	54	45	37	44	60	36	46	55	63	228	#
835	87735	73	#
836	783927	23	22	14	6	5	30	38	39	46	45	44	54	15	229	#
837	953816	22	23	14	53	61	6	62	52	15	5	7	30	4	229	#
838	939624	46	47	55	38	39	37	30	45	29	44	21	52	51	229	#
839	936140	54	55	53	47	46	38	39	45	52	51	30	44	59	229	#
840	875908	44	16	52	53	61	51	59	8	24	58	43	25	50	229	#
841	855780	30	37	29	28	27	31	35	36	45	44	23	19	72	229	#
842	796186	27	35	28	36	43	42	44	19	20	51	52	18	230	#
843	946056	36	44	35	52	27	43	37	28	19	53	61	62	230	#
844	923755	35	43	44	52	27	34	36	53	37	61	38	62	230	#
845	895376	52	53	62	61	54	44	60	46	38	47	43	39	230	#
846	840439	44	36	28	43	27	35	51	19	20	52	37	18	230	#
847	827546	28	27	35	36	44	34	43	52	53	54	61	63	230	#
848	261931	41	49	23	42	43	50	231	#
849	349621	41	49	57	56	42	43	231	#
850	343893	49	57	41	42	50	51	231	#
851	340315	42	43	41	49	51	50	231	#
852	334713	50	72	41	49	42	43	231	#
853	317696	23	31	22	30	37	38	231	#
854	709116	49	57	48	40	56	42	32	41	50	51	24	16	59	43	232	#
855	918356	43	35	51	50	44	42	27	14	36	52	49	37	57	13	232	#
856	874093	50	51	42	58	52	43	59	35	44	60	45	53	29	61	232	#
857	847943	41	42	51	50	52	3	4	59	11	5	58	53	49	54	232	#
858	835607	40	32	48	41	56	24	25	42	50	57	58	49	59	51	232	#
859	821017	57	56	48	40	32	49	42	41	51	17	9	59	58	50	232	#
860	1174320	36	28	44	43	12	13	4	37	5	38	30	45	47	54	39	233	#
861	1401324	47	38	37	55	30	22	36	28	14	13	27	39	29	12	20	233	#
862	1352162	38	47	30	22	37	39	29	14	23	28	36	13	12	46	5	233	#
863	1254190	37	45	30	36	70	54	38	39	22	44	47	55	23	28	46	233	#
864	1253032	54	63	45	55	37	44	36	28	29	30	47	38	22	51	23	233	#
865	1210096	12	13	14	22	30	6	37	11	10	21	36	28	20	18	38	233	#
866	122194	68	#
867	57111	72	#
868	1100637	50	58	51	42	49	34	43	48	41	59	35	27	28	44	19	40	18	234	#
869	1377630	27	19	35	18	10	26	34	25	42	41	50	28	29	51	24	32	40	234	#
870	1329859	43	35	13	14	51	34	21	44	42	50	6	49	7	29	27	41	5	234	#
871	1263183	28	27	19	18	26	2	46	35	10	1	9	25	55	24	3	4	21	234	#
872	1250456	19	27	35	28	43	18	51	42	59	44	50	60	26	16	58	7	37	234	#
873	1235199	18	26	10	9	1	25	17	31	19	23	22	21	0	30	2	24	32	234	#
874	118196	34	42	51	235	#
875	166063	34	35	27	235	#
876	163075	51	69	52	235	#
877	324246	45	46	44	52	47	236	#
878	485652	46	38	47	39	45	236	#
879	381046	47	39	38	37	46	236	#
880	371762	52	43	51	35	34	236	#
881	370217	45	44	43	52	51	236	#
882	335690	44	43	45	52	35	236	#
883	46398	67	#
884	138109	57	56	49	41	237	#
885	151792	41	40	32	33	237	#
886	107456	49	41	42	34	237	#
887	1421460	14	22	30	6	15	5	7	9	8	16	10	23	17	64	2	18	3	4	21	0	26	238	#
888	1688489	22	14	6	5	4	29	3	7	28	30	15	37	13	36	59	21	35	60	27	2	1	238	#
889	1645754	30	22	14	23	21	29	5	6	13	37	20	28	15	36	7	38	35	27	45	34	39	238	#
890	1636152	21	22	23	29	28	30	37	27	45	35	19	54	36	14	6	34	55	15	63	46	13	238	#
891	1564769	6	14	5	7	4	15	13	21	20	22	23	29	30	37	45	36	35	34	53	54	27	238	#
892	1562458	23	22	30	14	6	21	7	15	29	28	37	20	36	19	35	27	45	53	18	44	61	238	#
893	268830	1	2	11	12	4	239	#
894	253497	4	3	11	2	5	239	#
895	237701	1	9	2	10	18	239	#
896	211649	12	11	10	9	13	239	#
897	184841	2	3	11	1	10	239	#
898	1258990	44	52	36	37	38	43	46	45	53	55	51	42	30	49	57	50	34	240	#
899	1346489	45	46	38	47	39	55	30	54	53	63	22	62	21	23	52	43	51	240	#
900	1333526	44	36	28	45	37	46	55	63	52	38	43	30	47	22	39	53	51	240	#
901	1321602	55	46	47	54	53	38	63	45	62	30	52	22	51	42	39	43	49	240	#
902	1289549	46	45	53	61	38	47	62	39	55	63	54	52	51	50	59	49	42	240	#
903	1284185	53	45	44	52	36	43	61	51	50	28	42	46	49	62	63	27	58	240	#
904	635093	27	68	19	28	35	43	42	34	51	241	#
905	800106	28	38	30	46	54	27	22	53	55	241	#
906	673326	19	27	28	20	21	13	22	14	29	241	#
907	656743	68	30	38	22	21	63	62	54	46	241	#
908	586820	34	35	42	36	28	27	43	29	51	241	#
909	586401	43	51	50	42	59	60	61	41	62	241	#
910	458228	23	22	31	14	13	30	242	#
911	548445	14	13	22	6	72	5	242	#
912	524609	13	20	19	14	5	12	242	#
913	512409	30	31	38	22	39	23	242	#
914	444022	31	23	30	22	37	38	242	#
915	386358	23	22	14	31	21	20	242	#
916	589229	50	51	49	59	24	60	16	52	243	#
917	587723	60	59	58	50	42	61	62	53	243	#
918	545123	16	24	8	9	25	32	26	33	243	#
919	501287	49	57	61	41	56	53	42	50	243	#
920	475536	52	51	59	44	36	42	60	43	243	#
921	462333	51	50	42	49	57	56	48	27	243	#
922	166684	43	42	51	244	#
923	206349	43	35	51	244	#
924	134068	42	4	51	244	#
925	1951740	6	7	5	13	14	4	12	20	21	29	19	28	22	37	3	36	11	30	2	27	35	45	46	44	31	1	23	10	43	0	34	42	55	47	245	#
926	2572290	20	21	29	37	13	9	14	6	17	22	30	7	16	36	45	5	24	25	31	26	46	54	52	35	51	62	63	28	55	53	47	12	43	61	245	#
927	2406542	47	55	46	54	63	45	53	61	60	62	37	36	52	29	30	28	43	51	42	34	35	22	14	21	20	23	38	13	44	68	19	6	12	5	245	#
928	2405113	36	37	45	30	31	22	38	60	28	29	23	46	14	21	13	20	47	19	18	5	54	6	55	62	35	63	53	27	43	26	34	61	25	33	245	#
929	2309959	28	29	37	36	45	44	46	43	51	35	21	59	24	34	42	25	13	22	41	54	63	12	60	62	14	55	5	61	6	27	32	7	20	19	245	#
930	2252402	45	46	37	29	53	44	54	63	43	55	35	28	62	42	61	36	52	34	51	21	13	47	20	50	58	12	60	14	4	30	3	6	5	22	245	#
931	877271	55	63	54	53	45	62	52	43	61	42	60	59	246	#
932	1083434	60	59	51	50	49	42	57	36	68	58	37	38	246	#
933	1029279	53	54	63	61	52	45	51	55	47	42	38	57	246	#
934	995982	43	51	35	59	42	52	36	58	53	49	50	34	246	#
935	892344	52	51	53	42	43	49	54	57	45	61	59	74	246	#
936	885494	55	54	53	45	71	61	52	60	51	63	44	50	246	#
937	779903	26	58	50	42	43	59	44	34	41	35	45	40	247	#
938	1004362	50	42	58	51	41	38	52	39	59	43	60	40	247	#
939	986909	58	59	60	51	50	49	42	57	41	52	44	56	247	#
940	889188	42	50	41	51	59	58	49	57	60	61	62	53	247	#
941	845999	41	42	40	50	58	43	32	24	33	52	51	22	247	#
942	817659	43	44	36	37	52	51	29	50	30	31	42	45	247	#
943	824869	35	27	34	28	36	43	29	44	37	19	248	#
944	934894	35	43	52	36	34	51	37	50	30	28	248	#
945	914307	36	37	28	30	35	27	22	34	21	29	248	#
946	897853	37	29	36	64	35	34	28	27	21	30	248	#
947	887257	28	27	35	36	37	19	34	29	20	21	248	#
948	878669	27	35	28	43	34	51	29	65	36	52	248	#
949	203673	38	30	249	#
950	171369	30	37	249	#
951	148680	38	46	249	#
952	57172	20	#
953	963375	10	2	11	12	1	13	3	4	5	9	20	21	0	8	19	250	#
954	1068938	20	13	12	19	4	21	11	2	10	27	28	9	5	30	22	250	#
955	992915	3	4	12	13	2	20	5	11	10	19	6	27	9	1	8	250	#
956	983392	19	27	28	20	21	36	13	35	22	37	43	44	18	51	10	250	#
957	982430	21	20	13	22	12	30	38	4	23	73	19	31	11	10	5	250	#
958	979543	12	11	3	2	4	5	13	56	9	20	21	1	0	8	10	250	#
959	242717	4	3	2	12	251	#
960	234553	12	13	14	20	251	#
961	181962	4	3	11	12	251	#
962	169785	2	67	10	3	251	#
963	152632	8	0	16	252	#
964	209361	8	9	10	252	#
965	184954	16	8	17	252	#
966	147644	0	8	1	252	#
967	867816	14	22	21	13	6	23	12	20	15	29	11	7	3	253	#
968	1159992	23	22	31	21	29	37	36	35	28	27	44	13	20	253	#
969	1138435	29	37	21	20	36	28	13	27	45	46	14	44	38	253	#
970	1130608	6	15	14	5	22	23	21	29	28	13	36	7	35	253	#
971	1072731	20	21	29	22	13	28	27	14	23	12	35	43	42	253	#
972	1061237	21	35	36	20	44	52	53	27	28	45	37	61	51	253	#
973	20437	71	#
974	323018	18	19	20	10	13	254	#
975	436546	13	14	21	6	20	254	#
976	422894	20	19	27	18	28	254	#
977	388960	19	18	20	30	13	254	#
978	305036	18	26	10	9	8	254	#
979	277507	42	43	51	34	255	#
980	361554	51	42	52	38	255	#
981	220290	34	35	43	42	255	#
982	217142	43	42	51	49	255	#
983	140119	42	49	41	34	255	#
984	31188	33	32	#
985	852696	19	27	35	43	36	52	51	59	50	42	49	256	#
986	914776	52	43	51	35	50	58	59	34	49	48	56	256	#
987	835538	59	60	58	50	61	22	49	48	51	23	14	256	#
988	835036	51	59	58	50	52	43	60	49	61	62	35	256	#
989	818370	36	37	29	45	30	38	47	46	55	39	63	256	#
990	731001	49	57	48	56	41	40	32	33	50	38	30	256	#
991	133293	7	6	15	257	#
992	169445	7	20	15	257	#
993	161618	6	14	7	257	#
994	804695	58	59	51	50	0	42	60	52	61	37	258	#
995	944793	37	36	28	30	45	29	22	38	31	44	258	#
996	817902	50	42	51	34	49	41	52	44	36	48	258	#
997	768300	58	59	50	49	48	41	57	51	42	56	258	#
998	749830	51	52	42	50	34	49	41	48	44	57	258	#
999	738603	60	61	59	62	29	21	37	30	12	4	258	#
1000	3038435	20	19	21	18	10	13	46	55	45	9	38	39	54	47	37	11	3	26	25	8	36	35	34	22	56	23	2	12	29	57	49	0	24	62	16	63	14	1	50	44	51	27	73	43	41	30	31	259	#
1001	3299063	45	54	37	63	36	62	46	61	44	38	43	35	52	47	55	29	21	42	13	19	14	12	34	40	11	39	20	33	10	18	2	22	25	26	5	32	9	24	51	59	41	23	1	0	31	3	27	259	#
1002	3287294	14	22	21	20	13	12	29	23	30	37	45	5	31	54	6	7	15	38	46	19	53	18	52	26	63	47	51	25	33	43	39	36	59	32	61	62	42	41	27	40	55	49	35	57	28	34	24	259	#
1003	3232824	20	21	22	29	23	13	14	30	31	5	37	38	46	12	4	3	36	45	39	11	2	10	35	1	47	55	63	54	19	9	18	27	26	25	43	24	62	32	51	61	6	33	52	59	0	60	53	259	#
1004	3215683	10	18	2	11	12	9	19	1	20	26	0	3	8	16	21	13	29	35	22	34	24	43	15	37	52	27	23	44	7	38	30	51	45	54	31	46	63	5	59	32	71	62	14	33	25	42	36	259	#
1005	3210854	36	11	2	1	12	37	3	29	35	43	44	0	52	30	45	27	46	21	10	38	31	13	20	34	47	54	67	42	63	39	22	68	28	51	19	55	14	41	18	9	23	62	61	8	26	5	59	259	#
1006	645513	25	26	22	23	18	31	30	24	37	16	260	#
1007	789398	26	25	24	32	40	69	48	56	33	16	260	#
1008	743941	37	45	29	28	36	35	54	53	46	61	260	#
1009	733157	30	38	37	31	45	34	46	42	29	53	260	#
1010	732951	16	17	8	24	25	26	18	32	40	33	260	#
1011	726782	18	26	10	25	33	9	8	24	16	1	260	#
1012	532668	16	24	32	33	25	40	48	56	261	#
1013	554948	24	16	25	26	44	58	43	52	261	#
1014	500532	56	48	57	49	50	42	59	43	261	#
1015	469180	32	33	24	25	16	26	17	40	261	#
1016	464829	25	26	24	16	33	32	8	9	261	#
1017	409241	16	8	24	32	40	29	25	33	261	#
1018	196830	15	7	6	5	262	#
1019	280556	6	0	14	13	262	#
1020	202794	15	6	7	14	262	#
1021	101014	5	12	4	3	262	#
1022	139192	28	#
1023	1159669	53	52	61	43	45	54	46	44	63	38	37	60	59	39	62	47	58	263	#
1024	1290162	53	54	46	38	28	43	44	52	27	19	47	45	37	18	55	39	29	263	#
1025	1226165	37	45	44	38	53	39	29	46	52	43	47	55	6	30	31	54	21	263	#
1026	1215432	45	37	44	43	46	35	34	52	47	38	30	29	55	3	27	39	21	263	#
1027	1214334	39	47	46	38	37	45	54	36	44	35	53	52	62	55	30	43	61	263	#
1028	1211643	63	54	55	46	45	44	37	47	38	39	30	53	36	61	72	60	35	263	#
1029	114514	51	#
1030	98696	34	35	264	#
1031	128756	35	36	264	#
1032	83531	34	42	264	#
1033	1087186	27	35	39	28	43	51	47	55	36	62	59	38	42	44	265	#
1034	1245081	47	55	38	37	30	36	28	39	27	46	54	45	53	35	265	#
1035	1132509	35	36	27	28	43	29	44	19	45	37	54	46	30	47	265	#
1036	1126355	38	47	37	36	46	54	55	7	15	39	35	45	43	27	265	#
1037	1120234	43	44	36	35	37	27	30	22	21	28	31	45	52	38	265	#
1038	1108856	28	36	35	8	44	27	9	45	48	43	37	46	55	53	265	#
1039	197128	35	36	266	#
1040	164860	35	34	266	#
1041	218218	60	61	59	57	49	267	#
1042	276010	60	61	53	59	54	267	#
1043	830753	30	31	38	47	22	55	63	21	20	54	46	19	268	#
1044	1045535	22	30	38	47	46	55	45	39	21	44	36	29	268	#
1045	967269	46	38	55	30	22	47	45	21	29	20	63	53	268	#
1046	930635	38	46	45	37	30	54	55	36	47	63	29	62	268	#
1047	899475	30	31	38	47	55	63	62	39	27	46	19	45	268	#
1048	853231	54	63	62	55	53	61	52	47	60	45	51	38	268	#
1049	64845	18	#
1050	1028553	69	44	52	43	35	27	45	36	18	37	29	49	19	21	269	#
1051	1316293	29	28	21	37	38	36	13	47	27	35	44	45	30	34	269	#
1052	1131783	36	44	35	43	37	38	45	28	55	39	42	29	21	54	269	#
1053	1130027	52	53	45	37	30	46	31	50	36	28	38	43	29	42	269	#
1054	1112536	27	35	43	51	28	42	19	41	20	13	34	52	40	21	269	#
1055	1102547	44	45	43	52	37	30	38	42	53	41	35	34	61	51	269	#
1056	7739	43	#
1057	212031	36	44	270	#
1058	232162	36	28	270	#
1059	566150	5	13	21	14	20	22	29	271	#
1060	595990	13	21	5	20	29	28	4	271	#
1061	579950	21	29	13	14	20	37	5	271	#
1062	551902	29	37	61	36	45	9	8	271	#
1063	534402	20	21	29	37	22	13	30	271	#
1064	520363	22	21	14	30	20	37	38	271	#
1065	112358	49	41	42	272	#
1066	132783	42	34	49	272	#
1067	108672	72	#
1068	99648	3	11	273	#
1069	108170	11	36	273	#
1070	86575	3	4	273	#
1071	132479	49	41	40	48	50	274	#
1072	159063	41	42	43	49	48	274	#
1073	137400	49	57	42	34	41	274	#
1074	94767	40	48	49	32	50	274	#
1075	2564557	18	19	20	13	26	27	25	10	11	14	9	21	24	1	0	16	2	29	3	22	37	5	4	38	23	17	32	36	46	47	54	40	39	53	30	44	45	31	35	48	275	#
1076	2744222	17	44	16	36	37	43	9	8	51	1	42	0	29	34	69	10	24	32	28	2	11	21	50	22	40	30	73	25	52	48	26	59	13	23	27	14	58	46	53	19	275	#
1077	2710351	40	32	24	55	48	47	25	54	46	44	39	49	42	36	56	62	51	37	43	38	61	57	53	29	28	59	33	58	50	27	52	60	34	26	63	21	22	19	20	14	275	#
1078	2703322	38	37	30	39	31	29	46	55	23	47	36	28	22	27	14	13	21	45	54	62	53	61	44	20	60	59	51	58	43	42	49	57	19	56	34	6	48	63	50	7	275	#
1079	2687136	20	13	21	22	14	23	29	67	37	31	6	7	30	28	27	65	19	15	36	60	44	52	43	51	59	5	42	34	38	39	53	18	50	58	61	4	3	26	2	62	275	#
1080	2678206	46	60	61	67	38	30	37	59	47	55	73	54	22	39	53	62	58	31	36	23	21	72	35	27	28	52	29	50	49	48	9	20	10	43	8	1	2	0	63	13	275	#
1081	302157	59	58	21	276	#
1082	358188	21	29	22	276	#
1083	263247	58	59	50	276	#
1084	221426	59	58	51	276	#
1085	535015	12	13	11	21	5	20	3	4	277	#
1086	689444	20	13	55	19	39	63	12	14	277	#
1087	683511	5	4	13	3	14	22	20	21	277	#
1088	636588	21	13	12	4	14	3	20	22	277	#
1089	634502	13	21	20	19	14	12	27	4	277	#
1090	511267	11	26	44	45	36	18	34	3	277	#
1091	232705	32	24	16	278	#
1092	293083	16	24	17	278	#
1093	268975	32	33	25	278	#
1094	152701	24	32	40	278	#
1095	2272141	62	61	63	54	60	59	58	51	42	50	49	55	45	34	57	56	52	53	67	46	43	44	38	35	41	39	36	17	47	30	279	#
1096	2471185	53	61	54	62	52	44	43	51	42	59	45	63	46	58	50	35	41	33	27	38	34	55	49	57	19	47	30	39	28	56	279	#
1097	2370246	57	56	49	50	42	51	67	41	43	59	58	44	52	53	34	35	61	62	27	63	40	45	32	54	19	24	28	46	33	38	279	#
1098	2361950	62	63	61	54	55	45	44	46	38	39	47	36	28	35	43	42	52	51	50	59	27	53	34	19	58	30	49	57	31	23	279	#
1099	2328901	58	50	42	41	49	57	56	43	51	52	48	59	34	44	36	37	35	30	22	38	47	21	55	29	39	28	14	45	46	53	279	#
1100	2313493	52	53	61	43	44	62	42	63	54	45	50	35	58	49	57	41	34	51	56	36	59	55	27	28	60	46	38	47	39	30	279	#
1101	218832	44	36	37	30	52	280	#
1102	322329	37	30	39	47	46	280	#
1103	309849	36	44	45	46	53	280	#
1104	282610	44	36	37	45	53	280	#
1105	279449	30	22	23	37	31	280	#
1106	544659	59	58	50	42	51	60	281	#
1107	590709	58	50	51	52	42	59	281	#
1108	571955	59	60	51	50	58	52	281	#
1109	458278	42	51	50	34	43	35	281	#
1110	432112	60	59	51	58	52	43	281	#
1111	367608	51	59	43	60	44	52	281	#
1112	1145886	31	23	30	38	46	55	54	22	39	47	53	2	62	63	45	10	11	18	282	#
1113	1539380	22	14	30	13	21	37	29	5	31	38	20	12	47	55	36	46	28	19	282	#
1114	1424401	46	45	54	47	37	36	39	38	55	53	28	29	63	35	62	8	27	0	282	#
1115	1406012	53	54	55	47	46	39	45	63	62	38	52	51	43	37	36	29	30	31	282	#
1116	1328019	55	47	54	62	46	38	45	39	53	63	37	29	61	28	27	44	36	21	282	#
1117	1321477	38	46	45	53	47	37	29	55	21	28	36	54	62	39	48	56	61	63	282	#
1118	1702812	13	46	54	20	55	63	21	22	47	62	29	39	5	23	4	28	31	38	61	60	19	18	27	283	#
1119	1747108	63	54	55	46	47	38	30	53	52	43	42	44	39	31	13	5	21	20	36	22	4	29	62	283	#
1120	1719204	61	60	17	9	8	62	54	53	16	63	55	24	0	46	32	52	51	25	50	43	10	38	42	283	#
1121	1706589	39	47	38	57	46	54	55	23	63	53	31	49	61	22	42	41	51	52	21	29	43	26	28	283	#
1122	1682048	60	61	53	52	59	44	43	54	38	39	46	42	51	55	65	50	63	62	49	57	30	47	31	283	#
1123	1678341	31	46	47	54	55	63	53	23	38	61	30	60	5	39	52	4	43	13	20	21	62	19	22	283	#
1124	1768332	38	46	37	54	63	62	30	22	55	29	61	39	27	53	28	19	36	23	35	43	18	44	21	284	#
1125	1835834	29	37	38	30	46	22	36	44	70	43	54	63	62	21	35	27	51	28	61	23	19	55	53	284	#
1126	1789372	61	60	53	54	62	63	65	36	46	59	28	51	50	58	29	37	44	43	55	42	30	38	22	284	#
1127	1757565	38	30	22	46	37	23	55	54	29	63	21	36	62	61	28	45	48	44	27	47	19	56	53	284	#
1128	1741945	46	54	38	53	63	30	37	55	36	31	47	44	28	23	61	22	27	32	29	62	19	43	33	284	#
1129	1735007	39	38	30	46	22	21	54	63	62	53	61	29	2	10	3	18	28	55	36	47	27	67	19	284	#
1130	1016519	14	6	22	40	5	32	13	12	4	23	48	41	21	49	50	57	33	7	285	#
1131	1503684	6	15	59	5	51	58	43	7	35	36	50	61	49	52	28	29	57	27	285	#
1132	1446575	49	50	42	58	51	57	52	44	48	41	59	40	56	43	36	28	27	29	285	#
1133	1371643	50	51	59	43	52	42	41	44	58	35	27	53	40	34	19	36	49	48	285	#
1134	1371399	21	22	23	29	28	14	6	15	13	5	30	7	12	36	35	27	31	43	285	#
1135	1329248	57	49	48	42	56	50	51	34	43	59	35	40	58	32	27	36	52	73	285	#
1136	168050	58	59	#
1137	124316	1	0	286	#
1138	99399	1	2	286	#
1139	93970	0	68	286	#
1140	6584	44	#
1141	53253	73	#
1142	623514	17	16	8	24	9	10	2	49	25	26	11	33	287	#
1143	850453	49	50	51	59	43	35	60	42	34	61	58	48	287	#
1144	785648	24	16	17	25	32	33	60	8	9	40	10	61	287	#
1145	756283	33	32	40	48	24	25	16	26	18	17	19	10	287	#
1146	744871	9	72	8	16	17	10	18	24	11	2	19	1	287	#
1147	736926	17	40	16	24	25	9	1	26	8	53	2	32	287	#
1148	1538716	31	30	22	21	23	20	29	13	27	5	35	12	19	37	38	39	28	45	6	72	288	#
1149	1566419	21	22	29	13	28	52	53	44	30	31	27	43	20	19	5	35	6	45	42	51	288	#
1150	1437923	38	46	45	44	54	55	39	62	53	61	63	52	47	37	30	22	36	29	28	21	288	#
1151	1392284	29	21	37	13	5	20	22	45	54	12	30	62	23	53	15	6	11	31	52	61	288	#
1152	1384852	28	29	21	22	23	36	35	31	13	20	30	5	12	38	27	11	19	4	39	46	288	#
1153	1380388	20	13	21	5	19	22	30	12	36	35	37	28	29	31	18	27	38	26	11	10	288	#
1154	1612425	46	55	63	38	62	37	54	45	53	29	61	52	51	47	28	59	60	36	21	13	20	22	43	289	#
1155	1658158	62	54	6	45	55	53	5	61	14	37	4	46	52	38	29	60	13	59	47	21	20	58	51	289	#
1156	1618601	43	52	51	44	59	58	16	17	50	36	37	30	53	38	42	28	49	24	48	22	35	34	21	289	#
1157	1595984	36	28	44	37	30	38	31	45	23	46	53	35	47	43	51	52	22	54	50	42	29	58	21	289	#
1158	1577276	46	38	47	45	37	55	53	54	63	62	36	35	52	61	29	60	43	21	51	59	2	44	30	289	#
1159	1535876	53	61	60	62	59	58	25	54	33	63	55	50	51	46	42	38	47	45	34	26	43	35	37	289	#
1160	375225	7	6	14	56	48	13	290	#
1161	360854	56	48	40	41	42	51	290	#
1162	342141	7	6	5	13	12	21	290	#
1163	334663	6	7	14	5	13	15	290	#
1164	257729	14	6	13	22	12	20	290	#
1165	247522	48	40	56	49	50	32	290	#
1166	335885	63	55	54	62	61	45	291	#
1167	458151	63	54	55	36	28	35	291	#
1168	359485	61	60	59	53	54	7	291	#
1169	351741	55	63	54	46	38	62	291	#
1170	331999	62	63	61	54	60	55	291	#
1171	322795	54	46	38	55	62	37	291	#
1172	997225	8	16	9	17	1	0	24	25	10	2	3	26	32	18	33	4	292	#
1173	1402527	10	18	9	17	19	27	1	26	13	35	14	21	36	5	28	12	292	#
1174	1199700	26	18	10	25	19	27	20	13	12	2	14	1	5	28	0	8	292	#
1175	1179961	25	24	26	16	33	32	40	17	9	10	18	19	8	1	20	27	292	#
1176	1177464	18	10	9	2	17	3	1	26	8	19	27	28	20	25	35	11	292	#
1177	1155318	24	51	52	59	58	16	53	8	17	54	45	46	50	49	62	44	292	#
1178	541135	11	3	10	12	2	13	14	1	22	18	293	#
1179	757638	14	22	13	5	21	23	12	20	29	6	293	#
1180	746452	18	19	27	20	16	24	35	21	32	36	293	#
1181	726189	12	11	3	13	21	22	30	14	10	5	293	#
1182	530246	11	12	13	20	14	58	10	21	18	3	293	#
1183	493278	3	11	12	10	2	13	18	1	21	9	293	#
1184	529565	57	56	49	50	48	22	21	20	19	294	#
1185	759792	20	21	19	13	60	27	14	28	36	294	#
1186	707329	22	21	23	13	14	20	6	29	37	294	#
1187	615778	57	56	6	15	7	14	22	23	21	294	#
1188	596476	21	22	20	13	19	12	14	71	11	294	#
1189	569098	50	42	34	43	41	40	35	58	51	294	#
1190	1768937	5	13	21	4	3	20	2	11	69	1	10	9	14	17	19	18	0	26	28	29	36	22	35	34	27	16	43	8	295	#
1191	2043039	13	21	14	53	54	45	29	46	63	20	47	19	34	38	39	44	61	62	36	60	42	49	43	55	51	50	28	6	295	#
1192	2011598	27	28	36	19	44	45	52	54	46	20	53	21	51	42	43	38	13	14	39	29	34	47	49	41	57	63	37	50	295	#
1193	1998814	29	28	27	21	13	19	36	35	15	34	20	42	30	37	51	31	5	38	22	50	4	39	14	9	43	41	3	17	295	#
1194	1956163	14	13	20	21	22	29	28	23	36	44	43	47	42	19	46	49	35	34	50	52	38	55	27	45	51	48	40	63	295	#
1195	1953933	19	20	13	21	22	14	44	23	27	43	31	45	36	51	54	28	42	52	18	5	53	46	41	34	38	50	63	47	295	#
1196	247088	21	29	28	296	#
1197	275472	21	29	37	296	#
1198	239845	29	37	28	296	#
1199	214266	28	27	22	296	#
1200	747339	72	14	6	15	5	13	7	54	297	#
1201	720459	7	15	6	14	29	28	13	20	297	#
1202	705916	5	6	7	15	14	59	51	13	297	#
1203	622053	14	13	6	5	38	15	4	12	297	#
1204	609698	6	5	14	13	20	15	22	23	297	#
1205	563399	72	7	33	15	6	32	5	14	297	#
1206	472306	15	7	6	5	55	63	4	54	298	#
1207	679341	6	37	29	21	28	5	36	44	298	#
1208	413902	15	6	14	5	7	4	3	55	298	#
1209	297689	4	5	3	6	15	11	14	7	298	#
1210	295038	5	6	4	14	7	15	3	2	298	#
1211	287480	7	6	5	15	4	2	10	11	298	#
1212	208678	55	63	47	299	#
1213	284570	47	39	38	299	#
1214	253014	55	63	46	299	#
1215	2001469	4	12	13	17	3	14	20	16	22	6	2	11	1	51	10	7	19	5	18	46	26	55	38	25	15	39	8	37	63	29	45	300	#
1216	2457507	46	47	38	55	30	37	39	63	36	45	44	35	27	43	22	28	14	29	73	6	51	1	25	59	54	7	15	60	5	26	50	300	#
1217	2224091	39	47	38	46	37	36	28	35	29	43	30	22	51	59	50	44	52	27	60	45	14	34	54	55	6	5	33	7	61	48	58	300	#
1218	2166836	29	28	27	37	38	35	30	36	39	46	47	44	65	67	52	43	51	45	59	50	55	53	49	63	54	22	58	62	14	60	61	300	#
1219	2109257	38	46	55	30	22	14	39	54	53	63	6	37	47	52	33	43	35	51	7	67	44	32	36	62	15	13	5	40	20	25	59	300	#
1220	2088940	14	60	6	61	53	59	7	52	13	64	43	35	15	51	50	44	20	42	36	5	45	58	54	68	49	27	46	38	37	29	30	300	#
1221	103453	11	12	13	10	301	#
1222	55778	11	10	2	55	301	#
1223	192937	17	16	302	#
1224	194393	16	24	302	#
1225	156401	17	9	302	#
1226	629585	49	42	43	50	58	59	51	52	53	41	45	303	#
1227	774465	53	52	45	44	46	47	39	36	55	43	54	303	#
1228	762110	58	59	51	52	43	60	61	44	53	62	45	303	#
1229	718764	51	52	43	53	61	62	30	50	63	58	60	303	#
1230	714110	59	58	60	61	51	50	52	43	62	42	49	303	#
1231	698762	45	44	46	55	63	43	52	47	42	54	39	303	#
1232	385600	49	57	41	42	51	48	56	52	50	304	#
1233	504464	52	44	53	13	20	19	14	21	43	304	#
1234	462143	51	59	60	43	61	62	63	53	58	304	#
1235	407851	48	56	49	57	59	60	41	61	58	304	#
1236	362455	57	49	56	48	41	50	58	51	40	304	#
1237	350372	49	41	50	57	58	56	40	48	47	304	#
1238	1364009	53	54	45	63	44	46	43	37	35	52	38	30	34	62	42	50	55	47	51	36	61	305	#
1239	1504108	45	37	36	35	43	30	38	39	28	1	9	52	2	47	11	12	42	53	46	4	51	305	#
1240	1500982	36	28	37	30	38	47	31	23	46	29	39	35	44	34	50	55	45	51	42	41	21	305	#
1241	1498182	37	30	28	45	44	29	36	43	53	35	52	46	54	34	63	38	27	50	42	55	21	305	#
1242	1453361	38	30	46	47	39	55	45	53	37	36	54	28	61	52	63	43	51	50	35	31	27	305	#
1243	1421577	44	43	52	42	50	20	34	49	36	65	32	48	24	41	35	40	25	26	45	53	21	305	#
1244	77647	70	#
1245	503331	27	35	34	19	20	13	5	14	6	306	#
1246	700163	35	43	44	27	42	52	28	50	58	306	#
1247	609900	34	42	35	51	70	43	52	50	9	306	#
1248	604850	27	19	35	20	28	13	43	44	29	306	#
1249	543110	20	19	27	35	36	13	14	5	6	306	#
1250	531940	13	14	6	5	20	22	23	30	37	306	#
1251	382742	21	20	19	22	307	#
1252	488523	21	22	30	38	307	#
1253	416470	22	21	29	20	307	#
1254	314922	19	27	20	21	307	#
1255	193838	20	13	12	5	307	#
1256	420070	25	33	24	32	40	16	48	308	#
1257	566831	25	24	16	17	9	32	33	308	#
1258	539112	16	24	8	9	0	17	25	308	#
1259	499656	40	32	33	24	25	16	17	308	#
1260	496738	24	16	17	32	8	33	25	308	#
1261	483937	33	25	24	16	26	8	32	308	#
1262	1417436	11	12	69	10	18	19	27	20	26	13	2	3	21	25	22	29	14	24	30	37	38	31	45	309	#
1263	1780762	21	29	22	20	30	19	28	27	37	36	44	45	18	13	52	26	51	14	12	54	50	42	58	309	#
1264	1726636	27	28	36	29	37	45	21	44	22	14	5	13	35	43	20	42	52	51	30	54	50	6	19	309	#
1265	1711820	37	45	44	29	43	42	50	52	38	28	51	21	20	59	60	30	19	13	24	53	14	18	54	309	#
1266	1614586	30	37	22	45	44	31	38	23	52	21	54	43	53	51	61	42	29	60	41	28	59	49	50	309	#
1267	1544843	19	18	10	26	27	11	12	13	20	21	3	28	29	22	2	30	14	5	35	31	43	42	51	309	#
1268	73154	44	#
1269	365118	61	62	54	53	63	45	37	52	310	#
1270	509614	62	54	46	45	37	53	52	47	310	#
1271	417436	63	62	54	45	46	47	44	37	310	#
1272	411278	61	60	59	62	58	54	53	46	310	#
1273	283739	25	26	24	311	#
1274	226952	25	24	32	311	#
1275	183672	26	18	25	311	#
1276	970924	34	35	27	43	44	51	42	36	41	37	30	50	19	312	#
1277	1057916	43	52	35	53	51	42	61	50	54	59	34	27	63	312	#
1278	1041840	50	49	58	42	51	59	41	57	34	60	35	48	27	312	#
1279	1026129	37	45	44	54	38	63	62	53	61	39	29	60	30	312	#
1280	1022010	44	45	43	54	53	52	42	61	51	41	50	63	62	312	#
1281	1021521	35	27	34	54	62	42	43	53	45	21	41	22	63	312	#
1282	1066185	3	11	10	4	5	18	13	12	14	6	7	2	26	15	9	8	16	1	313	#
1283	1325457	5	13	4	14	21	29	3	6	12	7	25	37	36	30	15	38	31	11	313	#
1284	1160106	6	5	4	14	51	42	50	68	43	7	44	12	36	13	15	28	34	35	313	#
1285	1124300	11	10	2	12	3	4	5	9	18	8	0	1	16	19	13	14	21	29	313	#
1286	1085421	12	11	10	18	19	13	5	27	4	6	14	28	15	36	7	3	37	22	313	#
1287	1065538	14	13	5	12	4	6	11	3	7	15	2	10	9	1	18	19	8	0	313	#
1288	561247	23	22	14	13	12	11	31	21	314	#
1289	709588	21	20	22	23	30	29	13	37	314	#
1290	650451	23	31	30	38	22	39	21	13	314	#
1291	647837	22	21	20	13	14	37	30	5	314	#
1292	644700	31	23	30	37	38	39	36	47	314	#
1293	567975	14	13	20	21	12	11	3	4	314	#
1294	180396	29	37	315	#
1295	209663	29	21	315	#
1296	153191	37	45	315	#
1297	598916	61	62	54	53	52	60	44	51	45	316	#
1298	805944	45	37	29	28	27	35	43	52	51	316	#
1299	729898	53	52	44	51	61	36	50	37	43	316	#
1300	639765	52	51	44	42	50	43	49	36	59	316	#
1301	590412	61	60	62	53	52	54	55	70	59	316	#
1302	563056	60	61	53	54	55	63	17	46	52	316	#
1303	740599	10	11	3	12	18	19	2	13	20	21	14	6	317	#
1304	1078322	21	29	37	36	35	13	28	20	43	52	14	27	317	#
1305	1021949	19	27	20	15	6	21	14	5	13	28	12	22	317	#
1306	937050	18	19	20	27	21	29	37	28	26	14	6	10	317	#
1307	904495	20	21	13	25	33	29	14	37	19	6	5	18	317	#
1308	861330	14	13	21	20	19	22	18	26	10	2	9	27	317	#
1309	1654770	26	71	18	19	10	20	9	11	8	2	1	3	17	16	24	32	27	25	28	29	35	43	42	36	41	49	44	50	37	57	40	318	#
1310	2143457	27	19	28	20	36	35	34	43	44	29	18	38	37	39	42	45	26	52	53	54	50	30	31	62	41	63	23	58	59	49	61	318	#
1311	2034533	28	29	37	36	44	35	27	19	43	30	45	42	41	52	53	54	63	55	46	38	65	31	40	18	23	26	62	50	61	10	9	318	#
1312	2030951	19	27	20	13	14	18	26	35	34	43	28	52	29	53	54	8	42	44	37	63	30	49	5	9	62	31	36	61	41	6	50	318	#
1313	2027187	35	36	37	44	27	45	54	53	38	56	57	30	62	52	43	61	42	31	34	63	49	50	46	60	23	19	16	17	18	41	8	318	#
1314	2004006	71	39	38	30	37	45	31	29	23	44	46	54	63	53	61	55	15	62	60	43	42	52	41	59	6	51	34	50	49	58	7	318	#
1315	73587	67	#
1316	68912	69	#
1317	163175	2	11	10	12	13	319	#
1318	165358	12	11	13	3	10	319	#
1319	141049	11	10	9	12	8	319	#
1320	85114	2	11	12	10	18	319	#
1321	792171	19	20	21	13	18	14	6	15	22	23	12	31	320	#
1322	1028599	31	23	30	38	22	14	46	55	39	6	21	13	320	#
1323	937453	19	27	35	36	43	18	44	28	45	34	68	53	320	#
1324	933253	23	31	22	21	14	6	30	20	38	13	15	5	320	#
1325	932971	22	14	23	6	13	30	20	5	19	15	21	31	320	#
1326	894956	21	13	73	14	22	6	15	30	23	38	31	20	320	#
1327	976084	0	1	9	10	11	2	17	16	24	25	32	40	48	31	30	321	#
1328	1157711	31	30	37	22	45	38	54	47	53	29	46	55	63	52	51	321	#
1329	1119514	32	40	41	48	49	42	50	34	51	35	56	59	36	24	33	321	#
1330	1108609	25	64	24	32	40	48	49	56	50	57	51	22	52	53	45	321	#
1331	1090658	40	41	32	24	48	16	17	9	1	0	10	33	18	25	56	321	#
1332	1085034	48	49	42	41	34	51	50	43	35	59	36	40	28	56	27	321	#
1333	385960	6	15	7	5	13	322	#
1334	385621	15	6	5	13	4	322	#
1335	385475	13	20	5	6	14	322	#
1336	295336	5	6	13	12	74	322	#
1337	1748277	37	38	47	30	55	39	26	54	18	63	46	22	25	31	33	36	45	35	29	34	10	27	23	43	323	#
1338	1830129	47	39	55	38	37	54	46	36	28	63	62	29	45	35	61	53	34	42	52	50	43	30	60	58	323	#
1339	1814254	37	30	36	35	22	21	38	29	43	51	28	42	45	13	34	27	44	23	58	14	50	59	31	68	323	#
1340	1781983	45	54	37	53	61	62	60	63	46	55	29	38	47	19	28	18	59	58	26	36	39	27	51	43	323	#
1341	1781511	27	28	36	35	29	37	38	43	42	51	52	53	39	30	34	61	31	63	44	50	45	58	23	54	323	#
1342	1748796	46	54	47	38	55	37	30	39	45	63	62	31	29	53	44	22	36	23	14	7	6	35	61	52	323	#
1343	383046	70	51	50	49	48	42	324	#
1344	489101	51	59	42	52	58	44	324	#
1345	431687	49	41	57	50	42	58	324	#
1346	403951	50	49	42	41	51	57	324	#
1347	345287	70	14	6	13	12	4	324	#
1348	275593	48	49	40	42	56	57	324	#
1349	1408688	10	9	17	2	11	18	54	46	12	47	3	13	26	39	62	5	8	21	38	37	325	#
1350	1715092	21	22	23	30	20	19	18	31	13	5	12	37	36	1	9	10	2	38	39	47	325	#
1351	1550634	39	47	16	46	38	55	30	24	63	37	8	34	0	35	9	45	31	22	21	36	325	#
1352	1545313	10	2	11	12	18	3	26	13	5	46	21	45	47	38	30	39	22	9	6	15	325	#
1353	1468762	46	54	45	47	39	37	63	62	38	55	36	61	53	28	30	31	23	27	22	52	325	#
1354	1402776	18	10	38	37	26	9	8	46	2	36	35	47	39	30	16	45	54	63	3	31	325	#
1355	1078114	22	14	13	30	6	5	31	20	7	21	29	4	38	46	326	#
1356	1176043	5	13	21	14	22	6	4	50	29	58	51	20	59	52	326	#
1357	1077553	6	15	14	13	20	22	30	21	5	38	7	46	55	47	326	#
1358	1059993	29	37	21	20	13	14	45	46	61	55	47	22	54	6	326	#
1359	1040687	31	30	22	23	37	7	45	38	46	55	47	21	13	20	326	#
1360	1028886	46	54	55	47	45	44	62	38	63	36	52	53	51	50	326	#
1361	1146456	1	9	2	11	10	17	0	12	16	8	4	24	32	5	40	6	18	56	48	25	49	57	327	#
1362	1692903	48	49	57	56	42	40	32	33	43	50	44	25	58	27	35	51	1	36	37	29	30	26	327	#
1363	1534039	9	21	17	0	29	37	41	38	1	49	48	30	20	56	36	40	32	24	19	39	57	16	327	#
1364	1508753	25	24	32	33	26	18	16	10	11	40	19	28	17	20	27	48	29	56	49	21	57	50	327	#
1365	1504833	6	7	15	55	46	63	54	5	53	61	45	37	29	36	21	14	44	30	20	43	52	58	327	#
1366	1470422	56	48	57	49	42	50	58	43	51	40	44	35	34	41	32	33	27	28	29	52	36	38	327	#
1367	236608	32	24	40	33	328	#
1368	300538	24	16	54	62	328	#
1369	280341	32	24	16	33	328	#
1370	205557	55	46	38	329	#
1371	258671	46	47	14	329	#
1372	235873	38	39	30	329	#
1373	157727	55	47	63	329	#
1374	274548	52	44	53	330	#
1375	257020	53	54	52	330	#
1376	240021	44	36	28	330	#
1377	1311602	58	59	60	51	42	61	53	52	44	36	62	63	54	28	29	21	55	46	43	331	#
1378	1544981	21	22	14	30	31	38	23	36	35	40	28	44	46	39	47	41	55	29	63	331	#
1379	1475862	46	6	14	13	21	38	15	39	22	55	54	63	5	47	7	23	53	52	30	331	#
1380	1446920	55	47	63	54	46	53	62	39	38	61	52	51	44	36	28	27	35	29	37	331	#
1381	1399537	61	53	62	54	55	47	46	38	30	39	63	31	23	22	52	14	21	43	44	331	#
1382	1376770	54	55	47	46	53	39	38	63	61	62	60	52	43	44	59	36	51	28	27	331	#
1383	1230703	63	55	47	54	46	45	37	29	38	30	21	28	36	44	332	#
1384	1312110	37	30	38	29	28	47	46	45	55	27	31	36	19	44	332	#
1385	1297824	44	36	52	37	29	28	51	59	60	21	45	46	20	38	332	#
1386	1251032	30	38	22	46	14	54	45	37	21	47	36	53	29	13	332	#
1387	1214551	47	55	46	45	38	37	63	30	54	31	29	21	36	22	332	#
1388	1160937	29	28	21	13	36	12	20	14	11	22	2	30	19	18	332	#
1389	1145259	24	32	16	25	33	8	17	40	41	26	18	10	19	2	3	9	1	4	27	51	333	#
1390	1444795	27	28	35	36	37	45	38	68	47	54	46	29	34	39	21	22	30	55	23	42	333	#
1391	1435747	9	17	8	1	10	29	28	2	21	37	36	3	16	44	45	0	46	24	32	53	333	#
1392	1313789	25	24	26	32	18	16	10	45	40	8	2	53	17	9	33	37	38	1	31	54	333	#
1393	1310794	1	0	8	16	66	51	24	9	10	18	25	43	50	17	2	32	35	59	34	26	333	#
1394	1217490	10	2	1	9	18	8	17	19	0	3	26	34	11	16	24	28	29	4	21	32	333	#
1395	1072269	5	13	6	12	15	14	4	22	11	7	10	2	21	23	9	1	29	3	8	20	334	#
1396	1419488	22	30	21	37	13	31	38	45	47	44	39	5	14	36	28	12	29	27	48	20	334	#
1397	1409653	14	13	22	6	7	5	20	21	30	15	31	29	37	12	45	38	28	27	36	54	334	#
1398	1400034	23	22	30	38	21	29	47	37	28	14	27	31	55	36	20	13	35	54	12	45	334	#
1399	1390272	21	29	13	20	5	14	4	12	37	38	22	30	36	28	11	10	31	2	9	1	334	#
1400	1369972	29	28	37	38	45	54	47	36	63	27	46	53	44	62	55	61	30	52	35	39	334	#
1401	11919	20	#
1402	1757522	30	37	45	54	46	38	36	44	47	22	43	52	35	21	53	51	39	23	55	14	6	31	34	27	335	#
1403	1944989	35	34	27	43	44	36	45	19	53	51	52	37	28	18	26	46	54	38	55	30	50	61	25	24	335	#
1404	1804198	54	55	53	46	45	44	38	47	37	30	52	39	73	61	43	31	51	29	35	27	36	21	50	13	335	#
1405	1734658	45	46	44	52	37	47	53	55	54	51	30	38	43	35	36	31	28	34	27	29	50	42	19	58	335	#
1406	1730449	6	7	46	5	55	4	15	3	54	45	11	14	47	39	53	61	38	30	31	1	13	20	52	21	335	#
1407	1728552	37	45	16	44	24	30	18	43	17	19	9	52	27	28	10	8	46	35	38	29	55	51	54	34	335	#
1408	213837	8	9	0	1	10	18	336	#
1409	294009	1	0	2	9	8	17	336	#
1410	211488	10	9	11	17	12	8	336	#
1411	447834	34	42	50	51	43	59	41	337	#
1412	464833	59	60	58	51	50	43	44	337	#
1413	460899	51	43	42	34	20	21	44	337	#
1414	447335	43	44	36	14	35	28	37	337	#
1415	399141	42	43	41	44	34	51	40	337	#
1416	384378	34	42	43	52	51	41	40	337	#
1417	1427865	38	37	30	45	8	9	16	17	24	47	22	14	46	23	0	33	21	6	338	#
1418	1548563	47	46	45	44	37	36	38	30	28	35	27	29	22	34	39	52	51	19	338	#
1419	1525430	46	45	37	38	44	30	52	43	36	54	28	35	51	50	53	27	39	42	338	#
1420	1520890	22	30	23	14	38	6	21	15	29	20	37	36	39	5	19	35	28	4	338	#
1421	1433004	45	44	52	51	43	46	35	42	41	36	28	69	34	49	27	38	57	29	338	#
1422	1430585	30	38	46	45	44	36	35	52	43	27	28	42	41	9	49	2	37	51	338	#
1423	749472	53	61	60	59	58	50	62	63	55	52	43	339	#
1424	812323	52	53	61	44	51	5	13	14	45	60	59	339	#
1425	708570	63	62	61	53	52	43	44	55	36	42	35	339	#
1426	694529	59	60	51	42	49	50	58	61	57	43	52	339	#
1427	687854	43	44	36	45	52	28	53	29	42	46	54	339	#
1428	681694	53	52	61	45	51	42	46	50	43	38	44	339	#
1429	1683246	0	1	8	29	28	2	36	35	34	3	27	19	44	10	37	43	52	30	20	9	13	21	12	42	4	22	31	340	#
1430	1993751	27	28	71	36	35	19	44	52	37	45	30	43	29	22	38	14	53	20	42	21	13	31	40	59	46	39	61	340	#
1431	1967623	20	21	13	22	23	30	31	29	5	6	14	28	19	36	15	27	37	44	38	52	7	45	53	47	4	43	46	340	#
1432	1963881	29	39	38	46	37	21	55	47	22	30	63	62	28	31	36	54	35	27	13	19	14	43	34	42	53	20	50	340	#
1433	1963384	43	52	44	42	36	41	50	35	51	28	40	37	59	30	22	27	60	58	23	53	21	38	31	61	62	32	33	340	#
1434	1956758	19	27	35	43	52	44	42	41	36	28	53	37	54	45	46	38	62	50	58	40	48	30	63	51	39	59	60	340	#
1435	901739	59	58	49	57	48	40	51	50	56	42	41	60	30	341	#
1436	908775	58	59	60	51	50	52	42	61	49	57	44	45	41	341	#
1437	900946	59	51	64	50	52	58	42	41	34	40	53	44	45	341	#
1438	878491	56	57	48	51	42	41	40	59	60	50	58	34	49	341	#
1439	858733	60	61	62	59	54	45	44	63	51	37	50	36	28	341	#
1440	857262	51	50	42	59	43	44	45	52	49	48	60	41	61	341	#
1441	646694	45	46	55	54	63	38	47	30	53	342	#
1442	729977	53	45	54	63	55	61	46	52	51	342	#
1443	708094	55	54	63	46	45	47	38	39	30	342	#
1444	672987	30	31	38	39	46	37	45	47	55	342	#
1445	655677	54	63	46	38	55	45	37	39	36	342	#
1446	611440	47	55	46	45	63	39	54	38	44	342	#
1447	1330325	9	17	8	10	2	3	11	18	0	19	27	26	25	28	33	64	35	32	24	29	36	20	13	12	4	5	343	#
1448	1995169	35	34	36	42	51	44	27	59	50	52	28	45	43	54	29	53	63	62	21	46	19	55	23	20	61	60	343	#
1449	1880798	29	28	36	27	21	22	23	31	35	43	14	42	52	34	19	50	51	30	13	20	44	45	54	62	63	38	343	#
1450	1830049	9	17	60	61	53	45	37	44	54	38	1	0	52	36	43	2	46	55	47	51	42	63	62	28	29	27	343	#
1451	1789099	32	33	40	48	25	24	56	57	26	41	42	34	51	44	52	45	50	46	55	54	18	59	35	36	47	63	343	#
1452	1771257	20	21	29	19	13	42	27	28	22	23	31	41	36	14	34	35	37	45	38	53	46	40	54	61	44	47	343	#
1453	141606	55	47	344	#
1454	122054	55	63	344	#
1455	71330	47	72	344	#
1456	384565	67	48	56	57	49	42	40	41	345	#
1457	566032	57	49	42	48	56	41	51	59	345	#
1458	495678	48	49	57	50	42	56	41	51	345	#
1459	438980	67	52	51	44	42	41	49	59	345	#
1460	407799	56	48	57	50	42	49	41	40	345	#
1461	349974	49	42	50	57	41	51	43	35	345	#
1462	875427	30	31	38	46	23	54	53	61	62	47	37	45	346	#
1463	1114993	38	46	30	31	37	47	39	36	22	35	14	29	346	#
1464	1069346	30	37	38	31	7	15	46	54	53	39	55	61	346	#
1465	1063280	37	30	38	45	39	65	47	29	46	21	13	53	346	#
1466	1036761	46	47	39	38	30	55	45	53	52	54	37	72	346	#
1467	1036754	23	22	14	13	5	21	29	31	28	4	45	54	346	#
1468	476401	51	59	50	43	42	4	60	5	347	#
1469	652079	60	61	62	53	63	45	55	25	347	#
1470	643691	43	35	36	51	27	59	58	34	347	#
1471	620117	51	45	53	54	55	62	61	46	347	#
1472	550383	42	51	34	43	50	58	35	59	347	#
1473	521458	50	58	51	59	60	43	42	34	347	#
1474	9996	62	54	#
1475	169449	56	48	#
1476	2446875	64	21	13	5	4	20	3	29	2	37	38	1	36	0	39	44	14	45	6	10	15	22	54	30	19	47	27	35	55	63	53	52	62	61	9	43	60	18	33	32	348	#
1477	2625928	54	45	37	8	44	55	53	63	62	52	43	9	46	36	30	17	10	42	35	34	18	26	27	25	22	38	50	19	29	14	61	20	39	47	51	58	0	59	2	1	348	#
1478	2588247	55	54	62	63	53	61	60	46	38	59	37	51	30	58	52	50	36	42	47	31	44	28	34	49	39	24	25	22	45	35	27	14	19	13	29	20	5	43	18	6	348	#
1479	2557499	6	14	22	30	15	13	5	4	20	38	47	37	39	19	27	36	55	25	18	26	35	44	34	1	33	54	63	42	31	29	50	62	52	46	24	10	32	28	61	41	348	#
1480	2539405	45	37	38	36	39	47	44	30	35	34	27	53	43	52	42	46	54	55	28	63	50	58	51	19	22	62	73	14	18	26	49	13	20	5	29	6	25	32	7	59	348	#
1481	2497522	22	30	37	38	47	14	13	36	5	6	15	44	4	39	52	31	45	53	29	3	54	62	35	55	27	63	43	2	42	1	10	50	28	19	46	58	11	51	18	34	348	#
1482	110811	72	#
1483	190623	18	19	#
1484	1138388	38	37	47	46	30	45	54	53	39	29	63	61	62	60	21	28	349	#
1485	1258562	21	22	23	29	28	27	37	38	46	36	45	35	19	44	54	20	349	#
1486	1242733	29	28	36	35	21	27	44	45	37	49	38	54	47	20	48	46	349	#
1487	1145333	39	47	38	30	46	37	54	29	21	45	44	62	53	63	20	66	349	#
1488	1143489	28	27	29	37	35	43	44	21	6	22	38	36	46	51	50	45	349	#
1489	1099815	30	38	37	22	45	46	23	21	14	31	47	54	29	44	62	63	349	#
1490	258133	8	9	1	2	350	#
1491	231532	9	8	0	16	350	#
1492	212221	1	0	2	8	350	#
1493	767560	27	19	4	5	35	57	56	48	3	11	2	10	40	41	351	#
1494	1117071	41	42	34	35	43	36	44	27	52	51	28	19	59	37	351	#
1495	1040160	19	27	28	35	49	42	29	50	18	36	3	51	34	10	351	#
1496	1021025	48	40	41	32	42	24	51	59	56	57	50	33	16	34	351	#
1497	942963	35	43	34	51	52	42	50	59	49	48	41	11	56	44	351	#
1498	934444	27	28	19	29	35	63	54	5	53	36	20	21	4	52	351	#
1499	480779	52	43	51	50	49	59	352	#
1500	532574	59	60	51	43	61	50	352	#
1501	504411	43	52	42	51	50	59	352	#
1502	470476	51	52	50	43	42	34	352	#
1503	437541	52	43	51	42	34	41	352	#
1504	359983	49	50	51	43	52	44	352	#
