%% File generated by CATS v.2.1Tue Aug 20 18:57:01 2019

%% The CATS webpage is http://robotics.stanford.edu/CATS

%% PARAMETER SETTINGS:
% Goods: 45; Bids: 900; Distribution: paths; Runs: 10; Seed: 1566345299
% Paths Distribution Parameters:
% Initial connections:       = 2
% Edge density:              = 3.000000
% Shipping cost factor:      = 1.500000
% Max bid set size:          = 5
% Building penalty:          = 1.700000



goods 45
bids 900
dummy 359

0	700	12	38	45	#
1	700	20	37	45	#
2	700	6	20	21	45	#
3	700	6	12	13	45	#
4	393	5	22	#
5	297	4	5	#
6	304	24	#
7	570	9	15	24	#
8	786	39	46	#
9	786	2	33	46	#
10	786	2	7	13	46	#
11	786	12	32	46	#
12	866	7	36	47	#
13	866	2	14	42	47	#
14	671	2	42	#
15	513	38	48	#
16	513	6	13	48	#
17	782	5	14	16	19	49	#
18	782	4	16	17	28	49	#
19	782	5	16	18	28	49	#
20	165	4	#
21	727	8	44	#
22	315	13	#
23	789	39	50	#
24	789	2	33	50	#
25	789	2	7	13	50	#
26	789	12	32	50	#
27	366	4	6	#
28	775	31	51	#
29	775	22	27	51	#
30	775	0	41	51	#
31	775	0	26	28	51	#
32	775	1	40	51	#
33	230	2	#
34	969	10	43	52	#
35	969	4	11	16	38	52	#
36	969	4	10	15	16	38	52	#
37	815	28	35	#
38	1109	0	34	53	#
39	1109	0	7	29	53	#
40	1109	0	6	7	17	28	53	#
41	1109	1	7	36	53	#
42	1109	0	7	19	36	53	#
43	817	4	16	37	54	#
44	817	4	6	16	21	54	#
45	353	21	#
46	676	37	55	#
47	676	6	21	55	#
48	832	28	35	#
49	337	1	56	#
50	337	0	19	56	#
51	726	35	#
52	955	30	57	#
53	955	2	24	25	57	#
54	955	2	9	11	24	57	#
55	955	2	9	10	15	24	57	#
56	955	2	3	8	25	57	#
57	261	21	#
58	888	14	19	42	58	#
59	888	3	41	58	#
60	888	3	26	28	58	#
61	888	3	19	40	58	#
62	888	18	28	42	58	#
63	321	28	#
64	610	17	28	#
65	527	20	23	#
66	886	42	2	59	#
67	886	5	22	3	2	59	#
68	886	5	4	6	7	59	#
69	886	18	17	6	7	59	#
70	803	3	32	60	#
71	803	44	20	60	#
72	1001	36	21	61	#
73	1001	14	5	4	37	61	#
74	1001	14	5	4	6	21	61	#
75	938	0	34	#
76	1102	29	21	62	#
77	1102	28	17	37	62	#
78	1102	28	17	6	21	62	#
79	1102	19	36	21	62	#
80	1102	19	14	5	4	37	62	#
81	345	23	#
82	382	6	4	#
83	212	3	#
84	688	42	63	#
85	688	3	22	5	63	#
86	167	8	#
87	724	37	17	64	#
88	724	21	6	17	64	#
89	955	30	65	#
90	955	25	24	2	65	#
91	955	11	9	24	2	65	#
92	955	10	15	9	24	2	65	#
93	955	25	8	3	2	65	#
94	241	22	#
95	671	27	66	#
96	671	5	14	1	66	#
97	671	5	14	19	0	66	#
98	671	4	17	28	0	66	#
99	671	5	18	28	0	66	#
100	223	9	#
101	803	5	4	38	67	#
102	803	5	4	6	13	67	#
103	803	18	17	38	67	#
104	628	6	4	5	68	#
105	628	6	17	18	68	#
106	888	19	14	42	69	#
107	888	41	3	69	#
108	888	28	26	3	69	#
109	888	19	40	3	69	#
110	888	28	18	42	69	#
111	72	15	#
112	666	2	23	#
113	501	11	16	70	#
114	501	10	15	16	70	#
115	453	5	22	#
116	753	29	71	#
117	753	28	17	6	71	#
118	739	16	4	6	#
119	105	0	#
120	742	8	26	72	#
121	742	8	22	4	17	72	#
122	742	8	22	5	18	72	#
123	742	9	16	4	17	72	#
124	742	9	16	5	18	72	#
125	860	44	8	73	#
126	860	23	2	24	73	#
127	860	23	2	3	8	73	#
128	681	40	74	#
129	681	14	5	22	74	#
130	208	19	#
131	494	37	75	#
132	494	6	21	75	#
133	99	0	#
134	554	5	14	19	#
135	293	3	#
136	854	43	76	#
137	854	38	4	16	15	76	#
138	854	13	6	4	16	15	76	#
139	1115	37	4	16	11	77	#
140	1115	37	4	16	15	10	77	#
141	1115	21	6	4	16	11	77	#
142	1115	21	6	4	16	15	10	77	#
143	1115	23	30	77	#
144	237	17	#
145	694	38	4	22	#
146	806	25	24	78	#
147	806	11	9	24	78	#
148	806	10	15	9	24	78	#
149	806	25	8	3	78	#
150	806	11	9	8	3	78	#
151	864	2	42	79	#
152	864	2	3	22	5	79	#
153	864	7	6	4	5	79	#
154	864	7	6	17	18	79	#
155	205	20	#
156	885	8	41	80	#
157	885	8	26	28	80	#
158	885	8	40	19	80	#
159	885	8	22	5	14	19	80	#
160	885	8	22	4	17	28	80	#
161	806	25	24	81	#
162	806	11	9	24	81	#
163	806	10	15	9	24	81	#
164	806	25	8	3	81	#
165	806	11	9	8	3	81	#
166	789	8	40	82	#
167	789	8	22	5	14	82	#
168	789	9	16	5	14	82	#
169	535	17	28	#
170	882	14	42	83	#
171	882	40	3	83	#
172	882	14	5	22	3	83	#
173	882	40	8	24	83	#
174	882	14	5	22	8	24	83	#
175	698	8	40	84	#
176	698	8	22	5	14	84	#
177	325	11	85	#
178	325	10	15	85	#
179	453	25	#
180	157	8	#
181	178	4	#
182	806	25	24	86	#
183	806	11	9	24	86	#
184	806	10	15	9	24	86	#
185	806	25	8	3	86	#
186	806	11	9	8	3	86	#
187	1205	10	43	12	87	#
188	1205	11	16	4	38	12	87	#
189	1205	10	15	16	4	38	12	87	#
190	1205	11	15	43	12	87	#
191	1205	11	16	4	37	20	87	#
192	477	26	#
193	244	19	#
194	663	16	4	6	#
195	996	12	38	17	28	#
196	197	22	#
197	239	18	#
198	1020	34	88	#
199	1020	29	7	88	#
200	1020	28	17	6	7	88	#
201	1020	19	36	7	88	#
202	1020	19	14	42	2	88	#
203	378	22	4	#
204	590	42	89	#
205	590	3	22	5	89	#
206	132	8	#
207	444	2	3	#
208	324	1	90	#
209	324	19	0	90	#
210	814	35	28	#
211	826	37	17	91	#
212	826	21	6	17	91	#
213	555	16	4	6	#
214	634	37	92	#
215	634	6	21	92	#
216	964	29	21	93	#
217	964	28	17	37	93	#
218	964	28	17	6	21	93	#
219	160	4	#
220	203	3	#
221	295	19	#
222	349	17	4	94	#
223	349	18	5	94	#
224	955	30	95	#
225	955	25	24	2	95	#
226	955	11	9	24	2	95	#
227	955	10	15	9	24	2	95	#
228	955	25	8	3	2	95	#
229	887	29	0	96	#
230	887	6	17	28	0	96	#
231	887	36	1	96	#
232	887	36	19	0	96	#
233	887	6	4	27	96	#
234	429	15	16	4	#
235	1049	43	97	#
236	1049	15	16	4	38	97	#
237	1049	15	16	4	6	13	97	#
238	71	15	#
239	684	38	4	22	#
240	586	39	#
241	1031	43	98	#
242	1031	38	4	16	15	98	#
243	1031	13	6	4	16	15	98	#
244	888	42	14	19	99	#
245	888	3	41	99	#
246	888	3	26	28	99	#
247	888	3	40	19	99	#
248	888	42	18	28	99	#
249	818	15	16	4	6	#
250	856	16	27	100	#
251	856	16	5	14	1	100	#
252	856	16	5	14	19	0	100	#
253	856	16	4	17	28	0	100	#
254	856	16	5	18	28	0	100	#
255	885	41	8	101	#
256	885	28	26	8	101	#
257	885	19	40	8	101	#
258	885	19	14	5	22	8	101	#
259	885	28	17	4	22	8	101	#
260	410	16	4	#
261	597	26	8	#
262	882	42	14	102	#
263	882	3	40	102	#
264	882	3	22	5	14	102	#
265	882	24	8	40	102	#
266	882	24	8	22	5	14	102	#
267	897	31	8	103	#
268	897	27	22	8	103	#
269	897	0	41	8	103	#
270	897	0	28	26	8	103	#
271	897	1	40	8	103	#
272	220	5	#
273	559	26	104	#
274	559	17	4	22	104	#
275	559	18	5	22	104	#
276	568	15	9	24	#
277	360	14	19	#
278	362	20	12	#
279	681	42	2	#
280	217	20	#
281	290	7	#
282	181	4	#
283	199	12	#
284	1044	10	43	105	#
285	1044	11	16	4	38	105	#
286	1044	10	15	16	4	38	105	#
287	1044	11	15	43	105	#
288	1044	11	16	4	6	13	105	#
289	636	44	#
290	537	24	2	106	#
291	537	8	3	2	106	#
292	735	41	107	#
293	735	26	28	107	#
294	735	40	19	107	#
295	735	22	5	14	19	107	#
296	671	27	108	#
297	671	5	14	1	108	#
298	671	5	14	19	0	108	#
299	671	4	17	28	0	108	#
300	671	5	18	28	0	108	#
301	374	14	5	#
302	246	22	#
303	614	8	22	5	109	#
304	614	9	16	5	109	#
305	237	12	#
306	576	15	16	4	17	110	#
307	576	15	16	5	18	110	#
308	292	24	#
309	420	20	12	#
310	515	8	22	4	#
311	509	6	4	5	#
312	963	24	32	111	#
313	963	8	3	32	111	#
314	963	8	44	20	111	#
315	963	24	2	23	20	111	#
316	963	24	39	12	111	#
317	714	41	112	#
318	714	28	26	112	#
319	714	19	40	112	#
320	714	19	14	5	22	112	#
321	479	24	2	#
322	954	24	32	113	#
323	954	8	3	32	113	#
324	954	8	44	20	113	#
325	954	24	2	23	20	113	#
326	237	20	#
327	394	20	12	#
328	540	12	38	#
329	666	36	114	#
330	666	6	4	5	14	114	#
331	1001	12	43	115	#
332	1001	12	38	4	16	15	115	#
333	1001	20	37	4	16	15	115	#
334	1001	20	21	6	4	16	15	115	#
335	1001	12	13	6	4	16	15	115	#
336	527	8	22	4	#
337	978	37	4	16	116	#
338	978	21	6	4	16	116	#
339	978	44	8	9	116	#
340	978	23	2	24	9	116	#
341	978	44	22	16	116	#
342	764	41	117	#
343	764	28	26	117	#
344	764	19	40	117	#
345	764	19	14	5	22	117	#
346	764	28	17	4	22	117	#
347	775	31	118	#
348	775	22	27	118	#
349	775	41	0	118	#
350	775	26	28	0	118	#
351	775	40	1	118	#
352	604	8	40	#
353	763	16	27	#
354	1099	29	21	119	#
355	1099	28	17	37	119	#
356	1099	28	17	6	21	119	#
357	1099	19	36	21	119	#
358	897	8	31	120	#
359	897	8	22	27	120	#
360	897	8	41	0	120	#
361	897	8	26	28	0	120	#
362	897	8	40	1	120	#
363	426	4	16	15	#
364	423	38	#
365	1205	10	43	12	121	#
366	1205	11	16	4	38	12	121	#
367	1205	10	15	16	4	38	12	121	#
368	1205	11	15	43	12	121	#
369	1205	11	16	4	37	20	121	#
370	1001	43	12	122	#
371	1001	15	16	4	38	12	122	#
372	1001	15	16	4	37	20	122	#
373	1001	15	16	4	6	21	20	122	#
374	1001	15	16	4	6	13	12	122	#
375	178	5	#
376	286	5	4	#
377	612	17	4	16	15	123	#
378	612	18	5	16	15	123	#
379	217	12	#
380	835	11	16	4	6	124	#
381	835	10	15	16	4	6	124	#
382	630	36	#
383	320	5	14	#
384	1033	37	4	16	15	125	#
385	1033	21	6	4	16	15	125	#
386	1033	44	8	9	15	125	#
387	1033	23	2	24	9	15	125	#
388	1033	44	22	16	15	125	#
389	850	11	16	4	6	126	#
390	850	10	15	16	4	6	126	#
391	779	35	#
392	888	19	14	42	127	#
393	888	41	3	127	#
394	888	28	26	3	127	#
395	888	19	40	3	127	#
396	888	28	18	42	127	#
397	494	38	128	#
398	494	13	6	128	#
399	455	14	19	129	#
400	455	18	28	129	#
401	539	9	24	#
402	590	33	130	#
403	590	7	13	130	#
404	784	0	29	131	#
405	784	0	28	17	6	131	#
406	945	37	4	5	132	#
407	945	21	6	4	5	132	#
408	945	37	17	18	132	#
409	945	21	6	17	18	132	#
410	945	44	22	5	132	#
411	701	35	#
412	262	10	#
413	622	2	24	133	#
414	622	2	3	8	133	#
415	799	17	37	134	#
416	799	17	6	21	134	#
417	132	4	#
418	185	20	#
419	628	14	42	#
420	73	15	#
421	246	2	#
422	482	11	16	135	#
423	482	10	15	16	135	#
424	176	20	#
425	1001	43	12	136	#
426	1001	15	16	4	38	12	136	#
427	1001	15	16	4	37	20	136	#
428	1001	15	16	4	6	21	20	136	#
429	1001	15	16	4	6	13	12	136	#
430	868	29	137	#
431	868	28	17	6	137	#
432	868	19	36	137	#
433	868	19	14	5	4	6	137	#
434	270	17	#
435	244	2	#
436	501	6	17	#
437	775	31	138	#
438	775	27	22	138	#
439	775	0	41	138	#
440	775	0	28	26	138	#
441	775	1	40	138	#
442	491	33	139	#
443	491	7	13	139	#
444	399	14	19	#
445	335	21	#
446	869	44	140	#
447	869	23	2	3	140	#
448	869	37	4	22	140	#
449	869	21	6	4	22	140	#
450	869	23	2	24	8	140	#
451	319	9	#
452	686	6	4	16	15	#
453	854	38	4	16	141	#
454	854	43	15	141	#
455	854	13	6	4	16	141	#
456	238	18	#
457	226	17	#
458	611	19	14	5	142	#
459	611	28	17	4	142	#
460	611	28	18	5	142	#
461	898	38	4	5	14	143	#
462	898	13	36	143	#
463	580	14	1	144	#
464	580	14	19	0	144	#
465	580	18	28	0	144	#
466	617	15	16	4	17	145	#
467	617	15	16	5	18	145	#
468	884	2	42	146	#
469	884	2	3	22	5	146	#
470	884	7	6	4	5	146	#
471	884	7	6	17	18	146	#
472	524	17	28	#
473	1059	11	16	4	37	147	#
474	1059	10	15	16	4	37	147	#
475	1059	11	16	4	6	21	147	#
476	1059	10	15	16	4	6	21	147	#
477	587	32	#
478	910	15	16	27	148	#
479	910	15	16	5	14	1	148	#
480	910	15	16	5	14	19	0	148	#
481	910	15	16	4	17	28	0	148	#
482	910	15	16	5	18	28	0	148	#
483	475	33	#
484	1033	15	16	4	37	149	#
485	1033	15	16	4	6	21	149	#
486	1033	15	9	8	44	149	#
487	1033	15	9	24	2	23	149	#
488	1033	15	16	22	44	149	#
489	157	8	#
490	255	22	#
491	488	4	16	15	#
492	238	9	#
493	575	6	4	22	#
494	369	1	150	#
495	369	0	19	150	#
496	437	8	22	151	#
497	437	9	16	151	#
498	592	15	16	4	6	#
499	934	42	14	1	152	#
500	934	42	14	19	0	152	#
501	934	3	31	152	#
502	934	3	22	27	152	#
503	934	3	41	0	152	#
504	963	32	24	153	#
505	963	32	3	8	153	#
506	963	20	44	8	153	#
507	963	20	23	2	24	153	#
508	963	12	39	24	153	#
509	468	26	#
510	893	36	7	154	#
511	893	14	42	2	154	#
512	893	40	3	2	154	#
513	893	14	5	22	3	2	154	#
514	893	14	5	4	6	7	154	#
515	815	32	3	155	#
516	815	20	44	155	#
517	939	12	43	156	#
518	939	12	38	4	16	15	156	#
519	674	44	#
520	349	22	8	#
521	335	24	157	#
522	335	8	3	157	#
523	286	3	#
524	530	33	158	#
525	530	7	13	158	#
526	587	25	159	#
527	587	11	9	159	#
528	587	10	15	9	159	#
529	887	0	29	160	#
530	887	0	28	17	6	160	#
531	887	1	36	160	#
532	887	0	19	36	160	#
533	887	27	4	6	160	#
534	274	18	#
535	575	5	4	6	#
536	844	5	4	38	12	#
537	524	38	161	#
538	524	6	13	161	#
539	204	5	#
540	848	4	38	12	162	#
541	848	4	37	20	162	#
542	848	4	6	21	20	162	#
543	848	4	6	13	12	162	#
544	711	4	38	12	#
545	934	42	14	1	163	#
546	934	42	14	19	0	163	#
547	934	3	31	163	#
548	934	3	22	27	163	#
549	934	3	41	0	163	#
550	748	25	24	#
551	493	14	5	16	#
552	211	18	#
553	63	15	#
554	329	11	164	#
555	329	15	10	164	#
556	812	43	165	#
557	812	38	4	16	15	165	#
558	683	32	166	#
559	683	20	23	2	166	#
560	875	0	28	35	#
561	366	8	22	#
562	713	44	167	#
563	713	3	2	23	167	#
564	775	31	168	#
565	775	27	22	168	#
566	775	0	41	168	#
567	775	0	28	26	168	#
568	775	1	40	168	#
569	156	14	#
570	824	4	37	169	#
571	824	4	6	21	169	#
572	824	22	44	169	#
573	824	4	38	12	20	169	#
574	1001	12	43	170	#
575	1001	12	38	4	16	15	170	#
576	1001	20	37	4	16	15	170	#
577	1001	20	21	6	4	16	15	170	#
578	1001	12	13	6	4	16	15	170	#
579	923	12	38	4	5	171	#
580	923	20	37	4	5	171	#
581	923	20	21	6	4	5	171	#
582	923	12	13	6	4	5	171	#
583	923	12	38	17	18	171	#
584	509	37	172	#
585	509	6	21	172	#
586	1044	0	29	21	173	#
587	1044	0	28	17	37	173	#
588	1044	0	28	17	6	21	173	#
589	660	22	3	2	174	#
590	660	4	6	7	174	#
591	634	11	16	4	175	#
592	634	10	15	16	4	175	#
593	628	4	38	176	#
594	628	4	6	13	176	#
595	364	1	177	#
596	364	0	19	177	#
597	947	12	38	4	16	178	#
598	947	12	43	15	178	#
599	947	20	37	4	16	178	#
600	947	20	21	6	4	16	178	#
601	947	12	13	6	4	16	178	#
602	839	44	179	#
603	839	3	2	23	179	#
604	839	22	4	37	179	#
605	839	22	4	6	21	179	#
606	1112	11	16	4	37	180	#
607	1112	10	15	16	4	37	180	#
608	1112	11	16	4	6	21	180	#
609	1112	10	15	16	4	6	21	180	#
610	193	18	#
611	978	37	4	16	181	#
612	978	21	6	4	16	181	#
613	978	44	8	9	181	#
614	978	23	2	24	9	181	#
615	978	44	22	16	181	#
616	1205	10	43	12	182	#
617	1205	11	16	4	38	12	182	#
618	1205	10	15	16	4	38	12	182	#
619	1205	11	15	43	12	182	#
620	1205	11	16	4	37	20	182	#
621	520	17	6	#
622	877	15	16	27	183	#
623	877	15	16	5	14	1	183	#
624	877	15	16	5	14	19	0	183	#
625	540	23	20	#
626	424	1	184	#
627	424	19	0	184	#
628	556	12	38	#
629	712	35	#
630	810	16	4	37	185	#
631	810	16	4	6	21	185	#
632	309	13	#
633	205	2	#
634	498	14	5	4	#
635	191	12	#
636	657	14	42	#
637	831	14	42	186	#
638	831	40	3	186	#
639	831	14	5	22	3	186	#
640	325	23	#
641	481	33	#
642	221	2	#
643	735	32	187	#
644	735	2	23	20	187	#
645	735	39	12	187	#
646	360	16	4	#
647	725	11	16	4	188	#
648	725	10	15	16	4	188	#
649	374	12	20	#
650	374	4	16	#
651	358	7	#
652	315	22	8	#
653	887	0	29	189	#
654	887	0	28	17	6	189	#
655	887	1	36	189	#
656	887	0	19	36	189	#
657	887	27	4	6	189	#
658	650	5	4	38	#
659	534	26	190	#
660	534	22	4	17	190	#
661	534	22	5	18	190	#
662	775	31	191	#
663	775	27	22	191	#
664	775	0	41	191	#
665	775	0	28	26	191	#
666	775	1	40	191	#
667	809	15	9	24	2	192	#
668	809	15	9	8	3	2	192	#
669	591	27	#
670	606	25	8	193	#
671	606	11	9	8	193	#
672	606	10	15	9	8	193	#
673	551	15	9	24	#
674	1112	0	29	21	194	#
675	1112	0	28	17	37	194	#
676	1112	0	28	17	6	21	194	#
677	1112	1	36	21	194	#
678	1112	0	19	36	21	194	#
679	267	22	#
680	318	16	4	#
681	363	22	5	#
682	832	38	4	5	14	195	#
683	832	13	36	195	#
684	325	9	#
685	783	29	196	#
686	783	28	17	6	196	#
687	783	19	36	196	#
688	897	15	16	27	197	#
689	897	15	16	5	14	1	197	#
690	897	15	16	5	14	19	0	197	#
691	494	25	198	#
692	494	11	9	198	#
693	494	10	15	9	198	#
694	969	15	16	4	37	199	#
695	969	15	16	4	6	21	199	#
696	605	15	16	4	17	200	#
697	605	15	16	5	18	200	#
698	345	21	#
699	1205	12	43	10	201	#
700	1205	12	38	4	16	11	201	#
701	1205	12	38	4	16	15	10	201	#
702	1205	12	43	15	11	201	#
703	1205	20	37	4	16	11	201	#
704	955	30	202	#
705	955	25	24	2	202	#
706	955	11	9	24	2	202	#
707	955	10	15	9	24	2	202	#
708	955	25	8	3	2	202	#
709	623	42	203	#
710	623	3	22	5	203	#
711	739	15	9	24	2	#
712	806	24	25	204	#
713	806	24	9	11	204	#
714	806	24	9	15	10	204	#
715	806	3	8	25	204	#
716	806	3	8	9	11	204	#
717	378	22	5	#
718	578	15	9	24	#
719	256	3	#
720	893	7	36	205	#
721	893	2	42	14	205	#
722	893	2	3	40	205	#
723	893	2	3	22	5	14	205	#
724	893	7	6	4	5	14	205	#
725	675	24	2	206	#
726	675	8	3	2	206	#
727	945	5	4	37	207	#
728	945	5	4	6	21	207	#
729	945	18	17	37	207	#
730	945	18	17	6	21	207	#
731	945	5	22	44	207	#
732	738	26	8	208	#
733	738	17	4	22	8	208	#
734	738	18	5	22	8	208	#
735	457	4	22	8	#
736	811	8	44	209	#
737	811	24	2	23	209	#
738	811	8	3	2	23	209	#
739	1112	0	29	21	210	#
740	1112	0	28	17	37	210	#
741	1112	0	28	17	6	21	210	#
742	1112	1	36	21	210	#
743	1112	0	19	36	21	210	#
744	876	12	38	4	5	#
745	877	29	211	#
746	877	28	17	6	211	#
747	877	19	36	211	#
748	877	19	14	5	4	6	211	#
749	859	38	4	22	212	#
750	859	39	3	212	#
751	859	13	6	4	22	212	#
752	806	25	24	213	#
753	806	11	9	24	213	#
754	806	10	15	9	24	213	#
755	806	25	8	3	213	#
756	806	11	9	8	3	213	#
757	277	16	#
758	232	2	#
759	858	17	6	7	214	#
760	858	26	3	2	214	#
761	858	18	42	2	214	#
762	882	34	215	#
763	882	7	29	215	#
764	253	7	#
765	923	5	4	38	12	216	#
766	923	5	4	37	20	216	#
767	923	5	4	6	21	20	216	#
768	923	5	4	6	13	12	216	#
769	923	18	17	38	12	216	#
770	470	25	#
771	578	11	16	217	#
772	578	10	15	16	217	#
773	606	15	9	24	218	#
774	606	15	9	8	3	218	#
775	428	12	20	#
776	958	43	219	#
777	958	15	16	4	38	219	#
778	958	15	16	4	6	13	219	#
779	897	31	8	220	#
780	897	27	22	8	220	#
781	897	0	41	8	220	#
782	897	0	28	26	8	220	#
783	897	1	40	8	220	#
784	674	44	#
785	559	4	22	8	221	#
786	559	4	16	9	221	#
787	819	36	222	#
788	819	14	5	4	6	222	#
789	819	14	18	17	6	222	#
790	819	19	29	222	#
791	934	43	223	#
792	934	15	16	4	38	223	#
793	934	15	16	4	6	13	223	#
794	799	32	224	#
795	799	2	23	20	224	#
796	799	39	12	224	#
797	699	3	26	225	#
798	699	42	18	225	#
799	192	20	#
800	622	23	2	#
801	192	12	#
802	642	26	3	#
803	719	9	24	2	#
804	726	8	40	226	#
805	726	8	22	5	14	226	#
806	726	9	16	5	14	226	#
807	621	4	37	227	#
808	621	4	6	21	227	#
809	467	38	#
810	371	6	4	#
811	371	13	#
812	687	5	4	38	#
813	482	25	228	#
814	482	9	11	228	#
815	73	15	#
816	680	16	4	38	#
817	1059	21	29	0	229	#
818	1059	37	17	28	0	229	#
819	1059	21	6	17	28	0	229	#
820	366	4	6	#
821	976	0	28	35	#
822	610	38	12	#
823	248	2	#
824	270	22	#
825	146	4	#
826	810	44	230	#
827	810	3	2	23	230	#
828	810	22	4	37	230	#
829	810	22	4	6	21	230	#
830	343	21	#
831	1074	43	231	#
832	1074	38	4	16	15	231	#
833	1074	13	6	4	16	15	231	#
834	997	38	4	16	232	#
835	997	43	15	232	#
836	997	13	6	4	16	232	#
837	405	0	28	#
838	491	11	16	233	#
839	491	10	15	16	233	#
840	330	7	#
841	201	12	#
842	424	28	0	#
843	242	20	#
844	269	18	#
845	446	19	14	234	#
846	446	28	18	234	#
847	298	11	235	#
848	298	10	15	235	#
849	511	25	236	#
850	511	9	11	236	#
851	511	9	15	10	236	#
852	408	5	14	#
853	828	19	14	42	#
854	202	14	#
855	885	41	8	237	#
856	885	28	26	8	237	#
857	885	19	40	8	237	#
858	885	19	14	5	22	8	237	#
859	885	28	17	4	22	8	237	#
860	237	3	#
861	108	0	#
862	838	24	32	#
863	1064	14	5	4	38	12	238	#
864	1064	36	21	20	238	#
865	1064	36	13	12	238	#
866	1064	14	5	4	37	20	238	#
867	1064	14	5	4	6	21	20	238	#
868	1102	29	21	239	#
869	1102	28	17	37	239	#
870	1102	28	17	6	21	239	#
871	1102	19	36	21	239	#
872	1102	19	14	5	4	37	239	#
873	713	6	4	22	8	240	#
874	713	7	2	24	240	#
875	860	0	29	241	#
876	860	0	28	17	6	241	#
877	1013	21	36	242	#
878	1013	37	4	5	14	242	#
879	1013	21	6	4	5	14	242	#
880	1013	37	17	18	14	242	#
881	1013	21	6	17	18	14	242	#
882	260	18	#
883	612	19	14	5	243	#
884	612	28	17	4	243	#
885	612	28	18	5	243	#
886	432	16	4	#
887	829	37	4	244	#
888	829	21	6	4	244	#
889	829	44	22	244	#
890	829	20	12	38	4	244	#
891	701	4	38	245	#
892	701	4	6	13	245	#
893	934	42	14	1	246	#
894	934	42	14	19	0	246	#
895	934	3	31	246	#
896	934	3	22	27	246	#
897	934	3	41	0	246	#
898	944	16	4	38	12	247	#
899	944	15	43	12	247	#
