%% File generated by CATS v.2.1Tue Aug 20 18:55:53 2019

%% The CATS webpage is http://robotics.stanford.edu/CATS

%% PARAMETER SETTINGS:
% Goods: 30; Bids: 600; Distribution: regions-upv; Runs: 10; Seed: 1566344954
% Regions Distribution Parameters:
% Max Substitutable Bids = 5
% Removing HV Neighbor   = 0.1
% Adding DIAG Neighbor   = 0.2
% Additional Location    = 0.9
% Jump Probability       = 0.05
% Additivity             = 0.2
% Budget Factor          = 1.5
% Resale Factor          = 0.5
% Uniform Private Value:
%   Deviation            = 0.5
%   Max Good Value       = 100



goods 30
bids 604
dummy 108

0	564543	17	16	18	23	11	12	15	24	20	30	#
1	579852	15	20	21	17	16	12	18	23	24	30	#
2	558943	23	18	19	24	14	9	11	8	12	30	#
3	539990	18	23	19	24	22	21	20	16	17	30	#
4	496530	20	15	16	21	22	17	11	12	18	30	#
5	495830	24	19	18	23	13	22	17	8	12	30	#
6	638612	8	13	7	12	6	11	1	17	14	10	2	0	19	24	31	#
7	665631	6	11	10	12	7	5	1	0	17	13	2	3	4	18	31	#
8	650939	0	1	6	2	7	10	3	11	12	8	13	4	5	17	31	#
9	647512	2	1	6	3	11	10	5	0	4	12	7	17	22	8	31	#
10	641713	12	13	7	6	1	10	2	22	17	21	0	23	11	3	31	#
11	630697	11	12	17	13	8	7	2	18	1	14	3	10	4	19	31	#
12	54254	25	#
13	590072	28	25	16	21	15	20	17	12	13	7	18	32	#
14	679933	7	12	8	9	14	4	19	3	0	13	18	32	#
15	676777	18	13	14	12	8	7	6	10	16	5	15	32	#
16	652520	28	19	18	14	13	8	9	12	7	17	4	32	#
17	647106	12	7	8	13	14	2	6	3	1	4	19	32	#
18	644693	15	16	20	27	21	17	12	13	18	11	8	32	#
19	65861	27	#
20	11854	27	25	#
21	840767	7	12	13	18	19	24	11	23	14	17	22	6	10	1	8	5	21	9	4	33	#
22	1006940	17	18	22	12	23	16	11	26	19	21	14	20	7	15	13	24	4	6	1	33	#
23	1005367	7	12	11	17	22	18	13	19	14	21	24	6	10	1	0	20	16	23	15	33	#
24	1002341	8	13	12	7	18	23	22	21	11	19	14	24	16	6	1	10	15	20	0	33	#
25	969271	5	0	1	10	11	16	21	12	22	20	6	4	15	7	3	23	24	19	18	33	#
26	968726	13	12	18	23	19	24	7	22	17	11	14	6	10	21	1	20	0	15	5	33	#
27	1087798	2	7	18	17	16	1	15	0	19	12	6	20	11	21	5	14	9	10	34	#
28	1131663	5	0	10	6	7	1	11	22	16	17	12	21	20	15	8	2	18	19	34	#
29	1063355	10	6	11	16	5	0	1	17	12	21	2	20	7	15	3	22	4	8	34	#
30	1062912	6	1	5	7	10	12	0	8	11	16	17	21	15	20	2	22	3	18	34	#
31	1048729	12	17	11	18	6	10	5	16	19	15	13	7	8	20	22	21	1	0	34	#
32	1028824	0	1	6	5	7	12	8	10	11	16	2	17	3	18	15	19	20	13	34	#
33	270829	27	24	19	23	14	35	#
34	304757	23	22	24	17	21	35	#
35	286089	27	6	7	5	10	35	#
36	278821	24	19	21	14	13	35	#
37	209414	19	14	24	13	9	35	#
38	152239	14	13	9	4	19	35	#
39	243076	8	23	18	17	7	24	36	#
40	309353	7	8	15	16	11	2	36	#
41	220269	23	18	29	4	3	17	36	#
42	107459	8	9	4	3	2	1	36	#
43	686115	18	17	13	12	23	7	6	24	14	22	21	8	9	37	#
44	720615	18	13	17	12	7	6	10	22	2	5	23	3	24	37	#
45	707446	12	17	18	7	13	6	8	11	5	22	0	10	9	37	#
46	703918	17	18	16	5	0	10	12	6	11	23	19	7	14	37	#
47	672593	6	5	7	10	11	0	12	2	17	1	18	3	20	37	#
48	663022	14	13	9	29	8	7	12	17	11	18	6	5	10	37	#
49	417171	1	0	2	6	7	5	12	11	17	16	13	38	#
50	616458	1	0	6	7	12	10	17	2	16	18	22	38	#
51	609194	17	18	23	6	22	16	21	11	5	1	0	38	#
52	544593	2	7	12	6	1	11	16	0	21	17	10	38	#
53	539890	13	18	8	19	14	17	12	7	22	6	10	38	#
54	444708	5	6	7	1	0	2	10	11	16	12	21	38	#
55	100814	26	#
56	100421	28	#
57	881085	3	4	2	9	1	16	7	12	11	21	17	22	14	8	39	#
58	941712	4	3	9	14	8	19	24	23	22	17	2	11	18	16	39	#
59	917179	22	21	17	16	18	23	0	1	19	24	2	7	6	11	39	#
60	913929	17	16	11	22	21	12	7	23	18	10	6	2	19	8	39	#
61	881400	14	19	7	24	23	22	18	17	16	11	10	8	13	2	39	#
62	876113	12	11	16	10	5	21	22	17	6	18	19	7	2	1	39	#
63	569753	1	2	3	7	6	5	17	11	16	10	0	40	#
64	671411	10	6	5	11	1	2	7	12	8	16	15	40	#
65	653444	1	6	7	2	10	8	12	9	5	4	11	40	#
66	652714	2	3	4	7	8	12	0	5	1	11	10	40	#
67	651171	5	6	10	11	1	7	8	2	0	16	3	40	#
68	630904	6	11	1	12	7	16	2	15	5	21	20	40	#
69	112443	28	#
70	81242	4	9	#
71	369886	21	16	15	11	10	41	#
72	348177	11	10	6	12	17	41	#
73	341777	10	11	12	6	2	41	#
74	331324	16	21	11	12	17	41	#
75	266504	21	20	22	16	11	41	#
76	260221	15	20	21	16	17	41	#
77	369007	17	16	21	11	12	22	20	42	#
78	478739	11	12	13	16	6	1	21	42	#
79	461309	22	17	12	16	21	4	11	42	#
80	402910	17	16	12	11	21	13	8	42	#
81	402088	16	21	22	15	11	17	12	42	#
82	383922	20	21	22	16	17	12	18	42	#
83	205784	1	2	7	3	12	43	#
84	301309	12	13	8	18	7	43	#
85	229826	2	3	1	4	0	43	#
86	228101	7	2	3	1	8	43	#
87	210091	1	6	11	12	5	43	#
88	171314	3	4	9	14	19	43	#
89	13692	22	#
90	1138203	25	21	16	15	11	10	6	20	5	0	17	1	2	22	12	23	7	24	8	9	4	3	19	44	#
91	1203465	20	21	16	17	11	22	23	15	6	26	18	10	19	5	1	0	2	14	9	7	3	8	4	44	#
92	1176964	16	21	15	20	22	23	17	18	13	8	11	14	26	6	10	7	2	12	19	9	1	0	4	44	#
93	1173945	19	24	23	22	14	9	8	18	4	7	6	11	2	13	3	21	1	5	16	0	26	20	12	44	#
94	1162553	5	6	0	7	8	12	9	2	3	1	22	14	4	21	19	11	18	20	16	23	17	15	24	44	#
95	1149655	24	23	19	22	21	27	16	17	18	20	11	6	12	15	10	5	0	14	9	2	4	8	1	44	#
96	729217	17	16	21	11	20	18	6	15	1	10	0	2	19	5	45	#
97	737548	15	16	20	17	18	19	14	13	11	8	6	21	1	2	45	#
98	680575	21	20	0	15	1	6	10	2	22	5	17	18	23	24	45	#
99	676171	16	11	15	21	6	1	5	10	0	2	20	7	17	18	45	#
100	665266	5	6	10	0	11	17	1	12	2	18	16	15	21	20	45	#
101	663090	20	15	16	11	21	6	10	17	18	19	5	1	0	7	45	#
102	926532	19	14	24	9	4	13	8	7	3	2	15	18	17	20	1	21	16	22	0	5	6	10	11	23	12	46	#
103	925380	24	19	25	14	13	8	9	7	2	23	1	0	6	22	21	4	5	3	20	17	15	16	11	10	12	46	#
104	848020	1	2	0	7	3	5	8	6	9	13	14	4	19	24	29	11	10	16	21	22	15	12	17	20	23	46	#
105	991305	5	10	6	11	16	21	17	22	12	7	0	18	15	19	23	14	9	8	13	2	1	3	4	47	#
106	1184338	13	8	18	14	9	17	19	24	7	3	22	26	4	16	12	6	11	15	21	10	5	2	0	47	#
107	1047882	8	7	13	18	9	29	6	10	5	14	17	16	19	12	22	2	21	1	4	11	15	3	0	47	#
108	1046660	11	16	6	17	12	8	18	9	13	15	5	21	14	10	20	22	7	4	3	19	0	24	2	47	#
109	1040292	2	7	3	4	8	9	6	5	14	0	19	24	11	12	13	16	15	17	22	10	21	18	1	47	#
110	1016387	15	16	17	21	22	11	6	18	7	8	19	12	13	14	9	5	0	25	10	2	3	1	24	47	#
111	112974	26	#
112	516167	0	5	1	6	27	2	7	3	4	13	48	#
113	644331	3	4	9	2	1	7	12	0	17	18	48	#
114	635036	6	7	2	12	3	5	4	13	18	19	48	#
115	617132	0	19	16	15	5	1	21	22	2	14	48	#
116	571423	7	2	1	12	3	4	0	8	9	14	48	#
117	564511	27	9	4	14	19	24	29	3	18	13	48	#
118	957108	18	23	24	19	14	13	17	16	12	15	21	20	8	11	7	10	6	2	1	5	3	22	49	#
119	1080485	16	21	15	11	12	20	7	2	29	1	6	5	26	0	8	24	10	22	23	19	18	14	49	#
120	984328	20	21	16	11	6	10	5	1	15	7	8	0	9	24	23	17	2	18	12	3	14	19	49	#
121	971265	22	9	8	7	23	17	24	14	19	16	2	18	21	12	1	15	13	6	29	20	11	5	49	#
122	965463	1	0	2	8	7	6	5	9	14	12	11	10	21	3	20	19	4	18	17	24	23	16	49	#
123	959394	12	17	13	7	18	23	14	0	8	19	1	5	22	2	6	10	9	11	16	24	21	20	49	#
124	272661	9	4	8	13	14	18	19	50	#
125	399947	18	17	23	24	22	12	19	50	#
126	372119	13	8	12	7	17	2	18	50	#
127	340611	8	13	12	17	22	21	7	50	#
128	314061	14	13	12	23	21	18	11	50	#
129	262261	19	14	9	13	18	23	17	50	#
130	1215134	11	10	6	12	29	13	7	2	8	3	17	18	14	1	20	15	9	4	22	19	23	21	0	51	#
131	1233488	9	8	14	13	4	7	3	6	12	2	11	10	17	18	1	0	23	22	19	21	20	24	15	51	#
132	1217938	23	18	4	19	22	11	14	10	13	17	3	8	6	2	7	12	24	9	1	0	21	20	26	51	#
133	1213711	7	2	12	11	3	6	4	1	10	0	8	17	13	14	22	9	18	19	23	16	15	20	21	51	#
134	1207052	4	9	14	3	13	18	8	12	11	7	23	2	6	19	24	10	1	17	0	22	21	16	15	51	#
135	1175350	6	11	1	10	0	7	5	8	13	17	2	3	4	14	9	22	23	18	19	21	12	20	15	51	#
136	95406	29	2	52	#
137	88391	2	7	52	#
138	64450	1	#
139	456466	13	8	18	23	9	17	7	6	10	5	22	14	53	#
140	516560	9	8	13	14	12	7	18	2	1	17	23	0	53	#
141	512457	23	18	19	13	17	8	22	12	7	11	6	21	53	#
142	478602	13	12	18	17	7	14	19	8	9	6	2	1	53	#
143	457163	5	0	6	7	1	2	12	17	8	22	13	10	53	#
144	450896	22	23	21	17	18	19	4	12	13	3	7	24	53	#
145	336473	22	21	20	15	16	17	54	#
146	410262	20	21	22	2	15	3	54	#
147	350370	16	11	15	21	22	20	54	#
148	342246	22	21	20	16	23	15	54	#
149	277216	15	20	16	11	21	17	54	#
150	246109	17	12	11	22	21	16	54	#
151	243934	9	4	14	3	55	#
152	338111	9	1	6	0	55	#
153	240644	4	16	15	9	55	#
154	226607	14	9	4	8	55	#
155	201927	3	4	2	9	55	#
156	360244	23	24	19	14	22	13	1	56	#
157	479298	14	13	18	8	19	23	17	56	#
158	465437	19	14	26	13	12	1	0	56	#
159	424939	22	21	16	23	17	18	13	56	#
160	423774	23	24	19	22	17	12	14	56	#
161	387692	13	18	23	6	17	8	11	56	#
162	327383	1	6	0	7	5	8	14	57	#
163	461161	8	7	13	12	18	6	1	57	#
164	311504	1	6	10	7	12	2	13	57	#
165	297964	6	1	5	7	8	9	2	57	#
166	274220	0	1	6	5	2	7	10	57	#
167	270191	14	13	18	12	17	19	22	57	#
168	464424	24	23	18	17	22	13	21	8	9	12	11	10	58	#
169	676232	18	23	24	19	13	22	8	26	21	7	9	6	58	#
170	674906	21	20	22	17	18	23	12	13	7	24	2	28	58	#
171	650563	11	6	5	7	10	12	0	8	2	3	4	1	58	#
172	647755	10	5	0	6	1	2	7	8	13	12	18	3	58	#
173	593320	17	12	11	13	18	23	19	6	24	7	2	5	58	#
174	450970	8	13	18	14	17	22	27	16	23	21	26	20	59	#
175	628502	20	21	22	17	23	10	24	5	0	6	7	1	59	#
176	624263	23	22	24	21	17	12	7	20	13	14	6	5	59	#
177	581071	21	22	17	18	23	20	24	13	12	0	8	5	59	#
178	571281	17	22	21	20	18	12	23	7	24	19	13	8	59	#
179	563582	13	8	12	7	9	17	6	2	22	1	23	24	59	#
180	1312836	8	7	3	2	1	0	9	4	12	5	6	11	10	14	19	18	21	22	17	24	20	23	15	60	#
181	1341910	0	1	2	7	3	5	12	17	26	10	6	11	8	18	23	19	22	24	14	9	4	21	20	60	#
182	1328766	7	12	2	17	11	1	0	8	5	22	9	16	18	23	21	19	20	15	24	10	6	4	14	60	#
183	1285766	11	12	7	17	2	8	1	22	6	9	18	0	19	5	23	4	14	3	10	21	24	16	20	60	#
184	1282121	6	11	12	1	7	10	2	5	8	17	18	0	19	3	9	4	16	14	15	23	24	20	22	60	#
185	1279872	24	19	18	17	22	23	21	14	20	9	8	4	15	3	7	2	12	16	11	10	5	1	0	60	#
186	203532	5	6	0	61	#
187	172950	6	10	11	61	#
188	166007	0	5	10	61	#
189	626064	19	18	24	17	14	23	12	9	7	11	62	#
190	799392	12	7	17	6	18	11	19	16	14	21	62	#
191	757815	18	23	19	24	17	12	14	11	2	6	62	#
192	701559	17	16	11	10	18	23	6	28	12	19	62	#
193	669078	19	18	24	23	14	17	12	9	16	11	62	#
194	652435	7	8	12	17	16	1	21	6	11	20	62	#
195	637339	15	20	16	11	17	12	22	13	23	18	10	24	14	63	#
196	734383	23	24	19	22	17	16	11	18	15	20	10	6	14	63	#
197	715170	18	19	24	15	17	16	13	20	22	23	11	6	10	63	#
198	704228	24	19	14	9	23	18	13	17	22	16	15	20	12	63	#
199	698744	17	18	13	22	14	9	23	24	19	16	11	8	10	63	#
200	682262	13	14	9	8	19	24	18	17	7	12	11	16	6	63	#
201	160844	11	10	12	5	64	#
202	158887	11	6	1	10	64	#
203	154579	5	10	1	4	64	#
204	141299	10	5	6	1	64	#
205	118143	12	13	17	7	64	#
206	54372	23	#
207	1079094	10	11	6	5	7	2	1	3	12	0	17	13	22	14	8	9	16	23	21	20	65	#
208	1258771	14	13	19	9	8	18	7	2	1	12	0	24	17	6	23	22	3	11	4	5	65	#
209	1252613	13	12	17	18	11	23	22	8	7	9	6	24	19	1	14	16	2	5	0	15	65	#
210	1250902	10	11	6	7	12	2	1	17	0	5	13	14	22	9	3	8	23	24	19	21	65	#
211	1233155	9	14	13	12	28	17	7	2	26	1	16	11	22	8	0	23	5	21	3	6	65	#
212	1219100	6	10	14	5	13	11	7	19	2	3	1	12	0	24	23	22	9	17	8	4	65	#
213	1170702	5	10	6	11	7	8	2	1	9	3	13	0	16	18	24	12	17	14	23	4	66	#
214	1344888	23	22	24	17	18	16	13	19	14	15	8	9	4	3	2	1	7	6	11	0	66	#
215	1339481	17	18	16	15	19	11	22	13	23	14	6	24	10	9	1	2	7	0	8	4	66	#
216	1337562	24	23	22	18	17	2	13	3	1	0	14	19	8	9	7	6	11	16	15	10	66	#
217	1314822	2	7	1	6	5	0	10	8	13	14	9	4	18	11	17	3	16	22	24	15	66	#
218	1284360	8	9	13	14	18	4	3	7	17	2	16	22	19	23	6	1	24	10	11	15	66	#
219	819919	9	8	4	13	12	11	18	10	19	6	1	16	15	21	2	67	#
220	856376	6	11	10	12	16	15	21	22	13	18	5	20	23	19	8	67	#
221	851565	19	18	13	23	8	22	9	12	21	11	16	0	5	6	20	67	#
222	847005	18	19	13	8	24	23	9	12	11	6	22	21	5	4	16	67	#
223	815197	12	13	8	11	18	9	16	4	15	10	21	22	6	1	23	67	#
224	809431	4	9	8	3	13	12	11	16	15	20	21	14	19	6	2	67	#
225	160429	3	4	2	68	#
226	116687	2	7	8	68	#
227	101781	4	9	3	68	#
228	386615	5	6	7	11	2	69	#
229	347613	7	2	6	11	8	69	#
230	293697	5	6	1	11	16	69	#
231	278382	6	1	5	3	2	69	#
232	255553	11	6	16	1	12	69	#
233	211439	2	3	7	1	8	69	#
234	507913	2	7	12	6	17	8	11	16	9	14	70	#
235	528590	14	9	4	3	19	18	23	13	24	20	70	#
236	499984	11	16	12	7	2	3	4	13	8	15	70	#
237	479459	7	12	13	14	8	2	9	4	1	3	70	#
238	449336	8	9	24	13	23	14	22	21	4	12	70	#
239	431739	9	14	13	19	12	17	4	7	11	8	70	#
240	948213	2	7	12	8	9	13	11	16	18	1	10	17	0	19	23	22	71	#
241	1050406	17	22	18	16	23	11	13	12	19	14	9	4	8	7	24	2	71	#
242	1046550	18	13	23	8	19	7	9	15	16	2	3	12	14	24	22	11	71	#
243	1024714	13	15	18	19	8	24	14	12	7	4	3	23	2	16	9	22	71	#
244	1010225	8	7	2	9	13	18	14	12	19	17	22	23	24	3	4	16	71	#
245	1009653	22	23	18	13	21	8	7	2	19	29	14	16	17	24	9	6	71	#
246	389080	17	18	13	8	16	72	#
247	447840	17	18	13	8	7	72	#
248	393864	8	13	18	7	14	72	#
249	381387	18	17	16	15	21	72	#
250	347634	13	8	18	7	9	72	#
251	279898	16	15	17	20	11	72	#
252	30327	29	#
253	322134	9	20	8	14	15	16	17	12	73	#
254	475841	15	20	16	11	10	6	12	5	73	#
255	413561	16	11	12	6	10	5	13	14	73	#
256	392329	12	13	18	17	16	11	6	8	73	#
257	368555	14	9	4	19	24	23	22	8	73	#
258	294753	9	14	19	4	8	24	13	23	73	#
259	651689	6	5	10	21	11	1	12	22	2	16	3	23	0	20	74	#
260	831403	12	17	7	18	16	2	21	8	11	9	3	6	1	0	74	#
261	779525	21	20	22	17	23	18	13	8	24	9	12	1	6	2	74	#
262	768668	5	6	1	7	8	2	24	23	19	18	13	17	0	9	74	#
263	721979	6	5	7	2	1	8	9	10	0	11	13	12	18	17	74	#
264	721383	22	17	16	21	12	11	10	5	6	1	18	20	2	7	74	#
265	925482	29	23	8	13	9	7	10	24	19	14	12	11	6	18	16	15	17	1	21	2	20	4	0	3	22	5	75	#
266	1091456	13	12	11	8	14	7	10	2	16	9	3	26	21	15	4	17	1	6	0	19	24	22	23	20	29	18	75	#
267	1046928	5	10	6	1	7	2	12	11	16	8	21	13	0	3	14	15	22	4	9	17	18	23	19	24	20	26	75	#
268	1041415	14	19	24	9	8	23	28	13	7	12	11	6	18	16	10	15	17	4	1	25	0	3	21	2	20	22	75	#
269	1030975	18	23	19	24	13	14	12	9	8	29	28	7	17	22	16	2	1	11	21	3	6	4	10	0	15	20	75	#
270	998532	24	5	0	23	10	11	16	1	6	15	21	2	20	3	7	27	8	17	12	22	13	14	18	9	4	19	75	#
271	248073	14	13	18	8	76	#
272	247564	18	19	24	17	76	#
273	183725	13	12	14	17	76	#
274	148808	8	13	7	12	76	#
275	124301	14	9	19	8	76	#
276	261293	7	6	11	9	10	4	77	#
277	371433	9	14	4	19	3	24	77	#
278	335432	11	6	1	0	10	12	77	#
279	329501	6	5	1	11	0	7	77	#
280	317075	10	5	0	6	1	11	77	#
281	281505	7	12	6	10	13	5	77	#
282	1078216	3	4	9	2	8	1	0	7	13	14	5	15	20	19	16	24	23	6	22	29	18	21	17	12	11	10	78	#
283	1211886	24	23	19	14	13	12	9	4	3	18	8	17	2	22	7	6	1	0	21	5	10	16	11	26	28	15	78	#
284	1182299	4	3	2	1	7	0	8	13	9	14	19	24	23	6	12	10	11	18	16	5	15	21	17	20	22	26	78	#
285	1157352	23	24	20	19	21	14	17	15	12	26	13	18	11	6	10	1	0	16	29	2	5	7	8	3	9	4	78	#
286	1126663	12	13	8	17	14	9	19	18	23	11	10	16	5	0	24	1	2	21	6	4	15	20	3	7	22	28	78	#
287	1103791	3	2	4	1	0	9	14	19	27	24	6	10	7	16	11	21	15	5	8	13	12	23	20	17	18	22	78	#
288	232258	18	19	23	22	13	8	79	#
289	271429	13	12	7	18	11	10	79	#
290	237996	19	14	9	18	23	8	79	#
291	212776	18	19	14	13	24	9	79	#
292	208475	23	18	17	13	22	8	79	#
293	195545	8	9	14	19	24	7	79	#
294	1016442	11	6	10	5	7	1	0	16	17	8	13	22	21	9	18	14	12	19	80	#
295	1239385	19	24	14	13	8	7	6	10	5	2	18	1	23	11	16	17	21	0	80	#
296	1234115	8	13	7	6	14	19	1	5	18	0	24	23	11	10	17	22	16	21	80	#
297	1220310	22	27	21	17	29	16	18	19	23	14	13	24	20	15	12	7	6	8	80	#
298	1214034	16	17	11	21	20	6	27	22	15	7	12	13	8	23	14	19	24	18	80	#
299	1189769	9	8	14	13	18	17	7	23	26	6	11	5	1	24	19	10	2	16	80	#
300	14826	5	#
301	116491	28	2	81	#
302	99293	28	15	81	#
303	39308	2	1	81	#
304	81039	28	#
305	223568	0	1	2	82	#
306	160622	1	6	7	82	#
307	158903	2	1	7	82	#
308	157256	0	1	5	82	#
309	129532	18	#
310	1182502	5	0	6	11	7	16	10	1	2	21	15	22	20	8	13	23	24	9	17	4	18	19	3	14	12	83	#
311	1338255	2	1	3	7	0	4	5	28	10	6	11	16	17	15	8	18	27	20	22	19	24	9	21	13	12	83	#
312	1282053	6	11	16	10	7	15	20	1	5	2	21	0	3	27	8	9	4	14	13	18	19	22	17	23	24	83	#
313	1240656	21	16	11	20	15	12	22	23	18	24	19	10	5	0	28	7	17	2	6	3	4	13	9	1	8	83	#
314	1239958	9	8	4	13	14	3	2	7	6	12	11	5	16	18	23	10	19	24	17	15	29	20	22	21	0	83	#
315	1239749	4	9	3	2	8	0	13	18	7	14	19	6	5	24	10	1	29	11	16	21	20	23	22	17	15	83	#
316	320603	19	2	3	4	18	1	84	#
317	346261	2	1	6	10	0	7	84	#
318	271912	1	6	2	10	5	11	84	#
319	238003	4	9	11	8	10	13	84	#
320	237345	19	18	23	22	13	14	84	#
321	219541	3	4	9	14	2	1	84	#
322	68708	11	12	13	85	#
323	90173	13	14	19	85	#
324	83361	28	#
325	1100454	12	7	17	18	6	16	22	10	11	23	21	15	19	1	2	24	0	20	5	8	13	14	9	4	3	86	#
326	1178362	1	2	7	12	17	22	11	23	25	6	8	21	16	24	10	18	5	15	28	0	13	19	14	9	20	86	#
327	1176502	9	14	19	18	13	23	24	8	17	12	7	16	2	11	22	6	1	28	15	0	21	10	4	5	20	86	#
328	1160542	19	18	23	22	17	16	11	21	15	6	10	7	24	2	5	8	1	26	20	12	0	13	14	9	4	86	#
329	1136537	6	1	2	11	8	16	7	27	21	10	22	12	23	17	0	15	9	18	13	5	19	14	20	24	4	86	#
330	1132509	20	15	16	11	21	17	18	22	6	1	12	7	2	10	13	23	29	19	26	14	0	5	24	8	9	86	#
331	380107	20	15	21	16	11	10	12	87	#
332	397858	15	20	16	17	18	12	11	87	#
333	359586	21	10	16	1	15	20	2	87	#
334	343352	11	10	12	7	6	8	9	87	#
335	339891	20	15	21	29	16	11	10	87	#
336	313105	10	11	12	13	6	18	27	87	#
337	184199	21	22	17	88	#
338	220464	17	18	22	88	#
339	138550	21	16	20	88	#
340	104877	7	2	89	#
341	135316	7	6	89	#
342	453519	1	0	6	7	11	12	8	90	#
343	449054	7	6	1	11	0	16	8	90	#
344	446561	0	1	6	7	11	12	13	90	#
345	437717	1	0	6	11	2	7	8	90	#
346	427883	12	7	17	18	6	22	11	90	#
347	425145	11	12	16	17	22	6	18	90	#
348	451201	22	23	18	13	21	20	14	8	91	#
349	472436	18	13	9	4	14	3	8	12	91	#
350	411334	8	7	9	4	3	12	13	2	91	#
351	396685	23	22	24	18	17	13	8	12	91	#
352	389131	22	23	24	18	13	14	12	19	91	#
353	384304	14	9	4	3	19	18	13	23	91	#
354	850621	0	5	10	1	6	11	7	12	8	9	28	2	14	13	16	15	92	#
355	930432	28	1	0	6	5	10	7	8	9	14	4	19	24	12	23	2	92	#
356	919710	9	8	4	7	13	14	18	19	23	12	24	2	1	6	0	5	92	#
357	913712	8	7	9	20	15	14	12	4	13	6	19	10	1	24	5	0	92	#
358	896549	11	10	16	5	6	7	8	12	13	18	0	19	15	1	2	14	92	#
359	874506	14	9	4	8	3	2	13	1	0	5	12	7	19	24	10	6	92	#
360	725711	11	16	6	5	7	15	10	12	13	14	20	21	1	19	9	4	0	93	#
361	748926	1	6	5	11	7	12	10	0	16	2	15	21	3	4	20	22	13	93	#
362	720464	6	10	5	11	1	0	12	7	16	8	21	9	13	17	22	4	18	93	#
363	718983	20	15	21	16	22	17	23	18	19	11	10	5	27	6	12	0	1	93	#
364	716059	19	14	13	9	18	12	8	7	17	11	10	6	16	5	15	0	22	93	#
365	714304	10	5	0	6	11	1	7	16	28	21	15	12	22	13	2	20	3	93	#
366	214297	20	21	16	94	#
367	223696	21	16	17	94	#
368	181012	16	17	12	94	#
369	161063	20	15	16	94	#
370	141852	4	9	3	14	95	#
371	209683	14	9	19	18	95	#
372	150579	4	3	9	8	95	#
373	831795	13	14	18	23	22	17	21	16	15	19	11	10	6	7	1	0	2	3	5	4	20	8	9	12	24	96	#
374	960947	12	11	10	13	16	21	22	15	23	18	7	14	6	17	19	2	1	29	3	28	20	4	0	24	9	96	#
375	959190	8	3	13	4	18	14	23	17	22	21	7	11	16	6	15	1	20	2	10	0	12	26	9	19	24	96	#
376	866215	14	13	18	23	22	24	17	21	19	20	15	16	11	10	6	7	1	2	0	3	4	8	27	12	5	96	#
377	823566	11	10	6	1	2	3	4	7	15	16	21	22	23	17	25	18	0	13	14	20	19	8	9	5	12	96	#
378	811202	3	2	4	1	21	16	22	23	18	13	14	17	7	11	10	6	19	29	15	12	0	20	9	8	5	96	#
379	148877	5	10	11	16	97	#
380	203972	5	6	7	11	97	#
381	182901	16	11	12	17	97	#
382	71002	10	11	5	12	97	#
383	448293	17	12	11	7	6	5	0	98	#
384	440207	5	6	1	0	11	2	12	98	#
385	398726	12	11	17	16	6	1	7	98	#
386	388240	11	12	16	21	28	15	20	98	#
387	361917	0	1	6	10	5	2	7	98	#
388	331704	17	22	18	23	12	16	7	98	#
389	653451	0	5	10	11	12	7	2	8	17	22	9	3	4	99	#
390	822619	22	17	12	21	23	20	11	6	24	5	7	2	0	99	#
391	720832	5	0	10	11	6	12	26	17	7	2	16	21	20	99	#
392	702874	12	11	10	17	7	22	16	21	5	0	20	2	15	99	#
393	700959	3	2	7	12	11	16	17	22	8	21	4	20	9	99	#
394	696800	4	3	9	2	8	14	7	12	17	22	23	21	11	99	#
395	56412	25	#
396	1247095	3	2	4	1	6	11	9	12	16	5	7	17	8	15	10	14	0	20	18	13	21	22	19	24	23	100	#
397	1307430	12	17	1	13	18	8	2	28	3	19	22	27	7	0	16	11	9	21	6	4	14	20	5	10	24	100	#
398	1290571	19	18	17	16	22	12	13	8	9	11	25	15	6	14	10	5	7	0	1	2	24	20	3	4	21	100	#
399	1263707	2	1	6	3	7	11	5	0	12	4	16	8	21	29	9	17	22	18	10	19	20	14	13	15	24	100	#
400	1254666	4	3	2	7	6	12	9	8	17	11	10	1	16	21	28	14	13	0	20	19	22	18	23	5	24	100	#
401	1225824	15	20	16	17	6	12	11	1	10	5	2	0	3	4	26	22	21	18	7	9	19	14	23	13	24	100	#
402	345187	12	11	17	16	18	6	101	#
403	377135	18	17	13	12	23	16	101	#
404	332958	17	12	22	16	23	21	101	#
405	277251	16	17	12	13	14	11	101	#
406	233307	12	7	6	11	10	17	101	#
407	220160	6	7	1	10	5	8	101	#
408	322641	27	2	7	3	6	102	#
409	283973	6	7	5	8	9	102	#
410	278912	27	17	16	21	22	102	#
411	274229	2	3	7	4	9	102	#
412	267525	7	2	6	5	3	102	#
413	173642	3	2	1	10	4	102	#
414	1096309	18	23	22	24	17	16	19	12	14	11	13	7	10	5	6	0	2	1	9	3	4	8	21	20	15	27	103	#
415	1152429	27	9	4	28	14	13	18	3	19	26	8	24	7	2	1	0	23	5	17	6	15	22	10	11	16	12	103	#
416	1090108	6	10	11	1	16	5	2	3	0	21	22	17	18	7	4	20	24	23	12	19	8	13	14	9	15	26	103	#
417	1069368	20	21	22	16	11	17	18	12	10	5	7	13	6	23	0	1	14	2	3	19	24	9	4	8	15	28	103	#
418	1048458	2	3	1	6	0	5	10	11	16	7	17	4	18	12	22	21	13	19	14	20	24	9	23	8	15	25	103	#
419	1027974	10	5	0	1	11	7	2	6	3	12	16	13	18	23	17	22	24	4	14	19	9	8	21	20	15	29	103	#
420	1176852	13	14	9	8	12	18	7	11	6	10	2	19	17	16	1	15	23	22	21	24	104	#
421	1313014	7	8	12	13	18	14	23	17	22	24	6	21	11	16	15	2	1	0	19	20	104	#
422	1291325	18	23	13	24	14	22	19	21	16	11	15	20	12	17	6	1	2	10	26	8	104	#
423	1283595	19	18	14	23	13	9	24	8	16	17	15	11	12	22	6	7	1	26	4	0	104	#
424	1246619	6	11	20	21	1	10	15	16	22	12	23	18	17	24	19	7	14	13	2	3	104	#
425	1242794	11	12	10	7	13	14	6	8	1	2	18	16	21	17	22	20	19	23	15	24	104	#
426	391318	21	16	20	17	15	11	105	#
427	450402	20	15	21	16	11	18	105	#
428	427954	17	16	21	18	11	13	105	#
429	372705	21	16	11	10	6	20	105	#
430	352655	11	12	16	7	6	15	105	#
431	352378	15	16	11	6	5	10	105	#
432	692244	12	17	13	14	16	21	22	7	19	23	11	10	20	106	#
433	810767	16	11	12	17	6	1	0	7	13	14	21	5	22	106	#
434	781419	13	12	11	18	17	19	14	16	27	10	22	23	21	106	#
435	770409	10	11	16	5	12	6	0	17	13	22	21	14	23	106	#
436	757945	11	12	13	0	10	5	14	1	19	16	21	17	7	106	#
437	743303	12	7	13	17	22	16	14	6	19	21	5	11	9	106	#
438	1418001	5	0	6	10	7	12	13	1	2	11	16	8	15	3	4	21	20	9	14	19	18	22	23	17	24	107	#
439	1471474	7	2	6	12	20	5	1	17	11	18	13	23	16	21	8	10	24	19	22	15	27	3	0	4	14	107	#
440	1467760	1	6	11	5	12	16	4	25	10	17	7	9	2	3	0	22	15	21	24	23	13	14	19	20	18	107	#
441	1448650	18	19	13	12	17	11	10	22	7	6	5	14	8	9	16	21	4	2	28	3	23	1	0	24	20	107	#
442	1425218	14	9	13	19	26	4	12	3	7	18	6	5	24	10	11	23	1	17	2	16	15	0	21	20	8	107	#
443	1399068	21	16	11	12	17	13	7	6	14	1	10	20	5	9	4	0	3	18	22	19	2	15	23	24	29	107	#
444	555030	1	2	0	5	3	7	6	11	12	108	#
445	649106	1	6	17	2	12	22	7	0	16	108	#
446	607153	0	5	13	14	8	7	19	2	24	108	#
447	576068	3	2	7	4	1	8	0	13	6	108	#
448	567247	2	7	1	0	12	6	11	10	17	108	#
449	559113	12	13	7	2	3	8	4	16	14	108	#
450	1147976	0	5	10	6	11	1	2	3	7	12	13	17	8	22	21	18	16	23	27	15	19	24	14	9	4	20	109	#
451	1217650	7	2	12	3	11	10	17	13	18	22	21	14	23	6	5	16	15	9	8	1	0	20	4	24	19	26	109	#
452	1188768	3	2	1	0	6	5	10	11	12	16	15	17	26	21	18	7	22	13	8	20	23	27	19	14	9	24	109	#
453	1186455	17	12	16	11	10	15	1	13	0	21	22	6	18	8	7	14	9	5	23	2	3	19	20	4	28	24	109	#
454	1173474	24	23	18	13	8	22	12	11	19	10	16	15	6	5	7	14	1	17	0	21	2	3	4	9	20	29	109	#
455	1170741	12	13	8	7	11	10	5	6	17	18	16	22	23	1	15	27	0	19	2	28	21	14	9	24	4	20	109	#
456	115272	15	20	110	#
457	124182	15	16	110	#
458	101787	20	21	110	#
459	62738	29	#
460	860707	24	19	14	13	18	8	7	17	6	9	28	26	22	10	16	5	4	27	1	23	15	12	21	20	2	0	11	3	29	111	#
461	869054	3	4	9	8	2	13	20	14	1	18	23	21	22	26	6	24	10	7	5	0	19	11	16	12	17	15	25	28	27	111	#
462	831625	19	14	24	13	8	18	9	23	4	22	7	21	6	12	17	16	20	1	5	10	15	2	11	3	28	0	25	26	29	111	#
463	803800	24	19	18	13	14	23	8	9	12	4	11	7	1	16	6	2	21	10	22	5	15	20	17	29	0	3	28	25	27	111	#
464	746915	20	15	21	7	8	12	13	14	9	17	22	23	16	6	5	24	10	2	18	11	4	1	19	3	0	29	26	25	27	111	#
465	618728	24	23	19	18	13	22	14	21	8	9	7	112	#
466	673380	9	8	4	7	2	12	18	13	14	19	6	112	#
467	672011	18	19	13	23	8	9	22	14	24	4	7	112	#
468	647703	23	22	24	4	3	10	18	9	8	19	2	112	#
469	635807	14	9	19	8	4	7	18	6	5	24	13	112	#
470	626376	24	19	23	18	22	13	27	14	26	17	16	112	#
471	444213	18	13	12	11	14	19	9	24	113	#
472	570204	19	11	18	16	0	13	24	1	113	#
473	556705	12	11	16	15	13	14	18	20	113	#
474	496907	24	23	13	18	12	19	11	16	113	#
475	472542	18	23	13	12	11	24	8	16	113	#
476	445772	14	13	9	4	3	11	18	19	113	#
477	46663	27	#
478	313284	16	11	21	22	6	10	114	#
479	361826	6	1	10	0	11	5	114	#
480	307181	10	5	11	16	0	12	114	#
481	286639	11	16	19	21	24	12	114	#
482	284172	22	17	12	13	16	21	114	#
483	242456	16	21	15	22	17	20	114	#
484	115243	24	23	115	#
485	115142	24	19	115	#
486	104063	23	15	115	#
487	72710	4	#
488	1001946	22	23	18	19	14	6	7	21	16	5	24	2	9	11	17	10	15	8	0	20	116	#
489	971745	0	1	2	7	6	10	22	11	5	21	17	8	9	14	4	23	12	19	24	18	116	#
490	970435	23	18	22	19	24	17	12	21	7	2	1	11	14	8	16	15	10	20	5	0	116	#
491	963627	9	8	4	7	12	14	6	10	11	17	1	5	0	25	19	2	15	20	22	24	116	#
492	957242	20	15	1	0	2	21	22	7	8	19	6	5	14	11	10	13	12	24	23	9	116	#
493	947940	7	12	11	10	17	22	8	21	6	23	24	16	5	18	0	2	15	19	1	13	116	#
494	245788	11	6	20	5	117	#
495	325551	6	1	11	0	117	#
496	239570	20	15	16	21	117	#
497	197862	5	17	16	22	117	#
498	158871	11	10	12	6	117	#
499	191621	5	6	10	118	#
500	239651	6	1	11	118	#
501	941924	7	12	2	8	17	29	1	13	18	14	5	16	15	20	23	21	19	10	0	11	24	119	#
502	1052816	8	7	13	17	16	15	14	18	20	9	19	21	2	4	24	12	1	26	11	22	23	119	#
503	1005209	2	1	7	8	9	12	14	11	19	17	16	13	4	18	15	20	21	24	23	22	0	119	#
504	987682	21	20	16	13	15	18	23	19	14	26	11	9	17	24	12	8	4	10	22	7	2	119	#
505	979160	19	18	23	22	21	16	17	12	15	20	11	14	7	10	24	25	8	2	1	13	0	119	#
506	954709	15	16	11	10	17	20	21	18	23	13	19	14	24	22	9	8	7	12	2	4	1	119	#
507	42430	8	#
508	571869	3	2	1	6	5	0	4	7	9	11	10	8	12	16	14	19	17	120	#
509	839035	1	0	2	7	3	12	17	6	5	13	18	8	19	23	24	10	4	120	#
510	838888	10	5	6	7	0	2	3	1	4	17	12	18	23	8	24	9	14	120	#
511	824161	19	14	13	18	8	12	9	17	24	7	6	23	4	5	3	0	10	120	#
512	813141	11	6	10	12	17	5	7	0	18	2	23	13	3	8	1	4	24	120	#
513	799801	17	9	12	18	23	4	13	3	24	19	8	14	7	2	1	0	5	120	#
514	521323	14	13	19	8	18	24	23	17	9	121	#
515	582861	18	19	24	13	17	23	22	14	21	121	#
516	580002	24	19	14	18	9	17	4	13	12	121	#
517	578634	14	9	4	13	19	12	18	11	16	121	#
518	552904	23	24	18	19	14	9	13	4	8	121	#
519	540360	13	12	18	17	11	22	14	16	19	121	#
520	1026393	13	18	17	22	20	12	15	21	5	0	6	11	8	7	1	14	9	10	19	23	2	24	122	#
521	1087414	19	14	18	29	17	24	15	12	13	16	21	9	7	2	23	22	1	3	20	8	11	6	122	#
522	1068298	22	23	24	17	18	19	12	14	7	16	8	15	9	21	11	2	13	6	5	1	20	0	122	#
523	1067648	13	8	7	2	14	9	1	12	18	11	0	19	3	17	6	22	23	24	16	5	15	10	122	#
524	1058219	23	22	24	19	17	12	18	5	14	13	8	7	9	2	1	16	11	4	15	6	3	20	122	#
525	1043049	1	2	3	7	12	13	6	5	11	16	14	10	19	18	24	8	23	9	17	22	21	15	122	#
526	1354110	20	15	21	22	16	23	17	12	7	11	6	13	2	8	18	24	1	10	28	19	14	3	4	9	0	5	123	#
527	1369601	7	6	11	12	13	2	1	26	10	25	18	23	17	22	16	8	0	14	21	3	4	19	15	24	9	20	123	#
528	1326860	12	13	17	7	5	14	11	18	22	23	10	6	8	16	2	21	3	1	19	24	15	4	20	9	0	26	123	#
529	1300239	20	23	21	22	16	17	11	12	10	18	6	13	7	2	15	8	1	14	9	19	24	4	29	3	5	0	123	#
530	1292982	9	4	3	2	14	1	7	12	13	17	8	6	26	11	16	10	21	18	20	15	19	22	23	24	5	25	123	#
531	1259987	21	22	16	23	24	17	11	9	12	8	7	4	19	14	13	10	6	18	2	3	1	20	15	5	0	27	123	#
532	290664	19	18	24	23	124	#
533	364776	24	19	0	5	124	#
534	206714	18	23	22	21	124	#
535	203722	19	18	13	12	124	#
536	199988	23	24	19	11	124	#
537	331454	20	21	16	15	22	11	125	#
538	444022	15	20	16	11	6	1	125	#
539	430261	20	21	16	11	15	6	125	#
540	342413	16	17	11	12	6	1	125	#
541	307907	11	6	12	16	7	5	125	#
542	235983	22	21	17	12	18	13	125	#
543	461119	18	19	24	23	14	17	13	126	#
544	509475	14	19	18	17	23	24	12	126	#
545	502208	23	18	17	19	12	24	7	126	#
546	490652	13	8	7	6	5	18	2	126	#
547	463502	18	23	22	19	14	21	20	126	#
548	429389	17	12	18	23	13	14	7	126	#
549	153600	29	10	5	6	11	127	#
550	182122	10	5	11	6	16	127	#
551	110234	5	9	22	10	6	127	#
552	1142469	14	19	9	8	13	12	17	7	11	10	6	22	16	2	1	15	21	23	3	5	20	24	18	0	4	128	#
553	1218899	22	23	21	16	17	12	15	11	24	20	13	10	19	7	8	9	18	2	3	14	26	1	6	4	0	128	#
554	1180704	2	3	7	8	13	12	1	25	11	15	20	16	17	21	22	0	6	10	9	14	18	19	23	24	5	128	#
555	1176124	13	20	8	15	16	18	17	21	12	7	11	0	9	14	19	1	2	5	3	22	10	23	24	28	6	128	#
556	1154581	23	24	19	14	9	8	18	13	2	17	16	12	3	22	11	7	6	15	21	20	10	29	4	0	1	128	#
557	1136944	15	20	16	21	17	18	22	11	12	13	8	23	10	7	24	14	19	26	9	2	3	1	6	5	4	128	#
558	166565	21	16	129	#
559	157393	16	15	129	#
560	107596	21	20	129	#
561	524017	9	8	13	14	7	4	12	19	18	23	22	3	20	130	#
562	708485	20	21	22	15	17	23	16	18	19	14	9	4	8	130	#
563	708300	4	9	8	14	13	18	19	17	22	23	11	21	20	130	#
564	701351	18	27	17	22	14	9	13	19	8	7	12	11	21	130	#
565	665665	22	23	21	18	13	16	20	17	8	15	14	11	10	130	#
566	644398	9	4	14	8	7	2	13	18	17	3	19	22	21	130	#
567	283168	6	7	8	2	131	#
568	258024	7	8	2	3	131	#
569	232352	8	9	7	2	131	#
570	228193	2	1	3	7	131	#
571	174430	6	5	1	7	131	#
572	334230	13	14	19	18	24	132	#
573	320159	19	17	18	13	24	132	#
574	271369	18	19	17	27	13	132	#
575	245537	13	0	14	12	17	132	#
576	235692	24	19	14	13	23	132	#
577	196191	14	9	13	19	8	132	#
578	108873	23	24	22	133	#
579	119648	24	19	14	133	#
580	1051608	19	18	14	24	23	13	8	12	11	7	16	10	5	2	0	21	3	4	9	6	20	15	134	#
581	1101046	18	13	2	12	11	7	8	19	14	3	16	24	4	23	15	10	5	6	28	0	9	21	134	#
582	1081092	11	16	15	12	10	13	8	7	20	21	5	0	18	23	22	14	28	19	24	9	4	2	134	#
583	1077575	24	19	14	23	18	13	8	12	22	11	7	16	10	21	5	2	0	20	4	1	3	6	134	#
584	1072546	4	3	2	7	12	9	11	16	8	13	14	18	19	24	23	15	6	5	21	22	10	0	134	#
585	1066466	19	24	18	13	23	12	7	8	11	16	2	22	3	4	14	9	6	5	0	10	21	20	134	#
586	659101	5	10	8	0	13	11	6	1	2	20	135	#
587	705080	10	5	6	11	0	1	20	21	2	16	135	#
588	692682	20	21	16	15	17	22	18	11	6	13	135	#
589	636384	5	10	6	11	0	1	7	16	2	21	135	#
590	594955	1	0	6	11	7	10	2	16	5	15	135	#
591	591006	6	11	10	5	0	1	2	3	16	17	135	#
592	624930	21	16	22	15	20	17	18	19	12	23	136	#
593	661243	23	18	19	22	14	17	24	16	21	15	136	#
594	597531	22	21	16	23	20	15	18	13	8	24	136	#
595	593829	17	22	21	23	20	16	4	3	2	7	136	#
596	589986	15	20	16	25	21	22	23	24	19	14	136	#
597	575902	20	15	16	21	17	22	18	19	24	11	136	#
598	551398	5	10	6	1	2	7	3	4	0	8	9	11	13	16	137	#
599	715878	7	8	9	4	6	5	3	10	11	16	0	2	15	17	137	#
600	672550	5	21	10	0	16	15	1	2	6	7	17	12	8	13	137	#
601	671753	13	8	9	4	3	7	14	6	5	18	23	24	2	0	137	#
602	668272	3	4	2	7	9	8	13	14	18	23	17	24	19	16	137	#
603	642643	16	17	12	22	23	15	13	24	7	8	11	6	18	9	137	#
