%% File generated by CATS v.2.1Tue Aug 20 18:58:11 2019

%% The CATS webpage is http://robotics.stanford.edu/CATS

%% PARAMETER SETTINGS:
% Goods: 50; Bids: 2000; Distribution: scheduling; Runs: 10; Seed: 1566345642
% Scheduling Distribution Parameters:
% max_length                = 10
% deviation                 = 0.500000
% prob_additional_deadline  = 0.700000
% additivity                = 0.200000



goods 50
bids 2030
dummy 60

0	7151	0	1	2	3	4	5	6	7	8	50	#
1	7151	1	2	3	4	5	6	7	8	9	50	#
2	7151	2	3	4	5	6	7	8	9	10	50	#
3	7151	3	4	5	6	7	8	9	10	11	50	#
4	7151	4	5	6	7	8	9	10	11	12	50	#
5	7151	5	6	7	8	9	10	11	12	13	50	#
6	7151	6	7	8	9	10	11	12	13	14	50	#
7	7151	7	8	9	10	11	12	13	14	15	50	#
8	7151	8	9	10	11	12	13	14	15	16	50	#
9	7151	9	10	11	12	13	14	15	16	17	50	#
10	7151	10	11	12	13	14	15	16	17	18	50	#
11	7151	11	12	13	14	15	16	17	18	19	50	#
12	7151	12	13	14	15	16	17	18	19	20	50	#
13	7151	13	14	15	16	17	18	19	20	21	50	#
14	7151	14	15	16	17	18	19	20	21	22	50	#
15	7151	15	16	17	18	19	20	21	22	23	50	#
16	7151	16	17	18	19	20	21	22	23	24	50	#
17	7151	17	18	19	20	21	22	23	24	25	50	#
18	7151	18	19	20	21	22	23	24	25	26	50	#
19	7151	19	20	21	22	23	24	25	26	27	50	#
20	7151	20	21	22	23	24	25	26	27	28	50	#
21	7151	21	22	23	24	25	26	27	28	29	50	#
22	7151	22	23	24	25	26	27	28	29	30	50	#
23	7151	23	24	25	26	27	28	29	30	31	50	#
24	7151	24	25	26	27	28	29	30	31	32	50	#
25	7151	25	26	27	28	29	30	31	32	33	50	#
26	7151	26	27	28	29	30	31	32	33	34	50	#
27	7151	27	28	29	30	31	32	33	34	35	50	#
28	7151	28	29	30	31	32	33	34	35	36	50	#
29	7151	29	30	31	32	33	34	35	36	37	50	#
30	7151	30	31	32	33	34	35	36	37	38	50	#
31	7151	31	32	33	34	35	36	37	38	39	50	#
32	7151	32	33	34	35	36	37	38	39	40	50	#
33	7151	33	34	35	36	37	38	39	40	41	50	#
34	7151	34	35	36	37	38	39	40	41	42	50	#
35	7151	35	36	37	38	39	40	41	42	43	50	#
36	7151	36	37	38	39	40	41	42	43	44	50	#
37	7151	37	38	39	40	41	42	43	44	45	50	#
38	16748	0	1	2	3	4	5	6	7	51	#
39	16748	1	2	3	4	5	6	7	8	51	#
40	16748	2	3	4	5	6	7	8	9	51	#
41	16748	3	4	5	6	7	8	9	10	51	#
42	16748	4	5	6	7	8	9	10	11	51	#
43	16748	5	6	7	8	9	10	11	12	51	#
44	16748	6	7	8	9	10	11	12	13	51	#
45	16748	7	8	9	10	11	12	13	14	51	#
46	16748	8	9	10	11	12	13	14	15	51	#
47	16748	9	10	11	12	13	14	15	16	51	#
48	16748	10	11	12	13	14	15	16	17	51	#
49	16748	11	12	13	14	15	16	17	18	51	#
50	16748	12	13	14	15	16	17	18	19	51	#
51	16748	13	14	15	16	17	18	19	20	51	#
52	16748	14	15	16	17	18	19	20	21	51	#
53	16748	15	16	17	18	19	20	21	22	51	#
54	16748	16	17	18	19	20	21	22	23	51	#
55	16748	17	18	19	20	21	22	23	24	51	#
56	16748	18	19	20	21	22	23	24	25	51	#
57	16748	19	20	21	22	23	24	25	26	51	#
58	16748	20	21	22	23	24	25	26	27	51	#
59	16748	21	22	23	24	25	26	27	28	51	#
60	16748	22	23	24	25	26	27	28	29	51	#
61	16748	23	24	25	26	27	28	29	30	51	#
62	16748	24	25	26	27	28	29	30	31	51	#
63	16748	25	26	27	28	29	30	31	32	51	#
64	16748	26	27	28	29	30	31	32	33	51	#
65	16748	27	28	29	30	31	32	33	34	51	#
66	16748	28	29	30	31	32	33	34	35	51	#
67	16748	29	30	31	32	33	34	35	36	51	#
68	16748	30	31	32	33	34	35	36	37	51	#
69	16748	31	32	33	34	35	36	37	38	51	#
70	16748	32	33	34	35	36	37	38	39	51	#
71	16748	33	34	35	36	37	38	39	40	51	#
72	16748	34	35	36	37	38	39	40	41	51	#
73	16748	35	36	37	38	39	40	41	42	51	#
74	16748	36	37	38	39	40	41	42	43	51	#
75	16748	37	38	39	40	41	42	43	44	51	#
76	16748	38	39	40	41	42	43	44	45	51	#
77	16748	39	40	41	42	43	44	45	46	51	#
78	16748	40	41	42	43	44	45	46	47	51	#
79	16748	41	42	43	44	45	46	47	48	51	#
80	16748	42	43	44	45	46	47	48	49	51	#
81	2306	0	1	2	52	#
82	2306	1	2	3	52	#
83	2306	2	3	4	52	#
84	2306	3	4	5	52	#
85	2306	4	5	6	52	#
86	2306	5	6	7	52	#
87	2306	6	7	8	52	#
88	2306	7	8	9	52	#
89	2306	8	9	10	52	#
90	2306	9	10	11	52	#
91	2306	10	11	12	52	#
92	2306	11	12	13	52	#
93	2306	12	13	14	52	#
94	2306	13	14	15	52	#
95	2306	14	15	16	52	#
96	2306	15	16	17	52	#
97	2306	16	17	18	52	#
98	2306	17	18	19	52	#
99	2306	18	19	20	52	#
100	2306	19	20	21	52	#
101	2306	20	21	22	52	#
102	2306	21	22	23	52	#
103	2306	22	23	24	52	#
104	2306	23	24	25	52	#
105	2306	24	25	26	52	#
106	2306	25	26	27	52	#
107	2306	26	27	28	52	#
108	2306	27	28	29	52	#
109	2306	28	29	30	52	#
110	2306	29	30	31	52	#
111	2306	30	31	32	52	#
112	2306	31	32	33	52	#
113	2306	32	33	34	52	#
114	2306	33	34	35	52	#
115	2306	34	35	36	52	#
116	2243	35	36	37	52	#
117	2184	36	37	38	52	#
118	13226	0	1	2	3	4	5	6	7	8	53	#
119	13226	1	2	3	4	5	6	7	8	9	53	#
120	13226	2	3	4	5	6	7	8	9	10	53	#
121	13226	3	4	5	6	7	8	9	10	11	53	#
122	13226	4	5	6	7	8	9	10	11	12	53	#
123	13226	5	6	7	8	9	10	11	12	13	53	#
124	13226	6	7	8	9	10	11	12	13	14	53	#
125	13226	7	8	9	10	11	12	13	14	15	53	#
126	13226	8	9	10	11	12	13	14	15	16	53	#
127	13226	9	10	11	12	13	14	15	16	17	53	#
128	13226	10	11	12	13	14	15	16	17	18	53	#
129	13226	11	12	13	14	15	16	17	18	19	53	#
130	13226	12	13	14	15	16	17	18	19	20	53	#
131	13226	13	14	15	16	17	18	19	20	21	53	#
132	13226	14	15	16	17	18	19	20	21	22	53	#
133	13226	15	16	17	18	19	20	21	22	23	53	#
134	13226	16	17	18	19	20	21	22	23	24	53	#
135	13226	17	18	19	20	21	22	23	24	25	53	#
136	13226	18	19	20	21	22	23	24	25	26	53	#
137	13226	19	20	21	22	23	24	25	26	27	53	#
138	13226	20	21	22	23	24	25	26	27	28	53	#
139	7715	21	22	23	24	25	26	27	28	29	53	#
140	7715	22	23	24	25	26	27	28	29	30	53	#
141	7715	23	24	25	26	27	28	29	30	31	53	#
142	7715	24	25	26	27	28	29	30	31	32	53	#
143	7715	25	26	27	28	29	30	31	32	33	53	#
144	7715	26	27	28	29	30	31	32	33	34	53	#
145	7715	27	28	29	30	31	32	33	34	35	53	#
146	7715	28	29	30	31	32	33	34	35	36	53	#
147	7715	29	30	31	32	33	34	35	36	37	53	#
148	7715	30	31	32	33	34	35	36	37	38	53	#
149	7715	31	32	33	34	35	36	37	38	39	53	#
150	7715	32	33	34	35	36	37	38	39	40	53	#
151	7715	33	34	35	36	37	38	39	40	41	53	#
152	7715	34	35	36	37	38	39	40	41	42	53	#
153	7715	35	36	37	38	39	40	41	42	43	53	#
154	7715	36	37	38	39	40	41	42	43	44	53	#
155	7715	37	38	39	40	41	42	43	44	45	53	#
156	7715	38	39	40	41	42	43	44	45	46	53	#
157	7715	39	40	41	42	43	44	45	46	47	53	#
158	7715	40	41	42	43	44	45	46	47	48	53	#
159	7558	41	42	43	44	45	46	47	48	49	53	#
160	10670	0	1	2	3	4	5	54	#
161	10925	0	1	2	3	4	5	55	#
162	6828	1	2	3	4	5	6	55	#
163	6828	2	3	4	5	6	7	55	#
164	6828	3	4	5	6	7	8	55	#
165	13102	0	1	2	3	4	5	6	7	56	#
166	13102	1	2	3	4	5	6	7	8	56	#
167	13102	2	3	4	5	6	7	8	9	56	#
168	13102	3	4	5	6	7	8	9	10	56	#
169	13102	4	5	6	7	8	9	10	11	56	#
170	13102	5	6	7	8	9	10	11	12	56	#
171	13102	6	7	8	9	10	11	12	13	56	#
172	13102	7	8	9	10	11	12	13	14	56	#
173	13102	8	9	10	11	12	13	14	15	56	#
174	13102	9	10	11	12	13	14	15	16	56	#
175	13102	10	11	12	13	14	15	16	17	56	#
176	13102	11	12	13	14	15	16	17	18	56	#
177	13102	12	13	14	15	16	17	18	19	56	#
178	13102	13	14	15	16	17	18	19	20	56	#
179	13102	14	15	16	17	18	19	20	21	56	#
180	13102	15	16	17	18	19	20	21	22	56	#
181	13102	16	17	18	19	20	21	22	23	56	#
182	13102	17	18	19	20	21	22	23	24	56	#
183	13102	18	19	20	21	22	23	24	25	56	#
184	13102	19	20	21	22	23	24	25	26	56	#
185	7922	20	21	22	23	24	25	26	27	56	#
186	7922	21	22	23	24	25	26	27	28	56	#
187	7922	22	23	24	25	26	27	28	29	56	#
188	7922	23	24	25	26	27	28	29	30	56	#
189	7922	24	25	26	27	28	29	30	31	56	#
190	7922	25	26	27	28	29	30	31	32	56	#
191	7922	26	27	28	29	30	31	32	33	56	#
192	7922	27	28	29	30	31	32	33	34	56	#
193	7922	28	29	30	31	32	33	34	35	56	#
194	7922	29	30	31	32	33	34	35	36	56	#
195	7922	30	31	32	33	34	35	36	37	56	#
196	7922	31	32	33	34	35	36	37	38	56	#
197	7922	32	33	34	35	36	37	38	39	56	#
198	7922	33	34	35	36	37	38	39	40	56	#
199	7922	34	35	36	37	38	39	40	41	56	#
200	7922	35	36	37	38	39	40	41	42	56	#
201	7922	36	37	38	39	40	41	42	43	56	#
202	7570	37	38	39	40	41	42	43	44	56	#
203	7570	38	39	40	41	42	43	44	45	56	#
204	6952	39	40	41	42	43	44	45	46	56	#
205	6952	40	41	42	43	44	45	46	47	56	#
206	6952	41	42	43	44	45	46	47	48	56	#
207	6952	42	43	44	45	46	47	48	49	56	#
208	7695	0	1	2	3	4	5	6	57	#
209	7695	1	2	3	4	5	6	7	57	#
210	7695	2	3	4	5	6	7	8	57	#
211	7695	3	4	5	6	7	8	9	57	#
212	7695	4	5	6	7	8	9	10	57	#
213	7695	5	6	7	8	9	10	11	57	#
214	7695	6	7	8	9	10	11	12	57	#
215	7695	7	8	9	10	11	12	13	57	#
216	7695	8	9	10	11	12	13	14	57	#
217	7695	9	10	11	12	13	14	15	57	#
218	7695	10	11	12	13	14	15	16	57	#
219	7695	11	12	13	14	15	16	17	57	#
220	7695	12	13	14	15	16	17	18	57	#
221	7695	13	14	15	16	17	18	19	57	#
222	7695	14	15	16	17	18	19	20	57	#
223	7695	15	16	17	18	19	20	21	57	#
224	7695	16	17	18	19	20	21	22	57	#
225	7695	17	18	19	20	21	22	23	57	#
226	7695	18	19	20	21	22	23	24	57	#
227	7695	19	20	21	22	23	24	25	57	#
228	7695	20	21	22	23	24	25	26	57	#
229	7695	21	22	23	24	25	26	27	57	#
230	7695	22	23	24	25	26	27	28	57	#
231	7695	23	24	25	26	27	28	29	57	#
232	7695	24	25	26	27	28	29	30	57	#
233	7695	25	26	27	28	29	30	31	57	#
234	7695	26	27	28	29	30	31	32	57	#
235	7695	27	28	29	30	31	32	33	57	#
236	7695	28	29	30	31	32	33	34	57	#
237	7695	29	30	31	32	33	34	35	57	#
238	7695	30	31	32	33	34	35	36	57	#
239	7695	31	32	33	34	35	36	37	57	#
240	7695	32	33	34	35	36	37	38	57	#
241	7695	33	34	35	36	37	38	39	57	#
242	7695	34	35	36	37	38	39	40	57	#
243	7695	35	36	37	38	39	40	41	57	#
244	7695	36	37	38	39	40	41	42	57	#
245	7695	37	38	39	40	41	42	43	57	#
246	7695	38	39	40	41	42	43	44	57	#
247	7695	39	40	41	42	43	44	45	57	#
248	7067	40	41	42	43	44	45	46	57	#
249	7067	41	42	43	44	45	46	47	57	#
250	7067	42	43	44	45	46	47	48	57	#
251	7067	43	44	45	46	47	48	49	57	#
252	15193	0	1	2	3	4	5	6	58	#
253	15193	1	2	3	4	5	6	7	58	#
254	15193	2	3	4	5	6	7	8	58	#
255	15193	3	4	5	6	7	8	9	58	#
256	15193	4	5	6	7	8	9	10	58	#
257	15193	5	6	7	8	9	10	11	58	#
258	15193	6	7	8	9	10	11	12	58	#
259	15193	7	8	9	10	11	12	13	58	#
260	15193	8	9	10	11	12	13	14	58	#
261	15193	9	10	11	12	13	14	15	58	#
262	15193	10	11	12	13	14	15	16	58	#
263	15193	11	12	13	14	15	16	17	58	#
264	15193	12	13	14	15	16	17	18	58	#
265	15193	13	14	15	16	17	18	19	58	#
266	15193	14	15	16	17	18	19	20	58	#
267	9623	0	1	2	3	4	5	6	7	8	59	#
268	9623	1	2	3	4	5	6	7	8	9	59	#
269	5413	2	3	4	5	6	7	8	9	10	59	#
270	5413	3	4	5	6	7	8	9	10	11	59	#
271	5413	4	5	6	7	8	9	10	11	12	59	#
272	5413	5	6	7	8	9	10	11	12	13	59	#
273	5413	6	7	8	9	10	11	12	13	14	59	#
274	5413	7	8	9	10	11	12	13	14	15	59	#
275	5413	8	9	10	11	12	13	14	15	16	59	#
276	1968	9	10	11	12	13	14	15	16	17	59	#
277	1968	10	11	12	13	14	15	16	17	18	59	#
278	1968	11	12	13	14	15	16	17	18	19	59	#
279	1968	12	13	14	15	16	17	18	19	20	59	#
280	1968	13	14	15	16	17	18	19	20	21	59	#
281	1968	14	15	16	17	18	19	20	21	22	59	#
282	1968	15	16	17	18	19	20	21	22	23	59	#
283	1968	16	17	18	19	20	21	22	23	24	59	#
284	1968	17	18	19	20	21	22	23	24	25	59	#
285	1968	18	19	20	21	22	23	24	25	26	59	#
286	1968	19	20	21	22	23	24	25	26	27	59	#
287	1968	20	21	22	23	24	25	26	27	28	59	#
288	1968	21	22	23	24	25	26	27	28	29	59	#
289	1968	22	23	24	25	26	27	28	29	30	59	#
290	1968	23	24	25	26	27	28	29	30	31	59	#
291	1968	24	25	26	27	28	29	30	31	32	59	#
292	1968	25	26	27	28	29	30	31	32	33	59	#
293	1968	26	27	28	29	30	31	32	33	34	59	#
294	1968	27	28	29	30	31	32	33	34	35	59	#
295	1968	28	29	30	31	32	33	34	35	36	59	#
296	1968	29	30	31	32	33	34	35	36	37	59	#
297	1968	30	31	32	33	34	35	36	37	38	59	#
298	1968	31	32	33	34	35	36	37	38	39	59	#
299	1968	32	33	34	35	36	37	38	39	40	59	#
300	1968	33	34	35	36	37	38	39	40	41	59	#
301	1968	34	35	36	37	38	39	40	41	42	59	#
302	1968	35	36	37	38	39	40	41	42	43	59	#
303	1968	36	37	38	39	40	41	42	43	44	59	#
304	1843	37	38	39	40	41	42	43	44	45	59	#
305	1843	38	39	40	41	42	43	44	45	46	59	#
306	1843	39	40	41	42	43	44	45	46	47	59	#
307	1804	40	41	42	43	44	45	46	47	48	59	#
308	1767	41	42	43	44	45	46	47	48	49	59	#
309	8469	0	1	2	3	4	60	#
310	8469	1	2	3	4	5	60	#
311	8469	2	3	4	5	6	60	#
312	8469	3	4	5	6	7	60	#
313	8469	4	5	6	7	8	60	#
314	8469	5	6	7	8	9	60	#
315	8469	6	7	8	9	10	60	#
316	8469	7	8	9	10	11	60	#
317	8469	8	9	10	11	12	60	#
318	8469	9	10	11	12	13	60	#
319	8469	10	11	12	13	14	60	#
320	8469	11	12	13	14	15	60	#
321	8469	12	13	14	15	16	60	#
322	8469	13	14	15	16	17	60	#
323	8469	14	15	16	17	18	60	#
324	8469	15	16	17	18	19	60	#
325	8469	16	17	18	19	20	60	#
326	8469	17	18	19	20	21	60	#
327	8469	18	19	20	21	22	60	#
328	8469	19	20	21	22	23	60	#
329	8469	20	21	22	23	24	60	#
330	8469	21	22	23	24	25	60	#
331	8469	22	23	24	25	26	60	#
332	8469	23	24	25	26	27	60	#
333	8469	24	25	26	27	28	60	#
334	8469	25	26	27	28	29	60	#
335	8469	26	27	28	29	30	60	#
336	8469	27	28	29	30	31	60	#
337	8469	28	29	30	31	32	60	#
338	8469	29	30	31	32	33	60	#
339	8469	30	31	32	33	34	60	#
340	8184	0	1	2	3	4	5	6	7	8	61	#
341	8184	1	2	3	4	5	6	7	8	9	61	#
342	8184	2	3	4	5	6	7	8	9	10	61	#
343	8184	3	4	5	6	7	8	9	10	11	61	#
344	5627	4	5	6	7	8	9	10	11	12	61	#
345	5627	5	6	7	8	9	10	11	12	13	61	#
346	5627	6	7	8	9	10	11	12	13	14	61	#
347	5627	7	8	9	10	11	12	13	14	15	61	#
348	5627	8	9	10	11	12	13	14	15	16	61	#
349	3104	9	10	11	12	13	14	15	16	17	61	#
350	3104	10	11	12	13	14	15	16	17	18	61	#
351	3104	11	12	13	14	15	16	17	18	19	61	#
352	3104	12	13	14	15	16	17	18	19	20	61	#
353	3104	13	14	15	16	17	18	19	20	21	61	#
354	3104	14	15	16	17	18	19	20	21	22	61	#
355	3104	15	16	17	18	19	20	21	22	23	61	#
356	3104	16	17	18	19	20	21	22	23	24	61	#
357	3104	17	18	19	20	21	22	23	24	25	61	#
358	3104	18	19	20	21	22	23	24	25	26	61	#
359	3104	19	20	21	22	23	24	25	26	27	61	#
360	3104	20	21	22	23	24	25	26	27	28	61	#
361	3104	21	22	23	24	25	26	27	28	29	61	#
362	7283	0	1	2	3	4	5	6	7	62	#
363	7283	1	2	3	4	5	6	7	8	62	#
364	7283	2	3	4	5	6	7	8	9	62	#
365	7283	3	4	5	6	7	8	9	10	62	#
366	7283	4	5	6	7	8	9	10	11	62	#
367	7283	5	6	7	8	9	10	11	12	62	#
368	7283	6	7	8	9	10	11	12	13	62	#
369	7283	7	8	9	10	11	12	13	14	62	#
370	7283	8	9	10	11	12	13	14	15	62	#
371	7283	9	10	11	12	13	14	15	16	62	#
372	7283	10	11	12	13	14	15	16	17	62	#
373	7283	11	12	13	14	15	16	17	18	62	#
374	7283	12	13	14	15	16	17	18	19	62	#
375	7283	13	14	15	16	17	18	19	20	62	#
376	7283	14	15	16	17	18	19	20	21	62	#
377	7283	15	16	17	18	19	20	21	22	62	#
378	7283	16	17	18	19	20	21	22	23	62	#
379	7283	17	18	19	20	21	22	23	24	62	#
380	7283	18	19	20	21	22	23	24	25	62	#
381	7283	19	20	21	22	23	24	25	26	62	#
382	7283	20	21	22	23	24	25	26	27	62	#
383	7283	21	22	23	24	25	26	27	28	62	#
384	7283	22	23	24	25	26	27	28	29	62	#
385	7283	23	24	25	26	27	28	29	30	62	#
386	7283	24	25	26	27	28	29	30	31	62	#
387	7283	25	26	27	28	29	30	31	32	62	#
388	7283	26	27	28	29	30	31	32	33	62	#
389	7283	27	28	29	30	31	32	33	34	62	#
390	7283	28	29	30	31	32	33	34	35	62	#
391	7283	29	30	31	32	33	34	35	36	62	#
392	5827	30	31	32	33	34	35	36	37	62	#
393	5827	31	32	33	34	35	36	37	38	62	#
394	5827	32	33	34	35	36	37	38	39	62	#
395	5827	33	34	35	36	37	38	39	40	62	#
396	5827	34	35	36	37	38	39	40	41	62	#
397	5827	35	36	37	38	39	40	41	42	62	#
398	5827	36	37	38	39	40	41	42	43	62	#
399	5827	37	38	39	40	41	42	43	44	62	#
400	5827	38	39	40	41	42	43	44	45	62	#
401	5463	39	40	41	42	43	44	45	46	62	#
402	5463	40	41	42	43	44	45	46	47	62	#
403	5463	41	42	43	44	45	46	47	48	62	#
404	1209	0	63	#
405	1209	1	63	#
406	1209	2	63	#
407	1209	3	63	#
408	1209	4	63	#
409	99	5	63	#
410	99	6	63	#
411	99	7	63	#
412	99	8	63	#
413	99	9	63	#
414	99	10	63	#
415	99	11	63	#
416	99	12	63	#
417	99	13	63	#
418	99	14	63	#
419	99	15	63	#
420	99	16	63	#
421	99	17	63	#
422	99	18	63	#
423	99	19	63	#
424	99	20	63	#
425	99	21	63	#
426	99	22	63	#
427	99	23	63	#
428	99	24	63	#
429	99	25	63	#
430	99	26	63	#
431	99	27	63	#
432	99	28	63	#
433	99	29	63	#
434	99	30	63	#
435	99	31	63	#
436	99	32	63	#
437	99	33	63	#
438	99	34	63	#
439	99	35	63	#
440	99	36	63	#
441	99	37	63	#
442	99	38	63	#
443	99	39	63	#
444	99	40	63	#
445	99	41	63	#
446	99	42	63	#
447	99	43	63	#
448	99	44	63	#
449	99	45	63	#
450	99	46	63	#
451	99	47	63	#
452	99	48	63	#
453	99	49	63	#
454	3912	0	1	2	3	4	64	#
455	3912	1	2	3	4	5	64	#
456	3912	2	3	4	5	6	64	#
457	3912	3	4	5	6	7	64	#
458	3912	4	5	6	7	8	64	#
459	3912	5	6	7	8	9	64	#
460	3912	6	7	8	9	10	64	#
461	3912	7	8	9	10	11	64	#
462	3912	8	9	10	11	12	64	#
463	1381	9	10	11	12	13	64	#
464	1381	10	11	12	13	14	64	#
465	1381	11	12	13	14	15	64	#
466	1381	12	13	14	15	16	64	#
467	1381	13	14	15	16	17	64	#
468	1381	14	15	16	17	18	64	#
469	1381	15	16	17	18	19	64	#
470	1381	16	17	18	19	20	64	#
471	1381	17	18	19	20	21	64	#
472	1381	18	19	20	21	22	64	#
473	1381	19	20	21	22	23	64	#
474	1381	20	21	22	23	24	64	#
475	1381	21	22	23	24	25	64	#
476	1381	22	23	24	25	26	64	#
477	1381	23	24	25	26	27	64	#
478	1381	24	25	26	27	28	64	#
479	1381	25	26	27	28	29	64	#
480	1381	26	27	28	29	30	64	#
481	1381	27	28	29	30	31	64	#
482	1381	28	29	30	31	32	64	#
483	1381	29	30	31	32	33	64	#
484	1381	30	31	32	33	34	64	#
485	1067	31	32	33	34	35	64	#
486	1067	32	33	34	35	36	64	#
487	1067	33	34	35	36	37	64	#
488	1067	34	35	36	37	38	64	#
489	1067	35	36	37	38	39	64	#
490	1067	36	37	38	39	40	64	#
491	1067	37	38	39	40	41	64	#
492	1067	38	39	40	41	42	64	#
493	1067	39	40	41	42	43	64	#
494	1067	40	41	42	43	44	64	#
495	7551	0	1	2	3	4	5	65	#
496	7551	1	2	3	4	5	6	65	#
497	2955	0	1	2	66	#
498	2955	1	2	3	66	#
499	2955	2	3	4	66	#
500	2955	3	4	5	66	#
501	2955	4	5	6	66	#
502	2955	5	6	7	66	#
503	2955	6	7	8	66	#
504	2955	7	8	9	66	#
505	2955	8	9	10	66	#
506	2955	9	10	11	66	#
507	2955	10	11	12	66	#
508	2955	11	12	13	66	#
509	2955	12	13	14	66	#
510	2955	13	14	15	66	#
511	2955	14	15	16	66	#
512	2955	15	16	17	66	#
513	2955	16	17	18	66	#
514	2955	17	18	19	66	#
515	2955	18	19	20	66	#
516	2955	19	20	21	66	#
517	2955	20	21	22	66	#
518	2955	21	22	23	66	#
519	2955	22	23	24	66	#
520	2955	23	24	25	66	#
521	2955	24	25	26	66	#
522	2955	25	26	27	66	#
523	2955	26	27	28	66	#
524	2955	27	28	29	66	#
525	2955	28	29	30	66	#
526	2955	29	30	31	66	#
527	2955	30	31	32	66	#
528	2955	31	32	33	66	#
529	2955	32	33	34	66	#
530	2955	33	34	35	66	#
531	2463	34	35	36	66	#
532	2463	35	36	37	66	#
533	2463	36	37	38	66	#
534	2463	37	38	39	66	#
535	2463	38	39	40	66	#
536	2463	39	40	41	66	#
537	2463	40	41	42	66	#
538	2351	41	42	43	66	#
539	2351	42	43	44	66	#
540	2111	43	44	45	66	#
541	2111	44	45	46	66	#
542	2111	45	46	47	66	#
543	2111	46	47	48	66	#
544	2111	47	48	49	66	#
545	947	0	67	#
546	947	1	67	#
547	947	2	67	#
548	947	3	67	#
549	947	4	67	#
550	947	5	67	#
551	947	6	67	#
552	947	7	67	#
553	947	8	67	#
554	947	9	67	#
555	947	10	67	#
556	947	11	67	#
557	947	12	67	#
558	8467	0	1	2	3	4	5	6	7	8	9	68	#
559	8467	1	2	3	4	5	6	7	8	9	10	68	#
560	8467	2	3	4	5	6	7	8	9	10	11	68	#
561	8467	3	4	5	6	7	8	9	10	11	12	68	#
562	8467	4	5	6	7	8	9	10	11	12	13	68	#
563	8467	5	6	7	8	9	10	11	12	13	14	68	#
564	11050	0	1	2	3	4	5	6	69	#
565	11050	1	2	3	4	5	6	7	69	#
566	11050	2	3	4	5	6	7	8	69	#
567	11050	3	4	5	6	7	8	9	69	#
568	11050	4	5	6	7	8	9	10	69	#
569	11050	5	6	7	8	9	10	11	69	#
570	11050	6	7	8	9	10	11	12	69	#
571	11050	7	8	9	10	11	12	13	69	#
572	11050	8	9	10	11	12	13	14	69	#
573	11050	9	10	11	12	13	14	15	69	#
574	11050	10	11	12	13	14	15	16	69	#
575	11050	11	12	13	14	15	16	17	69	#
576	11050	12	13	14	15	16	17	18	69	#
577	11050	13	14	15	16	17	18	19	69	#
578	11050	14	15	16	17	18	19	20	69	#
579	11050	15	16	17	18	19	20	21	69	#
580	11050	16	17	18	19	20	21	22	69	#
581	11050	17	18	19	20	21	22	23	69	#
582	11050	18	19	20	21	22	23	24	69	#
583	11050	19	20	21	22	23	24	25	69	#
584	11050	20	21	22	23	24	25	26	69	#
585	11050	21	22	23	24	25	26	27	69	#
586	11050	22	23	24	25	26	27	28	69	#
587	6595	0	1	2	3	70	#
588	6595	1	2	3	4	70	#
589	6595	2	3	4	5	70	#
590	6595	3	4	5	6	70	#
591	6595	4	5	6	7	70	#
592	6595	5	6	7	8	70	#
593	6595	6	7	8	9	70	#
594	6595	7	8	9	10	70	#
595	6595	8	9	10	11	70	#
596	6595	9	10	11	12	70	#
597	6595	10	11	12	13	70	#
598	6595	11	12	13	14	70	#
599	6595	12	13	14	15	70	#
600	2301	13	14	15	16	70	#
601	2301	14	15	16	17	70	#
602	2301	15	16	17	18	70	#
603	2301	16	17	18	19	70	#
604	2301	17	18	19	20	70	#
605	2301	18	19	20	21	70	#
606	2301	19	20	21	22	70	#
607	2301	20	21	22	23	70	#
608	2301	21	22	23	24	70	#
609	2301	22	23	24	25	70	#
610	2301	23	24	25	26	70	#
611	2301	24	25	26	27	70	#
612	2301	25	26	27	28	70	#
613	2301	26	27	28	29	70	#
614	2301	27	28	29	30	70	#
615	2301	28	29	30	31	70	#
616	2301	29	30	31	32	70	#
617	2301	30	31	32	33	70	#
618	2301	31	32	33	34	70	#
619	2301	32	33	34	35	70	#
620	2301	33	34	35	36	70	#
621	2301	34	35	36	37	70	#
622	2301	35	36	37	38	70	#
623	2301	36	37	38	39	70	#
624	2301	37	38	39	40	70	#
625	2301	38	39	40	41	70	#
626	2301	39	40	41	42	70	#
627	2301	40	41	42	43	70	#
628	2248	41	42	43	44	70	#
629	2105	42	43	44	45	70	#
630	2105	43	44	45	46	70	#
631	2105	44	45	46	47	70	#
632	4171	0	1	2	71	#
633	4171	1	2	3	71	#
634	4171	2	3	4	71	#
635	4171	3	4	5	71	#
636	4171	4	5	6	71	#
637	4171	5	6	7	71	#
638	4171	6	7	8	71	#
639	4171	7	8	9	71	#
640	4171	8	9	10	71	#
641	4171	9	10	11	71	#
642	4171	10	11	12	71	#
643	4171	11	12	13	71	#
644	4171	12	13	14	71	#
645	4171	13	14	15	71	#
646	4171	14	15	16	71	#
647	4171	15	16	17	71	#
648	4171	16	17	18	71	#
649	4171	17	18	19	71	#
650	4171	18	19	20	71	#
651	4171	19	20	21	71	#
652	4171	20	21	22	71	#
653	4171	21	22	23	71	#
654	2943	0	1	72	#
655	2943	1	2	72	#
656	2943	2	3	72	#
657	2943	3	4	72	#
658	2943	4	5	72	#
659	2943	5	6	72	#
660	2943	6	7	72	#
661	2943	7	8	72	#
662	2943	8	9	72	#
663	2943	9	10	72	#
664	2943	10	11	72	#
665	2943	11	12	72	#
666	2943	12	13	72	#
667	2943	13	14	72	#
668	2943	14	15	72	#
669	2943	15	16	72	#
670	2943	16	17	72	#
671	2943	17	18	72	#
672	2943	18	19	72	#
673	2943	19	20	72	#
674	2943	20	21	72	#
675	2943	21	22	72	#
676	2943	22	23	72	#
677	6219	0	1	2	3	73	#
678	6219	1	2	3	4	73	#
679	565	2	3	4	5	73	#
680	565	3	4	5	6	73	#
681	565	4	5	6	7	73	#
682	565	5	6	7	8	73	#
683	565	6	7	8	9	73	#
684	565	7	8	9	10	73	#
685	565	8	9	10	11	73	#
686	565	9	10	11	12	73	#
687	565	10	11	12	13	73	#
688	565	11	12	13	14	73	#
689	565	12	13	14	15	73	#
690	565	13	14	15	16	73	#
691	565	14	15	16	17	73	#
692	565	15	16	17	18	73	#
693	565	16	17	18	19	73	#
694	565	17	18	19	20	73	#
695	565	18	19	20	21	73	#
696	565	19	20	21	22	73	#
697	565	20	21	22	23	73	#
698	565	21	22	23	24	73	#
699	565	22	23	24	25	73	#
700	565	23	24	25	26	73	#
701	565	24	25	26	27	73	#
702	565	25	26	27	28	73	#
703	565	26	27	28	29	73	#
704	565	27	28	29	30	73	#
705	565	28	29	30	31	73	#
706	565	29	30	31	32	73	#
707	565	30	31	32	33	73	#
708	565	31	32	33	34	73	#
709	565	32	33	34	35	73	#
710	565	33	34	35	36	73	#
711	565	34	35	36	37	73	#
712	565	35	36	37	38	73	#
713	565	36	37	38	39	73	#
714	565	37	38	39	40	73	#
715	565	38	39	40	41	73	#
716	565	39	40	41	42	73	#
717	565	40	41	42	43	73	#
718	565	41	42	43	44	73	#
719	518	42	43	44	45	73	#
720	518	43	44	45	46	73	#
721	518	44	45	46	47	73	#
722	518	45	46	47	48	73	#
723	508	46	47	48	49	73	#
724	5173	0	1	2	3	4	5	6	74	#
725	5173	1	2	3	4	5	6	7	74	#
726	5173	2	3	4	5	6	7	8	74	#
727	5173	3	4	5	6	7	8	9	74	#
728	5173	4	5	6	7	8	9	10	74	#
729	5173	5	6	7	8	9	10	11	74	#
730	5173	6	7	8	9	10	11	12	74	#
731	5173	7	8	9	10	11	12	13	74	#
732	5173	8	9	10	11	12	13	14	74	#
733	5173	9	10	11	12	13	14	15	74	#
734	5173	10	11	12	13	14	15	16	74	#
735	5173	11	12	13	14	15	16	17	74	#
736	5173	12	13	14	15	16	17	18	74	#
737	5173	13	14	15	16	17	18	19	74	#
738	5173	14	15	16	17	18	19	20	74	#
739	5173	15	16	17	18	19	20	21	74	#
740	5173	16	17	18	19	20	21	22	74	#
741	5173	17	18	19	20	21	22	23	74	#
742	5173	18	19	20	21	22	23	24	74	#
743	5173	19	20	21	22	23	24	25	74	#
744	5173	20	21	22	23	24	25	26	74	#
745	5173	21	22	23	24	25	26	27	74	#
746	5173	22	23	24	25	26	27	28	74	#
747	5173	23	24	25	26	27	28	29	74	#
748	5173	24	25	26	27	28	29	30	74	#
749	5173	25	26	27	28	29	30	31	74	#
750	5173	26	27	28	29	30	31	32	74	#
751	5173	27	28	29	30	31	32	33	74	#
752	5173	28	29	30	31	32	33	34	74	#
753	5173	29	30	31	32	33	34	35	74	#
754	5173	30	31	32	33	34	35	36	74	#
755	5173	31	32	33	34	35	36	37	74	#
756	5173	32	33	34	35	36	37	38	74	#
757	5173	33	34	35	36	37	38	39	74	#
758	5173	34	35	36	37	38	39	40	74	#
759	5173	35	36	37	38	39	40	41	74	#
760	5173	36	37	38	39	40	41	42	74	#
761	5173	37	38	39	40	41	42	43	74	#
762	5173	38	39	40	41	42	43	44	74	#
763	5173	39	40	41	42	43	44	45	74	#
764	5173	40	41	42	43	44	45	46	74	#
765	4856	41	42	43	44	45	46	47	74	#
766	4856	42	43	44	45	46	47	48	74	#
767	4856	43	44	45	46	47	48	49	74	#
768	6162	0	1	2	3	4	75	#
769	6162	1	2	3	4	5	75	#
770	6162	2	3	4	5	6	75	#
771	6162	3	4	5	6	7	75	#
772	6162	4	5	6	7	8	75	#
773	6162	5	6	7	8	9	75	#
774	6162	6	7	8	9	10	75	#
775	6162	7	8	9	10	11	75	#
776	6162	8	9	10	11	12	75	#
777	6162	9	10	11	12	13	75	#
778	6162	10	11	12	13	14	75	#
779	6162	11	12	13	14	15	75	#
780	6162	12	13	14	15	16	75	#
781	6162	13	14	15	16	17	75	#
782	6162	14	15	16	17	18	75	#
783	6162	15	16	17	18	19	75	#
784	6162	16	17	18	19	20	75	#
785	6162	17	18	19	20	21	75	#
786	6162	18	19	20	21	22	75	#
787	6162	19	20	21	22	23	75	#
788	6162	20	21	22	23	24	75	#
789	6162	21	22	23	24	25	75	#
790	6162	22	23	24	25	26	75	#
791	6162	23	24	25	26	27	75	#
792	6162	24	25	26	27	28	75	#
793	5950	25	26	27	28	29	75	#
794	1328	0	1	76	#
795	1328	1	2	76	#
796	1328	2	3	76	#
797	1328	3	4	76	#
798	1328	4	5	76	#
799	1328	5	6	76	#
800	1328	6	7	76	#
801	1328	7	8	76	#
802	1328	8	9	76	#
803	1328	9	10	76	#
804	1328	10	11	76	#
805	1328	11	12	76	#
806	1328	12	13	76	#
807	1328	13	14	76	#
808	1328	14	15	76	#
809	1328	15	16	76	#
810	1328	16	17	76	#
811	1328	17	18	76	#
812	1328	18	19	76	#
813	1328	19	20	76	#
814	1328	20	21	76	#
815	1328	21	22	76	#
816	1328	22	23	76	#
817	1328	23	24	76	#
818	1328	24	25	76	#
819	1328	25	26	76	#
820	1328	26	27	76	#
821	1328	27	28	76	#
822	1328	28	29	76	#
823	1328	29	30	76	#
824	1328	30	31	76	#
825	1328	31	32	76	#
826	1328	32	33	76	#
827	1328	33	34	76	#
828	20322	0	1	2	3	4	5	6	7	8	77	#
829	20322	1	2	3	4	5	6	7	8	9	77	#
830	20322	2	3	4	5	6	7	8	9	10	77	#
831	20322	3	4	5	6	7	8	9	10	11	77	#
832	20322	4	5	6	7	8	9	10	11	12	77	#
833	20322	5	6	7	8	9	10	11	12	13	77	#
834	20322	6	7	8	9	10	11	12	13	14	77	#
835	20322	7	8	9	10	11	12	13	14	15	77	#
836	20322	8	9	10	11	12	13	14	15	16	77	#
837	20322	9	10	11	12	13	14	15	16	17	77	#
838	20322	10	11	12	13	14	15	16	17	18	77	#
839	20322	11	12	13	14	15	16	17	18	19	77	#
840	2682	0	1	78	#
841	2682	1	2	78	#
842	2682	2	3	78	#
843	2682	3	4	78	#
844	2682	4	5	78	#
845	2682	5	6	78	#
846	2682	6	7	78	#
847	2682	7	8	78	#
848	2682	8	9	78	#
849	2682	9	10	78	#
850	2682	10	11	78	#
851	2682	11	12	78	#
852	2682	12	13	78	#
853	2682	13	14	78	#
854	2682	14	15	78	#
855	2682	15	16	78	#
856	2682	16	17	78	#
857	2682	17	18	78	#
858	2682	18	19	78	#
859	2682	19	20	78	#
860	16606	0	1	2	3	4	5	6	7	8	9	79	#
861	16606	1	2	3	4	5	6	7	8	9	10	79	#
862	16606	2	3	4	5	6	7	8	9	10	11	79	#
863	16606	3	4	5	6	7	8	9	10	11	12	79	#
864	16606	4	5	6	7	8	9	10	11	12	13	79	#
865	16606	5	6	7	8	9	10	11	12	13	14	79	#
866	16606	6	7	8	9	10	11	12	13	14	15	79	#
867	16606	7	8	9	10	11	12	13	14	15	16	79	#
868	16606	8	9	10	11	12	13	14	15	16	17	79	#
869	16606	9	10	11	12	13	14	15	16	17	18	79	#
870	16606	10	11	12	13	14	15	16	17	18	19	79	#
871	16606	11	12	13	14	15	16	17	18	19	20	79	#
872	16606	12	13	14	15	16	17	18	19	20	21	79	#
873	16606	13	14	15	16	17	18	19	20	21	22	79	#
874	16606	14	15	16	17	18	19	20	21	22	23	79	#
875	16606	15	16	17	18	19	20	21	22	23	24	79	#
876	16606	16	17	18	19	20	21	22	23	24	25	79	#
877	16606	17	18	19	20	21	22	23	24	25	26	79	#
878	16606	18	19	20	21	22	23	24	25	26	27	79	#
879	16606	19	20	21	22	23	24	25	26	27	28	79	#
880	16606	20	21	22	23	24	25	26	27	28	29	79	#
881	16606	21	22	23	24	25	26	27	28	29	30	79	#
882	16606	22	23	24	25	26	27	28	29	30	31	79	#
883	16606	23	24	25	26	27	28	29	30	31	32	79	#
884	16606	24	25	26	27	28	29	30	31	32	33	79	#
885	16606	25	26	27	28	29	30	31	32	33	34	79	#
886	16606	26	27	28	29	30	31	32	33	34	35	79	#
887	16606	27	28	29	30	31	32	33	34	35	36	79	#
888	16606	28	29	30	31	32	33	34	35	36	37	79	#
889	16606	29	30	31	32	33	34	35	36	37	38	79	#
890	16606	30	31	32	33	34	35	36	37	38	39	79	#
891	16606	31	32	33	34	35	36	37	38	39	40	79	#
892	16606	32	33	34	35	36	37	38	39	40	41	79	#
893	16606	33	34	35	36	37	38	39	40	41	42	79	#
894	16606	34	35	36	37	38	39	40	41	42	43	79	#
895	16606	35	36	37	38	39	40	41	42	43	44	79	#
896	16606	36	37	38	39	40	41	42	43	44	45	79	#
897	16606	37	38	39	40	41	42	43	44	45	46	79	#
898	16606	38	39	40	41	42	43	44	45	46	47	79	#
899	15928	39	40	41	42	43	44	45	46	47	48	79	#
900	15928	40	41	42	43	44	45	46	47	48	49	79	#
901	2056	0	1	2	80	#
902	2056	1	2	3	80	#
903	2056	2	3	4	80	#
904	2056	3	4	5	80	#
905	2056	4	5	6	80	#
906	2056	5	6	7	80	#
907	2056	6	7	8	80	#
908	2056	7	8	9	80	#
909	2056	8	9	10	80	#
910	2056	9	10	11	80	#
911	2056	10	11	12	80	#
912	2056	11	12	13	80	#
913	2056	12	13	14	80	#
914	2056	13	14	15	80	#
915	2056	14	15	16	80	#
916	2056	15	16	17	80	#
917	2056	16	17	18	80	#
918	2056	17	18	19	80	#
919	2056	18	19	20	80	#
920	2056	19	20	21	80	#
921	2056	20	21	22	80	#
922	2056	21	22	23	80	#
923	2056	22	23	24	80	#
924	2056	23	24	25	80	#
925	2056	24	25	26	80	#
926	2056	25	26	27	80	#
927	2056	26	27	28	80	#
928	2056	27	28	29	80	#
929	2056	28	29	30	80	#
930	2056	29	30	31	80	#
931	2056	30	31	32	80	#
932	2056	31	32	33	80	#
933	1740	32	33	34	80	#
934	1740	33	34	35	80	#
935	1740	34	35	36	80	#
936	1740	35	36	37	80	#
937	1740	36	37	38	80	#
938	1740	37	38	39	80	#
939	1542	38	39	40	80	#
940	1542	39	40	41	80	#
941	1542	40	41	42	80	#
942	1542	41	42	43	80	#
943	1542	42	43	44	80	#
944	6419	0	1	2	3	4	5	81	#
945	6419	1	2	3	4	5	6	81	#
946	6419	2	3	4	5	6	7	81	#
947	6419	3	4	5	6	7	8	81	#
948	6419	4	5	6	7	8	9	81	#
949	6419	5	6	7	8	9	10	81	#
950	6419	6	7	8	9	10	11	81	#
951	6419	7	8	9	10	11	12	81	#
952	6419	8	9	10	11	12	13	81	#
953	6419	9	10	11	12	13	14	81	#
954	6419	10	11	12	13	14	15	81	#
955	6419	11	12	13	14	15	16	81	#
956	6419	12	13	14	15	16	17	81	#
957	6419	13	14	15	16	17	18	81	#
958	6419	14	15	16	17	18	19	81	#
959	6419	15	16	17	18	19	20	81	#
960	6419	16	17	18	19	20	21	81	#
961	6419	17	18	19	20	21	22	81	#
962	6419	18	19	20	21	22	23	81	#
963	6419	19	20	21	22	23	24	81	#
964	4531	20	21	22	23	24	25	81	#
965	4531	21	22	23	24	25	26	81	#
966	4531	22	23	24	25	26	27	81	#
967	4531	23	24	25	26	27	28	81	#
968	4531	24	25	26	27	28	29	81	#
969	4531	25	26	27	28	29	30	81	#
970	4531	26	27	28	29	30	31	81	#
971	4531	27	28	29	30	31	32	81	#
972	4531	28	29	30	31	32	33	81	#
973	4531	29	30	31	32	33	34	81	#
974	8604	0	1	2	3	4	5	6	7	8	82	#
975	8604	1	2	3	4	5	6	7	8	9	82	#
976	8604	2	3	4	5	6	7	8	9	10	82	#
977	8604	3	4	5	6	7	8	9	10	11	82	#
978	8604	4	5	6	7	8	9	10	11	12	82	#
979	8604	5	6	7	8	9	10	11	12	13	82	#
980	8604	6	7	8	9	10	11	12	13	14	82	#
981	8604	7	8	9	10	11	12	13	14	15	82	#
982	8604	8	9	10	11	12	13	14	15	16	82	#
983	8604	9	10	11	12	13	14	15	16	17	82	#
984	8604	10	11	12	13	14	15	16	17	18	82	#
985	8604	11	12	13	14	15	16	17	18	19	82	#
986	8604	12	13	14	15	16	17	18	19	20	82	#
987	8604	13	14	15	16	17	18	19	20	21	82	#
988	8604	14	15	16	17	18	19	20	21	22	82	#
989	8604	15	16	17	18	19	20	21	22	23	82	#
990	8604	16	17	18	19	20	21	22	23	24	82	#
991	8604	17	18	19	20	21	22	23	24	25	82	#
992	8604	18	19	20	21	22	23	24	25	26	82	#
993	8604	19	20	21	22	23	24	25	26	27	82	#
994	8604	20	21	22	23	24	25	26	27	28	82	#
995	8604	21	22	23	24	25	26	27	28	29	82	#
996	8604	22	23	24	25	26	27	28	29	30	82	#
997	8604	23	24	25	26	27	28	29	30	31	82	#
998	8604	24	25	26	27	28	29	30	31	32	82	#
999	8604	25	26	27	28	29	30	31	32	33	82	#
1000	8604	26	27	28	29	30	31	32	33	34	82	#
1001	8604	27	28	29	30	31	32	33	34	35	82	#
1002	8604	28	29	30	31	32	33	34	35	36	82	#
1003	6590	29	30	31	32	33	34	35	36	37	82	#
1004	6590	30	31	32	33	34	35	36	37	38	82	#
1005	6590	31	32	33	34	35	36	37	38	39	82	#
1006	6590	32	33	34	35	36	37	38	39	40	82	#
1007	6590	33	34	35	36	37	38	39	40	41	82	#
1008	6590	34	35	36	37	38	39	40	41	42	82	#
1009	6590	35	36	37	38	39	40	41	42	43	82	#
1010	6590	36	37	38	39	40	41	42	43	44	82	#
1011	6590	37	38	39	40	41	42	43	44	45	82	#
1012	6590	38	39	40	41	42	43	44	45	46	82	#
1013	6590	39	40	41	42	43	44	45	46	47	82	#
1014	10197	0	1	2	3	4	83	#
1015	10197	1	2	3	4	5	83	#
1016	10197	2	3	4	5	6	83	#
1017	10197	3	4	5	6	7	83	#
1018	10197	4	5	6	7	8	83	#
1019	10197	5	6	7	8	9	83	#
1020	10197	6	7	8	9	10	83	#
1021	10197	7	8	9	10	11	83	#
1022	10197	8	9	10	11	12	83	#
1023	10197	9	10	11	12	13	83	#
1024	10197	10	11	12	13	14	83	#
1025	10197	11	12	13	14	15	83	#
1026	10197	12	13	14	15	16	83	#
1027	10197	13	14	15	16	17	83	#
1028	10197	14	15	16	17	18	83	#
1029	10197	15	16	17	18	19	83	#
1030	10197	16	17	18	19	20	83	#
1031	10197	17	18	19	20	21	83	#
1032	10197	18	19	20	21	22	83	#
1033	10197	19	20	21	22	23	83	#
1034	10197	20	21	22	23	24	83	#
1035	10197	21	22	23	24	25	83	#
1036	10197	22	23	24	25	26	83	#
1037	10197	23	24	25	26	27	83	#
1038	10197	24	25	26	27	28	83	#
1039	10197	25	26	27	28	29	83	#
1040	10197	26	27	28	29	30	83	#
1041	10197	27	28	29	30	31	83	#
1042	10197	28	29	30	31	32	83	#
1043	10197	29	30	31	32	33	83	#
1044	10197	30	31	32	33	34	83	#
1045	10197	31	32	33	34	35	83	#
1046	10197	32	33	34	35	36	83	#
1047	9177	33	34	35	36	37	83	#
1048	9177	34	35	36	37	38	83	#
1049	9177	35	36	37	38	39	83	#
1050	9177	36	37	38	39	40	83	#
1051	7648	37	38	39	40	41	83	#
1052	7648	38	39	40	41	42	83	#
1053	7648	39	40	41	42	43	83	#
1054	7648	40	41	42	43	44	83	#
1055	7648	41	42	43	44	45	83	#
1056	7648	42	43	44	45	46	83	#
1057	7648	43	44	45	46	47	83	#
1058	7648	44	45	46	47	48	83	#
1059	7492	45	46	47	48	49	83	#
1060	21323	0	1	2	3	4	5	6	7	8	9	84	#
1061	21323	1	2	3	4	5	6	7	8	9	10	84	#
1062	21323	2	3	4	5	6	7	8	9	10	11	84	#
1063	21323	3	4	5	6	7	8	9	10	11	12	84	#
1064	21323	4	5	6	7	8	9	10	11	12	13	84	#
1065	21323	5	6	7	8	9	10	11	12	13	14	84	#
1066	21323	6	7	8	9	10	11	12	13	14	15	84	#
1067	21323	7	8	9	10	11	12	13	14	15	16	84	#
1068	21323	8	9	10	11	12	13	14	15	16	17	84	#
1069	21323	9	10	11	12	13	14	15	16	17	18	84	#
1070	21323	10	11	12	13	14	15	16	17	18	19	84	#
1071	21323	11	12	13	14	15	16	17	18	19	20	84	#
1072	21323	12	13	14	15	16	17	18	19	20	21	84	#
1073	21323	13	14	15	16	17	18	19	20	21	22	84	#
1074	21323	14	15	16	17	18	19	20	21	22	23	84	#
1075	21323	15	16	17	18	19	20	21	22	23	24	84	#
1076	21323	16	17	18	19	20	21	22	23	24	25	84	#
1077	21323	17	18	19	20	21	22	23	24	25	26	84	#
1078	21323	18	19	20	21	22	23	24	25	26	27	84	#
1079	21323	19	20	21	22	23	24	25	26	27	28	84	#
1080	21323	20	21	22	23	24	25	26	27	28	29	84	#
1081	21323	21	22	23	24	25	26	27	28	29	30	84	#
1082	21323	22	23	24	25	26	27	28	29	30	31	84	#
1083	21323	23	24	25	26	27	28	29	30	31	32	84	#
1084	21323	24	25	26	27	28	29	30	31	32	33	84	#
1085	21323	25	26	27	28	29	30	31	32	33	34	84	#
1086	21323	26	27	28	29	30	31	32	33	34	35	84	#
1087	21323	27	28	29	30	31	32	33	34	35	36	84	#
1088	21323	28	29	30	31	32	33	34	35	36	37	84	#
1089	21323	29	30	31	32	33	34	35	36	37	38	84	#
1090	21323	30	31	32	33	34	35	36	37	38	39	84	#
1091	21323	31	32	33	34	35	36	37	38	39	40	84	#
1092	932	0	85	#
1093	932	1	85	#
1094	932	2	85	#
1095	932	3	85	#
1096	932	4	85	#
1097	932	5	85	#
1098	932	6	85	#
1099	932	7	85	#
1100	932	8	85	#
1101	932	9	85	#
1102	932	10	85	#
1103	932	11	85	#
1104	932	12	85	#
1105	932	13	85	#
1106	932	14	85	#
1107	932	15	85	#
1108	932	16	85	#
1109	932	17	85	#
1110	932	18	85	#
1111	932	19	85	#
1112	932	20	85	#
1113	932	21	85	#
1114	932	22	85	#
1115	661	23	85	#
1116	661	24	85	#
1117	661	25	85	#
1118	661	26	85	#
1119	661	27	85	#
1120	661	28	85	#
1121	661	29	85	#
1122	661	30	85	#
1123	661	31	85	#
1124	569	32	85	#
1125	569	33	85	#
1126	569	34	85	#
1127	569	35	85	#
1128	569	36	85	#
1129	500	37	85	#
1130	500	38	85	#
1131	500	39	85	#
1132	500	40	85	#
1133	500	41	85	#
1134	456	42	85	#
1135	456	43	85	#
1136	456	44	85	#
1137	456	45	85	#
1138	436	46	85	#
1139	436	47	85	#
1140	427	48	85	#
1141	418	49	85	#
1142	16160	0	1	2	3	4	5	6	7	86	#
1143	16160	1	2	3	4	5	6	7	8	86	#
1144	16160	2	3	4	5	6	7	8	9	86	#
1145	16160	3	4	5	6	7	8	9	10	86	#
1146	16160	4	5	6	7	8	9	10	11	86	#
1147	16160	5	6	7	8	9	10	11	12	86	#
1148	16160	6	7	8	9	10	11	12	13	86	#
1149	16160	7	8	9	10	11	12	13	14	86	#
1150	16160	8	9	10	11	12	13	14	15	86	#
1151	16160	9	10	11	12	13	14	15	16	86	#
1152	16160	10	11	12	13	14	15	16	17	86	#
1153	16160	11	12	13	14	15	16	17	18	86	#
1154	16160	12	13	14	15	16	17	18	19	86	#
1155	16160	13	14	15	16	17	18	19	20	86	#
1156	16160	14	15	16	17	18	19	20	21	86	#
1157	16160	15	16	17	18	19	20	21	22	86	#
1158	16160	16	17	18	19	20	21	22	23	86	#
1159	16160	17	18	19	20	21	22	23	24	86	#
1160	16160	18	19	20	21	22	23	24	25	86	#
1161	16160	19	20	21	22	23	24	25	26	86	#
1162	16160	20	21	22	23	24	25	26	27	86	#
1163	16160	21	22	23	24	25	26	27	28	86	#
1164	16160	22	23	24	25	26	27	28	29	86	#
1165	16160	23	24	25	26	27	28	29	30	86	#
1166	16160	24	25	26	27	28	29	30	31	86	#
1167	16160	25	26	27	28	29	30	31	32	86	#
1168	16160	26	27	28	29	30	31	32	33	86	#
1169	16160	27	28	29	30	31	32	33	34	86	#
1170	16160	28	29	30	31	32	33	34	35	86	#
1171	16160	29	30	31	32	33	34	35	36	86	#
1172	16160	30	31	32	33	34	35	36	37	86	#
1173	16160	31	32	33	34	35	36	37	38	86	#
1174	16160	32	33	34	35	36	37	38	39	86	#
1175	16160	33	34	35	36	37	38	39	40	86	#
1176	16160	34	35	36	37	38	39	40	41	86	#
1177	16160	35	36	37	38	39	40	41	42	86	#
1178	16160	36	37	38	39	40	41	42	43	86	#
1179	14785	37	38	39	40	41	42	43	44	86	#
1180	14785	38	39	40	41	42	43	44	45	86	#
1181	14785	39	40	41	42	43	44	45	46	86	#
1182	14785	40	41	42	43	44	45	46	47	86	#
1183	3909	0	1	2	87	#
1184	3909	1	2	3	87	#
1185	3909	2	3	4	87	#
1186	3909	3	4	5	87	#
1187	3909	4	5	6	87	#
1188	3909	5	6	7	87	#
1189	3909	6	7	8	87	#
1190	3909	7	8	9	87	#
1191	3909	8	9	10	87	#
1192	3909	9	10	11	87	#
1193	3909	10	11	12	87	#
1194	3909	11	12	13	87	#
1195	3909	12	13	14	87	#
1196	3909	13	14	15	87	#
1197	3909	14	15	16	87	#
1198	3909	15	16	17	87	#
1199	3909	16	17	18	87	#
1200	7894	0	1	2	3	4	5	6	7	88	#
1201	7894	1	2	3	4	5	6	7	8	88	#
1202	7894	2	3	4	5	6	7	8	9	88	#
1203	7894	3	4	5	6	7	8	9	10	88	#
1204	7894	4	5	6	7	8	9	10	11	88	#
1205	7894	5	6	7	8	9	10	11	12	88	#
1206	7894	6	7	8	9	10	11	12	13	88	#
1207	7894	7	8	9	10	11	12	13	14	88	#
1208	7894	8	9	10	11	12	13	14	15	88	#
1209	7894	9	10	11	12	13	14	15	16	88	#
1210	7894	10	11	12	13	14	15	16	17	88	#
1211	7894	11	12	13	14	15	16	17	18	88	#
1212	7894	12	13	14	15	16	17	18	19	88	#
1213	7894	13	14	15	16	17	18	19	20	88	#
1214	7894	14	15	16	17	18	19	20	21	88	#
1215	7894	15	16	17	18	19	20	21	22	88	#
1216	7894	16	17	18	19	20	21	22	23	88	#
1217	7894	17	18	19	20	21	22	23	24	88	#
1218	7894	18	19	20	21	22	23	24	25	88	#
1219	7894	19	20	21	22	23	24	25	26	88	#
1220	7894	20	21	22	23	24	25	26	27	88	#
1221	7894	21	22	23	24	25	26	27	28	88	#
1222	7894	22	23	24	25	26	27	28	29	88	#
1223	7894	23	24	25	26	27	28	29	30	88	#
1224	7894	24	25	26	27	28	29	30	31	88	#
1225	7894	25	26	27	28	29	30	31	32	88	#
1226	7894	26	27	28	29	30	31	32	33	88	#
1227	7894	27	28	29	30	31	32	33	34	88	#
1228	7894	28	29	30	31	32	33	34	35	88	#
1229	7894	29	30	31	32	33	34	35	36	88	#
1230	7894	30	31	32	33	34	35	36	37	88	#
1231	6085	31	32	33	34	35	36	37	38	88	#
1232	6085	32	33	34	35	36	37	38	39	88	#
1233	6085	33	34	35	36	37	38	39	40	88	#
1234	6085	34	35	36	37	38	39	40	41	88	#
1235	6085	35	36	37	38	39	40	41	42	88	#
1236	6085	36	37	38	39	40	41	42	43	88	#
1237	6085	37	38	39	40	41	42	43	44	88	#
1238	6085	38	39	40	41	42	43	44	45	88	#
1239	6085	39	40	41	42	43	44	45	46	88	#
1240	6085	40	41	42	43	44	45	46	47	88	#
1241	6085	41	42	43	44	45	46	47	48	88	#
1242	5961	42	43	44	45	46	47	48	49	88	#
1243	2850	0	1	2	89	#
1244	2850	1	2	3	89	#
1245	2850	2	3	4	89	#
1246	2850	3	4	5	89	#
1247	2850	4	5	6	89	#
1248	2850	5	6	7	89	#
1249	2850	6	7	8	89	#
1250	2850	7	8	9	89	#
1251	2850	8	9	10	89	#
1252	2850	9	10	11	89	#
1253	2850	10	11	12	89	#
1254	2850	11	12	13	89	#
1255	2850	12	13	14	89	#
1256	2850	13	14	15	89	#
1257	2850	14	15	16	89	#
1258	2850	15	16	17	89	#
1259	2850	16	17	18	89	#
1260	2850	17	18	19	89	#
1261	2850	18	19	20	89	#
1262	2850	19	20	21	89	#
1263	2394	20	21	22	89	#
1264	2394	21	22	23	89	#
1265	2394	22	23	24	89	#
1266	2394	23	24	25	89	#
1267	1425	24	25	26	89	#
1268	1425	25	26	27	89	#
1269	1425	26	27	28	89	#
1270	1425	27	28	29	89	#
1271	1425	28	29	30	89	#
1272	1425	29	30	31	89	#
1273	1425	30	31	32	89	#
1274	1425	31	32	33	89	#
1275	1425	32	33	34	89	#
1276	1425	33	34	35	89	#
1277	1425	34	35	36	89	#
1278	1425	35	36	37	89	#
1279	1425	36	37	38	89	#
1280	1425	37	38	39	89	#
1281	1425	38	39	40	89	#
1282	1425	39	40	41	89	#
1283	1425	40	41	42	89	#
1284	1247	41	42	43	89	#
1285	1247	42	43	44	89	#
1286	1247	43	44	45	89	#
1287	1247	44	45	46	89	#
1288	1247	45	46	47	89	#
1289	1247	46	47	48	89	#
1290	3327	0	1	2	90	#
1291	3327	1	2	3	90	#
1292	3327	2	3	4	90	#
1293	3327	3	4	5	90	#
1294	3327	4	5	6	90	#
1295	3327	5	6	7	90	#
1296	3327	6	7	8	90	#
1297	3327	7	8	9	90	#
1298	3327	8	9	10	90	#
1299	3327	9	10	11	90	#
1300	3327	10	11	12	90	#
1301	3327	11	12	13	90	#
1302	3327	12	13	14	90	#
1303	3327	13	14	15	90	#
1304	3327	14	15	16	90	#
1305	3327	15	16	17	90	#
1306	3327	16	17	18	90	#
1307	3327	17	18	19	90	#
1308	3327	18	19	20	90	#
1309	3327	19	20	21	90	#
1310	3327	20	21	22	90	#
1311	3327	21	22	23	90	#
1312	3327	22	23	24	90	#
1313	3327	23	24	25	90	#
1314	3327	24	25	26	90	#
1315	3327	25	26	27	90	#
1316	3327	26	27	28	90	#
1317	3327	27	28	29	90	#
1318	3327	28	29	30	90	#
1319	3327	29	30	31	90	#
1320	3327	30	31	32	90	#
1321	3327	31	32	33	90	#
1322	3327	32	33	34	90	#
1323	3176	0	1	91	#
1324	3176	1	2	91	#
1325	3176	2	3	91	#
1326	3176	3	4	91	#
1327	3176	4	5	91	#
1328	3176	5	6	91	#
1329	3176	6	7	91	#
1330	3176	7	8	91	#
1331	3176	8	9	91	#
1332	3176	9	10	91	#
1333	3176	10	11	91	#
1334	3176	11	12	91	#
1335	3176	12	13	91	#
1336	3176	13	14	91	#
1337	3176	14	15	91	#
1338	3176	15	16	91	#
1339	3176	16	17	91	#
1340	3176	17	18	91	#
1341	3176	18	19	91	#
1342	3176	19	20	91	#
1343	3176	20	21	91	#
1344	3176	21	22	91	#
1345	3176	22	23	91	#
1346	3176	23	24	91	#
1347	3176	24	25	91	#
1348	3176	25	26	91	#
1349	3176	26	27	91	#
1350	3176	27	28	91	#
1351	3176	28	29	91	#
1352	2247	29	30	91	#
1353	2247	30	31	91	#
1354	2247	31	32	91	#
1355	2247	32	33	91	#
1356	2247	33	34	91	#
1357	2247	34	35	91	#
1358	2247	35	36	91	#
1359	2247	36	37	91	#
1360	2247	37	38	91	#
1361	2247	38	39	91	#
1362	2247	39	40	91	#
1363	2247	40	41	91	#
1364	2193	41	42	91	#
1365	1960	42	43	91	#
1366	1960	43	44	91	#
1367	1960	44	45	91	#
1368	1960	45	46	91	#
1369	1960	46	47	91	#
1370	1919	47	48	91	#
1371	1880	48	49	91	#
1372	5461	0	1	2	3	4	5	6	92	#
1373	5461	1	2	3	4	5	6	7	92	#
1374	5461	2	3	4	5	6	7	8	92	#
1375	5461	3	4	5	6	7	8	9	92	#
1376	5461	4	5	6	7	8	9	10	92	#
1377	5461	5	6	7	8	9	10	11	92	#
1378	5461	6	7	8	9	10	11	12	92	#
1379	5461	7	8	9	10	11	12	13	92	#
1380	5461	8	9	10	11	12	13	14	92	#
1381	5461	9	10	11	12	13	14	15	92	#
1382	5461	10	11	12	13	14	15	16	92	#
1383	5461	11	12	13	14	15	16	17	92	#
1384	5461	12	13	14	15	16	17	18	92	#
1385	5461	13	14	15	16	17	18	19	92	#
1386	5461	14	15	16	17	18	19	20	92	#
1387	5461	15	16	17	18	19	20	21	92	#
1388	5461	16	17	18	19	20	21	22	92	#
1389	5461	17	18	19	20	21	22	23	92	#
1390	5461	18	19	20	21	22	23	24	92	#
1391	5461	19	20	21	22	23	24	25	92	#
1392	5461	20	21	22	23	24	25	26	92	#
1393	5461	21	22	23	24	25	26	27	92	#
1394	5461	22	23	24	25	26	27	28	92	#
1395	5461	23	24	25	26	27	28	29	92	#
1396	5461	24	25	26	27	28	29	30	92	#
1397	5461	25	26	27	28	29	30	31	92	#
1398	5461	26	27	28	29	30	31	32	92	#
1399	5461	27	28	29	30	31	32	33	92	#
1400	5461	28	29	30	31	32	33	34	92	#
1401	5461	29	30	31	32	33	34	35	92	#
1402	5461	30	31	32	33	34	35	36	92	#
1403	5461	31	32	33	34	35	36	37	92	#
1404	5461	32	33	34	35	36	37	38	92	#
1405	5061	33	34	35	36	37	38	39	92	#
1406	5061	34	35	36	37	38	39	40	92	#
1407	5061	35	36	37	38	39	40	41	92	#
1408	19894	0	1	2	3	4	5	6	7	8	9	93	#
1409	9947	1	2	3	4	5	6	7	8	9	10	93	#
1410	9947	2	3	4	5	6	7	8	9	10	11	93	#
1411	9947	3	4	5	6	7	8	9	10	11	12	93	#
1412	9947	4	5	6	7	8	9	10	11	12	13	93	#
1413	9947	5	6	7	8	9	10	11	12	13	14	93	#
1414	9947	6	7	8	9	10	11	12	13	14	15	93	#
1415	9947	7	8	9	10	11	12	13	14	15	16	93	#
1416	9947	8	9	10	11	12	13	14	15	16	17	93	#
1417	9947	9	10	11	12	13	14	15	16	17	18	93	#
1418	3892	10	11	12	13	14	15	16	17	18	19	93	#
1419	3892	11	12	13	14	15	16	17	18	19	20	93	#
1420	3892	12	13	14	15	16	17	18	19	20	21	93	#
1421	3892	13	14	15	16	17	18	19	20	21	22	93	#
1422	3892	14	15	16	17	18	19	20	21	22	23	93	#
1423	3892	15	16	17	18	19	20	21	22	23	24	93	#
1424	3892	16	17	18	19	20	21	22	23	24	25	93	#
1425	3892	17	18	19	20	21	22	23	24	25	26	93	#
1426	3892	18	19	20	21	22	23	24	25	26	27	93	#
1427	3892	19	20	21	22	23	24	25	26	27	28	93	#
1428	3892	20	21	22	23	24	25	26	27	28	29	93	#
1429	3892	21	22	23	24	25	26	27	28	29	30	93	#
1430	3892	22	23	24	25	26	27	28	29	30	31	93	#
1431	3892	23	24	25	26	27	28	29	30	31	32	93	#
1432	3892	24	25	26	27	28	29	30	31	32	33	93	#
1433	3892	25	26	27	28	29	30	31	32	33	34	93	#
1434	3892	26	27	28	29	30	31	32	33	34	35	93	#
1435	3892	27	28	29	30	31	32	33	34	35	36	93	#
1436	3892	28	29	30	31	32	33	34	35	36	37	93	#
1437	3892	29	30	31	32	33	34	35	36	37	38	93	#
1438	3892	30	31	32	33	34	35	36	37	38	39	93	#
1439	3892	31	32	33	34	35	36	37	38	39	40	93	#
1440	3892	32	33	34	35	36	37	38	39	40	41	93	#
1441	3892	33	34	35	36	37	38	39	40	41	42	93	#
1442	3892	34	35	36	37	38	39	40	41	42	43	93	#
1443	3892	35	36	37	38	39	40	41	42	43	44	93	#
1444	3892	36	37	38	39	40	41	42	43	44	45	93	#
1445	3892	37	38	39	40	41	42	43	44	45	46	93	#
1446	5606	0	1	2	3	94	#
1447	5606	1	2	3	4	94	#
1448	5606	2	3	4	5	94	#
1449	5606	3	4	5	6	94	#
1450	5606	4	5	6	7	94	#
1451	5606	5	6	7	8	94	#
1452	5606	6	7	8	9	94	#
1453	5606	7	8	9	10	94	#
1454	12135	0	1	2	3	4	5	95	#
1455	12135	1	2	3	4	5	6	95	#
1456	12135	2	3	4	5	6	7	95	#
1457	12135	3	4	5	6	7	8	95	#
1458	12135	4	5	6	7	8	9	95	#
1459	12135	5	6	7	8	9	10	95	#
1460	12135	6	7	8	9	10	11	95	#
1461	12135	7	8	9	10	11	12	95	#
1462	12135	8	9	10	11	12	13	95	#
1463	12135	9	10	11	12	13	14	95	#
1464	12135	10	11	12	13	14	15	95	#
1465	12135	11	12	13	14	15	16	95	#
1466	12135	12	13	14	15	16	17	95	#
1467	5576	13	14	15	16	17	18	95	#
1468	5576	14	15	16	17	18	19	95	#
1469	5576	15	16	17	18	19	20	95	#
1470	5576	16	17	18	19	20	21	95	#
1471	5576	17	18	19	20	21	22	95	#
1472	5576	18	19	20	21	22	23	95	#
1473	5576	19	20	21	22	23	24	95	#
1474	5576	20	21	22	23	24	25	95	#
1475	5576	21	22	23	24	25	26	95	#
1476	5576	22	23	24	25	26	27	95	#
1477	5576	23	24	25	26	27	28	95	#
1478	5576	24	25	26	27	28	29	95	#
1479	5576	25	26	27	28	29	30	95	#
1480	5576	26	27	28	29	30	31	95	#
1481	5576	27	28	29	30	31	32	95	#
1482	5576	28	29	30	31	32	33	95	#
1483	5576	29	30	31	32	33	34	95	#
1484	5576	30	31	32	33	34	35	95	#
1485	5576	31	32	33	34	35	36	95	#
1486	5576	32	33	34	35	36	37	95	#
1487	5157	33	34	35	36	37	38	95	#
1488	5157	34	35	36	37	38	39	95	#
1489	5157	35	36	37	38	39	40	95	#
1490	4584	36	37	38	39	40	41	95	#
1491	4584	37	38	39	40	41	42	95	#
1492	4584	38	39	40	41	42	43	95	#
1493	4584	39	40	41	42	43	44	95	#
1494	4584	40	41	42	43	44	45	95	#
1495	6604	0	1	2	3	4	5	96	#
1496	6604	1	2	3	4	5	6	96	#
1497	6604	2	3	4	5	6	7	96	#
1498	6604	3	4	5	6	7	8	96	#
1499	6604	4	5	6	7	8	9	96	#
1500	6604	5	6	7	8	9	10	96	#
1501	6604	6	7	8	9	10	11	96	#
1502	6053	7	8	9	10	11	12	96	#
1503	2201	8	9	10	11	12	13	96	#
1504	2201	9	10	11	12	13	14	96	#
1505	2201	10	11	12	13	14	15	96	#
1506	2201	11	12	13	14	15	16	96	#
1507	2201	12	13	14	15	16	17	96	#
1508	2201	13	14	15	16	17	18	96	#
1509	2201	14	15	16	17	18	19	96	#
1510	2201	15	16	17	18	19	20	96	#
1511	2201	16	17	18	19	20	21	96	#
1512	2201	17	18	19	20	21	22	96	#
1513	2201	18	19	20	21	22	23	96	#
1514	2201	19	20	21	22	23	24	96	#
1515	2201	20	21	22	23	24	25	96	#
1516	2201	21	22	23	24	25	26	96	#
1517	2201	22	23	24	25	26	27	96	#
1518	2201	23	24	25	26	27	28	96	#
1519	2201	24	25	26	27	28	29	96	#
1520	2201	25	26	27	28	29	30	96	#
1521	2201	26	27	28	29	30	31	96	#
1522	2201	27	28	29	30	31	32	96	#
1523	2201	28	29	30	31	32	33	96	#
1524	896	0	97	#
1525	896	1	97	#
1526	896	2	97	#
1527	896	3	97	#
1528	896	4	97	#
1529	896	5	97	#
1530	896	6	97	#
1531	896	7	97	#
1532	896	8	97	#
1533	896	9	97	#
1534	896	10	97	#
1535	896	11	97	#
1536	896	12	97	#
1537	896	13	97	#
1538	896	14	97	#
1539	896	15	97	#
1540	896	16	97	#
1541	896	17	97	#
1542	896	18	97	#
1543	896	19	97	#
1544	896	20	97	#
1545	896	21	97	#
1546	896	22	97	#
1547	896	23	97	#
1548	896	24	97	#
1549	896	25	97	#
1550	896	26	97	#
1551	896	27	97	#
1552	896	28	97	#
1553	896	29	97	#
1554	896	30	97	#
1555	896	31	97	#
1556	896	32	97	#
1557	896	33	97	#
1558	896	34	97	#
1559	896	35	97	#
1560	896	36	97	#
1561	896	37	97	#
1562	896	38	97	#
1563	896	39	97	#
1564	12174	0	1	2	3	4	5	6	7	8	98	#
1565	12174	1	2	3	4	5	6	7	8	9	98	#
1566	12174	2	3	4	5	6	7	8	9	10	98	#
1567	12174	3	4	5	6	7	8	9	10	11	98	#
1568	12174	4	5	6	7	8	9	10	11	12	98	#
1569	12174	5	6	7	8	9	10	11	12	13	98	#
1570	12174	6	7	8	9	10	11	12	13	14	98	#
1571	12174	7	8	9	10	11	12	13	14	15	98	#
1572	12174	8	9	10	11	12	13	14	15	16	98	#
1573	12174	9	10	11	12	13	14	15	16	17	98	#
1574	12174	10	11	12	13	14	15	16	17	18	98	#
1575	12174	11	12	13	14	15	16	17	18	19	98	#
1576	12174	12	13	14	15	16	17	18	19	20	98	#
1577	12174	13	14	15	16	17	18	19	20	21	98	#
1578	12174	14	15	16	17	18	19	20	21	22	98	#
1579	12174	15	16	17	18	19	20	21	22	23	98	#
1580	12174	16	17	18	19	20	21	22	23	24	98	#
1581	12174	17	18	19	20	21	22	23	24	25	98	#
1582	12174	18	19	20	21	22	23	24	25	26	98	#
1583	7361	19	20	21	22	23	24	25	26	27	98	#
1584	7361	20	21	22	23	24	25	26	27	28	98	#
1585	7361	21	22	23	24	25	26	27	28	29	98	#
1586	7361	22	23	24	25	26	27	28	29	30	98	#
1587	7361	23	24	25	26	27	28	29	30	31	98	#
1588	7361	24	25	26	27	28	29	30	31	32	98	#
1589	7361	25	26	27	28	29	30	31	32	33	98	#
1590	7361	26	27	28	29	30	31	32	33	34	98	#
1591	7361	27	28	29	30	31	32	33	34	35	98	#
1592	7361	28	29	30	31	32	33	34	35	36	98	#
1593	7361	29	30	31	32	33	34	35	36	37	98	#
1594	7361	30	31	32	33	34	35	36	37	38	98	#
1595	7361	31	32	33	34	35	36	37	38	39	98	#
1596	7361	32	33	34	35	36	37	38	39	40	98	#
1597	7361	33	34	35	36	37	38	39	40	41	98	#
1598	7361	34	35	36	37	38	39	40	41	42	98	#
1599	7361	35	36	37	38	39	40	41	42	43	98	#
1600	6460	36	37	38	39	40	41	42	43	44	98	#
1601	6460	37	38	39	40	41	42	43	44	45	98	#
1602	6460	38	39	40	41	42	43	44	45	46	98	#
1603	6460	39	40	41	42	43	44	45	46	47	98	#
1604	6460	40	41	42	43	44	45	46	47	48	98	#
1605	6460	41	42	43	44	45	46	47	48	49	98	#
1606	3419	0	1	99	#
1607	3419	1	2	99	#
1608	3419	2	3	99	#
1609	3419	3	4	99	#
1610	3419	4	5	99	#
1611	3419	5	6	99	#
1612	3419	6	7	99	#
1613	3419	7	8	99	#
1614	3419	8	9	99	#
1615	3419	9	10	99	#
1616	3419	10	11	99	#
1617	3419	11	12	99	#
1618	3419	12	13	99	#
1619	3419	13	14	99	#
1620	3419	14	15	99	#
1621	3419	15	16	99	#
1622	3419	16	17	99	#
1623	3419	17	18	99	#
1624	3419	18	19	99	#
1625	3419	19	20	99	#
1626	3419	20	21	99	#
1627	3419	21	22	99	#
1628	3419	22	23	99	#
1629	3419	23	24	99	#
1630	3419	24	25	99	#
1631	3419	25	26	99	#
1632	3419	26	27	99	#
1633	3419	27	28	99	#
1634	3419	28	29	99	#
1635	3419	29	30	99	#
1636	3419	30	31	99	#
1637	3419	31	32	99	#
1638	3419	32	33	99	#
1639	3419	33	34	99	#
1640	3419	34	35	99	#
1641	3419	35	36	99	#
1642	3419	36	37	99	#
1643	3419	37	38	99	#
1644	3419	38	39	99	#
1645	3419	39	40	99	#
1646	3419	40	41	99	#
1647	3419	41	42	99	#
1648	2991	42	43	99	#
1649	2991	43	44	99	#
1650	2991	44	45	99	#
1651	2991	45	46	99	#
1652	2991	46	47	99	#
1653	2991	47	48	99	#
1654	8861	0	1	2	3	4	5	6	7	8	100	#
1655	8861	1	2	3	4	5	6	7	8	9	100	#
1656	8861	2	3	4	5	6	7	8	9	10	100	#
1657	8861	3	4	5	6	7	8	9	10	11	100	#
1658	8861	4	5	6	7	8	9	10	11	12	100	#
1659	8861	5	6	7	8	9	10	11	12	13	100	#
1660	8861	6	7	8	9	10	11	12	13	14	100	#
1661	8861	7	8	9	10	11	12	13	14	15	100	#
1662	8861	8	9	10	11	12	13	14	15	16	100	#
1663	8861	9	10	11	12	13	14	15	16	17	100	#
1664	8861	10	11	12	13	14	15	16	17	18	100	#
1665	8861	11	12	13	14	15	16	17	18	19	100	#
1666	8861	12	13	14	15	16	17	18	19	20	100	#
1667	5394	0	1	2	3	4	101	#
1668	5394	1	2	3	4	5	101	#
1669	5394	2	3	4	5	6	101	#
1670	5394	3	4	5	6	7	101	#
1671	5394	4	5	6	7	8	101	#
1672	5394	5	6	7	8	9	101	#
1673	5394	6	7	8	9	10	101	#
1674	5394	7	8	9	10	11	101	#
1675	5394	8	9	10	11	12	101	#
1676	5394	9	10	11	12	13	101	#
1677	5394	10	11	12	13	14	101	#
1678	5394	11	12	13	14	15	101	#
1679	5394	12	13	14	15	16	101	#
1680	5394	13	14	15	16	17	101	#
1681	5394	14	15	16	17	18	101	#
1682	5394	15	16	17	18	19	101	#
1683	5394	16	17	18	19	20	101	#
1684	5394	17	18	19	20	21	101	#
1685	2517	18	19	20	21	22	101	#
1686	2517	19	20	21	22	23	101	#
1687	2517	20	21	22	23	24	101	#
1688	2517	21	22	23	24	25	101	#
1689	2517	22	23	24	25	26	101	#
1690	2517	23	24	25	26	27	101	#
1691	2517	24	25	26	27	28	101	#
1692	2517	25	26	27	28	29	101	#
1693	2517	26	27	28	29	30	101	#
1694	2517	27	28	29	30	31	101	#
1695	2517	28	29	30	31	32	101	#
1696	2517	29	30	31	32	33	101	#
1697	2517	30	31	32	33	34	101	#
1698	2517	31	32	33	34	35	101	#
1699	2517	32	33	34	35	36	101	#
1700	2517	33	34	35	36	37	101	#
1701	2517	34	35	36	37	38	101	#
1702	2517	35	36	37	38	39	101	#
1703	2517	36	37	38	39	40	101	#
1704	2517	37	38	39	40	41	101	#
1705	2517	38	39	40	41	42	101	#
1706	2517	39	40	41	42	43	101	#
1707	2517	40	41	42	43	44	101	#
1708	2517	41	42	43	44	45	101	#
1709	2312	42	43	44	45	46	101	#
1710	2312	43	44	45	46	47	101	#
1711	2312	44	45	46	47	48	101	#
1712	2312	45	46	47	48	49	101	#
1713	2086	0	1	102	#
1714	2086	1	2	102	#
1715	2086	2	3	102	#
1716	2086	3	4	102	#
1717	2086	4	5	102	#
1718	2086	5	6	102	#
1719	2086	6	7	102	#
1720	2086	7	8	102	#
1721	2086	8	9	102	#
1722	2086	9	10	102	#
1723	2086	10	11	102	#
1724	2086	11	12	102	#
1725	2086	12	13	102	#
1726	2086	13	14	102	#
1727	2086	14	15	102	#
1728	2086	15	16	102	#
1729	2086	16	17	102	#
1730	1419	17	18	102	#
1731	1419	18	19	102	#
1732	1419	19	20	102	#
1733	1419	20	21	102	#
1734	1419	21	22	102	#
1735	1419	22	23	102	#
1736	1419	23	24	102	#
1737	1419	24	25	102	#
1738	825	25	26	102	#
1739	825	26	27	102	#
1740	825	27	28	102	#
1741	825	28	29	102	#
1742	825	29	30	102	#
1743	825	30	31	102	#
1744	825	31	32	102	#
1745	825	32	33	102	#
1746	825	33	34	102	#
1747	825	34	35	102	#
1748	825	35	36	102	#
1749	825	36	37	102	#
1750	825	37	38	102	#
1751	825	38	39	102	#
1752	825	39	40	102	#
1753	825	40	41	102	#
1754	825	41	42	102	#
1755	825	42	43	102	#
1756	4792	0	1	2	103	#
1757	4792	1	2	3	103	#
1758	4792	2	3	4	103	#
1759	4792	3	4	5	103	#
1760	4792	4	5	6	103	#
1761	6860	0	1	2	3	4	5	6	104	#
1762	6860	1	2	3	4	5	6	7	104	#
1763	6860	2	3	4	5	6	7	8	104	#
1764	6860	3	4	5	6	7	8	9	104	#
1765	6860	4	5	6	7	8	9	10	104	#
1766	6860	5	6	7	8	9	10	11	104	#
1767	6860	6	7	8	9	10	11	12	104	#
1768	6860	7	8	9	10	11	12	13	104	#
1769	6860	8	9	10	11	12	13	14	104	#
1770	6860	9	10	11	12	13	14	15	104	#
1771	6860	10	11	12	13	14	15	16	104	#
1772	6860	11	12	13	14	15	16	17	104	#
1773	6860	12	13	14	15	16	17	18	104	#
1774	6860	13	14	15	16	17	18	19	104	#
1775	6860	14	15	16	17	18	19	20	104	#
1776	6860	15	16	17	18	19	20	21	104	#
1777	6860	16	17	18	19	20	21	22	104	#
1778	6860	17	18	19	20	21	22	23	104	#
1779	6860	18	19	20	21	22	23	24	104	#
1780	6860	19	20	21	22	23	24	25	104	#
1781	6860	20	21	22	23	24	25	26	104	#
1782	6860	21	22	23	24	25	26	27	104	#
1783	6860	22	23	24	25	26	27	28	104	#
1784	6860	23	24	25	26	27	28	29	104	#
1785	6860	24	25	26	27	28	29	30	104	#
1786	6860	25	26	27	28	29	30	31	104	#
1787	6860	26	27	28	29	30	31	32	104	#
1788	6860	27	28	29	30	31	32	33	104	#
1789	6860	28	29	30	31	32	33	34	104	#
1790	6860	29	30	31	32	33	34	35	104	#
1791	6860	30	31	32	33	34	35	36	104	#
1792	6860	31	32	33	34	35	36	37	104	#
1793	6860	32	33	34	35	36	37	38	104	#
1794	6860	33	34	35	36	37	38	39	104	#
1795	6860	34	35	36	37	38	39	40	104	#
1796	6860	35	36	37	38	39	40	41	104	#
1797	6860	36	37	38	39	40	41	42	104	#
1798	6860	37	38	39	40	41	42	43	104	#
1799	6860	38	39	40	41	42	43	44	104	#
1800	6860	39	40	41	42	43	44	45	104	#
1801	6860	40	41	42	43	44	45	46	104	#
1802	6860	41	42	43	44	45	46	47	104	#
1803	6860	42	43	44	45	46	47	48	104	#
1804	6720	43	44	45	46	47	48	49	104	#
1805	771	0	105	#
1806	771	1	105	#
1807	771	2	105	#
1808	771	3	105	#
1809	771	4	105	#
1810	771	5	105	#
1811	771	6	105	#
1812	771	7	105	#
1813	771	8	105	#
1814	771	9	105	#
1815	771	10	105	#
1816	771	11	105	#
1817	771	12	105	#
1818	771	13	105	#
1819	771	14	105	#
1820	771	15	105	#
1821	771	16	105	#
1822	771	17	105	#
1823	771	18	105	#
1824	771	19	105	#
1825	771	20	105	#
1826	771	21	105	#
1827	771	22	105	#
1828	771	23	105	#
1829	771	24	105	#
1830	771	25	105	#
1831	771	26	105	#
1832	771	27	105	#
1833	771	28	105	#
1834	771	29	105	#
1835	771	30	105	#
1836	771	31	105	#
1837	771	32	105	#
1838	771	33	105	#
1839	771	34	105	#
1840	771	35	105	#
1841	771	36	105	#
1842	771	37	105	#
1843	771	38	105	#
1844	771	39	105	#
1845	771	40	105	#
1846	771	41	105	#
1847	771	42	105	#
1848	771	43	105	#
1849	771	44	105	#
1850	771	45	105	#
1851	771	46	105	#
1852	771	47	105	#
1853	771	48	105	#
1854	771	49	105	#
1855	2279	0	1	106	#
1856	2279	1	2	106	#
1857	2279	2	3	106	#
1858	2279	3	4	106	#
1859	2279	4	5	106	#
1860	2279	5	6	106	#
1861	2279	6	7	106	#
1862	2279	7	8	106	#
1863	2279	8	9	106	#
1864	2279	9	10	106	#
1865	2279	10	11	106	#
1866	2279	11	12	106	#
1867	2279	12	13	106	#
1868	2279	13	14	106	#
1869	2279	14	15	106	#
1870	2279	15	16	106	#
1871	2279	16	17	106	#
1872	2279	17	18	106	#
1873	2279	18	19	106	#
1874	2279	19	20	106	#
1875	2279	20	21	106	#
1876	2279	21	22	106	#
1877	2279	22	23	106	#
1878	2279	23	24	106	#
1879	2279	24	25	106	#
1880	2279	25	26	106	#
1881	2279	26	27	106	#
1882	2279	27	28	106	#
1883	2279	28	29	106	#
1884	2279	29	30	106	#
1885	2279	30	31	106	#
1886	2279	31	32	106	#
1887	2279	32	33	106	#
1888	2279	33	34	106	#
1889	2279	34	35	106	#
1890	2279	35	36	106	#
1891	2279	36	37	106	#
1892	2279	37	38	106	#
1893	2279	38	39	106	#
1894	2279	39	40	106	#
1895	2279	40	41	106	#
1896	2279	41	42	106	#
1897	2279	42	43	106	#
1898	2279	43	44	106	#
1899	2279	44	45	106	#
1900	2279	45	46	106	#
1901	2279	46	47	106	#
1902	2279	47	48	106	#
1903	18455	0	1	2	3	4	5	6	7	8	107	#
1904	18455	1	2	3	4	5	6	7	8	9	107	#
1905	18455	2	3	4	5	6	7	8	9	10	107	#
1906	18455	3	4	5	6	7	8	9	10	11	107	#
1907	18455	4	5	6	7	8	9	10	11	12	107	#
1908	18455	5	6	7	8	9	10	11	12	13	107	#
1909	18455	6	7	8	9	10	11	12	13	14	107	#
1910	18455	7	8	9	10	11	12	13	14	15	107	#
1911	18455	8	9	10	11	12	13	14	15	16	107	#
1912	18455	9	10	11	12	13	14	15	16	17	107	#
1913	18455	10	11	12	13	14	15	16	17	18	107	#
1914	18455	11	12	13	14	15	16	17	18	19	107	#
1915	18455	12	13	14	15	16	17	18	19	20	107	#
1916	18455	13	14	15	16	17	18	19	20	21	107	#
1917	18455	14	15	16	17	18	19	20	21	22	107	#
1918	18455	15	16	17	18	19	20	21	22	23	107	#
1919	18455	16	17	18	19	20	21	22	23	24	107	#
1920	18455	17	18	19	20	21	22	23	24	25	107	#
1921	18455	18	19	20	21	22	23	24	25	26	107	#
1922	18455	19	20	21	22	23	24	25	26	27	107	#
1923	18455	20	21	22	23	24	25	26	27	28	107	#
1924	18455	21	22	23	24	25	26	27	28	29	107	#
1925	18455	22	23	24	25	26	27	28	29	30	107	#
1926	18455	23	24	25	26	27	28	29	30	31	107	#
1927	18455	24	25	26	27	28	29	30	31	32	107	#
1928	18455	25	26	27	28	29	30	31	32	33	107	#
1929	18455	26	27	28	29	30	31	32	33	34	107	#
1930	18455	27	28	29	30	31	32	33	34	35	107	#
1931	18455	28	29	30	31	32	33	34	35	36	107	#
1932	18455	29	30	31	32	33	34	35	36	37	107	#
1933	18455	30	31	32	33	34	35	36	37	38	107	#
1934	17532	31	32	33	34	35	36	37	38	39	107	#
1935	17532	32	33	34	35	36	37	38	39	40	107	#
1936	14921	33	34	35	36	37	38	39	40	41	107	#
1937	14921	34	35	36	37	38	39	40	41	42	107	#
1938	14921	35	36	37	38	39	40	41	42	43	107	#
1939	14921	36	37	38	39	40	41	42	43	44	107	#
1940	14921	37	38	39	40	41	42	43	44	45	107	#
1941	14921	38	39	40	41	42	43	44	45	46	107	#
1942	14921	39	40	41	42	43	44	45	46	47	107	#
1943	11598	0	1	2	3	4	5	6	7	8	108	#
1944	11598	1	2	3	4	5	6	7	8	9	108	#
1945	11598	2	3	4	5	6	7	8	9	10	108	#
1946	11598	3	4	5	6	7	8	9	10	11	108	#
1947	11598	4	5	6	7	8	9	10	11	12	108	#
1948	11598	5	6	7	8	9	10	11	12	13	108	#
1949	11598	6	7	8	9	10	11	12	13	14	108	#
1950	11598	7	8	9	10	11	12	13	14	15	108	#
1951	11598	8	9	10	11	12	13	14	15	16	108	#
1952	11598	9	10	11	12	13	14	15	16	17	108	#
1953	11598	10	11	12	13	14	15	16	17	18	108	#
1954	11598	11	12	13	14	15	16	17	18	19	108	#
1955	11598	12	13	14	15	16	17	18	19	20	108	#
1956	11598	13	14	15	16	17	18	19	20	21	108	#
1957	11598	14	15	16	17	18	19	20	21	22	108	#
1958	11598	15	16	17	18	19	20	21	22	23	108	#
1959	11598	16	17	18	19	20	21	22	23	24	108	#
1960	11598	17	18	19	20	21	22	23	24	25	108	#
1961	11598	18	19	20	21	22	23	24	25	26	108	#
1962	11598	19	20	21	22	23	24	25	26	27	108	#
1963	11598	20	21	22	23	24	25	26	27	28	108	#
1964	11598	21	22	23	24	25	26	27	28	29	108	#
1965	11598	22	23	24	25	26	27	28	29	30	108	#
1966	11598	23	24	25	26	27	28	29	30	31	108	#
1967	11598	24	25	26	27	28	29	30	31	32	108	#
1968	7896	25	26	27	28	29	30	31	32	33	108	#
1969	7896	26	27	28	29	30	31	32	33	34	108	#
1970	7896	27	28	29	30	31	32	33	34	35	108	#
1971	7896	28	29	30	31	32	33	34	35	36	108	#
1972	7896	29	30	31	32	33	34	35	36	37	108	#
1973	7896	30	31	32	33	34	35	36	37	38	108	#
1974	7896	31	32	33	34	35	36	37	38	39	108	#
1975	7896	32	33	34	35	36	37	38	39	40	108	#
1976	7896	33	34	35	36	37	38	39	40	41	108	#
1977	7896	34	35	36	37	38	39	40	41	42	108	#
1978	7896	35	36	37	38	39	40	41	42	43	108	#
1979	7896	36	37	38	39	40	41	42	43	44	108	#
1980	7896	37	38	39	40	41	42	43	44	45	108	#
1981	7896	38	39	40	41	42	43	44	45	46	108	#
1982	7896	39	40	41	42	43	44	45	46	47	108	#
1983	7732	40	41	42	43	44	45	46	47	48	108	#
1984	5504	0	1	2	3	4	109	#
1985	5504	1	2	3	4	5	109	#
1986	5504	2	3	4	5	6	109	#
1987	5504	3	4	5	6	7	109	#
1988	5504	4	5	6	7	8	109	#
1989	5504	5	6	7	8	9	109	#
1990	5504	6	7	8	9	10	109	#
1991	5504	7	8	9	10	11	109	#
1992	5504	8	9	10	11	12	109	#
1993	5504	9	10	11	12	13	109	#
1994	5504	10	11	12	13	14	109	#
1995	5504	11	12	13	14	15	109	#
1996	5504	12	13	14	15	16	109	#
1997	5504	13	14	15	16	17	109	#
1998	5504	14	15	16	17	18	109	#
1999	5504	15	16	17	18	19	109	#
2000	5504	16	17	18	19	20	109	#
2001	5504	17	18	19	20	21	109	#
2002	5504	18	19	20	21	22	109	#
2003	5504	19	20	21	22	23	109	#
2004	5504	20	21	22	23	24	109	#
2005	5504	21	22	23	24	25	109	#
2006	5504	22	23	24	25	26	109	#
2007	5504	23	24	25	26	27	109	#
2008	5504	24	25	26	27	28	109	#
2009	5504	25	26	27	28	29	109	#
2010	5504	26	27	28	29	30	109	#
2011	5504	27	28	29	30	31	109	#
2012	5504	28	29	30	31	32	109	#
2013	5504	29	30	31	32	33	109	#
2014	5504	30	31	32	33	34	109	#
2015	5504	31	32	33	34	35	109	#
2016	5504	32	33	34	35	36	109	#
2017	5504	33	34	35	36	37	109	#
2018	5504	34	35	36	37	38	109	#
2019	5504	35	36	37	38	39	109	#
2020	5504	36	37	38	39	40	109	#
2021	5504	37	38	39	40	41	109	#
2022	5504	38	39	40	41	42	109	#
2023	5504	39	40	41	42	43	109	#
2024	5504	40	41	42	43	44	109	#
2025	5504	41	42	43	44	45	109	#
2026	5504	42	43	44	45	46	109	#
2027	5504	43	44	45	46	47	109	#
2028	5504	44	45	46	47	48	109	#
2029	5504	45	46	47	48	49	109	#
