%% File generated by CATS v.2.1Tue Aug 20 18:54:57 2019

%% The CATS webpage is http://robotics.stanford.edu/CATS

%% PARAMETER SETTINGS:
% Goods: 50; Bids: 1000; Distribution: regions-npv; Runs: 10; Seed: 1566344718
% Regions Distribution Parameters:
% Max Substitutable Bids = 5
% Removing HV Neighbor   = 0.1
% Adding DIAG Neighbor   = 0.2
% Additional Location    = 0.9
% Jump Probability       = 0.05
% Additivity             = 0.2
% Budget Factor          = 1.5
% Resale Factor          = 0.5
% Normal Private Value:
%   Mean                 = 0
%   Standard Deviation   = 30



goods 50
bids 1003
dummy 187

0	148021	31	30	29	37	50	#
1	164386	29	30	22	28	50	#
2	132572	30	11	29	21	50	#
3	122252	37	30	31	23	50	#
4	101742	31	30	29	21	50	#
5	446240	30	31	24	23	16	9	2	32	3	15	51	#
6	598609	3	10	17	48	47	16	9	46	39	45	51	#
7	589752	2	1	9	16	17	3	24	23	30	10	51	#
8	471385	24	39	46	32	31	40	30	41	29	22	51	#
9	455308	30	29	28	36	21	31	35	15	5	32	51	#
10	440669	16	17	23	30	24	18	37	15	10	22	51	#
11	1297701	45	44	43	42	37	38	30	39	46	40	35	28	36	41	34	48	23	47	32	29	52	#
12	1361340	36	43	7	14	44	0	1	37	30	38	15	8	42	16	29	23	35	39	10	28	52	#
13	1343761	23	22	21	29	15	36	28	16	14	9	7	35	30	37	38	3	2	1	8	43	52	#
14	1321276	39	40	41	47	48	27	20	13	8	26	46	12	11	34	19	10	15	4	25	35	52	#
15	1297614	45	38	46	40	37	36	39	35	47	43	28	44	8	29	15	42	22	48	23	16	52	#
16	1284231	40	35	39	46	28	47	36	45	29	43	22	44	37	42	48	32	26	25	41	24	52	#
17	194237	38	45	46	53	#
18	207504	46	39	47	53	#
19	154944	38	37	44	53	#
20	1514570	33	32	26	34	27	20	41	19	25	24	13	17	40	10	48	46	18	16	47	12	23	39	22	21	9	30	29	54	#
21	1723477	20	13	26	6	27	19	12	5	18	25	34	33	32	40	41	39	24	38	47	48	46	31	37	17	44	16	36	54	#
22	1535832	41	48	47	10	40	34	16	3	23	2	39	22	38	9	15	29	37	21	32	49	30	4	5	33	45	43	44	54	#
23	1535330	13	12	20	5	19	6	27	26	33	18	17	48	34	40	41	10	24	25	4	32	11	47	46	45	44	3	39	54	#
24	1512464	12	5	13	19	4	20	27	34	26	6	33	32	25	18	3	41	2	40	9	39	31	17	10	16	46	47	45	54	#
25	1511762	25	26	18	27	19	33	34	35	49	24	42	36	29	20	38	22	3	32	28	4	31	10	12	43	2	9	17	54	#
26	310796	30	37	38	39	45	23	16	40	55	#
27	439180	38	39	32	37	46	40	44	41	55	#
28	401887	23	30	37	31	22	44	32	36	55	#
29	378671	40	41	34	33	48	26	47	25	55	#
30	354285	39	38	37	32	24	31	25	36	55	#
31	241584	30	29	37	22	21	23	4	38	55	#
32	387049	41	34	40	48	56	#
33	453854	41	40	47	48	56	#
34	449018	34	41	48	47	56	#
35	417819	48	41	47	30	56	#
36	229990	40	29	30	36	56	#
37	140308	11	12	4	18	57	#
38	190276	18	17	25	11	57	#
39	58585	11	18	25	24	57	#
40	934832	35	42	43	36	29	44	30	28	21	37	45	31	38	15	32	22	14	23	24	8	26	20	58	#
41	1396230	24	44	40	47	39	17	45	46	41	25	33	38	48	32	43	36	31	37	35	30	29	34	58	#
42	1354124	36	29	28	30	35	31	37	47	43	42	44	45	38	40	46	48	23	21	16	17	18	32	58	#
43	1308466	45	38	46	39	47	40	41	37	32	44	43	42	25	35	28	36	18	8	26	31	11	15	58	#
44	1287704	38	37	39	45	46	32	30	47	26	31	40	33	27	41	43	34	20	42	44	24	35	29	58	#
45	1287552	44	45	43	38	37	42	35	36	29	30	28	46	23	22	39	31	21	32	47	33	34	25	58	#
46	88292	14	#
47	34074	8	#
48	332852	1	2	3	10	9	59	#
49	314613	10	17	11	3	18	59	#
50	269820	3	2	9	1	8	59	#
51	234707	2	1	3	9	0	59	#
52	226353	1	2	8	9	15	59	#
53	201859	9	16	23	2	15	59	#
54	1040608	35	28	21	29	30	15	22	42	14	8	1	31	16	23	37	36	38	39	32	33	40	44	60	#
55	1435408	16	17	47	24	10	31	15	14	8	48	7	28	0	21	1	9	35	29	46	39	38	22	60	#
56	1427878	39	38	45	37	40	46	36	30	47	48	29	43	32	31	26	33	44	34	27	21	35	42	60	#
57	1366430	38	39	37	36	46	45	35	47	28	32	21	25	26	27	40	48	15	29	22	5	30	31	60	#
58	1334064	42	35	28	29	22	21	36	37	30	44	31	34	38	39	45	32	33	43	15	8	26	27	60	#
59	1310523	29	22	49	36	28	35	37	38	39	45	32	1	21	8	44	43	15	30	0	7	46	48	60	#
60	571756	23	16	9	17	10	2	3	61	#
61	579121	2	9	3	10	17	18	19	61	#
62	551299	23	30	9	3	10	2	1	61	#
63	524321	16	9	2	17	3	10	15	61	#
64	523803	9	3	2	16	4	10	35	61	#
65	518238	10	11	3	9	4	2	17	61	#
66	212880	5	12	11	4	62	#
67	317203	4	3	10	5	62	#
68	282044	5	12	19	13	62	#
69	280911	12	19	5	4	62	#
70	244976	11	10	17	24	62	#
71	1005012	40	46	47	20	33	41	39	13	26	32	48	6	31	38	27	30	63	#
72	1191683	20	19	12	26	32	33	27	25	39	34	18	46	35	5	47	48	63	#
73	987890	47	48	46	39	32	41	26	25	24	40	19	33	18	20	27	34	63	#
74	970230	38	21	39	22	29	36	37	40	46	5	23	30	15	16	35	47	63	#
75	943450	26	27	20	32	31	33	24	17	39	18	25	46	19	13	34	48	63	#
76	940991	48	47	41	46	45	34	40	33	4	5	44	39	26	38	12	37	63	#
77	1322163	25	18	19	17	24	20	10	26	27	31	3	30	47	40	16	34	32	9	48	64	#
78	1379283	32	31	30	25	33	37	40	47	41	48	36	24	46	44	45	35	26	27	43	64	#
79	1263816	34	41	27	48	47	40	20	46	45	44	37	13	26	43	38	18	32	19	39	64	#
80	1233830	18	19	26	27	20	12	13	34	32	33	41	48	40	25	47	24	31	5	39	64	#
81	1225315	40	47	41	46	33	39	48	26	32	45	34	27	20	38	37	44	19	30	31	64	#
82	1178151	30	37	23	44	43	36	45	38	22	46	47	42	28	35	40	29	21	16	31	64	#
83	360895	35	42	28	36	21	29	22	65	#
84	459231	42	43	44	37	36	45	29	65	#
85	439369	22	23	16	30	31	17	32	65	#
86	430735	28	35	42	36	37	43	29	65	#
87	384034	21	28	22	29	36	42	23	65	#
88	374090	29	28	21	15	14	7	30	65	#
89	279091	38	45	44	66	#
90	280279	44	45	20	66	#
91	239688	38	45	19	66	#
92	1033489	42	43	36	35	44	37	45	38	30	28	27	21	34	26	31	32	67	#
93	1280255	32	33	40	26	25	31	30	27	20	13	12	47	37	36	38	29	67	#
94	1173148	44	37	43	42	30	38	45	12	5	13	23	36	29	35	16	20	67	#
95	1145454	34	33	27	32	26	20	40	25	13	41	24	19	17	12	18	10	67	#
96	1113580	38	40	39	46	37	36	47	32	43	49	30	44	25	31	42	35	67	#
97	1027966	37	38	36	35	45	30	31	5	44	12	28	39	29	24	32	13	67	#
98	774893	41	48	40	34	46	42	33	39	35	38	32	43	68	#
99	871707	38	45	46	44	40	33	41	39	43	37	48	30	68	#
100	811178	41	48	40	47	46	39	45	44	33	32	25	26	68	#
101	811109	42	43	36	35	29	28	37	21	22	23	44	7	68	#
102	772685	40	33	6	13	32	25	12	11	24	26	46	45	68	#
103	760235	43	36	35	29	42	44	28	30	31	21	37	22	68	#
104	109257	14	8	15	69	#
105	163301	14	15	16	69	#
106	129271	8	7	14	69	#
107	1152599	32	26	31	30	23	12	19	20	13	5	25	4	24	11	33	29	3	39	2	1	37	21	38	40	22	9	70	#
108	1670111	23	22	29	36	28	43	30	35	21	15	14	42	16	7	8	31	44	17	0	41	1	34	2	10	24	18	70	#
109	1606952	1	0	2	3	4	9	10	7	5	8	16	15	21	11	14	22	12	23	28	29	13	30	6	20	27	35	70	#
110	1486758	21	22	23	29	15	8	30	16	31	24	32	36	1	7	26	35	28	17	37	9	27	20	43	42	25	0	70	#
111	1486706	40	39	0	22	29	21	7	14	1	38	30	47	48	2	37	31	28	23	15	16	41	3	34	8	17	9	70	#
112	1482772	22	23	29	21	5	15	26	4	28	16	48	30	36	32	47	12	35	25	43	39	3	19	46	31	40	2	70	#
113	657739	43	36	35	29	37	44	30	21	28	31	23	22	71	#
114	816709	29	22	21	36	28	35	23	37	38	44	39	46	71	#
115	813250	35	28	36	21	29	30	22	42	37	23	44	38	71	#
116	784196	37	38	44	45	36	35	42	29	43	22	39	21	71	#
117	771095	43	42	35	44	37	36	45	46	40	33	30	29	71	#
118	725934	21	22	29	28	15	8	35	36	47	23	16	42	71	#
119	66879	45	44	72	#
120	66931	45	46	72	#
121	84856	49	#
122	19966	24	#
123	57597	40	#
124	237360	33	32	40	25	73	#
125	251825	40	33	46	47	73	#
126	241678	25	26	32	33	73	#
127	236761	33	32	39	38	73	#
128	172457	32	31	41	34	73	#
129	196066	34	27	74	#
130	152774	34	33	74	#
131	116304	27	26	74	#
132	362222	16	15	21	29	9	8	14	3	28	30	75	#
133	532911	29	28	36	43	35	44	45	21	37	22	75	#
134	483611	3	4	10	2	5	12	9	16	19	18	75	#
135	478010	14	15	8	48	1	41	16	23	30	0	75	#
136	439975	8	15	16	1	21	23	28	29	7	36	75	#
137	419560	15	16	9	17	24	18	23	21	10	28	75	#
138	1027657	4	10	11	3	17	12	19	24	13	18	20	16	9	15	26	5	6	27	2	76	#
139	1156098	12	19	20	11	18	13	27	6	10	17	24	25	26	29	22	23	32	28	30	76	#
140	1150413	19	18	26	25	20	24	11	12	10	47	33	13	17	34	40	41	48	5	39	76	#
141	1142325	17	18	11	4	10	12	3	19	26	2	33	13	1	32	5	27	16	34	41	76	#
142	1098544	9	3	16	4	17	24	15	10	5	23	28	29	12	25	21	32	2	8	13	76	#
143	1058287	20	19	13	18	26	25	24	31	17	27	32	12	33	34	5	11	30	10	23	76	#
144	933358	21	29	22	23	15	14	36	9	3	28	35	7	37	2	16	10	77	#
145	1062776	2	35	28	29	36	21	43	3	30	22	15	40	10	1	14	42	77	#
146	896042	22	29	30	21	28	31	37	15	14	36	35	16	43	44	17	10	77	#
147	892233	29	36	35	28	7	21	37	14	43	15	30	42	22	44	31	24	77	#
148	880314	23	16	22	29	21	28	36	9	15	37	43	3	30	2	35	42	77	#
149	879783	9	2	3	1	10	8	7	17	16	24	4	6	18	13	15	0	77	#
150	986083	5	12	19	13	20	26	27	6	34	32	25	18	11	41	40	33	24	4	78	#
151	1235887	41	34	27	20	13	48	26	12	19	33	44	32	46	5	25	47	6	23	78	#
152	1206064	19	12	18	11	10	46	17	5	39	7	0	26	44	43	27	14	45	33	78	#
153	1199092	27	20	19	13	34	46	39	26	41	12	47	5	48	40	11	6	4	3	78	#
154	1189297	5	12	11	4	9	19	26	33	27	10	20	2	34	3	13	6	1	16	78	#
155	1066203	12	11	13	6	19	4	5	18	3	17	7	10	9	0	26	25	16	15	78	#
156	1215862	46	40	45	33	26	39	34	32	31	38	41	47	27	19	48	20	30	25	37	79	#
157	1393311	34	27	41	40	33	26	48	47	25	24	10	20	32	46	17	19	18	13	16	79	#
158	1387296	45	46	40	35	41	34	48	42	36	47	29	43	30	31	27	24	20	37	26	79	#
159	1281829	26	39	46	27	33	40	41	20	47	34	38	19	32	45	13	37	30	48	31	79	#
160	1243491	48	47	46	40	39	33	38	45	26	41	34	27	37	30	31	23	36	20	19	79	#
161	1218157	41	40	47	48	34	46	27	20	19	13	33	26	39	18	25	32	11	24	4	79	#
162	465228	43	44	42	45	46	37	80	#
163	481560	43	36	29	28	35	42	80	#
164	408075	37	36	30	29	43	44	80	#
165	377268	44	45	37	46	40	33	80	#
166	354960	45	38	37	46	44	47	80	#
167	262028	46	47	40	39	33	26	80	#
168	17139	17	#
169	79250	13	#
170	1156898	3	10	4	11	23	12	18	2	17	19	30	22	16	37	26	5	13	9	29	36	27	81	#
171	1298816	29	36	43	37	30	21	35	22	28	38	42	44	45	46	23	16	3	17	10	24	9	81	#
172	1265914	4	11	14	15	10	12	21	29	36	5	7	18	3	28	13	8	35	42	6	22	20	81	#
173	1259982	37	44	43	36	30	29	45	38	22	39	32	20	23	31	25	40	21	33	15	18	26	81	#
174	1255965	5	12	11	4	13	6	18	25	30	40	3	24	26	33	2	10	20	17	47	32	31	81	#
175	1255384	36	43	35	28	44	45	37	30	42	21	29	23	22	38	31	16	9	17	15	24	32	81	#
176	390582	36	43	29	28	42	35	82	#
177	437276	42	35	36	28	21	43	82	#
178	418409	43	42	35	36	28	37	82	#
179	337553	35	28	21	29	22	23	82	#
180	287806	36	35	37	29	42	43	82	#
181	277267	28	29	21	22	30	36	82	#
182	213509	16	9	2	3	10	11	83	#
183	202970	9	2	16	23	17	18	83	#
184	182732	3	4	2	9	16	5	83	#
185	98364	16	9	23	22	15	21	83	#
186	361931	28	21	29	22	36	35	30	23	84	#
187	436522	30	37	38	31	14	39	34	49	84	#
188	407653	36	43	37	29	38	21	28	12	84	#
189	385496	22	23	30	37	36	35	29	28	84	#
190	377614	35	42	28	21	22	29	15	23	84	#
191	367400	23	16	15	30	37	36	14	22	84	#
192	145562	39	40	#
193	733464	33	34	36	40	39	41	26	35	25	27	20	85	#
194	825061	27	34	33	41	32	25	26	18	19	48	11	85	#
195	779803	26	20	13	27	19	12	5	11	34	25	18	85	#
196	770944	20	26	25	27	33	19	13	12	18	34	32	85	#
197	742375	33	34	26	19	20	25	18	13	32	27	6	85	#
198	728803	25	26	18	19	27	17	20	32	11	10	3	85	#
199	486160	4	5	12	11	13	3	10	9	6	86	#
200	581005	11	4	3	48	10	18	5	25	26	86	#
201	575637	6	13	20	19	3	10	2	27	12	86	#
202	543347	10	17	24	3	18	16	15	2	23	86	#
203	532527	9	2	10	3	4	11	16	17	18	86	#
204	515446	13	12	6	5	20	19	27	18	4	86	#
205	405766	43	42	36	29	28	37	87	#
206	499822	36	43	35	29	44	42	87	#
207	474914	43	42	36	35	29	37	87	#
208	452747	37	30	36	23	43	35	87	#
209	384210	28	35	21	36	29	42	87	#
210	379249	42	16	23	22	43	17	87	#
211	619635	48	41	18	11	10	19	47	4	16	12	40	88	#
212	874079	40	47	46	45	38	39	48	32	41	26	33	88	#
213	823012	41	48	40	34	47	39	33	38	26	45	32	88	#
214	821844	48	47	40	46	45	39	10	41	11	4	20	88	#
215	784105	47	40	46	41	48	45	39	38	37	32	30	88	#
216	652982	12	13	6	5	20	19	26	27	37	36	34	88	#
217	43804	9	#
218	625595	32	39	40	33	41	46	26	34	45	25	89	#
219	810242	34	41	40	33	27	26	48	20	32	25	89	#
220	740151	41	40	34	47	33	32	25	48	24	26	89	#
221	674412	45	38	37	39	32	44	43	26	36	20	89	#
222	642992	33	32	40	47	25	39	14	46	45	38	89	#
223	636891	40	39	33	26	20	47	25	27	11	48	89	#
224	162870	14	2	3	9	1	90	#
225	214066	1	0	8	7	15	90	#
226	204987	3	9	10	16	11	90	#
227	200633	2	9	3	16	22	90	#
228	137625	9	2	16	1	0	90	#
229	756698	41	48	34	26	33	27	20	40	13	32	39	25	19	91	#
230	945118	13	20	19	26	32	37	25	33	39	44	30	23	38	91	#
231	857668	40	39	46	23	32	41	47	48	30	37	31	44	45	91	#
232	839644	20	13	6	26	12	33	40	41	5	38	34	48	11	91	#
233	822255	41	34	33	48	40	27	39	32	31	26	25	30	46	91	#
234	815931	32	33	31	14	34	40	30	23	41	46	15	29	7	91	#
235	494760	36	35	28	43	29	30	21	23	22	92	#
236	648767	35	36	28	29	30	31	37	38	32	92	#
237	629050	36	37	30	44	29	35	22	23	28	92	#
238	596571	21	29	28	36	22	43	35	44	37	92	#
239	588639	28	29	36	35	37	30	42	38	22	92	#
240	558462	30	31	37	24	25	17	26	27	18	92	#
241	845716	36	29	30	37	44	35	31	23	24	42	43	22	45	16	17	38	93	#
242	891084	29	12	30	5	36	37	35	22	21	13	44	4	23	43	11	20	93	#
243	850591	42	35	43	36	48	29	28	22	21	6	41	38	37	45	13	20	93	#
244	850292	44	43	45	42	35	36	37	38	46	28	29	30	22	47	21	39	93	#
245	844241	30	29	21	37	23	38	44	28	22	36	35	16	9	42	17	18	93	#
246	837308	43	36	37	29	35	44	21	28	34	33	20	30	26	32	41	13	93	#
247	862031	6	13	12	5	11	4	10	20	17	3	18	19	24	25	32	26	2	9	94	#
248	1211351	3	10	11	12	4	5	17	13	9	19	16	2	1	0	8	7	14	6	94	#
249	1145393	10	3	9	16	11	18	2	1	0	17	23	4	39	32	8	7	46	25	94	#
250	1108347	9	2	3	1	0	7	8	10	14	17	24	15	16	31	30	47	32	26	94	#
251	1041685	13	20	6	27	34	33	26	7	12	19	11	32	5	41	10	18	17	4	94	#
252	1031216	24	31	38	39	49	45	44	46	37	32	40	30	43	36	29	33	17	10	94	#
253	99329	21	22	28	95	#
254	140240	21	15	14	95	#
255	90795	22	29	30	95	#
256	1360889	35	28	36	21	29	22	15	23	14	37	44	8	30	7	1	2	38	16	45	46	42	39	43	41	9	3	34	10	96	#
257	1638837	34	27	20	33	26	40	41	39	38	13	32	12	6	37	48	25	47	45	44	31	43	24	46	19	18	30	11	17	96	#
258	1568718	30	31	32	25	24	37	38	39	26	27	40	44	19	18	45	47	23	46	33	43	41	34	36	48	12	17	11	35	96	#
259	1559652	46	39	40	45	47	48	41	38	32	33	42	26	20	27	19	34	13	12	11	10	37	44	5	4	18	3	17	43	96	#
260	1484302	43	45	11	4	46	10	32	47	18	44	3	12	40	25	5	41	9	24	17	28	26	21	16	27	2	34	39	20	96	#
261	1467678	41	34	14	7	33	27	20	19	12	18	48	13	15	25	11	21	47	40	26	2	46	16	17	24	45	32	10	4	96	#
262	228835	16	17	10	97	#
263	240097	16	15	14	97	#
264	218434	17	10	3	97	#
265	137382	10	3	9	97	#
266	205396	44	43	98	#
267	169448	43	36	98	#
268	228197	21	28	29	36	22	99	#
269	293178	21	15	22	14	10	99	#
270	222311	28	21	15	8	14	99	#
271	210408	22	23	16	29	28	99	#
272	200059	29	30	28	21	35	99	#
273	229578	0	7	14	1	100	#
274	243546	1	2	9	16	100	#
275	204210	7	0	1	8	100	#
276	187436	14	15	16	9	100	#
277	37951	49	#
278	235440	26	27	43	20	36	29	101	#
279	308903	29	28	22	35	21	42	101	#
280	286012	43	42	36	29	35	28	101	#
281	240727	27	34	33	26	19	40	101	#
282	235678	26	49	33	40	46	47	101	#
283	209379	36	29	30	23	16	21	101	#
284	190314	13	12	20	102	#
285	200686	12	13	19	102	#
286	185328	13	20	1	102	#
287	176260	20	27	34	102	#
288	831060	25	26	18	17	16	11	27	10	20	19	15	14	21	13	103	#
289	973899	27	34	26	20	41	40	13	47	12	4	48	33	19	11	103	#
290	877501	20	26	19	27	34	41	25	40	8	39	38	13	18	44	103	#
291	869903	14	7	15	8	21	28	22	29	36	37	1	35	2	16	103	#
292	854356	26	25	20	19	12	18	17	13	16	5	11	32	39	27	103	#
293	851629	19	18	20	26	13	33	27	12	11	21	4	22	25	23	103	#
294	363018	30	37	31	44	29	104	#
295	475688	30	37	44	29	36	104	#
296	401315	44	43	45	36	29	104	#
297	399049	29	21	22	15	36	104	#
298	348800	37	44	30	31	36	104	#
299	300443	31	32	30	23	33	104	#
300	1424231	8	1	0	15	21	29	22	16	2	36	3	23	14	7	30	31	32	28	9	18	35	10	25	105	#
301	1400724	30	31	21	15	28	16	23	29	32	22	37	33	8	35	36	26	39	9	7	0	19	1	25	105	#
302	1397478	36	29	37	22	32	21	30	35	28	23	39	15	16	26	40	33	8	27	42	34	14	31	1	105	#
303	1394638	29	30	44	21	15	34	8	36	37	41	14	22	45	28	7	0	43	38	35	23	48	31	42	105	#
304	1390718	0	1	38	39	40	37	8	46	7	15	45	44	32	16	41	36	34	14	43	31	35	33	29	105	#
305	1380802	23	22	29	16	15	9	14	21	30	36	2	43	3	37	10	11	7	8	0	4	28	35	1	105	#
306	394466	25	32	26	33	31	19	43	18	42	106	#
307	531737	33	32	34	41	48	40	31	39	30	106	#
308	501308	32	25	39	46	33	26	24	47	48	106	#
309	434769	42	35	43	28	29	21	30	15	14	106	#
310	422969	26	27	33	32	25	18	31	34	40	106	#
311	412591	19	26	25	12	33	5	32	13	43	106	#
312	1256521	33	34	40	26	39	41	46	27	2	32	47	38	1	8	25	45	48	20	0	18	31	9	13	6	16	44	107	#
313	1502902	46	39	45	44	37	32	40	33	30	43	31	47	42	36	49	48	41	38	34	35	26	27	29	19	21	28	107	#
314	1434676	32	33	40	26	31	27	39	46	47	41	13	34	38	42	30	37	35	43	48	29	6	21	20	45	36	28	107	#
315	1361068	41	48	40	46	33	47	34	27	32	31	45	30	38	39	37	20	36	43	42	44	35	24	26	19	29	17	107	#
316	1333584	48	41	30	29	23	21	34	47	27	46	28	39	22	40	45	44	37	43	35	33	38	32	26	36	19	25	107	#
317	1329853	40	47	48	46	41	45	44	38	43	33	39	37	30	23	36	16	26	29	15	35	28	34	21	31	32	22	107	#
318	205312	10	3	2	22	108	#
319	294956	22	21	15	29	108	#
320	186585	10	17	18	16	108	#
321	141626	2	1	0	8	108	#
322	424149	15	21	8	14	1	16	28	22	9	17	24	0	109	#
323	609818	22	23	49	21	28	16	35	42	17	15	8	10	109	#
324	571898	8	15	1	21	16	14	28	23	2	22	30	31	109	#
325	562853	0	1	8	2	3	10	11	4	18	12	9	25	109	#
326	463035	21	28	22	15	23	30	16	9	3	14	17	29	109	#
327	460257	14	7	15	8	16	9	23	21	17	18	24	19	109	#
328	145853	21	15	8	110	#
329	139719	21	29	28	110	#
330	95373	8	15	16	110	#
331	205470	14	7	15	28	111	#
332	221788	7	0	14	8	111	#
333	189317	14	7	15	21	111	#
334	142682	28	29	18	30	111	#
335	121674	15	16	9	17	111	#
336	1455490	4	11	18	16	19	15	26	8	5	1	12	3	23	34	2	25	0	20	10	33	27	40	7	13	47	32	9	14	112	#
337	1698569	19	12	13	20	5	6	4	26	3	2	11	27	1	33	40	8	46	34	39	15	18	17	41	38	16	32	0	25	112	#
338	1606082	20	13	12	27	19	11	26	34	18	5	4	3	10	33	49	17	25	24	40	41	39	32	46	16	38	15	23	21	112	#
339	1588497	34	33	26	40	20	39	19	13	12	11	27	10	32	6	38	5	41	48	25	37	30	45	46	17	18	3	2	36	112	#
340	1576482	32	25	26	24	33	39	31	18	30	17	19	40	11	20	41	4	13	5	27	6	16	12	46	3	37	38	10	36	112	#
341	1571471	4	3	10	5	2	12	11	13	9	6	19	1	17	24	20	16	8	7	14	26	33	27	32	40	18	15	21	25	112	#
342	446319	46	47	39	48	32	25	26	33	34	24	29	113	#
343	653282	32	33	25	26	24	18	17	11	10	6	4	113	#
344	626877	24	25	32	33	31	26	4	27	20	11	5	113	#
345	600730	39	32	31	30	37	38	26	13	25	20	36	113	#
346	592518	46	45	44	43	36	37	42	30	38	35	29	113	#
347	576014	26	19	33	12	32	20	34	29	31	27	28	113	#
348	447521	38	39	24	31	12	11	30	37	40	32	25	114	#
349	620225	25	26	24	18	17	11	33	31	27	19	10	114	#
350	598060	40	33	34	26	39	41	20	31	13	32	38	114	#
351	583514	39	46	32	33	26	40	34	19	20	38	31	114	#
352	546461	31	30	37	38	29	36	35	43	45	44	32	114	#
353	524253	12	13	11	20	10	6	26	5	4	27	32	114	#
354	760544	15	44	21	16	43	22	14	23	29	28	38	115	#
355	810602	44	37	43	38	45	46	30	23	47	42	24	115	#
356	803269	28	29	21	22	36	37	43	35	1	8	42	115	#
357	789731	23	30	16	36	29	17	21	10	37	44	18	115	#
358	731596	43	44	37	45	38	36	29	39	30	21	35	115	#
359	639433	21	22	29	23	30	28	37	15	38	14	16	115	#
360	798852	1	8	15	0	14	7	21	2	16	9	28	3	29	22	17	30	116	#
361	970869	7	14	8	0	1	15	21	29	28	30	2	37	36	25	38	24	116	#
362	956471	28	29	22	35	36	43	37	44	30	38	45	21	42	23	39	40	116	#
363	932943	22	21	29	15	14	28	8	16	1	35	36	17	10	5	43	44	116	#
364	924787	30	37	36	29	21	35	38	22	23	39	44	43	31	42	24	28	116	#
365	831464	21	29	36	22	30	23	37	44	31	28	35	43	16	42	24	45	116	#
366	163653	34	41	33	117	#
367	158483	34	27	26	117	#
368	129907	33	26	34	117	#
369	153895	11	18	10	12	118	#
370	228028	11	18	25	10	118	#
371	178951	10	3	2	9	118	#
372	86166	12	13	19	11	118	#
373	196674	3	10	9	17	119	#
374	259902	17	16	9	23	119	#
375	167277	9	2	1	0	119	#
376	158970	3	4	5	2	119	#
377	120601	10	3	4	11	119	#
378	254769	6	13	20	12	26	120	#
379	363910	13	20	6	12	5	120	#
380	337587	20	19	12	26	5	120	#
381	318221	26	32	20	19	27	120	#
382	289867	6	13	20	19	26	120	#
383	250981	12	5	13	11	18	120	#
384	727742	37	44	10	30	31	23	24	17	3	29	4	21	121	#
385	1013108	37	44	38	43	48	41	45	36	47	34	29	42	121	#
386	814390	4	5	11	3	10	9	16	2	12	17	13	6	121	#
387	805315	29	21	15	14	7	28	30	31	36	32	43	39	121	#
388	785161	44	43	42	35	36	45	37	30	46	39	40	29	121	#
389	773766	23	30	16	25	9	32	17	37	29	34	41	33	121	#
390	35548	0	#
391	232629	43	42	36	122	#
392	301473	42	35	36	122	#
393	249998	36	35	37	122	#
394	237581	43	36	44	122	#
395	821272	37	44	43	30	42	31	35	36	38	28	123	#
396	835259	28	35	21	15	36	8	43	42	1	14	123	#
397	815641	36	43	37	30	38	35	42	44	28	21	123	#
398	774832	43	36	29	42	30	37	22	35	8	44	123	#
399	773984	35	36	42	43	37	44	30	45	46	31	123	#
400	724633	44	37	36	43	35	29	28	42	30	39	123	#
401	462678	1	0	7	8	14	15	16	17	21	24	2	124	#
402	623977	16	15	17	8	21	14	28	29	35	7	1	124	#
403	596817	17	16	15	14	24	21	30	9	3	37	28	124	#
404	593113	8	1	2	0	42	43	44	35	28	29	21	124	#
405	565878	14	15	16	8	17	0	18	10	25	11	26	124	#
406	522760	24	25	26	33	32	40	27	31	30	34	19	124	#
407	848079	19	12	20	26	25	24	13	33	31	32	34	39	46	11	38	5	125	#
408	1072534	33	26	40	34	32	39	25	43	19	27	41	18	46	12	45	44	125	#
409	1023707	24	25	17	18	19	11	31	12	10	32	30	3	20	13	2	27	125	#
410	996506	20	26	19	27	12	18	25	33	11	32	4	5	34	41	13	10	125	#
411	981487	12	13	19	20	5	11	18	26	33	6	32	27	2	25	3	4	125	#
412	976915	38	37	44	45	39	32	46	26	43	27	33	20	40	25	19	34	125	#
413	140604	1	0	8	126	#
414	175291	1	43	0	126	#
415	160897	8	15	14	126	#
416	126607	9	2	127	#
417	144825	2	3	127	#
418	756425	27	20	26	19	14	32	13	6	15	12	25	128	#
419	728678	6	13	20	27	19	26	18	11	32	39	38	128	#
420	683140	13	6	12	11	10	3	18	19	25	40	4	128	#
421	665342	26	19	27	20	43	42	25	18	32	17	16	128	#
422	627118	27	20	26	34	19	18	13	6	32	12	25	128	#
423	622190	20	27	26	19	13	25	12	11	4	18	3	128	#
424	734624	37	38	36	39	32	35	30	28	29	22	33	129	#
425	896354	32	39	38	46	47	37	40	48	25	36	41	129	#
426	821794	37	36	43	30	38	29	48	42	47	41	23	129	#
427	739790	28	29	35	26	36	44	32	30	39	33	37	129	#
428	728596	38	45	46	44	48	40	37	47	33	34	36	129	#
429	727420	30	31	32	24	37	23	39	36	44	25	33	129	#
430	235373	28	35	29	36	43	18	22	130	#
431	347829	43	42	35	26	33	28	19	130	#
432	347605	29	28	36	43	44	21	15	130	#
433	345423	28	35	36	21	42	37	44	130	#
434	297667	18	25	12	26	5	19	11	130	#
435	273201	35	28	42	43	21	36	29	130	#
436	385630	19	26	27	25	20	34	131	#
437	563176	34	27	41	48	32	33	131	#
438	457070	26	33	27	19	39	18	131	#
439	407091	25	26	33	19	32	34	131	#
440	400229	19	20	26	33	27	32	131	#
441	384945	27	26	32	33	34	31	131	#
442	514856	25	32	18	26	27	33	40	19	46	132	#
443	681470	40	46	33	45	44	39	43	34	36	132	#
444	628337	26	20	25	32	24	27	39	19	46	132	#
445	619855	32	39	46	1	0	38	40	45	33	132	#
446	607255	33	40	39	42	32	26	46	31	47	132	#
447	601745	46	45	39	32	44	40	37	33	26	132	#
448	296448	6	13	20	19	12	11	133	#
449	358927	11	10	3	9	2	4	133	#
450	341302	6	13	12	20	27	11	133	#
451	309208	13	20	27	6	12	19	133	#
452	212373	12	5	38	19	18	45	133	#
453	157826	20	27	34	26	33	40	133	#
454	424276	33	34	27	41	26	19	40	134	#
455	579266	41	48	40	39	38	46	47	134	#
456	569815	34	41	48	27	26	19	47	134	#
457	416460	33	34	27	26	40	46	41	134	#
458	373872	19	20	27	26	32	39	33	134	#
459	369234	27	20	19	22	26	25	12	134	#
460	483420	15	8	1	7	16	21	9	14	22	135	#
461	520339	1	0	46	8	7	45	14	47	15	135	#
462	478767	15	8	1	0	7	16	23	14	22	135	#
463	468085	22	29	28	21	15	30	8	23	7	135	#
464	454493	14	7	0	1	15	2	9	3	21	135	#
465	445423	8	1	0	15	7	14	16	9	2	135	#
466	132402	19	20	26	32	31	136	#
467	195280	19	18	11	26	10	136	#
468	172070	31	32	30	37	26	136	#
469	132418	20	26	19	25	18	136	#
470	72243	18	25	#
471	277578	6	13	20	26	19	33	137	#
472	372705	19	20	13	27	6	10	137	#
473	331540	20	13	6	27	19	26	137	#
474	209485	13	20	6	26	19	32	137	#
475	177906	26	20	25	24	19	32	137	#
476	21038	40	#
477	1371709	1	2	17	16	10	9	0	24	11	31	32	15	8	3	18	12	33	19	26	25	7	14	27	5	40	46	4	30	138	#
478	1699500	31	30	24	32	25	17	18	16	26	23	10	3	4	11	37	44	5	39	22	38	21	40	33	47	48	34	27	43	138	#
479	1635846	40	41	33	47	46	48	32	31	26	6	30	27	34	20	19	25	35	42	39	18	24	17	10	16	15	14	36	37	138	#
480	1569247	46	47	48	45	40	33	39	34	41	26	38	27	32	31	44	20	19	25	30	37	18	24	13	17	10	29	16	36	138	#
481	1553360	5	4	12	11	18	25	13	20	19	24	10	6	17	26	31	32	30	33	34	27	40	23	46	41	48	47	29	16	138	#
482	1529577	25	24	26	14	32	18	31	11	39	33	27	34	22	29	20	10	38	41	4	23	48	40	47	13	30	36	6	17	138	#
483	891390	40	39	46	47	32	31	41	34	33	30	29	22	23	24	28	139	#
484	1018638	34	41	33	48	40	47	46	39	32	45	31	44	43	42	30	139	#
485	956453	31	39	30	32	40	29	46	23	33	47	26	22	41	27	36	139	#
486	935733	41	34	48	33	27	20	47	46	40	32	43	26	39	31	38	139	#
487	906940	39	32	40	46	41	33	34	31	45	38	47	24	17	27	30	139	#
488	856644	46	45	40	38	44	43	33	32	39	41	36	37	47	26	30	139	#
489	80950	38	37	140	#
490	104478	38	39	140	#
491	177827	14	15	141	#
492	132497	15	8	141	#
493	140492	37	30	44	31	142	#
494	179261	30	29	23	21	142	#
495	142870	31	24	17	18	142	#
496	395098	40	33	34	43	41	143	#
497	408562	34	41	40	39	48	143	#
498	392437	41	34	40	46	48	143	#
499	364820	40	41	47	33	26	143	#
500	363320	43	42	36	29	21	143	#
501	165984	33	32	31	20	34	143	#
502	407852	17	24	18	16	11	4	31	30	23	5	144	#
503	562211	4	3	10	2	11	18	25	17	24	32	144	#
504	548039	30	37	34	44	7	38	23	39	31	24	144	#
505	533310	18	17	16	24	10	19	25	32	26	12	144	#
506	520523	16	17	15	8	24	18	25	23	7	14	144	#
507	517455	17	10	24	25	18	19	26	32	20	31	144	#
508	120724	44	#
509	267128	8	7	15	14	21	0	145	#
510	377642	0	7	1	8	14	2	145	#
511	361606	14	7	15	21	8	22	145	#
512	346766	21	29	28	22	36	30	145	#
513	301140	7	0	1	14	15	8	145	#
514	277005	15	21	8	1	7	0	145	#
515	71186	26	32	#
516	1270221	38	39	37	44	36	46	47	40	32	25	45	43	42	30	33	24	146	#
517	1429520	37	38	45	39	36	44	43	42	35	46	28	47	48	30	21	15	146	#
518	1425785	44	45	43	37	36	33	38	32	39	35	46	47	42	31	48	30	146	#
519	1268061	30	37	44	48	38	36	29	43	39	35	40	28	46	45	47	31	146	#
520	1245169	42	35	43	28	44	36	45	37	30	31	38	21	15	22	29	23	146	#
521	1239244	36	35	37	29	30	38	2	22	3	1	43	28	20	9	44	42	146	#
522	119110	33	#
523	322140	40	47	48	41	46	39	32	147	#
524	388934	46	39	47	40	41	33	34	147	#
525	380388	48	41	35	28	40	36	37	147	#
526	349743	39	46	40	32	41	47	34	147	#
527	311060	47	48	46	39	38	32	25	147	#
528	296490	41	34	40	33	39	38	32	147	#
529	215035	19	20	18	26	148	#
530	271315	20	19	27	26	148	#
531	256499	26	33	32	27	148	#
532	248648	19	26	32	33	148	#
533	333253	43	44	45	36	149	#
534	306622	44	45	43	46	149	#
535	266954	45	44	46	38	149	#
536	256589	43	44	13	45	149	#
537	187573	36	29	21	22	149	#
538	889901	15	21	29	14	7	8	16	28	22	35	0	30	23	17	1	18	25	37	11	20	150	#
539	1258754	7	44	0	37	14	43	36	29	21	4	1	30	38	35	15	8	2	5	28	11	150	#
540	1179540	29	30	37	21	36	38	15	28	14	39	46	47	45	44	40	7	35	0	48	32	150	#
541	1160474	35	28	36	29	21	42	37	22	15	8	14	16	9	24	3	43	17	38	10	2	150	#
542	1149052	22	21	23	28	29	30	37	35	38	31	39	36	15	42	14	7	40	41	44	34	150	#
543	1120177	8	7	14	15	0	21	29	28	22	1	36	2	16	37	9	30	17	31	44	10	150	#
544	1388160	20	26	13	12	33	25	18	19	34	40	11	32	39	27	24	31	46	29	45	17	30	47	21	38	48	22	23	28	41	44	151	#
545	1630517	33	32	40	34	25	31	41	27	48	46	39	47	45	24	26	38	44	4	3	43	11	20	13	18	36	35	42	28	12	9	151	#
546	1615203	34	27	41	48	47	46	39	40	32	31	20	33	26	38	45	13	30	24	35	25	19	36	12	6	18	17	16	37	44	5	151	#
547	1601137	13	12	20	27	26	25	0	34	41	24	6	32	31	39	11	15	33	8	7	18	21	48	1	2	46	19	40	45	5	14	151	#
548	1566621	11	12	19	18	13	20	6	25	4	3	17	24	5	27	10	34	41	9	26	2	48	40	47	1	32	46	45	8	31	38	151	#
549	1558235	27	20	26	25	33	18	40	46	17	11	24	12	32	39	45	5	31	34	13	10	41	4	16	38	47	44	43	48	23	36	151	#
550	555977	29	28	30	21	22	23	36	37	44	43	15	152	#
551	758511	44	45	38	37	46	43	40	33	41	34	39	152	#
552	664379	36	43	31	30	37	24	17	42	44	18	29	152	#
553	652174	43	36	35	42	37	38	29	44	28	39	21	152	#
554	603383	30	31	32	26	27	39	40	33	34	41	38	152	#
555	597172	15	16	24	31	8	25	23	17	1	32	18	152	#
556	331952	14	15	21	29	7	0	28	153	#
557	411669	28	21	29	22	30	37	23	153	#
558	399618	21	28	15	16	29	30	22	153	#
559	386206	0	1	2	9	8	7	3	153	#
560	374605	7	0	1	8	2	15	14	153	#
561	333517	14	15	7	0	21	16	1	153	#
562	672217	27	26	20	19	12	32	39	31	40	48	46	11	47	154	#
563	832414	48	41	34	40	39	47	46	38	33	37	26	45	36	154	#
564	806073	39	40	47	32	38	31	26	19	48	33	34	46	18	154	#
565	787313	47	48	46	40	33	32	34	26	27	31	41	25	30	154	#
566	784045	46	45	47	44	31	43	24	25	42	35	28	17	40	154	#
567	777710	40	47	46	16	17	45	44	43	37	48	24	15	42	154	#
568	405833	6	13	12	11	18	35	20	155	#
569	563391	6	13	12	5	19	4	11	155	#
570	457639	12	11	4	13	20	5	10	155	#
571	445838	35	28	36	21	15	43	42	155	#
572	422956	11	12	5	4	19	18	20	155	#
573	379171	13	6	12	19	20	11	26	155	#
574	1173639	46	39	45	38	32	44	25	40	47	33	48	41	34	24	31	30	17	16	10	18	19	12	156	#
575	1348958	45	46	40	47	44	43	42	36	39	35	37	32	29	38	26	25	30	41	24	33	27	48	156	#
576	1308906	17	10	11	35	36	4	18	37	5	3	43	2	38	42	25	26	33	1	24	39	32	19	156	#
577	1286924	48	41	34	33	40	39	38	32	47	26	25	27	46	31	20	4	37	5	44	13	45	36	156	#
578	1277492	34	33	45	38	36	39	46	40	35	42	32	24	28	17	43	41	44	37	25	18	31	26	156	#
579	1273378	18	19	20	26	27	11	25	10	34	41	12	48	17	32	33	31	39	13	46	5	38	6	156	#
580	705539	7	0	8	1	15	14	2	9	21	29	16	28	3	23	22	30	31	157	#
581	1033446	21	28	35	42	29	15	16	30	1	2	3	37	38	31	36	14	24	157	#
582	989906	1	2	3	8	39	9	10	11	40	46	47	48	41	4	12	15	38	157	#
583	959569	7	0	1	8	2	9	3	15	10	16	17	30	31	14	29	37	44	157	#
584	943859	31	30	37	24	38	29	25	36	26	19	20	45	17	13	27	10	16	157	#
585	932645	2	3	10	1	9	8	17	16	7	11	23	30	0	37	38	44	4	157	#
586	113655	26	20	19	158	#
587	161039	20	26	27	158	#
588	19989	20	#
589	203022	32	33	26	159	#
590	184887	33	32	39	159	#
591	175334	32	39	25	159	#
592	139346	26	33	19	159	#
593	2469523	18	17	10	25	3	11	24	26	4	19	12	2	20	5	33	32	31	34	9	41	40	27	30	39	46	38	16	29	37	13	1	45	15	36	14	47	35	23	0	22	21	28	44	8	48	160	#
594	2637358	48	23	47	22	41	21	15	16	29	34	8	30	9	31	14	24	27	33	3	26	19	2	20	37	36	40	43	44	4	39	13	32	28	12	1	6	17	11	35	46	7	5	10	45	0	160	#
595	2603804	24	31	32	26	17	30	19	20	39	40	18	13	12	41	33	47	46	44	11	16	37	45	5	48	6	4	10	3	43	29	36	9	34	38	23	27	35	22	25	28	21	42	2	15	8	160	#
596	2602076	4	5	12	11	13	10	17	19	26	27	16	20	9	18	3	24	2	25	31	15	8	21	28	6	14	7	1	32	22	29	30	37	35	36	23	33	43	34	0	44	49	41	40	42	47	160	#
597	2592785	19	12	13	6	18	11	45	10	26	20	46	21	15	5	38	22	33	17	23	30	44	31	47	7	37	40	34	0	8	25	48	16	27	41	14	4	39	29	28	32	35	3	43	24	2	160	#
598	2592569	38	45	37	44	30	46	29	2	39	28	21	35	1	32	40	42	0	43	36	9	3	26	41	31	33	20	34	47	22	8	7	27	19	24	18	11	4	13	6	48	25	14	5	15	12	160	#
599	148681	18	17	3	16	9	161	#
600	210815	9	2	1	0	7	161	#
601	205986	18	25	11	17	10	161	#
602	182319	3	9	2	16	17	161	#
603	158620	16	15	23	17	22	161	#
604	135885	6	13	162	#
605	66415	13	20	162	#
606	824164	43	36	35	44	37	38	45	10	3	11	30	39	46	163	#
607	856123	43	42	44	45	37	30	38	27	23	34	41	36	22	163	#
608	805421	45	38	44	37	36	46	43	39	30	47	40	32	41	163	#
609	788845	11	4	3	10	17	12	9	5	2	16	19	26	1	163	#
610	784870	44	45	46	43	38	40	1	2	47	39	36	8	32	163	#
611	711960	10	17	18	11	16	12	4	2	19	25	9	5	23	163	#
612	93023	11	10	164	#
613	66084	11	4	164	#
614	469800	46	45	40	44	33	39	38	47	34	32	165	#
615	662960	44	37	43	42	30	17	31	29	21	36	165	#
616	641594	38	45	37	46	44	30	36	23	43	47	165	#
617	635857	47	40	33	46	45	48	41	32	34	25	165	#
618	622850	34	27	33	41	48	40	32	46	20	13	165	#
619	613533	45	38	46	37	44	43	39	36	10	17	165	#
620	138554	22	29	166	#
621	123978	22	8	166	#
622	78406	29	28	166	#
623	124601	34	#
624	438996	15	14	21	28	22	35	16	9	8	7	167	#
625	649965	9	16	2	3	1	0	10	7	17	23	167	#
626	634112	35	28	36	43	29	21	42	30	23	2	167	#
627	566726	21	28	35	22	15	42	36	29	43	14	167	#
628	559900	22	29	36	35	30	28	23	21	31	32	167	#
629	513199	7	0	8	14	15	1	21	32	39	2	167	#
630	779717	27	12	11	34	13	5	6	18	20	4	26	33	32	25	19	39	31	168	#
631	975064	5	4	11	3	47	40	12	13	48	2	41	34	6	10	33	39	1	168	#
632	947158	13	6	12	5	19	20	26	18	25	36	27	43	35	34	42	29	21	168	#
633	947050	32	33	39	26	40	19	34	47	46	25	18	27	31	17	48	24	16	168	#
634	897889	6	13	12	20	19	26	5	33	27	32	11	25	10	39	46	18	24	168	#
635	880591	20	27	26	34	33	19	18	13	12	6	17	32	16	15	24	39	46	168	#
636	1839864	0	7	8	15	1	2	14	3	10	16	23	11	12	46	17	22	5	4	13	20	24	26	9	29	33	47	34	41	39	37	44	43	169	#
637	2245690	39	46	40	47	45	44	41	38	48	33	37	32	25	26	27	20	31	34	43	36	19	24	12	42	13	30	23	17	5	11	18	6	169	#
638	2077583	33	26	34	32	40	25	39	18	38	46	27	24	47	17	48	41	19	20	13	12	45	11	16	44	31	15	23	30	10	29	6	8	169	#
639	2072624	46	47	39	32	40	4	5	33	41	34	48	11	12	18	38	19	27	26	20	31	45	10	17	30	23	3	24	22	16	13	37	6	169	#
640	2067197	4	11	3	10	12	18	13	19	20	25	24	6	31	9	27	32	16	7	14	0	26	5	15	30	23	17	37	33	44	34	8	38	169	#
641	2067190	34	33	40	27	20	26	39	19	25	41	48	12	32	11	4	38	46	47	18	13	6	5	17	10	37	45	31	24	44	3	30	29	169	#
642	107715	1	8	#
643	1723212	40	46	39	38	45	32	25	44	43	31	47	42	33	18	48	36	30	29	22	37	21	28	24	35	11	41	10	17	26	170	#
644	2033399	22	7	21	29	30	36	8	31	28	46	47	15	35	43	24	16	40	0	39	14	25	1	44	37	17	33	23	2	41	170	#
645	2017366	31	30	23	29	27	34	21	15	16	22	41	35	24	40	8	9	46	42	47	33	20	36	43	14	28	17	7	6	39	170	#
646	1982838	38	39	40	46	47	33	45	37	8	44	32	25	31	18	19	6	15	21	11	20	22	27	41	12	10	30	36	17	14	170	#
647	1938811	36	35	37	38	28	43	42	44	21	15	8	45	14	22	30	23	31	32	16	33	7	39	25	29	40	18	19	11	10	170	#
648	1904293	42	35	43	28	36	29	22	30	44	8	37	23	21	38	17	45	39	46	16	7	47	40	9	18	48	33	24	31	25	170	#
649	1237776	21	29	30	36	22	37	35	2	23	9	28	31	24	44	38	3	43	16	1	45	17	42	25	32	171	#
650	1527466	42	43	35	36	29	44	21	45	22	30	28	37	31	38	46	40	15	14	41	39	48	47	34	33	171	#
651	1506545	22	21	29	28	36	37	15	35	45	30	46	40	31	44	14	43	42	39	47	38	24	48	41	33	171	#
652	1467029	43	44	45	42	38	46	37	30	36	39	35	40	33	29	47	28	21	31	41	23	34	27	20	22	171	#
653	1464459	44	43	45	38	3	9	20	13	4	11	12	19	18	42	27	35	5	2	25	36	1	46	39	8	171	#
654	1424693	31	23	30	24	17	16	29	37	15	40	36	9	46	20	14	27	3	33	5	44	10	47	38	45	171	#
655	1257499	32	31	39	38	33	40	24	47	26	48	46	25	41	34	19	27	37	30	20	45	17	10	11	44	29	4	3	5	21	13	172	#
656	1579964	33	40	26	27	20	32	34	47	13	48	25	12	19	6	44	43	5	37	39	38	4	36	29	35	46	11	41	30	42	18	172	#
657	1563113	27	20	13	12	7	19	26	33	5	37	36	35	34	32	41	0	8	4	3	40	47	31	48	1	14	29	22	15	25	28	172	#
658	1520479	3	10	11	2	4	1	17	12	5	43	8	9	46	24	7	16	18	0	30	47	13	14	48	20	26	42	19	23	6	25	172	#
659	1512894	20	13	26	12	19	11	27	34	5	4	41	32	33	3	48	6	8	40	31	2	25	9	1	24	39	10	7	46	47	0	172	#
660	1481694	31	32	39	30	26	40	37	44	38	20	27	47	19	13	6	45	12	43	46	48	5	18	17	29	22	23	36	41	33	25	172	#
661	190655	11	10	17	28	173	#
662	221053	10	17	4	3	173	#
663	205980	11	10	17	4	173	#
664	204345	28	35	42	43	173	#
665	182047	17	30	31	16	173	#
666	221132	16	15	17	46	10	45	8	174	#
667	322933	10	3	17	11	9	12	18	174	#
668	317104	8	7	14	15	16	23	9	174	#
669	309667	17	24	31	32	18	25	30	174	#
670	288792	46	45	38	40	43	36	29	174	#
671	269850	15	8	1	2	14	16	23	174	#
672	333829	20	19	27	26	12	175	#
673	384802	27	20	26	19	32	175	#
674	357284	26	33	27	32	34	175	#
675	255860	19	26	12	32	18	175	#
676	223509	20	26	13	25	24	175	#
677	171566	12	30	11	4	29	175	#
678	8631	19	20	26	32	#
679	1102694	26	27	19	20	32	22	25	33	24	12	29	34	36	30	41	13	48	31	11	23	43	4	176	#
680	1311526	34	27	41	40	47	26	48	46	33	19	20	13	32	25	45	38	31	37	24	39	6	36	176	#
681	1269298	48	41	47	34	27	40	46	33	26	45	19	32	18	39	38	25	37	30	17	16	29	36	176	#
682	1189976	43	44	45	37	36	42	35	38	39	40	32	29	47	22	28	21	46	33	31	41	24	48	176	#
683	1173201	33	26	27	32	40	47	19	12	48	31	46	41	13	5	11	34	4	39	24	25	20	17	176	#
684	1173084	20	13	26	19	6	33	32	31	34	41	25	45	39	38	48	27	40	46	47	18	37	30	176	#
685	58772	40	#
686	2019350	25	32	33	24	18	31	40	46	17	47	10	13	3	5	34	15	8	39	38	20	19	26	45	44	4	27	21	14	9	7	11	0	22	16	43	30	12	28	177	#
687	2314087	26	20	19	12	32	18	27	13	39	25	38	31	45	24	17	44	46	33	6	37	11	43	40	34	36	28	5	47	16	42	10	9	48	15	21	3	29	2	177	#
688	2311292	46	39	40	38	37	33	45	25	26	32	44	12	5	20	19	27	41	43	18	36	13	4	48	24	3	47	10	17	31	34	30	29	11	2	23	6	16	42	177	#
689	2300700	44	45	37	25	32	43	40	8	39	33	38	36	24	46	17	15	21	26	18	16	23	19	34	9	30	42	3	22	41	31	29	27	48	7	47	35	10	11	177	#
690	2289799	34	27	20	41	26	33	13	32	40	39	19	47	38	45	46	48	25	12	37	18	24	31	30	36	35	44	43	42	11	17	6	29	28	23	16	5	10	15	177	#
691	2289552	39	38	40	45	37	44	36	43	42	33	29	32	28	26	6	12	19	34	20	31	27	24	25	22	13	17	35	21	47	16	9	48	30	41	10	46	18	11	177	#
692	75825	31	30	178	#
693	62373	30	29	178	#
694	129353	23	22	16	29	179	#
695	168397	29	22	36	35	179	#
696	131107	22	23	16	15	179	#
697	22584	23	16	30	31	179	#
698	116591	22	23	29	180	#
699	141000	29	30	28	180	#
700	117295	23	16	22	180	#
701	929978	10	11	16	15	23	17	18	25	22	24	3	31	26	12	19	29	30	28	33	32	181	#
702	1337507	25	32	39	26	33	6	19	13	40	12	41	48	38	34	18	20	11	47	27	46	181	#
703	1211325	19	18	12	5	11	20	4	3	26	10	33	34	2	17	41	32	1	48	0	31	181	#
704	1210686	26	33	25	32	39	31	46	20	47	27	45	38	19	24	40	18	34	12	17	48	181	#
705	1152773	17	10	18	11	24	25	31	32	4	12	13	33	26	19	3	2	20	34	39	41	181	#
706	1143052	24	25	26	32	31	18	44	28	17	35	10	7	33	42	20	14	19	43	36	27	181	#
707	89387	14	7	182	#
708	108442	14	15	182	#
709	275614	9	3	2	4	16	17	183	#
710	402787	2	9	3	10	1	32	183	#
711	362665	3	10	2	9	4	1	183	#
712	322928	9	3	4	2	5	11	183	#
713	293240	4	11	5	18	19	20	183	#
714	253868	17	18	19	24	43	16	183	#
715	1133939	22	29	23	36	21	37	16	28	17	9	43	30	3	42	15	8	1	35	44	38	10	184	#
716	1510315	37	5	30	12	36	4	49	13	19	38	45	23	18	17	43	20	44	6	27	16	26	184	#
717	1269205	16	23	17	10	30	24	45	3	4	25	26	18	38	22	9	32	19	31	36	33	43	184	#
718	1266135	42	43	36	37	38	45	39	35	44	46	40	47	48	29	30	41	28	21	11	18	33	184	#
719	1261989	3	28	2	21	29	22	9	23	36	16	17	15	37	43	1	30	10	18	19	38	20	184	#
720	1256124	9	24	2	17	3	16	25	23	1	30	31	37	32	18	26	38	27	22	39	20	10	184	#
721	780990	1	8	0	7	15	21	29	28	30	19	12	16	20	13	23	6	185	#
722	996811	12	19	11	18	4	41	5	40	27	3	46	47	26	32	33	31	185	#
723	996353	30	29	21	28	37	40	36	44	41	47	22	43	23	46	31	39	185	#
724	928417	1	2	0	8	7	14	3	9	10	43	47	36	11	42	29	37	185	#
725	927269	7	8	1	0	15	47	40	33	16	9	26	39	48	46	32	25	185	#
726	898654	6	13	12	20	19	11	18	26	4	3	27	33	2	40	25	1	185	#
727	85113	33	40	186	#
728	79135	33	26	186	#
729	66198	40	47	186	#
730	236151	48	41	34	187	#
731	188949	41	48	40	187	#
732	140242	34	33	26	187	#
733	417901	35	36	28	43	5	23	188	#
734	463641	43	44	36	29	42	37	188	#
735	462359	36	14	44	15	45	43	188	#
736	368843	35	36	29	22	28	21	188	#
737	327097	5	4	12	3	10	31	188	#
738	252113	28	21	29	30	22	15	188	#
739	284960	36	29	43	42	189	#
740	335779	43	36	42	44	189	#
741	275315	36	43	42	35	189	#
742	210436	29	28	21	22	189	#
743	2421341	38	45	39	32	26	46	27	20	37	31	34	25	36	13	12	6	30	23	44	40	24	19	17	29	33	8	22	21	28	41	43	47	16	9	3	15	2	4	18	7	0	48	14	42	35	190	#
744	2561381	38	39	37	36	29	40	46	28	35	45	22	44	32	43	1	47	21	33	30	26	15	42	8	23	25	0	34	14	19	6	13	41	12	5	48	4	27	11	20	24	17	10	3	31	18	190	#
745	2544198	47	40	33	26	32	34	20	25	41	27	13	39	48	6	19	18	31	12	30	29	22	24	21	15	46	23	38	37	11	17	10	36	45	4	28	35	8	5	1	14	7	43	3	2	44	190	#
746	2504212	27	34	33	32	20	26	25	39	19	12	38	24	45	17	11	18	46	44	5	40	10	43	37	31	42	4	3	13	41	9	30	48	29	36	22	47	21	35	2	16	28	6	1	15	14	190	#
747	2504015	14	7	0	1	13	6	12	5	4	19	20	27	34	26	3	33	32	8	25	31	41	2	30	23	15	18	37	17	36	9	10	21	11	24	48	43	29	44	22	16	38	45	47	40	28	190	#
748	2503618	2	9	3	1	4	16	15	5	21	8	23	17	30	37	31	32	14	25	10	26	33	28	34	44	29	18	24	45	40	27	11	20	41	19	12	48	13	22	43	46	38	36	6	35	42	190	#
749	339623	32	39	40	25	191	#
750	408973	40	46	41	48	191	#
751	373086	39	38	46	45	191	#
752	294773	32	33	26	25	191	#
753	114202	25	24	18	31	191	#
754	873568	9	16	17	2	3	4	23	22	11	21	1	10	192	#
755	860456	23	30	37	16	17	10	24	31	15	18	44	22	192	#
756	828629	11	12	5	48	18	4	41	10	19	3	26	25	192	#
757	828116	3	4	11	10	17	18	19	9	12	25	5	24	192	#
758	824041	16	9	15	23	14	3	22	17	4	11	29	30	192	#
759	817142	2	9	3	16	15	4	21	5	8	11	18	22	192	#
760	97139	11	10	18	19	12	193	#
761	139181	10	11	12	19	13	193	#
762	1106224	5	4	12	11	19	20	3	18	9	13	10	2	26	27	6	25	16	17	23	33	194	#
763	1266016	6	13	12	20	5	19	18	27	34	41	11	4	10	17	25	43	36	40	44	26	194	#
764	1189360	33	26	40	46	19	47	32	39	41	38	45	37	48	34	14	7	25	44	8	27	194	#
765	1161143	4	5	11	3	12	41	9	30	40	23	48	18	16	15	17	34	14	46	19	27	194	#
766	1128932	13	20	27	12	19	6	18	34	5	26	38	45	41	32	46	40	11	33	44	4	194	#
767	1089104	12	11	13	4	6	19	18	5	20	25	27	3	10	9	26	43	42	24	17	32	194	#
768	802222	42	35	43	28	21	36	29	44	22	30	31	23	16	195	#
769	994650	44	45	38	37	39	36	43	46	30	7	29	47	42	195	#
770	928797	43	36	35	42	29	44	28	21	22	30	23	37	38	195	#
771	882555	28	35	42	36	29	21	30	37	23	43	44	38	45	195	#
772	853265	16	15	14	8	7	0	23	37	30	44	29	22	17	195	#
773	852357	29	36	37	30	23	22	38	28	35	20	19	26	16	195	#
774	1536164	46	47	48	40	41	34	33	27	26	19	18	11	20	12	10	32	4	43	39	5	42	25	13	31	24	196	#
775	1718326	31	24	25	18	47	32	46	26	11	48	27	33	17	37	41	20	3	44	2	36	1	34	10	9	35	196	#
776	1675920	46	47	45	40	44	43	48	41	39	38	42	35	28	36	33	26	20	37	13	29	32	19	30	25	24	196	#
777	1638618	42	35	36	37	43	28	29	44	30	21	47	38	23	45	22	39	40	33	26	19	15	18	46	14	48	196	#
778	1605939	41	40	39	38	46	32	45	44	47	33	34	48	25	26	43	19	24	20	13	27	17	2	9	18	16	196	#
779	1545236	27	26	32	20	39	46	40	38	41	37	36	48	17	34	47	45	30	28	25	23	33	24	29	44	31	196	#
780	419745	27	26	20	25	24	19	33	197	#
781	499524	20	13	6	29	21	27	12	197	#
782	473055	33	32	34	39	40	47	25	197	#
783	467063	19	37	26	3	10	44	4	197	#
784	407886	27	26	34	20	25	19	12	197	#
785	380144	26	33	25	27	32	31	20	197	#
786	565748	11	10	12	13	20	22	18	19	23	16	198	#
787	711478	20	27	19	13	26	12	6	11	10	34	198	#
788	641790	16	17	24	10	9	15	2	8	3	18	198	#
789	613895	10	17	16	11	24	15	4	5	18	23	198	#
790	576240	19	12	5	26	20	27	34	25	32	41	198	#
791	563939	12	19	13	11	18	26	20	47	25	24	198	#
792	413256	40	41	48	47	199	#
793	375009	47	48	41	34	199	#
794	324843	40	47	33	48	199	#
795	253353	48	47	40	39	199	#
796	198123	21	29	30	200	#
797	177305	29	22	23	200	#
798	155915	30	31	32	200	#
799	107708	21	15	16	200	#
800	294574	35	42	36	43	28	201	#
801	360214	43	36	44	42	37	201	#
802	358771	42	35	36	28	10	201	#
803	292423	35	28	2	3	10	201	#
804	247508	36	35	43	41	29	201	#
805	101641	28	21	29	15	14	201	#
806	824466	30	29	21	28	15	31	24	36	22	16	23	7	14	34	0	41	37	48	44	202	#
807	1077159	41	48	34	27	40	20	13	19	33	32	39	11	26	46	10	12	5	3	45	202	#
808	969227	34	41	48	40	47	46	27	45	26	32	20	13	19	44	37	31	39	12	6	202	#
809	951120	0	1	18	19	17	26	10	11	32	25	27	20	7	33	12	8	16	13	40	202	#
810	933475	23	22	16	29	9	36	15	37	21	26	17	24	35	20	28	10	13	32	3	202	#
811	921778	30	37	23	22	16	11	44	36	45	29	38	46	18	39	1	10	0	17	2	202	#
812	265710	43	36	37	203	#
813	345029	43	36	44	203	#
814	251358	37	36	38	203	#
815	225049	36	29	43	203	#
816	1767294	24	25	31	32	39	40	33	26	18	30	47	34	23	49	20	19	16	41	38	46	15	12	8	14	17	1	0	7	21	48	11	29	22	204	#
817	1909765	32	33	26	25	20	18	39	31	19	30	34	27	23	17	10	13	40	16	41	22	48	29	12	21	11	24	47	36	9	6	15	5	43	204	#
818	1877762	25	24	32	6	13	26	33	31	30	23	19	20	18	28	40	29	22	39	21	15	37	27	11	47	34	12	41	36	8	38	44	5	16	204	#
819	1839802	22	23	21	29	15	30	28	41	48	36	14	40	16	9	35	37	42	8	1	2	38	39	44	43	46	32	47	45	4	7	5	3	0	204	#
820	1836481	20	19	27	12	13	26	11	25	5	18	34	10	4	31	32	15	41	39	16	9	48	33	24	21	30	29	3	23	1	8	47	40	46	204	#
821	1797806	29	28	21	30	31	15	22	36	32	16	9	26	1	37	23	35	47	39	43	2	48	19	18	27	42	12	20	25	33	44	38	45	34	204	#
822	145744	0	7	1	205	#
823	153730	1	2	43	205	#
824	141221	7	0	8	205	#
825	138835	0	1	44	205	#
826	1024939	36	43	44	29	37	30	28	35	21	22	42	15	38	31	8	14	1	7	206	#
827	1169528	35	34	33	41	32	26	39	46	36	19	27	40	29	31	42	43	28	47	206	#
828	1159131	38	45	44	46	37	43	40	33	41	1	47	8	36	26	39	15	29	16	206	#
829	1155462	43	42	44	45	38	18	39	11	36	32	46	40	41	34	27	35	47	26	206	#
830	1120698	42	35	43	44	28	21	6	36	29	30	22	45	46	47	40	23	39	48	206	#
831	1076122	28	29	35	42	36	43	22	30	37	26	31	32	38	33	44	45	21	46	206	#
832	366759	45	44	38	4	37	46	3	207	#
833	435629	4	3	5	12	9	2	16	207	#
834	401029	46	40	45	47	39	38	48	207	#
835	381074	38	14	45	7	44	8	15	207	#
836	353452	45	44	38	37	30	39	32	207	#
837	309450	44	45	38	37	46	34	21	207	#
838	277637	12	5	11	19	208	#
839	294084	12	5	13	4	208	#
840	291456	5	12	19	20	208	#
841	156263	19	12	20	18	208	#
842	94194	11	18	10	17	208	#
843	169945	4	5	3	11	209	#
844	200054	11	4	13	20	209	#
845	129774	3	2	9	1	209	#
846	672052	18	19	17	26	25	32	10	24	27	31	20	30	11	34	210	#
847	1006720	18	25	19	26	44	27	17	37	20	11	16	32	43	30	210	#
848	908712	30	37	31	29	28	44	45	46	36	39	40	21	43	41	210	#
849	857114	34	33	27	20	13	32	26	39	19	46	41	45	44	25	210	#
850	849664	20	26	27	34	41	25	48	47	40	33	19	18	13	46	210	#
851	782392	11	4	10	3	5	12	13	17	6	2	18	25	19	20	210	#
852	529260	36	37	30	35	31	38	45	39	24	211	#
853	701737	45	44	37	46	39	36	38	43	35	211	#
854	630110	35	42	36	43	37	19	30	29	45	211	#
855	603315	37	30	29	36	43	44	42	21	23	211	#
856	569857	38	39	37	35	32	45	40	33	36	211	#
857	567993	36	29	28	43	37	30	23	44	21	211	#
858	705399	12	19	5	11	18	26	32	13	10	4	20	3	27	39	46	212	#
859	957933	19	12	13	26	6	20	27	33	34	25	5	32	39	24	38	212	#
860	951752	20	13	12	19	11	18	4	26	27	5	10	32	6	34	41	212	#
861	942921	27	20	34	19	33	18	44	26	43	37	42	35	28	17	10	212	#
862	894004	5	12	19	26	4	27	34	20	18	32	41	11	10	39	46	212	#
863	892513	39	46	45	38	40	41	37	36	26	32	33	31	34	35	47	212	#
864	2139930	33	34	41	40	27	39	48	38	47	20	46	26	32	25	7	19	13	18	17	14	24	22	10	29	0	37	31	30	1	44	23	15	3	2	9	21	28	16	45	8	6	213	#
865	2525908	20	19	12	26	5	27	25	24	11	34	13	32	4	3	9	41	10	48	31	18	40	39	33	47	46	2	17	45	38	16	37	1	0	44	43	7	42	36	35	6	23	213	#
866	2419817	39	38	46	45	47	32	37	30	31	44	36	40	35	48	24	41	33	17	43	29	26	16	42	25	15	34	23	18	22	19	27	20	9	3	28	4	2	12	13	5	6	213	#
867	2399796	18	25	19	24	26	31	11	17	45	46	20	12	32	33	39	38	34	13	37	40	27	3	10	41	5	6	2	4	44	9	47	16	23	43	48	15	42	36	8	35	22	213	#
868	2363795	22	29	23	30	36	43	16	42	35	9	2	31	28	37	38	44	17	45	46	15	39	47	21	18	3	19	4	8	13	40	24	1	5	48	25	41	12	34	33	32	10	213	#
869	2331783	21	22	23	28	29	36	43	42	35	37	30	44	45	46	38	39	40	41	47	48	16	15	9	33	3	31	26	32	27	2	4	20	17	18	14	5	7	19	24	1	34	213	#
870	122744	19	#
871	450667	8	1	15	14	21	28	37	214	#
872	574859	37	38	44	45	46	40	47	214	#
873	489109	8	1	0	2	3	7	14	214	#
874	433250	15	8	21	14	7	28	1	214	#
875	429921	14	25	26	15	32	39	33	214	#
876	396973	21	29	28	22	36	35	42	214	#
877	81757	38	#
878	911775	37	44	43	42	35	36	28	21	22	30	38	29	31	24	23	15	39	215	#
879	1202690	44	36	37	35	29	34	42	43	27	45	28	38	41	46	30	40	48	215	#
880	1183184	31	30	32	37	38	44	33	43	36	39	34	46	25	41	23	42	35	215	#
881	1174313	39	40	41	46	33	47	48	38	15	26	34	27	32	19	14	18	21	215	#
882	1060146	37	44	30	45	36	31	38	46	47	39	40	32	29	28	21	48	27	215	#
883	1031245	23	30	29	36	22	16	43	42	35	44	9	33	3	10	32	26	21	215	#
884	157022	0	7	216	#
885	127408	7	14	216	#
886	972895	5	12	46	39	4	47	40	11	8	33	45	19	15	48	10	44	43	217	#
887	1095357	11	12	4	5	18	17	25	10	24	3	31	30	13	20	2	27	6	217	#
888	1094693	19	26	12	5	20	4	27	34	33	40	11	25	18	3	2	32	17	217	#
889	1062452	5	12	4	19	11	18	3	26	33	34	41	20	27	2	48	40	10	217	#
890	1044555	46	45	5	44	37	43	38	39	30	23	32	40	33	29	28	22	25	217	#
891	1043259	10	3	4	5	9	11	12	2	17	18	24	25	13	26	6	32	19	217	#
892	90585	21	28	29	218	#
893	65347	29	22	30	218	#
894	21176	21	15	29	218	#
895	523919	25	31	32	26	33	24	19	12	20	219	#
896	656445	26	32	33	25	39	35	18	42	19	219	#
897	612347	33	40	47	48	26	19	46	18	17	219	#
898	608383	19	26	25	18	20	33	13	32	27	219	#
899	515033	20	19	18	12	27	34	33	26	13	219	#
900	502963	25	26	20	32	39	27	18	19	38	219	#
901	270666	22	21	15	16	8	220	#
902	233786	16	15	21	9	14	220	#
903	231305	8	15	1	14	37	220	#
904	229485	21	15	8	33	28	220	#
905	205286	15	16	23	17	14	220	#
906	191743	22	21	28	29	30	220	#
907	103500	6	#
908	57546	49	#
909	510447	42	43	44	40	37	45	39	46	221	#
910	622116	42	35	36	43	28	44	45	29	221	#
911	610809	44	43	42	20	45	46	3	35	221	#
912	597960	39	40	38	46	45	47	32	48	221	#
913	591097	43	36	35	44	28	42	21	14	221	#
914	580344	37	36	29	44	21	28	45	38	221	#
915	817058	48	47	40	46	12	41	19	26	34	27	32	33	45	11	222	#
916	974469	41	34	48	7	10	3	8	17	11	2	1	33	0	27	222	#
917	936890	45	44	38	39	46	40	47	37	33	43	41	48	32	30	222	#
918	830635	34	27	41	17	48	40	33	10	11	12	4	20	19	39	222	#
919	762786	48	47	46	41	34	33	26	27	20	40	25	39	32	19	222	#
920	736858	27	34	20	44	41	40	39	26	46	45	43	37	36	19	222	#
921	664893	2	9	1	8	3	16	7	15	14	10	11	223	#
922	730880	2	3	4	9	11	10	12	5	17	13	18	223	#
923	679612	8	7	14	15	38	1	21	16	0	37	9	223	#
924	655363	1	2	9	0	7	3	8	16	4	10	11	223	#
925	653256	11	18	12	5	25	19	17	26	4	24	32	223	#
926	646851	15	8	21	14	1	28	29	22	2	16	0	223	#
927	308132	33	26	25	32	40	224	#
928	284557	32	31	33	25	34	224	#
929	226252	25	32	24	26	18	224	#
930	188543	40	39	46	33	26	224	#
931	177366	33	34	40	32	39	224	#
932	137894	26	25	32	39	31	224	#
933	762518	26	33	27	34	40	19	3	12	20	32	25	10	2	9	13	24	225	#
934	1033349	40	39	46	47	45	33	34	48	41	38	44	26	43	27	19	18	225	#
935	978795	2	9	3	1	8	36	7	0	43	44	17	16	15	37	14	10	225	#
936	977828	13	12	6	20	19	27	5	18	11	10	17	26	4	33	7	3	225	#
937	909153	26	20	25	27	18	19	33	12	24	34	5	13	11	17	10	3	225	#
938	892672	12	13	6	19	32	18	39	43	42	44	11	20	31	27	1	26	225	#
939	745301	7	14	15	8	0	16	1	2	9	3	23	4	17	24	10	226	#
940	900912	16	17	10	15	3	4	18	14	8	1	11	7	25	2	12	226	#
941	795641	2	1	8	3	9	10	0	11	17	18	4	15	21	14	25	226	#
942	787178	24	17	18	10	19	26	16	12	31	9	25	11	15	7	30	226	#
943	751157	3	4	2	1	8	9	15	7	0	14	11	12	21	5	18	226	#
944	746481	15	21	14	7	16	17	23	18	8	19	30	20	31	11	13	226	#
945	683319	24	25	26	31	32	33	19	40	39	18	34	46	27	227	#
946	821538	46	47	40	45	38	41	48	37	44	0	1	7	39	227	#
947	817589	26	25	20	32	33	27	13	34	6	12	5	19	4	227	#
948	764807	40	33	26	34	20	27	46	32	45	44	47	39	37	227	#
949	704187	24	31	25	32	33	40	41	26	20	47	48	46	34	227	#
950	701218	33	40	34	32	39	27	46	26	38	19	41	20	31	227	#
951	419076	7	0	14	8	1	2	9	3	10	16	23	228	#
952	619022	2	9	3	10	11	16	1	49	15	17	18	228	#
953	531690	16	17	10	23	22	18	21	3	2	9	15	228	#
954	522575	10	3	17	18	25	16	11	24	32	19	15	228	#
955	461642	8	7	14	1	2	0	9	3	4	19	18	228	#
956	433301	9	2	16	15	23	3	21	22	19	28	1	228	#
957	223673	8	15	16	17	18	229	#
958	293645	17	24	25	16	26	229	#
959	226768	15	16	14	9	17	229	#
960	213655	8	15	21	7	16	229	#
961	204374	18	17	16	25	9	229	#
962	84287	25	#
963	200567	15	21	28	29	44	8	230	#
964	291873	28	35	21	29	36	22	230	#
965	279130	21	29	36	22	15	30	230	#
966	200952	15	14	7	0	1	8	230	#
967	66846	4	#
968	108361	16	9	3	#
969	707088	48	41	47	34	27	20	26	46	32	39	40	33	38	231	#
970	961089	41	34	27	20	26	25	13	18	24	17	19	48	6	231	#
971	865310	20	13	19	6	26	25	18	17	32	27	24	34	31	231	#
972	814552	33	32	40	25	26	46	19	41	31	34	30	27	45	231	#
973	756390	48	47	46	40	39	41	32	45	38	31	34	33	30	231	#
974	742668	34	41	32	15	27	39	25	24	33	21	31	40	29	231	#
975	135692	35	#
976	225900	27	26	19	33	232	#
977	271962	33	26	25	24	232	#
978	218549	27	20	34	41	232	#
979	193319	19	26	33	34	232	#
980	108540	26	19	20	27	232	#
981	2174232	1	8	15	21	2	14	29	22	28	3	10	23	0	17	11	24	16	7	31	30	25	32	35	4	5	39	18	40	36	43	26	44	37	33	41	27	233	#
982	2297917	28	21	29	15	22	36	30	37	16	31	9	35	48	47	17	2	18	23	42	41	14	40	43	33	46	3	4	34	32	8	25	11	24	44	7	10	233	#
983	2209286	15	21	22	29	14	7	28	23	0	8	35	30	42	36	31	1	24	17	43	37	18	32	25	4	49	12	3	44	33	40	47	26	11	46	39	5	233	#
984	2185710	29	21	22	28	23	16	30	37	35	31	32	36	15	12	11	25	14	26	4	9	24	17	13	5	6	3	18	43	44	33	2	10	34	8	42	38	233	#
985	2150813	44	45	46	38	40	37	33	26	25	32	34	18	31	17	10	24	36	27	11	3	16	35	29	9	47	30	28	41	43	21	48	4	20	5	23	2	233	#
986	2150782	1	2	9	0	8	15	21	28	29	30	16	31	37	22	35	3	14	32	38	36	39	40	46	17	43	7	33	18	4	19	26	25	11	5	44	23	233	#
987	1009850	36	37	43	44	29	42	30	22	21	15	28	16	38	35	23	45	9	2	3	12	234	#
988	1168557	36	29	35	30	42	28	43	22	31	21	37	38	44	45	46	39	32	40	47	23	234	#
989	1147503	37	36	38	35	42	44	45	28	30	23	21	29	43	46	22	40	31	41	24	39	234	#
990	1137971	44	45	38	37	39	46	36	29	40	21	47	28	33	22	23	34	19	30	20	41	234	#
991	1137083	45	46	47	38	39	48	40	41	16	5	37	9	15	23	44	4	32	30	3	26	234	#
992	1124909	42	43	36	29	30	37	28	21	35	31	44	22	23	32	33	16	25	40	24	46	234	#
993	200182	3	10	17	4	45	235	#
994	273265	17	16	38	39	45	235	#
995	117409	4	13	20	6	26	235	#
996	112674	10	11	4	12	3	235	#
997	447026	25	32	24	18	39	46	11	236	#
998	488806	25	18	26	14	32	27	15	236	#
999	472789	39	40	33	41	38	34	47	236	#
1000	455293	11	18	25	26	27	19	24	236	#
1001	384768	18	25	24	11	4	26	27	236	#
1002	381413	46	40	39	14	41	38	15	236	#
