%% File generated by CATS v.2.1Tue Aug 20 18:57:00 2019

%% The CATS webpage is http://robotics.stanford.edu/CATS

%% PARAMETER SETTINGS:
% Goods: 35; Bids: 700; Distribution: paths; Runs: 10; Seed: 1566345290
% Paths Distribution Parameters:
% Initial connections:       = 2
% Edge density:              = 3.000000
% Shipping cost factor:      = 1.500000
% Max bid set size:          = 5
% Building penalty:          = 1.700000



goods 35
bids 701
dummy 230

0	735	25	35	#
1	735	2	20	35	#
2	912	11	26	36	#
3	912	7	30	36	#
4	912	5	32	36	#
5	912	4	7	32	36	#
6	912	4	5	30	36	#
7	924	0	34	37	#
8	924	6	11	20	37	#
9	924	1	6	34	37	#
10	852	21	38	#
11	852	3	23	38	#
12	810	24	39	#
13	810	1	30	39	#
14	810	0	6	30	39	#
15	810	1	4	32	39	#
16	810	0	4	6	32	39	#
17	565	33	57	#
18	1087	27	40	#
19	1087	2	34	40	#
20	1087	1	11	25	40	#
21	1087	0	6	11	25	40	#
22	758	11	18	41	#
23	758	10	11	16	41	#
24	758	6	29	41	#
25	810	24	42	#
26	810	1	30	42	#
27	810	0	6	30	42	#
28	810	1	4	32	42	#
29	810	0	4	6	32	42	#
30	407	18	43	#
31	407	10	16	43	#
32	1068	6	11	25	44	#
33	1068	0	27	44	#
34	1068	0	2	34	44	#
35	1068	2	6	11	20	44	#
36	1068	0	1	11	25	44	#
37	821	11	18	45	#
38	821	10	11	16	45	#
39	821	6	29	45	#
40	712	3	4	46	#
41	712	2	4	17	46	#
42	800	4	22	47	#
43	800	14	23	47	#
44	800	4	15	28	47	#
45	800	15	16	23	47	#
46	800	4	14	16	28	47	#
47	565	10	15	57	#
48	562	1	11	48	#
49	562	0	6	11	48	#
50	701	1	10	11	49	#
51	701	0	6	10	11	49	#
52	646	10	13	#
53	686	6	32	#
54	392	28	#
55	1054	4	17	22	50	#
56	1054	14	17	23	50	#
57	1054	25	33	50	#
58	1054	10	15	25	50	#
59	1054	4	15	17	28	50	#
60	746	25	51	#
61	746	2	20	51	#
62	678	20	#
63	493	5	8	52	#
64	493	4	9	52	#
65	493	4	7	8	52	#
66	952	6	11	26	53	#
67	952	6	7	30	53	#
68	952	5	6	32	53	#
69	604	33	54	#
70	604	10	15	54	#
71	604	14	18	54	#
72	538	1	11	55	#
73	538	0	6	11	55	#
74	800	6	32	56	#
75	800	4	6	30	56	#
76	474	7	8	62	#
77	317	2	#
78	607	33	58	#
79	607	10	15	58	#
80	607	14	18	58	#
81	1020	3	5	8	59	#
82	1020	3	4	9	59	#
83	1020	3	4	7	8	59	#
84	1020	2	5	8	17	59	#
85	912	11	26	60	#
86	912	7	30	60	#
87	912	5	32	60	#
88	912	4	7	32	60	#
89	912	4	5	30	60	#
90	474	4	5	8	62	#
91	1011	9	30	61	#
92	1011	8	11	26	61	#
93	1011	7	8	30	61	#
94	1011	5	8	32	61	#
95	1011	4	9	32	61	#
96	610	26	#
97	269	7	#
98	744	3	5	#
99	279	11	#
100	474	9	62	#
101	868	10	20	#
102	507	33	63	#
103	507	10	15	63	#
104	936	3	5	64	#
105	936	3	4	7	64	#
106	936	2	5	17	64	#
107	936	2	4	7	17	64	#
108	1230	17	31	65	#
109	1230	10	13	25	65	#
110	1230	4	13	17	28	65	#
111	1230	17	19	23	65	#
112	1230	4	12	17	22	65	#
113	1109	24	9	66	#
114	1109	1	30	9	66	#
115	1109	0	6	30	9	66	#
116	1049	20	33	67	#
117	1049	20	10	15	67	#
118	1049	21	14	67	#
119	1049	3	4	22	67	#
120	1049	3	23	14	67	#
121	840	6	30	68	#
122	840	6	32	4	68	#
123	840	0	24	68	#
124	840	0	1	30	68	#
125	920	3	5	69	#
126	920	3	4	7	69	#
127	920	2	17	5	69	#
128	920	2	17	4	7	69	#
129	445	23	#
130	354	12	#
131	442	4	23	#
132	975	8	5	3	70	#
133	975	9	4	3	70	#
134	975	8	7	4	3	70	#
135	70	4	#
136	765	30	6	71	#
137	765	4	32	6	71	#
138	707	30	72	#
139	707	32	4	72	#
140	84	0	#
141	294	14	#
142	1112	24	9	73	#
143	1112	1	30	9	73	#
144	1112	0	6	30	9	73	#
145	1112	1	11	26	8	73	#
146	1112	0	6	11	26	8	73	#
147	814	34	#
148	885	21	74	#
149	885	23	3	74	#
150	885	18	20	74	#
151	826	31	75	#
152	826	4	28	13	75	#
153	826	23	19	75	#
154	826	4	22	12	75	#
155	826	23	14	12	75	#
156	270	15	#
157	192	16	#
158	977	26	11	1	76	#
159	977	26	11	6	0	76	#
160	977	7	24	76	#
161	977	7	30	1	76	#
162	977	7	30	6	0	76	#
163	878	8	5	3	77	#
164	878	9	4	3	77	#
165	984	6	11	26	78	#
166	984	6	30	7	78	#
167	984	6	32	5	78	#
168	984	6	32	4	7	78	#
169	984	6	30	4	5	78	#
170	947	10	25	79	#
171	947	28	4	17	79	#
172	947	16	23	17	79	#
173	947	10	20	2	79	#
174	324	11	#
175	1112	9	24	80	#
176	1112	9	30	1	80	#
177	1112	9	30	6	0	80	#
178	1112	8	26	11	1	80	#
179	1112	8	26	11	6	0	80	#
180	412	4	28	#
181	506	10	11	#
182	1060	13	28	7	81	#
183	1060	12	22	7	81	#
184	1060	31	5	81	#
185	1060	13	28	4	5	81	#
186	1060	19	23	5	81	#
187	903	26	11	82	#
188	903	7	30	82	#
189	903	5	32	82	#
190	903	7	4	32	82	#
191	276	14	#
192	877	29	83	#
193	877	6	11	18	83	#
194	877	6	11	10	16	83	#
195	877	0	1	11	18	83	#
196	877	0	1	11	10	16	83	#
197	855	8	5	17	84	#
198	855	9	4	17	84	#
199	855	8	7	4	17	84	#
200	598	19	85	#
201	598	14	12	85	#
202	598	16	13	85	#
203	227	16	#
204	574	11	1	86	#
205	574	11	6	0	86	#
206	276	12	#
207	1129	27	87	#
208	1129	34	2	87	#
209	1129	1	11	25	87	#
210	1129	0	6	11	25	87	#
211	1129	1	11	20	2	87	#
212	555	26	#
213	591	20	#
214	513	33	88	#
215	513	10	15	88	#
216	983	8	5	17	89	#
217	983	9	4	17	89	#
218	983	8	7	4	17	89	#
219	1112	9	24	90	#
220	1112	9	30	1	90	#
221	1112	9	30	6	0	90	#
222	1112	8	26	11	1	90	#
223	1112	8	26	11	6	0	90	#
224	1068	25	11	6	91	#
225	1068	27	0	91	#
226	1068	2	34	0	91	#
227	1068	2	20	11	6	91	#
228	1068	25	11	1	0	91	#
229	806	32	1	92	#
230	806	32	6	0	92	#
231	806	4	24	92	#
232	806	4	30	1	92	#
233	806	4	30	6	0	92	#
234	810	24	93	#
235	810	30	1	93	#
236	810	30	6	0	93	#
237	810	4	32	1	93	#
238	810	4	32	6	0	93	#
239	977	1	11	26	94	#
240	977	0	6	11	26	94	#
241	977	24	7	94	#
242	977	1	30	7	94	#
243	977	0	6	30	7	94	#
244	977	26	11	1	95	#
245	977	26	11	6	0	95	#
246	977	7	24	95	#
247	977	7	30	1	95	#
248	977	7	30	6	0	95	#
249	826	31	96	#
250	826	13	28	4	96	#
251	826	19	23	96	#
252	826	12	22	4	96	#
253	826	12	14	23	96	#
254	57	4	#
255	449	13	#
256	788	7	22	#
257	98	0	#
258	773	25	97	#
259	773	20	2	97	#
260	841	32	98	#
261	841	4	30	98	#
262	194	8	#
263	639	17	4	#
264	863	8	26	#
265	824	5	3	99	#
266	824	7	4	3	99	#
267	984	26	11	6	100	#
268	984	7	30	6	100	#
269	984	5	32	6	100	#
270	984	7	4	32	6	100	#
271	984	5	4	30	6	100	#
272	156	1	101	#
273	156	6	0	101	#
274	1036	6	30	9	#
275	940	27	102	#
276	940	2	34	102	#
277	926	27	103	#
278	926	2	34	103	#
279	477	18	104	#
280	477	10	16	104	#
281	1230	31	17	105	#
282	1230	13	10	25	105	#
283	1230	13	28	4	17	105	#
284	1230	19	23	17	105	#
285	1230	12	22	4	17	105	#
286	862	11	33	106	#
287	862	11	10	15	106	#
288	862	11	18	14	106	#
289	780	20	11	#
290	634	11	10	#
291	638	26	#
292	877	29	107	#
293	877	6	11	18	107	#
294	877	6	11	10	16	107	#
295	877	0	1	11	18	107	#
296	877	0	1	11	10	16	107	#
297	484	9	108	#
298	484	8	7	108	#
299	484	8	5	4	108	#
300	838	28	13	109	#
301	838	22	12	109	#
302	838	4	31	109	#
303	1120	13	28	9	110	#
304	1120	12	22	9	110	#
305	1011	9	30	111	#
306	1011	8	26	11	111	#
307	1011	8	7	30	111	#
308	1011	8	5	32	111	#
309	1011	9	4	32	111	#
310	1022	8	5	3	112	#
311	1022	9	4	3	112	#
312	1022	8	7	4	3	112	#
313	1022	8	5	17	2	112	#
314	1022	9	4	17	2	112	#
315	280	7	#
316	749	20	10	#
317	1112	9	24	113	#
318	1112	9	30	1	113	#
319	1112	9	30	6	0	113	#
320	1112	8	26	11	1	113	#
321	1112	8	26	11	6	0	113	#
322	753	6	30	114	#
323	753	6	32	4	114	#
324	513	5	8	115	#
325	513	4	9	115	#
326	513	4	7	8	115	#
327	94	0	#
328	808	0	29	116	#
329	808	1	11	18	116	#
330	808	0	6	11	18	116	#
331	808	1	11	10	16	116	#
332	808	0	6	11	10	16	116	#
333	803	29	117	#
334	803	6	11	18	117	#
335	803	6	11	10	16	117	#
336	1083	9	30	6	118	#
337	1083	8	26	11	6	118	#
338	1083	8	7	30	6	118	#
339	1083	8	5	32	6	118	#
340	1083	9	4	32	6	118	#
341	862	6	30	119	#
342	862	6	32	4	119	#
343	862	0	24	119	#
344	862	0	1	30	119	#
345	271	15	#
346	554	4	28	120	#
347	554	23	16	120	#
348	877	29	121	#
349	877	6	11	18	121	#
350	877	6	11	10	16	121	#
351	877	0	1	11	18	121	#
352	877	0	1	11	10	16	121	#
353	389	28	#
354	969	17	23	122	#
355	969	25	18	122	#
356	468	11	1	123	#
357	468	11	6	0	123	#
358	548	17	#
359	1230	31	17	124	#
360	1230	13	10	25	124	#
361	1230	13	28	4	17	124	#
362	1230	19	23	17	124	#
363	1230	12	22	4	17	124	#
364	1229	13	10	20	125	#
365	1229	12	33	20	125	#
366	1229	12	15	10	20	125	#
367	1229	19	21	125	#
368	1229	12	14	21	125	#
369	1129	27	126	#
370	1129	34	2	126	#
371	1129	1	11	25	126	#
372	1129	0	6	11	25	126	#
373	1129	1	11	20	2	126	#
374	938	0	34	127	#
375	938	6	11	20	127	#
376	938	6	1	34	127	#
377	92	0	#
378	1214	17	31	128	#
379	1214	25	10	13	128	#
380	1214	17	4	28	13	128	#
381	726	4	22	129	#
382	726	23	14	129	#
383	726	4	28	15	129	#
384	950	26	11	6	130	#
385	950	7	30	6	130	#
386	950	5	32	6	130	#
387	993	10	25	131	#
388	993	28	4	17	131	#
389	993	16	23	17	131	#
390	993	10	20	2	131	#
391	588	10	11	#
392	294	14	#
393	773	29	132	#
394	773	6	11	18	132	#
395	773	6	11	10	16	132	#
396	567	26	#
397	1060	7	28	13	133	#
398	1060	7	22	12	133	#
399	1060	5	31	133	#
400	1060	5	4	28	13	133	#
401	1060	5	23	19	133	#
402	439	13	#
403	877	29	134	#
404	877	6	11	18	134	#
405	877	6	11	10	16	134	#
406	877	0	1	11	18	134	#
407	877	0	1	11	10	16	134	#
408	964	11	25	#
409	147	8	#
410	743	33	11	135	#
411	743	15	10	11	135	#
412	502	23	#
413	984	26	11	6	136	#
414	984	7	30	6	136	#
415	984	5	32	6	136	#
416	984	7	4	32	6	136	#
417	984	5	4	30	6	136	#
418	306	2	#
419	1112	9	24	137	#
420	1112	9	30	1	137	#
421	1112	9	30	6	0	137	#
422	1112	8	26	11	1	137	#
423	1112	8	26	11	6	0	137	#
424	470	23	#
425	265	14	#
426	556	11	10	#
427	164	1	138	#
428	164	0	6	138	#
429	367	28	#
430	365	5	139	#
431	365	4	7	139	#
432	432	13	#
433	352	5	140	#
434	352	7	4	140	#
435	73	4	#
436	597	22	141	#
437	597	28	15	141	#
438	806	1	32	142	#
439	806	0	6	32	142	#
440	806	24	4	142	#
441	806	1	30	4	142	#
442	806	0	6	30	4	142	#
443	865	13	28	143	#
444	865	12	22	143	#
445	865	31	4	143	#
446	865	12	15	28	143	#
447	865	19	23	4	143	#
448	1068	6	11	25	144	#
449	1068	0	27	144	#
450	1068	0	34	2	144	#
451	1068	6	11	20	2	144	#
452	1068	0	1	11	25	144	#
453	784	0	29	145	#
454	784	1	11	18	145	#
455	784	0	6	11	18	145	#
456	1083	6	30	9	146	#
457	1083	6	11	26	8	146	#
458	1083	6	30	7	8	146	#
459	1083	6	32	5	8	146	#
460	1083	6	32	4	9	146	#
461	290	11	#
462	608	33	147	#
463	608	15	10	147	#
464	608	14	18	147	#
465	863	13	28	148	#
466	863	12	22	148	#
467	863	31	4	148	#
468	863	12	15	28	148	#
469	1083	9	30	6	149	#
470	1083	8	26	11	6	149	#
471	1083	8	7	30	6	149	#
472	1083	8	5	32	6	149	#
473	1083	9	4	32	6	149	#
474	604	10	11	#
475	806	32	1	150	#
476	806	32	6	0	150	#
477	806	4	24	150	#
478	806	4	30	1	150	#
479	806	4	30	6	0	150	#
480	1161	13	28	9	151	#
481	1161	12	22	9	151	#
482	1161	13	28	7	8	151	#
483	1161	12	22	7	8	151	#
484	997	30	9	152	#
485	997	11	26	8	152	#
486	997	30	7	8	152	#
487	741	33	11	153	#
488	741	15	10	11	153	#
489	861	5	3	154	#
490	861	7	4	3	154	#
491	1229	13	10	20	155	#
492	1229	12	33	20	155	#
493	1229	12	15	10	20	155	#
494	1229	19	21	155	#
495	1229	12	14	21	155	#
496	1229	13	10	20	156	#
497	1229	12	33	20	156	#
498	1229	12	15	10	20	156	#
499	1229	19	21	156	#
500	1229	12	14	21	156	#
501	723	34	#
502	471	5	8	157	#
503	471	4	9	157	#
504	471	4	7	8	157	#
505	927	13	10	11	#
506	636	20	#
507	573	17	4	#
508	732	5	17	158	#
509	732	7	4	17	158	#
510	536	4	28	159	#
511	536	23	16	159	#
512	673	3	160	#
513	673	17	2	160	#
514	541	11	10	#
515	188	1	161	#
516	188	0	6	161	#
517	463	13	#
518	743	4	22	162	#
519	743	23	14	162	#
520	743	4	28	15	162	#
521	487	23	#
522	897	10	20	163	#
523	897	28	4	3	163	#
524	554	5	8	164	#
525	554	4	9	164	#
526	554	4	7	8	164	#
527	471	9	165	#
528	471	8	7	165	#
529	471	8	5	4	165	#
530	58	4	#
531	101	0	#
532	1068	6	11	25	166	#
533	1068	0	27	166	#
534	1068	0	34	2	166	#
535	1068	6	11	20	2	166	#
536	1068	0	1	11	25	166	#
537	620	33	167	#
538	620	10	15	167	#
539	620	18	14	167	#
540	620	10	16	14	167	#
541	865	28	13	168	#
542	865	22	12	168	#
543	865	4	31	168	#
544	865	28	15	12	168	#
545	865	4	23	19	168	#
546	969	9	30	169	#
547	969	8	26	11	169	#
548	327	15	#
549	59	4	#
550	976	21	170	#
551	976	23	3	170	#
552	976	18	20	170	#
553	976	16	10	20	170	#
554	976	23	17	2	170	#
555	585	28	4	171	#
556	585	16	23	171	#
557	82	6	#
558	976	21	172	#
559	976	23	3	172	#
560	976	18	20	172	#
561	976	16	10	20	172	#
562	976	23	17	2	172	#
563	775	32	173	#
564	775	4	30	173	#
565	559	10	11	#
566	912	5	3	174	#
567	912	7	4	3	174	#
568	912	5	17	2	174	#
569	912	7	4	17	2	174	#
570	882	10	25	175	#
571	882	28	4	17	175	#
572	626	3	176	#
573	626	17	2	176	#
574	952	34	177	#
575	952	1	11	20	177	#
576	952	0	6	11	20	177	#
577	912	26	11	178	#
578	912	7	30	178	#
579	912	5	32	178	#
580	912	7	4	32	178	#
581	912	5	4	30	178	#
582	906	11	26	179	#
583	906	30	7	179	#
584	906	32	5	179	#
585	906	32	4	7	179	#
586	794	5	3	180	#
587	794	7	4	3	180	#
588	79	4	#
589	239	2	#
590	912	26	11	181	#
591	912	7	30	181	#
592	912	5	32	181	#
593	912	7	4	32	181	#
594	912	5	4	30	181	#
595	773	1	11	10	182	#
596	773	0	6	11	10	182	#
597	520	13	183	#
598	520	15	12	183	#
599	446	13	#
600	639	3	4	#
601	312	12	#
602	950	23	17	184	#
603	950	18	25	184	#
604	756	1	32	185	#
605	756	0	6	32	185	#
606	855	18	11	186	#
607	855	16	10	11	186	#
608	855	29	6	186	#
609	855	29	0	1	186	#
610	1112	9	24	187	#
611	1112	9	30	1	187	#
612	1112	9	30	6	0	187	#
613	1112	8	26	11	1	187	#
614	1112	8	26	11	6	0	187	#
615	865	13	28	188	#
616	865	12	22	188	#
617	865	31	4	188	#
618	865	12	15	28	188	#
619	865	19	23	4	188	#
620	806	32	1	189	#
621	806	32	6	0	189	#
622	806	4	24	189	#
623	806	4	30	1	189	#
624	806	4	30	6	0	189	#
625	1043	25	11	6	190	#
626	1043	27	0	190	#
627	1043	2	34	0	190	#
628	75	4	#
629	95	6	#
630	996	3	5	191	#
631	996	3	4	7	191	#
632	996	2	17	5	191	#
633	996	2	17	4	7	191	#
634	811	6	30	192	#
635	811	6	32	4	192	#
636	808	29	0	193	#
637	808	18	11	1	193	#
638	808	18	11	6	0	193	#
639	808	16	10	11	1	193	#
640	808	16	10	11	6	0	193	#
641	878	30	6	194	#
642	878	4	32	6	194	#
643	878	24	0	194	#
644	878	30	1	0	194	#
645	878	4	32	1	0	194	#
646	1016	5	3	195	#
647	1016	7	4	3	195	#
648	1016	5	17	2	195	#
649	1016	7	4	17	2	195	#
650	1016	8	9	4	3	195	#
651	1049	33	20	196	#
652	1049	15	10	20	196	#
653	1049	14	21	196	#
654	1049	22	4	3	196	#
655	1049	14	23	3	196	#
656	431	4	28	#
657	879	32	197	#
658	879	4	30	197	#
659	157	1	198	#
660	157	6	0	198	#
661	1018	11	25	199	#
662	1018	11	20	2	199	#
663	1018	1	27	199	#
664	1018	6	0	27	199	#
665	1018	32	17	199	#
666	915	27	200	#
667	915	34	2	200	#
668	528	1	11	201	#
669	528	0	6	11	201	#
670	289	11	#
671	180	8	#
672	609	22	202	#
673	609	15	28	202	#
674	343	11	#
675	805	5	17	203	#
676	805	7	4	17	203	#
677	865	13	28	204	#
678	865	12	22	204	#
679	865	31	4	204	#
680	865	12	15	28	204	#
681	865	19	23	4	204	#
682	354	11	#
683	1230	17	31	205	#
684	1230	25	10	13	205	#
685	1230	17	4	28	13	205	#
686	1230	17	23	19	205	#
687	1230	17	4	22	12	205	#
688	806	1	32	206	#
689	806	0	6	32	206	#
690	806	24	4	206	#
691	806	1	30	4	206	#
692	806	0	6	30	4	206	#
693	723	22	207	#
694	723	15	28	207	#
695	723	14	23	4	207	#
696	808	0	29	208	#
697	808	1	11	18	208	#
698	808	0	6	11	18	208	#
699	808	1	11	10	16	208	#
700	808	0	6	11	10	16	208	#
