%% File generated by CATS v.2.1Tue Aug 20 18:58:10 2019

%% The CATS webpage is http://robotics.stanford.edu/CATS

%% PARAMETER SETTINGS:
% Goods: 15; Bids: 150; Distribution: scheduling; Runs: 10; Seed: 1566345611
% Scheduling Distribution Parameters:
% max_length                = 10
% deviation                 = 0.500000
% prob_additional_deadline  = 0.700000
% additivity                = 0.200000



goods 15
bids 151
dummy 17

0	8444	0	1	2	3	4	15	#
1	8444	1	2	3	4	5	15	#
2	8444	2	3	4	5	6	15	#
3	8444	3	4	5	6	7	15	#
4	8444	4	5	6	7	8	15	#
5	8444	5	6	7	8	9	15	#
6	8444	6	7	8	9	10	15	#
7	8444	7	8	9	10	11	15	#
8	7740	8	9	10	11	12	15	#
9	7145	9	10	11	12	13	15	#
10	6634	10	11	12	13	14	15	#
11	19679	0	1	2	3	4	5	6	7	8	16	#
12	14312	1	2	3	4	5	6	7	8	9	16	#
13	14312	2	3	4	5	6	7	8	9	10	16	#
14	14312	3	4	5	6	7	8	9	10	11	16	#
15	12110	4	5	6	7	8	9	10	11	12	16	#
16	12110	5	6	7	8	9	10	11	12	13	16	#
17	11245	6	7	8	9	10	11	12	13	14	16	#
18	605	0	17	#
19	605	1	17	#
20	605	2	17	#
21	605	3	17	#
22	605	4	17	#
23	605	5	17	#
24	605	6	17	#
25	605	7	17	#
26	605	8	17	#
27	605	9	17	#
28	605	10	17	#
29	605	11	17	#
30	605	12	17	#
31	605	13	17	#
32	562	14	17	#
33	4234	0	1	2	18	#
34	4234	1	2	3	18	#
35	4234	2	3	4	18	#
36	4234	3	4	5	18	#
37	4234	4	5	6	18	#
38	4234	5	6	7	18	#
39	4234	6	7	8	18	#
40	4234	7	8	9	18	#
41	4234	8	9	10	18	#
42	4234	9	10	11	18	#
43	4234	10	11	12	18	#
44	4234	11	12	13	18	#
45	4234	12	13	14	18	#
46	5464	0	1	2	19	#
47	5464	1	2	3	19	#
48	5464	2	3	4	19	#
49	1681	3	4	5	19	#
50	1681	4	5	6	19	#
51	1681	5	6	7	19	#
52	1681	6	7	8	19	#
53	1681	7	8	9	19	#
54	1681	8	9	10	19	#
55	1681	9	10	11	19	#
56	1681	10	11	12	19	#
57	1681	11	12	13	19	#
58	1497	0	1	20	#
59	1497	1	2	20	#
60	1497	2	3	20	#
61	1497	3	4	20	#
62	1497	4	5	20	#
63	1497	5	6	20	#
64	1497	6	7	20	#
65	873	7	8	20	#
66	873	8	9	20	#
67	873	9	10	20	#
68	873	10	11	20	#
69	873	11	12	20	#
70	806	12	13	20	#
71	749	13	14	20	#
72	20330	0	1	2	3	4	5	6	7	8	21	#
73	20330	1	2	3	4	5	6	7	8	9	21	#
74	20330	2	3	4	5	6	7	8	9	10	21	#
75	14393	0	1	2	3	4	5	6	7	22	#
76	14393	1	2	3	4	5	6	7	8	22	#
77	12794	2	3	4	5	6	7	8	9	22	#
78	8857	3	4	5	6	7	8	9	10	22	#
79	8857	4	5	6	7	8	9	10	11	22	#
80	8857	5	6	7	8	9	10	11	12	22	#
81	8857	6	7	8	9	10	11	12	13	22	#
82	8224	7	8	9	10	11	12	13	14	22	#
83	8952	0	1	2	3	4	5	23	#
84	8952	1	2	3	4	5	6	23	#
85	13125	0	1	2	3	4	5	6	7	24	#
86	13125	1	2	3	4	5	6	7	8	24	#
87	13125	2	3	4	5	6	7	8	9	24	#
88	13125	3	4	5	6	7	8	9	10	24	#
89	13125	4	5	6	7	8	9	10	11	24	#
90	13125	5	6	7	8	9	10	11	12	24	#
91	11250	6	7	8	9	10	11	12	13	24	#
92	11250	7	8	9	10	11	12	13	14	24	#
93	16136	0	1	2	3	4	5	6	7	25	#
94	12550	1	2	3	4	5	6	7	8	25	#
95	12550	2	3	4	5	6	7	8	9	25	#
96	15626	0	1	2	3	4	5	6	7	26	#
97	9944	1	2	3	4	5	6	7	8	26	#
98	9944	2	3	4	5	6	7	8	9	26	#
99	9944	3	4	5	6	7	8	9	10	26	#
100	9944	4	5	6	7	8	9	10	11	26	#
101	9115	5	6	7	8	9	10	11	12	26	#
102	8414	6	7	8	9	10	11	12	13	26	#
103	7813	7	8	9	10	11	12	13	14	26	#
104	8106	0	1	2	3	4	5	6	7	27	#
105	8106	1	2	3	4	5	6	7	8	27	#
106	8106	2	3	4	5	6	7	8	9	27	#
107	6632	3	4	5	6	7	8	9	10	27	#
108	6632	4	5	6	7	8	9	10	11	27	#
109	8156	0	1	2	3	4	28	#
110	8156	1	2	3	4	5	28	#
111	4078	2	3	4	5	6	28	#
112	4078	3	4	5	6	7	28	#
113	4078	4	5	6	7	8	28	#
114	4078	5	6	7	8	9	28	#
115	4078	6	7	8	9	10	28	#
116	3707	7	8	9	10	11	28	#
117	2913	8	9	10	11	12	28	#
118	2913	9	10	11	12	13	28	#
119	2913	10	11	12	13	14	28	#
120	9588	0	1	2	3	4	5	6	7	29	#
121	9588	1	2	3	4	5	6	7	8	29	#
122	9588	2	3	4	5	6	7	8	9	29	#
123	9588	3	4	5	6	7	8	9	10	29	#
124	9588	4	5	6	7	8	9	10	11	29	#
125	5015	0	1	2	3	30	#
126	5015	1	2	3	4	30	#
127	5015	2	3	4	5	30	#
128	5015	3	4	5	6	30	#
129	5015	4	5	6	7	30	#
130	5015	5	6	7	8	30	#
131	5015	6	7	8	9	30	#
132	5015	7	8	9	10	30	#
133	3857	8	9	10	11	30	#
134	3857	9	10	11	12	30	#
135	3857	10	11	12	13	30	#
136	3582	11	12	13	14	30	#
137	1362	0	1	31	#
138	1362	1	2	31	#
139	1362	2	3	31	#
140	1362	3	4	31	#
141	1362	4	5	31	#
142	1362	5	6	31	#
143	1362	6	7	31	#
144	1362	7	8	31	#
145	1362	8	9	31	#
146	1362	9	10	31	#
147	1362	10	11	31	#
148	1362	11	12	31	#
149	1362	12	13	31	#
150	1362	13	14	31	#
