%% File generated by CATS v.2.1Tue Aug 20 18:55:52 2019

%% The CATS webpage is http://robotics.stanford.edu/CATS

%% PARAMETER SETTINGS:
% Goods: 20; Bids: 800; Distribution: regions-upv; Runs: 10; Seed: 1566344944
% Regions Distribution Parameters:
% Max Substitutable Bids = 5
% Removing HV Neighbor   = 0.1
% Adding DIAG Neighbor   = 0.2
% Additional Location    = 0.9
% Jump Probability       = 0.05
% Additivity             = 0.2
% Budget Factor          = 1.5
% Resale Factor          = 0.5
% Uniform Private Value:
%   Deviation            = 0.5
%   Max Good Value       = 100



goods 20
bids 801
dummy 153

0	1174145	8	9	13	5	1	0	4	6	2	12	3	14	15	11	10	7	20	#
1	1197474	5	1	2	6	7	0	4	3	9	8	13	10	11	14	12	16	20	#
2	1166672	14	15	11	10	2	9	4	3	1	5	6	16	8	0	13	7	20	#
3	1159875	11	15	10	14	6	5	1	18	9	2	12	13	7	3	4	0	20	#
4	1146263	3	2	6	5	1	0	10	9	19	8	13	7	4	11	12	14	20	#
5	1115461	15	11	7	3	10	2	6	13	9	14	5	1	19	0	8	4	20	#
6	143119	10	#
7	807466	6	2	3	5	10	1	19	9	14	8	0	15	4	7	13	12	11	21	#
8	910925	8	9	10	4	14	15	6	2	5	1	7	0	3	11	13	12	18	21	#
9	755651	9	10	14	6	8	5	4	15	2	7	3	1	0	11	13	12	17	21	#
10	348656	15	14	11	7	10	5	6	22	#
11	425355	14	15	10	9	11	13	12	22	#
12	424307	6	7	10	3	14	9	8	22	#
13	422277	10	9	8	17	5	6	14	22	#
14	388237	7	6	11	5	1	10	2	22	#
15	339422	11	15	14	7	6	10	9	22	#
16	628082	2	1	5	4	9	10	6	13	8	23	#
17	762225	6	10	2	5	9	7	4	19	13	23	#
18	693885	1	2	6	5	4	9	10	0	14	23	#
19	692869	2	1	5	17	9	10	6	4	14	23	#
20	647681	9	5	4	1	8	10	0	6	2	23	#
21	647151	10	12	14	15	6	5	18	13	1	23	#
22	21733	14	#
23	64783	1	#
24	956594	0	1	4	2	5	9	3	6	7	8	10	14	15	11	13	12	24	#
25	874399	9	4	5	13	1	17	12	10	11	0	14	15	6	2	8	7	24	#
26	180528	14	10	25	#
27	213803	10	6	25	#
28	268256	12	13	9	10	26	#
29	357470	12	6	13	10	26	#
30	257487	9	10	5	8	26	#
31	239386	13	9	5	6	26	#
32	235025	10	9	6	7	26	#
33	383582	11	7	6	2	1	3	27	#
34	399197	7	6	11	3	2	10	27	#
35	374587	6	7	11	3	18	2	27	#
36	265311	2	1	3	0	7	11	27	#
37	425657	11	7	3	2	10	6	1	28	#
38	439310	11	7	10	9	14	5	6	28	#
39	429353	7	3	8	9	10	5	6	28	#
40	392277	3	7	2	6	1	11	0	28	#
41	391494	6	2	5	1	10	4	7	28	#
42	386866	2	1	3	5	4	9	10	28	#
43	856913	5	6	10	2	9	4	8	13	12	1	0	7	3	14	15	11	29	#
44	966788	10	9	13	6	5	7	4	12	1	0	2	14	19	3	15	8	29	#
45	954059	6	5	10	4	9	14	8	1	2	7	0	13	12	15	18	3	29	#
46	940433	15	14	10	6	5	2	7	19	4	11	3	9	13	12	1	0	29	#
47	884558	0	9	4	13	8	12	10	5	6	16	2	1	3	7	14	15	29	#
48	858204	3	2	6	11	1	10	0	4	7	14	5	9	15	13	16	12	29	#
49	515985	0	1	2	5	6	9	10	4	14	13	12	7	11	15	3	8	30	#
50	625792	7	6	5	3	9	10	16	4	13	11	12	1	0	2	15	14	30	#
51	564195	6	10	2	3	14	11	5	15	1	4	19	16	0	18	7	9	30	#
52	550651	14	10	5	11	15	6	7	19	2	4	9	1	0	3	13	12	30	#
53	287974	11	7	3	15	9	2	31	#
54	372597	2	3	7	6	5	11	31	#
55	362423	11	7	3	6	15	14	31	#
56	336602	15	11	14	10	5	9	31	#
57	326514	3	2	7	6	5	4	31	#
58	301840	7	11	3	2	15	1	31	#
59	36066	18	#
60	776312	6	10	5	14	8	4	9	7	1	0	13	12	11	15	2	3	32	#
61	856997	14	15	10	5	9	8	11	4	1	12	6	2	0	13	3	18	32	#
62	855941	0	7	1	3	5	9	4	13	12	10	16	14	2	6	8	15	32	#
63	309317	3	7	2	6	33	#
64	271001	7	6	11	2	33	#
65	252802	3	7	11	15	33	#
66	240053	2	3	1	7	33	#
67	229786	6	5	4	10	33	#
68	112396	4	5	#
69	949123	14	15	11	7	6	10	9	8	5	2	1	13	4	3	0	12	16	34	#
70	996278	6	5	10	1	11	15	2	14	4	9	3	13	7	12	8	0	18	34	#
71	955272	10	6	9	5	13	7	1	8	3	4	2	11	0	12	15	19	14	34	#
72	941677	5	9	6	13	4	1	0	2	12	8	10	3	18	7	17	11	15	34	#
73	868882	8	9	5	10	4	6	1	7	3	13	2	11	15	0	12	14	17	34	#
74	840858	16	17	7	3	2	6	5	1	4	9	13	8	10	11	15	0	14	34	#
75	246142	5	4	9	13	35	#
76	308389	13	9	12	5	35	#
77	199515	4	9	5	15	35	#
78	190539	5	4	9	8	35	#
79	95900	6	#
80	34792	4	#
81	120427	18	#
82	57142	16	#
83	566171	13	17	9	10	11	6	4	5	7	14	2	36	#
84	672542	14	15	10	6	11	7	2	13	1	0	4	36	#
85	643646	13	2	6	9	7	4	5	1	12	10	11	36	#
86	632699	11	15	10	6	9	7	2	8	13	1	14	36	#
87	624487	6	5	2	4	7	1	10	0	9	13	8	36	#
88	619438	4	1	5	7	11	6	2	0	9	10	13	36	#
89	118990	11	7	15	37	#
90	135673	7	3	8	37	#
91	108346	7	11	#
92	859973	5	1	6	10	0	7	9	14	2	15	8	11	4	3	13	12	38	#
93	821588	5	6	1	9	10	14	15	2	7	11	0	3	8	4	18	13	38	#
94	69776	8	#
95	85605	18	#
96	185782	19	12	39	#
97	175938	12	13	39	#
98	133840	19	11	39	#
99	142581	17	19	#
100	1008519	12	13	9	4	5	10	11	6	14	1	2	8	7	15	0	3	40	#
101	1065365	8	9	10	14	18	15	17	11	13	4	1	5	6	12	2	7	40	#
102	1064060	14	10	16	15	11	5	6	2	7	4	1	0	9	13	8	12	40	#
103	939967	1	4	0	5	2	6	10	9	13	7	11	15	14	12	8	3	41	#
104	934872	8	9	13	4	5	1	6	7	11	19	12	0	3	15	10	14	41	#
105	930570	11	7	6	10	2	5	19	4	14	1	3	9	15	13	8	0	41	#
106	904630	7	6	18	11	15	2	5	4	1	9	10	3	14	8	0	13	41	#
107	855109	1	4	5	0	2	6	7	9	13	8	11	10	17	15	3	14	41	#
108	71940	0	1	4	5	9	#
109	898340	15	14	10	11	6	2	18	3	7	9	1	4	13	5	0	12	42	#
110	1004233	5	8	6	4	10	1	2	3	11	9	14	13	15	12	19	0	42	#
111	997779	18	15	14	10	11	6	2	3	1	5	4	9	8	13	12	7	42	#
112	991623	10	19	6	2	1	14	4	11	15	9	8	13	12	17	3	0	42	#
113	944926	15	14	10	12	6	2	3	11	5	4	13	1	9	0	8	7	42	#
114	915828	11	10	6	2	16	3	15	14	7	1	0	4	9	8	13	17	42	#
115	122855	11	7	10	43	#
116	165903	11	10	14	43	#
117	206488	6	14	5	44	#
118	273100	5	10	11	44	#
119	220350	6	5	4	44	#
120	98236	14	10	9	44	#
121	818974	3	2	15	7	11	6	10	5	4	9	1	14	8	13	12	0	45	#
122	911315	6	10	2	3	9	8	13	5	16	12	11	7	4	15	1	14	45	#
123	631729	18	14	10	9	5	1	6	0	2	4	46	#
124	737193	18	5	9	10	6	2	13	3	8	14	46	#
125	664336	4	9	5	10	6	2	8	3	14	13	46	#
126	610487	14	10	6	5	4	9	2	1	3	8	46	#
127	599439	0	1	5	9	12	2	3	4	6	10	46	#
128	598654	9	10	4	1	5	2	6	13	0	14	46	#
129	61074	7	#
130	395889	4	9	10	5	1	2	6	47	#
131	439920	2	6	10	11	7	5	14	47	#
132	430956	5	9	10	8	6	4	14	47	#
133	429082	10	5	9	7	11	6	14	47	#
134	427771	9	5	6	3	7	4	10	47	#
135	395102	6	10	2	14	3	7	11	47	#
136	238503	11	15	7	3	48	#
137	306739	3	2	1	0	48	#
138	393029	2	1	0	4	9	19	10	6	7	49	#
139	556723	19	3	7	6	10	14	5	11	15	49	#
140	547580	6	2	10	7	5	1	14	0	15	49	#
141	542313	10	14	11	15	6	5	7	2	18	49	#
142	524313	2	1	5	6	10	7	11	15	14	49	#
143	518518	0	1	5	4	10	14	6	19	2	49	#
144	290240	3	2	7	11	50	#
145	284238	7	11	3	10	50	#
146	234520	2	3	7	18	50	#
147	227725	3	7	5	11	50	#
148	508893	9	5	6	1	2	4	10	51	#
149	589115	10	14	15	6	2	5	3	51	#
150	533328	5	10	14	6	7	9	13	51	#
151	524695	4	1	2	6	3	11	15	51	#
152	514714	1	2	5	4	3	6	9	51	#
153	496065	6	10	7	2	9	3	4	51	#
154	584453	5	9	19	4	13	1	10	2	52	#
155	691632	9	10	13	6	5	4	2	12	52	#
156	635784	1	4	5	10	6	2	14	15	52	#
157	618795	2	6	10	5	1	4	9	7	52	#
158	595158	13	9	10	8	14	5	4	6	52	#
159	534271	4	8	5	10	9	6	1	0	52	#
160	427144	3	7	2	11	1	0	53	#
161	419404	2	3	1	7	5	0	53	#
162	358272	3	2	7	6	10	9	53	#
163	242738	1	0	4	5	2	9	53	#
164	839882	1	4	5	9	8	2	10	13	6	11	0	7	3	15	14	12	54	#
165	807664	1	13	2	4	0	9	6	7	18	11	10	5	3	8	15	14	54	#
166	790921	0	1	4	9	8	13	5	2	6	10	14	15	7	11	16	3	54	#
167	723377	15	11	7	3	14	2	6	10	9	13	12	5	4	1	0	8	55	#
168	769089	8	9	10	4	11	15	14	19	5	1	13	2	3	12	0	6	55	#
169	664324	11	15	14	10	9	17	4	13	5	6	12	1	0	7	3	8	55	#
170	765800	15	11	10	7	3	2	14	6	5	8	9	4	1	0	56	#
171	812656	2	13	12	1	9	4	5	6	7	0	10	14	15	3	56	#
172	798842	15	17	11	7	10	0	8	5	14	1	3	2	4	6	56	#
173	797344	4	1	5	2	10	14	3	9	11	15	7	6	8	13	56	#
174	758476	3	7	2	19	11	10	1	14	0	15	4	6	9	8	56	#
175	755902	5	9	4	11	10	1	8	7	0	15	14	6	2	13	56	#
176	688089	11	10	12	14	13	15	6	5	2	4	1	57	#
177	685727	14	10	5	9	1	4	8	13	2	12	3	57	#
178	627290	5	4	1	9	10	14	0	13	12	2	6	57	#
179	600302	13	12	9	8	5	10	11	14	1	7	15	57	#
180	592223	11	15	10	13	9	5	12	14	1	8	4	57	#
181	587793	15	14	11	10	5	9	8	1	6	2	3	57	#
182	910881	14	10	6	2	1	7	15	11	3	5	9	8	4	18	13	12	0	17	58	#
183	997320	12	13	9	8	10	6	2	5	7	11	15	1	0	3	14	4	16	18	58	#
184	992141	14	10	5	6	15	1	2	9	0	13	3	11	12	7	8	4	19	16	58	#
185	953569	5	6	10	7	9	14	1	11	15	0	13	12	2	3	4	8	16	17	58	#
186	949453	10	9	8	14	15	5	13	12	4	6	7	1	2	11	3	0	19	18	58	#
187	905702	15	14	10	6	9	11	7	13	12	5	1	2	3	0	4	8	19	17	58	#
188	828793	12	8	13	16	9	4	1	2	10	14	11	6	15	7	59	#
189	941697	11	7	3	2	1	5	6	10	9	4	8	13	19	12	59	#
190	906639	8	9	4	1	2	5	13	3	10	11	6	7	14	12	59	#
191	840418	12	13	9	8	10	4	14	11	7	3	6	2	1	15	59	#
192	790175	15	14	11	10	7	3	6	2	18	9	13	4	1	8	59	#
193	770958	1	2	3	7	4	9	10	11	0	14	15	6	13	12	59	#
194	17931	17	#
195	31139	11	#
196	658063	18	15	11	7	3	6	2	5	4	1	0	10	60	#
197	737543	18	12	13	9	5	4	1	2	3	8	0	10	60	#
198	665228	4	5	1	0	6	2	9	13	7	3	12	10	60	#
199	651310	11	7	15	3	14	2	6	5	10	4	9	13	60	#
200	635315	1	4	0	9	5	6	13	2	12	7	8	3	60	#
201	629413	10	5	9	11	4	13	7	8	6	1	2	3	60	#
202	257971	15	11	7	14	10	61	#
203	363681	10	9	5	6	1	61	#
204	299886	11	15	14	10	9	61	#
205	56380	19	#
206	239630	7	9	3	4	5	2	62	#
207	314745	2	3	1	7	11	19	62	#
208	314717	7	3	2	1	5	0	62	#
209	257690	9	13	8	4	12	1	62	#
210	211130	4	5	1	12	9	6	62	#
211	192017	5	1	2	0	9	4	62	#
212	60769	16	#
213	1066736	19	18	4	5	1	6	2	3	0	7	11	15	10	14	9	8	13	12	63	#
214	1021899	18	17	4	1	2	5	6	10	7	3	11	14	15	0	9	13	8	12	63	#
215	1004014	15	11	14	10	7	6	2	3	5	1	4	0	9	13	8	12	16	18	63	#
216	996327	6	10	5	7	2	11	15	4	14	19	9	3	13	1	8	12	0	17	63	#
217	978442	7	3	8	19	11	6	5	2	15	10	1	4	14	9	13	0	12	16	63	#
218	933605	8	9	4	5	10	6	11	2	13	7	1	0	3	15	12	17	14	16	63	#
219	602704	4	5	6	1	10	9	0	13	64	#
220	766835	4	9	5	10	13	8	12	6	64	#
221	739091	13	12	9	5	10	6	7	4	64	#
222	717459	5	6	4	2	10	12	13	1	64	#
223	700752	9	13	5	10	6	4	7	3	64	#
224	635940	6	2	7	3	10	5	1	0	64	#
225	64666	13	#
226	947719	15	14	10	11	7	6	2	1	4	5	9	8	18	0	13	65	#
227	1042816	18	2	1	0	4	6	7	11	15	5	10	14	9	13	12	65	#
228	1019903	6	10	14	15	9	13	5	7	2	8	1	0	4	12	3	65	#
229	995279	9	10	14	13	4	12	1	0	2	11	5	15	7	6	8	65	#
230	944317	11	7	15	10	14	9	4	1	0	3	6	2	13	12	16	65	#
231	880599	14	10	15	6	11	7	2	3	1	5	4	9	0	8	13	65	#
232	78961	9	5	#
233	570990	5	1	3	4	2	18	6	10	66	#
234	655413	6	7	10	11	2	14	5	1	66	#
235	592892	2	6	3	5	10	14	1	15	66	#
236	538538	18	15	14	10	5	11	7	6	66	#
237	535407	4	18	1	5	2	6	3	7	66	#
238	530559	1	0	5	6	4	10	14	11	66	#
239	841569	9	10	14	4	8	6	7	15	11	5	3	13	2	67	#
240	857285	13	12	9	5	4	8	10	6	1	14	11	2	15	67	#
241	850156	14	15	11	9	10	4	8	5	19	13	6	1	2	67	#
242	834461	10	9	11	14	15	6	8	2	5	13	1	4	3	67	#
243	831483	11	10	5	1	9	0	4	3	6	13	2	14	8	67	#
244	796337	5	4	9	6	10	8	11	19	14	15	7	13	3	67	#
245	370593	3	2	1	5	10	68	#
246	426232	10	5	9	13	11	68	#
247	412559	2	6	1	10	5	68	#
248	356976	1	2	5	6	0	68	#
249	282984	5	4	1	2	3	68	#
250	197250	3	2	1	4	7	68	#
251	511353	12	13	9	4	7	3	10	0	69	#
252	692124	3	7	2	6	5	10	4	14	69	#
253	633765	0	1	4	2	5	10	6	14	69	#
254	622609	7	6	5	10	14	9	2	8	69	#
255	610488	10	5	9	4	14	6	8	2	69	#
256	499537	4	1	9	5	8	10	2	14	69	#
257	1113782	1	4	2	3	7	6	11	5	15	0	14	9	8	10	13	12	16	70	#
258	1163198	7	6	5	11	2	3	15	10	4	9	14	8	1	13	0	12	18	70	#
259	1141233	16	8	12	13	9	4	18	14	1	0	5	15	2	3	7	6	11	70	#
260	1125391	4	8	5	1	6	10	11	14	15	2	7	0	3	9	13	12	19	70	#
261	1042443	14	15	11	7	6	5	9	13	4	1	0	8	3	2	12	10	17	70	#
262	276960	0	1	5	4	9	10	71	#
263	401971	9	13	8	5	12	1	71	#
264	351844	1	5	9	10	13	4	71	#
265	320017	4	5	9	8	1	10	71	#
266	296784	10	14	9	5	1	4	71	#
267	32010	11	#
268	132102	10	#
269	89119	8	#
270	65385	8	#
271	195622	3	2	72	#
272	137999	2	1	72	#
273	958654	14	10	5	9	13	1	2	12	15	3	0	8	4	6	7	11	18	73	#
274	947712	15	14	10	9	5	11	1	2	0	13	4	3	12	8	6	7	16	73	#
275	893281	5	10	1	9	13	0	8	2	12	14	15	4	3	11	7	6	19	73	#
276	880115	9	5	10	1	2	14	13	15	8	3	12	4	0	6	7	11	17	73	#
277	978610	0	1	4	5	9	8	10	11	15	14	13	2	3	12	74	#
278	986645	1	4	9	10	0	13	5	12	11	8	14	15	6	2	74	#
279	983090	0	1	5	9	10	8	4	2	6	13	12	3	11	15	74	#
280	928504	11	10	5	15	9	1	14	8	4	7	13	12	0	2	74	#
281	906404	8	9	10	11	15	0	14	13	1	5	4	12	6	7	74	#
282	903473	4	5	1	2	0	10	9	6	11	13	14	12	7	8	74	#
283	325477	13	10	6	7	75	#
284	356338	6	2	10	7	75	#
285	339555	7	6	2	3	75	#
286	252536	10	9	13	12	75	#
287	513798	13	0	9	1	8	2	6	7	76	#
288	609841	7	6	5	3	2	4	1	9	76	#
289	596286	1	2	6	0	3	7	4	5	76	#
290	549275	6	7	15	5	1	4	2	14	76	#
291	546755	0	1	11	7	6	2	3	4	76	#
292	539941	2	1	4	3	5	9	10	7	76	#
293	205540	14	15	10	77	#
294	201876	10	14	11	77	#
295	174271	14	15	11	77	#
296	171774	15	11	10	77	#
297	161971	1	5	9	0	13	78	#
298	228285	1	2	3	6	17	78	#
299	222579	0	1	2	6	7	78	#
300	138055	9	8	5	1	4	78	#
301	358460	13	9	8	4	1	2	5	3	79	#
302	397573	2	6	1	4	9	13	12	8	79	#
303	387448	3	2	1	4	9	13	6	8	79	#
304	367261	8	9	13	12	4	1	2	3	79	#
305	343882	9	4	1	2	13	8	6	7	79	#
306	300019	1	2	4	3	9	7	8	6	79	#
307	352085	13	9	7	4	8	10	80	#
308	416480	8	9	13	10	14	3	80	#
309	381213	7	11	6	10	3	2	80	#
310	381140	13	9	5	10	4	14	80	#
311	379647	10	14	9	6	5	8	80	#
312	375957	9	4	5	8	13	6	80	#
313	605450	4	17	9	8	10	18	6	7	11	15	1	13	0	81	#
314	835810	13	9	8	18	4	12	1	5	10	14	2	11	6	81	#
315	807222	4	9	8	13	1	12	5	10	6	7	2	14	11	81	#
316	791993	15	12	11	14	7	6	10	2	9	13	8	19	4	81	#
317	782166	18	9	8	13	4	1	2	0	6	7	12	5	11	81	#
318	769877	0	1	4	9	8	13	12	2	10	5	6	14	11	81	#
319	633533	9	5	1	13	10	4	2	12	11	82	#
320	674783	9	13	12	4	8	10	1	5	6	82	#
321	640192	4	9	5	6	13	1	10	7	2	82	#
322	603690	11	10	15	5	1	4	9	13	12	82	#
323	599684	12	13	9	4	1	8	5	0	10	82	#
324	565834	1	5	4	9	6	13	7	0	3	82	#
325	1004861	4	9	10	1	11	13	14	0	7	8	2	5	3	12	15	6	16	83	#
326	966940	1	4	9	13	8	5	12	10	2	14	0	15	6	11	7	3	18	83	#
327	945850	7	3	2	11	15	14	10	9	4	13	1	12	8	6	5	0	19	83	#
328	856183	2	3	1	7	12	4	9	13	10	5	8	6	14	0	11	15	17	83	#
329	62273	8	#
330	84780	19	1	84	#
331	108451	1	2	84	#
332	77695	19	9	84	#
333	205571	13	9	10	5	85	#
334	167462	9	4	13	10	85	#
335	132048	5	9	10	4	85	#
336	108426	13	9	19	4	85	#
337	33910	16	#
338	423964	3	2	7	6	5	11	86	#
339	498767	2	3	6	5	10	14	86	#
340	429821	6	5	16	2	4	3	86	#
341	421566	11	7	10	6	5	3	86	#
342	371468	3	7	11	6	15	14	86	#
343	340199	5	9	16	10	11	8	86	#
344	648601	7	11	6	15	14	10	5	9	2	13	4	87	#
345	862839	13	12	9	4	8	1	5	10	2	6	3	87	#
346	750028	10	6	11	2	5	3	4	1	9	13	7	87	#
347	720753	7	6	2	10	9	5	13	1	11	4	8	87	#
348	715396	2	6	3	7	10	5	4	11	9	8	1	87	#
349	713183	6	10	5	11	2	4	9	1	3	0	18	87	#
350	589536	10	7	6	2	14	5	4	1	0	88	#
351	511270	5	4	10	1	9	2	6	0	16	88	#
352	500636	14	10	15	9	5	6	7	4	2	88	#
353	452578	1	2	0	4	5	3	11	7	6	88	#
354	423657	6	5	4	2	9	3	1	0	7	88	#
355	404688	10	5	9	4	6	8	14	11	15	88	#
356	146318	8	0	9	89	#
357	153856	8	9	4	89	#
358	79022	0	1	5	89	#
359	674700	5	6	7	4	10	9	13	2	3	90	#
360	623554	13	12	9	10	4	5	1	6	8	90	#
361	623225	7	3	6	5	10	14	9	15	13	90	#
362	608847	3	7	6	11	10	15	14	5	4	90	#
363	573216	5	4	10	9	3	6	14	7	15	90	#
364	573002	2	6	10	5	3	7	14	15	9	90	#
365	123362	6	#
366	467713	6	7	3	11	10	14	15	91	#
367	494979	10	14	11	6	7	3	5	91	#
368	458758	7	6	11	3	15	2	10	91	#
369	436651	11	18	15	14	7	3	6	91	#
370	350510	14	15	11	10	0	2	1	91	#
371	331464	6	5	4	1	7	11	15	91	#
372	635599	6	5	9	10	4	11	8	2	3	15	19	1	92	#
373	771874	3	2	6	5	9	19	4	10	14	15	13	12	92	#
374	769899	4	9	5	6	13	8	12	1	0	2	3	10	92	#
375	709578	1	5	4	0	9	8	6	2	10	13	3	14	92	#
376	690783	6	5	9	8	13	11	4	10	1	12	14	0	92	#
377	670011	9	4	8	5	13	14	10	1	0	6	15	2	92	#
378	1108343	10	11	15	14	6	5	7	18	3	4	9	1	8	13	12	0	2	93	#
379	1184109	0	1	5	10	4	6	9	13	8	12	7	11	16	14	15	3	2	93	#
380	1171129	15	14	18	10	5	11	4	1	6	7	9	8	3	16	0	13	12	93	#
381	1097865	11	10	14	6	19	7	15	5	4	3	1	9	0	13	8	12	2	93	#
382	1071350	8	9	13	5	4	10	1	0	12	6	7	11	14	15	3	2	17	93	#
383	1058371	18	1	4	0	17	5	6	9	10	7	8	13	14	15	12	11	3	93	#
384	36375	0	1	#
385	361950	3	7	11	10	9	94	#
386	454774	3	7	6	10	5	94	#
387	418219	7	11	3	10	5	94	#
388	315437	11	10	6	7	1	94	#
389	294844	10	11	7	5	1	94	#
390	294683	9	4	8	10	6	94	#
391	227330	4	1	0	9	5	95	#
392	318952	1	2	4	9	17	95	#
393	306692	0	1	4	2	9	95	#
394	267627	4	5	9	8	6	95	#
395	266239	5	1	0	6	9	95	#
396	187954	9	4	13	8	1	95	#
397	423192	7	3	11	6	2	96	#
398	418591	3	7	6	11	10	96	#
399	408841	6	10	7	11	5	96	#
400	363318	2	1	13	3	7	96	#
401	246705	11	15	14	10	7	96	#
402	371120	11	7	6	10	14	97	#
403	350718	14	15	10	11	7	97	#
404	314744	7	11	6	15	3	97	#
405	302265	11	10	5	15	16	97	#
406	271756	10	14	4	15	5	97	#
407	241339	6	7	5	4	1	97	#
408	1042900	12	13	9	5	10	8	14	11	1	4	2	6	7	3	15	0	98	#
409	1175814	11	15	10	6	7	14	9	12	8	18	1	13	5	3	4	2	98	#
410	1157375	12	13	8	9	5	16	6	7	10	2	14	3	11	1	15	4	98	#
411	1149360	9	5	13	4	10	11	6	7	12	14	1	2	8	15	19	3	98	#
412	1056002	0	1	2	6	7	5	9	3	10	13	14	12	8	16	4	15	98	#
413	1020452	6	13	9	5	10	4	8	7	17	11	12	1	2	14	3	15	98	#
414	12577	17	#
415	125734	15	11	99	#
416	186736	11	10	99	#
417	103063	18	#
418	15540	17	#
419	272142	2	6	7	11	100	#
420	307020	7	3	6	2	100	#
421	277649	2	3	1	0	100	#
422	247200	6	5	7	4	100	#
423	172687	11	15	7	3	100	#
424	109433	2	#
425	111705	18	#
426	706590	2	1	4	5	10	14	3	15	9	6	7	13	8	11	12	0	101	#
427	809414	15	14	10	11	5	4	6	2	1	3	0	9	8	16	13	12	101	#
428	808085	3	2	6	10	5	14	4	1	7	11	15	9	8	13	12	19	101	#
429	782225	1	5	4	2	6	10	18	14	3	7	11	15	9	13	8	12	101	#
430	773974	9	18	5	4	10	13	12	6	14	15	2	3	1	8	0	11	101	#
431	760141	12	13	9	10	5	4	6	18	2	1	8	14	15	3	7	0	101	#
432	80186	16	#
433	120492	18	8	#
434	246880	5	1	2	4	102	#
435	291516	5	1	10	14	102	#
436	247601	1	2	6	4	102	#
437	247157	2	1	3	4	102	#
438	102202	4	1	5	9	102	#
439	104624	8	9	#
440	154737	18	5	103	#
441	158411	18	12	103	#
442	108783	5	9	103	#
443	843325	3	16	7	6	10	9	13	11	8	14	12	5	4	15	2	104	#
444	808423	9	8	10	4	14	5	15	11	1	6	7	0	2	13	12	104	#
445	802170	6	5	4	7	9	10	3	14	15	2	11	8	1	13	12	104	#
446	770281	10	9	4	11	15	5	7	14	8	6	2	1	0	13	3	104	#
447	724266	16	0	1	4	9	5	10	2	14	13	11	6	7	15	3	104	#
448	371449	8	9	5	10	6	1	105	#
449	427403	9	13	10	12	5	1	105	#
450	423200	8	9	7	13	3	10	105	#
451	370210	6	7	10	11	18	15	105	#
452	331795	10	9	8	11	7	15	105	#
453	309931	5	10	6	9	14	11	105	#
454	109051	15	11	14	106	#
455	60762	14	15	1	106	#
456	402230	6	7	11	10	15	2	5	3	4	1	14	0	9	107	#
457	564727	9	13	4	12	1	0	6	5	7	8	3	11	2	107	#
458	546156	14	15	11	10	5	4	6	9	13	7	3	12	1	107	#
459	545569	11	10	6	7	5	1	19	0	3	4	2	9	13	107	#
460	497411	5	1	4	0	6	7	11	15	3	2	10	9	13	107	#
461	472544	3	7	6	11	15	2	5	4	1	0	14	16	10	107	#
462	992761	15	11	14	10	7	3	9	8	13	6	2	4	1	5	12	0	19	108	#
463	1028098	4	1	6	10	9	7	3	11	18	14	13	5	0	15	2	8	16	108	#
464	1008398	1	0	4	5	9	8	10	6	13	7	2	3	14	11	15	12	18	108	#
465	987086	11	16	10	6	14	9	4	13	7	8	1	15	5	12	2	3	0	108	#
466	844748	5	9	8	10	4	6	11	7	2	3	14	1	13	12	15	0	17	108	#
467	410887	14	15	10	6	7	11	109	#
468	467468	7	6	3	10	11	15	109	#
469	427186	6	7	5	2	1	0	109	#
470	422197	11	10	15	5	14	6	109	#
471	414512	14	10	6	9	11	2	109	#
472	247382	10	11	15	9	17	6	109	#
473	349141	15	14	11	7	6	3	10	110	#
474	403827	7	3	6	2	1	4	5	110	#
475	393863	10	14	15	5	4	6	1	110	#
476	391264	6	7	3	2	1	0	10	110	#
477	376815	3	2	6	1	0	7	4	110	#
478	294051	11	15	10	14	6	9	5	110	#
479	56694	19	#
480	442994	6	2	10	5	111	#
481	368096	6	7	2	3	111	#
482	365846	5	10	6	7	111	#
483	207066	17	1	4	9	2	13	112	#
484	295200	13	9	4	12	5	6	112	#
485	258530	1	2	0	6	10	14	112	#
486	204698	2	6	3	1	4	7	112	#
487	173712	4	9	13	1	5	0	112	#
488	581538	2	6	1	5	0	13	4	7	3	9	11	10	8	113	#
489	673151	13	12	9	8	4	5	6	10	1	2	11	7	14	113	#
490	667841	6	5	2	7	3	4	1	10	11	19	15	0	14	113	#
491	647903	11	10	6	2	9	7	12	5	1	4	13	8	3	113	#
492	647121	9	5	8	4	1	2	13	6	3	10	11	14	15	113	#
493	611628	10	5	14	15	1	11	6	2	4	7	3	9	8	113	#
494	760328	8	13	12	9	10	14	5	11	7	3	4	2	6	1	0	15	114	#
495	832721	0	1	2	6	7	5	3	4	16	11	9	10	14	8	13	12	114	#
496	807964	9	8	13	15	10	14	11	12	6	7	3	5	2	16	1	4	114	#
497	672474	4	17	5	1	10	14	0	6	7	2	3	11	9	13	12	15	114	#
498	619591	15	14	11	7	3	17	6	2	1	5	10	0	4	9	8	13	114	#
499	197249	1	4	13	12	0	9	115	#
500	270791	12	13	11	15	9	8	115	#
501	269801	4	9	10	11	8	15	115	#
502	244855	1	0	4	9	5	10	115	#
503	158403	0	1	4	9	8	5	115	#
504	158912	7	11	3	#
505	77011	19	#
506	109213	10	#
507	28107	17	#
508	410742	0	1	2	5	6	116	#
509	445714	2	6	10	11	9	116	#
510	424676	6	2	7	11	5	116	#
511	363180	1	0	5	6	7	116	#
512	355171	0	1	5	9	6	116	#
513	287482	5	1	4	10	9	116	#
514	575151	2	3	6	1	5	10	9	0	117	#
515	581076	10	5	4	9	1	2	8	0	117	#
516	579520	0	1	4	5	9	10	2	3	117	#
517	569787	3	2	7	11	15	6	10	5	117	#
518	540427	6	10	5	11	15	4	9	2	117	#
519	533467	1	4	9	5	0	10	8	11	117	#
520	503565	18	0	1	5	2	10	6	118	#
521	535676	2	6	18	5	7	1	4	118	#
522	494466	1	2	5	6	9	4	7	118	#
523	477894	5	1	4	9	8	13	2	118	#
524	470042	6	2	7	3	10	9	8	118	#
525	442059	0	1	5	4	2	6	9	118	#
526	862351	12	13	9	4	8	17	10	1	6	2	3	7	11	14	15	5	119	#
527	932821	2	1	4	9	10	3	13	7	11	17	14	5	6	15	12	18	119	#
528	854144	10	11	7	15	6	3	8	9	14	2	1	16	5	4	13	12	119	#
529	846571	14	10	6	5	7	15	11	9	3	12	19	4	2	13	1	0	119	#
530	832897	4	9	5	10	6	19	1	11	13	0	18	8	12	7	14	3	119	#
531	823399	5	9	13	12	10	6	7	11	4	1	3	2	15	14	0	8	119	#
532	408618	13	9	4	5	10	120	#
533	434144	10	5	14	15	1	120	#
534	413014	4	1	2	12	5	120	#
535	375005	5	4	10	9	1	120	#
536	317949	9	15	14	13	5	120	#
537	299652	13	9	10	8	4	120	#
538	1101112	6	10	14	2	5	3	15	9	1	8	4	13	0	12	11	7	17	121	#
539	1181100	6	10	2	7	9	5	8	3	14	15	11	1	4	13	0	12	16	121	#
540	1156105	15	14	10	5	6	9	11	4	13	1	2	7	8	3	12	0	19	121	#
541	1148607	1	0	4	2	3	5	6	10	7	9	11	14	15	8	13	12	18	121	#
542	84394	3	#
543	100905	14	15	11	122	#
544	122271	11	7	3	122	#
545	119387	15	14	10	122	#
546	345944	13	9	4	10	5	6	123	#
547	430337	5	9	10	8	13	6	123	#
548	417793	6	7	2	3	1	5	123	#
549	408134	9	13	10	12	8	5	123	#
550	365021	10	14	15	9	6	7	123	#
551	267372	13	12	1	9	0	5	123	#
552	232608	1	5	2	4	124	#
553	295331	4	5	10	6	124	#
554	227475	1	6	5	14	124	#
555	217189	5	1	4	10	124	#
556	207656	2	3	16	1	124	#
557	583833	7	6	5	10	1	4	0	2	125	#
558	591505	5	9	4	1	6	2	13	7	125	#
559	588175	7	6	10	5	9	4	1	2	125	#
560	559077	10	9	6	7	5	4	11	15	125	#
561	542640	1	4	5	6	12	0	10	9	125	#
562	539071	2	3	7	11	6	10	15	14	125	#
563	744303	0	1	4	9	10	11	6	7	3	8	15	14	2	5	13	12	126	#
564	780309	7	11	3	6	10	9	5	4	8	2	14	16	15	1	0	13	126	#
565	774017	12	18	13	9	8	10	11	15	14	4	5	6	1	7	3	2	126	#
566	747879	5	12	10	9	14	1	0	19	4	11	6	8	15	7	3	2	126	#
567	147995	13	12	#
568	863954	1	4	5	9	6	10	7	11	14	15	0	8	3	2	13	12	127	#
569	888150	5	7	1	0	6	10	4	9	14	13	8	17	11	3	12	2	127	#
570	875393	1	0	4	5	9	10	6	8	14	7	11	16	15	13	2	12	127	#
571	863077	14	10	11	5	9	1	6	7	4	8	3	18	0	2	15	13	127	#
572	785761	0	1	4	5	10	11	6	17	9	7	14	2	8	15	3	13	127	#
573	211160	6	5	7	128	#
574	253282	6	17	2	128	#
575	222347	5	10	9	128	#
576	299365	14	10	6	129	#
577	302020	6	10	11	129	#
578	275224	10	14	5	129	#
579	561553	15	14	10	11	5	9	8	4	1	2	130	#
580	664936	9	5	8	4	10	6	14	13	2	1	130	#
581	658696	15	11	7	14	10	16	5	6	2	1	130	#
582	657472	2	1	5	6	4	10	11	0	7	15	130	#
583	654580	1	0	9	4	13	2	10	12	11	5	130	#
584	637809	5	1	4	6	2	7	3	11	15	10	130	#
585	907341	2	1	4	5	0	9	6	13	8	12	10	11	15	7	14	3	131	#
586	1005497	6	5	1	0	4	9	13	2	10	12	11	14	15	19	3	8	131	#
587	874812	9	4	17	13	1	0	5	12	2	6	10	14	7	8	11	15	131	#
588	310114	15	11	14	7	6	8	2	132	#
589	426208	11	18	15	7	14	3	6	132	#
590	399611	8	9	5	6	1	11	13	132	#
591	374522	7	3	6	5	1	9	8	132	#
592	373518	14	15	11	7	6	5	1	132	#
593	368668	15	14	11	7	3	6	2	132	#
594	335647	15	11	10	14	133	#
595	324184	10	6	14	11	133	#
596	219504	11	15	7	3	133	#
597	214921	15	11	14	7	133	#
598	729490	13	9	4	1	8	2	5	0	10	11	6	7	3	15	12	14	17	134	#
599	846238	9	10	6	3	7	4	5	11	2	1	13	14	0	15	8	12	16	134	#
600	844042	1	0	2	6	4	7	11	15	5	9	10	3	13	8	14	12	18	134	#
601	792694	13	8	9	10	5	6	7	3	4	2	11	1	12	0	15	14	19	134	#
602	381272	0	1	4	5	9	10	6	11	8	135	#
603	553514	11	15	7	10	6	2	14	5	3	135	#
604	535616	9	5	6	7	10	11	15	0	14	135	#
605	497188	6	5	10	9	14	2	4	3	7	135	#
606	462274	4	13	9	12	5	10	19	14	8	135	#
607	445180	10	6	7	5	14	9	8	15	1	135	#
608	278083	14	10	15	136	#
609	241375	10	6	9	136	#
610	238133	14	10	9	136	#
611	112891	15	11	7	136	#
612	424054	3	2	1	7	6	137	#
613	422821	3	7	2	11	6	137	#
614	411964	6	7	11	10	3	137	#
615	400392	1	0	2	3	6	137	#
616	393894	7	6	5	10	1	137	#
617	366230	2	9	3	7	11	137	#
618	846328	13	12	9	4	1	0	10	14	8	6	5	2	11	7	15	138	#
619	970939	5	10	1	2	6	9	4	0	8	14	18	11	13	12	7	138	#
620	956680	9	1	5	4	10	14	13	6	11	7	2	8	18	15	12	138	#
621	956517	8	9	12	5	4	10	13	6	14	1	2	0	15	19	11	138	#
622	947599	1	13	9	12	14	5	15	19	8	2	11	4	10	6	7	138	#
623	897219	4	9	8	5	10	1	6	2	14	13	11	12	0	7	3	138	#
624	817598	7	3	6	10	9	11	4	5	1	14	15	13	139	#
625	978109	1	4	9	0	13	5	10	11	6	2	12	3	139	#
626	959757	13	9	10	12	6	14	11	5	2	7	4	3	139	#
627	877843	14	10	11	6	7	1	0	5	2	4	3	9	139	#
628	858395	10	9	17	4	5	6	1	11	0	14	2	3	139	#
629	847543	9	4	13	8	1	12	10	5	11	7	3	0	139	#
630	172062	14	15	10	140	#
631	218791	10	5	6	140	#
632	623040	15	14	11	10	5	7	6	3	4	141	#
633	678569	11	10	15	7	14	6	13	5	4	141	#
634	649927	7	11	15	14	10	5	6	4	2	141	#
635	605723	5	6	8	10	11	15	7	14	4	141	#
636	562663	15	11	7	10	6	5	14	1	4	141	#
637	307026	9	10	4	5	1	142	#
638	420112	4	1	5	2	3	142	#
639	386216	9	10	5	8	1	142	#
640	308052	5	1	4	2	9	142	#
641	178185	1	5	4	0	9	142	#
642	850336	11	10	6	9	7	8	4	2	1	3	5	15	0	14	13	12	19	143	#
643	901013	7	3	2	6	10	14	11	5	4	9	15	1	0	8	13	12	18	143	#
644	887282	6	5	10	4	11	16	7	9	1	2	14	0	8	13	12	3	15	143	#
645	851748	11	10	6	7	3	5	9	2	4	8	15	14	13	12	1	0	17	143	#
646	836612	3	2	7	6	10	18	11	14	9	19	1	0	5	4	8	15	13	143	#
647	450260	6	10	7	3	11	9	14	15	5	144	#
648	527006	9	8	10	14	15	11	13	7	6	144	#
649	514921	15	11	10	6	5	9	1	14	8	144	#
650	506049	7	6	3	11	15	10	14	9	13	144	#
651	497285	14	10	15	9	8	6	7	11	3	144	#
652	494155	6	10	11	7	3	5	1	0	9	144	#
653	261878	5	9	10	145	#
654	348954	10	6	5	145	#
655	269185	5	4	10	145	#
656	253849	9	5	6	145	#
657	74344	19	#
658	214645	7	11	10	146	#
659	291390	11	10	5	146	#
660	243918	7	3	2	146	#
661	152729	10	14	9	146	#
662	149967	2	1	0	147	#
663	110608	0	1	5	147	#
664	1011124	2	6	3	5	7	10	13	9	14	4	8	11	15	12	1	0	148	#
665	1041079	5	4	10	9	13	12	11	14	6	2	15	8	3	7	1	18	148	#
666	230482	2	10	149	#
667	166528	2	1	149	#
668	147532	10	11	149	#
669	575617	12	13	9	5	1	8	4	10	2	150	#
670	730712	2	1	0	6	5	3	7	10	8	150	#
671	678882	5	6	7	2	3	1	14	4	0	150	#
672	655674	8	9	5	1	2	0	6	10	7	150	#
673	624950	13	9	5	1	0	6	8	2	7	150	#
674	600918	1	4	9	5	2	10	14	6	11	150	#
675	18804	9	#
676	659765	1	4	2	5	9	6	10	14	7	15	8	13	12	151	#
677	672471	8	9	13	10	6	2	4	19	5	1	14	15	12	151	#
678	666040	5	1	4	9	2	6	7	10	14	13	19	8	15	151	#
679	662695	13	12	9	10	14	15	6	7	4	1	2	5	3	151	#
680	624651	6	2	10	5	14	7	9	1	4	18	13	15	8	151	#
681	601661	10	5	14	17	8	9	7	1	4	15	13	2	6	151	#
682	666845	6	5	7	3	2	11	15	1	9	0	4	13	12	10	14	8	152	#
683	674260	13	12	9	19	8	5	6	7	4	3	11	1	10	15	2	0	152	#
684	648485	10	6	11	15	5	7	1	3	4	0	2	9	14	16	8	13	152	#
685	616911	15	11	14	10	7	6	17	5	3	9	8	2	1	4	0	13	152	#
686	609804	1	4	5	19	9	0	6	7	11	8	15	14	3	10	2	13	152	#
687	70554	19	#
688	679927	0	1	2	6	10	5	18	9	14	4	8	11	15	7	3	13	12	17	153	#
689	715282	5	19	1	10	9	0	11	6	2	15	8	12	4	7	14	3	13	18	153	#
690	683300	2	3	6	5	10	1	9	8	0	11	7	14	15	4	13	12	18	16	153	#
691	681302	8	9	5	3	0	1	2	6	10	7	4	11	14	15	13	12	16	19	153	#
692	677929	11	15	10	9	5	6	2	1	7	14	0	4	8	3	13	12	19	17	153	#
693	645948	10	9	6	2	11	7	8	15	4	14	5	1	0	3	13	12	17	16	153	#
694	17285	17	#
695	263092	4	5	1	10	154	#
696	371455	5	1	10	6	154	#
697	271558	10	9	8	5	154	#
698	260216	1	9	5	6	154	#
699	151853	4	9	1	5	154	#
700	1048690	13	9	10	4	8	1	5	6	2	3	7	12	14	0	15	11	155	#
701	1114926	1	5	4	0	2	10	3	9	6	8	7	19	11	13	15	12	155	#
702	1045626	8	9	5	1	16	10	2	3	6	7	4	13	12	11	15	0	155	#
703	995721	7	3	6	2	1	0	10	5	9	4	8	11	15	14	18	13	155	#
704	967218	9	8	10	4	5	13	1	14	15	0	16	6	11	7	2	3	155	#
705	956604	15	18	11	10	9	4	5	8	13	7	17	6	12	2	1	14	155	#
706	40201	17	#
707	113186	12	#
708	430144	10	11	9	7	13	12	156	#
709	509164	11	15	10	9	5	3	156	#
710	484564	7	11	15	10	5	9	156	#
711	455235	12	13	9	10	8	11	156	#
712	356358	10	9	8	5	1	4	156	#
713	348351	9	5	10	4	11	1	156	#
714	771415	8	9	10	4	13	11	15	1	2	0	3	14	7	5	6	12	157	#
715	811731	5	10	1	2	19	11	15	3	7	4	6	14	0	9	13	8	157	#
716	806138	3	2	1	4	6	0	10	9	8	5	7	17	11	13	12	15	157	#
717	773980	12	13	9	10	4	11	1	5	15	14	2	17	7	3	0	8	157	#
718	434677	6	10	7	5	3	11	158	#
719	474774	5	6	10	9	14	2	158	#
720	467022	6	10	14	5	7	4	158	#
721	431747	7	11	6	2	5	3	158	#
722	412683	11	7	6	5	4	10	158	#
723	390165	3	2	1	0	4	5	158	#
724	34033	18	#
725	763900	6	2	3	7	11	5	9	13	10	17	12	8	1	14	4	159	#
726	919347	3	7	6	2	5	9	10	4	8	18	13	11	14	15	12	159	#
727	894734	9	5	10	4	6	14	2	11	3	7	15	1	18	13	12	159	#
728	798073	7	3	6	8	5	4	2	10	9	14	1	13	11	12	0	159	#
729	788268	14	10	9	15	13	11	4	6	12	5	8	7	2	3	1	159	#
730	782007	6	10	9	7	14	5	15	11	3	2	4	1	13	12	0	159	#
731	52217	16	#
732	84873	12	#
733	651058	13	12	9	10	4	1	2	3	5	7	160	#
734	711537	12	13	2	1	9	5	6	10	7	3	160	#
735	699600	7	6	10	3	9	13	5	8	12	11	160	#
736	649858	3	1	7	4	9	10	5	13	6	14	160	#
737	642679	13	9	5	10	11	6	7	3	8	2	160	#
738	618471	2	6	5	1	3	4	10	9	7	13	160	#
739	788861	11	7	3	6	2	5	15	1	14	10	9	13	8	0	12	4	161	#
740	907221	1	8	5	0	9	16	6	13	2	10	11	14	15	3	12	7	161	#
741	866238	3	7	2	17	11	6	1	0	10	5	9	14	15	8	13	12	161	#
742	106174	5	#
743	551947	4	5	1	10	11	9	6	15	7	13	2	14	162	#
744	749434	5	10	6	11	7	14	15	4	13	2	12	3	162	#
745	702668	13	12	9	4	5	10	14	6	1	7	2	3	162	#
746	677514	10	5	9	1	13	8	4	12	6	7	2	3	162	#
747	644877	2	1	3	7	6	10	14	5	4	9	13	15	162	#
748	596399	11	15	7	3	14	10	5	4	6	1	2	0	162	#
749	120254	10	15	163	#
750	108824	15	11	163	#
751	766797	4	16	9	1	5	6	13	7	10	0	3	11	15	14	2	12	8	164	#
752	788058	13	9	4	1	5	6	12	2	3	7	0	11	15	10	14	8	19	164	#
753	782667	1	5	9	4	6	10	11	7	2	3	14	18	15	0	13	12	8	164	#
754	687762	15	14	11	7	3	2	1	6	10	4	0	5	9	8	13	17	12	164	#
755	386479	12	8	13	9	5	165	#
756	351230	9	5	13	8	6	165	#
757	328847	8	9	5	13	1	165	#
758	280399	12	13	14	9	4	165	#
759	248585	13	9	4	5	3	165	#
760	242144	5	1	4	9	8	165	#
761	49262	17	#
762	831771	0	1	9	4	13	12	8	2	6	5	3	10	11	14	15	7	166	#
763	950999	0	1	4	5	2	3	9	6	8	18	13	12	10	14	11	15	166	#
764	875739	12	13	9	5	1	2	4	0	3	8	6	10	14	19	11	15	166	#
765	814558	15	14	11	10	5	6	2	3	7	4	9	19	1	13	0	18	166	#
766	759796	4	9	5	6	7	2	3	8	10	1	11	19	14	0	15	13	166	#
767	673979	1	2	6	5	0	4	7	11	9	8	13	15	14	10	17	167	#
768	829759	4	12	9	13	1	5	0	2	8	10	11	15	16	6	7	167	#
769	781054	5	4	1	0	2	6	7	11	15	10	9	8	13	12	14	167	#
770	765141	1	9	13	2	4	5	0	3	8	12	6	7	11	15	14	167	#
771	750358	11	7	15	14	6	2	5	4	1	0	9	13	3	8	10	167	#
772	658065	17	6	2	5	9	1	0	4	13	8	7	11	3	15	14	167	#
773	28495	9	#
774	388914	15	14	10	6	9	8	4	1	168	#
775	571906	6	2	1	3	0	4	7	5	168	#
776	564127	15	14	10	6	7	2	1	3	168	#
777	504140	1	2	4	3	6	7	11	0	168	#
778	500919	4	1	2	3	0	7	6	9	168	#
779	469272	9	4	5	6	13	1	14	10	168	#
780	131158	8	9	10	169	#
781	137459	9	5	10	169	#
782	78007	8	9	13	169	#
783	390926	16	0	1	5	6	4	10	170	#
784	445741	10	11	6	15	5	7	14	170	#
785	441997	16	1	4	5	6	7	18	170	#
786	390953	1	4	5	10	14	11	15	170	#
787	370158	5	6	1	4	0	10	14	170	#
788	340583	4	1	5	0	6	7	3	170	#
789	788457	19	13	12	9	4	5	1	6	8	0	2	10	171	#
790	842528	19	13	12	9	5	10	1	6	7	4	2	14	171	#
791	812745	8	9	5	6	11	4	7	15	14	10	13	12	171	#
792	795622	12	13	9	5	6	4	1	7	2	3	10	14	171	#
793	777834	9	8	4	13	1	0	5	2	12	6	10	11	171	#
794	763976	13	9	4	12	5	6	7	1	11	2	8	0	171	#
795	612437	7	3	6	17	11	15	14	2	10	5	4	9	172	#
796	693528	7	3	2	6	11	10	9	5	16	14	8	4	172	#
797	665518	3	7	11	6	2	15	10	14	5	16	9	4	172	#
798	655932	14	7	15	11	3	6	10	2	1	0	4	5	172	#
799	633540	9	4	5	10	11	6	2	7	3	14	8	15	172	#
800	631199	5	4	1	2	6	10	14	0	3	9	13	7	172	#
