%% File generated by CATS v.2.1Tue Aug 20 18:58:10 2019

%% The CATS webpage is http://robotics.stanford.edu/CATS

%% PARAMETER SETTINGS:
% Goods: 20; Bids: 800; Distribution: scheduling; Runs: 10; Seed: 1566345617
% Scheduling Distribution Parameters:
% max_length                = 10
% deviation                 = 0.500000
% prob_additional_deadline  = 0.700000
% additivity                = 0.200000



goods 20
bids 812
dummy 70

0	9083	0	1	2	3	4	5	6	20	#
1	9083	1	2	3	4	5	6	7	20	#
2	9083	2	3	4	5	6	7	8	20	#
3	9083	3	4	5	6	7	8	9	20	#
4	3031	0	1	21	#
5	3031	1	2	21	#
6	3031	2	3	21	#
7	3031	3	4	21	#
8	3031	4	5	21	#
9	3031	5	6	21	#
10	3031	6	7	21	#
11	3031	7	8	21	#
12	3513	0	1	2	22	#
13	3513	1	2	3	22	#
14	3513	2	3	4	22	#
15	3513	3	4	5	22	#
16	3513	4	5	6	22	#
17	3513	5	6	7	22	#
18	3513	6	7	8	22	#
19	3513	7	8	9	22	#
20	3513	8	9	10	22	#
21	2342	9	10	11	22	#
22	2342	10	11	12	22	#
23	2342	11	12	13	22	#
24	2342	12	13	14	22	#
25	2342	13	14	15	22	#
26	1952	14	15	16	22	#
27	1952	15	16	17	22	#
28	1952	16	17	18	22	#
29	1849	17	18	19	22	#
30	16419	0	1	2	3	4	5	6	7	8	9	23	#
31	16419	1	2	3	4	5	6	7	8	9	10	23	#
32	16419	2	3	4	5	6	7	8	9	10	11	23	#
33	11288	3	4	5	6	7	8	9	10	11	12	23	#
34	11288	4	5	6	7	8	9	10	11	12	13	23	#
35	11288	5	6	7	8	9	10	11	12	13	14	23	#
36	11288	6	7	8	9	10	11	12	13	14	15	23	#
37	11288	7	8	9	10	11	12	13	14	15	16	23	#
38	3333	0	1	24	#
39	6681	0	1	2	3	4	5	25	#
40	6681	1	2	3	4	5	6	25	#
41	6681	2	3	4	5	6	7	25	#
42	6681	3	4	5	6	7	8	25	#
43	6681	4	5	6	7	8	9	25	#
44	6681	5	6	7	8	9	10	25	#
45	4175	6	7	8	9	10	11	25	#
46	4175	7	8	9	10	11	12	25	#
47	4175	8	9	10	11	12	13	25	#
48	4175	9	10	11	12	13	14	25	#
49	4175	10	11	12	13	14	15	25	#
50	4175	11	12	13	14	15	16	25	#
51	3711	12	13	14	15	16	17	25	#
52	3711	13	14	15	16	17	18	25	#
53	3516	14	15	16	17	18	19	25	#
54	19817	0	1	2	3	4	5	6	7	8	26	#
55	19817	1	2	3	4	5	6	7	8	9	26	#
56	19817	2	3	4	5	6	7	8	9	10	26	#
57	19817	3	4	5	6	7	8	9	10	11	26	#
58	19817	4	5	6	7	8	9	10	11	12	26	#
59	19817	5	6	7	8	9	10	11	12	13	26	#
60	19817	6	7	8	9	10	11	12	13	14	26	#
61	19817	7	8	9	10	11	12	13	14	15	26	#
62	19817	8	9	10	11	12	13	14	15	16	26	#
63	16688	9	10	11	12	13	14	15	16	17	26	#
64	16688	10	11	12	13	14	15	16	17	18	26	#
65	16688	11	12	13	14	15	16	17	18	19	26	#
66	13045	0	1	2	3	4	5	6	7	27	#
67	13045	1	2	3	4	5	6	7	8	27	#
68	13045	2	3	4	5	6	7	8	9	27	#
69	13045	3	4	5	6	7	8	9	10	27	#
70	13045	4	5	6	7	8	9	10	11	27	#
71	13045	5	6	7	8	9	10	11	12	27	#
72	13045	6	7	8	9	10	11	12	13	27	#
73	13045	7	8	9	10	11	12	13	14	27	#
74	13045	8	9	10	11	12	13	14	15	27	#
75	11511	9	10	11	12	13	14	15	16	27	#
76	11511	10	11	12	13	14	15	16	17	27	#
77	10299	11	12	13	14	15	16	17	18	27	#
78	10299	12	13	14	15	16	17	18	19	27	#
79	14295	0	1	2	3	4	5	6	7	28	#
80	14295	1	2	3	4	5	6	7	8	28	#
81	14295	2	3	4	5	6	7	8	9	28	#
82	14295	3	4	5	6	7	8	9	10	28	#
83	14295	4	5	6	7	8	9	10	11	28	#
84	14295	5	6	7	8	9	10	11	12	28	#
85	4805	0	1	2	3	29	#
86	801	1	2	3	4	29	#
87	801	2	3	4	5	29	#
88	801	3	4	5	6	29	#
89	801	4	5	6	7	29	#
90	801	5	6	7	8	29	#
91	801	6	7	8	9	29	#
92	801	7	8	9	10	29	#
93	801	8	9	10	11	29	#
94	801	9	10	11	12	29	#
95	801	10	11	12	13	29	#
96	801	11	12	13	14	29	#
97	801	12	13	14	15	29	#
98	801	13	14	15	16	29	#
99	801	14	15	16	17	29	#
100	801	15	16	17	18	29	#
101	759	16	17	18	19	29	#
102	6549	0	1	2	3	4	5	6	30	#
103	6549	1	2	3	4	5	6	7	30	#
104	3275	2	3	4	5	6	7	8	30	#
105	3275	3	4	5	6	7	8	9	30	#
106	3275	4	5	6	7	8	9	10	30	#
107	3275	5	6	7	8	9	10	11	30	#
108	3275	6	7	8	9	10	11	12	30	#
109	3275	7	8	9	10	11	12	13	30	#
110	3275	8	9	10	11	12	13	14	30	#
111	2865	9	10	11	12	13	14	15	30	#
112	2865	10	11	12	13	14	15	16	30	#
113	5595	0	1	2	3	4	5	6	31	#
114	5595	1	2	3	4	5	6	7	31	#
115	5595	2	3	4	5	6	7	8	31	#
116	5595	3	4	5	6	7	8	9	31	#
117	5595	4	5	6	7	8	9	10	31	#
118	5595	5	6	7	8	9	10	11	31	#
119	5595	6	7	8	9	10	11	12	31	#
120	5595	7	8	9	10	11	12	13	31	#
121	17569	0	1	2	3	4	5	6	7	32	#
122	17569	1	2	3	4	5	6	7	8	32	#
123	17569	2	3	4	5	6	7	8	9	32	#
124	17569	3	4	5	6	7	8	9	10	32	#
125	17569	4	5	6	7	8	9	10	11	32	#
126	17569	5	6	7	8	9	10	11	12	32	#
127	17569	6	7	8	9	10	11	12	13	32	#
128	12021	7	8	9	10	11	12	13	14	32	#
129	12021	8	9	10	11	12	13	14	15	32	#
130	12021	9	10	11	12	13	14	15	16	32	#
131	12021	10	11	12	13	14	15	16	17	32	#
132	12021	11	12	13	14	15	16	17	18	32	#
133	12021	12	13	14	15	16	17	18	19	32	#
134	20317	0	1	2	3	4	5	6	7	8	33	#
135	20317	1	2	3	4	5	6	7	8	9	33	#
136	20317	2	3	4	5	6	7	8	9	10	33	#
137	20317	3	4	5	6	7	8	9	10	11	33	#
138	20317	4	5	6	7	8	9	10	11	12	33	#
139	20317	5	6	7	8	9	10	11	12	13	33	#
140	20317	6	7	8	9	10	11	12	13	14	33	#
141	20317	7	8	9	10	11	12	13	14	15	33	#
142	16931	8	9	10	11	12	13	14	15	16	33	#
143	16931	9	10	11	12	13	14	15	16	17	33	#
144	16931	10	11	12	13	14	15	16	17	18	33	#
145	5447	0	1	2	3	34	#
146	5447	1	2	3	4	34	#
147	5447	2	3	4	5	34	#
148	5447	3	4	5	6	34	#
149	5447	4	5	6	7	34	#
150	5447	5	6	7	8	34	#
151	5447	6	7	8	9	34	#
152	5447	7	8	9	10	34	#
153	5447	8	9	10	11	34	#
154	5447	9	10	11	12	34	#
155	5447	10	11	12	13	34	#
156	4720	11	12	13	14	34	#
157	4720	12	13	14	15	34	#
158	14674	0	1	2	3	4	5	6	7	35	#
159	14674	1	2	3	4	5	6	7	8	35	#
160	7826	2	3	4	5	6	7	8	9	35	#
161	7826	3	4	5	6	7	8	9	10	35	#
162	7826	4	5	6	7	8	9	10	11	35	#
163	7826	5	6	7	8	9	10	11	12	35	#
164	7826	6	7	8	9	10	11	12	13	35	#
165	7826	7	8	9	10	11	12	13	14	35	#
166	7826	8	9	10	11	12	13	14	15	35	#
167	6906	9	10	11	12	13	14	15	16	35	#
168	6906	10	11	12	13	14	15	16	17	35	#
169	10176	0	1	2	3	4	5	6	7	8	9	36	#
170	10176	1	2	3	4	5	6	7	8	9	10	36	#
171	10176	2	3	4	5	6	7	8	9	10	11	36	#
172	10176	3	4	5	6	7	8	9	10	11	12	36	#
173	7632	4	5	6	7	8	9	10	11	12	13	36	#
174	7632	5	6	7	8	9	10	11	12	13	14	36	#
175	7632	6	7	8	9	10	11	12	13	14	15	36	#
176	7632	7	8	9	10	11	12	13	14	15	16	36	#
177	6427	8	9	10	11	12	13	14	15	16	17	36	#
178	6427	9	10	11	12	13	14	15	16	17	18	36	#
179	6427	10	11	12	13	14	15	16	17	18	19	36	#
180	18972	0	1	2	3	4	5	6	7	8	9	37	#
181	18972	1	2	3	4	5	6	7	8	9	10	37	#
182	18972	2	3	4	5	6	7	8	9	10	11	37	#
183	18972	3	4	5	6	7	8	9	10	11	12	37	#
184	18972	4	5	6	7	8	9	10	11	12	13	37	#
185	18972	5	6	7	8	9	10	11	12	13	14	37	#
186	18972	6	7	8	9	10	11	12	13	14	15	37	#
187	18972	7	8	9	10	11	12	13	14	15	16	37	#
188	18972	8	9	10	11	12	13	14	15	16	17	37	#
189	18972	9	10	11	12	13	14	15	16	17	18	37	#
190	11528	0	1	2	3	4	5	38	#
191	11528	1	2	3	4	5	6	38	#
192	11528	2	3	4	5	6	7	38	#
193	11528	3	4	5	6	7	8	38	#
194	11528	4	5	6	7	8	9	38	#
195	11528	5	6	7	8	9	10	38	#
196	11528	6	7	8	9	10	11	38	#
197	11528	7	8	9	10	11	12	38	#
198	11528	8	9	10	11	12	13	38	#
199	11528	9	10	11	12	13	14	38	#
200	11528	10	11	12	13	14	15	38	#
201	11528	11	12	13	14	15	16	38	#
202	10009	0	1	2	3	4	5	6	7	39	#
203	10009	1	2	3	4	5	6	7	8	39	#
204	10009	2	3	4	5	6	7	8	9	39	#
205	10009	3	4	5	6	7	8	9	10	39	#
206	10009	4	5	6	7	8	9	10	11	39	#
207	10009	5	6	7	8	9	10	11	12	39	#
208	10009	6	7	8	9	10	11	12	13	39	#
209	4860	0	1	2	40	#
210	4860	1	2	3	40	#
211	4860	2	3	4	40	#
212	4860	3	4	5	40	#
213	4860	4	5	6	40	#
214	4860	5	6	7	40	#
215	4860	6	7	8	40	#
216	4860	7	8	9	40	#
217	4860	8	9	10	40	#
218	4860	9	10	11	40	#
219	4860	10	11	12	40	#
220	4860	11	12	13	40	#
221	4860	12	13	14	40	#
222	4860	13	14	15	40	#
223	4860	14	15	16	40	#
224	4860	15	16	17	40	#
225	4860	16	17	18	40	#
226	4860	17	18	19	40	#
227	7950	0	1	2	3	4	5	6	7	8	41	#
228	7950	1	2	3	4	5	6	7	8	9	41	#
229	7950	2	3	4	5	6	7	8	9	10	41	#
230	7950	3	4	5	6	7	8	9	10	11	41	#
231	7950	4	5	6	7	8	9	10	11	12	41	#
232	7950	5	6	7	8	9	10	11	12	13	41	#
233	6079	6	7	8	9	10	11	12	13	14	41	#
234	6079	7	8	9	10	11	12	13	14	15	41	#
235	6079	8	9	10	11	12	13	14	15	16	41	#
236	6079	9	10	11	12	13	14	15	16	17	41	#
237	759	0	42	#
238	759	1	42	#
239	759	2	42	#
240	759	3	42	#
241	759	4	42	#
242	169	5	42	#
243	169	6	42	#
244	169	7	42	#
245	169	8	42	#
246	169	9	42	#
247	169	10	42	#
248	169	11	42	#
249	169	12	42	#
250	169	13	42	#
251	169	14	42	#
252	169	15	42	#
253	169	16	42	#
254	169	17	42	#
255	169	18	42	#
256	160	19	42	#
257	7891	0	1	2	3	4	43	#
258	7891	1	2	3	4	5	43	#
259	7891	2	3	4	5	6	43	#
260	7891	3	4	5	6	7	43	#
261	7891	4	5	6	7	8	43	#
262	7891	5	6	7	8	9	43	#
263	7891	6	7	8	9	10	43	#
264	7891	7	8	9	10	11	43	#
265	7891	8	9	10	11	12	43	#
266	5570	9	10	11	12	13	43	#
267	5570	10	11	12	13	14	43	#
268	5570	11	12	13	14	15	43	#
269	5570	12	13	14	15	16	43	#
270	5570	13	14	15	16	17	43	#
271	4984	14	15	16	17	18	43	#
272	4984	15	16	17	18	19	43	#
273	10202	0	1	2	3	4	5	44	#
274	10202	1	2	3	4	5	6	44	#
275	10202	2	3	4	5	6	7	44	#
276	10202	3	4	5	6	7	8	44	#
277	10202	4	5	6	7	8	9	44	#
278	10202	5	6	7	8	9	10	44	#
279	10202	6	7	8	9	10	11	44	#
280	10202	7	8	9	10	11	12	44	#
281	10202	8	9	10	11	12	13	44	#
282	10202	9	10	11	12	13	14	44	#
283	8359	0	1	2	3	4	5	6	7	8	9	45	#
284	8359	1	2	3	4	5	6	7	8	9	10	45	#
285	8359	2	3	4	5	6	7	8	9	10	11	45	#
286	8359	3	4	5	6	7	8	9	10	11	12	45	#
287	8359	4	5	6	7	8	9	10	11	12	13	45	#
288	8359	5	6	7	8	9	10	11	12	13	14	45	#
289	8359	6	7	8	9	10	11	12	13	14	15	45	#
290	8359	7	8	9	10	11	12	13	14	15	16	45	#
291	8359	8	9	10	11	12	13	14	15	16	17	45	#
292	7894	9	10	11	12	13	14	15	16	17	18	45	#
293	2750	0	1	46	#
294	2750	1	2	46	#
295	2750	2	3	46	#
296	3590	0	1	2	3	4	47	#
297	3590	1	2	3	4	5	47	#
298	3590	2	3	4	5	6	47	#
299	3077	3	4	5	6	7	47	#
300	2393	4	5	6	7	8	47	#
301	2393	5	6	7	8	9	47	#
302	1267	6	7	8	9	10	47	#
303	1267	7	8	9	10	11	47	#
304	1267	8	9	10	11	12	47	#
305	1267	9	10	11	12	13	47	#
306	1267	10	11	12	13	14	47	#
307	1267	11	12	13	14	15	47	#
308	1267	12	13	14	15	16	47	#
309	1267	13	14	15	16	17	47	#
310	10318	0	1	2	3	4	5	6	7	8	9	48	#
311	10318	1	2	3	4	5	6	7	8	9	10	48	#
312	10318	2	3	4	5	6	7	8	9	10	11	48	#
313	10318	3	4	5	6	7	8	9	10	11	12	48	#
314	10318	4	5	6	7	8	9	10	11	12	13	48	#
315	10318	5	6	7	8	9	10	11	12	13	14	48	#
316	10318	6	7	8	9	10	11	12	13	14	15	48	#
317	10318	7	8	9	10	11	12	13	14	15	16	48	#
318	9711	8	9	10	11	12	13	14	15	16	17	48	#
319	7310	0	1	2	3	49	#
320	7310	1	2	3	4	49	#
321	7310	2	3	4	5	49	#
322	7310	3	4	5	6	49	#
323	7310	4	5	6	7	49	#
324	7310	5	6	7	8	49	#
325	7310	6	7	8	9	49	#
326	7310	7	8	9	10	49	#
327	6092	8	9	10	11	49	#
328	6092	9	10	11	12	49	#
329	7973	0	1	2	3	4	5	6	7	50	#
330	2937	1	2	3	4	5	6	7	8	50	#
331	2937	2	3	4	5	6	7	8	9	50	#
332	2937	3	4	5	6	7	8	9	10	50	#
333	2937	4	5	6	7	8	9	10	11	50	#
334	2937	5	6	7	8	9	10	11	12	50	#
335	2937	6	7	8	9	10	11	12	13	50	#
336	2937	7	8	9	10	11	12	13	14	50	#
337	2937	8	9	10	11	12	13	14	15	50	#
338	2937	9	10	11	12	13	14	15	16	50	#
339	2937	10	11	12	13	14	15	16	17	50	#
340	2937	11	12	13	14	15	16	17	18	50	#
341	2937	12	13	14	15	16	17	18	19	50	#
342	9894	0	1	2	3	4	5	51	#
343	9894	1	2	3	4	5	6	51	#
344	9894	2	3	4	5	6	7	51	#
345	9894	3	4	5	6	7	8	51	#
346	9894	4	5	6	7	8	9	51	#
347	9894	5	6	7	8	9	10	51	#
348	9894	6	7	8	9	10	11	51	#
349	9894	7	8	9	10	11	12	51	#
350	9894	8	9	10	11	12	13	51	#
351	9894	9	10	11	12	13	14	51	#
352	9894	10	11	12	13	14	15	51	#
353	9894	11	12	13	14	15	16	51	#
354	9894	12	13	14	15	16	17	51	#
355	9894	13	14	15	16	17	18	51	#
356	9373	14	15	16	17	18	19	51	#
357	15253	0	1	2	3	4	5	6	7	8	9	52	#
358	13728	1	2	3	4	5	6	7	8	9	10	52	#
359	8580	2	3	4	5	6	7	8	9	10	11	52	#
360	8580	3	4	5	6	7	8	9	10	11	12	52	#
361	8580	4	5	6	7	8	9	10	11	12	13	52	#
362	8580	5	6	7	8	9	10	11	12	13	14	52	#
363	8580	6	7	8	9	10	11	12	13	14	15	52	#
364	8580	7	8	9	10	11	12	13	14	15	16	52	#
365	4527	0	1	2	3	4	5	53	#
366	4527	1	2	3	4	5	6	53	#
367	4527	2	3	4	5	6	7	53	#
368	4527	3	4	5	6	7	8	53	#
369	4527	4	5	6	7	8	9	53	#
370	1258	0	54	#
371	1258	1	54	#
372	1258	2	54	#
373	1258	3	54	#
374	1258	4	54	#
375	1258	5	54	#
376	1258	6	54	#
377	1258	7	54	#
378	1101	8	54	#
379	518	9	54	#
380	518	10	54	#
381	518	11	54	#
382	518	12	54	#
383	518	13	54	#
384	518	14	54	#
385	518	15	54	#
386	518	16	54	#
387	518	17	54	#
388	489	18	54	#
389	464	19	54	#
390	12701	0	1	2	3	4	5	55	#
391	3528	1	2	3	4	5	6	55	#
392	3528	2	3	4	5	6	7	55	#
393	3528	3	4	5	6	7	8	55	#
394	3528	4	5	6	7	8	9	55	#
395	3528	5	6	7	8	9	10	55	#
396	3528	6	7	8	9	10	11	55	#
397	3528	7	8	9	10	11	12	55	#
398	3528	8	9	10	11	12	13	55	#
399	3528	9	10	11	12	13	14	55	#
400	3528	10	11	12	13	14	15	55	#
401	3528	11	12	13	14	15	16	55	#
402	3528	12	13	14	15	16	17	55	#
403	3528	13	14	15	16	17	18	55	#
404	3342	14	15	16	17	18	19	55	#
405	853	0	56	#
406	853	1	56	#
407	853	2	56	#
408	853	3	56	#
409	853	4	56	#
410	853	5	56	#
411	305	6	56	#
412	305	7	56	#
413	305	8	56	#
414	305	9	56	#
415	305	10	56	#
416	305	11	56	#
417	305	12	56	#
418	305	13	56	#
419	305	14	56	#
420	224	15	56	#
421	224	16	56	#
422	224	17	56	#
423	224	18	56	#
424	224	19	56	#
425	6429	0	1	2	3	4	5	57	#
426	6429	1	2	3	4	5	6	57	#
427	6429	2	3	4	5	6	7	57	#
428	6429	3	4	5	6	7	8	57	#
429	6429	4	5	6	7	8	9	57	#
430	6429	5	6	7	8	9	10	57	#
431	6429	6	7	8	9	10	11	57	#
432	6429	7	8	9	10	11	12	57	#
433	6429	8	9	10	11	12	13	57	#
434	6429	9	10	11	12	13	14	57	#
435	6429	10	11	12	13	14	15	57	#
436	6429	11	12	13	14	15	16	57	#
437	6429	12	13	14	15	16	17	57	#
438	6429	13	14	15	16	17	18	57	#
439	7196	0	1	2	3	4	58	#
440	7196	1	2	3	4	5	58	#
441	7196	2	3	4	5	6	58	#
442	7196	3	4	5	6	7	58	#
443	7196	4	5	6	7	8	58	#
444	7196	5	6	7	8	9	58	#
445	7196	6	7	8	9	10	58	#
446	7196	7	8	9	10	11	58	#
447	7196	8	9	10	11	12	58	#
448	7196	9	10	11	12	13	58	#
449	7196	10	11	12	13	14	58	#
450	7196	11	12	13	14	15	58	#
451	7196	12	13	14	15	16	58	#
452	7196	13	14	15	16	17	58	#
453	7196	14	15	16	17	18	58	#
454	21888	0	1	2	3	4	5	6	7	8	9	59	#
455	21888	1	2	3	4	5	6	7	8	9	10	59	#
456	15324	0	1	2	3	4	5	6	7	8	60	#
457	15324	1	2	3	4	5	6	7	8	9	60	#
458	15324	2	3	4	5	6	7	8	9	10	60	#
459	15324	3	4	5	6	7	8	9	10	11	60	#
460	15324	4	5	6	7	8	9	10	11	12	60	#
461	15324	5	6	7	8	9	10	11	12	13	60	#
462	15324	6	7	8	9	10	11	12	13	14	60	#
463	15324	7	8	9	10	11	12	13	14	15	60	#
464	13521	8	9	10	11	12	13	14	15	16	60	#
465	13521	9	10	11	12	13	14	15	16	17	60	#
466	13949	0	1	2	3	4	5	6	7	61	#
467	13949	1	2	3	4	5	6	7	8	61	#
468	13949	2	3	4	5	6	7	8	9	61	#
469	11073	0	1	2	3	4	5	62	#
470	11073	1	2	3	4	5	6	62	#
471	11073	2	3	4	5	6	7	62	#
472	11073	3	4	5	6	7	8	62	#
473	11073	4	5	6	7	8	9	62	#
474	11073	5	6	7	8	9	10	62	#
475	11073	6	7	8	9	10	11	62	#
476	11073	7	8	9	10	11	12	62	#
477	11073	8	9	10	11	12	13	62	#
478	11073	9	10	11	12	13	14	62	#
479	4793	0	1	2	3	4	63	#
480	4793	1	2	3	4	5	63	#
481	4793	2	3	4	5	6	63	#
482	4793	3	4	5	6	7	63	#
483	4793	4	5	6	7	8	63	#
484	4793	5	6	7	8	9	63	#
485	4793	6	7	8	9	10	63	#
486	4793	7	8	9	10	11	63	#
487	4793	8	9	10	11	12	63	#
488	4793	9	10	11	12	13	63	#
489	4793	10	11	12	13	14	63	#
490	3728	11	12	13	14	15	63	#
491	3728	12	13	14	15	16	63	#
492	3728	13	14	15	16	17	63	#
493	3728	14	15	16	17	18	63	#
494	3531	15	16	17	18	19	63	#
495	5803	0	1	2	3	64	#
496	5803	1	2	3	4	64	#
497	5803	2	3	4	5	64	#
498	5803	3	4	5	6	64	#
499	5803	4	5	6	7	64	#
500	3385	5	6	7	8	64	#
501	3385	6	7	8	9	64	#
502	3385	7	8	9	10	64	#
503	3385	8	9	10	11	64	#
504	3385	9	10	11	12	64	#
505	7362	0	1	2	3	4	5	6	7	65	#
506	7362	1	2	3	4	5	6	7	8	65	#
507	7362	2	3	4	5	6	7	8	9	65	#
508	7362	3	4	5	6	7	8	9	10	65	#
509	7362	4	5	6	7	8	9	10	11	65	#
510	7362	5	6	7	8	9	10	11	12	65	#
511	5890	6	7	8	9	10	11	12	13	65	#
512	5890	7	8	9	10	11	12	13	14	65	#
513	5890	8	9	10	11	12	13	14	15	65	#
514	5522	9	10	11	12	13	14	15	16	65	#
515	4908	10	11	12	13	14	15	16	17	65	#
516	4908	11	12	13	14	15	16	17	18	65	#
517	4650	12	13	14	15	16	17	18	19	65	#
518	10034	0	1	2	3	4	5	6	66	#
519	10034	1	2	3	4	5	6	7	66	#
520	2984	0	1	2	67	#
521	2984	1	2	3	67	#
522	2984	2	3	4	67	#
523	2984	3	4	5	67	#
524	2984	4	5	6	67	#
525	2984	5	6	7	67	#
526	2984	6	7	8	67	#
527	2984	7	8	9	67	#
528	2984	8	9	10	67	#
529	2984	9	10	11	67	#
530	1824	10	11	12	67	#
531	1824	11	12	13	67	#
532	1824	12	13	14	67	#
533	1824	13	14	15	67	#
534	1824	14	15	16	67	#
535	1824	15	16	17	67	#
536	1824	16	17	18	67	#
537	1728	17	18	19	67	#
538	9749	0	1	2	3	4	5	6	7	8	9	68	#
539	9749	1	2	3	4	5	6	7	8	9	10	68	#
540	9749	2	3	4	5	6	7	8	9	10	11	68	#
541	8936	3	4	5	6	7	8	9	10	11	12	68	#
542	1398	0	69	#
543	1398	1	69	#
544	1398	2	69	#
545	1398	3	69	#
546	1398	4	69	#
547	1398	5	69	#
548	1398	6	69	#
549	1398	7	69	#
550	1398	8	69	#
551	1398	9	69	#
552	1398	10	69	#
553	1766	0	1	70	#
554	1766	1	2	70	#
555	1766	2	3	70	#
556	1766	3	4	70	#
557	14548	0	1	2	3	4	5	6	7	71	#
558	14548	1	2	3	4	5	6	7	8	71	#
559	14548	2	3	4	5	6	7	8	9	71	#
560	14548	3	4	5	6	7	8	9	10	71	#
561	14548	4	5	6	7	8	9	10	11	71	#
562	14548	5	6	7	8	9	10	11	12	71	#
563	14548	6	7	8	9	10	11	12	13	71	#
564	14548	7	8	9	10	11	12	13	14	71	#
565	14548	8	9	10	11	12	13	14	15	71	#
566	11485	9	10	11	12	13	14	15	16	71	#
567	11485	10	11	12	13	14	15	16	17	71	#
568	11485	11	12	13	14	15	16	17	18	71	#
569	11485	12	13	14	15	16	17	18	19	71	#
570	2662	0	1	2	72	#
571	2662	1	2	3	72	#
572	2662	2	3	4	72	#
573	2662	3	4	5	72	#
574	2662	4	5	6	72	#
575	2662	5	6	7	72	#
576	2662	6	7	8	72	#
577	2662	7	8	9	72	#
578	2662	8	9	10	72	#
579	2662	9	10	11	72	#
580	2662	10	11	12	72	#
581	2662	11	12	13	72	#
582	1822	12	13	14	72	#
583	1822	13	14	15	72	#
584	1822	14	15	16	72	#
585	1822	15	16	17	72	#
586	1822	16	17	18	72	#
587	1822	17	18	19	72	#
588	5375	0	1	2	73	#
589	5375	1	2	3	73	#
590	5375	2	3	4	73	#
591	5375	3	4	5	73	#
592	5375	4	5	6	73	#
593	5375	5	6	7	73	#
594	2687	6	7	8	73	#
595	2687	7	8	9	73	#
596	2687	8	9	10	73	#
597	2687	9	10	11	73	#
598	2687	10	11	12	73	#
599	2687	11	12	13	73	#
600	2687	12	13	14	73	#
601	2351	13	14	15	73	#
602	2351	14	15	16	73	#
603	2090	15	16	17	73	#
604	2090	16	17	18	73	#
605	11418	0	1	2	3	4	5	6	7	74	#
606	11418	1	2	3	4	5	6	7	8	74	#
607	11418	2	3	4	5	6	7	8	9	74	#
608	11418	3	4	5	6	7	8	9	10	74	#
609	11418	4	5	6	7	8	9	10	11	74	#
610	11418	5	6	7	8	9	10	11	12	74	#
611	11418	6	7	8	9	10	11	12	13	74	#
612	11418	7	8	9	10	11	12	13	14	74	#
613	11418	8	9	10	11	12	13	14	15	74	#
614	11418	9	10	11	12	13	14	15	16	74	#
615	11418	10	11	12	13	14	15	16	17	74	#
616	11418	11	12	13	14	15	16	17	18	74	#
617	10817	12	13	14	15	16	17	18	19	74	#
618	7806	0	1	2	3	4	5	6	7	75	#
619	7806	1	2	3	4	5	6	7	8	75	#
620	7806	2	3	4	5	6	7	8	9	75	#
621	7806	3	4	5	6	7	8	9	10	75	#
622	4337	4	5	6	7	8	9	10	11	75	#
623	4337	5	6	7	8	9	10	11	12	75	#
624	4337	6	7	8	9	10	11	12	13	75	#
625	4337	7	8	9	10	11	12	13	14	75	#
626	4337	8	9	10	11	12	13	14	15	75	#
627	4337	9	10	11	12	13	14	15	16	75	#
628	4337	10	11	12	13	14	15	16	17	75	#
629	4337	11	12	13	14	15	16	17	18	75	#
630	4109	12	13	14	15	16	17	18	19	75	#
631	1170	0	1	76	#
632	1170	1	2	76	#
633	1170	2	3	76	#
634	1170	3	4	76	#
635	1170	4	5	76	#
636	1170	5	6	76	#
637	1170	6	7	76	#
638	1170	7	8	76	#
639	1170	8	9	76	#
640	1170	9	10	76	#
641	1170	10	11	76	#
642	1170	11	12	76	#
643	1170	12	13	76	#
644	1170	13	14	76	#
645	1170	14	15	76	#
646	1170	15	16	76	#
647	1170	16	17	76	#
648	1170	17	18	76	#
649	1108	18	19	76	#
650	11594	0	1	2	3	4	5	6	7	8	77	#
651	11594	1	2	3	4	5	6	7	8	9	77	#
652	11594	2	3	4	5	6	7	8	9	10	77	#
653	11594	3	4	5	6	7	8	9	10	11	77	#
654	11594	4	5	6	7	8	9	10	11	12	77	#
655	11594	5	6	7	8	9	10	11	12	13	77	#
656	11594	6	7	8	9	10	11	12	13	14	77	#
657	11594	7	8	9	10	11	12	13	14	15	77	#
658	11594	8	9	10	11	12	13	14	15	16	77	#
659	11594	9	10	11	12	13	14	15	16	17	77	#
660	10950	10	11	12	13	14	15	16	17	18	77	#
661	10374	11	12	13	14	15	16	17	18	19	77	#
662	6498	0	1	2	3	4	78	#
663	6498	1	2	3	4	5	78	#
664	6498	2	3	4	5	6	78	#
665	6498	3	4	5	6	7	78	#
666	6498	4	5	6	7	8	78	#
667	6498	5	6	7	8	9	78	#
668	6498	6	7	8	9	10	78	#
669	6498	7	8	9	10	11	78	#
670	6498	8	9	10	11	12	78	#
671	6498	9	10	11	12	13	78	#
672	6498	10	11	12	13	14	78	#
673	6498	11	12	13	14	15	78	#
674	5415	12	13	14	15	16	78	#
675	5415	13	14	15	16	17	78	#
676	5415	14	15	16	17	18	78	#
677	5130	15	16	17	18	19	78	#
678	1765	0	1	79	#
679	1765	1	2	79	#
680	1765	2	3	79	#
681	1765	3	4	79	#
682	1765	4	5	79	#
683	1765	5	6	79	#
684	1765	6	7	79	#
685	1765	7	8	79	#
686	13507	0	1	2	3	4	5	6	7	8	9	80	#
687	13507	1	2	3	4	5	6	7	8	9	10	80	#
688	13507	2	3	4	5	6	7	8	9	10	11	80	#
689	13507	3	4	5	6	7	8	9	10	11	12	80	#
690	19389	0	1	2	3	4	5	6	7	8	81	#
691	9695	1	2	3	4	5	6	7	8	9	81	#
692	9695	2	3	4	5	6	7	8	9	10	81	#
693	9695	3	4	5	6	7	8	9	10	11	81	#
694	9695	4	5	6	7	8	9	10	11	12	81	#
695	9695	5	6	7	8	9	10	11	12	13	81	#
696	9695	6	7	8	9	10	11	12	13	14	81	#
697	9695	7	8	9	10	11	12	13	14	15	81	#
698	9695	8	9	10	11	12	13	14	15	16	81	#
699	8164	9	10	11	12	13	14	15	16	17	81	#
700	8164	10	11	12	13	14	15	16	17	18	81	#
701	8164	11	12	13	14	15	16	17	18	19	81	#
702	15460	0	1	2	3	4	5	6	7	8	82	#
703	15460	1	2	3	4	5	6	7	8	9	82	#
704	15460	2	3	4	5	6	7	8	9	10	82	#
705	15460	3	4	5	6	7	8	9	10	11	82	#
706	15460	4	5	6	7	8	9	10	11	12	82	#
707	15460	5	6	7	8	9	10	11	12	13	82	#
708	15460	6	7	8	9	10	11	12	13	14	82	#
709	15460	7	8	9	10	11	12	13	14	15	82	#
710	1487	0	83	#
711	1487	1	83	#
712	1487	2	83	#
713	1487	3	83	#
714	1487	4	83	#
715	1487	5	83	#
716	1487	6	83	#
717	1487	7	83	#
718	1487	8	83	#
719	1487	9	83	#
720	1487	10	83	#
721	1487	11	83	#
722	1487	12	83	#
723	1487	13	83	#
724	1487	14	83	#
725	1487	15	83	#
726	1487	16	83	#
727	1487	17	83	#
728	1487	18	83	#
729	1487	19	83	#
730	2698	0	1	2	3	84	#
731	2698	1	2	3	4	84	#
732	2698	2	3	4	5	84	#
733	2698	3	4	5	6	84	#
734	2698	4	5	6	7	84	#
735	1453	5	6	7	8	84	#
736	1453	6	7	8	9	84	#
737	1453	7	8	9	10	84	#
738	1453	8	9	10	11	84	#
739	1453	9	10	11	12	84	#
740	1453	10	11	12	13	84	#
741	1259	11	12	13	14	84	#
742	1259	12	13	14	15	84	#
743	1049	13	14	15	16	84	#
744	1049	14	15	16	17	84	#
745	1049	15	16	17	18	84	#
746	13634	0	1	2	3	4	5	6	7	8	9	85	#
747	13634	1	2	3	4	5	6	7	8	9	10	85	#
748	13634	2	3	4	5	6	7	8	9	10	11	85	#
749	13634	3	4	5	6	7	8	9	10	11	12	85	#
750	13634	4	5	6	7	8	9	10	11	12	13	85	#
751	9328	5	6	7	8	9	10	11	12	13	14	85	#
752	9328	6	7	8	9	10	11	12	13	14	15	85	#
753	9328	7	8	9	10	11	12	13	14	15	16	85	#
754	9328	8	9	10	11	12	13	14	15	16	17	85	#
755	9328	9	10	11	12	13	14	15	16	17	18	85	#
756	9328	10	11	12	13	14	15	16	17	18	19	85	#
757	6504	0	1	2	3	4	86	#
758	6504	1	2	3	4	5	86	#
759	6504	2	3	4	5	6	86	#
760	6504	3	4	5	6	7	86	#
761	6504	4	5	6	7	8	86	#
762	6504	5	6	7	8	9	86	#
763	6504	6	7	8	9	10	86	#
764	6504	7	8	9	10	11	86	#
765	6504	8	9	10	11	12	86	#
766	6504	9	10	11	12	13	86	#
767	6504	10	11	12	13	14	86	#
768	6504	11	12	13	14	15	86	#
769	6504	12	13	14	15	16	86	#
770	8507	0	1	2	3	4	87	#
771	8507	1	2	3	4	5	87	#
772	8507	2	3	4	5	6	87	#
773	8507	3	4	5	6	7	87	#
774	8507	4	5	6	7	8	87	#
775	8507	5	6	7	8	9	87	#
776	8507	6	7	8	9	10	87	#
777	8507	7	8	9	10	11	87	#
778	8507	8	9	10	11	12	87	#
779	8507	9	10	11	12	13	87	#
780	8507	10	11	12	13	14	87	#
781	7939	11	12	13	14	15	87	#
782	7005	12	13	14	15	16	87	#
783	7005	13	14	15	16	17	87	#
784	6616	14	15	16	17	18	87	#
785	7306	0	1	2	3	88	#
786	7306	1	2	3	4	88	#
787	7306	2	3	4	5	88	#
788	7306	3	4	5	6	88	#
789	7306	4	5	6	7	88	#
790	7306	5	6	7	8	88	#
791	7306	6	7	8	9	88	#
792	7306	7	8	9	10	88	#
793	7306	8	9	10	11	88	#
794	7306	9	10	11	12	88	#
795	7306	10	11	12	13	88	#
796	7306	11	12	13	14	88	#
797	7306	12	13	14	15	88	#
798	11282	0	1	2	3	4	5	89	#
799	11282	1	2	3	4	5	6	89	#
800	11282	2	3	4	5	6	7	89	#
801	11282	3	4	5	6	7	8	89	#
802	9025	4	5	6	7	8	9	89	#
803	9025	5	6	7	8	9	10	89	#
804	5014	6	7	8	9	10	11	89	#
805	5014	7	8	9	10	11	12	89	#
806	5014	8	9	10	11	12	13	89	#
807	5014	9	10	11	12	13	14	89	#
808	5014	10	11	12	13	14	15	89	#
809	5014	11	12	13	14	15	16	89	#
810	5014	12	13	14	15	16	17	89	#
811	5014	13	14	15	16	17	18	89	#
