%% File generated by CATS v.2.1Tue Aug 20 18:55:51 2019

%% The CATS webpage is http://robotics.stanford.edu/CATS

%% PARAMETER SETTINGS:
% Goods: 10; Bids: 100; Distribution: regions-upv; Runs: 10; Seed: 1566344931
% Regions Distribution Parameters:
% Max Substitutable Bids = 5
% Removing HV Neighbor   = 0.1
% Adding DIAG Neighbor   = 0.2
% Additional Location    = 0.9
% Jump Probability       = 0.05
% Additivity             = 0.2
% Budget Factor          = 1.5
% Resale Factor          = 0.5
% Uniform Private Value:
%   Deviation            = 0.5
%   Max Good Value       = 100



goods 10
bids 100
dummy 25

0	237853	4	5	7	9	10	#
1	295608	5	4	2	7	10	#
2	223428	4	7	6	5	10	#
3	171586	9	0	1	3	10	#
4	277574	5	2	7	6	3	8	4	9	11	#
5	384302	8	1	0	7	6	5	4	2	11	#
6	373640	5	2	7	6	4	8	3	0	11	#
7	354887	3	6	7	8	4	1	0	2	11	#
8	328368	9	8	7	6	1	0	3	4	11	#
9	255830	6	7	4	8	3	5	2	1	11	#
10	231987	6	3	7	5	4	8	2	12	#
11	311424	6	3	4	7	5	0	8	12	#
12	454096	8	7	6	4	2	5	3	1	0	9	#
13	165665	6	7	4	3	5	13	#
14	141706	3	4	2	5	7	13	#
15	31218	5	#
16	40247	9	#
17	68977	9	#
18	189848	6	7	4	5	8	14	#
19	242366	7	4	8	2	5	14	#
20	231109	3	6	4	2	5	15	#
21	258074	2	5	7	4	6	15	#
22	216201	6	3	7	5	4	15	#
23	50409	5	#
24	328288	5	2	7	4	6	3	8	16	#
25	321732	5	7	2	9	4	8	6	16	#
26	47235	9	#
27	299313	2	5	4	7	3	17	#
28	357056	2	5	4	7	0	17	#
29	308921	4	7	5	6	2	17	#
30	261565	5	7	4	6	3	17	#
31	242259	3	6	7	4	2	17	#
32	357086	4	5	2	3	7	8	18	#
33	327180	7	8	6	3	5	2	18	#
34	244410	8	7	6	3	4	5	18	#
35	208969	2	4	3	5	7	6	18	#
36	274839	2	5	4	1	3	0	6	19	#
37	302393	2	6	5	4	3	7	8	19	#
38	162771	2	5	4	3	6	7	8	20	#
39	178654	6	3	7	5	1	2	4	20	#
40	374407	3	4	6	7	5	2	8	21	#
41	445572	3	4	0	1	2	7	5	21	#
42	386462	7	9	4	3	8	2	5	21	#
43	328329	6	3	7	4	1	0	5	21	#
44	165266	3	4	6	7	2	8	5	22	#
45	199059	5	4	2	9	3	6	7	22	#
46	29366	9	#
47	173118	6	7	2	23	#
48	210476	7	8	5	23	#
49	201363	6	7	8	23	#
50	182231	2	5	7	23	#
51	158699	1	0	#
52	85936	8	#
53	230307	3	6	7	5	2	4	8	24	#
54	237780	5	3	7	2	8	1	4	24	#
55	30294	5	#
56	124358	1	0	#
57	177941	1	9	0	25	#
58	174949	1	0	8	25	#
59	100268	9	2	5	25	#
60	52024	3	4	7	26	#
61	44529	3	6	7	26	#
62	273155	3	6	7	5	8	4	#
63	218249	7	8	5	2	4	6	3	9	1	0	#
64	370141	1	0	3	4	2	5	6	7	8	9	#
65	184741	3	4	5	2	7	6	8	27	#
66	198721	2	5	7	6	8	4	1	27	#
67	129145	5	7	2	6	4	9	3	27	#
68	154686	1	0	#
69	167186	3	4	7	2	8	5	6	#
70	118446	0	1	#
71	42879	4	#
72	52236	3	#
73	56362	9	#
74	991	9	#
75	214340	2	5	7	8	4	3	6	#
76	300619	7	4	6	5	28	#
77	379507	5	7	4	8	28	#
78	351453	7	4	2	0	28	#
79	318676	6	7	5	2	28	#
80	309544	4	7	2	6	28	#
81	211742	6	7	8	29	#
82	148759	7	6	4	29	#
83	129543	6	7	3	29	#
84	238100	6	7	8	3	5	4	2	30	#
85	328093	8	7	6	5	9	2	3	30	#
86	193724	2	5	1	0	7	6	3	30	#
87	544239	5	4	2	3	6	7	8	0	1	31	#
88	483225	0	1	9	2	4	3	7	5	6	31	#
89	479113	6	3	4	7	8	2	5	9	1	31	#
90	173441	7	4	#
91	338411	4	5	7	3	6	8	2	32	#
92	360326	2	4	5	3	0	7	6	32	#
93	372642	6	3	7	8	5	4	2	33	#
94	354220	3	6	7	4	5	8	1	33	#
95	284251	3	6	7	5	2	8	4	#
96	112036	2	5	34	#
97	137332	5	7	34	#
98	61452	8	#
99	160772	5	2	4	7	3	6	8	#
