%% File generated by CATS v.2.1Tue Aug 20 18:57:01 2019

%% The CATS webpage is http://robotics.stanford.edu/CATS

%% PARAMETER SETTINGS:
% Goods: 60; Bids: 600; Distribution: paths; Runs: 10; Seed: 1566345312
% Paths Distribution Parameters:
% Initial connections:       = 2
% Edge density:              = 3.000000
% Shipping cost factor:      = 1.500000
% Max bid set size:          = 5
% Building penalty:          = 1.700000



goods 60
bids 601
dummy 200

0	895	0	10	40	60	#
1	895	11	33	60	#
2	895	10	25	33	60	#
3	895	10	23	43	60	#
4	356	14	59	#
5	1084	3	19	22	33	61	#
6	1084	0	3	20	33	61	#
7	1084	0	1	3	19	33	61	#
8	1084	2	11	36	61	#
9	1084	2	10	25	36	61	#
10	864	0	40	62	#
11	864	25	33	62	#
12	864	23	43	62	#
13	864	1	22	40	62	#
14	864	0	24	43	62	#
15	269	44	63	#
16	269	0	38	63	#
17	198	1	30	#
18	49	1	#
19	366	29	30	64	#
20	366	1	46	64	#
21	366	0	22	46	64	#
22	593	3	17	20	24	65	#
23	593	1	3	17	19	24	65	#
24	593	3	17	19	22	23	65	#
25	593	0	3	17	20	23	65	#
26	593	0	1	3	17	19	23	65	#
27	706	54	66	#
28	706	7	42	66	#
29	706	2	7	45	66	#
30	706	1	7	27	51	66	#
31	706	2	3	7	20	27	66	#
32	23	0	#
33	364	2	7	#
34	905	0	10	40	67	#
35	905	11	33	67	#
36	905	10	25	33	67	#
37	905	10	23	43	67	#
38	905	1	10	22	40	67	#
39	355	13	24	68	#
40	355	0	13	23	68	#
41	355	1	41	68	#
42	355	1	13	22	23	68	#
43	355	0	22	41	68	#
44	939	16	49	52	69	#
45	939	14	17	23	32	59	69	#
46	939	1	14	17	24	30	32	69	#
47	939	14	17	22	23	30	32	69	#
48	939	0	1	14	17	23	30	32	69	#
49	119	9	#
50	721	10	56	#
51	1031	19	22	33	70	#
52	1031	0	20	33	70	#
53	1031	0	1	19	33	70	#
54	1031	1	20	22	33	70	#
55	1031	20	25	40	70	#
56	461	42	71	#
57	461	2	45	71	#
58	539	3	19	41	72	#
59	539	3	13	20	24	72	#
60	539	1	3	13	19	24	72	#
61	539	3	13	19	22	23	72	#
62	539	0	3	13	20	23	72	#
63	669	1	7	24	51	73	#
64	669	7	22	23	51	73	#
65	669	0	1	7	23	51	73	#
66	669	2	3	7	20	24	73	#
67	669	1	2	3	7	19	24	73	#
68	594	2	3	28	74	#
69	594	2	3	6	7	74	#
70	551	27	48	75	#
71	551	0	26	48	75	#
72	551	9	27	46	75	#
73	551	0	9	26	46	75	#
74	293	32	#
75	660	58	76	#
76	660	1	17	24	51	76	#
77	660	17	22	23	51	76	#
78	660	0	1	17	23	51	76	#
79	660	2	3	17	20	24	76	#
80	903	10	43	#
81	478	27	46	77	#
82	478	0	26	46	77	#
83	478	26	29	59	77	#
84	478	1	27	29	30	77	#
85	478	22	26	29	30	77	#
86	259	7	#
87	647	7	14	37	78	#
88	647	2	7	14	15	78	#
89	421	14	37	79	#
90	421	2	14	15	79	#
91	1244	11	34	80	#
92	1244	5	10	38	40	80	#
93	1244	10	25	34	80	#
94	1244	0	5	10	40	44	80	#
95	1244	5	11	33	44	80	#
96	175	13	#
97	793	5	18	38	46	81	#
98	793	0	5	18	44	46	81	#
99	793	18	21	27	46	81	#
100	793	0	18	21	26	46	81	#
101	348	17	23	82	#
102	348	0	17	24	82	#
103	467	14	59	83	#
104	467	14	22	30	83	#
105	467	0	1	14	30	83	#
106	82	22	84	#
107	82	0	1	84	#
108	664	5	13	50	85	#
109	664	5	13	23	44	85	#
110	664	5	13	24	38	85	#
111	664	0	5	13	23	38	85	#
112	664	13	21	23	26	85	#
113	375	22	51	86	#
114	375	0	1	51	86	#
115	375	2	3	19	22	86	#
116	375	0	2	3	20	86	#
117	375	0	1	2	3	19	86	#
118	236	1	30	87	#
119	236	0	59	87	#
120	236	0	22	30	87	#
121	633	18	49	#
122	793	5	38	48	88	#
123	793	5	9	38	46	88	#
124	793	0	5	44	48	88	#
125	793	0	5	9	44	46	88	#
126	793	21	27	48	88	#
127	266	2	3	#
128	602	49	89	#
129	602	14	29	32	89	#
130	641	14	17	23	59	#
131	333	46	90	#
132	333	1	29	30	90	#
133	333	0	29	59	90	#
134	313	52	#
135	1155	34	91	#
136	1155	5	33	44	91	#
137	1155	0	5	33	38	91	#
138	1155	21	26	33	91	#
139	1155	0	21	27	33	91	#
140	320	17	24	92	#
141	320	0	17	23	92	#
142	980	20	40	93	#
143	980	1	19	40	93	#
144	980	0	19	22	40	93	#
145	980	19	22	25	33	93	#
146	980	0	20	25	33	93	#
147	156	25	#
148	406	23	39	94	#
149	406	12	13	23	94	#
150	406	0	24	39	94	#
151	406	0	12	13	24	94	#
152	1003	33	44	95	#
153	1003	0	33	38	95	#
154	1003	4	19	22	33	95	#
155	1003	0	4	20	33	95	#
156	1003	0	1	4	19	33	95	#
157	699	12	53	96	#
158	699	12	41	51	96	#
159	699	1	24	39	51	96	#
160	699	2	3	12	19	41	96	#
161	699	22	23	39	51	96	#
162	671	35	97	#
163	671	1	24	55	97	#
164	671	1	24	28	51	97	#
165	671	22	23	55	97	#
166	671	22	23	28	51	97	#
167	688	56	#
168	353	46	98	#
169	353	1	29	30	98	#
170	353	0	29	59	98	#
171	603	53	99	#
172	603	41	51	99	#
173	603	2	3	19	41	99	#
174	603	1	13	24	51	99	#
175	603	13	22	23	51	99	#
176	519	12	16	31	100	#
177	519	16	18	52	100	#
178	238	1	30	101	#
179	238	0	59	101	#
180	238	0	22	30	101	#
181	939	16	49	52	102	#
182	939	14	17	23	32	59	102	#
183	939	1	14	17	24	30	32	102	#
184	939	14	17	22	23	30	32	102	#
185	939	0	1	14	17	23	30	32	102	#
186	905	0	10	40	103	#
187	905	11	33	103	#
188	905	10	25	33	103	#
189	905	10	23	43	103	#
190	905	1	10	22	40	103	#
191	366	24	46	104	#
192	366	0	23	46	104	#
193	1178	5	38	40	#
194	863	7	58	105	#
195	863	1	7	17	24	51	105	#
196	863	7	17	22	23	51	105	#
197	863	0	1	7	17	23	51	105	#
198	863	2	3	7	17	20	24	105	#
199	884	56	#
200	399	3	20	24	106	#
201	399	1	3	19	24	106	#
202	399	3	19	22	23	106	#
203	399	0	3	20	23	106	#
204	399	0	1	3	19	23	106	#
205	626	14	15	18	29	#
206	948	18	31	49	107	#
207	948	12	49	52	107	#
208	948	8	9	31	49	107	#
209	948	14	18	29	31	32	107	#
210	948	12	14	29	32	52	107	#
211	306	38	108	#
212	306	0	44	108	#
213	306	4	20	108	#
214	306	1	4	19	108	#
215	359	14	59	#
216	1066	25	47	109	#
217	1066	10	11	47	109	#
218	1066	17	43	109	#
219	1066	13	16	43	109	#
220	1066	17	24	40	109	#
221	870	43	#
222	249	44	#
223	738	33	#
224	20	0	#
225	356	32	#
226	543	49	#
227	904	12	57	#
228	773	7	37	14	29	110	#
229	773	7	2	15	14	29	110	#
230	579	50	39	111	#
231	579	50	13	12	111	#
232	579	44	23	39	111	#
233	579	38	24	39	111	#
234	579	44	23	13	12	111	#
235	185	22	19	112	#
236	185	0	20	112	#
237	185	0	1	19	112	#
238	641	38	48	113	#
239	641	38	46	9	113	#
240	641	44	0	48	113	#
241	641	44	0	46	9	113	#
242	641	4	20	48	113	#
243	950	40	20	114	#
244	950	40	1	19	114	#
245	950	40	0	22	19	114	#
246	976	47	#
247	634	12	41	19	3	115	#
248	634	39	24	20	3	115	#
249	634	39	24	1	19	3	115	#
250	634	39	23	22	19	3	115	#
251	634	39	23	0	20	3	115	#
252	178	14	#
253	245	20	24	116	#
254	245	19	1	24	116	#
255	245	19	22	23	116	#
256	245	20	0	23	116	#
257	245	19	1	0	23	116	#
258	804	57	117	#
259	804	53	28	117	#
260	804	41	55	117	#
261	804	41	51	28	117	#
262	804	41	19	3	2	28	117	#
263	502	26	59	14	118	#
264	502	27	1	30	14	118	#
265	502	26	22	30	14	118	#
266	502	26	0	1	30	14	118	#
267	502	27	0	59	14	118	#
268	97	23	#
269	216	3	#
270	376	17	24	119	#
271	376	17	23	0	119	#
272	1014	47	11	120	#
273	1014	47	25	10	120	#
274	1014	17	43	10	120	#
275	513	5	50	121	#
276	513	5	44	23	121	#
277	513	5	38	24	121	#
278	55	10	#
279	432	1	48	122	#
280	432	30	29	9	122	#
281	432	1	46	9	122	#
282	432	22	0	48	122	#
283	432	22	0	46	9	122	#
284	510	50	13	123	#
285	510	44	23	13	123	#
286	510	38	24	13	123	#
287	510	38	0	23	13	123	#
288	510	44	0	24	13	123	#
289	1211	5	38	40	124	#
290	1211	34	25	124	#
291	1211	5	44	0	40	124	#
292	1211	21	27	40	124	#
293	1211	21	26	0	40	124	#
294	310	59	23	125	#
295	310	30	1	24	125	#
296	310	30	22	23	125	#
297	310	30	1	0	23	125	#
298	310	59	0	24	125	#
299	419	1	24	17	126	#
300	419	22	23	17	126	#
301	419	1	0	23	17	126	#
302	419	22	0	24	17	126	#
303	1127	2	36	127	#
304	1127	15	32	56	127	#
305	1127	3	20	40	10	127	#
306	1127	3	19	1	40	10	127	#
307	1127	3	19	22	0	40	10	127	#
308	276	17	#
309	560	48	27	128	#
310	560	48	0	26	128	#
311	560	9	46	27	128	#
312	560	9	46	0	26	128	#
313	560	9	29	59	26	128	#
314	348	26	59	129	#
315	348	27	1	30	129	#
316	348	26	22	30	129	#
317	348	26	0	1	30	129	#
318	348	27	0	59	129	#
319	983	10	40	20	130	#
320	983	10	40	1	19	130	#
321	983	10	40	0	22	19	130	#
322	983	11	33	22	19	130	#
323	983	11	33	0	20	130	#
324	79	22	131	#
325	79	0	1	131	#
326	148	25	#
327	790	40	#
328	161	9	#
329	424	39	23	132	#
330	424	12	13	23	132	#
331	424	39	24	0	132	#
332	424	12	13	24	0	132	#
333	1130	7	36	#
334	770	59	14	32	133	#
335	770	22	30	14	32	133	#
336	770	0	1	30	14	32	133	#
337	770	0	46	49	133	#
338	770	22	19	3	15	32	133	#
339	348	29	14	#
340	1043	33	26	134	#
341	1043	33	0	27	134	#
342	1043	33	22	1	27	134	#
343	1043	25	40	27	134	#
344	1043	33	23	24	27	134	#
345	947	11	56	135	#
346	947	25	10	56	135	#
347	409	48	136	#
348	409	9	46	136	#
349	669	24	1	51	7	137	#
350	669	23	22	51	7	137	#
351	669	23	0	1	51	7	137	#
352	669	24	20	3	2	7	137	#
353	669	24	1	19	3	2	7	137	#
354	43	10	#
355	190	25	138	#
356	190	11	10	138	#
357	504	59	23	17	139	#
358	504	30	1	24	17	139	#
359	504	30	22	23	17	139	#
360	504	30	1	0	23	17	139	#
361	504	59	0	24	17	139	#
362	475	7	37	140	#
363	475	7	2	15	140	#
364	160	11	#
365	309	38	141	#
366	309	44	0	141	#
367	309	4	20	141	#
368	309	4	19	1	141	#
369	298	3	2	#
370	439	17	24	20	142	#
371	439	17	24	1	19	142	#
372	439	17	23	22	19	142	#
373	439	17	23	0	20	142	#
374	439	17	23	0	1	19	142	#
375	616	5	4	19	30	143	#
376	616	5	44	59	143	#
377	616	5	38	1	30	143	#
378	616	5	38	0	59	143	#
379	616	21	26	59	143	#
380	776	32	37	7	144	#
381	776	32	15	2	7	144	#
382	1204	28	36	10	#
383	508	7	37	145	#
384	508	7	2	15	145	#
385	168	29	#
386	752	33	#
387	1047	36	10	#
388	486	3	2	7	#
389	564	17	50	146	#
390	564	17	23	44	146	#
391	564	17	24	38	146	#
392	564	17	23	0	38	146	#
393	564	17	24	0	44	146	#
394	300	21	#
395	458	16	52	#
396	605	30	19	4	5	147	#
397	605	59	44	5	147	#
398	605	30	1	38	5	147	#
399	605	59	0	38	5	147	#
400	122	12	#
401	1122	10	36	148	#
402	1122	25	11	36	148	#
403	1122	40	1	51	148	#
404	1122	40	20	3	2	148	#
405	1122	40	1	19	3	2	148	#
406	601	49	149	#
407	601	32	14	29	149	#
408	1142	36	150	#
409	1142	37	32	56	150	#
410	313	17	23	#
411	1244	34	11	151	#
412	1244	5	38	40	10	151	#
413	1244	34	25	10	151	#
414	1244	5	44	0	40	10	151	#
415	1244	5	44	33	11	151	#
416	1122	10	36	152	#
417	1122	25	11	36	152	#
418	1122	40	1	51	152	#
419	1122	40	20	3	2	152	#
420	1122	40	1	19	3	2	152	#
421	1066	25	47	153	#
422	1066	10	11	47	153	#
423	1066	43	17	153	#
424	1066	43	13	16	153	#
425	1066	40	24	17	153	#
426	286	46	0	#
427	375	51	22	154	#
428	375	51	1	0	154	#
429	375	2	3	19	22	154	#
430	375	2	3	20	0	154	#
431	375	2	3	19	1	0	154	#
432	119	19	#
433	299	52	#
434	1211	40	38	5	155	#
435	1211	25	34	155	#
436	1211	40	0	44	5	155	#
437	1211	40	27	21	155	#
438	1211	40	0	26	21	155	#
439	957	43	10	156	#
440	957	24	40	10	156	#
441	957	23	0	40	10	156	#
442	957	23	33	11	156	#
443	957	24	0	33	11	156	#
444	361	59	14	#
445	1367	28	36	157	#
446	1367	6	7	36	157	#
447	1367	28	37	32	56	157	#
448	1367	55	1	40	10	157	#
449	1367	28	51	1	40	10	157	#
450	361	1	30	14	158	#
451	361	0	59	14	158	#
452	107	12	#
453	358	59	14	#
454	398	29	30	19	159	#
455	398	46	20	159	#
456	398	46	1	19	159	#
457	141	18	#
458	523	37	32	#
459	194	27	1	160	#
460	194	26	22	160	#
461	194	26	0	1	160	#
462	197	30	#
463	641	48	38	161	#
464	641	9	46	38	161	#
465	641	48	0	44	161	#
466	641	9	46	0	44	161	#
467	641	48	20	4	161	#
468	879	1	40	10	#
469	594	1	55	162	#
470	594	1	51	28	162	#
471	594	20	3	2	28	162	#
472	594	1	19	3	2	28	162	#
473	594	0	22	55	162	#
474	50	10	#
475	323	41	163	#
476	323	1	24	13	163	#
477	323	22	23	13	163	#
478	323	1	0	23	13	163	#
479	323	22	0	24	13	163	#
480	983	36	11	#
481	765	29	14	37	7	164	#
482	765	29	14	15	2	7	164	#
483	386	24	46	165	#
484	386	23	0	46	165	#
485	429	7	37	#
486	305	37	166	#
487	305	15	2	166	#
488	600	14	29	52	167	#
489	600	14	59	23	13	167	#
490	600	14	30	41	167	#
491	600	14	30	1	24	13	167	#
492	600	14	30	22	23	13	167	#
493	582	22	55	168	#
494	582	22	51	28	168	#
495	582	0	1	55	168	#
496	582	0	1	51	28	168	#
497	582	22	19	3	2	28	168	#
498	96	2	#
499	949	33	26	169	#
500	949	33	0	27	169	#
501	949	33	22	1	27	169	#
502	267	19	4	#
503	310	59	23	170	#
504	310	30	1	24	170	#
505	310	30	22	23	170	#
506	310	30	1	0	23	170	#
507	310	59	0	24	170	#
508	422	1	30	14	171	#
509	422	0	59	14	171	#
510	422	0	22	30	14	171	#
511	1211	5	38	40	172	#
512	1211	34	25	172	#
513	1211	5	44	0	40	172	#
514	1211	21	27	40	172	#
515	1211	21	26	0	40	172	#
516	391	51	1	173	#
517	391	2	3	20	173	#
518	391	2	3	19	1	173	#
519	391	51	22	0	173	#
520	391	2	3	19	22	0	173	#
521	770	32	14	59	174	#
522	770	32	14	30	22	174	#
523	770	32	14	30	1	0	174	#
524	770	49	46	0	174	#
525	770	32	15	3	19	22	174	#
526	146	12	#
527	1070	40	38	175	#
528	1070	40	0	44	175	#
529	1070	40	20	4	175	#
530	1070	40	1	19	4	175	#
531	1070	43	50	175	#
532	217	3	#
533	370	50	176	#
534	370	44	23	176	#
535	370	38	24	176	#
536	370	38	0	23	176	#
537	370	44	0	24	176	#
538	379	48	0	177	#
539	379	9	46	0	177	#
540	890	10	40	178	#
541	890	11	33	0	178	#
542	890	10	25	33	0	178	#
543	890	10	43	24	178	#
544	890	10	43	23	0	178	#
545	903	19	22	33	179	#
546	903	20	0	33	179	#
547	903	19	1	0	33	179	#
548	209	19	22	180	#
549	209	20	0	180	#
550	209	19	1	0	180	#
551	152	11	#
552	281	28	#
553	439	20	24	17	181	#
554	439	19	1	24	17	181	#
555	439	19	22	23	17	181	#
556	439	20	0	23	17	181	#
557	439	19	1	0	23	17	181	#
558	1070	38	40	182	#
559	1070	44	0	40	182	#
560	1070	4	20	40	182	#
561	1070	4	19	1	40	182	#
562	1070	50	43	182	#
563	1203	40	38	5	183	#
564	1203	25	34	183	#
565	1203	40	0	44	5	183	#
566	653	32	15	3	#
567	331	2	7	#
568	292	41	184	#
569	292	13	24	1	184	#
570	292	13	23	22	184	#
571	292	13	23	0	1	184	#
572	473	15	32	#
573	307	20	3	185	#
574	307	1	19	3	185	#
575	348	26	59	186	#
576	348	27	1	30	186	#
577	348	26	22	30	186	#
578	348	26	0	1	30	186	#
579	348	27	0	59	186	#
580	423	39	24	187	#
581	423	39	23	0	187	#
582	423	12	13	24	187	#
583	423	12	13	23	0	187	#
584	423	12	41	1	187	#
585	199	19	22	188	#
586	199	20	0	188	#
587	199	19	1	0	188	#
588	858	7	58	#
589	593	17	24	20	3	189	#
590	593	17	24	1	19	3	189	#
591	593	17	23	22	19	3	189	#
592	593	17	23	0	20	3	189	#
593	593	17	23	0	1	19	3	189	#
594	1107	47	11	190	#
595	1107	47	25	10	190	#
596	1107	17	43	10	190	#
597	1107	16	13	43	10	190	#
598	1107	17	24	40	10	190	#
599	537	31	12	16	191	#
600	537	18	52	16	191	#
