%% File generated by CATS v.2.1Tue Aug 20 18:58:11 2019

%% The CATS webpage is http://robotics.stanford.edu/CATS

%% PARAMETER SETTINGS:
% Goods: 55; Bids: 1100; Distribution: scheduling; Runs: 10; Seed: 1566345645
% Scheduling Distribution Parameters:
% max_length                = 10
% deviation                 = 0.500000
% prob_additional_deadline  = 0.700000
% additivity                = 0.200000



goods 55
bids 1132
dummy 29

0	2395	0	1	55	#
1	2395	1	2	55	#
2	2395	2	3	55	#
3	2395	3	4	55	#
4	2395	4	5	55	#
5	2395	5	6	55	#
6	2395	6	7	55	#
7	2395	7	8	55	#
8	2395	8	9	55	#
9	2395	9	10	55	#
10	2395	10	11	55	#
11	2395	11	12	55	#
12	2395	12	13	55	#
13	2395	13	14	55	#
14	2395	14	15	55	#
15	2395	15	16	55	#
16	2395	16	17	55	#
17	2395	17	18	55	#
18	2395	18	19	55	#
19	1569	19	20	55	#
20	1569	20	21	55	#
21	1569	21	22	55	#
22	1569	22	23	55	#
23	1569	23	24	55	#
24	1569	24	25	55	#
25	1569	25	26	55	#
26	1569	26	27	55	#
27	1569	27	28	55	#
28	1569	28	29	55	#
29	9936	0	1	2	3	4	56	#
30	9936	1	2	3	4	5	56	#
31	9936	2	3	4	5	6	56	#
32	9936	3	4	5	6	7	56	#
33	9936	4	5	6	7	8	56	#
34	9936	5	6	7	8	9	56	#
35	9936	6	7	8	9	10	56	#
36	9936	7	8	9	10	11	56	#
37	9936	8	9	10	11	12	56	#
38	9936	9	10	11	12	13	56	#
39	9936	10	11	12	13	14	56	#
40	9936	11	12	13	14	15	56	#
41	9936	12	13	14	15	16	56	#
42	9936	13	14	15	16	17	56	#
43	9936	14	15	16	17	18	56	#
44	9936	15	16	17	18	19	56	#
45	9936	16	17	18	19	20	56	#
46	9936	17	18	19	20	21	56	#
47	9936	18	19	20	21	22	56	#
48	9936	19	20	21	22	23	56	#
49	9936	20	21	22	23	24	56	#
50	9936	21	22	23	24	25	56	#
51	9936	22	23	24	25	26	56	#
52	9936	23	24	25	26	27	56	#
53	9936	24	25	26	27	28	56	#
54	9936	25	26	27	28	29	56	#
55	9936	26	27	28	29	30	56	#
56	9936	27	28	29	30	31	56	#
57	9936	28	29	30	31	32	56	#
58	9936	29	30	31	32	33	56	#
59	9936	30	31	32	33	34	56	#
60	9936	31	32	33	34	35	56	#
61	2994	0	1	2	57	#
62	2994	1	2	3	57	#
63	2994	2	3	4	57	#
64	2994	3	4	5	57	#
65	2994	4	5	6	57	#
66	2994	5	6	7	57	#
67	2994	6	7	8	57	#
68	2994	7	8	9	57	#
69	2994	8	9	10	57	#
70	2994	9	10	11	57	#
71	2994	10	11	12	57	#
72	2994	11	12	13	57	#
73	2994	12	13	14	57	#
74	2994	13	14	15	57	#
75	2994	14	15	16	57	#
76	2994	15	16	17	57	#
77	2994	16	17	18	57	#
78	2994	17	18	19	57	#
79	2994	18	19	20	57	#
80	2994	19	20	21	57	#
81	2994	20	21	22	57	#
82	2994	21	22	23	57	#
83	2994	22	23	24	57	#
84	2994	23	24	25	57	#
85	2994	24	25	26	57	#
86	2994	25	26	27	57	#
87	2994	26	27	28	57	#
88	2994	27	28	29	57	#
89	2994	28	29	30	57	#
90	2994	29	30	31	57	#
91	2994	30	31	32	57	#
92	2994	31	32	33	57	#
93	2994	32	33	34	57	#
94	2994	33	34	35	57	#
95	2994	34	35	36	57	#
96	2994	35	36	37	57	#
97	2994	36	37	38	57	#
98	2994	37	38	39	57	#
99	2994	38	39	40	57	#
100	2994	39	40	41	57	#
101	2994	40	41	42	57	#
102	2994	41	42	43	57	#
103	2994	42	43	44	57	#
104	2994	43	44	45	57	#
105	2994	44	45	46	57	#
106	2994	45	46	47	57	#
107	2994	46	47	48	57	#
108	2994	47	48	49	57	#
109	2994	48	49	50	57	#
110	2994	49	50	51	57	#
111	2994	50	51	52	57	#
112	2994	51	52	53	57	#
113	2939	52	53	54	57	#
114	3010	0	1	58	#
115	3010	1	2	58	#
116	3010	2	3	58	#
117	3010	3	4	58	#
118	3010	4	5	58	#
119	3010	5	6	58	#
120	3010	6	7	58	#
121	3010	7	8	58	#
122	3010	8	9	58	#
123	3010	9	10	58	#
124	3010	10	11	58	#
125	3010	11	12	58	#
126	3010	12	13	58	#
127	3010	13	14	58	#
128	3010	14	15	58	#
129	3010	15	16	58	#
130	3010	16	17	58	#
131	3010	17	18	58	#
132	3010	18	19	58	#
133	3010	19	20	58	#
134	3010	20	21	58	#
135	3010	21	22	58	#
136	3010	22	23	58	#
137	3010	23	24	58	#
138	3010	24	25	58	#
139	3010	25	26	58	#
140	3010	26	27	58	#
141	3010	27	28	58	#
142	3010	28	29	58	#
143	3010	29	30	58	#
144	3010	30	31	58	#
145	3010	31	32	58	#
146	3010	32	33	58	#
147	3010	33	34	58	#
148	3010	34	35	58	#
149	4674	0	1	2	3	59	#
150	4674	1	2	3	4	59	#
151	4674	2	3	4	5	59	#
152	4674	3	4	5	6	59	#
153	4674	4	5	6	7	59	#
154	4674	5	6	7	8	59	#
155	4674	6	7	8	9	59	#
156	4674	7	8	9	10	59	#
157	4674	8	9	10	11	59	#
158	4674	9	10	11	12	59	#
159	4674	10	11	12	13	59	#
160	4674	11	12	13	14	59	#
161	4674	12	13	14	15	59	#
162	4674	13	14	15	16	59	#
163	4674	14	15	16	17	59	#
164	4674	15	16	17	18	59	#
165	4674	16	17	18	19	59	#
166	4674	17	18	19	20	59	#
167	4674	18	19	20	21	59	#
168	4674	19	20	21	22	59	#
169	4674	20	21	22	23	59	#
170	4674	21	22	23	24	59	#
171	4674	22	23	24	25	59	#
172	4674	23	24	25	26	59	#
173	4674	24	25	26	27	59	#
174	4674	25	26	27	28	59	#
175	4674	26	27	28	29	59	#
176	4674	27	28	29	30	59	#
177	4674	28	29	30	31	59	#
178	4674	29	30	31	32	59	#
179	4674	30	31	32	33	59	#
180	4674	31	32	33	34	59	#
181	4674	32	33	34	35	59	#
182	4674	33	34	35	36	59	#
183	4674	34	35	36	37	59	#
184	4674	35	36	37	38	59	#
185	4674	36	37	38	39	59	#
186	4674	37	38	39	40	59	#
187	4674	38	39	40	41	59	#
188	4674	39	40	41	42	59	#
189	4674	40	41	42	43	59	#
190	4674	41	42	43	44	59	#
191	4674	42	43	44	45	59	#
192	4674	43	44	45	46	59	#
193	4674	44	45	46	47	59	#
194	4674	45	46	47	48	59	#
195	4674	46	47	48	49	59	#
196	4491	47	48	49	50	59	#
197	4491	48	49	50	51	59	#
198	4321	49	50	51	52	59	#
199	4321	50	51	52	53	59	#
200	4241	51	52	53	54	59	#
201	1243	0	60	#
202	1243	1	60	#
203	1243	2	60	#
204	1243	3	60	#
205	1243	4	60	#
206	1243	5	60	#
207	1243	6	60	#
208	1243	7	60	#
209	1243	8	60	#
210	1243	9	60	#
211	1243	10	60	#
212	1243	11	60	#
213	1243	12	60	#
214	1243	13	60	#
215	1243	14	60	#
216	1243	15	60	#
217	1243	16	60	#
218	1243	17	60	#
219	1243	18	60	#
220	1243	19	60	#
221	1243	20	60	#
222	1243	21	60	#
223	1243	22	60	#
224	1243	23	60	#
225	1243	24	60	#
226	1243	25	60	#
227	1243	26	60	#
228	1243	27	60	#
229	1243	28	60	#
230	1243	29	60	#
231	1243	30	60	#
232	1243	31	60	#
233	1243	32	60	#
234	1243	33	60	#
235	1243	34	60	#
236	1243	35	60	#
237	1243	36	60	#
238	1243	37	60	#
239	1243	38	60	#
240	1243	39	60	#
241	1243	40	60	#
242	1243	41	60	#
243	1243	42	60	#
244	1243	43	60	#
245	1243	44	60	#
246	1243	45	60	#
247	1243	46	60	#
248	1243	47	60	#
249	1243	48	60	#
250	1243	49	60	#
251	1243	50	60	#
252	1243	51	60	#
253	1243	52	60	#
254	1197	53	60	#
255	1197	54	60	#
256	10079	0	1	2	3	4	5	6	61	#
257	10079	1	2	3	4	5	6	7	61	#
258	10079	2	3	4	5	6	7	8	61	#
259	10079	3	4	5	6	7	8	9	61	#
260	10079	4	5	6	7	8	9	10	61	#
261	10079	5	6	7	8	9	10	11	61	#
262	10079	6	7	8	9	10	11	12	61	#
263	10079	7	8	9	10	11	12	13	61	#
264	10079	8	9	10	11	12	13	14	61	#
265	10079	9	10	11	12	13	14	15	61	#
266	10079	10	11	12	13	14	15	16	61	#
267	10079	11	12	13	14	15	16	17	61	#
268	10079	12	13	14	15	16	17	18	61	#
269	10079	13	14	15	16	17	18	19	61	#
270	10079	14	15	16	17	18	19	20	61	#
271	10079	15	16	17	18	19	20	21	61	#
272	10079	16	17	18	19	20	21	22	61	#
273	10079	17	18	19	20	21	22	23	61	#
274	10079	18	19	20	21	22	23	24	61	#
275	10079	19	20	21	22	23	24	25	61	#
276	10079	20	21	22	23	24	25	26	61	#
277	10079	21	22	23	24	25	26	27	61	#
278	10079	22	23	24	25	26	27	28	61	#
279	10079	23	24	25	26	27	28	29	61	#
280	10079	24	25	26	27	28	29	30	61	#
281	10079	25	26	27	28	29	30	31	61	#
282	10079	26	27	28	29	30	31	32	61	#
283	10079	27	28	29	30	31	32	33	61	#
284	10079	28	29	30	31	32	33	34	61	#
285	10079	29	30	31	32	33	34	35	61	#
286	10079	30	31	32	33	34	35	36	61	#
287	10079	31	32	33	34	35	36	37	61	#
288	10079	32	33	34	35	36	37	38	61	#
289	10079	33	34	35	36	37	38	39	61	#
290	10079	34	35	36	37	38	39	40	61	#
291	10079	35	36	37	38	39	40	41	61	#
292	10079	36	37	38	39	40	41	42	61	#
293	10079	37	38	39	40	41	42	43	61	#
294	10079	38	39	40	41	42	43	44	61	#
295	10079	39	40	41	42	43	44	45	61	#
296	10079	40	41	42	43	44	45	46	61	#
297	13079	0	1	2	3	4	5	6	62	#
298	13079	1	2	3	4	5	6	7	62	#
299	13079	2	3	4	5	6	7	8	62	#
300	13079	3	4	5	6	7	8	9	62	#
301	13079	4	5	6	7	8	9	10	62	#
302	13079	5	6	7	8	9	10	11	62	#
303	13079	6	7	8	9	10	11	12	62	#
304	13079	7	8	9	10	11	12	13	62	#
305	13079	8	9	10	11	12	13	14	62	#
306	13079	9	10	11	12	13	14	15	62	#
307	13079	10	11	12	13	14	15	16	62	#
308	13079	11	12	13	14	15	16	17	62	#
309	13079	12	13	14	15	16	17	18	62	#
310	13079	13	14	15	16	17	18	19	62	#
311	13079	14	15	16	17	18	19	20	62	#
312	13079	15	16	17	18	19	20	21	62	#
313	13079	16	17	18	19	20	21	22	62	#
314	13079	17	18	19	20	21	22	23	62	#
315	13079	18	19	20	21	22	23	24	62	#
316	13079	19	20	21	22	23	24	25	62	#
317	13079	20	21	22	23	24	25	26	62	#
318	13079	21	22	23	24	25	26	27	62	#
319	13079	22	23	24	25	26	27	28	62	#
320	13079	23	24	25	26	27	28	29	62	#
321	13079	24	25	26	27	28	29	30	62	#
322	13079	25	26	27	28	29	30	31	62	#
323	13079	26	27	28	29	30	31	32	62	#
324	13079	27	28	29	30	31	32	33	62	#
325	13079	28	29	30	31	32	33	34	62	#
326	13079	29	30	31	32	33	34	35	62	#
327	13079	30	31	32	33	34	35	36	62	#
328	13079	31	32	33	34	35	36	37	62	#
329	13079	32	33	34	35	36	37	38	62	#
330	13079	33	34	35	36	37	38	39	62	#
331	13079	34	35	36	37	38	39	40	62	#
332	13079	35	36	37	38	39	40	41	62	#
333	13079	36	37	38	39	40	41	42	62	#
334	13079	37	38	39	40	41	42	43	62	#
335	11966	38	39	40	41	42	43	44	62	#
336	11966	39	40	41	42	43	44	45	62	#
337	11966	40	41	42	43	44	45	46	62	#
338	11966	41	42	43	44	45	46	47	62	#
339	11477	42	43	44	45	46	47	48	62	#
340	11477	43	44	45	46	47	48	49	62	#
341	10611	44	45	46	47	48	49	50	62	#
342	10611	45	46	47	48	49	50	51	62	#
343	10611	46	47	48	49	50	51	52	62	#
344	10611	47	48	49	50	51	52	53	62	#
345	10694	0	1	2	3	4	5	6	7	8	9	63	#
346	10694	1	2	3	4	5	6	7	8	9	10	63	#
347	15242	0	1	2	3	4	5	6	64	#
348	15242	1	2	3	4	5	6	7	64	#
349	15242	2	3	4	5	6	7	8	64	#
350	15242	3	4	5	6	7	8	9	64	#
351	15242	4	5	6	7	8	9	10	64	#
352	15242	5	6	7	8	9	10	11	64	#
353	15242	6	7	8	9	10	11	12	64	#
354	15242	7	8	9	10	11	12	13	64	#
355	15242	8	9	10	11	12	13	14	64	#
356	15242	9	10	11	12	13	14	15	64	#
357	15242	10	11	12	13	14	15	16	64	#
358	15242	11	12	13	14	15	16	17	64	#
359	15242	12	13	14	15	16	17	18	64	#
360	15242	13	14	15	16	17	18	19	64	#
361	15242	14	15	16	17	18	19	20	64	#
362	15242	15	16	17	18	19	20	21	64	#
363	15242	16	17	18	19	20	21	22	64	#
364	15242	17	18	19	20	21	22	23	64	#
365	15242	18	19	20	21	22	23	24	64	#
366	10451	19	20	21	22	23	24	25	64	#
367	10451	20	21	22	23	24	25	26	64	#
368	10451	21	22	23	24	25	26	27	64	#
369	10451	22	23	24	25	26	27	28	64	#
370	10451	23	24	25	26	27	28	29	64	#
371	10451	24	25	26	27	28	29	30	64	#
372	10451	25	26	27	28	29	30	31	64	#
373	10451	26	27	28	29	30	31	32	64	#
374	10451	27	28	29	30	31	32	33	64	#
375	10451	28	29	30	31	32	33	34	64	#
376	10451	29	30	31	32	33	34	35	64	#
377	9380	30	31	32	33	34	35	36	64	#
378	9380	31	32	33	34	35	36	37	64	#
379	9380	32	33	34	35	36	37	38	64	#
380	9380	33	34	35	36	37	38	39	64	#
381	7173	34	35	36	37	38	39	40	64	#
382	7173	35	36	37	38	39	40	41	64	#
383	7173	36	37	38	39	40	41	42	64	#
384	7173	37	38	39	40	41	42	43	64	#
385	7173	38	39	40	41	42	43	44	64	#
386	7173	39	40	41	42	43	44	45	64	#
387	7173	40	41	42	43	44	45	46	64	#
388	7173	41	42	43	44	45	46	47	64	#
389	7173	42	43	44	45	46	47	48	64	#
390	7173	43	44	45	46	47	48	49	64	#
391	7173	44	45	46	47	48	49	50	64	#
392	7173	45	46	47	48	49	50	51	64	#
393	3024	0	1	65	#
394	3024	1	2	65	#
395	3024	2	3	65	#
396	3024	3	4	65	#
397	3024	4	5	65	#
398	3024	5	6	65	#
399	3024	6	7	65	#
400	3024	7	8	65	#
401	3024	8	9	65	#
402	3024	9	10	65	#
403	3024	10	11	65	#
404	3024	11	12	65	#
405	3024	12	13	65	#
406	3024	13	14	65	#
407	3024	14	15	65	#
408	3024	15	16	65	#
409	3024	16	17	65	#
410	3024	17	18	65	#
411	3024	18	19	65	#
412	3024	19	20	65	#
413	3024	20	21	65	#
414	3024	21	22	65	#
415	3024	22	23	65	#
416	3024	23	24	65	#
417	3024	24	25	65	#
418	3024	25	26	65	#
419	3024	26	27	65	#
420	3024	27	28	65	#
421	3024	28	29	65	#
422	3024	29	30	65	#
423	3024	30	31	65	#
424	3024	31	32	65	#
425	3024	32	33	65	#
426	3024	33	34	65	#
427	3024	34	35	65	#
428	3024	35	36	65	#
429	3024	36	37	65	#
430	3024	37	38	65	#
431	3024	38	39	65	#
432	3024	39	40	65	#
433	3024	40	41	65	#
434	3024	41	42	65	#
435	3024	42	43	65	#
436	3024	43	44	65	#
437	3024	44	45	65	#
438	3024	45	46	65	#
439	3024	46	47	65	#
440	3024	47	48	65	#
441	3024	48	49	65	#
442	2744	49	50	65	#
443	2744	50	51	65	#
444	2744	51	52	65	#
445	2744	52	53	65	#
446	2744	53	54	65	#
447	4844	0	1	2	3	66	#
448	4844	1	2	3	4	66	#
449	4844	2	3	4	5	66	#
450	4844	3	4	5	6	66	#
451	4844	4	5	6	7	66	#
452	4844	5	6	7	8	66	#
453	4844	6	7	8	9	66	#
454	4844	7	8	9	10	66	#
455	15747	0	1	2	3	4	5	6	7	67	#
456	15747	1	2	3	4	5	6	7	8	67	#
457	15747	2	3	4	5	6	7	8	9	67	#
458	15747	3	4	5	6	7	8	9	10	67	#
459	15747	4	5	6	7	8	9	10	11	67	#
460	15747	5	6	7	8	9	10	11	12	67	#
461	15747	6	7	8	9	10	11	12	13	67	#
462	15747	7	8	9	10	11	12	13	14	67	#
463	15747	8	9	10	11	12	13	14	15	67	#
464	15747	9	10	11	12	13	14	15	16	67	#
465	15747	10	11	12	13	14	15	16	17	67	#
466	15747	11	12	13	14	15	16	17	18	67	#
467	15747	12	13	14	15	16	17	18	19	67	#
468	15747	13	14	15	16	17	18	19	20	67	#
469	15747	14	15	16	17	18	19	20	21	67	#
470	15747	15	16	17	18	19	20	21	22	67	#
471	15747	16	17	18	19	20	21	22	23	67	#
472	15747	17	18	19	20	21	22	23	24	67	#
473	15747	18	19	20	21	22	23	24	25	67	#
474	15747	19	20	21	22	23	24	25	26	67	#
475	15747	20	21	22	23	24	25	26	27	67	#
476	15747	21	22	23	24	25	26	27	28	67	#
477	15747	22	23	24	25	26	27	28	29	67	#
478	15747	23	24	25	26	27	28	29	30	67	#
479	2326	0	1	68	#
480	2326	1	2	68	#
481	2326	2	3	68	#
482	2326	3	4	68	#
483	2326	4	5	68	#
484	2326	5	6	68	#
485	2326	6	7	68	#
486	2326	7	8	68	#
487	2326	8	9	68	#
488	2326	9	10	68	#
489	2326	10	11	68	#
490	2326	11	12	68	#
491	2326	12	13	68	#
492	2326	13	14	68	#
493	2326	14	15	68	#
494	2326	15	16	68	#
495	2326	16	17	68	#
496	2326	17	18	68	#
497	2326	18	19	68	#
498	2326	19	20	68	#
499	2326	20	21	68	#
500	2326	21	22	68	#
501	2326	22	23	68	#
502	2326	23	24	68	#
503	2326	24	25	68	#
504	2326	25	26	68	#
505	2326	26	27	68	#
506	2326	27	28	68	#
507	2326	28	29	68	#
508	2326	29	30	68	#
509	2326	30	31	68	#
510	2326	31	32	68	#
511	2326	32	33	68	#
512	2326	33	34	68	#
513	2326	34	35	68	#
514	2326	35	36	68	#
515	2326	36	37	68	#
516	2326	37	38	68	#
517	2326	38	39	68	#
518	2326	39	40	68	#
519	11008	0	1	2	3	4	5	69	#
520	11008	1	2	3	4	5	6	69	#
521	11008	2	3	4	5	6	7	69	#
522	11008	3	4	5	6	7	8	69	#
523	11008	4	5	6	7	8	9	69	#
524	11008	5	6	7	8	9	10	69	#
525	11008	6	7	8	9	10	11	69	#
526	11008	7	8	9	10	11	12	69	#
527	11008	8	9	10	11	12	13	69	#
528	3407	9	10	11	12	13	14	69	#
529	3407	10	11	12	13	14	15	69	#
530	3407	11	12	13	14	15	16	69	#
531	3407	12	13	14	15	16	17	69	#
532	3407	13	14	15	16	17	18	69	#
533	3407	14	15	16	17	18	19	69	#
534	3407	15	16	17	18	19	20	69	#
535	3407	16	17	18	19	20	21	69	#
536	3407	17	18	19	20	21	22	69	#
537	3407	18	19	20	21	22	23	69	#
538	3407	19	20	21	22	23	24	69	#
539	3407	20	21	22	23	24	25	69	#
540	3407	21	22	23	24	25	26	69	#
541	3407	22	23	24	25	26	27	69	#
542	3407	23	24	25	26	27	28	69	#
543	3407	24	25	26	27	28	29	69	#
544	3407	25	26	27	28	29	30	69	#
545	3407	26	27	28	29	30	31	69	#
546	3407	27	28	29	30	31	32	69	#
547	3407	28	29	30	31	32	33	69	#
548	3407	29	30	31	32	33	34	69	#
549	3407	30	31	32	33	34	35	69	#
550	3407	31	32	33	34	35	36	69	#
551	3407	32	33	34	35	36	37	69	#
552	3407	33	34	35	36	37	38	69	#
553	3407	34	35	36	37	38	39	69	#
554	3407	35	36	37	38	39	40	69	#
555	3407	36	37	38	39	40	41	69	#
556	3407	37	38	39	40	41	42	69	#
557	14330	0	1	2	3	4	5	6	7	8	9	70	#
558	14330	1	2	3	4	5	6	7	8	9	10	70	#
559	14330	2	3	4	5	6	7	8	9	10	11	70	#
560	14330	3	4	5	6	7	8	9	10	11	12	70	#
561	14330	4	5	6	7	8	9	10	11	12	13	70	#
562	14330	5	6	7	8	9	10	11	12	13	14	70	#
563	14330	6	7	8	9	10	11	12	13	14	15	70	#
564	14330	7	8	9	10	11	12	13	14	15	16	70	#
565	14330	8	9	10	11	12	13	14	15	16	17	70	#
566	14330	9	10	11	12	13	14	15	16	17	18	70	#
567	14330	10	11	12	13	14	15	16	17	18	19	70	#
568	14330	11	12	13	14	15	16	17	18	19	20	70	#
569	14330	12	13	14	15	16	17	18	19	20	21	70	#
570	14330	13	14	15	16	17	18	19	20	21	22	70	#
571	14330	14	15	16	17	18	19	20	21	22	23	70	#
572	14330	15	16	17	18	19	20	21	22	23	24	70	#
573	14330	16	17	18	19	20	21	22	23	24	25	70	#
574	14330	17	18	19	20	21	22	23	24	25	26	70	#
575	14330	18	19	20	21	22	23	24	25	26	27	70	#
576	14330	19	20	21	22	23	24	25	26	27	28	70	#
577	14330	20	21	22	23	24	25	26	27	28	29	70	#
578	14330	21	22	23	24	25	26	27	28	29	30	70	#
579	14330	22	23	24	25	26	27	28	29	30	31	70	#
580	14330	23	24	25	26	27	28	29	30	31	32	70	#
581	14330	24	25	26	27	28	29	30	31	32	33	70	#
582	14330	25	26	27	28	29	30	31	32	33	34	70	#
583	14330	26	27	28	29	30	31	32	33	34	35	70	#
584	11664	27	28	29	30	31	32	33	34	35	36	70	#
585	11664	28	29	30	31	32	33	34	35	36	37	70	#
586	11664	29	30	31	32	33	34	35	36	37	38	70	#
587	11664	30	31	32	33	34	35	36	37	38	39	70	#
588	11664	31	32	33	34	35	36	37	38	39	40	70	#
589	11664	32	33	34	35	36	37	38	39	40	41	70	#
590	11664	33	34	35	36	37	38	39	40	41	42	70	#
591	11664	34	35	36	37	38	39	40	41	42	43	70	#
592	9835	35	36	37	38	39	40	41	42	43	44	70	#
593	9835	36	37	38	39	40	41	42	43	44	45	70	#
594	9835	37	38	39	40	41	42	43	44	45	46	70	#
595	9835	38	39	40	41	42	43	44	45	46	47	70	#
596	9835	39	40	41	42	43	44	45	46	47	48	70	#
597	9835	40	41	42	43	44	45	46	47	48	49	70	#
598	9835	41	42	43	44	45	46	47	48	49	50	70	#
599	9835	42	43	44	45	46	47	48	49	50	51	70	#
600	9645	43	44	45	46	47	48	49	50	51	52	70	#
601	9463	44	45	46	47	48	49	50	51	52	53	70	#
602	9288	45	46	47	48	49	50	51	52	53	54	70	#
603	9963	0	1	2	3	4	71	#
604	9963	1	2	3	4	5	71	#
605	9963	2	3	4	5	6	71	#
606	9963	3	4	5	6	7	71	#
607	9963	4	5	6	7	8	71	#
608	9963	5	6	7	8	9	71	#
609	9963	6	7	8	9	10	71	#
610	9963	7	8	9	10	11	71	#
611	9963	8	9	10	11	12	71	#
612	9963	9	10	11	12	13	71	#
613	9963	10	11	12	13	14	71	#
614	9963	11	12	13	14	15	71	#
615	9963	12	13	14	15	16	71	#
616	9963	13	14	15	16	17	71	#
617	9963	14	15	16	17	18	71	#
618	9963	15	16	17	18	19	71	#
619	9963	16	17	18	19	20	71	#
620	9963	17	18	19	20	21	71	#
621	9963	18	19	20	21	22	71	#
622	9963	19	20	21	22	23	71	#
623	9963	20	21	22	23	24	71	#
624	9963	21	22	23	24	25	71	#
625	9963	22	23	24	25	26	71	#
626	9963	23	24	25	26	27	71	#
627	9963	24	25	26	27	28	71	#
628	9963	25	26	27	28	29	71	#
629	9963	26	27	28	29	30	71	#
630	9963	27	28	29	30	31	71	#
631	9963	28	29	30	31	32	71	#
632	9963	29	30	31	32	33	71	#
633	9963	30	31	32	33	34	71	#
634	9963	31	32	33	34	35	71	#
635	9963	32	33	34	35	36	71	#
636	9963	33	34	35	36	37	71	#
637	9963	34	35	36	37	38	71	#
638	9963	35	36	37	38	39	71	#
639	9963	36	37	38	39	40	71	#
640	9963	37	38	39	40	41	71	#
641	9963	38	39	40	41	42	71	#
642	9963	39	40	41	42	43	71	#
643	9963	40	41	42	43	44	71	#
644	9963	41	42	43	44	45	71	#
645	9963	42	43	44	45	46	71	#
646	8986	43	44	45	46	47	71	#
647	8986	44	45	46	47	48	71	#
648	8986	45	46	47	48	49	71	#
649	8986	46	47	48	49	50	71	#
650	8986	47	48	49	50	51	71	#
651	6802	0	1	2	3	72	#
652	6802	1	2	3	4	72	#
653	4534	2	3	4	5	72	#
654	4534	3	4	5	6	72	#
655	1088	4	5	6	7	72	#
656	1088	5	6	7	8	72	#
657	1088	6	7	8	9	72	#
658	1088	7	8	9	10	72	#
659	1088	8	9	10	11	72	#
660	1088	9	10	11	12	72	#
661	1088	10	11	12	13	72	#
662	1088	11	12	13	14	72	#
663	1088	12	13	14	15	72	#
664	1088	13	14	15	16	72	#
665	1088	14	15	16	17	72	#
666	1088	15	16	17	18	72	#
667	1088	16	17	18	19	72	#
668	1088	17	18	19	20	72	#
669	1088	18	19	20	21	72	#
670	1088	19	20	21	22	72	#
671	1088	20	21	22	23	72	#
672	1088	21	22	23	24	72	#
673	1088	22	23	24	25	72	#
674	648	23	24	25	26	72	#
675	648	24	25	26	27	72	#
676	648	25	26	27	28	72	#
677	648	26	27	28	29	72	#
678	648	27	28	29	30	72	#
679	648	28	29	30	31	72	#
680	648	29	30	31	32	72	#
681	648	30	31	32	33	72	#
682	648	31	32	33	34	72	#
683	648	32	33	34	35	72	#
684	648	33	34	35	36	72	#
685	648	34	35	36	37	72	#
686	648	35	36	37	38	72	#
687	648	36	37	38	39	72	#
688	648	37	38	39	40	72	#
689	648	38	39	40	41	72	#
690	648	39	40	41	42	72	#
691	1165	0	1	73	#
692	1165	1	2	73	#
693	1165	2	3	73	#
694	1165	3	4	73	#
695	1165	4	5	73	#
696	1165	5	6	73	#
697	1165	6	7	73	#
698	1165	7	8	73	#
699	1165	8	9	73	#
700	1165	9	10	73	#
701	1165	10	11	73	#
702	1165	11	12	73	#
703	1165	12	13	73	#
704	1165	13	14	73	#
705	1165	14	15	73	#
706	1165	15	16	73	#
707	1165	16	17	73	#
708	1165	17	18	73	#
709	1165	18	19	73	#
710	1165	19	20	73	#
711	1165	20	21	73	#
712	1165	21	22	73	#
713	1165	22	23	73	#
714	1165	23	24	73	#
715	1165	24	25	73	#
716	1165	25	26	73	#
717	1165	26	27	73	#
718	1165	27	28	73	#
719	1165	28	29	73	#
720	1165	29	30	73	#
721	1165	30	31	73	#
722	1165	31	32	73	#
723	1165	32	33	73	#
724	1165	33	34	73	#
725	1165	34	35	73	#
726	1165	35	36	73	#
727	1165	36	37	73	#
728	1165	37	38	73	#
729	1165	38	39	73	#
730	1165	39	40	73	#
731	932	40	41	73	#
732	932	41	42	73	#
733	932	42	43	73	#
734	932	43	44	73	#
735	932	44	45	73	#
736	932	45	46	73	#
737	932	46	47	73	#
738	932	47	48	73	#
739	932	48	49	73	#
740	932	49	50	73	#
741	896	50	51	73	#
742	896	51	52	73	#
743	879	52	53	73	#
744	863	53	54	73	#
745	6294	0	1	2	3	74	#
746	6294	1	2	3	4	74	#
747	6294	2	3	4	5	74	#
748	7543	0	1	2	3	4	5	6	75	#
749	7543	1	2	3	4	5	6	7	75	#
750	7543	2	3	4	5	6	7	8	75	#
751	7543	3	4	5	6	7	8	9	75	#
752	7543	4	5	6	7	8	9	10	75	#
753	7543	5	6	7	8	9	10	11	75	#
754	7543	6	7	8	9	10	11	12	75	#
755	7543	7	8	9	10	11	12	13	75	#
756	3269	8	9	10	11	12	13	14	75	#
757	3269	9	10	11	12	13	14	15	75	#
758	3269	10	11	12	13	14	15	16	75	#
759	3269	11	12	13	14	15	16	17	75	#
760	3269	12	13	14	15	16	17	18	75	#
761	3269	13	14	15	16	17	18	19	75	#
762	3269	14	15	16	17	18	19	20	75	#
763	3269	15	16	17	18	19	20	21	75	#
764	3269	16	17	18	19	20	21	22	75	#
765	3269	17	18	19	20	21	22	23	75	#
766	3269	18	19	20	21	22	23	24	75	#
767	3269	19	20	21	22	23	24	25	75	#
768	3269	20	21	22	23	24	25	26	75	#
769	3269	21	22	23	24	25	26	27	75	#
770	3269	22	23	24	25	26	27	28	75	#
771	3269	23	24	25	26	27	28	29	75	#
772	3269	24	25	26	27	28	29	30	75	#
773	2971	25	26	27	28	29	30	31	75	#
774	2971	26	27	28	29	30	31	32	75	#
775	2971	27	28	29	30	31	32	33	75	#
776	2229	28	29	30	31	32	33	34	75	#
777	2229	29	30	31	32	33	34	35	75	#
778	2229	30	31	32	33	34	35	36	75	#
779	2229	31	32	33	34	35	36	37	75	#
780	2229	32	33	34	35	36	37	38	75	#
781	2229	33	34	35	36	37	38	39	75	#
782	2229	34	35	36	37	38	39	40	75	#
783	2229	35	36	37	38	39	40	41	75	#
784	2229	36	37	38	39	40	41	42	75	#
785	2229	37	38	39	40	41	42	43	75	#
786	2229	38	39	40	41	42	43	44	75	#
787	9481	0	1	2	3	4	5	6	7	8	9	76	#
788	9481	1	2	3	4	5	6	7	8	9	10	76	#
789	9481	2	3	4	5	6	7	8	9	10	11	76	#
790	9481	3	4	5	6	7	8	9	10	11	12	76	#
791	9481	4	5	6	7	8	9	10	11	12	13	76	#
792	9481	5	6	7	8	9	10	11	12	13	14	76	#
793	9481	6	7	8	9	10	11	12	13	14	15	76	#
794	9481	7	8	9	10	11	12	13	14	15	16	76	#
795	9481	8	9	10	11	12	13	14	15	16	17	76	#
796	9481	9	10	11	12	13	14	15	16	17	18	76	#
797	9481	10	11	12	13	14	15	16	17	18	19	76	#
798	9481	11	12	13	14	15	16	17	18	19	20	76	#
799	9481	12	13	14	15	16	17	18	19	20	21	76	#
800	9481	13	14	15	16	17	18	19	20	21	22	76	#
801	3935	14	15	16	17	18	19	20	21	22	23	76	#
802	3935	15	16	17	18	19	20	21	22	23	24	76	#
803	3935	16	17	18	19	20	21	22	23	24	25	76	#
804	3935	17	18	19	20	21	22	23	24	25	26	76	#
805	3935	18	19	20	21	22	23	24	25	26	27	76	#
806	3935	19	20	21	22	23	24	25	26	27	28	76	#
807	3935	20	21	22	23	24	25	26	27	28	29	76	#
808	3935	21	22	23	24	25	26	27	28	29	30	76	#
809	3935	22	23	24	25	26	27	28	29	30	31	76	#
810	3935	23	24	25	26	27	28	29	30	31	32	76	#
811	3935	24	25	26	27	28	29	30	31	32	33	76	#
812	3935	25	26	27	28	29	30	31	32	33	34	76	#
813	3935	26	27	28	29	30	31	32	33	34	35	76	#
814	3935	27	28	29	30	31	32	33	34	35	36	76	#
815	3935	28	29	30	31	32	33	34	35	36	37	76	#
816	3935	29	30	31	32	33	34	35	36	37	38	76	#
817	3935	30	31	32	33	34	35	36	37	38	39	76	#
818	3935	31	32	33	34	35	36	37	38	39	40	76	#
819	3935	32	33	34	35	36	37	38	39	40	41	76	#
820	3935	33	34	35	36	37	38	39	40	41	42	76	#
821	3935	34	35	36	37	38	39	40	41	42	43	76	#
822	3935	35	36	37	38	39	40	41	42	43	44	76	#
823	3935	36	37	38	39	40	41	42	43	44	45	76	#
824	3935	37	38	39	40	41	42	43	44	45	46	76	#
825	3935	38	39	40	41	42	43	44	45	46	47	76	#
826	3935	39	40	41	42	43	44	45	46	47	48	76	#
827	3935	40	41	42	43	44	45	46	47	48	49	76	#
828	3935	41	42	43	44	45	46	47	48	49	50	76	#
829	3935	42	43	44	45	46	47	48	49	50	51	76	#
830	3935	43	44	45	46	47	48	49	50	51	52	76	#
831	3935	44	45	46	47	48	49	50	51	52	53	76	#
832	3863	45	46	47	48	49	50	51	52	53	54	76	#
833	10286	0	1	2	3	4	77	#
834	10286	1	2	3	4	5	77	#
835	10286	2	3	4	5	6	77	#
836	10286	3	4	5	6	7	77	#
837	10286	4	5	6	7	8	77	#
838	10286	5	6	7	8	9	77	#
839	10286	6	7	8	9	10	77	#
840	10286	7	8	9	10	11	77	#
841	10286	8	9	10	11	12	77	#
842	10286	9	10	11	12	13	77	#
843	10286	10	11	12	13	14	77	#
844	10286	11	12	13	14	15	77	#
845	10286	12	13	14	15	16	77	#
846	10286	13	14	15	16	17	77	#
847	10286	14	15	16	17	18	77	#
848	10286	15	16	17	18	19	77	#
849	10286	16	17	18	19	20	77	#
850	10286	17	18	19	20	21	77	#
851	10286	18	19	20	21	22	77	#
852	4815	19	20	21	22	23	77	#
853	4815	20	21	22	23	24	77	#
854	4815	21	22	23	24	25	77	#
855	4815	22	23	24	25	26	77	#
856	4815	23	24	25	26	27	77	#
857	4815	24	25	26	27	28	77	#
858	4815	25	26	27	28	29	77	#
859	4815	26	27	28	29	30	77	#
860	4815	27	28	29	30	31	77	#
861	4815	28	29	30	31	32	77	#
862	4815	29	30	31	32	33	77	#
863	4815	30	31	32	33	34	77	#
864	4815	31	32	33	34	35	77	#
865	4815	32	33	34	35	36	77	#
866	4815	33	34	35	36	37	77	#
867	4815	34	35	36	37	38	77	#
868	4815	35	36	37	38	39	77	#
869	4815	36	37	38	39	40	77	#
870	4815	37	38	39	40	41	77	#
871	4815	38	39	40	41	42	77	#
872	4815	39	40	41	42	43	77	#
873	4815	40	41	42	43	44	77	#
874	4815	41	42	43	44	45	77	#
875	4815	42	43	44	45	46	77	#
876	4815	43	44	45	46	47	77	#
877	7620	0	1	2	3	4	5	78	#
878	7620	1	2	3	4	5	6	78	#
879	7620	2	3	4	5	6	7	78	#
880	7620	3	4	5	6	7	8	78	#
881	7620	4	5	6	7	8	9	78	#
882	7620	5	6	7	8	9	10	78	#
883	7620	6	7	8	9	10	11	78	#
884	7620	7	8	9	10	11	12	78	#
885	7620	8	9	10	11	12	13	78	#
886	7620	9	10	11	12	13	14	78	#
887	7620	10	11	12	13	14	15	78	#
888	7620	11	12	13	14	15	16	78	#
889	7620	12	13	14	15	16	17	78	#
890	7620	13	14	15	16	17	18	78	#
891	7620	14	15	16	17	18	19	78	#
892	7620	15	16	17	18	19	20	78	#
893	7620	16	17	18	19	20	21	78	#
894	7620	17	18	19	20	21	22	78	#
895	7620	18	19	20	21	22	23	78	#
896	7620	19	20	21	22	23	24	78	#
897	7620	20	21	22	23	24	25	78	#
898	7620	21	22	23	24	25	26	78	#
899	7620	22	23	24	25	26	27	78	#
900	7620	23	24	25	26	27	28	78	#
901	7620	24	25	26	27	28	29	78	#
902	7620	25	26	27	28	29	30	78	#
903	7620	26	27	28	29	30	31	78	#
904	7620	27	28	29	30	31	32	78	#
905	7620	28	29	30	31	32	33	78	#
906	7620	29	30	31	32	33	34	78	#
907	7620	30	31	32	33	34	35	78	#
908	7620	31	32	33	34	35	36	78	#
909	7620	32	33	34	35	36	37	78	#
910	7620	33	34	35	36	37	38	78	#
911	7620	34	35	36	37	38	39	78	#
912	7620	35	36	37	38	39	40	78	#
913	7620	36	37	38	39	40	41	78	#
914	7620	37	38	39	40	41	42	78	#
915	7620	38	39	40	41	42	43	78	#
916	7620	39	40	41	42	43	44	78	#
917	6209	40	41	42	43	44	45	78	#
918	6209	41	42	43	44	45	46	78	#
919	6209	42	43	44	45	46	47	78	#
920	6209	43	44	45	46	47	48	78	#
921	6209	44	45	46	47	48	49	78	#
922	6209	45	46	47	48	49	50	78	#
923	6209	46	47	48	49	50	51	78	#
924	6209	47	48	49	50	51	52	78	#
925	6209	48	49	50	51	52	53	78	#
926	6209	49	50	51	52	53	54	78	#
927	8669	0	1	2	3	4	5	79	#
928	8669	1	2	3	4	5	6	79	#
929	8669	2	3	4	5	6	7	79	#
930	8669	3	4	5	6	7	8	79	#
931	8669	4	5	6	7	8	9	79	#
932	8669	5	6	7	8	9	10	79	#
933	8669	6	7	8	9	10	11	79	#
934	8669	7	8	9	10	11	12	79	#
935	8669	8	9	10	11	12	13	79	#
936	8669	9	10	11	12	13	14	79	#
937	8669	10	11	12	13	14	15	79	#
938	8669	11	12	13	14	15	16	79	#
939	8669	12	13	14	15	16	17	79	#
940	8669	13	14	15	16	17	18	79	#
941	8669	14	15	16	17	18	19	79	#
942	8669	15	16	17	18	19	20	79	#
943	8669	16	17	18	19	20	21	79	#
944	8669	17	18	19	20	21	22	79	#
945	8669	18	19	20	21	22	23	79	#
946	8669	19	20	21	22	23	24	79	#
947	8669	20	21	22	23	24	25	79	#
948	8669	21	22	23	24	25	26	79	#
949	8669	22	23	24	25	26	27	79	#
950	8669	23	24	25	26	27	28	79	#
951	8669	24	25	26	27	28	29	79	#
952	8669	25	26	27	28	29	30	79	#
953	8669	26	27	28	29	30	31	79	#
954	8669	27	28	29	30	31	32	79	#
955	8669	28	29	30	31	32	33	79	#
956	8669	29	30	31	32	33	34	79	#
957	8669	30	31	32	33	34	35	79	#
958	8669	31	32	33	34	35	36	79	#
959	8669	32	33	34	35	36	37	79	#
960	8669	33	34	35	36	37	38	79	#
961	8669	34	35	36	37	38	39	79	#
962	8669	35	36	37	38	39	40	79	#
963	8669	36	37	38	39	40	41	79	#
964	8669	37	38	39	40	41	42	79	#
965	8669	38	39	40	41	42	43	79	#
966	8669	39	40	41	42	43	44	79	#
967	8669	40	41	42	43	44	45	79	#
968	8669	41	42	43	44	45	46	79	#
969	8669	42	43	44	45	46	47	79	#
970	8669	43	44	45	46	47	48	79	#
971	8669	44	45	46	47	48	49	79	#
972	8669	45	46	47	48	49	50	79	#
973	8669	46	47	48	49	50	51	79	#
974	8669	47	48	49	50	51	52	79	#
975	8348	48	49	50	51	52	53	79	#
976	8348	49	50	51	52	53	54	79	#
977	17667	0	1	2	3	4	5	6	7	8	9	80	#
978	17667	1	2	3	4	5	6	7	8	9	10	80	#
979	17667	2	3	4	5	6	7	8	9	10	11	80	#
980	17667	3	4	5	6	7	8	9	10	11	12	80	#
981	17667	4	5	6	7	8	9	10	11	12	13	80	#
982	17667	5	6	7	8	9	10	11	12	13	14	80	#
983	17667	6	7	8	9	10	11	12	13	14	15	80	#
984	6310	7	8	9	10	11	12	13	14	15	16	80	#
985	6310	8	9	10	11	12	13	14	15	16	17	80	#
986	6310	9	10	11	12	13	14	15	16	17	18	80	#
987	6310	10	11	12	13	14	15	16	17	18	19	80	#
988	6310	11	12	13	14	15	16	17	18	19	20	80	#
989	6310	12	13	14	15	16	17	18	19	20	21	80	#
990	6310	13	14	15	16	17	18	19	20	21	22	80	#
991	6310	14	15	16	17	18	19	20	21	22	23	80	#
992	6310	15	16	17	18	19	20	21	22	23	24	80	#
993	6310	16	17	18	19	20	21	22	23	24	25	80	#
994	6310	17	18	19	20	21	22	23	24	25	26	80	#
995	6310	18	19	20	21	22	23	24	25	26	27	80	#
996	6310	19	20	21	22	23	24	25	26	27	28	80	#
997	6310	20	21	22	23	24	25	26	27	28	29	80	#
998	6310	21	22	23	24	25	26	27	28	29	30	80	#
999	6310	22	23	24	25	26	27	28	29	30	31	80	#
1000	6310	23	24	25	26	27	28	29	30	31	32	80	#
1001	6310	24	25	26	27	28	29	30	31	32	33	80	#
1002	6310	25	26	27	28	29	30	31	32	33	34	80	#
1003	6310	26	27	28	29	30	31	32	33	34	35	80	#
1004	6310	27	28	29	30	31	32	33	34	35	36	80	#
1005	6310	28	29	30	31	32	33	34	35	36	37	80	#
1006	6310	29	30	31	32	33	34	35	36	37	38	80	#
1007	6310	30	31	32	33	34	35	36	37	38	39	80	#
1008	6310	31	32	33	34	35	36	37	38	39	40	80	#
1009	6310	32	33	34	35	36	37	38	39	40	41	80	#
1010	6310	33	34	35	36	37	38	39	40	41	42	80	#
1011	19510	0	1	2	3	4	5	6	7	8	81	#
1012	19510	1	2	3	4	5	6	7	8	9	81	#
1013	19510	2	3	4	5	6	7	8	9	10	81	#
1014	19510	3	4	5	6	7	8	9	10	11	81	#
1015	19510	4	5	6	7	8	9	10	11	12	81	#
1016	19510	5	6	7	8	9	10	11	12	13	81	#
1017	19510	6	7	8	9	10	11	12	13	14	81	#
1018	19510	7	8	9	10	11	12	13	14	15	81	#
1019	19510	8	9	10	11	12	13	14	15	16	81	#
1020	19510	9	10	11	12	13	14	15	16	17	81	#
1021	19510	10	11	12	13	14	15	16	17	18	81	#
1022	19510	11	12	13	14	15	16	17	18	19	81	#
1023	19510	12	13	14	15	16	17	18	19	20	81	#
1024	19510	13	14	15	16	17	18	19	20	21	81	#
1025	19510	14	15	16	17	18	19	20	21	22	81	#
1026	19510	15	16	17	18	19	20	21	22	23	81	#
1027	19510	16	17	18	19	20	21	22	23	24	81	#
1028	5529	0	1	2	3	82	#
1029	5529	1	2	3	4	82	#
1030	5529	2	3	4	5	82	#
1031	5529	3	4	5	6	82	#
1032	5529	4	5	6	7	82	#
1033	5529	5	6	7	8	82	#
1034	5529	6	7	8	9	82	#
1035	5529	7	8	9	10	82	#
1036	5529	8	9	10	11	82	#
1037	5529	9	10	11	12	82	#
1038	5529	10	11	12	13	82	#
1039	5529	11	12	13	14	82	#
1040	5529	12	13	14	15	82	#
1041	5529	13	14	15	16	82	#
1042	5529	14	15	16	17	82	#
1043	5529	15	16	17	18	82	#
1044	5529	16	17	18	19	82	#
1045	5529	17	18	19	20	82	#
1046	5529	18	19	20	21	82	#
1047	5529	19	20	21	22	82	#
1048	5529	20	21	22	23	82	#
1049	5529	21	22	23	24	82	#
1050	5529	22	23	24	25	82	#
1051	5529	23	24	25	26	82	#
1052	5529	24	25	26	27	82	#
1053	5529	25	26	27	28	82	#
1054	3225	26	27	28	29	82	#
1055	3225	27	28	29	30	82	#
1056	3225	28	29	30	31	82	#
1057	3225	29	30	31	32	82	#
1058	3225	30	31	32	33	82	#
1059	3225	31	32	33	34	82	#
1060	3225	32	33	34	35	82	#
1061	3225	33	34	35	36	82	#
1062	3225	34	35	36	37	82	#
1063	3225	35	36	37	38	82	#
1064	3225	36	37	38	39	82	#
1065	3225	37	38	39	40	82	#
1066	3225	38	39	40	41	82	#
1067	3225	39	40	41	42	82	#
1068	3225	40	41	42	43	82	#
1069	3225	41	42	43	44	82	#
1070	3225	42	43	44	45	82	#
1071	3225	43	44	45	46	82	#
1072	3225	44	45	46	47	82	#
1073	3225	45	46	47	48	82	#
1074	3159	46	47	48	49	82	#
1075	2867	47	48	49	50	82	#
1076	2867	48	49	50	51	82	#
1077	2867	49	50	51	52	82	#
1078	2867	50	51	52	53	82	#
1079	2867	51	52	53	54	82	#
1080	5304	0	1	2	3	83	#
1081	5304	1	2	3	4	83	#
1082	5304	2	3	4	5	83	#
1083	5304	3	4	5	6	83	#
1084	5304	4	5	6	7	83	#
1085	5304	5	6	7	8	83	#
1086	5304	6	7	8	9	83	#
1087	5304	7	8	9	10	83	#
1088	5304	8	9	10	11	83	#
1089	5304	9	10	11	12	83	#
1090	5304	10	11	12	13	83	#
1091	5304	11	12	13	14	83	#
1092	5304	12	13	14	15	83	#
1093	5304	13	14	15	16	83	#
1094	5304	14	15	16	17	83	#
1095	5304	15	16	17	18	83	#
1096	5304	16	17	18	19	83	#
1097	5304	17	18	19	20	83	#
1098	5304	18	19	20	21	83	#
1099	5304	19	20	21	22	83	#
1100	5304	20	21	22	23	83	#
1101	5304	21	22	23	24	83	#
1102	5304	22	23	24	25	83	#
1103	5304	23	24	25	26	83	#
1104	5304	24	25	26	27	83	#
1105	5304	25	26	27	28	83	#
1106	5304	26	27	28	29	83	#
1107	5304	27	28	29	30	83	#
1108	5304	28	29	30	31	83	#
1109	5304	29	30	31	32	83	#
1110	5304	30	31	32	33	83	#
1111	5304	31	32	33	34	83	#
1112	5304	32	33	34	35	83	#
1113	5304	33	34	35	36	83	#
1114	5304	34	35	36	37	83	#
1115	5304	35	36	37	38	83	#
1116	5304	36	37	38	39	83	#
1117	5304	37	38	39	40	83	#
1118	5304	38	39	40	41	83	#
1119	5304	39	40	41	42	83	#
1120	5304	40	41	42	43	83	#
1121	5304	41	42	43	44	83	#
1122	5304	42	43	44	45	83	#
1123	5304	43	44	45	46	83	#
1124	5304	44	45	46	47	83	#
1125	5304	45	46	47	48	83	#
1126	5304	46	47	48	49	83	#
1127	5304	47	48	49	50	83	#
1128	5304	48	49	50	51	83	#
1129	5304	49	50	51	52	83	#
1130	5304	50	51	52	53	83	#
1131	5206	51	52	53	54	83	#
