%% File generated by CATS v.2.1Tue Aug 20 18:58:10 2019

%% The CATS webpage is http://robotics.stanford.edu/CATS

%% PARAMETER SETTINGS:
% Goods: 15; Bids: 300; Distribution: scheduling; Runs: 10; Seed: 1566345612
% Scheduling Distribution Parameters:
% max_length                = 10
% deviation                 = 0.500000
% prob_additional_deadline  = 0.700000
% additivity                = 0.200000



goods 15
bids 301
dummy 33

0	687	0	15	#
1	687	1	15	#
2	687	2	15	#
3	687	3	15	#
4	687	4	15	#
5	687	5	15	#
6	687	6	15	#
7	687	7	15	#
8	687	8	15	#
9	550	9	15	#
10	550	10	15	#
11	458	11	15	#
12	458	12	15	#
13	423	13	15	#
14	393	14	15	#
15	17940	0	1	2	3	4	5	6	7	16	#
16	17940	1	2	3	4	5	6	7	8	16	#
17	17940	2	3	4	5	6	7	8	9	16	#
18	17940	3	4	5	6	7	8	9	10	16	#
19	14950	4	5	6	7	8	9	10	11	16	#
20	14950	5	6	7	8	9	10	11	12	16	#
21	13800	6	7	8	9	10	11	12	13	16	#
22	12814	7	8	9	10	11	12	13	14	16	#
23	1449	0	1	17	#
24	1449	1	2	17	#
25	6847	0	1	2	3	4	18	#
26	6847	1	2	3	4	5	18	#
27	6847	2	3	4	5	6	18	#
28	6847	3	4	5	6	7	18	#
29	3994	4	5	6	7	8	18	#
30	3994	5	6	7	8	9	18	#
31	3994	6	7	8	9	10	18	#
32	3994	7	8	9	10	11	18	#
33	3994	8	9	10	11	12	18	#
34	3687	9	10	11	12	13	18	#
35	3423	10	11	12	13	14	18	#
36	5974	0	1	2	3	19	#
37	5974	1	2	3	4	19	#
38	5974	2	3	4	5	19	#
39	5974	3	4	5	6	19	#
40	5974	4	5	6	7	19	#
41	5974	5	6	7	8	19	#
42	5310	6	7	8	9	19	#
43	4345	7	8	9	10	19	#
44	4345	8	9	10	11	19	#
45	3983	9	10	11	12	19	#
46	3414	10	11	12	13	19	#
47	3414	11	12	13	14	19	#
48	2668	0	1	2	20	#
49	2668	1	2	3	20	#
50	2668	2	3	4	20	#
51	2668	3	4	5	20	#
52	1959	0	1	2	21	#
53	1959	1	2	3	21	#
54	1959	2	3	4	21	#
55	1567	3	4	5	21	#
56	980	4	5	6	21	#
57	980	5	6	7	21	#
58	980	6	7	8	21	#
59	603	7	8	9	21	#
60	603	8	9	10	21	#
61	603	9	10	11	21	#
62	603	10	11	12	21	#
63	603	11	12	13	21	#
64	560	12	13	14	21	#
65	12505	0	1	2	3	4	5	6	22	#
66	12505	1	2	3	4	5	6	7	22	#
67	12505	2	3	4	5	6	7	8	22	#
68	12505	3	4	5	6	7	8	9	22	#
69	12505	4	5	6	7	8	9	10	22	#
70	12505	5	6	7	8	9	10	11	22	#
71	12505	6	7	8	9	10	11	12	22	#
72	12505	7	8	9	10	11	12	13	22	#
73	11611	8	9	10	11	12	13	14	22	#
74	8546	0	1	2	3	4	23	#
75	8546	1	2	3	4	5	23	#
76	8546	2	3	4	5	6	23	#
77	3663	3	4	5	6	7	23	#
78	3663	4	5	6	7	8	23	#
79	3663	5	6	7	8	9	23	#
80	3663	6	7	8	9	10	23	#
81	3663	7	8	9	10	11	23	#
82	3663	8	9	10	11	12	23	#
83	3663	9	10	11	12	13	23	#
84	3663	10	11	12	13	14	23	#
85	16331	0	1	2	3	4	5	6	7	8	9	24	#
86	16331	1	2	3	4	5	6	7	8	9	10	24	#
87	4605	0	1	2	3	25	#
88	4605	1	2	3	4	25	#
89	4605	2	3	4	5	25	#
90	4605	3	4	5	6	25	#
91	2126	4	5	6	7	25	#
92	2126	5	6	7	8	25	#
93	2126	6	7	8	9	25	#
94	2126	7	8	9	10	25	#
95	2126	8	9	10	11	25	#
96	2126	9	10	11	12	25	#
97	2126	10	11	12	13	25	#
98	12268	0	1	2	3	4	5	6	7	8	9	26	#
99	12268	1	2	3	4	5	6	7	8	9	10	26	#
100	12268	2	3	4	5	6	7	8	9	10	11	26	#
101	12268	3	4	5	6	7	8	9	10	11	12	26	#
102	12268	4	5	6	7	8	9	10	11	12	13	26	#
103	12268	5	6	7	8	9	10	11	12	13	14	26	#
104	15630	0	1	2	3	4	5	6	7	8	27	#
105	15630	1	2	3	4	5	6	7	8	9	27	#
106	15630	2	3	4	5	6	7	8	9	10	27	#
107	15630	3	4	5	6	7	8	9	10	11	27	#
108	15630	4	5	6	7	8	9	10	11	12	27	#
109	14427	5	6	7	8	9	10	11	12	13	27	#
110	13397	6	7	8	9	10	11	12	13	14	27	#
111	6224	0	1	2	3	4	5	28	#
112	6224	1	2	3	4	5	6	28	#
113	6224	2	3	4	5	6	7	28	#
114	5446	3	4	5	6	7	8	28	#
115	4357	4	5	6	7	8	9	28	#
116	4357	5	6	7	8	9	10	28	#
117	3631	6	7	8	9	10	11	28	#
118	3631	7	8	9	10	11	12	28	#
119	3112	8	9	10	11	12	13	28	#
120	3112	9	10	11	12	13	14	28	#
121	736	0	29	#
122	736	1	29	#
123	736	2	29	#
124	736	3	29	#
125	736	4	29	#
126	736	5	29	#
127	736	6	29	#
128	736	7	29	#
129	736	8	29	#
130	736	9	29	#
131	736	10	29	#
132	736	11	29	#
133	736	12	29	#
134	679	13	29	#
135	15856	0	1	2	3	4	5	6	7	8	9	30	#
136	15856	1	2	3	4	5	6	7	8	9	10	30	#
137	15856	2	3	4	5	6	7	8	9	10	11	30	#
138	3792	0	1	2	31	#
139	542	1	2	3	31	#
140	542	2	3	4	31	#
141	542	3	4	5	31	#
142	542	4	5	6	31	#
143	542	5	6	7	31	#
144	542	6	7	8	31	#
145	542	7	8	9	31	#
146	542	8	9	10	31	#
147	542	9	10	11	31	#
148	542	10	11	12	31	#
149	542	11	12	13	31	#
150	542	12	13	14	31	#
151	6863	0	1	2	3	4	5	6	32	#
152	6863	1	2	3	4	5	6	7	32	#
153	6863	2	3	4	5	6	7	8	32	#
154	6863	3	4	5	6	7	8	9	32	#
155	6863	4	5	6	7	8	9	10	32	#
156	6863	5	6	7	8	9	10	11	32	#
157	6291	6	7	8	9	10	11	12	32	#
158	5807	7	8	9	10	11	12	13	32	#
159	3736	0	1	2	3	33	#
160	3736	1	2	3	4	33	#
161	1150	2	3	4	5	33	#
162	1150	3	4	5	6	33	#
163	1150	4	5	6	7	33	#
164	1150	5	6	7	8	33	#
165	1150	6	7	8	9	33	#
166	1150	7	8	9	10	33	#
167	1150	8	9	10	11	33	#
168	1150	9	10	11	12	33	#
169	1150	10	11	12	13	33	#
170	895	0	34	#
171	895	1	34	#
172	895	2	34	#
173	895	3	34	#
174	895	4	34	#
175	512	5	34	#
176	512	6	34	#
177	512	7	34	#
178	358	8	34	#
179	358	9	34	#
180	358	10	34	#
181	9906	0	1	2	3	4	5	6	35	#
182	9906	1	2	3	4	5	6	7	35	#
183	9906	2	3	4	5	6	7	8	35	#
184	9906	3	4	5	6	7	8	9	35	#
185	9906	4	5	6	7	8	9	10	35	#
186	9906	5	6	7	8	9	10	11	35	#
187	9906	6	7	8	9	10	11	12	35	#
188	9906	7	8	9	10	11	12	13	35	#
189	9906	8	9	10	11	12	13	14	35	#
190	6249	0	1	2	3	36	#
191	6249	1	2	3	4	36	#
192	6249	2	3	4	5	36	#
193	6249	3	4	5	6	36	#
194	6249	4	5	6	7	36	#
195	6249	5	6	7	8	36	#
196	6249	6	7	8	9	36	#
197	6249	7	8	9	10	36	#
198	17702	0	1	2	3	4	5	6	7	8	9	37	#
199	17702	1	2	3	4	5	6	7	8	9	10	37	#
200	17702	2	3	4	5	6	7	8	9	10	11	37	#
201	17702	3	4	5	6	7	8	9	10	11	12	37	#
202	17702	4	5	6	7	8	9	10	11	12	13	37	#
203	17702	5	6	7	8	9	10	11	12	13	14	37	#
204	8781	0	1	2	3	4	38	#
205	8781	1	2	3	4	5	38	#
206	8781	2	3	4	5	6	38	#
207	8781	3	4	5	6	7	38	#
208	8781	4	5	6	7	8	38	#
209	5403	5	6	7	8	9	38	#
210	5403	6	7	8	9	10	38	#
211	5403	7	8	9	10	11	38	#
212	5403	8	9	10	11	12	38	#
213	5403	9	10	11	12	13	38	#
214	3668	0	1	2	3	39	#
215	3668	1	2	3	4	39	#
216	3668	2	3	4	5	39	#
217	3668	3	4	5	6	39	#
218	1693	4	5	6	7	39	#
219	1693	5	6	7	8	39	#
220	1693	6	7	8	9	39	#
221	1693	7	8	9	10	39	#
222	1693	8	9	10	11	39	#
223	1693	9	10	11	12	39	#
224	1693	10	11	12	13	39	#
225	1572	11	12	13	14	39	#
226	1425	0	40	#
227	1425	1	40	#
228	1425	2	40	#
229	1425	3	40	#
230	1425	4	40	#
231	1425	5	40	#
232	1425	6	40	#
233	1221	7	40	#
234	950	8	40	#
235	950	9	40	#
236	713	10	40	#
237	713	11	40	#
238	713	12	40	#
239	5318	0	1	2	3	4	41	#
240	5318	1	2	3	4	5	41	#
241	5318	2	3	4	5	6	41	#
242	5318	3	4	5	6	7	41	#
243	5318	4	5	6	7	8	41	#
244	5318	5	6	7	8	9	41	#
245	5318	6	7	8	9	10	41	#
246	5318	7	8	9	10	11	41	#
247	4178	8	9	10	11	12	41	#
248	4178	9	10	11	12	13	41	#
249	4178	10	11	12	13	14	41	#
250	16870	0	1	2	3	4	5	6	7	8	9	42	#
251	16870	1	2	3	4	5	6	7	8	9	10	42	#
252	16870	2	3	4	5	6	7	8	9	10	11	42	#
253	14274	3	4	5	6	7	8	9	10	11	12	42	#
254	14274	4	5	6	7	8	9	10	11	12	13	42	#
255	13255	5	6	7	8	9	10	11	12	13	14	42	#
256	4050	0	1	2	43	#
257	4050	1	2	3	43	#
258	4050	2	3	4	43	#
259	1157	3	4	5	43	#
260	1157	4	5	6	43	#
261	1157	5	6	7	43	#
262	1157	6	7	8	43	#
263	1157	7	8	9	43	#
264	1157	8	9	10	43	#
265	1157	9	10	11	43	#
266	1157	10	11	12	43	#
267	1157	11	12	13	43	#
268	1157	12	13	14	43	#
269	4837	0	1	2	44	#
270	4837	1	2	3	44	#
271	4837	2	3	4	44	#
272	4837	3	4	5	44	#
273	1016	0	45	#
274	1016	1	45	#
275	1016	2	45	#
276	1016	3	45	#
277	1016	4	45	#
278	1016	5	45	#
279	1016	6	45	#
280	1016	7	45	#
281	1016	8	45	#
282	1016	9	45	#
283	1016	10	45	#
284	1016	11	45	#
285	1016	12	45	#
286	516	0	46	#
287	516	1	46	#
288	516	2	46	#
289	344	3	46	#
290	258	4	46	#
291	115	5	46	#
292	115	6	46	#
293	115	7	46	#
294	115	8	46	#
295	115	9	46	#
296	20951	0	1	2	3	4	5	6	7	8	9	47	#
297	20951	1	2	3	4	5	6	7	8	9	10	47	#
298	20951	2	3	4	5	6	7	8	9	10	11	47	#
299	20951	3	4	5	6	7	8	9	10	11	12	47	#
300	20951	4	5	6	7	8	9	10	11	12	13	47	#
