%% File generated by CATS v.2.1Tue Aug 20 18:58:11 2019

%% The CATS webpage is http://robotics.stanford.edu/CATS

%% PARAMETER SETTINGS:
% Goods: 55; Bids: 550; Distribution: scheduling; Runs: 10; Seed: 1566345644
% Scheduling Distribution Parameters:
% max_length                = 10
% deviation                 = 0.500000
% prob_additional_deadline  = 0.700000
% additivity                = 0.200000



goods 55
bids 577
dummy 15

0	10503	0	1	2	3	4	5	55	#
1	10503	1	2	3	4	5	6	55	#
2	10503	2	3	4	5	6	7	55	#
3	10503	3	4	5	6	7	8	55	#
4	10503	4	5	6	7	8	9	55	#
5	10503	5	6	7	8	9	10	55	#
6	10503	6	7	8	9	10	11	55	#
7	10503	7	8	9	10	11	12	55	#
8	10503	8	9	10	11	12	13	55	#
9	10503	9	10	11	12	13	14	55	#
10	10503	10	11	12	13	14	15	55	#
11	10503	11	12	13	14	15	16	55	#
12	10503	12	13	14	15	16	17	55	#
13	10503	13	14	15	16	17	18	55	#
14	10503	14	15	16	17	18	19	55	#
15	10503	15	16	17	18	19	20	55	#
16	10503	16	17	18	19	20	21	55	#
17	10503	17	18	19	20	21	22	55	#
18	10503	18	19	20	21	22	23	55	#
19	10503	19	20	21	22	23	24	55	#
20	10503	20	21	22	23	24	25	55	#
21	10503	21	22	23	24	25	26	55	#
22	10503	22	23	24	25	26	27	55	#
23	10503	23	24	25	26	27	28	55	#
24	10503	24	25	26	27	28	29	55	#
25	10503	25	26	27	28	29	30	55	#
26	10503	26	27	28	29	30	31	55	#
27	10503	27	28	29	30	31	32	55	#
28	10503	28	29	30	31	32	33	55	#
29	10503	29	30	31	32	33	34	55	#
30	10503	30	31	32	33	34	35	55	#
31	10503	31	32	33	34	35	36	55	#
32	10503	32	33	34	35	36	37	55	#
33	10503	33	34	35	36	37	38	55	#
34	10503	34	35	36	37	38	39	55	#
35	10503	35	36	37	38	39	40	55	#
36	10503	36	37	38	39	40	41	55	#
37	10503	37	38	39	40	41	42	55	#
38	10503	38	39	40	41	42	43	55	#
39	10503	39	40	41	42	43	44	55	#
40	10503	40	41	42	43	44	45	55	#
41	10503	41	42	43	44	45	46	55	#
42	9860	42	43	44	45	46	47	55	#
43	9860	43	44	45	46	47	48	55	#
44	9860	44	45	46	47	48	49	55	#
45	9473	45	46	47	48	49	50	55	#
46	9473	46	47	48	49	50	51	55	#
47	9291	47	48	49	50	51	52	55	#
48	8947	48	49	50	51	52	53	55	#
49	8947	49	50	51	52	53	54	55	#
50	10177	0	1	2	3	4	56	#
51	10177	1	2	3	4	5	56	#
52	10177	2	3	4	5	6	56	#
53	10177	3	4	5	6	7	56	#
54	10177	4	5	6	7	8	56	#
55	10177	5	6	7	8	9	56	#
56	10177	6	7	8	9	10	56	#
57	10177	7	8	9	10	11	56	#
58	10177	8	9	10	11	12	56	#
59	10177	9	10	11	12	13	56	#
60	10177	10	11	12	13	14	56	#
61	10177	11	12	13	14	15	56	#
62	10177	12	13	14	15	16	56	#
63	10177	13	14	15	16	17	56	#
64	10177	14	15	16	17	18	56	#
65	10177	15	16	17	18	19	56	#
66	10177	16	17	18	19	20	56	#
67	10177	17	18	19	20	21	56	#
68	10177	18	19	20	21	22	56	#
69	10177	19	20	21	22	23	56	#
70	10177	20	21	22	23	24	56	#
71	10177	21	22	23	24	25	56	#
72	10177	22	23	24	25	26	56	#
73	10177	23	24	25	26	27	56	#
74	10177	24	25	26	27	28	56	#
75	10177	25	26	27	28	29	56	#
76	10177	26	27	28	29	30	56	#
77	10177	27	28	29	30	31	56	#
78	10177	28	29	30	31	32	56	#
79	10177	29	30	31	32	33	56	#
80	10177	30	31	32	33	34	56	#
81	10177	31	32	33	34	35	56	#
82	10177	32	33	34	35	36	56	#
83	10177	33	34	35	36	37	56	#
84	10177	34	35	36	37	38	56	#
85	10177	35	36	37	38	39	56	#
86	10177	36	37	38	39	40	56	#
87	10177	37	38	39	40	41	56	#
88	10177	38	39	40	41	42	56	#
89	10177	39	40	41	42	43	56	#
90	10177	40	41	42	43	44	56	#
91	10177	41	42	43	44	45	56	#
92	10177	42	43	44	45	46	56	#
93	10177	43	44	45	46	47	56	#
94	10177	44	45	46	47	48	56	#
95	10177	45	46	47	48	49	56	#
96	10177	46	47	48	49	50	56	#
97	10177	47	48	49	50	51	56	#
98	10177	48	49	50	51	52	56	#
99	3152	0	1	2	3	57	#
100	3152	1	2	3	4	57	#
101	3152	2	3	4	5	57	#
102	3152	3	4	5	6	57	#
103	3152	4	5	6	7	57	#
104	3152	5	6	7	8	57	#
105	3152	6	7	8	9	57	#
106	3152	7	8	9	10	57	#
107	3152	8	9	10	11	57	#
108	3152	9	10	11	12	57	#
109	1261	10	11	12	13	57	#
110	1261	11	12	13	14	57	#
111	1261	12	13	14	15	57	#
112	1261	13	14	15	16	57	#
113	1261	14	15	16	17	57	#
114	1261	15	16	17	18	57	#
115	1261	16	17	18	19	57	#
116	1261	17	18	19	20	57	#
117	1261	18	19	20	21	57	#
118	1261	19	20	21	22	57	#
119	1261	20	21	22	23	57	#
120	1261	21	22	23	24	57	#
121	1261	22	23	24	25	57	#
122	1261	23	24	25	26	57	#
123	1261	24	25	26	27	57	#
124	1261	25	26	27	28	57	#
125	1261	26	27	28	29	57	#
126	1261	27	28	29	30	57	#
127	8703	0	1	2	3	4	5	58	#
128	8703	1	2	3	4	5	6	58	#
129	2486	2	3	4	5	6	7	58	#
130	2486	3	4	5	6	7	8	58	#
131	2486	4	5	6	7	8	9	58	#
132	2486	5	6	7	8	9	10	58	#
133	2486	6	7	8	9	10	11	58	#
134	2486	7	8	9	10	11	12	58	#
135	2486	8	9	10	11	12	13	58	#
136	2486	9	10	11	12	13	14	58	#
137	2486	10	11	12	13	14	15	58	#
138	2486	11	12	13	14	15	16	58	#
139	2486	12	13	14	15	16	17	58	#
140	2486	13	14	15	16	17	18	58	#
141	2486	14	15	16	17	18	19	58	#
142	2486	15	16	17	18	19	20	58	#
143	2486	16	17	18	19	20	21	58	#
144	1741	17	18	19	20	21	22	58	#
145	1741	18	19	20	21	22	23	58	#
146	1741	19	20	21	22	23	24	58	#
147	1741	20	21	22	23	24	25	58	#
148	1741	21	22	23	24	25	26	58	#
149	1741	22	23	24	25	26	27	58	#
150	1741	23	24	25	26	27	28	58	#
151	1741	24	25	26	27	28	29	58	#
152	1741	25	26	27	28	29	30	58	#
153	19263	0	1	2	3	4	5	6	7	8	59	#
154	19263	1	2	3	4	5	6	7	8	9	59	#
155	19263	2	3	4	5	6	7	8	9	10	59	#
156	19263	3	4	5	6	7	8	9	10	11	59	#
157	19263	4	5	6	7	8	9	10	11	12	59	#
158	19263	5	6	7	8	9	10	11	12	13	59	#
159	19263	6	7	8	9	10	11	12	13	14	59	#
160	19263	7	8	9	10	11	12	13	14	15	59	#
161	19263	8	9	10	11	12	13	14	15	16	59	#
162	19263	9	10	11	12	13	14	15	16	17	59	#
163	19263	10	11	12	13	14	15	16	17	18	59	#
164	19263	11	12	13	14	15	16	17	18	19	59	#
165	19263	12	13	14	15	16	17	18	19	20	59	#
166	19263	13	14	15	16	17	18	19	20	21	59	#
167	19263	14	15	16	17	18	19	20	21	22	59	#
168	19263	15	16	17	18	19	20	21	22	23	59	#
169	19263	16	17	18	19	20	21	22	23	24	59	#
170	19263	17	18	19	20	21	22	23	24	25	59	#
171	19263	18	19	20	21	22	23	24	25	26	59	#
172	19263	19	20	21	22	23	24	25	26	27	59	#
173	19263	20	21	22	23	24	25	26	27	28	59	#
174	19263	21	22	23	24	25	26	27	28	29	59	#
175	19263	22	23	24	25	26	27	28	29	30	59	#
176	19263	23	24	25	26	27	28	29	30	31	59	#
177	19263	24	25	26	27	28	29	30	31	32	59	#
178	19263	25	26	27	28	29	30	31	32	33	59	#
179	19263	26	27	28	29	30	31	32	33	34	59	#
180	19263	27	28	29	30	31	32	33	34	35	59	#
181	19263	28	29	30	31	32	33	34	35	36	59	#
182	19263	29	30	31	32	33	34	35	36	37	59	#
183	19263	30	31	32	33	34	35	36	37	38	59	#
184	19263	31	32	33	34	35	36	37	38	39	59	#
185	19263	32	33	34	35	36	37	38	39	40	59	#
186	19263	33	34	35	36	37	38	39	40	41	59	#
187	19263	34	35	36	37	38	39	40	41	42	59	#
188	19263	35	36	37	38	39	40	41	42	43	59	#
189	19263	36	37	38	39	40	41	42	43	44	59	#
190	19263	37	38	39	40	41	42	43	44	45	59	#
191	19263	38	39	40	41	42	43	44	45	46	59	#
192	19263	39	40	41	42	43	44	45	46	47	59	#
193	19263	40	41	42	43	44	45	46	47	48	59	#
194	19263	41	42	43	44	45	46	47	48	49	59	#
195	19263	42	43	44	45	46	47	48	49	50	59	#
196	19263	43	44	45	46	47	48	49	50	51	59	#
197	19263	44	45	46	47	48	49	50	51	52	59	#
198	19263	45	46	47	48	49	50	51	52	53	59	#
199	19263	46	47	48	49	50	51	52	53	54	59	#
200	13875	0	1	2	3	4	5	6	60	#
201	13875	1	2	3	4	5	6	7	60	#
202	13875	2	3	4	5	6	7	8	60	#
203	13875	3	4	5	6	7	8	9	60	#
204	13875	4	5	6	7	8	9	10	60	#
205	13875	5	6	7	8	9	10	11	60	#
206	13875	6	7	8	9	10	11	12	60	#
207	13875	7	8	9	10	11	12	13	60	#
208	13875	8	9	10	11	12	13	14	60	#
209	13875	9	10	11	12	13	14	15	60	#
210	13875	10	11	12	13	14	15	16	60	#
211	13875	11	12	13	14	15	16	17	60	#
212	13875	12	13	14	15	16	17	18	60	#
213	13875	13	14	15	16	17	18	19	60	#
214	13875	14	15	16	17	18	19	20	60	#
215	13875	15	16	17	18	19	20	21	60	#
216	13875	16	17	18	19	20	21	22	60	#
217	13875	17	18	19	20	21	22	23	60	#
218	13875	18	19	20	21	22	23	24	60	#
219	13875	19	20	21	22	23	24	25	60	#
220	13875	20	21	22	23	24	25	26	60	#
221	13875	21	22	23	24	25	26	27	60	#
222	13875	22	23	24	25	26	27	28	60	#
223	13875	23	24	25	26	27	28	29	60	#
224	13875	24	25	26	27	28	29	30	60	#
225	13875	25	26	27	28	29	30	31	60	#
226	13875	26	27	28	29	30	31	32	60	#
227	13875	27	28	29	30	31	32	33	60	#
228	13875	28	29	30	31	32	33	34	60	#
229	13875	29	30	31	32	33	34	35	60	#
230	13875	30	31	32	33	34	35	36	60	#
231	13875	31	32	33	34	35	36	37	60	#
232	13875	32	33	34	35	36	37	38	60	#
233	13875	33	34	35	36	37	38	39	60	#
234	13875	34	35	36	37	38	39	40	60	#
235	13875	35	36	37	38	39	40	41	60	#
236	13875	36	37	38	39	40	41	42	60	#
237	13875	37	38	39	40	41	42	43	60	#
238	13875	38	39	40	41	42	43	44	60	#
239	13875	39	40	41	42	43	44	45	60	#
240	13007	40	41	42	43	44	45	46	60	#
241	13007	41	42	43	44	45	46	47	60	#
242	13007	42	43	44	45	46	47	48	60	#
243	12742	43	44	45	46	47	48	49	60	#
244	12007	44	45	46	47	48	49	50	60	#
245	12007	45	46	47	48	49	50	51	60	#
246	12007	46	47	48	49	50	51	52	60	#
247	713	0	61	#
248	713	1	61	#
249	713	2	61	#
250	713	3	61	#
251	713	4	61	#
252	713	5	61	#
253	2554	0	1	62	#
254	2554	1	2	62	#
255	2554	2	3	62	#
256	2554	3	4	62	#
257	217	4	5	62	#
258	217	5	6	62	#
259	217	6	7	62	#
260	217	7	8	62	#
261	217	8	9	62	#
262	217	9	10	62	#
263	217	10	11	62	#
264	217	11	12	62	#
265	217	12	13	62	#
266	217	13	14	62	#
267	217	14	15	62	#
268	217	15	16	62	#
269	217	16	17	62	#
270	217	17	18	62	#
271	217	18	19	62	#
272	217	19	20	62	#
273	217	20	21	62	#
274	217	21	22	62	#
275	217	22	23	62	#
276	217	23	24	62	#
277	217	24	25	62	#
278	217	25	26	62	#
279	217	26	27	62	#
280	217	27	28	62	#
281	217	28	29	62	#
282	217	29	30	62	#
283	217	30	31	62	#
284	217	31	32	62	#
285	217	32	33	62	#
286	217	33	34	62	#
287	217	34	35	62	#
288	217	35	36	62	#
289	217	36	37	62	#
290	217	37	38	62	#
291	217	38	39	62	#
292	217	39	40	62	#
293	217	40	41	62	#
294	217	41	42	62	#
295	217	42	43	62	#
296	217	43	44	62	#
297	217	44	45	62	#
298	217	45	46	62	#
299	217	46	47	62	#
300	12543	0	1	2	3	4	5	6	7	8	9	63	#
301	12543	1	2	3	4	5	6	7	8	9	10	63	#
302	12543	2	3	4	5	6	7	8	9	10	11	63	#
303	12543	3	4	5	6	7	8	9	10	11	12	63	#
304	12543	4	5	6	7	8	9	10	11	12	13	63	#
305	12543	5	6	7	8	9	10	11	12	13	14	63	#
306	5854	6	7	8	9	10	11	12	13	14	15	63	#
307	5854	7	8	9	10	11	12	13	14	15	16	63	#
308	5854	8	9	10	11	12	13	14	15	16	17	63	#
309	5854	9	10	11	12	13	14	15	16	17	18	63	#
310	5854	10	11	12	13	14	15	16	17	18	19	63	#
311	5854	11	12	13	14	15	16	17	18	19	20	63	#
312	5854	12	13	14	15	16	17	18	19	20	21	63	#
313	5854	13	14	15	16	17	18	19	20	21	22	63	#
314	5854	14	15	16	17	18	19	20	21	22	23	63	#
315	5854	15	16	17	18	19	20	21	22	23	24	63	#
316	5854	16	17	18	19	20	21	22	23	24	25	63	#
317	5854	17	18	19	20	21	22	23	24	25	26	63	#
318	5854	18	19	20	21	22	23	24	25	26	27	63	#
319	5854	19	20	21	22	23	24	25	26	27	28	63	#
320	5854	20	21	22	23	24	25	26	27	28	29	63	#
321	5854	21	22	23	24	25	26	27	28	29	30	63	#
322	3991	22	23	24	25	26	27	28	29	30	31	63	#
323	3991	23	24	25	26	27	28	29	30	31	32	63	#
324	3991	24	25	26	27	28	29	30	31	32	33	63	#
325	3991	25	26	27	28	29	30	31	32	33	34	63	#
326	3991	26	27	28	29	30	31	32	33	34	35	63	#
327	3991	27	28	29	30	31	32	33	34	35	36	63	#
328	3991	28	29	30	31	32	33	34	35	36	37	63	#
329	3991	29	30	31	32	33	34	35	36	37	38	63	#
330	3991	30	31	32	33	34	35	36	37	38	39	63	#
331	3991	31	32	33	34	35	36	37	38	39	40	63	#
332	3991	32	33	34	35	36	37	38	39	40	41	63	#
333	3991	33	34	35	36	37	38	39	40	41	42	63	#
334	3991	34	35	36	37	38	39	40	41	42	43	63	#
335	3991	35	36	37	38	39	40	41	42	43	44	63	#
336	3944	0	1	2	3	64	#
337	3944	1	2	3	4	64	#
338	3944	2	3	4	5	64	#
339	3944	3	4	5	6	64	#
340	3944	4	5	6	7	64	#
341	3944	5	6	7	8	64	#
342	3944	6	7	8	9	64	#
343	3944	7	8	9	10	64	#
344	3944	8	9	10	11	64	#
345	3944	9	10	11	12	64	#
346	3944	10	11	12	13	64	#
347	3944	11	12	13	14	64	#
348	3944	12	13	14	15	64	#
349	3944	13	14	15	16	64	#
350	3944	14	15	16	17	64	#
351	3944	15	16	17	18	64	#
352	3944	16	17	18	19	64	#
353	3944	17	18	19	20	64	#
354	3944	18	19	20	21	64	#
355	3944	19	20	21	22	64	#
356	3944	20	21	22	23	64	#
357	3944	21	22	23	24	64	#
358	3944	22	23	24	25	64	#
359	3944	23	24	25	26	64	#
360	3944	24	25	26	27	64	#
361	3944	25	26	27	28	64	#
362	3944	26	27	28	29	64	#
363	3944	27	28	29	30	64	#
364	3944	28	29	30	31	64	#
365	3944	29	30	31	32	64	#
366	3944	30	31	32	33	64	#
367	3944	31	32	33	34	64	#
368	3944	32	33	34	35	64	#
369	3944	33	34	35	36	64	#
370	3944	34	35	36	37	64	#
371	3944	35	36	37	38	64	#
372	3944	36	37	38	39	64	#
373	3944	37	38	39	40	64	#
374	3944	38	39	40	41	64	#
375	3944	39	40	41	42	64	#
376	3944	40	41	42	43	64	#
377	3944	41	42	43	44	64	#
378	3944	42	43	44	45	64	#
379	3944	43	44	45	46	64	#
380	3944	44	45	46	47	64	#
381	3944	45	46	47	48	64	#
382	3944	46	47	48	49	64	#
383	3579	47	48	49	50	64	#
384	3579	48	49	50	51	64	#
385	3579	49	50	51	52	64	#
386	3579	50	51	52	53	64	#
387	3579	51	52	53	54	64	#
388	3034	0	1	2	3	65	#
389	3034	1	2	3	4	65	#
390	3034	2	3	4	5	65	#
391	3034	3	4	5	6	65	#
392	3034	4	5	6	7	65	#
393	3034	5	6	7	8	65	#
394	3034	6	7	8	9	65	#
395	3034	7	8	9	10	65	#
396	3034	8	9	10	11	65	#
397	3034	9	10	11	12	65	#
398	3034	10	11	12	13	65	#
399	897	11	12	13	14	65	#
400	897	12	13	14	15	65	#
401	897	13	14	15	16	65	#
402	897	14	15	16	17	65	#
403	897	15	16	17	18	65	#
404	897	16	17	18	19	65	#
405	897	17	18	19	20	65	#
406	897	18	19	20	21	65	#
407	897	19	20	21	22	65	#
408	897	20	21	22	23	65	#
409	897	21	22	23	24	65	#
410	897	22	23	24	25	65	#
411	897	23	24	25	26	65	#
412	897	24	25	26	27	65	#
413	897	25	26	27	28	65	#
414	897	26	27	28	29	65	#
415	897	27	28	29	30	65	#
416	897	28	29	30	31	65	#
417	897	29	30	31	32	65	#
418	897	30	31	32	33	65	#
419	897	31	32	33	34	65	#
420	897	32	33	34	35	65	#
421	897	33	34	35	36	65	#
422	897	34	35	36	37	65	#
423	897	35	36	37	38	65	#
424	897	36	37	38	39	65	#
425	897	37	38	39	40	65	#
426	897	38	39	40	41	65	#
427	897	39	40	41	42	65	#
428	897	40	41	42	43	65	#
429	897	41	42	43	44	65	#
430	6581	0	1	2	3	4	5	6	7	66	#
431	6581	1	2	3	4	5	6	7	8	66	#
432	6581	2	3	4	5	6	7	8	9	66	#
433	6581	3	4	5	6	7	8	9	10	66	#
434	6581	4	5	6	7	8	9	10	11	66	#
435	6581	5	6	7	8	9	10	11	12	66	#
436	6581	6	7	8	9	10	11	12	13	66	#
437	6581	7	8	9	10	11	12	13	14	66	#
438	6581	8	9	10	11	12	13	14	15	66	#
439	6581	9	10	11	12	13	14	15	16	66	#
440	6581	10	11	12	13	14	15	16	17	66	#
441	6581	11	12	13	14	15	16	17	18	66	#
442	6581	12	13	14	15	16	17	18	19	66	#
443	6581	13	14	15	16	17	18	19	20	66	#
444	6581	14	15	16	17	18	19	20	21	66	#
445	6581	15	16	17	18	19	20	21	22	66	#
446	6581	16	17	18	19	20	21	22	23	66	#
447	6581	17	18	19	20	21	22	23	24	66	#
448	4269	18	19	20	21	22	23	24	25	66	#
449	4269	19	20	21	22	23	24	25	26	66	#
450	4269	20	21	22	23	24	25	26	27	66	#
451	4269	21	22	23	24	25	26	27	28	66	#
452	4269	22	23	24	25	26	27	28	29	66	#
453	4269	23	24	25	26	27	28	29	30	66	#
454	4269	24	25	26	27	28	29	30	31	66	#
455	4269	25	26	27	28	29	30	31	32	66	#
456	4269	26	27	28	29	30	31	32	33	66	#
457	4269	27	28	29	30	31	32	33	34	66	#
458	4269	28	29	30	31	32	33	34	35	66	#
459	4269	29	30	31	32	33	34	35	36	66	#
460	4269	30	31	32	33	34	35	36	37	66	#
461	3760	31	32	33	34	35	36	37	38	66	#
462	3760	32	33	34	35	36	37	38	39	66	#
463	3760	33	34	35	36	37	38	39	40	66	#
464	3760	34	35	36	37	38	39	40	41	66	#
465	3760	35	36	37	38	39	40	41	42	66	#
466	3360	36	37	38	39	40	41	42	43	66	#
467	3360	37	38	39	40	41	42	43	44	66	#
468	3360	38	39	40	41	42	43	44	45	66	#
469	3360	39	40	41	42	43	44	45	46	66	#
470	3360	40	41	42	43	44	45	46	47	66	#
471	3037	41	42	43	44	45	46	47	48	66	#
472	3037	42	43	44	45	46	47	48	49	66	#
473	3037	43	44	45	46	47	48	49	50	66	#
474	3037	44	45	46	47	48	49	50	51	66	#
475	3037	45	46	47	48	49	50	51	52	66	#
476	2980	46	47	48	49	50	51	52	53	66	#
477	2925	47	48	49	50	51	52	53	54	66	#
478	947	0	67	#
479	947	1	67	#
480	947	2	67	#
481	947	3	67	#
482	947	4	67	#
483	947	5	67	#
484	947	6	67	#
485	947	7	67	#
486	947	8	67	#
487	947	9	67	#
488	13845	0	1	2	3	4	5	6	68	#
489	13845	1	2	3	4	5	6	7	68	#
490	13845	2	3	4	5	6	7	8	68	#
491	13845	3	4	5	6	7	8	9	68	#
492	13845	4	5	6	7	8	9	10	68	#
493	13845	5	6	7	8	9	10	11	68	#
494	13845	6	7	8	9	10	11	12	68	#
495	13845	7	8	9	10	11	12	13	68	#
496	13845	8	9	10	11	12	13	14	68	#
497	13845	9	10	11	12	13	14	15	68	#
498	13845	10	11	12	13	14	15	16	68	#
499	13845	11	12	13	14	15	16	17	68	#
500	13845	12	13	14	15	16	17	18	68	#
501	13845	13	14	15	16	17	18	19	68	#
502	13845	14	15	16	17	18	19	20	68	#
503	13845	15	16	17	18	19	20	21	68	#
504	13845	16	17	18	19	20	21	22	68	#
505	13845	17	18	19	20	21	22	23	68	#
506	13845	18	19	20	21	22	23	24	68	#
507	13845	19	20	21	22	23	24	25	68	#
508	13845	20	21	22	23	24	25	26	68	#
509	13845	21	22	23	24	25	26	27	68	#
510	13845	22	23	24	25	26	27	28	68	#
511	13845	23	24	25	26	27	28	29	68	#
512	13845	24	25	26	27	28	29	30	68	#
513	13845	25	26	27	28	29	30	31	68	#
514	13845	26	27	28	29	30	31	32	68	#
515	13845	27	28	29	30	31	32	33	68	#
516	13845	28	29	30	31	32	33	34	68	#
517	13845	29	30	31	32	33	34	35	68	#
518	13845	30	31	32	33	34	35	36	68	#
519	13845	31	32	33	34	35	36	37	68	#
520	13845	32	33	34	35	36	37	38	68	#
521	13845	33	34	35	36	37	38	39	68	#
522	13845	34	35	36	37	38	39	40	68	#
523	13845	35	36	37	38	39	40	41	68	#
524	13845	36	37	38	39	40	41	42	68	#
525	13845	37	38	39	40	41	42	43	68	#
526	13845	38	39	40	41	42	43	44	68	#
527	13845	39	40	41	42	43	44	45	68	#
528	13845	40	41	42	43	44	45	46	68	#
529	13845	41	42	43	44	45	46	47	68	#
530	13845	42	43	44	45	46	47	48	68	#
531	8846	0	1	2	3	4	5	6	7	8	9	69	#
532	8846	1	2	3	4	5	6	7	8	9	10	69	#
533	8846	2	3	4	5	6	7	8	9	10	11	69	#
534	8846	3	4	5	6	7	8	9	10	11	12	69	#
535	8846	4	5	6	7	8	9	10	11	12	13	69	#
536	8846	5	6	7	8	9	10	11	12	13	14	69	#
537	8846	6	7	8	9	10	11	12	13	14	15	69	#
538	8846	7	8	9	10	11	12	13	14	15	16	69	#
539	8846	8	9	10	11	12	13	14	15	16	17	69	#
540	8846	9	10	11	12	13	14	15	16	17	18	69	#
541	8846	10	11	12	13	14	15	16	17	18	19	69	#
542	8846	11	12	13	14	15	16	17	18	19	20	69	#
543	8846	12	13	14	15	16	17	18	19	20	21	69	#
544	8846	13	14	15	16	17	18	19	20	21	22	69	#
545	8846	14	15	16	17	18	19	20	21	22	23	69	#
546	8846	15	16	17	18	19	20	21	22	23	24	69	#
547	8846	16	17	18	19	20	21	22	23	24	25	69	#
548	8846	17	18	19	20	21	22	23	24	25	26	69	#
549	8846	18	19	20	21	22	23	24	25	26	27	69	#
550	8846	19	20	21	22	23	24	25	26	27	28	69	#
551	8846	20	21	22	23	24	25	26	27	28	29	69	#
552	8846	21	22	23	24	25	26	27	28	29	30	69	#
553	6984	22	23	24	25	26	27	28	29	30	31	69	#
554	6984	23	24	25	26	27	28	29	30	31	32	69	#
555	6984	24	25	26	27	28	29	30	31	32	33	69	#
556	6984	25	26	27	28	29	30	31	32	33	34	69	#
557	6984	26	27	28	29	30	31	32	33	34	35	69	#
558	6984	27	28	29	30	31	32	33	34	35	36	69	#
559	6984	28	29	30	31	32	33	34	35	36	37	69	#
560	6984	29	30	31	32	33	34	35	36	37	38	69	#
561	5204	30	31	32	33	34	35	36	37	38	39	69	#
562	5204	31	32	33	34	35	36	37	38	39	40	69	#
563	5204	32	33	34	35	36	37	38	39	40	41	69	#
564	5204	33	34	35	36	37	38	39	40	41	42	69	#
565	5204	34	35	36	37	38	39	40	41	42	43	69	#
566	5204	35	36	37	38	39	40	41	42	43	44	69	#
567	5204	36	37	38	39	40	41	42	43	44	45	69	#
568	5204	37	38	39	40	41	42	43	44	45	46	69	#
569	5204	38	39	40	41	42	43	44	45	46	47	69	#
570	5204	39	40	41	42	43	44	45	46	47	48	69	#
571	5204	40	41	42	43	44	45	46	47	48	49	69	#
572	5204	41	42	43	44	45	46	47	48	49	50	69	#
573	5204	42	43	44	45	46	47	48	49	50	51	69	#
574	5104	43	44	45	46	47	48	49	50	51	52	69	#
575	4915	44	45	46	47	48	49	50	51	52	53	69	#
576	4915	45	46	47	48	49	50	51	52	53	54	69	#
