%% File generated by CATS v.2.1Tue Aug 20 18:54:44 2019

%% The CATS webpage is http://robotics.stanford.edu/CATS

%% PARAMETER SETTINGS:
% Goods: 15; Bids: 600; Distribution: regions-npv; Runs: 10; Seed: 1566344650
% Regions Distribution Parameters:
% Max Substitutable Bids = 5
% Removing HV Neighbor   = 0.1
% Adding DIAG Neighbor   = 0.2
% Additional Location    = 0.9
% Jump Probability       = 0.05
% Additivity             = 0.2
% Budget Factor          = 1.5
% Resale Factor          = 0.5
% Normal Private Value:
%   Mean                 = 0
%   Standard Deviation   = 30



goods 15
bids 603
dummy 124

0	44891	13	#
1	36117	13	#
2	364863	4	0	5	2	8	1	15	#
3	494749	4	5	0	1	7	8	15	#
4	476977	5	8	7	4	11	3	15	#
5	392271	8	5	4	3	7	2	15	#
6	382052	2	5	4	10	0	7	15	#
7	375742	0	1	2	4	7	5	15	#
8	675795	8	7	6	4	5	0	3	2	1	16	#
9	721145	5	8	2	7	4	0	1	3	14	16	#
10	310361	7	4	5	8	2	17	#
11	339179	4	5	2	0	7	17	#
12	339090	5	4	7	6	0	17	#
13	284408	8	7	6	5	2	17	#
14	280260	7	4	3	8	5	17	#
15	275079	2	5	1	8	4	17	#
16	454518	1	0	2	4	3	7	8	5	6	18	#
17	594031	5	4	0	1	7	11	8	2	3	18	#
18	448508	3	4	0	14	7	5	1	6	2	18	#
19	335039	2	5	4	1	3	6	0	8	7	19	#
20	387624	1	2	5	4	0	3	9	6	7	19	#
21	340950	4	7	5	8	2	11	6	1	3	19	#
22	245573	5	4	0	20	#
23	262722	0	4	1	20	#
24	185079	4	3	6	20	#
25	130204	5	4	2	20	#
26	30786	13	#
27	139475	9	#
28	726708	4	0	3	5	7	6	8	9	1	2	21	#
29	827991	9	12	14	2	5	1	8	4	7	0	21	#
30	808965	3	4	9	6	7	0	8	1	5	14	21	#
31	723641	1	0	2	4	5	8	3	6	7	11	21	#
32	707463	2	1	5	4	7	8	0	6	3	14	21	#
33	691035	7	4	5	8	0	2	1	6	3	12	21	#
34	103988	9	#
35	74359	14	#
36	358260	7	8	6	5	3	4	0	1	2	22	#
37	469918	6	3	7	4	0	8	5	12	1	22	#
38	385955	6	7	3	4	0	5	2	1	8	12	23	#
39	450398	5	2	8	1	7	0	6	3	4	14	23	#
40	440909	12	11	9	8	5	2	7	6	3	4	23	#
41	412584	7	8	6	3	4	0	5	2	1	9	23	#
42	375361	8	7	6	3	4	0	1	5	2	10	23	#
43	364775	0	4	3	5	7	2	11	6	1	8	23	#
44	107656	9	13	24	#
45	79933	9	2	24	#
46	162522	2	5	25	#
47	159377	2	1	25	#
48	57981	11	#
49	310681	6	3	4	5	8	7	26	#
50	326729	6	3	4	0	7	8	26	#
51	302599	5	8	7	2	1	0	26	#
52	738438	2	5	1	4	13	0	3	6	8	12	7	11	27	#
53	786852	4	3	1	2	0	6	5	7	8	10	12	9	27	#
54	697321	5	2	8	6	14	9	4	0	1	3	7	10	27	#
55	693588	13	7	6	3	4	0	1	12	2	5	14	8	27	#
56	684656	8	5	4	2	7	6	0	1	3	14	9	13	27	#
57	661570	11	14	7	6	4	5	0	1	2	3	8	10	27	#
58	669960	9	3	4	6	0	7	5	8	2	1	28	#
59	619755	4	0	5	8	1	2	3	7	6	10	28	#
60	601814	7	5	4	8	6	3	0	1	2	14	28	#
61	592922	8	7	5	4	3	0	2	1	6	13	28	#
62	545607	0	1	4	5	3	8	7	2	6	12	28	#
63	150684	13	9	29	#
64	224784	9	11	29	#
65	12919	13	5	29	#
66	544314	1	2	5	4	8	3	7	30	#
67	617793	4	3	0	7	5	8	1	30	#
68	581780	7	4	0	8	6	5	3	30	#
69	557985	2	1	5	0	4	7	8	30	#
70	508301	5	8	7	6	4	3	2	30	#
71	471165	1	0	4	7	3	6	2	30	#
72	546974	8	5	2	4	0	3	9	1	7	6	31	#
73	599397	9	0	1	4	5	2	13	8	7	6	31	#
74	577331	5	2	8	4	1	7	3	0	6	11	31	#
75	550315	2	1	5	8	7	0	4	6	3	12	31	#
76	539680	4	0	5	8	2	1	3	7	6	10	31	#
77	271640	0	4	7	8	32	#
78	229296	4	5	3	0	32	#
79	226882	0	4	7	5	32	#
80	185915	8	7	5	6	32	#
81	185895	7	6	4	3	32	#
82	596309	0	1	2	4	5	8	7	6	3	11	10	33	#
83	649168	8	7	5	4	0	1	2	3	6	9	11	33	#
84	644588	4	5	3	12	6	0	7	1	2	8	14	33	#
85	641629	5	4	0	8	7	6	1	2	3	9	10	33	#
86	618449	7	6	3	4	5	0	8	1	2	14	11	33	#
87	610910	10	14	7	4	0	8	3	5	2	6	1	33	#
88	61764	12	#
89	39184	2	13	#
90	709936	1	2	0	5	8	4	3	7	6	12	34	#
91	864786	12	11	2	1	0	4	10	3	5	7	34	#
92	684149	0	1	4	7	6	3	8	5	2	11	34	#
93	681684	6	7	8	5	3	2	1	4	0	9	34	#
94	670577	2	1	5	4	3	6	0	7	8	10	34	#
95	667825	3	4	7	6	5	14	2	8	0	1	34	#
96	521206	3	4	0	1	6	5	7	2	8	13	9	35	#
97	605815	0	1	4	3	2	6	7	8	5	11	9	35	#
98	598767	1	0	2	5	4	7	8	6	3	12	11	35	#
99	584865	3	6	7	4	8	0	5	1	2	11	10	35	#
100	583995	8	5	9	7	4	2	1	6	0	3	12	35	#
101	556748	6	3	4	5	2	8	0	7	1	10	14	35	#
102	476771	5	2	4	7	8	3	6	1	0	13	36	#
103	574872	8	7	4	6	3	5	0	1	2	10	36	#
104	562001	1	2	11	5	0	8	4	3	6	7	36	#
105	502498	5	2	1	0	8	4	3	7	6	14	36	#
106	118343	8	5	37	#
107	144996	8	7	37	#
108	51813	5	2	37	#
109	469368	7	4	0	3	8	5	38	#
110	501160	0	4	1	5	7	8	38	#
111	453300	4	7	0	5	3	6	38	#
112	416451	5	8	7	4	0	6	38	#
113	407985	7	6	4	8	0	3	38	#
114	383217	8	7	5	6	4	3	38	#
115	163770	6	7	3	8	39	#
116	245347	7	4	3	5	39	#
117	192110	3	4	7	0	39	#
118	180088	6	7	4	8	39	#
119	52315	10	#
120	224519	2	5	1	4	3	40	#
121	262473	5	4	7	6	3	40	#
122	260362	3	6	4	0	7	40	#
123	189608	4	7	2	6	5	40	#
124	181254	1	2	0	5	8	40	#
125	148607	2	1	5	8	4	40	#
126	21263	13	#
127	124079	1	2	#
128	492016	7	8	4	3	0	6	5	2	1	41	#
129	580001	6	3	4	5	0	7	8	2	12	41	#
130	492568	4	0	11	1	2	5	7	6	8	41	#
131	447328	7	8	4	0	5	1	6	10	2	41	#
132	78002	14	#
133	624193	6	7	3	4	5	8	14	0	1	2	12	42	#
134	827670	3	6	4	5	0	7	8	1	2	11	10	42	#
135	789162	7	4	8	6	5	3	0	2	1	11	9	42	#
136	751064	2	1	0	4	5	8	7	3	6	10	9	42	#
137	744988	0	14	4	7	5	1	2	8	6	3	11	42	#
138	706875	8	5	2	4	7	0	1	6	3	12	10	42	#
139	75490	11	#
140	138796	12	#
141	18722	13	#
142	320847	7	4	8	0	43	#
143	299753	7	4	0	5	43	#
144	292394	4	0	7	6	43	#
145	291377	0	1	4	8	43	#
146	264613	8	5	1	0	43	#
147	72874	6	3	44	#
148	99003	3	4	44	#
149	371406	7	8	6	4	5	3	2	45	#
150	422901	8	0	5	4	1	7	2	45	#
151	420970	6	7	4	3	0	1	5	45	#
152	398710	4	7	0	1	6	3	2	45	#
153	398568	5	7	6	8	3	2	1	45	#
154	394682	3	4	6	7	8	0	5	45	#
155	240793	2	1	5	0	4	46	#
156	353026	5	4	7	3	0	46	#
157	342007	2	5	4	7	8	46	#
158	341864	4	3	7	8	6	46	#
159	318520	0	4	7	1	3	46	#
160	488202	2	1	0	4	7	5	8	3	6	47	#
161	567166	6	7	8	3	11	4	0	5	2	47	#
162	551066	5	8	9	7	2	1	4	6	3	47	#
163	379800	8	7	4	0	1	48	#
164	471402	4	0	5	8	7	48	#
165	391144	1	2	5	10	0	48	#
166	373759	0	4	1	3	5	48	#
167	335223	7	8	5	4	2	48	#
168	362238	14	5	4	8	2	7	0	49	#
169	373643	5	4	7	3	6	8	0	49	#
170	371743	14	12	0	1	2	4	5	49	#
171	370958	2	12	1	5	4	8	7	49	#
172	359808	8	5	2	1	4	9	3	49	#
173	342633	0	1	2	5	4	8	7	49	#
174	327548	0	4	7	3	50	#
175	332189	7	4	0	8	50	#
176	263708	4	7	3	6	50	#
177	258087	0	4	1	3	50	#
178	223445	3	6	4	5	50	#
179	369833	6	3	7	8	4	0	5	1	2	51	#
180	452376	5	4	8	3	9	7	6	2	0	51	#
181	404937	1	2	0	4	3	7	6	10	5	51	#
182	398607	0	1	4	2	7	8	11	3	6	51	#
183	163917	4	7	52	#
184	171344	7	6	52	#
185	147987	4	5	52	#
186	754999	10	8	9	5	4	7	2	1	6	13	3	0	53	#
187	872509	8	5	7	2	9	1	6	4	0	3	10	11	53	#
188	832664	3	4	5	2	7	8	1	6	0	11	9	12	53	#
189	824296	1	0	2	4	5	8	7	6	3	9	11	14	53	#
190	817799	6	7	8	3	5	4	2	0	10	1	11	12	53	#
191	804836	10	9	5	8	7	4	0	3	2	6	1	14	53	#
192	699497	5	2	1	8	0	4	7	6	3	14	10	54	#
193	718944	1	2	5	8	0	4	7	3	6	10	9	54	#
194	692006	8	7	5	6	4	3	0	2	1	10	12	54	#
195	686946	10	4	3	0	5	6	7	2	8	1	13	54	#
196	680423	0	4	7	8	5	13	6	3	1	2	9	54	#
197	675314	5	2	1	0	4	8	7	6	11	3	9	54	#
198	454539	4	3	7	8	6	5	55	#
199	476095	3	4	5	2	8	7	55	#
200	475050	4	0	3	7	5	8	55	#
201	452762	8	5	7	2	4	0	55	#
202	451891	6	7	8	9	5	3	55	#
203	406088	7	6	8	4	3	0	55	#
204	134448	12	#
205	544117	2	5	4	10	1	7	0	8	6	3	56	#
206	562444	3	6	4	1	2	7	5	8	0	9	56	#
207	555350	5	2	4	1	8	7	0	3	6	12	56	#
208	550090	8	7	4	3	6	5	2	0	1	11	56	#
209	479448	1	2	5	0	8	7	4	3	6	14	56	#
210	461350	2	1	0	4	7	3	6	5	8	13	56	#
211	636622	7	4	8	3	6	5	2	1	0	10	57	#
212	704264	6	3	7	8	4	5	2	1	0	9	57	#
213	694738	4	7	8	5	0	6	3	1	2	11	57	#
214	674917	3	4	7	8	6	5	2	0	1	12	57	#
215	581295	7	14	8	4	5	2	3	6	0	1	57	#
216	565893	2	5	8	1	0	4	7	3	6	13	57	#
217	254110	5	4	7	58	#
218	293696	5	8	7	58	#
219	278175	4	3	7	58	#
220	709942	8	5	9	4	2	0	7	6	1	3	12	59	#
221	727551	5	2	1	0	4	6	7	3	9	11	8	59	#
222	726572	0	4	1	3	7	5	8	2	6	11	14	59	#
223	711974	8	5	2	4	3	0	6	1	7	11	10	59	#
224	708963	12	6	4	3	0	5	2	1	7	8	14	59	#
225	696221	7	4	0	6	5	3	1	2	8	14	10	59	#
226	600605	5	8	4	7	6	12	0	1	60	#
227	530266	5	4	7	3	8	0	6	1	60	#
228	519155	8	5	4	12	7	2	6	1	60	#
229	501571	7	4	5	0	1	8	6	2	60	#
230	448816	1	2	5	4	3	7	8	6	60	#
231	394669	12	10	2	1	5	0	3	13	60	#
232	373262	14	7	4	0	61	#
233	321930	14	9	0	4	61	#
234	320913	0	4	7	8	61	#
235	318169	4	5	2	7	61	#
236	271933	7	8	5	2	61	#
237	538641	8	7	1	0	4	2	6	3	5	11	62	#
238	586185	4	0	6	7	3	1	2	5	8	12	62	#
239	549026	7	4	5	8	2	6	0	3	1	9	62	#
240	531905	8	5	4	0	7	1	6	2	3	14	62	#
241	496741	6	3	7	4	0	8	5	10	2	1	62	#
242	495458	2	1	5	0	8	7	4	6	3	13	62	#
243	328368	5	2	8	7	63	#
244	355619	7	4	8	5	63	#
245	264309	8	5	4	3	63	#
246	221085	2	5	4	8	63	#
247	258659	5	4	7	2	8	64	#
248	293962	5	4	0	3	1	64	#
249	293005	8	5	4	0	7	64	#
250	280424	7	6	8	5	4	64	#
251	225918	4	3	6	7	8	64	#
252	189745	2	5	8	4	6	64	#
253	376510	2	5	8	4	1	0	65	#
254	497075	8	7	4	6	0	1	65	#
255	460136	1	0	4	7	2	8	65	#
256	417628	4	7	8	0	5	3	65	#
257	403352	5	8	7	2	4	1	65	#
258	352510	0	1	2	4	7	3	65	#
259	444167	11	4	7	6	3	0	8	5	1	66	#
260	477718	0	14	4	3	6	7	1	2	5	66	#
261	419092	6	3	7	4	5	0	2	1	13	66	#
262	407424	11	3	6	4	0	1	5	8	2	66	#
263	386722	4	3	7	8	5	6	2	0	1	66	#
264	409085	8	5	7	2	6	4	3	0	1	13	10	67	#
265	496462	0	4	7	5	8	2	1	6	3	9	11	67	#
266	460712	6	7	8	5	2	4	0	3	1	13	11	67	#
267	459525	7	4	6	3	0	5	8	2	1	14	9	67	#
268	454299	5	8	7	4	2	3	6	0	1	13	9	67	#
269	451248	2	5	4	8	10	0	11	3	6	7	1	67	#
270	55910	14	#
271	493568	2	1	5	0	4	10	3	6	7	68	#
272	525560	1	0	2	5	8	4	7	6	3	68	#
273	490683	2	5	8	4	0	1	7	10	3	68	#
274	452534	5	4	2	3	12	6	7	1	8	68	#
275	855696	6	7	8	5	2	4	3	0	1	12	69	#
276	855799	7	4	8	5	6	3	0	2	1	11	69	#
277	831617	8	5	2	7	1	0	4	6	3	9	69	#
278	817970	6	3	7	4	8	5	2	1	0	14	69	#
279	701646	3	6	7	4	5	0	1	2	8	13	69	#
280	138490	11	#
281	70232	6	3	70	#
282	83549	3	4	70	#
283	82403	12	13	71	#
284	42920	13	1	71	#
285	569006	3	6	7	4	8	0	1	5	2	72	#
286	642027	7	6	3	8	4	9	0	5	1	72	#
287	623567	4	5	2	3	6	7	8	1	11	72	#
288	577046	3	6	7	8	4	10	5	2	0	72	#
289	543547	3	6	4	0	1	2	7	5	8	73	#
290	612668	8	1	2	5	7	4	9	0	3	73	#
291	547761	7	4	5	10	2	8	0	1	3	73	#
292	479295	6	10	7	1	0	2	8	4	5	73	#
293	20766	3	4	#
294	516073	0	1	2	5	4	8	7	6	3	74	#
295	621641	0	4	1	7	9	3	8	2	6	74	#
296	485296	1	2	10	5	4	7	8	3	6	74	#
297	482858	4	0	1	3	6	13	7	8	2	74	#
298	469822	7	4	13	6	3	0	8	5	2	74	#
299	583137	6	3	4	7	0	1	2	5	8	75	#
300	704461	6	3	7	4	8	5	0	12	2	75	#
301	599798	7	6	8	4	10	0	3	5	1	75	#
302	602426	3	6	7	4	8	5	76	#
303	665755	8	7	4	0	5	6	76	#
304	643746	3	6	4	7	5	0	76	#
305	624162	4	5	8	7	0	3	76	#
306	601922	6	7	8	4	3	0	76	#
307	585959	7	4	8	5	2	9	76	#
308	353001	4	7	8	0	1	77	#
309	410855	0	4	5	1	8	77	#
310	347586	4	3	6	5	7	77	#
311	347217	7	6	8	4	3	77	#
312	341186	1	12	0	4	3	77	#
313	297833	8	5	7	2	4	77	#
314	626595	13	3	6	7	8	4	0	5	1	2	78	#
315	746757	13	12	10	4	0	7	8	5	3	6	78	#
316	704345	1	0	4	5	7	8	3	6	2	14	78	#
317	686737	7	6	4	5	8	3	2	0	1	10	78	#
318	686237	3	4	6	7	5	9	8	2	1	0	78	#
319	664853	0	1	2	4	7	3	8	5	6	11	78	#
320	218824	7	6	79	#
321	235976	7	8	79	#
322	117570	6	3	79	#
323	68433	14	#
324	76812	1	#
325	457226	0	1	2	4	7	8	5	80	#
326	504415	7	6	4	0	3	5	1	80	#
327	494222	8	5	7	4	0	3	1	80	#
328	482095	5	4	8	3	7	0	6	80	#
329	399952	0	1	2	5	11	8	4	80	#
330	82439	12	#
331	214920	6	3	7	4	81	#
332	235917	4	5	3	2	81	#
333	175518	3	6	7	8	81	#
334	93430	0	1	#
335	692589	8	5	4	3	7	6	2	0	1	82	#
336	680975	0	1	2	4	3	9	7	5	6	82	#
337	118856	9	#
338	604329	3	6	4	0	5	2	7	8	1	83	#
339	615660	6	7	8	3	4	5	0	1	10	83	#
340	593130	3	4	5	2	1	0	6	7	10	83	#
341	584803	1	0	2	5	4	7	8	3	12	83	#
342	572084	4	3	7	5	13	6	8	1	0	83	#
343	68382	9	#
344	89508	10	#
345	92518	1	2	84	#
346	131227	1	0	84	#
347	519350	1	0	4	3	7	12	5	2	6	85	#
348	534843	12	7	8	5	2	6	4	1	3	85	#
349	506629	0	4	14	1	3	7	6	8	5	85	#
350	495840	5	2	8	1	0	7	6	3	4	85	#
351	451964	2	1	5	8	0	7	14	4	3	85	#
352	40622	13	#
353	49619	9	#
354	227508	3	6	7	86	#
355	265449	7	4	0	86	#
356	223894	3	4	5	86	#
357	150048	6	3	4	86	#
358	541397	4	3	7	6	0	1	5	2	8	87	#
359	615391	0	12	4	7	3	8	6	1	5	87	#
360	577435	7	6	3	8	4	5	12	2	0	87	#
361	225777	8	7	4	12	88	#
362	272845	7	8	4	3	88	#
363	267384	8	7	4	5	88	#
364	253618	4	7	0	8	88	#
365	154641	12	9	6	7	88	#
366	165757	7	4	89	#
367	141381	4	5	89	#
368	360620	5	4	2	8	3	1	90	#
369	432223	3	6	4	7	0	5	90	#
370	430283	5	8	2	4	1	7	90	#
371	424134	2	1	5	4	7	0	90	#
372	411648	8	7	5	4	2	0	90	#
373	408244	4	5	2	7	3	6	90	#
374	125094	5	2	8	91	#
375	103406	2	5	1	91	#
376	79513	14	#
377	158598	5	8	#
378	251433	8	5	7	92	#
379	201031	7	4	3	92	#
380	193569	8	7	4	92	#
381	112025	5	4	2	92	#
382	252147	1	0	2	5	93	#
383	207598	0	1	4	3	93	#
384	192504	1	2	0	4	93	#
385	462331	9	8	7	4	0	1	3	6	5	2	94	#
386	491379	4	0	3	7	6	1	2	8	5	12	94	#
387	474165	5	4	0	10	2	3	8	14	6	1	94	#
388	465006	7	4	8	6	5	2	3	1	0	10	94	#
389	428646	6	3	7	4	5	11	0	1	2	8	94	#
390	413472	3	4	7	8	5	2	6	1	0	14	94	#
391	612452	9	2	1	0	4	5	8	7	6	3	95	#
392	564151	6	11	7	8	5	4	2	3	0	1	95	#
393	548506	3	6	4	7	0	1	8	5	2	10	95	#
394	528295	8	5	7	2	4	0	3	6	1	12	95	#
395	496694	2	5	8	4	0	1	3	6	7	13	95	#
396	15790	4	#
397	70024	12	#
398	59018	14	#
399	469041	3	6	4	0	7	8	1	11	5	2	96	#
400	495434	7	8	6	4	0	3	1	5	2	10	96	#
401	488718	3	4	0	1	6	2	5	7	8	12	96	#
402	455663	2	1	0	4	3	5	14	6	7	8	96	#
403	429681	0	4	3	5	1	13	7	6	8	2	96	#
404	267324	6	3	4	5	2	7	0	97	#
405	366195	2	5	1	8	0	7	4	97	#
406	364865	3	6	7	8	5	2	1	97	#
407	337336	4	5	0	6	7	8	3	97	#
408	336001	0	1	2	5	4	7	3	97	#
409	329901	7	6	1	3	4	5	8	97	#
410	170341	1	2	5	0	98	#
411	207703	1	2	5	4	98	#
412	32366	13	#
413	68431	14	#
414	416723	7	8	4	6	5	3	0	1	99	#
415	387192	7	4	0	6	1	2	8	5	99	#
416	380869	1	0	4	5	2	3	6	7	99	#
417	368289	0	4	5	8	7	2	3	6	99	#
418	113811	14	9	100	#
419	136710	9	10	100	#
420	69890	14	8	100	#
421	576821	0	4	5	3	7	2	1	8	6	101	#
422	638829	0	1	4	3	2	5	6	7	9	101	#
423	596508	7	4	8	5	6	13	9	2	3	101	#
424	28293	14	#
425	10964	14	#
426	345657	4	5	2	1	8	7	3	6	0	102	#
427	466648	7	4	8	11	6	3	5	2	1	102	#
428	363707	1	0	2	4	5	3	6	14	7	102	#
429	256825	8	5	7	6	103	#
430	258154	6	3	7	4	103	#
431	244335	8	5	7	4	103	#
432	178770	5	4	8	0	103	#
433	118143	2	5	104	#
434	124524	5	4	104	#
435	57749	2	1	104	#
436	459431	7	8	4	5	3	2	0	6	1	105	#
437	483249	4	7	5	0	8	6	3	2	12	105	#
438	463985	2	5	8	10	4	0	7	1	3	105	#
439	447904	5	13	8	7	2	4	6	0	1	105	#
440	155232	9	#
441	215505	5	2	8	7	106	#
442	193051	8	3	5	6	106	#
443	175308	2	5	4	7	106	#
444	118006	5	8	2	4	106	#
445	551243	1	0	4	3	7	2	6	8	5	11	107	#
446	560549	7	4	1	6	0	2	8	5	3	9	107	#
447	545399	1	0	2	5	8	4	7	6	3	10	107	#
448	524434	11	0	13	1	2	5	7	6	8	4	107	#
449	507518	8	7	4	3	0	5	1	2	6	12	107	#
450	403160	6	3	7	4	5	8	2	108	#
451	495050	3	4	5	6	7	8	0	108	#
452	478429	4	5	2	8	7	6	0	108	#
453	472515	7	6	12	8	5	3	2	108	#
454	464026	2	1	5	0	4	7	8	108	#
455	133767	14	0	109	#
456	176339	0	5	109	#
457	77737	14	9	109	#
458	19756	2	#
459	606957	7	4	0	5	8	3	1	6	13	2	110	#
460	740258	6	7	3	8	4	0	5	12	1	2	110	#
461	696744	7	6	8	4	0	5	3	2	1	11	110	#
462	690037	8	5	2	7	4	9	3	1	6	0	110	#
463	636637	0	1	4	2	5	8	7	3	6	10	110	#
464	495532	2	3	1	6	7	5	4	0	8	111	#
465	513283	1	0	2	5	4	8	12	3	6	111	#
466	488741	4	3	5	8	9	0	7	6	1	111	#
467	470876	0	1	14	2	5	4	8	7	3	111	#
468	476723	4	3	0	1	7	8	6	5	112	#
469	450894	0	1	2	4	5	7	8	9	112	#
470	412518	4	0	3	6	7	1	5	2	112	#
471	398059	8	7	6	3	4	11	5	2	112	#
472	389836	3	4	0	7	6	8	5	2	112	#
473	386384	5	11	2	8	7	6	4	1	112	#
474	116165	12	#
475	28391	13	#
476	569631	4	3	6	0	7	5	1	2	8	113	#
477	639727	7	8	6	13	3	4	5	11	0	113	#
478	611830	3	14	6	4	0	7	5	8	2	113	#
479	606906	5	4	0	8	3	7	2	9	1	113	#
480	601327	4	10	5	7	6	3	0	2	1	113	#
481	587052	1	4	2	11	5	8	0	7	6	113	#
482	505698	1	0	2	5	4	7	8	3	114	#
483	568314	4	0	1	5	2	8	7	6	114	#
484	553937	3	6	7	4	8	0	5	13	114	#
485	542134	8	7	6	3	12	5	4	2	114	#
486	523332	1	2	0	4	5	3	6	7	114	#
487	519942	5	4	3	6	8	0	2	7	114	#
488	459955	6	3	4	0	7	8	5	115	#
489	526060	5	8	2	1	10	4	3	115	#
490	494009	4	3	5	0	8	2	7	115	#
491	482045	6	5	7	4	2	1	8	115	#
492	435504	7	8	6	4	0	3	13	115	#
493	428308	3	8	5	4	0	2	1	115	#
494	89341	3	6	4	116	#
495	95966	3	4	7	116	#
496	502974	4	7	8	5	9	3	6	2	117	#
497	522326	5	4	8	2	0	3	1	12	117	#
498	514306	7	6	8	3	4	5	0	2	117	#
499	509229	4	7	6	3	0	1	8	5	117	#
500	477682	2	5	1	4	3	8	7	0	117	#
501	398687	9	13	8	5	2	1	7	14	117	#
502	354593	4	7	5	8	6	118	#
503	393855	7	8	5	6	12	118	#
504	375281	4	5	2	7	0	118	#
505	299001	5	2	4	1	8	118	#
506	202318	6	7	8	4	3	118	#
507	585197	0	1	2	4	7	6	8	3	5	119	#
508	553598	4	8	0	5	1	2	7	13	3	119	#
509	524975	5	4	7	0	2	8	13	1	6	119	#
510	522445	3	4	10	5	6	2	1	8	13	119	#
511	491341	6	7	8	3	5	4	0	1	2	120	#
512	585762	4	0	14	7	8	5	6	2	1	120	#
513	501399	7	6	3	4	0	1	12	2	5	120	#
514	536002	11	4	5	2	7	1	3	8	6	0	121	#
515	470947	2	5	8	7	4	0	6	1	3	10	121	#
516	468854	8	5	7	2	1	4	0	6	3	14	121	#
517	461608	6	3	4	7	0	9	5	2	1	8	121	#
518	438973	4	5	7	8	3	6	2	1	0	12	121	#
519	438444	7	4	5	6	8	2	0	1	3	13	121	#
520	518143	5	8	7	4	6	3	0	1	2	122	#
521	594663	3	6	7	4	8	0	5	13	1	122	#
522	584124	1	2	0	5	4	8	7	3	10	122	#
523	45794	10	#
524	553389	6	7	3	4	5	2	1	0	8	10	123	#
525	616010	5	2	1	8	7	0	6	4	3	11	123	#
526	610667	6	3	4	0	1	7	5	2	8	9	123	#
527	602983	10	9	1	2	5	4	0	7	8	3	123	#
528	553143	1	2	5	0	8	7	6	4	3	14	123	#
529	419022	8	7	4	6	3	124	#
530	481174	4	5	3	11	7	124	#
531	477397	3	6	7	8	5	124	#
532	380158	7	8	10	4	5	124	#
533	347249	8	5	4	7	6	124	#
534	87702	4	3	125	#
535	110584	4	7	125	#
536	504655	9	7	6	4	3	8	5	0	126	#
537	473148	6	3	4	5	0	7	1	8	126	#
538	444224	7	4	5	3	8	6	2	0	126	#
539	427248	0	4	7	1	6	9	8	3	126	#
540	408389	3	4	5	2	0	7	1	6	126	#
541	406887	9	8	5	7	4	3	2	1	126	#
542	16779	2	#
543	444758	6	3	4	0	5	2	7	1	8	127	#
544	571158	7	9	8	5	4	6	2	0	3	127	#
545	552187	3	4	0	5	6	7	8	9	1	127	#
546	473740	2	1	0	4	5	14	8	7	3	127	#
547	471451	6	7	3	4	8	0	5	1	10	127	#
548	447534	0	1	4	5	2	13	8	7	6	127	#
549	87471	9	#
550	545776	11	3	6	7	8	5	2	4	0	1	128	#
551	586291	6	7	3	4	0	1	5	2	8	9	128	#
552	558621	3	4	0	5	7	8	6	2	1	12	128	#
553	513234	7	1	0	4	8	5	3	14	6	2	128	#
554	507114	1	2	5	4	3	7	6	0	8	10	128	#
555	158104	10	9	129	#
556	119906	10	11	129	#
557	92879	9	4	129	#
558	117778	8	7	130	#
559	48503	8	5	130	#
560	201408	7	5	131	#
561	158837	5	8	131	#
562	79846	7	6	131	#
563	657	10	#
564	931707	8	7	6	3	4	0	13	10	9	5	1	2	11	132	#
565	1027225	7	4	6	3	8	0	1	2	5	9	10	14	11	132	#
566	975348	4	7	5	8	6	3	0	2	1	9	11	14	12	132	#
567	944752	2	5	8	1	7	0	4	3	6	11	13	9	14	132	#
568	910641	13	0	4	5	2	8	1	7	10	6	3	9	14	132	#
569	897189	11	6	3	7	4	8	5	2	0	1	12	14	13	132	#
570	126331	12	#
571	326273	8	11	5	2	1	4	3	7	133	#
572	467963	1	2	0	4	5	3	9	8	133	#
573	336643	11	7	8	6	3	4	5	2	133	#
574	332691	4	3	6	5	2	0	1	8	133	#
575	316185	7	6	3	8	4	5	0	1	133	#
576	311487	3	6	4	0	1	7	2	8	133	#
577	583025	0	4	11	7	5	6	3	1	2	8	134	#
578	558002	4	7	5	0	8	3	6	2	1	9	134	#
579	557497	7	4	3	6	8	5	2	0	1	10	134	#
580	547802	3	4	5	0	7	6	8	2	1	14	134	#
581	546612	0	4	5	3	1	8	7	6	2	12	134	#
582	483386	5	8	6	7	4	2	1	0	3	13	134	#
583	468137	4	5	2	10	0	7	1	3	6	8	135	#
584	501058	0	4	1	3	6	7	5	2	8	9	135	#
585	484624	2	5	8	4	1	0	7	6	3	14	135	#
586	471368	4	3	5	0	1	6	2	7	8	11	135	#
587	416360	6	7	3	4	5	2	1	0	8	13	135	#
588	190307	1	0	2	4	5	3	8	136	#
589	273242	3	4	7	0	6	5	8	136	#
590	263721	8	5	2	1	7	4	0	136	#
591	259232	4	5	7	6	3	2	0	136	#
592	216580	1	2	0	5	4	3	6	136	#
593	90754	2	1	#
594	116906	11	#
595	553918	4	7	8	5	6	3	0	1	2	137	#
596	622532	0	1	2	4	8	7	3	9	5	137	#
597	435649	11	10	9	2	1	5	0	4	138	#
598	583831	11	10	9	14	6	3	7	4	138	#
599	524652	1	0	4	7	8	6	5	3	138	#
600	507013	5	8	4	7	2	0	3	1	138	#
601	494269	10	0	4	5	8	1	3	2	138	#
602	461249	9	0	1	2	5	4	8	7	138	#
