%% File generated by CATS v.2.1Tue Aug 20 18:57:00 2019

%% The CATS webpage is http://robotics.stanford.edu/CATS

%% PARAMETER SETTINGS:
% Goods: 15; Bids: 1200; Distribution: paths; Runs: 10; Seed: 1566345276
% Paths Distribution Parameters:
% Initial connections:       = 2
% Edge density:              = 3.000000
% Shipping cost factor:      = 1.500000
% Max bid set size:          = 5
% Building penalty:          = 1.700000



goods 15
bids 1200
dummy 630

0	379	0	2	21	#
1	387	0	1	#
2	333	0	1	#
3	365	7	15	#
4	365	0	6	15	#
5	62	0	#
6	523	1	7	16	#
7	523	0	1	6	16	#
8	723	13	17	#
9	723	1	11	17	#
10	798	13	18	#
11	798	1	11	18	#
12	798	0	1	4	18	#
13	367	2	19	#
14	367	0	9	19	#
15	818	13	20	#
16	818	1	11	20	#
17	818	0	1	4	20	#
18	818	1	3	7	20	#
19	818	0	1	3	6	20	#
20	329	0	1	#
21	297	0	1	#
22	379	9	21	#
23	629	10	22	#
24	629	0	14	22	#
25	629	5	7	22	#
26	629	0	5	6	22	#
27	399	0	1	#
28	818	13	23	#
29	818	1	11	23	#
30	818	0	1	4	23	#
31	818	1	3	7	23	#
32	818	0	1	3	6	23	#
33	537	1	7	24	#
34	537	0	1	6	24	#
35	341	2	25	#
36	341	0	9	25	#
37	331	0	1	#
38	783	12	26	#
39	783	4	9	26	#
40	783	2	11	26	#
41	783	0	2	4	26	#
42	783	0	9	11	26	#
43	270	6	#
44	594	0	8	#
45	583	4	27	#
46	583	0	11	27	#
47	583	6	3	27	#
48	277	6	#
49	55	0	#
50	801	1	10	28	#
51	801	1	0	14	28	#
52	801	1	7	5	28	#
53	801	1	0	6	5	28	#
54	331	7	29	#
55	331	0	6	29	#
56	295	6	#
57	864	8	0	1	#
58	265	7	30	#
59	265	6	0	30	#
60	43	0	#
61	566	8	#
62	668	1	7	31	#
63	668	1	0	6	31	#
64	569	4	32	#
65	569	11	0	32	#
66	569	3	6	32	#
67	719	1	7	33	#
68	719	1	0	6	33	#
69	319	5	#
70	270	6	#
71	1070	1	10	34	#
72	1070	1	0	14	34	#
73	1070	1	7	5	34	#
74	1070	1	0	6	5	34	#
75	818	13	35	#
76	818	11	1	35	#
77	818	4	0	1	35	#
78	818	3	7	1	35	#
79	818	3	6	0	1	35	#
80	646	8	0	#
81	765	8	#
82	667	6	9	36	#
83	667	7	2	36	#
84	667	6	0	2	36	#
85	667	7	0	9	36	#
86	727	13	37	#
87	727	1	11	37	#
88	727	1	0	4	37	#
89	713	1	7	38	#
90	713	1	0	6	38	#
91	301	5	#
92	834	1	0	8	#
93	346	2	39	#
94	346	0	9	39	#
95	674	10	40	#
96	674	14	0	40	#
97	674	5	7	40	#
98	674	5	6	0	40	#
99	296	0	1	#
100	778	1	10	41	#
101	778	1	0	14	41	#
102	594	8	#
103	324	0	1	#
104	355	2	42	#
105	355	0	9	42	#
106	611	14	43	#
107	611	6	5	43	#
108	611	0	10	43	#
109	611	0	7	5	43	#
110	331	2	44	#
111	331	0	9	44	#
112	570	0	8	#
113	1092	10	1	45	#
114	1092	14	0	1	45	#
115	1092	5	7	1	45	#
116	1092	5	6	0	1	45	#
117	368	2	46	#
118	368	9	0	46	#
119	326	9	47	#
120	326	0	2	47	#
121	1034	1	10	48	#
122	1034	1	0	14	48	#
123	1034	1	7	5	48	#
124	1034	1	0	6	5	48	#
125	332	2	49	#
126	332	9	0	49	#
127	599	11	50	#
128	599	4	0	50	#
129	599	3	7	50	#
130	599	3	6	0	50	#
131	296	2	#
132	1063	4	8	51	#
133	1063	11	0	8	51	#
134	1063	3	6	8	51	#
135	354	7	52	#
136	354	6	0	52	#
137	511	4	53	#
138	511	0	11	53	#
139	349	5	#
140	726	13	54	#
141	726	1	11	54	#
142	726	1	0	4	54	#
143	303	2	#
144	248	6	#
145	259	2	#
146	655	11	55	#
147	655	4	0	55	#
148	655	3	7	55	#
149	655	3	6	0	55	#
150	619	8	#
151	1189	8	4	56	#
152	1189	8	0	11	56	#
153	1189	8	6	3	56	#
154	1189	8	0	7	3	56	#
155	607	10	57	#
156	607	14	0	57	#
157	607	5	7	57	#
158	607	5	6	0	57	#
159	46	0	#
160	448	3	#
161	292	5	#
162	818	13	58	#
163	818	1	11	58	#
164	818	1	0	4	58	#
165	818	1	7	3	58	#
166	818	1	0	6	3	58	#
167	338	7	59	#
168	338	6	0	59	#
169	641	8	0	#
170	801	14	9	60	#
171	801	10	2	60	#
172	801	14	0	2	60	#
173	801	5	6	9	60	#
174	801	5	7	2	60	#
175	297	1	#
176	711	7	1	61	#
177	711	6	0	1	61	#
178	617	1	7	62	#
179	617	1	0	6	62	#
180	710	5	3	#
181	635	14	63	#
182	635	5	6	63	#
183	635	10	0	63	#
184	635	5	7	0	63	#
185	335	2	64	#
186	335	0	9	64	#
187	400	9	65	#
188	400	2	0	65	#
189	643	14	66	#
190	643	6	5	66	#
191	643	0	10	66	#
192	643	0	7	5	66	#
193	270	6	#
194	649	8	0	#
195	320	1	0	#
196	375	7	67	#
197	375	6	0	67	#
198	304	7	68	#
199	304	6	0	68	#
200	243	6	#
201	524	14	69	#
202	524	5	6	69	#
203	328	0	1	#
204	256	6	#
205	323	9	70	#
206	323	2	0	70	#
207	318	3	#
208	550	4	71	#
209	550	11	0	71	#
210	550	3	6	71	#
211	729	8	#
212	838	1	0	8	#
213	578	14	72	#
214	578	5	6	72	#
215	578	10	0	72	#
216	1043	8	4	73	#
217	1043	8	0	11	73	#
218	285	2	#
219	640	11	74	#
220	640	4	0	74	#
221	640	3	7	74	#
222	640	3	6	0	74	#
223	403	0	1	#
224	292	5	#
225	684	8	#
226	963	10	1	75	#
227	963	14	0	1	75	#
228	963	5	7	1	75	#
229	963	5	6	0	1	75	#
230	796	10	1	76	#
231	796	14	0	1	76	#
232	796	5	7	1	76	#
233	796	5	6	0	1	76	#
234	303	6	77	#
235	303	0	7	77	#
236	286	7	78	#
237	286	0	6	78	#
238	391	1	0	#
239	357	5	#
240	999	4	8	#
241	703	3	5	#
242	580	10	79	#
243	580	14	0	79	#
244	580	5	7	79	#
245	580	5	6	0	79	#
246	625	10	80	#
247	625	14	0	80	#
248	625	5	7	80	#
249	625	5	6	0	80	#
250	609	5	3	#
251	685	10	81	#
252	685	14	0	81	#
253	685	5	7	81	#
254	685	5	6	0	81	#
255	556	6	9	82	#
256	556	7	2	82	#
257	556	6	0	2	82	#
258	660	14	83	#
259	660	6	5	83	#
260	660	0	10	83	#
261	660	0	7	5	83	#
262	678	14	84	#
263	678	5	6	84	#
264	678	10	0	84	#
265	678	5	7	0	84	#
266	666	3	5	#
267	643	9	6	85	#
268	643	2	7	85	#
269	643	2	0	6	85	#
270	643	9	0	7	85	#
271	256	6	#
272	269	2	#
273	983	10	1	86	#
274	983	14	0	1	86	#
275	983	5	7	1	86	#
276	983	5	6	0	1	86	#
277	1071	1	10	87	#
278	1071	1	0	14	87	#
279	1071	1	7	5	87	#
280	1071	1	0	6	5	87	#
281	355	3	#
282	632	4	88	#
283	632	0	11	88	#
284	632	6	3	88	#
285	632	0	7	3	88	#
286	401	9	89	#
287	401	0	2	89	#
288	752	12	90	#
289	752	9	4	90	#
290	752	2	11	90	#
291	752	2	0	4	90	#
292	640	7	1	91	#
293	640	6	0	1	91	#
294	389	3	#
295	661	6	9	92	#
296	661	7	2	92	#
297	661	6	0	2	92	#
298	661	7	0	9	92	#
299	385	5	#
300	360	9	93	#
301	360	0	2	93	#
302	608	14	94	#
303	608	5	6	94	#
304	608	10	0	94	#
305	608	5	7	0	94	#
306	562	7	1	95	#
307	562	6	0	1	95	#
308	580	6	9	96	#
309	580	7	2	96	#
310	580	6	0	2	96	#
311	580	7	0	9	96	#
312	818	13	97	#
313	818	1	11	97	#
314	818	1	0	4	97	#
315	818	1	7	3	97	#
316	818	1	0	6	3	97	#
317	1063	10	1	98	#
318	1063	14	0	1	98	#
319	1063	5	7	1	98	#
320	1063	5	6	0	1	98	#
321	755	8	0	#
322	434	4	#
323	329	9	99	#
324	329	0	2	99	#
325	372	9	100	#
326	372	2	0	100	#
327	306	9	101	#
328	306	0	2	101	#
329	466	11	#
330	334	2	102	#
331	334	9	0	102	#
332	591	4	103	#
333	591	11	0	103	#
334	591	3	6	103	#
335	783	12	104	#
336	783	9	4	104	#
337	783	2	11	104	#
338	783	2	0	4	104	#
339	783	9	0	11	104	#
340	571	6	9	105	#
341	571	7	2	105	#
342	571	6	0	2	105	#
343	696	8	0	#
344	617	10	106	#
345	617	0	14	106	#
346	617	7	5	106	#
347	617	0	6	5	106	#
348	660	8	#
349	499	6	9	#
350	729	7	1	107	#
351	729	6	0	1	107	#
352	317	9	108	#
353	317	0	2	108	#
354	692	8	#
355	313	6	109	#
356	313	7	0	109	#
357	423	0	1	#
358	783	1	10	110	#
359	783	1	0	14	110	#
360	562	10	111	#
361	562	14	0	111	#
362	562	5	7	111	#
363	562	5	6	0	111	#
364	430	5	#
365	538	1	7	112	#
366	538	1	0	6	112	#
367	595	11	113	#
368	595	0	4	113	#
369	595	7	3	113	#
370	595	0	6	3	113	#
371	373	3	#
372	674	5	3	#
373	559	4	114	#
374	559	0	11	114	#
375	559	6	3	114	#
376	341	3	#
377	368	7	115	#
378	368	0	6	115	#
379	344	5	#
380	512	7	1	116	#
381	512	6	0	1	116	#
382	532	10	117	#
383	532	14	0	117	#
384	502	4	#
385	736	13	118	#
386	736	1	11	118	#
387	736	1	0	4	118	#
388	662	8	#
389	818	13	119	#
390	818	1	11	119	#
391	818	1	0	4	119	#
392	818	1	7	3	119	#
393	818	1	0	6	3	119	#
394	650	3	5	#
395	303	5	#
396	348	1	#
397	628	9	6	120	#
398	628	2	7	120	#
399	628	2	0	6	120	#
400	628	9	0	7	120	#
401	704	8	0	#
402	287	6	#
403	544	14	121	#
404	544	5	6	121	#
405	788	1	10	122	#
406	788	1	0	14	122	#
407	573	11	123	#
408	573	0	4	123	#
409	573	7	3	123	#
410	573	0	6	3	123	#
411	397	0	1	#
412	818	13	124	#
413	818	1	11	124	#
414	818	1	0	4	124	#
415	818	1	7	3	124	#
416	818	1	0	6	3	124	#
417	947	10	1	125	#
418	947	14	0	1	125	#
419	947	5	7	1	125	#
420	947	5	6	0	1	125	#
421	395	1	0	#
422	513	11	126	#
423	513	4	0	126	#
424	49	0	#
425	908	1	10	127	#
426	908	1	0	14	127	#
427	908	1	7	5	127	#
428	908	1	0	6	5	127	#
429	297	7	128	#
430	297	0	6	128	#
431	271	7	129	#
432	271	0	6	129	#
433	673	8	#
434	1176	8	4	130	#
435	1176	8	0	11	130	#
436	1176	8	6	3	130	#
437	1176	8	0	7	3	130	#
438	768	8	#
439	783	12	131	#
440	783	9	4	131	#
441	783	2	11	131	#
442	783	2	0	4	131	#
443	783	9	0	11	131	#
444	336	7	132	#
445	336	0	6	132	#
446	674	11	133	#
447	674	0	4	133	#
448	674	7	3	133	#
449	674	0	6	3	133	#
450	825	1	10	134	#
451	825	1	0	14	134	#
452	825	1	7	5	134	#
453	825	1	0	6	5	134	#
454	577	9	6	135	#
455	577	2	7	135	#
456	577	2	0	6	135	#
457	577	9	0	7	135	#
458	729	8	#
459	270	1	#
460	1042	1	10	136	#
461	1042	1	0	14	136	#
462	1042	1	7	5	136	#
463	1042	1	0	6	5	136	#
464	329	9	137	#
465	329	2	0	137	#
466	675	9	6	138	#
467	675	2	7	138	#
468	675	2	0	6	138	#
469	675	9	0	7	138	#
470	326	3	#
471	783	12	139	#
472	783	4	9	139	#
473	783	11	2	139	#
474	783	4	0	2	139	#
475	783	11	0	9	139	#
476	775	1	10	140	#
477	775	1	0	14	140	#
478	1106	8	4	141	#
479	1106	8	0	11	141	#
480	1106	8	6	3	141	#
481	344	2	142	#
482	344	0	9	142	#
483	783	12	143	#
484	783	4	9	143	#
485	783	11	2	143	#
486	783	4	0	2	143	#
487	783	11	0	9	143	#
488	710	14	144	#
489	710	6	5	144	#
490	710	0	10	144	#
491	710	0	7	5	144	#
492	570	10	145	#
493	570	14	0	145	#
494	570	5	7	145	#
495	570	5	6	0	145	#
496	479	11	146	#
497	479	4	0	146	#
498	783	12	147	#
499	783	4	9	147	#
500	783	11	2	147	#
501	783	4	0	2	147	#
502	783	11	0	9	147	#
503	566	7	1	148	#
504	566	6	0	1	148	#
505	416	3	#
506	509	14	149	#
507	509	5	6	149	#
508	274	2	#
509	522	6	9	150	#
510	522	7	2	150	#
511	522	6	0	2	150	#
512	723	10	151	#
513	723	0	14	151	#
514	723	7	5	151	#
515	723	0	6	5	151	#
516	532	7	1	152	#
517	532	6	0	1	152	#
518	818	13	153	#
519	818	1	11	153	#
520	818	1	0	4	153	#
521	818	1	7	3	153	#
522	818	1	0	6	3	153	#
523	281	1	#
524	275	2	#
525	422	3	#
526	369	1	#
527	672	3	5	#
528	400	5	#
529	784	10	1	154	#
530	784	14	0	1	154	#
531	252	1	#
532	45	0	#
533	624	4	155	#
534	624	11	0	155	#
535	624	3	6	155	#
536	624	3	7	0	155	#
537	1010	10	1	156	#
538	1010	14	0	1	156	#
539	1010	5	7	1	156	#
540	1010	5	6	0	1	156	#
541	469	3	#
542	285	1	#
543	317	7	157	#
544	317	6	0	157	#
545	492	4	#
546	753	12	158	#
547	753	4	9	158	#
548	753	11	2	158	#
549	753	4	0	2	158	#
550	420	3	#
551	365	3	#
552	640	11	159	#
553	640	4	0	159	#
554	640	3	7	159	#
555	640	3	6	0	159	#
556	248	6	#
557	511	1	7	160	#
558	511	1	0	6	160	#
559	317	5	#
560	1189	8	4	161	#
561	1189	8	0	11	161	#
562	1189	8	6	3	161	#
563	1189	8	0	7	3	161	#
564	276	1	#
565	485	14	#
566	43	0	#
567	731	1	7	162	#
568	731	1	0	6	162	#
569	796	0	8	#
570	1109	8	4	163	#
571	1109	8	0	11	163	#
572	1109	8	6	3	163	#
573	651	8	0	#
574	818	13	164	#
575	818	1	11	164	#
576	818	1	0	4	164	#
577	818	1	7	3	164	#
578	818	1	0	6	3	164	#
579	596	9	6	165	#
580	596	2	7	165	#
581	596	2	0	6	165	#
582	596	9	0	7	165	#
583	578	4	166	#
584	578	11	0	166	#
585	578	3	6	166	#
586	982	4	8	#
587	641	4	167	#
588	641	11	0	167	#
589	641	3	6	167	#
590	641	3	7	0	167	#
591	617	7	1	168	#
592	617	6	0	1	168	#
593	738	8	#
594	252	6	#
595	798	1	10	169	#
596	798	1	0	14	169	#
597	798	1	7	5	169	#
598	798	1	0	6	5	169	#
599	799	9	14	170	#
600	799	2	10	170	#
601	799	2	0	14	170	#
602	799	9	6	5	170	#
603	700	10	171	#
604	700	0	14	171	#
605	700	7	5	171	#
606	700	0	6	5	171	#
607	818	13	172	#
608	818	11	1	172	#
609	818	4	0	1	172	#
610	818	3	7	1	172	#
611	818	3	6	0	1	172	#
612	363	3	#
613	399	0	1	#
614	360	1	#
615	324	3	#
616	350	2	173	#
617	350	9	0	173	#
618	339	9	174	#
619	339	0	2	174	#
620	751	13	175	#
621	751	11	1	175	#
622	751	4	0	1	175	#
623	426	5	#
624	552	14	176	#
625	552	6	5	176	#
626	673	8	#
627	272	2	#
628	640	4	177	#
629	640	11	0	177	#
630	640	3	6	177	#
631	640	3	7	0	177	#
632	1192	8	4	178	#
633	1192	8	0	11	178	#
634	1192	8	6	3	178	#
635	1192	8	0	7	3	178	#
636	317	2	#
637	356	3	#
638	365	1	#
639	48	0	#
640	323	1	#
641	293	2	#
642	264	1	#
643	337	7	179	#
644	337	6	0	179	#
645	341	2	180	#
646	341	0	9	180	#
647	462	11	#
648	298	9	#
649	276	6	#
650	890	1	10	181	#
651	890	1	0	14	181	#
652	890	1	7	5	181	#
653	890	1	0	6	5	181	#
654	1070	1	10	182	#
655	1070	1	0	14	182	#
656	1070	1	7	5	182	#
657	1070	1	0	6	5	182	#
658	783	12	183	#
659	783	9	4	183	#
660	783	2	11	183	#
661	783	2	0	4	183	#
662	783	9	0	11	183	#
663	839	8	0	1	#
664	801	9	14	184	#
665	801	2	10	184	#
666	801	2	0	14	184	#
667	801	9	6	5	184	#
668	801	2	7	5	184	#
669	682	1	7	185	#
670	682	1	0	6	185	#
671	729	1	7	186	#
672	729	1	0	6	186	#
673	739	12	187	#
674	739	9	4	187	#
675	739	2	11	187	#
676	739	2	0	4	187	#
677	290	6	#
678	598	6	9	188	#
679	598	7	2	188	#
680	598	6	0	2	188	#
681	598	7	0	9	188	#
682	818	13	189	#
683	818	1	11	189	#
684	818	1	0	4	189	#
685	818	1	7	3	189	#
686	818	1	0	6	3	189	#
687	405	1	0	#
688	328	5	#
689	326	7	190	#
690	326	0	6	190	#
691	1006	10	1	191	#
692	1006	14	0	1	191	#
693	1006	5	7	1	191	#
694	1006	5	6	0	1	191	#
695	232	6	#
696	408	9	192	#
697	408	2	0	192	#
698	756	10	193	#
699	756	0	14	193	#
700	756	7	5	193	#
701	756	0	6	5	193	#
702	348	9	194	#
703	348	0	2	194	#
704	290	1	#
705	818	13	195	#
706	818	11	1	195	#
707	818	4	0	1	195	#
708	818	3	7	1	195	#
709	818	3	6	0	1	195	#
710	330	1	#
711	778	10	1	196	#
712	778	14	0	1	196	#
713	714	8	0	#
714	783	12	197	#
715	783	9	4	197	#
716	783	2	11	197	#
717	783	2	0	4	197	#
718	783	9	0	11	197	#
719	482	11	198	#
720	482	0	4	198	#
721	691	11	199	#
722	691	4	0	199	#
723	691	3	7	199	#
724	691	3	6	0	199	#
725	452	3	#
726	581	9	6	200	#
727	581	2	7	200	#
728	581	2	0	6	200	#
729	581	9	0	7	200	#
730	661	8	0	#
731	1048	1	10	201	#
732	1048	1	0	14	201	#
733	1048	1	7	5	201	#
734	1048	1	0	6	5	201	#
735	362	1	#
736	338	3	#
737	350	3	#
738	716	10	202	#
739	716	14	0	202	#
740	716	5	7	202	#
741	716	5	6	0	202	#
742	344	9	203	#
743	344	2	0	203	#
744	349	1	0	#
745	683	11	204	#
746	683	4	0	204	#
747	683	3	7	204	#
748	683	3	6	0	204	#
749	229	6	#
750	385	2	205	#
751	385	9	0	205	#
752	273	2	#
753	341	1	#
754	404	1	0	#
755	679	0	8	#
756	614	9	6	206	#
757	614	2	7	206	#
758	614	2	0	6	206	#
759	614	9	0	7	206	#
760	783	12	207	#
761	783	4	9	207	#
762	783	11	2	207	#
763	783	4	0	2	207	#
764	783	11	0	9	207	#
765	312	9	208	#
766	312	2	0	208	#
767	520	4	209	#
768	520	11	0	209	#
769	312	1	0	#
770	269	2	#
771	408	0	1	#
772	783	12	210	#
773	783	9	4	210	#
774	783	2	11	210	#
775	783	2	0	4	210	#
776	783	9	0	11	210	#
777	336	9	211	#
778	336	2	0	211	#
779	327	7	212	#
780	327	6	0	212	#
781	634	9	6	213	#
782	634	2	7	213	#
783	634	2	0	6	213	#
784	634	9	0	7	213	#
785	259	7	214	#
786	259	0	6	214	#
787	625	8	0	#
788	701	10	215	#
789	701	14	0	215	#
790	701	5	7	215	#
791	701	5	6	0	215	#
792	743	12	216	#
793	743	9	4	216	#
794	743	2	11	216	#
795	743	2	0	4	216	#
796	614	6	9	217	#
797	614	7	2	217	#
798	614	6	0	2	217	#
799	614	7	0	9	217	#
800	512	4	218	#
801	512	0	11	218	#
802	51	0	#
803	282	6	#
804	347	7	219	#
805	347	0	6	219	#
806	397	5	#
807	589	0	8	#
808	671	0	8	#
809	405	9	220	#
810	405	2	0	220	#
811	397	0	1	#
812	632	1	7	221	#
813	632	1	0	6	221	#
814	519	14	222	#
815	519	6	5	222	#
816	564	11	223	#
817	564	0	4	223	#
818	243	6	#
819	537	9	6	224	#
820	537	2	7	224	#
821	537	2	0	6	224	#
822	969	10	1	225	#
823	969	14	0	1	225	#
824	969	5	7	1	225	#
825	969	5	6	0	1	225	#
826	939	1	10	226	#
827	939	1	0	14	226	#
828	939	1	7	5	226	#
829	939	1	0	6	5	226	#
830	630	11	227	#
831	630	0	4	227	#
832	630	7	3	227	#
833	630	0	6	3	227	#
834	609	8	#
835	312	9	228	#
836	312	2	0	228	#
837	263	2	#
838	783	12	229	#
839	783	4	9	229	#
840	783	11	2	229	#
841	783	4	0	2	229	#
842	783	11	0	9	229	#
843	262	2	#
844	515	11	230	#
845	515	4	0	230	#
846	801	13	231	#
847	801	11	1	231	#
848	801	4	0	1	231	#
849	674	14	232	#
850	674	5	6	232	#
851	674	10	0	232	#
852	674	5	7	0	232	#
853	309	1	#
854	555	14	233	#
855	555	6	5	233	#
856	328	7	234	#
857	328	0	6	234	#
858	423	3	#
859	695	14	235	#
860	695	6	5	235	#
861	695	0	10	235	#
862	695	0	7	5	235	#
863	697	10	236	#
864	697	14	0	236	#
865	697	5	7	236	#
866	697	5	6	0	236	#
867	834	10	1	237	#
868	834	14	0	1	237	#
869	834	5	7	1	237	#
870	834	5	6	0	1	237	#
871	632	14	238	#
872	632	5	6	238	#
873	632	10	0	238	#
874	632	5	7	0	238	#
875	295	9	#
876	616	1	7	239	#
877	616	1	0	6	239	#
878	401	0	1	#
879	818	13	240	#
880	818	11	1	240	#
881	818	4	0	1	240	#
882	818	3	7	1	240	#
883	818	3	6	0	1	240	#
884	276	6	#
885	296	9	#
886	648	14	241	#
887	648	6	5	241	#
888	648	0	10	241	#
889	648	0	7	5	241	#
890	783	12	242	#
891	783	4	9	242	#
892	783	11	2	242	#
893	783	4	0	2	242	#
894	783	11	0	9	242	#
895	361	1	#
896	687	14	243	#
897	687	5	6	243	#
898	687	10	0	243	#
899	687	5	7	0	243	#
900	362	5	#
901	729	8	#
902	676	11	244	#
903	676	0	4	244	#
904	676	7	3	244	#
905	676	0	6	3	244	#
906	816	13	245	#
907	816	1	11	245	#
908	816	1	0	4	245	#
909	739	8	6	#
910	801	9	14	246	#
911	801	2	10	246	#
912	801	2	0	14	246	#
913	801	9	6	5	246	#
914	801	2	7	5	246	#
915	275	7	247	#
916	275	6	0	247	#
917	453	4	#
918	273	2	#
919	510	6	9	#
920	493	9	6	#
921	251	6	#
922	49	0	#
923	801	14	9	248	#
924	801	10	2	248	#
925	801	14	0	2	248	#
926	801	5	6	9	248	#
927	801	5	7	2	248	#
928	409	0	1	#
929	253	6	#
930	314	2	#
931	495	14	#
932	918	1	10	249	#
933	918	1	0	14	249	#
934	918	1	7	5	249	#
935	918	1	0	6	5	249	#
936	352	0	1	#
937	834	1	10	250	#
938	834	1	0	14	250	#
939	834	1	7	5	250	#
940	834	1	0	6	5	250	#
941	664	14	251	#
942	664	5	6	251	#
943	664	10	0	251	#
944	664	5	7	0	251	#
945	801	9	14	252	#
946	801	2	10	252	#
947	801	2	0	14	252	#
948	801	9	6	5	252	#
949	801	2	7	5	252	#
950	331	2	253	#
951	331	0	9	253	#
952	350	0	1	#
953	818	13	254	#
954	818	1	11	254	#
955	818	1	0	4	254	#
956	818	1	7	3	254	#
957	818	1	0	6	3	254	#
958	734	13	255	#
959	734	1	11	255	#
960	734	1	0	4	255	#
961	851	1	10	256	#
962	851	1	0	14	256	#
963	851	1	7	5	256	#
964	851	1	0	6	5	256	#
965	264	7	257	#
966	264	0	6	257	#
967	744	10	258	#
968	744	0	14	258	#
969	744	7	5	258	#
970	744	0	6	5	258	#
971	540	11	259	#
972	540	0	4	259	#
973	432	3	#
974	334	0	1	#
975	998	8	4	#
976	554	6	9	260	#
977	554	7	2	260	#
978	554	6	0	2	260	#
979	324	1	#
980	819	1	0	8	#
981	743	10	261	#
982	743	14	0	261	#
983	743	5	7	261	#
984	743	5	6	0	261	#
985	559	8	#
986	279	2	#
987	1019	1	10	262	#
988	1019	1	0	14	262	#
989	1019	1	7	5	262	#
990	1019	1	0	6	5	262	#
991	265	7	263	#
992	265	0	6	263	#
993	441	3	#
994	623	14	264	#
995	623	5	6	264	#
996	623	10	0	264	#
997	623	5	7	0	264	#
998	357	2	265	#
999	357	9	0	265	#
1000	680	6	9	266	#
1001	680	7	2	266	#
1002	680	6	0	2	266	#
1003	680	7	0	9	266	#
1004	798	13	267	#
1005	798	1	11	267	#
1006	798	1	0	4	267	#
1007	637	11	268	#
1008	637	0	4	268	#
1009	637	7	3	268	#
1010	637	0	6	3	268	#
1011	315	1	#
1012	273	1	#
1013	367	7	269	#
1014	367	6	0	269	#
1015	303	5	#
1016	318	7	270	#
1017	318	6	0	270	#
1018	303	9	271	#
1019	303	2	0	271	#
1020	494	11	272	#
1021	494	0	4	272	#
1022	833	8	0	1	#
1023	494	14	#
1024	796	1	10	273	#
1025	796	1	0	14	273	#
1026	796	1	7	5	273	#
1027	796	1	0	6	5	273	#
1028	657	11	274	#
1029	657	0	4	274	#
1030	657	7	3	274	#
1031	657	0	6	3	274	#
1032	322	9	275	#
1033	322	0	2	275	#
1034	1091	8	4	276	#
1035	1091	8	0	11	276	#
1036	1091	8	6	3	276	#
1037	525	10	277	#
1038	525	14	0	277	#
1039	621	7	1	278	#
1040	621	6	0	1	278	#
1041	631	11	279	#
1042	631	0	4	279	#
1043	631	7	3	279	#
1044	631	0	6	3	279	#
1045	358	5	#
1046	767	8	0	#
1047	792	13	280	#
1048	792	1	11	280	#
1049	792	1	0	4	280	#
1050	818	13	281	#
1051	818	11	1	281	#
1052	818	4	0	1	281	#
1053	818	3	7	1	281	#
1054	818	3	6	0	1	281	#
1055	1055	10	1	282	#
1056	1055	14	0	1	282	#
1057	1055	5	7	1	282	#
1058	1055	5	6	0	1	282	#
1059	334	1	0	#
1060	428	3	#
1061	741	8	0	#
1062	1166	4	8	283	#
1063	1166	11	0	8	283	#
1064	1166	3	6	8	283	#
1065	1166	3	7	0	8	283	#
1066	356	1	#
1067	323	3	#
1068	562	11	284	#
1069	562	4	0	284	#
1070	720	3	5	#
1071	341	5	#
1072	324	7	285	#
1073	324	0	6	285	#
1074	392	1	0	#
1075	45	0	#
1076	307	1	0	#
1077	818	13	286	#
1078	818	1	11	286	#
1079	818	1	0	4	286	#
1080	818	1	7	3	286	#
1081	818	1	0	6	3	286	#
1082	304	5	#
1083	994	8	4	#
1084	366	7	287	#
1085	366	6	0	287	#
1086	659	14	288	#
1087	659	6	5	288	#
1088	659	0	10	288	#
1089	659	0	7	5	288	#
1090	801	9	14	289	#
1091	801	2	10	289	#
1092	801	2	0	14	289	#
1093	801	9	6	5	289	#
1094	801	2	7	5	289	#
1095	358	3	#
1096	315	1	0	#
1097	818	13	290	#
1098	818	1	11	290	#
1099	818	1	0	4	290	#
1100	818	1	7	3	290	#
1101	818	1	0	6	3	290	#
1102	722	8	#
1103	818	13	291	#
1104	818	11	1	291	#
1105	818	4	0	1	291	#
1106	818	3	7	1	291	#
1107	818	3	6	0	1	291	#
1108	420	1	0	#
1109	312	1	#
1110	279	7	292	#
1111	279	0	6	292	#
1112	787	13	293	#
1113	787	11	1	293	#
1114	787	4	0	1	293	#
1115	438	4	#
1116	531	8	#
1117	649	8	0	#
1118	365	2	294	#
1119	365	9	0	294	#
1120	309	1	#
1121	655	8	0	#
1122	496	14	#
1123	725	8	#
1124	629	0	8	#
1125	570	8	#
1126	783	12	295	#
1127	783	9	4	295	#
1128	783	2	11	295	#
1129	783	2	0	4	295	#
1130	783	9	0	11	295	#
1131	818	13	296	#
1132	818	1	11	296	#
1133	818	1	0	4	296	#
1134	818	1	7	3	296	#
1135	818	1	0	6	3	296	#
1136	1059	8	4	297	#
1137	1059	8	0	11	297	#
1138	1059	8	6	3	297	#
1139	770	13	298	#
1140	770	11	1	298	#
1141	770	4	0	1	298	#
1142	303	2	#
1143	379	2	299	#
1144	379	9	0	299	#
1145	809	10	1	300	#
1146	809	14	0	1	300	#
1147	809	5	7	1	300	#
1148	809	5	6	0	1	300	#
1149	507	1	7	301	#
1150	507	1	0	6	301	#
1151	350	2	302	#
1152	350	0	9	302	#
1153	617	11	303	#
1154	617	0	4	303	#
1155	617	7	3	303	#
1156	617	0	6	3	303	#
1157	217	6	#
1158	617	4	304	#
1159	617	11	0	304	#
1160	617	3	6	304	#
1161	617	3	7	0	304	#
1162	58	0	#
1163	697	10	305	#
1164	697	14	0	305	#
1165	697	5	7	305	#
1166	697	5	6	0	305	#
1167	748	8	#
1168	310	7	306	#
1169	310	6	0	306	#
1170	691	14	307	#
1171	691	5	6	307	#
1172	691	10	0	307	#
1173	691	5	7	0	307	#
1174	783	12	308	#
1175	783	4	9	308	#
1176	783	11	2	308	#
1177	783	4	0	2	308	#
1178	783	11	0	9	308	#
1179	580	8	0	#
1180	753	12	309	#
1181	753	9	4	309	#
1182	753	2	11	309	#
1183	753	2	0	4	309	#
1184	261	6	#
1185	586	8	#
1186	538	10	310	#
1187	538	14	0	310	#
1188	48	0	#
1189	538	11	311	#
1190	538	4	0	311	#
1191	284	1	#
1192	801	9	14	312	#
1193	801	2	10	312	#
1194	801	2	0	14	312	#
1195	801	9	6	5	312	#
1196	801	2	7	5	312	#
1197	736	8	#
1198	479	4	#
1199	269	2	#
