%% File generated by CATS v.2.1Tue Aug 20 18:58:11 2019

%% The CATS webpage is http://robotics.stanford.edu/CATS

%% PARAMETER SETTINGS:
% Goods: 75; Bids: 3000; Distribution: scheduling; Runs: 10; Seed: 1566345664
% Scheduling Distribution Parameters:
% max_length                = 10
% deviation                 = 0.500000
% prob_additional_deadline  = 0.700000
% additivity                = 0.200000



goods 75
bids 3049
dummy 54

0	11233	0	1	2	3	4	5	6	7	75	#
1	11233	1	2	3	4	5	6	7	8	75	#
2	11233	2	3	4	5	6	7	8	9	75	#
3	11233	3	4	5	6	7	8	9	10	75	#
4	11233	4	5	6	7	8	9	10	11	75	#
5	11233	5	6	7	8	9	10	11	12	75	#
6	11233	6	7	8	9	10	11	12	13	75	#
7	11233	7	8	9	10	11	12	13	14	75	#
8	11233	8	9	10	11	12	13	14	15	75	#
9	11233	9	10	11	12	13	14	15	16	75	#
10	11233	10	11	12	13	14	15	16	17	75	#
11	11233	11	12	13	14	15	16	17	18	75	#
12	11233	12	13	14	15	16	17	18	19	75	#
13	11233	13	14	15	16	17	18	19	20	75	#
14	11233	14	15	16	17	18	19	20	21	75	#
15	11233	15	16	17	18	19	20	21	22	75	#
16	11233	16	17	18	19	20	21	22	23	75	#
17	11233	17	18	19	20	21	22	23	24	75	#
18	11233	18	19	20	21	22	23	24	25	75	#
19	11233	19	20	21	22	23	24	25	26	75	#
20	11233	20	21	22	23	24	25	26	27	75	#
21	11233	21	22	23	24	25	26	27	28	75	#
22	11233	22	23	24	25	26	27	28	29	75	#
23	11233	23	24	25	26	27	28	29	30	75	#
24	11233	24	25	26	27	28	29	30	31	75	#
25	11233	25	26	27	28	29	30	31	32	75	#
26	11233	26	27	28	29	30	31	32	33	75	#
27	11233	27	28	29	30	31	32	33	34	75	#
28	11233	28	29	30	31	32	33	34	35	75	#
29	11233	29	30	31	32	33	34	35	36	75	#
30	11233	30	31	32	33	34	35	36	37	75	#
31	11233	31	32	33	34	35	36	37	38	75	#
32	11233	32	33	34	35	36	37	38	39	75	#
33	11233	33	34	35	36	37	38	39	40	75	#
34	11233	34	35	36	37	38	39	40	41	75	#
35	11233	35	36	37	38	39	40	41	42	75	#
36	11233	36	37	38	39	40	41	42	43	75	#
37	11233	37	38	39	40	41	42	43	44	75	#
38	10744	38	39	40	41	42	43	44	45	75	#
39	10744	39	40	41	42	43	44	45	46	75	#
40	9505	40	41	42	43	44	45	46	47	75	#
41	9505	41	42	43	44	45	46	47	48	75	#
42	9505	42	43	44	45	46	47	48	49	75	#
43	9505	43	44	45	46	47	48	49	50	75	#
44	9505	44	45	46	47	48	49	50	51	75	#
45	9505	45	46	47	48	49	50	51	52	75	#
46	7163	46	47	48	49	50	51	52	53	75	#
47	7163	47	48	49	50	51	52	53	54	75	#
48	7163	48	49	50	51	52	53	54	55	75	#
49	7163	49	50	51	52	53	54	55	56	75	#
50	7163	50	51	52	53	54	55	56	57	75	#
51	7163	51	52	53	54	55	56	57	58	75	#
52	7163	52	53	54	55	56	57	58	59	75	#
53	7163	53	54	55	56	57	58	59	60	75	#
54	7163	54	55	56	57	58	59	60	61	75	#
55	7163	55	56	57	58	59	60	61	62	75	#
56	7163	56	57	58	59	60	61	62	63	75	#
57	7163	57	58	59	60	61	62	63	64	75	#
58	7163	58	59	60	61	62	63	64	65	75	#
59	7163	59	60	61	62	63	64	65	66	75	#
60	7163	60	61	62	63	64	65	66	67	75	#
61	7163	61	62	63	64	65	66	67	68	75	#
62	7163	62	63	64	65	66	67	68	69	75	#
63	3264	0	1	2	3	76	#
64	3264	1	2	3	4	76	#
65	3264	2	3	4	5	76	#
66	3264	3	4	5	6	76	#
67	3264	4	5	6	7	76	#
68	3264	5	6	7	8	76	#
69	3264	6	7	8	9	76	#
70	3264	7	8	9	10	76	#
71	3264	8	9	10	11	76	#
72	3264	9	10	11	12	76	#
73	3264	10	11	12	13	76	#
74	3264	11	12	13	14	76	#
75	3264	12	13	14	15	76	#
76	3264	13	14	15	16	76	#
77	3264	14	15	16	17	76	#
78	3264	15	16	17	18	76	#
79	3264	16	17	18	19	76	#
80	3264	17	18	19	20	76	#
81	3264	18	19	20	21	76	#
82	3264	19	20	21	22	76	#
83	3264	20	21	22	23	76	#
84	3264	21	22	23	24	76	#
85	1741	22	23	24	25	76	#
86	1741	23	24	25	26	76	#
87	1741	24	25	26	27	76	#
88	1741	25	26	27	28	76	#
89	1741	26	27	28	29	76	#
90	1741	27	28	29	30	76	#
91	1741	28	29	30	31	76	#
92	1741	29	30	31	32	76	#
93	1741	30	31	32	33	76	#
94	1741	31	32	33	34	76	#
95	1741	32	33	34	35	76	#
96	1741	33	34	35	36	76	#
97	1741	34	35	36	37	76	#
98	1741	35	36	37	38	76	#
99	1741	36	37	38	39	76	#
100	1741	37	38	39	40	76	#
101	1741	38	39	40	41	76	#
102	1741	39	40	41	42	76	#
103	1741	40	41	42	43	76	#
104	1741	41	42	43	44	76	#
105	1741	42	43	44	45	76	#
106	1399	43	44	45	46	76	#
107	1399	44	45	46	47	76	#
108	1399	45	46	47	48	76	#
109	1399	46	47	48	49	76	#
110	1399	47	48	49	50	76	#
111	1399	48	49	50	51	76	#
112	1399	49	50	51	52	76	#
113	1399	50	51	52	53	76	#
114	1399	51	52	53	54	76	#
115	1399	52	53	54	55	76	#
116	1399	53	54	55	56	76	#
117	22840	0	1	2	3	4	5	6	7	8	9	77	#
118	22840	1	2	3	4	5	6	7	8	9	10	77	#
119	22840	2	3	4	5	6	7	8	9	10	11	77	#
120	22840	3	4	5	6	7	8	9	10	11	12	77	#
121	22840	4	5	6	7	8	9	10	11	12	13	77	#
122	22840	5	6	7	8	9	10	11	12	13	14	77	#
123	22840	6	7	8	9	10	11	12	13	14	15	77	#
124	22840	7	8	9	10	11	12	13	14	15	16	77	#
125	22840	8	9	10	11	12	13	14	15	16	17	77	#
126	22840	9	10	11	12	13	14	15	16	17	18	77	#
127	22840	10	11	12	13	14	15	16	17	18	19	77	#
128	22840	11	12	13	14	15	16	17	18	19	20	77	#
129	22840	12	13	14	15	16	17	18	19	20	21	77	#
130	22840	13	14	15	16	17	18	19	20	21	22	77	#
131	22840	14	15	16	17	18	19	20	21	22	23	77	#
132	10102	15	16	17	18	19	20	21	22	23	24	77	#
133	10102	16	17	18	19	20	21	22	23	24	25	77	#
134	10102	17	18	19	20	21	22	23	24	25	26	77	#
135	10102	18	19	20	21	22	23	24	25	26	27	77	#
136	10102	19	20	21	22	23	24	25	26	27	28	77	#
137	10102	20	21	22	23	24	25	26	27	28	29	77	#
138	10102	21	22	23	24	25	26	27	28	29	30	77	#
139	10102	22	23	24	25	26	27	28	29	30	31	77	#
140	10102	23	24	25	26	27	28	29	30	31	32	77	#
141	10102	24	25	26	27	28	29	30	31	32	33	77	#
142	10102	25	26	27	28	29	30	31	32	33	34	77	#
143	10102	26	27	28	29	30	31	32	33	34	35	77	#
144	10102	27	28	29	30	31	32	33	34	35	36	77	#
145	10102	28	29	30	31	32	33	34	35	36	37	77	#
146	10102	29	30	31	32	33	34	35	36	37	38	77	#
147	10102	30	31	32	33	34	35	36	37	38	39	77	#
148	10102	31	32	33	34	35	36	37	38	39	40	77	#
149	10102	32	33	34	35	36	37	38	39	40	41	77	#
150	10102	33	34	35	36	37	38	39	40	41	42	77	#
151	10102	34	35	36	37	38	39	40	41	42	43	77	#
152	10102	35	36	37	38	39	40	41	42	43	44	77	#
153	10102	36	37	38	39	40	41	42	43	44	45	77	#
154	10102	37	38	39	40	41	42	43	44	45	46	77	#
155	10102	38	39	40	41	42	43	44	45	46	47	77	#
156	10102	39	40	41	42	43	44	45	46	47	48	77	#
157	10102	40	41	42	43	44	45	46	47	48	49	77	#
158	10102	41	42	43	44	45	46	47	48	49	50	77	#
159	10102	42	43	44	45	46	47	48	49	50	51	77	#
160	10102	43	44	45	46	47	48	49	50	51	52	77	#
161	2790	0	1	78	#
162	2790	1	2	78	#
163	2790	2	3	78	#
164	2790	3	4	78	#
165	2790	4	5	78	#
166	2790	5	6	78	#
167	2790	6	7	78	#
168	2790	7	8	78	#
169	2790	8	9	78	#
170	2790	9	10	78	#
171	2790	10	11	78	#
172	2790	11	12	78	#
173	2790	12	13	78	#
174	2790	13	14	78	#
175	2790	14	15	78	#
176	2790	15	16	78	#
177	2790	16	17	78	#
178	2790	17	18	78	#
179	2790	18	19	78	#
180	2790	19	20	78	#
181	2790	20	21	78	#
182	2790	21	22	78	#
183	2790	22	23	78	#
184	2790	23	24	78	#
185	2790	24	25	78	#
186	2790	25	26	78	#
187	2790	26	27	78	#
188	2790	27	28	78	#
189	2790	28	29	78	#
190	2790	29	30	78	#
191	2790	30	31	78	#
192	2790	31	32	78	#
193	2790	32	33	78	#
194	2790	33	34	78	#
195	2790	34	35	78	#
196	2790	35	36	78	#
197	2790	36	37	78	#
198	2790	37	38	78	#
199	2790	38	39	78	#
200	2790	39	40	78	#
201	2790	40	41	78	#
202	2790	41	42	78	#
203	2790	42	43	78	#
204	2790	43	44	78	#
205	2790	44	45	78	#
206	2790	45	46	78	#
207	2790	46	47	78	#
208	2790	47	48	78	#
209	2790	48	49	78	#
210	2790	49	50	78	#
211	2790	50	51	78	#
212	2790	51	52	78	#
213	2790	52	53	78	#
214	2790	53	54	78	#
215	2790	54	55	78	#
216	2790	55	56	78	#
217	2790	56	57	78	#
218	2790	57	58	78	#
219	2790	58	59	78	#
220	2790	59	60	78	#
221	2790	60	61	78	#
222	2790	61	62	78	#
223	2790	62	63	78	#
224	2790	63	64	78	#
225	2790	64	65	78	#
226	2790	65	66	78	#
227	2790	66	67	78	#
228	2790	67	68	78	#
229	2599	68	69	78	#
230	2599	69	70	78	#
231	2599	70	71	78	#
232	2599	71	72	78	#
233	2599	72	73	78	#
234	2564	73	74	78	#
235	12542	0	1	2	3	4	5	6	7	8	9	79	#
236	12542	1	2	3	4	5	6	7	8	9	10	79	#
237	12542	2	3	4	5	6	7	8	9	10	11	79	#
238	12542	3	4	5	6	7	8	9	10	11	12	79	#
239	12542	4	5	6	7	8	9	10	11	12	13	79	#
240	12542	5	6	7	8	9	10	11	12	13	14	79	#
241	12542	6	7	8	9	10	11	12	13	14	15	79	#
242	12542	7	8	9	10	11	12	13	14	15	16	79	#
243	12542	8	9	10	11	12	13	14	15	16	17	79	#
244	12542	9	10	11	12	13	14	15	16	17	18	79	#
245	12542	10	11	12	13	14	15	16	17	18	19	79	#
246	3356	11	12	13	14	15	16	17	18	19	20	79	#
247	3356	12	13	14	15	16	17	18	19	20	21	79	#
248	3356	13	14	15	16	17	18	19	20	21	22	79	#
249	3356	14	15	16	17	18	19	20	21	22	23	79	#
250	3356	15	16	17	18	19	20	21	22	23	24	79	#
251	3356	16	17	18	19	20	21	22	23	24	25	79	#
252	3356	17	18	19	20	21	22	23	24	25	26	79	#
253	3356	18	19	20	21	22	23	24	25	26	27	79	#
254	3356	19	20	21	22	23	24	25	26	27	28	79	#
255	3356	20	21	22	23	24	25	26	27	28	29	79	#
256	3356	21	22	23	24	25	26	27	28	29	30	79	#
257	3356	22	23	24	25	26	27	28	29	30	31	79	#
258	3356	23	24	25	26	27	28	29	30	31	32	79	#
259	3356	24	25	26	27	28	29	30	31	32	33	79	#
260	3356	25	26	27	28	29	30	31	32	33	34	79	#
261	3356	26	27	28	29	30	31	32	33	34	35	79	#
262	3356	27	28	29	30	31	32	33	34	35	36	79	#
263	3356	28	29	30	31	32	33	34	35	36	37	79	#
264	3356	29	30	31	32	33	34	35	36	37	38	79	#
265	3356	30	31	32	33	34	35	36	37	38	39	79	#
266	3356	31	32	33	34	35	36	37	38	39	40	79	#
267	3356	32	33	34	35	36	37	38	39	40	41	79	#
268	3356	33	34	35	36	37	38	39	40	41	42	79	#
269	3356	34	35	36	37	38	39	40	41	42	43	79	#
270	3356	35	36	37	38	39	40	41	42	43	44	79	#
271	3356	36	37	38	39	40	41	42	43	44	45	79	#
272	3356	37	38	39	40	41	42	43	44	45	46	79	#
273	3356	38	39	40	41	42	43	44	45	46	47	79	#
274	3356	39	40	41	42	43	44	45	46	47	48	79	#
275	3356	40	41	42	43	44	45	46	47	48	49	79	#
276	3356	41	42	43	44	45	46	47	48	49	50	79	#
277	3356	42	43	44	45	46	47	48	49	50	51	79	#
278	3356	43	44	45	46	47	48	49	50	51	52	79	#
279	3356	44	45	46	47	48	49	50	51	52	53	79	#
280	3356	45	46	47	48	49	50	51	52	53	54	79	#
281	3356	46	47	48	49	50	51	52	53	54	55	79	#
282	3356	47	48	49	50	51	52	53	54	55	56	79	#
283	3356	48	49	50	51	52	53	54	55	56	57	79	#
284	3356	49	50	51	52	53	54	55	56	57	58	79	#
285	3356	50	51	52	53	54	55	56	57	58	59	79	#
286	3356	51	52	53	54	55	56	57	58	59	60	79	#
287	3356	52	53	54	55	56	57	58	59	60	61	79	#
288	3356	53	54	55	56	57	58	59	60	61	62	79	#
289	3356	54	55	56	57	58	59	60	61	62	63	79	#
290	3356	55	56	57	58	59	60	61	62	63	64	79	#
291	3356	56	57	58	59	60	61	62	63	64	65	79	#
292	3356	57	58	59	60	61	62	63	64	65	66	79	#
293	3356	58	59	60	61	62	63	64	65	66	67	79	#
294	3356	59	60	61	62	63	64	65	66	67	68	79	#
295	3356	60	61	62	63	64	65	66	67	68	69	79	#
296	3356	61	62	63	64	65	66	67	68	69	70	79	#
297	3356	62	63	64	65	66	67	68	69	70	71	79	#
298	15118	0	1	2	3	4	5	6	7	80	#
299	15118	1	2	3	4	5	6	7	8	80	#
300	15118	2	3	4	5	6	7	8	9	80	#
301	15118	3	4	5	6	7	8	9	10	80	#
302	15118	4	5	6	7	8	9	10	11	80	#
303	15118	5	6	7	8	9	10	11	12	80	#
304	15118	6	7	8	9	10	11	12	13	80	#
305	15118	7	8	9	10	11	12	13	14	80	#
306	15118	8	9	10	11	12	13	14	15	80	#
307	15118	9	10	11	12	13	14	15	16	80	#
308	15118	10	11	12	13	14	15	16	17	80	#
309	15118	11	12	13	14	15	16	17	18	80	#
310	15118	12	13	14	15	16	17	18	19	80	#
311	15118	13	14	15	16	17	18	19	20	80	#
312	15118	14	15	16	17	18	19	20	21	80	#
313	15118	15	16	17	18	19	20	21	22	80	#
314	15118	16	17	18	19	20	21	22	23	80	#
315	15118	17	18	19	20	21	22	23	24	80	#
316	15118	18	19	20	21	22	23	24	25	80	#
317	15118	19	20	21	22	23	24	25	26	80	#
318	15118	20	21	22	23	24	25	26	27	80	#
319	15118	21	22	23	24	25	26	27	28	80	#
320	15118	22	23	24	25	26	27	28	29	80	#
321	15118	23	24	25	26	27	28	29	30	80	#
322	15118	24	25	26	27	28	29	30	31	80	#
323	15118	25	26	27	28	29	30	31	32	80	#
324	15118	26	27	28	29	30	31	32	33	80	#
325	15118	27	28	29	30	31	32	33	34	80	#
326	15118	28	29	30	31	32	33	34	35	80	#
327	15118	29	30	31	32	33	34	35	36	80	#
328	15118	30	31	32	33	34	35	36	37	80	#
329	15118	31	32	33	34	35	36	37	38	80	#
330	15118	32	33	34	35	36	37	38	39	80	#
331	15118	33	34	35	36	37	38	39	40	80	#
332	15118	34	35	36	37	38	39	40	41	80	#
333	15118	35	36	37	38	39	40	41	42	80	#
334	15118	36	37	38	39	40	41	42	43	80	#
335	15118	37	38	39	40	41	42	43	44	80	#
336	15118	38	39	40	41	42	43	44	45	80	#
337	15118	39	40	41	42	43	44	45	46	80	#
338	15118	40	41	42	43	44	45	46	47	80	#
339	15118	41	42	43	44	45	46	47	48	80	#
340	15118	42	43	44	45	46	47	48	49	80	#
341	15118	43	44	45	46	47	48	49	50	80	#
342	15118	44	45	46	47	48	49	50	51	80	#
343	15118	45	46	47	48	49	50	51	52	80	#
344	12284	46	47	48	49	50	51	52	53	80	#
345	12284	47	48	49	50	51	52	53	54	80	#
346	12284	48	49	50	51	52	53	54	55	80	#
347	12284	49	50	51	52	53	54	55	56	80	#
348	12284	50	51	52	53	54	55	56	57	80	#
349	12284	51	52	53	54	55	56	57	58	80	#
350	12284	52	53	54	55	56	57	58	59	80	#
351	12284	53	54	55	56	57	58	59	60	80	#
352	12284	54	55	56	57	58	59	60	61	80	#
353	12284	55	56	57	58	59	60	61	62	80	#
354	12284	56	57	58	59	60	61	62	63	80	#
355	12284	57	58	59	60	61	62	63	64	80	#
356	5926	0	1	2	3	4	5	6	81	#
357	5926	1	2	3	4	5	6	7	81	#
358	5926	2	3	4	5	6	7	8	81	#
359	5926	3	4	5	6	7	8	9	81	#
360	5926	4	5	6	7	8	9	10	81	#
361	5926	5	6	7	8	9	10	11	81	#
362	5926	6	7	8	9	10	11	12	81	#
363	5926	7	8	9	10	11	12	13	81	#
364	5926	8	9	10	11	12	13	14	81	#
365	5926	9	10	11	12	13	14	15	81	#
366	5926	10	11	12	13	14	15	16	81	#
367	5926	11	12	13	14	15	16	17	81	#
368	5926	12	13	14	15	16	17	18	81	#
369	5926	13	14	15	16	17	18	19	81	#
370	5926	14	15	16	17	18	19	20	81	#
371	5926	15	16	17	18	19	20	21	81	#
372	5926	16	17	18	19	20	21	22	81	#
373	5926	17	18	19	20	21	22	23	81	#
374	5926	18	19	20	21	22	23	24	81	#
375	5926	19	20	21	22	23	24	25	81	#
376	5926	20	21	22	23	24	25	26	81	#
377	5926	21	22	23	24	25	26	27	81	#
378	5926	22	23	24	25	26	27	28	81	#
379	5926	23	24	25	26	27	28	29	81	#
380	5926	24	25	26	27	28	29	30	81	#
381	5926	25	26	27	28	29	30	31	81	#
382	5926	26	27	28	29	30	31	32	81	#
383	5926	27	28	29	30	31	32	33	81	#
384	5926	28	29	30	31	32	33	34	81	#
385	5926	29	30	31	32	33	34	35	81	#
386	5926	30	31	32	33	34	35	36	81	#
387	5926	31	32	33	34	35	36	37	81	#
388	5926	32	33	34	35	36	37	38	81	#
389	5926	33	34	35	36	37	38	39	81	#
390	5926	34	35	36	37	38	39	40	81	#
391	5926	35	36	37	38	39	40	41	81	#
392	5926	36	37	38	39	40	41	42	81	#
393	5926	37	38	39	40	41	42	43	81	#
394	5926	38	39	40	41	42	43	44	81	#
395	5926	39	40	41	42	43	44	45	81	#
396	5926	40	41	42	43	44	45	46	81	#
397	5926	41	42	43	44	45	46	47	81	#
398	5926	42	43	44	45	46	47	48	81	#
399	5926	43	44	45	46	47	48	49	81	#
400	5926	44	45	46	47	48	49	50	81	#
401	5108	45	46	47	48	49	50	51	81	#
402	5108	46	47	48	49	50	51	52	81	#
403	5108	47	48	49	50	51	52	53	81	#
404	5108	48	49	50	51	52	53	54	81	#
405	5108	49	50	51	52	53	54	55	81	#
406	5108	50	51	52	53	54	55	56	81	#
407	5108	51	52	53	54	55	56	57	81	#
408	5108	52	53	54	55	56	57	58	81	#
409	4579	0	1	2	82	#
410	4579	1	2	3	82	#
411	4579	2	3	4	82	#
412	4579	3	4	5	82	#
413	4579	4	5	6	82	#
414	4579	5	6	7	82	#
415	4579	6	7	8	82	#
416	4579	7	8	9	82	#
417	4579	8	9	10	82	#
418	4579	9	10	11	82	#
419	4579	10	11	12	82	#
420	4579	11	12	13	82	#
421	4579	12	13	14	82	#
422	4579	13	14	15	82	#
423	1025	14	15	16	82	#
424	1025	15	16	17	82	#
425	1025	16	17	18	82	#
426	1025	17	18	19	82	#
427	1025	18	19	20	82	#
428	1025	19	20	21	82	#
429	1025	20	21	22	82	#
430	1025	21	22	23	82	#
431	1025	22	23	24	82	#
432	1025	23	24	25	82	#
433	1025	24	25	26	82	#
434	1025	25	26	27	82	#
435	1025	26	27	28	82	#
436	1025	27	28	29	82	#
437	1025	28	29	30	82	#
438	1025	29	30	31	82	#
439	1025	30	31	32	82	#
440	1025	31	32	33	82	#
441	1025	32	33	34	82	#
442	1025	33	34	35	82	#
443	1025	34	35	36	82	#
444	1025	35	36	37	82	#
445	1025	36	37	38	82	#
446	1025	37	38	39	82	#
447	1025	38	39	40	82	#
448	1025	39	40	41	82	#
449	1025	40	41	42	82	#
450	1025	41	42	43	82	#
451	1025	42	43	44	82	#
452	1025	43	44	45	82	#
453	1025	44	45	46	82	#
454	1025	45	46	47	82	#
455	1025	46	47	48	82	#
456	1025	47	48	49	82	#
457	1025	48	49	50	82	#
458	1025	49	50	51	82	#
459	1025	50	51	52	82	#
460	1025	51	52	53	82	#
461	1025	52	53	54	82	#
462	1025	53	54	55	82	#
463	1025	54	55	56	82	#
464	1025	55	56	57	82	#
465	1025	56	57	58	82	#
466	1025	57	58	59	82	#
467	1025	58	59	60	82	#
468	1025	59	60	61	82	#
469	1025	60	61	62	82	#
470	1025	61	62	63	82	#
471	1025	62	63	64	82	#
472	1025	63	64	65	82	#
473	1025	64	65	66	82	#
474	1025	65	66	67	82	#
475	981	66	67	68	82	#
476	981	67	68	69	82	#
477	981	68	69	70	82	#
478	967	69	70	71	82	#
479	941	70	71	72	82	#
480	941	71	72	73	82	#
481	928	72	73	74	82	#
482	6617	0	1	2	3	83	#
483	6617	1	2	3	4	83	#
484	6617	2	3	4	5	83	#
485	6617	3	4	5	6	83	#
486	6617	4	5	6	7	83	#
487	6617	5	6	7	8	83	#
488	6617	6	7	8	9	83	#
489	6617	7	8	9	10	83	#
490	6617	8	9	10	11	83	#
491	6617	9	10	11	12	83	#
492	6617	10	11	12	13	83	#
493	6617	11	12	13	14	83	#
494	6617	12	13	14	15	83	#
495	6617	13	14	15	16	83	#
496	6617	14	15	16	17	83	#
497	6617	15	16	17	18	83	#
498	6617	16	17	18	19	83	#
499	6617	17	18	19	20	83	#
500	6617	18	19	20	21	83	#
501	6617	19	20	21	22	83	#
502	6617	20	21	22	23	83	#
503	6617	21	22	23	24	83	#
504	6617	22	23	24	25	83	#
505	6617	23	24	25	26	83	#
506	4096	24	25	26	27	83	#
507	4096	25	26	27	28	83	#
508	4096	26	27	28	29	83	#
509	4096	27	28	29	30	83	#
510	4096	28	29	30	31	83	#
511	4096	29	30	31	32	83	#
512	4096	30	31	32	33	83	#
513	4096	31	32	33	34	83	#
514	4096	32	33	34	35	83	#
515	4096	33	34	35	36	83	#
516	4096	34	35	36	37	83	#
517	4096	35	36	37	38	83	#
518	4096	36	37	38	39	83	#
519	4096	37	38	39	40	83	#
520	4096	38	39	40	41	83	#
521	4096	39	40	41	42	83	#
522	3823	40	41	42	43	83	#
523	3823	41	42	43	44	83	#
524	3823	42	43	44	45	83	#
525	2494	43	44	45	46	83	#
526	2494	44	45	46	47	83	#
527	2494	45	46	47	48	83	#
528	2494	46	47	48	49	83	#
529	2494	47	48	49	50	83	#
530	2494	48	49	50	51	83	#
531	2494	49	50	51	52	83	#
532	2494	50	51	52	53	83	#
533	2494	51	52	53	54	83	#
534	2494	52	53	54	55	83	#
535	2494	53	54	55	56	83	#
536	2494	54	55	56	57	83	#
537	2494	55	56	57	58	83	#
538	2494	56	57	58	59	83	#
539	2494	57	58	59	60	83	#
540	2494	58	59	60	61	83	#
541	2494	59	60	61	62	83	#
542	2494	60	61	62	63	83	#
543	2494	61	62	63	64	83	#
544	2494	62	63	64	65	83	#
545	2494	63	64	65	66	83	#
546	2494	64	65	66	67	83	#
547	2494	65	66	67	68	83	#
548	2494	66	67	68	69	83	#
549	2706	0	1	2	84	#
550	2706	1	2	3	84	#
551	2706	2	3	4	84	#
552	2706	3	4	5	84	#
553	2706	4	5	6	84	#
554	2706	5	6	7	84	#
555	2706	6	7	8	84	#
556	2706	7	8	9	84	#
557	2706	8	9	10	84	#
558	2706	9	10	11	84	#
559	2706	10	11	12	84	#
560	2706	11	12	13	84	#
561	2706	12	13	14	84	#
562	2706	13	14	15	84	#
563	2706	14	15	16	84	#
564	1493	15	16	17	84	#
565	1493	16	17	18	84	#
566	1493	17	18	19	84	#
567	1493	18	19	20	84	#
568	1493	19	20	21	84	#
569	1493	20	21	22	84	#
570	1493	21	22	23	84	#
571	1493	22	23	24	84	#
572	1493	23	24	25	84	#
573	1493	24	25	26	84	#
574	1493	25	26	27	84	#
575	1493	26	27	28	84	#
576	1493	27	28	29	84	#
577	10022	0	1	2	3	4	85	#
578	10022	1	2	3	4	5	85	#
579	10022	2	3	4	5	6	85	#
580	10022	3	4	5	6	7	85	#
581	10022	4	5	6	7	8	85	#
582	10022	5	6	7	8	9	85	#
583	10022	6	7	8	9	10	85	#
584	10022	7	8	9	10	11	85	#
585	10022	8	9	10	11	12	85	#
586	10022	9	10	11	12	13	85	#
587	10022	10	11	12	13	14	85	#
588	10022	11	12	13	14	15	85	#
589	10022	12	13	14	15	16	85	#
590	10022	13	14	15	16	17	85	#
591	10022	14	15	16	17	18	85	#
592	10022	15	16	17	18	19	85	#
593	10022	16	17	18	19	20	85	#
594	10022	17	18	19	20	21	85	#
595	10022	18	19	20	21	22	85	#
596	10022	19	20	21	22	23	85	#
597	10022	20	21	22	23	24	85	#
598	10022	21	22	23	24	25	85	#
599	10022	22	23	24	25	26	85	#
600	10022	23	24	25	26	27	85	#
601	10022	24	25	26	27	28	85	#
602	10022	25	26	27	28	29	85	#
603	10022	26	27	28	29	30	85	#
604	10022	27	28	29	30	31	85	#
605	10022	28	29	30	31	32	85	#
606	10022	29	30	31	32	33	85	#
607	10022	30	31	32	33	34	85	#
608	10022	31	32	33	34	35	85	#
609	10022	32	33	34	35	36	85	#
610	10022	33	34	35	36	37	85	#
611	10022	34	35	36	37	38	85	#
612	10022	35	36	37	38	39	85	#
613	10022	36	37	38	39	40	85	#
614	10022	37	38	39	40	41	85	#
615	10022	38	39	40	41	42	85	#
616	10022	39	40	41	42	43	85	#
617	10022	40	41	42	43	44	85	#
618	10022	41	42	43	44	45	85	#
619	10022	42	43	44	45	46	85	#
620	10022	43	44	45	46	47	85	#
621	10022	44	45	46	47	48	85	#
622	10022	45	46	47	48	49	85	#
623	10022	46	47	48	49	50	85	#
624	10022	47	48	49	50	51	85	#
625	10022	48	49	50	51	52	85	#
626	10022	49	50	51	52	53	85	#
627	10022	50	51	52	53	54	85	#
628	10022	51	52	53	54	55	85	#
629	10022	52	53	54	55	56	85	#
630	10022	53	54	55	56	57	85	#
631	10022	54	55	56	57	58	85	#
632	10022	55	56	57	58	59	85	#
633	10022	56	57	58	59	60	85	#
634	10022	57	58	59	60	61	85	#
635	10022	58	59	60	61	62	85	#
636	10022	59	60	61	62	63	85	#
637	10022	60	61	62	63	64	85	#
638	10022	61	62	63	64	65	85	#
639	10022	62	63	64	65	66	85	#
640	10022	63	64	65	66	67	85	#
641	10022	64	65	66	67	68	85	#
642	9736	65	66	67	68	69	85	#
643	9736	66	67	68	69	70	85	#
644	9336	67	68	69	70	71	85	#
645	9336	68	69	70	71	72	85	#
646	9336	69	70	71	72	73	85	#
647	9210	70	71	72	73	74	85	#
648	4205	0	1	2	86	#
649	4205	1	2	3	86	#
650	4205	2	3	4	86	#
651	4205	3	4	5	86	#
652	4205	4	5	6	86	#
653	4205	5	6	7	86	#
654	4205	6	7	8	86	#
655	4205	7	8	9	86	#
656	4205	8	9	10	86	#
657	4205	9	10	11	86	#
658	4205	10	11	12	86	#
659	4205	11	12	13	86	#
660	4205	12	13	14	86	#
661	4205	13	14	15	86	#
662	4205	14	15	16	86	#
663	4205	15	16	17	86	#
664	4205	16	17	18	86	#
665	4205	17	18	19	86	#
666	4205	18	19	20	86	#
667	4205	19	20	21	86	#
668	4205	20	21	22	86	#
669	4205	21	22	23	86	#
670	4205	22	23	24	86	#
671	4205	23	24	25	86	#
672	4205	24	25	26	86	#
673	4205	25	26	27	86	#
674	4205	26	27	28	86	#
675	4205	27	28	29	86	#
676	4205	28	29	30	86	#
677	4205	29	30	31	86	#
678	4205	30	31	32	86	#
679	4205	31	32	33	86	#
680	4205	32	33	34	86	#
681	4205	33	34	35	86	#
682	4205	34	35	36	86	#
683	4205	35	36	37	86	#
684	4205	36	37	38	86	#
685	4205	37	38	39	86	#
686	4205	38	39	40	86	#
687	4205	39	40	41	86	#
688	4205	40	41	42	86	#
689	4205	41	42	43	86	#
690	4205	42	43	44	86	#
691	4205	43	44	45	86	#
692	4205	44	45	46	86	#
693	4205	45	46	47	86	#
694	4205	46	47	48	86	#
695	4205	47	48	49	86	#
696	4205	48	49	50	86	#
697	4205	49	50	51	86	#
698	4205	50	51	52	86	#
699	4205	51	52	53	86	#
700	4205	52	53	54	86	#
701	4205	53	54	55	86	#
702	4205	54	55	56	86	#
703	3991	55	56	57	86	#
704	3991	56	57	58	86	#
705	3991	57	58	59	86	#
706	20658	0	1	2	3	4	5	6	7	8	9	87	#
707	20658	1	2	3	4	5	6	7	8	9	10	87	#
708	20658	2	3	4	5	6	7	8	9	10	11	87	#
709	20658	3	4	5	6	7	8	9	10	11	12	87	#
710	20658	4	5	6	7	8	9	10	11	12	13	87	#
711	20658	5	6	7	8	9	10	11	12	13	14	87	#
712	20658	6	7	8	9	10	11	12	13	14	15	87	#
713	20658	7	8	9	10	11	12	13	14	15	16	87	#
714	20658	8	9	10	11	12	13	14	15	16	17	87	#
715	20658	9	10	11	12	13	14	15	16	17	18	87	#
716	20658	10	11	12	13	14	15	16	17	18	19	87	#
717	20658	11	12	13	14	15	16	17	18	19	20	87	#
718	20658	12	13	14	15	16	17	18	19	20	21	87	#
719	20658	13	14	15	16	17	18	19	20	21	22	87	#
720	20658	14	15	16	17	18	19	20	21	22	23	87	#
721	20658	15	16	17	18	19	20	21	22	23	24	87	#
722	20658	16	17	18	19	20	21	22	23	24	25	87	#
723	20658	17	18	19	20	21	22	23	24	25	26	87	#
724	20658	18	19	20	21	22	23	24	25	26	27	87	#
725	20658	19	20	21	22	23	24	25	26	27	28	87	#
726	20658	20	21	22	23	24	25	26	27	28	29	87	#
727	20658	21	22	23	24	25	26	27	28	29	30	87	#
728	20658	22	23	24	25	26	27	28	29	30	31	87	#
729	20658	23	24	25	26	27	28	29	30	31	32	87	#
730	20658	24	25	26	27	28	29	30	31	32	33	87	#
731	20658	25	26	27	28	29	30	31	32	33	34	87	#
732	20658	26	27	28	29	30	31	32	33	34	35	87	#
733	20658	27	28	29	30	31	32	33	34	35	36	87	#
734	18592	28	29	30	31	32	33	34	35	36	37	87	#
735	18592	29	30	31	32	33	34	35	36	37	38	87	#
736	18592	30	31	32	33	34	35	36	37	38	39	87	#
737	18592	31	32	33	34	35	36	37	38	39	40	87	#
738	17295	32	33	34	35	36	37	38	39	40	41	87	#
739	17295	33	34	35	36	37	38	39	40	41	42	87	#
740	17295	34	35	36	37	38	39	40	41	42	43	87	#
741	14032	35	36	37	38	39	40	41	42	43	44	87	#
742	14032	36	37	38	39	40	41	42	43	44	45	87	#
743	14032	37	38	39	40	41	42	43	44	45	46	87	#
744	14032	38	39	40	41	42	43	44	45	46	47	87	#
745	14032	39	40	41	42	43	44	45	46	47	48	87	#
746	14032	40	41	42	43	44	45	46	47	48	49	87	#
747	14032	41	42	43	44	45	46	47	48	49	50	87	#
748	14032	42	43	44	45	46	47	48	49	50	51	87	#
749	14032	43	44	45	46	47	48	49	50	51	52	87	#
750	14032	44	45	46	47	48	49	50	51	52	53	87	#
751	12822	45	46	47	48	49	50	51	52	53	54	87	#
752	12822	46	47	48	49	50	51	52	53	54	55	87	#
753	12822	47	48	49	50	51	52	53	54	55	56	87	#
754	12822	48	49	50	51	52	53	54	55	56	57	87	#
755	12822	49	50	51	52	53	54	55	56	57	58	87	#
756	10050	50	51	52	53	54	55	56	57	58	59	87	#
757	10050	51	52	53	54	55	56	57	58	59	60	87	#
758	10050	52	53	54	55	56	57	58	59	60	61	87	#
759	10050	53	54	55	56	57	58	59	60	61	62	87	#
760	10050	54	55	56	57	58	59	60	61	62	63	87	#
761	10050	55	56	57	58	59	60	61	62	63	64	87	#
762	10050	56	57	58	59	60	61	62	63	64	65	87	#
763	10050	57	58	59	60	61	62	63	64	65	66	87	#
764	10050	58	59	60	61	62	63	64	65	66	67	87	#
765	10050	59	60	61	62	63	64	65	66	67	68	87	#
766	10050	60	61	62	63	64	65	66	67	68	69	87	#
767	10050	61	62	63	64	65	66	67	68	69	70	87	#
768	10050	62	63	64	65	66	67	68	69	70	71	87	#
769	10050	63	64	65	66	67	68	69	70	71	72	87	#
770	10050	64	65	66	67	68	69	70	71	72	73	87	#
771	10050	65	66	67	68	69	70	71	72	73	74	87	#
772	4381	0	1	2	88	#
773	4381	1	2	3	88	#
774	4381	2	3	4	88	#
775	4381	3	4	5	88	#
776	4381	4	5	6	88	#
777	4381	5	6	7	88	#
778	4381	6	7	8	88	#
779	4381	7	8	9	88	#
780	4381	8	9	10	88	#
781	4381	9	10	11	88	#
782	4381	10	11	12	88	#
783	4381	11	12	13	88	#
784	4381	12	13	14	88	#
785	4381	13	14	15	88	#
786	4381	14	15	16	88	#
787	4381	15	16	17	88	#
788	4381	16	17	18	88	#
789	4381	17	18	19	88	#
790	4381	18	19	20	88	#
791	4381	19	20	21	88	#
792	4381	20	21	22	88	#
793	4381	21	22	23	88	#
794	4381	22	23	24	88	#
795	4381	23	24	25	88	#
796	4381	24	25	26	88	#
797	4381	25	26	27	88	#
798	4381	26	27	28	88	#
799	4381	27	28	29	88	#
800	4381	28	29	30	88	#
801	4381	29	30	31	88	#
802	4381	30	31	32	88	#
803	4381	31	32	33	88	#
804	4381	32	33	34	88	#
805	4381	33	34	35	88	#
806	4381	34	35	36	88	#
807	4381	35	36	37	88	#
808	4381	36	37	38	88	#
809	4381	37	38	39	88	#
810	3755	0	1	2	3	4	89	#
811	3755	1	2	3	4	5	89	#
812	3755	2	3	4	5	6	89	#
813	3755	3	4	5	6	7	89	#
814	3755	4	5	6	7	8	89	#
815	3755	5	6	7	8	9	89	#
816	3755	6	7	8	9	10	89	#
817	3755	7	8	9	10	11	89	#
818	3755	8	9	10	11	12	89	#
819	3755	9	10	11	12	13	89	#
820	3755	10	11	12	13	14	89	#
821	3755	11	12	13	14	15	89	#
822	3755	12	13	14	15	16	89	#
823	3755	13	14	15	16	17	89	#
824	3755	14	15	16	17	18	89	#
825	3755	15	16	17	18	19	89	#
826	3755	16	17	18	19	20	89	#
827	3755	17	18	19	20	21	89	#
828	3755	18	19	20	21	22	89	#
829	3755	19	20	21	22	23	89	#
830	3755	20	21	22	23	24	89	#
831	3755	21	22	23	24	25	89	#
832	3755	22	23	24	25	26	89	#
833	3755	23	24	25	26	27	89	#
834	3755	24	25	26	27	28	89	#
835	3755	25	26	27	28	29	89	#
836	3755	26	27	28	29	30	89	#
837	3755	27	28	29	30	31	89	#
838	3755	28	29	30	31	32	89	#
839	3755	29	30	31	32	33	89	#
840	3755	30	31	32	33	34	89	#
841	3755	31	32	33	34	35	89	#
842	3755	32	33	34	35	36	89	#
843	3755	33	34	35	36	37	89	#
844	3755	34	35	36	37	38	89	#
845	3755	35	36	37	38	39	89	#
846	3755	36	37	38	39	40	89	#
847	3755	37	38	39	40	41	89	#
848	3755	38	39	40	41	42	89	#
849	3755	39	40	41	42	43	89	#
850	3755	40	41	42	43	44	89	#
851	3755	41	42	43	44	45	89	#
852	3755	42	43	44	45	46	89	#
853	3755	43	44	45	46	47	89	#
854	3755	44	45	46	47	48	89	#
855	3755	45	46	47	48	49	89	#
856	3755	46	47	48	49	50	89	#
857	3755	47	48	49	50	51	89	#
858	3755	48	49	50	51	52	89	#
859	3755	49	50	51	52	53	89	#
860	3755	50	51	52	53	54	89	#
861	3755	51	52	53	54	55	89	#
862	3755	52	53	54	55	56	89	#
863	3626	53	54	55	56	57	89	#
864	3626	54	55	56	57	58	89	#
865	3048	55	56	57	58	59	89	#
866	3048	56	57	58	59	60	89	#
867	3048	57	58	59	60	61	89	#
868	3048	58	59	60	61	62	89	#
869	3048	59	60	61	62	63	89	#
870	3048	60	61	62	63	64	89	#
871	3048	61	62	63	64	65	89	#
872	3048	62	63	64	65	66	89	#
873	3048	63	64	65	66	67	89	#
874	3048	64	65	66	67	68	89	#
875	3048	65	66	67	68	69	89	#
876	7914	0	1	2	3	4	5	90	#
877	7914	1	2	3	4	5	6	90	#
878	7914	2	3	4	5	6	7	90	#
879	7914	3	4	5	6	7	8	90	#
880	7914	4	5	6	7	8	9	90	#
881	7914	5	6	7	8	9	10	90	#
882	7914	6	7	8	9	10	11	90	#
883	7914	7	8	9	10	11	12	90	#
884	7914	8	9	10	11	12	13	90	#
885	7914	9	10	11	12	13	14	90	#
886	7914	10	11	12	13	14	15	90	#
887	7914	11	12	13	14	15	16	90	#
888	7914	12	13	14	15	16	17	90	#
889	7914	13	14	15	16	17	18	90	#
890	7914	14	15	16	17	18	19	90	#
891	7914	15	16	17	18	19	20	90	#
892	7914	16	17	18	19	20	21	90	#
893	7914	17	18	19	20	21	22	90	#
894	7914	18	19	20	21	22	23	90	#
895	7914	19	20	21	22	23	24	90	#
896	7914	20	21	22	23	24	25	90	#
897	7914	21	22	23	24	25	26	90	#
898	7914	22	23	24	25	26	27	90	#
899	7914	23	24	25	26	27	28	90	#
900	7914	24	25	26	27	28	29	90	#
901	7914	25	26	27	28	29	30	90	#
902	7914	26	27	28	29	30	31	90	#
903	7914	27	28	29	30	31	32	90	#
904	7914	28	29	30	31	32	33	90	#
905	7914	29	30	31	32	33	34	90	#
906	7914	30	31	32	33	34	35	90	#
907	7914	31	32	33	34	35	36	90	#
908	7914	32	33	34	35	36	37	90	#
909	7914	33	34	35	36	37	38	90	#
910	7914	34	35	36	37	38	39	90	#
911	7914	35	36	37	38	39	40	90	#
912	7914	36	37	38	39	40	41	90	#
913	7914	37	38	39	40	41	42	90	#
914	7914	38	39	40	41	42	43	90	#
915	7914	39	40	41	42	43	44	90	#
916	7914	40	41	42	43	44	45	90	#
917	7914	41	42	43	44	45	46	90	#
918	7914	42	43	44	45	46	47	90	#
919	6199	43	44	45	46	47	48	90	#
920	6199	44	45	46	47	48	49	90	#
921	6199	45	46	47	48	49	50	90	#
922	6199	46	47	48	49	50	51	90	#
923	6199	47	48	49	50	51	52	90	#
924	6199	48	49	50	51	52	53	90	#
925	6199	49	50	51	52	53	54	90	#
926	6199	50	51	52	53	54	55	90	#
927	6199	51	52	53	54	55	56	90	#
928	6199	52	53	54	55	56	57	90	#
929	6199	53	54	55	56	57	58	90	#
930	6199	54	55	56	57	58	59	90	#
931	6199	55	56	57	58	59	60	90	#
932	6098	56	57	58	59	60	61	90	#
933	2699	0	1	91	#
934	2699	1	2	91	#
935	2699	2	3	91	#
936	2699	3	4	91	#
937	2699	4	5	91	#
938	2699	5	6	91	#
939	2699	6	7	91	#
940	2699	7	8	91	#
941	2699	8	9	91	#
942	2699	9	10	91	#
943	2699	10	11	91	#
944	2699	11	12	91	#
945	2699	12	13	91	#
946	2699	13	14	91	#
947	2699	14	15	91	#
948	2699	15	16	91	#
949	2699	16	17	91	#
950	637	17	18	91	#
951	637	18	19	91	#
952	637	19	20	91	#
953	637	20	21	91	#
954	637	21	22	91	#
955	637	22	23	91	#
956	637	23	24	91	#
957	637	24	25	91	#
958	637	25	26	91	#
959	637	26	27	91	#
960	637	27	28	91	#
961	637	28	29	91	#
962	637	29	30	91	#
963	637	30	31	91	#
964	637	31	32	91	#
965	637	32	33	91	#
966	637	33	34	91	#
967	637	34	35	91	#
968	637	35	36	91	#
969	637	36	37	91	#
970	637	37	38	91	#
971	637	38	39	91	#
972	637	39	40	91	#
973	637	40	41	91	#
974	637	41	42	91	#
975	637	42	43	91	#
976	637	43	44	91	#
977	637	44	45	91	#
978	637	45	46	91	#
979	637	46	47	91	#
980	637	47	48	91	#
981	637	48	49	91	#
982	637	49	50	91	#
983	637	50	51	91	#
984	637	51	52	91	#
985	637	52	53	91	#
986	637	53	54	91	#
987	637	54	55	91	#
988	637	55	56	91	#
989	637	56	57	91	#
990	637	57	58	91	#
991	637	58	59	91	#
992	637	59	60	91	#
993	637	60	61	91	#
994	637	61	62	91	#
995	637	62	63	91	#
996	637	63	64	91	#
997	637	64	65	91	#
998	637	65	66	91	#
999	637	66	67	91	#
1000	637	67	68	91	#
1001	637	68	69	91	#
1002	637	69	70	91	#
1003	637	70	71	91	#
1004	637	71	72	91	#
1005	620	72	73	91	#
1006	620	73	74	91	#
1007	8717	0	1	2	3	4	5	6	7	8	9	92	#
1008	8717	1	2	3	4	5	6	7	8	9	10	92	#
1009	8717	2	3	4	5	6	7	8	9	10	11	92	#
1010	8717	3	4	5	6	7	8	9	10	11	12	92	#
1011	8717	4	5	6	7	8	9	10	11	12	13	92	#
1012	8717	5	6	7	8	9	10	11	12	13	14	92	#
1013	8717	6	7	8	9	10	11	12	13	14	15	92	#
1014	8717	7	8	9	10	11	12	13	14	15	16	92	#
1015	8717	8	9	10	11	12	13	14	15	16	17	92	#
1016	8717	9	10	11	12	13	14	15	16	17	18	92	#
1017	8717	10	11	12	13	14	15	16	17	18	19	92	#
1018	8717	11	12	13	14	15	16	17	18	19	20	92	#
1019	8717	12	13	14	15	16	17	18	19	20	21	92	#
1020	8717	13	14	15	16	17	18	19	20	21	22	92	#
1021	8717	14	15	16	17	18	19	20	21	22	23	92	#
1022	3287	15	16	17	18	19	20	21	22	23	24	92	#
1023	3287	16	17	18	19	20	21	22	23	24	25	92	#
1024	3287	17	18	19	20	21	22	23	24	25	26	92	#
1025	3287	18	19	20	21	22	23	24	25	26	27	92	#
1026	3287	19	20	21	22	23	24	25	26	27	28	92	#
1027	3287	20	21	22	23	24	25	26	27	28	29	92	#
1028	3287	21	22	23	24	25	26	27	28	29	30	92	#
1029	3287	22	23	24	25	26	27	28	29	30	31	92	#
1030	3287	23	24	25	26	27	28	29	30	31	32	92	#
1031	3287	24	25	26	27	28	29	30	31	32	33	92	#
1032	3287	25	26	27	28	29	30	31	32	33	34	92	#
1033	3287	26	27	28	29	30	31	32	33	34	35	92	#
1034	3287	27	28	29	30	31	32	33	34	35	36	92	#
1035	3287	28	29	30	31	32	33	34	35	36	37	92	#
1036	3287	29	30	31	32	33	34	35	36	37	38	92	#
1037	3287	30	31	32	33	34	35	36	37	38	39	92	#
1038	3287	31	32	33	34	35	36	37	38	39	40	92	#
1039	3287	32	33	34	35	36	37	38	39	40	41	92	#
1040	3287	33	34	35	36	37	38	39	40	41	42	92	#
1041	3287	34	35	36	37	38	39	40	41	42	43	92	#
1042	3287	35	36	37	38	39	40	41	42	43	44	92	#
1043	3287	36	37	38	39	40	41	42	43	44	45	92	#
1044	3287	37	38	39	40	41	42	43	44	45	46	92	#
1045	3287	38	39	40	41	42	43	44	45	46	47	92	#
1046	3287	39	40	41	42	43	44	45	46	47	48	92	#
1047	3287	40	41	42	43	44	45	46	47	48	49	92	#
1048	3287	41	42	43	44	45	46	47	48	49	50	92	#
1049	3287	42	43	44	45	46	47	48	49	50	51	92	#
1050	3287	43	44	45	46	47	48	49	50	51	52	92	#
1051	3287	44	45	46	47	48	49	50	51	52	53	92	#
1052	3287	45	46	47	48	49	50	51	52	53	54	92	#
1053	3287	46	47	48	49	50	51	52	53	54	55	92	#
1054	3287	47	48	49	50	51	52	53	54	55	56	92	#
1055	3287	48	49	50	51	52	53	54	55	56	57	92	#
1056	3287	49	50	51	52	53	54	55	56	57	58	92	#
1057	3287	50	51	52	53	54	55	56	57	58	59	92	#
1058	3287	51	52	53	54	55	56	57	58	59	60	92	#
1059	3287	52	53	54	55	56	57	58	59	60	61	92	#
1060	3133	53	54	55	56	57	58	59	60	61	62	92	#
1061	3133	54	55	56	57	58	59	60	61	62	63	92	#
1062	3133	55	56	57	58	59	60	61	62	63	64	92	#
1063	12568	0	1	2	3	4	5	93	#
1064	12568	1	2	3	4	5	6	93	#
1065	12568	2	3	4	5	6	7	93	#
1066	12568	3	4	5	6	7	8	93	#
1067	12568	4	5	6	7	8	9	93	#
1068	12568	5	6	7	8	9	10	93	#
1069	12568	6	7	8	9	10	11	93	#
1070	12568	7	8	9	10	11	12	93	#
1071	12568	8	9	10	11	12	13	93	#
1072	12568	9	10	11	12	13	14	93	#
1073	12568	10	11	12	13	14	15	93	#
1074	12568	11	12	13	14	15	16	93	#
1075	12568	12	13	14	15	16	17	93	#
1076	12568	13	14	15	16	17	18	93	#
1077	12568	14	15	16	17	18	19	93	#
1078	12568	15	16	17	18	19	20	93	#
1079	12568	16	17	18	19	20	21	93	#
1080	12568	17	18	19	20	21	22	93	#
1081	12568	18	19	20	21	22	23	93	#
1082	12568	19	20	21	22	23	24	93	#
1083	12568	20	21	22	23	24	25	93	#
1084	12568	21	22	23	24	25	26	93	#
1085	12568	22	23	24	25	26	27	93	#
1086	12568	23	24	25	26	27	28	93	#
1087	12568	24	25	26	27	28	29	93	#
1088	12568	25	26	27	28	29	30	93	#
1089	12568	26	27	28	29	30	31	93	#
1090	12568	27	28	29	30	31	32	93	#
1091	12568	28	29	30	31	32	33	93	#
1092	12568	29	30	31	32	33	34	93	#
1093	12568	30	31	32	33	34	35	93	#
1094	12568	31	32	33	34	35	36	93	#
1095	12568	32	33	34	35	36	37	93	#
1096	12568	33	34	35	36	37	38	93	#
1097	12568	34	35	36	37	38	39	93	#
1098	12568	35	36	37	38	39	40	93	#
1099	12568	36	37	38	39	40	41	93	#
1100	12568	37	38	39	40	41	42	93	#
1101	12568	38	39	40	41	42	43	93	#
1102	12568	39	40	41	42	43	44	93	#
1103	12568	40	41	42	43	44	45	93	#
1104	5510	0	1	2	3	4	5	6	94	#
1105	5510	1	2	3	4	5	6	7	94	#
1106	5510	2	3	4	5	6	7	8	94	#
1107	5510	3	4	5	6	7	8	9	94	#
1108	5510	4	5	6	7	8	9	10	94	#
1109	5510	5	6	7	8	9	10	11	94	#
1110	5510	6	7	8	9	10	11	12	94	#
1111	5510	7	8	9	10	11	12	13	94	#
1112	5510	8	9	10	11	12	13	14	94	#
1113	5510	9	10	11	12	13	14	15	94	#
1114	5510	10	11	12	13	14	15	16	94	#
1115	5510	11	12	13	14	15	16	17	94	#
1116	5510	12	13	14	15	16	17	18	94	#
1117	5510	13	14	15	16	17	18	19	94	#
1118	5510	14	15	16	17	18	19	20	94	#
1119	5510	15	16	17	18	19	20	21	94	#
1120	5510	16	17	18	19	20	21	22	94	#
1121	5510	17	18	19	20	21	22	23	94	#
1122	5510	18	19	20	21	22	23	24	94	#
1123	5510	19	20	21	22	23	24	25	94	#
1124	5510	20	21	22	23	24	25	26	94	#
1125	5510	21	22	23	24	25	26	27	94	#
1126	5510	22	23	24	25	26	27	28	94	#
1127	5510	23	24	25	26	27	28	29	94	#
1128	5510	24	25	26	27	28	29	30	94	#
1129	5510	25	26	27	28	29	30	31	94	#
1130	5510	26	27	28	29	30	31	32	94	#
1131	5510	27	28	29	30	31	32	33	94	#
1132	5510	28	29	30	31	32	33	34	94	#
1133	5510	29	30	31	32	33	34	35	94	#
1134	5510	30	31	32	33	34	35	36	94	#
1135	5510	31	32	33	34	35	36	37	94	#
1136	5510	32	33	34	35	36	37	38	94	#
1137	5510	33	34	35	36	37	38	39	94	#
1138	5510	34	35	36	37	38	39	40	94	#
1139	5510	35	36	37	38	39	40	41	94	#
1140	5510	36	37	38	39	40	41	42	94	#
1141	5510	37	38	39	40	41	42	43	94	#
1142	5510	38	39	40	41	42	43	44	94	#
1143	5510	39	40	41	42	43	44	45	94	#
1144	5510	40	41	42	43	44	45	46	94	#
1145	5510	41	42	43	44	45	46	47	94	#
1146	5510	42	43	44	45	46	47	48	94	#
1147	5510	43	44	45	46	47	48	49	94	#
1148	5510	44	45	46	47	48	49	50	94	#
1149	5510	45	46	47	48	49	50	51	94	#
1150	5510	46	47	48	49	50	51	52	94	#
1151	5510	47	48	49	50	51	52	53	94	#
1152	5510	48	49	50	51	52	53	54	94	#
1153	5510	49	50	51	52	53	54	55	94	#
1154	5510	50	51	52	53	54	55	56	94	#
1155	5510	51	52	53	54	55	56	57	94	#
1156	5510	52	53	54	55	56	57	58	94	#
1157	5510	53	54	55	56	57	58	59	94	#
1158	5510	54	55	56	57	58	59	60	94	#
1159	5510	55	56	57	58	59	60	61	94	#
1160	5510	56	57	58	59	60	61	62	94	#
1161	5510	57	58	59	60	61	62	63	94	#
1162	5510	58	59	60	61	62	63	64	94	#
1163	5510	59	60	61	62	63	64	65	94	#
1164	5510	60	61	62	63	64	65	66	94	#
1165	5510	61	62	63	64	65	66	67	94	#
1166	5510	62	63	64	65	66	67	68	94	#
1167	5510	63	64	65	66	67	68	69	94	#
1168	5510	64	65	66	67	68	69	70	94	#
1169	5284	65	66	67	68	69	70	71	94	#
1170	5284	66	67	68	69	70	71	72	94	#
1171	5284	67	68	69	70	71	72	73	94	#
1172	20678	0	1	2	3	4	5	6	7	8	95	#
1173	20678	1	2	3	4	5	6	7	8	9	95	#
1174	20678	2	3	4	5	6	7	8	9	10	95	#
1175	20678	3	4	5	6	7	8	9	10	11	95	#
1176	3116	4	5	6	7	8	9	10	11	12	95	#
1177	3116	5	6	7	8	9	10	11	12	13	95	#
1178	3116	6	7	8	9	10	11	12	13	14	95	#
1179	3116	7	8	9	10	11	12	13	14	15	95	#
1180	3116	8	9	10	11	12	13	14	15	16	95	#
1181	3116	9	10	11	12	13	14	15	16	17	95	#
1182	3116	10	11	12	13	14	15	16	17	18	95	#
1183	3116	11	12	13	14	15	16	17	18	19	95	#
1184	3116	12	13	14	15	16	17	18	19	20	95	#
1185	3116	13	14	15	16	17	18	19	20	21	95	#
1186	3116	14	15	16	17	18	19	20	21	22	95	#
1187	3116	15	16	17	18	19	20	21	22	23	95	#
1188	3116	16	17	18	19	20	21	22	23	24	95	#
1189	3116	17	18	19	20	21	22	23	24	25	95	#
1190	3116	18	19	20	21	22	23	24	25	26	95	#
1191	3116	19	20	21	22	23	24	25	26	27	95	#
1192	3116	20	21	22	23	24	25	26	27	28	95	#
1193	3116	21	22	23	24	25	26	27	28	29	95	#
1194	3116	22	23	24	25	26	27	28	29	30	95	#
1195	3116	23	24	25	26	27	28	29	30	31	95	#
1196	3116	24	25	26	27	28	29	30	31	32	95	#
1197	3116	25	26	27	28	29	30	31	32	33	95	#
1198	3116	26	27	28	29	30	31	32	33	34	95	#
1199	3116	27	28	29	30	31	32	33	34	35	95	#
1200	3116	28	29	30	31	32	33	34	35	36	95	#
1201	3116	29	30	31	32	33	34	35	36	37	95	#
1202	3116	30	31	32	33	34	35	36	37	38	95	#
1203	3116	31	32	33	34	35	36	37	38	39	95	#
1204	3116	32	33	34	35	36	37	38	39	40	95	#
1205	3116	33	34	35	36	37	38	39	40	41	95	#
1206	3116	34	35	36	37	38	39	40	41	42	95	#
1207	3116	35	36	37	38	39	40	41	42	43	95	#
1208	3116	36	37	38	39	40	41	42	43	44	95	#
1209	3116	37	38	39	40	41	42	43	44	45	95	#
1210	3116	38	39	40	41	42	43	44	45	46	95	#
1211	3116	39	40	41	42	43	44	45	46	47	95	#
1212	3116	40	41	42	43	44	45	46	47	48	95	#
1213	3116	41	42	43	44	45	46	47	48	49	95	#
1214	3116	42	43	44	45	46	47	48	49	50	95	#
1215	3116	43	44	45	46	47	48	49	50	51	95	#
1216	3116	44	45	46	47	48	49	50	51	52	95	#
1217	3116	45	46	47	48	49	50	51	52	53	95	#
1218	3116	46	47	48	49	50	51	52	53	54	95	#
1219	3116	47	48	49	50	51	52	53	54	55	95	#
1220	3116	48	49	50	51	52	53	54	55	56	95	#
1221	3116	49	50	51	52	53	54	55	56	57	95	#
1222	3116	50	51	52	53	54	55	56	57	58	95	#
1223	3116	51	52	53	54	55	56	57	58	59	95	#
1224	3116	52	53	54	55	56	57	58	59	60	95	#
1225	3116	53	54	55	56	57	58	59	60	61	95	#
1226	3116	54	55	56	57	58	59	60	61	62	95	#
1227	3116	55	56	57	58	59	60	61	62	63	95	#
1228	3116	56	57	58	59	60	61	62	63	64	95	#
1229	3116	57	58	59	60	61	62	63	64	65	95	#
1230	3116	58	59	60	61	62	63	64	65	66	95	#
1231	3116	59	60	61	62	63	64	65	66	67	95	#
1232	3116	60	61	62	63	64	65	66	67	68	95	#
1233	3116	61	62	63	64	65	66	67	68	69	95	#
1234	3116	62	63	64	65	66	67	68	69	70	95	#
1235	3116	63	64	65	66	67	68	69	70	71	95	#
1236	3116	64	65	66	67	68	69	70	71	72	95	#
1237	3116	65	66	67	68	69	70	71	72	73	95	#
1238	3074	66	67	68	69	70	71	72	73	74	95	#
1239	691	0	96	#
1240	691	1	96	#
1241	691	2	96	#
1242	691	3	96	#
1243	691	4	96	#
1244	691	5	96	#
1245	691	6	96	#
1246	691	7	96	#
1247	691	8	96	#
1248	691	9	96	#
1249	691	10	96	#
1250	691	11	96	#
1251	691	12	96	#
1252	691	13	96	#
1253	691	14	96	#
1254	691	15	96	#
1255	691	16	96	#
1256	691	17	96	#
1257	691	18	96	#
1258	691	19	96	#
1259	691	20	96	#
1260	691	21	96	#
1261	691	22	96	#
1262	691	23	96	#
1263	691	24	96	#
1264	691	25	96	#
1265	691	26	96	#
1266	691	27	96	#
1267	306	28	96	#
1268	306	29	96	#
1269	306	30	96	#
1270	306	31	96	#
1271	306	32	96	#
1272	306	33	96	#
1273	306	34	96	#
1274	306	35	96	#
1275	306	36	96	#
1276	306	37	96	#
1277	306	38	96	#
1278	306	39	96	#
1279	306	40	96	#
1280	306	41	96	#
1281	306	42	96	#
1282	306	43	96	#
1283	306	44	96	#
1284	306	45	96	#
1285	306	46	96	#
1286	306	47	96	#
1287	306	48	96	#
1288	306	49	96	#
1289	306	50	96	#
1290	306	51	96	#
1291	306	52	96	#
1292	306	53	96	#
1293	306	54	96	#
1294	306	55	96	#
1295	306	56	96	#
1296	306	57	96	#
1297	306	58	96	#
1298	306	59	96	#
1299	306	60	96	#
1300	306	61	96	#
1301	270	62	96	#
1302	270	63	96	#
1303	270	64	96	#
1304	270	65	96	#
1305	270	66	96	#
1306	270	67	96	#
1307	270	68	96	#
1308	270	69	96	#
1309	16574	0	1	2	3	4	5	6	7	97	#
1310	16574	1	2	3	4	5	6	7	8	97	#
1311	16574	2	3	4	5	6	7	8	9	97	#
1312	16574	3	4	5	6	7	8	9	10	97	#
1313	16574	4	5	6	7	8	9	10	11	97	#
1314	16574	5	6	7	8	9	10	11	12	97	#
1315	16574	6	7	8	9	10	11	12	13	97	#
1316	16574	7	8	9	10	11	12	13	14	97	#
1317	16574	8	9	10	11	12	13	14	15	97	#
1318	16574	9	10	11	12	13	14	15	16	97	#
1319	16574	10	11	12	13	14	15	16	17	97	#
1320	16574	11	12	13	14	15	16	17	18	97	#
1321	16574	12	13	14	15	16	17	18	19	97	#
1322	16574	13	14	15	16	17	18	19	20	97	#
1323	16574	14	15	16	17	18	19	20	21	97	#
1324	16574	15	16	17	18	19	20	21	22	97	#
1325	16574	16	17	18	19	20	21	22	23	97	#
1326	16574	17	18	19	20	21	22	23	24	97	#
1327	16574	18	19	20	21	22	23	24	25	97	#
1328	16574	19	20	21	22	23	24	25	26	97	#
1329	16574	20	21	22	23	24	25	26	27	97	#
1330	16574	21	22	23	24	25	26	27	28	97	#
1331	16574	22	23	24	25	26	27	28	29	97	#
1332	16574	23	24	25	26	27	28	29	30	97	#
1333	16574	24	25	26	27	28	29	30	31	97	#
1334	16574	25	26	27	28	29	30	31	32	97	#
1335	16574	26	27	28	29	30	31	32	33	97	#
1336	16574	27	28	29	30	31	32	33	34	97	#
1337	16574	28	29	30	31	32	33	34	35	97	#
1338	16574	29	30	31	32	33	34	35	36	97	#
1339	16574	30	31	32	33	34	35	36	37	97	#
1340	16574	31	32	33	34	35	36	37	38	97	#
1341	16574	32	33	34	35	36	37	38	39	97	#
1342	16574	33	34	35	36	37	38	39	40	97	#
1343	16574	34	35	36	37	38	39	40	41	97	#
1344	16574	35	36	37	38	39	40	41	42	97	#
1345	16574	36	37	38	39	40	41	42	43	97	#
1346	16574	37	38	39	40	41	42	43	44	97	#
1347	16574	38	39	40	41	42	43	44	45	97	#
1348	16574	39	40	41	42	43	44	45	46	97	#
1349	16574	40	41	42	43	44	45	46	47	97	#
1350	16574	41	42	43	44	45	46	47	48	97	#
1351	16574	42	43	44	45	46	47	48	49	97	#
1352	16574	43	44	45	46	47	48	49	50	97	#
1353	16574	44	45	46	47	48	49	50	51	97	#
1354	16574	45	46	47	48	49	50	51	52	97	#
1355	16574	46	47	48	49	50	51	52	53	97	#
1356	16574	47	48	49	50	51	52	53	54	97	#
1357	16574	48	49	50	51	52	53	54	55	97	#
1358	16574	49	50	51	52	53	54	55	56	97	#
1359	16574	50	51	52	53	54	55	56	57	97	#
1360	16574	51	52	53	54	55	56	57	58	97	#
1361	16574	52	53	54	55	56	57	58	59	97	#
1362	16574	53	54	55	56	57	58	59	60	97	#
1363	16574	54	55	56	57	58	59	60	61	97	#
1364	16574	55	56	57	58	59	60	61	62	97	#
1365	12513	0	1	2	3	4	5	98	#
1366	12513	1	2	3	4	5	6	98	#
1367	12513	2	3	4	5	6	7	98	#
1368	12513	3	4	5	6	7	8	98	#
1369	12513	4	5	6	7	8	9	98	#
1370	12513	5	6	7	8	9	10	98	#
1371	12513	6	7	8	9	10	11	98	#
1372	12513	7	8	9	10	11	12	98	#
1373	12513	8	9	10	11	12	13	98	#
1374	12513	9	10	11	12	13	14	98	#
1375	12513	10	11	12	13	14	15	98	#
1376	12513	11	12	13	14	15	16	98	#
1377	12513	12	13	14	15	16	17	98	#
1378	12513	13	14	15	16	17	18	98	#
1379	12513	14	15	16	17	18	19	98	#
1380	12513	15	16	17	18	19	20	98	#
1381	12513	16	17	18	19	20	21	98	#
1382	17076	0	1	2	3	4	5	6	7	99	#
1383	17076	1	2	3	4	5	6	7	8	99	#
1384	17076	2	3	4	5	6	7	8	9	99	#
1385	17076	3	4	5	6	7	8	9	10	99	#
1386	17076	4	5	6	7	8	9	10	11	99	#
1387	17076	5	6	7	8	9	10	11	12	99	#
1388	17076	6	7	8	9	10	11	12	13	99	#
1389	17076	7	8	9	10	11	12	13	14	99	#
1390	17076	8	9	10	11	12	13	14	15	99	#
1391	17076	9	10	11	12	13	14	15	16	99	#
1392	17076	10	11	12	13	14	15	16	17	99	#
1393	17076	11	12	13	14	15	16	17	18	99	#
1394	17076	12	13	14	15	16	17	18	19	99	#
1395	17076	13	14	15	16	17	18	19	20	99	#
1396	17076	14	15	16	17	18	19	20	21	99	#
1397	17076	15	16	17	18	19	20	21	22	99	#
1398	17076	16	17	18	19	20	21	22	23	99	#
1399	17076	17	18	19	20	21	22	23	24	99	#
1400	17076	18	19	20	21	22	23	24	25	99	#
1401	15247	19	20	21	22	23	24	25	26	99	#
1402	15247	20	21	22	23	24	25	26	27	99	#
1403	15247	21	22	23	24	25	26	27	28	99	#
1404	11234	22	23	24	25	26	27	28	29	99	#
1405	11234	23	24	25	26	27	28	29	30	99	#
1406	11234	24	25	26	27	28	29	30	31	99	#
1407	11234	25	26	27	28	29	30	31	32	99	#
1408	11234	26	27	28	29	30	31	32	33	99	#
1409	11234	27	28	29	30	31	32	33	34	99	#
1410	11234	28	29	30	31	32	33	34	35	99	#
1411	11234	29	30	31	32	33	34	35	36	99	#
1412	11234	30	31	32	33	34	35	36	37	99	#
1413	11234	31	32	33	34	35	36	37	38	99	#
1414	10946	32	33	34	35	36	37	38	39	99	#
1415	4935	0	1	2	3	100	#
1416	4935	1	2	3	4	100	#
1417	4935	2	3	4	5	100	#
1418	4935	3	4	5	6	100	#
1419	4935	4	5	6	7	100	#
1420	4935	5	6	7	8	100	#
1421	4935	6	7	8	9	100	#
1422	4935	7	8	9	10	100	#
1423	4935	8	9	10	11	100	#
1424	4935	9	10	11	12	100	#
1425	4935	10	11	12	13	100	#
1426	4935	11	12	13	14	100	#
1427	4935	12	13	14	15	100	#
1428	4935	13	14	15	16	100	#
1429	4935	14	15	16	17	100	#
1430	4935	15	16	17	18	100	#
1431	4935	16	17	18	19	100	#
1432	1537	17	18	19	20	100	#
1433	1537	18	19	20	21	100	#
1434	1537	19	20	21	22	100	#
1435	1537	20	21	22	23	100	#
1436	1537	21	22	23	24	100	#
1437	1537	22	23	24	25	100	#
1438	1537	23	24	25	26	100	#
1439	1537	24	25	26	27	100	#
1440	1537	25	26	27	28	100	#
1441	1537	26	27	28	29	100	#
1442	1537	27	28	29	30	100	#
1443	1537	28	29	30	31	100	#
1444	1537	29	30	31	32	100	#
1445	1537	30	31	32	33	100	#
1446	1537	31	32	33	34	100	#
1447	1537	32	33	34	35	100	#
1448	1537	33	34	35	36	100	#
1449	1537	34	35	36	37	100	#
1450	1537	35	36	37	38	100	#
1451	1537	36	37	38	39	100	#
1452	1537	37	38	39	40	100	#
1453	1537	38	39	40	41	100	#
1454	1537	39	40	41	42	100	#
1455	1537	40	41	42	43	100	#
1456	1537	41	42	43	44	100	#
1457	1537	42	43	44	45	100	#
1458	1537	43	44	45	46	100	#
1459	1537	44	45	46	47	100	#
1460	1537	45	46	47	48	100	#
1461	1537	46	47	48	49	100	#
1462	1537	47	48	49	50	100	#
1463	1537	48	49	50	51	100	#
1464	1537	49	50	51	52	100	#
1465	1537	50	51	52	53	100	#
1466	1537	51	52	53	54	100	#
1467	1537	52	53	54	55	100	#
1468	1537	53	54	55	56	100	#
1469	1537	54	55	56	57	100	#
1470	1537	55	56	57	58	100	#
1471	1537	56	57	58	59	100	#
1472	1537	57	58	59	60	100	#
1473	1537	58	59	60	61	100	#
1474	1267	59	60	61	62	100	#
1475	1267	60	61	62	63	100	#
1476	1267	61	62	63	64	100	#
1477	1267	62	63	64	65	100	#
1478	1267	63	64	65	66	100	#
1479	1267	64	65	66	67	100	#
1480	1267	65	66	67	68	100	#
1481	1267	66	67	68	69	100	#
1482	1267	67	68	69	70	100	#
1483	1267	68	69	70	71	100	#
1484	1267	69	70	71	72	100	#
1485	1267	70	71	72	73	100	#
1486	1267	71	72	73	74	100	#
1487	1337	0	101	#
1488	1337	1	101	#
1489	1337	2	101	#
1490	1337	3	101	#
1491	1337	4	101	#
1492	1337	5	101	#
1493	1337	6	101	#
1494	1337	7	101	#
1495	1337	8	101	#
1496	1337	9	101	#
1497	1337	10	101	#
1498	1337	11	101	#
1499	1337	12	101	#
1500	1337	13	101	#
1501	1337	14	101	#
1502	1337	15	101	#
1503	1337	16	101	#
1504	1337	17	101	#
1505	1337	18	101	#
1506	1337	19	101	#
1507	1337	20	101	#
1508	1337	21	101	#
1509	1337	22	101	#
1510	1337	23	101	#
1511	1337	24	101	#
1512	553	25	101	#
1513	553	26	101	#
1514	553	27	101	#
1515	553	28	101	#
1516	553	29	101	#
1517	553	30	101	#
1518	553	31	101	#
1519	553	32	101	#
1520	553	33	101	#
1521	553	34	101	#
1522	553	35	101	#
1523	553	36	101	#
1524	553	37	101	#
1525	553	38	101	#
1526	553	39	101	#
1527	553	40	101	#
1528	553	41	101	#
1529	553	42	101	#
1530	553	43	101	#
1531	553	44	101	#
1532	553	45	101	#
1533	553	46	101	#
1534	553	47	101	#
1535	553	48	101	#
1536	553	49	101	#
1537	553	50	101	#
1538	553	51	101	#
1539	553	52	101	#
1540	553	53	101	#
1541	553	54	101	#
1542	553	55	101	#
1543	553	56	101	#
1544	553	57	101	#
1545	553	58	101	#
1546	15163	0	1	2	3	4	5	6	102	#
1547	15163	1	2	3	4	5	6	7	102	#
1548	15163	2	3	4	5	6	7	8	102	#
1549	15163	3	4	5	6	7	8	9	102	#
1550	15163	4	5	6	7	8	9	10	102	#
1551	15163	5	6	7	8	9	10	11	102	#
1552	15163	6	7	8	9	10	11	12	102	#
1553	15163	7	8	9	10	11	12	13	102	#
1554	15163	8	9	10	11	12	13	14	102	#
1555	15163	9	10	11	12	13	14	15	102	#
1556	15163	10	11	12	13	14	15	16	102	#
1557	15163	11	12	13	14	15	16	17	102	#
1558	15163	12	13	14	15	16	17	18	102	#
1559	15163	13	14	15	16	17	18	19	102	#
1560	15163	14	15	16	17	18	19	20	102	#
1561	15163	15	16	17	18	19	20	21	102	#
1562	15163	16	17	18	19	20	21	22	102	#
1563	15163	17	18	19	20	21	22	23	102	#
1564	15163	18	19	20	21	22	23	24	102	#
1565	15163	19	20	21	22	23	24	25	102	#
1566	15163	20	21	22	23	24	25	26	102	#
1567	15163	21	22	23	24	25	26	27	102	#
1568	15163	22	23	24	25	26	27	28	102	#
1569	15163	23	24	25	26	27	28	29	102	#
1570	15163	24	25	26	27	28	29	30	102	#
1571	15163	25	26	27	28	29	30	31	102	#
1572	15163	26	27	28	29	30	31	32	102	#
1573	15163	27	28	29	30	31	32	33	102	#
1574	15163	28	29	30	31	32	33	34	102	#
1575	15163	29	30	31	32	33	34	35	102	#
1576	15163	30	31	32	33	34	35	36	102	#
1577	15163	31	32	33	34	35	36	37	102	#
1578	15163	32	33	34	35	36	37	38	102	#
1579	15163	33	34	35	36	37	38	39	102	#
1580	15163	34	35	36	37	38	39	40	102	#
1581	15163	35	36	37	38	39	40	41	102	#
1582	15163	36	37	38	39	40	41	42	102	#
1583	15163	37	38	39	40	41	42	43	102	#
1584	15163	38	39	40	41	42	43	44	102	#
1585	15163	39	40	41	42	43	44	45	102	#
1586	15163	40	41	42	43	44	45	46	102	#
1587	15163	41	42	43	44	45	46	47	102	#
1588	15163	42	43	44	45	46	47	48	102	#
1589	15163	43	44	45	46	47	48	49	102	#
1590	15163	44	45	46	47	48	49	50	102	#
1591	15163	45	46	47	48	49	50	51	102	#
1592	15163	46	47	48	49	50	51	52	102	#
1593	15163	47	48	49	50	51	52	53	102	#
1594	15163	48	49	50	51	52	53	54	102	#
1595	15163	49	50	51	52	53	54	55	102	#
1596	15163	50	51	52	53	54	55	56	102	#
1597	15163	51	52	53	54	55	56	57	102	#
1598	15163	52	53	54	55	56	57	58	102	#
1599	15163	53	54	55	56	57	58	59	102	#
1600	15163	54	55	56	57	58	59	60	102	#
1601	15163	55	56	57	58	59	60	61	102	#
1602	15163	56	57	58	59	60	61	62	102	#
1603	15163	57	58	59	60	61	62	63	102	#
1604	15163	58	59	60	61	62	63	64	102	#
1605	15163	59	60	61	62	63	64	65	102	#
1606	15163	60	61	62	63	64	65	66	102	#
1607	15163	61	62	63	64	65	66	67	102	#
1608	15163	62	63	64	65	66	67	68	102	#
1609	15163	63	64	65	66	67	68	69	102	#
1610	15163	64	65	66	67	68	69	70	102	#
1611	15163	65	66	67	68	69	70	71	102	#
1612	15163	66	67	68	69	70	71	72	102	#
1613	15163	67	68	69	70	71	72	73	102	#
1614	14958	68	69	70	71	72	73	74	102	#
1615	746	0	103	#
1616	746	1	103	#
1617	746	2	103	#
1618	746	3	103	#
1619	746	4	103	#
1620	746	5	103	#
1621	746	6	103	#
1622	746	7	103	#
1623	746	8	103	#
1624	746	9	103	#
1625	746	10	103	#
1626	746	11	103	#
1627	746	12	103	#
1628	746	13	103	#
1629	746	14	103	#
1630	746	15	103	#
1631	746	16	103	#
1632	746	17	103	#
1633	746	18	103	#
1634	746	19	103	#
1635	746	20	103	#
1636	746	21	103	#
1637	746	22	103	#
1638	746	23	103	#
1639	746	24	103	#
1640	746	25	103	#
1641	746	26	103	#
1642	746	27	103	#
1643	746	28	103	#
1644	746	29	103	#
1645	746	30	103	#
1646	6882	0	1	2	3	104	#
1647	6882	1	2	3	4	104	#
1648	6882	2	3	4	5	104	#
1649	6882	3	4	5	6	104	#
1650	6882	4	5	6	7	104	#
1651	6882	5	6	7	8	104	#
1652	6882	6	7	8	9	104	#
1653	6882	7	8	9	10	104	#
1654	6882	8	9	10	11	104	#
1655	6882	9	10	11	12	104	#
1656	6882	10	11	12	13	104	#
1657	6882	11	12	13	14	104	#
1658	6882	12	13	14	15	104	#
1659	6882	13	14	15	16	104	#
1660	6882	14	15	16	17	104	#
1661	6882	15	16	17	18	104	#
1662	6882	16	17	18	19	104	#
1663	6882	17	18	19	20	104	#
1664	6882	18	19	20	21	104	#
1665	6882	19	20	21	22	104	#
1666	6882	20	21	22	23	104	#
1667	6882	21	22	23	24	104	#
1668	6882	22	23	24	25	104	#
1669	6882	23	24	25	26	104	#
1670	6882	24	25	26	27	104	#
1671	6882	25	26	27	28	104	#
1672	6882	26	27	28	29	104	#
1673	6882	27	28	29	30	104	#
1674	6882	28	29	30	31	104	#
1675	6882	29	30	31	32	104	#
1676	6882	30	31	32	33	104	#
1677	6882	31	32	33	34	104	#
1678	6882	32	33	34	35	104	#
1679	6882	33	34	35	36	104	#
1680	6882	34	35	36	37	104	#
1681	6882	35	36	37	38	104	#
1682	6882	36	37	38	39	104	#
1683	6882	37	38	39	40	104	#
1684	6882	38	39	40	41	104	#
1685	6882	39	40	41	42	104	#
1686	6882	40	41	42	43	104	#
1687	6882	41	42	43	44	104	#
1688	6882	42	43	44	45	104	#
1689	6882	43	44	45	46	104	#
1690	6882	44	45	46	47	104	#
1691	6882	45	46	47	48	104	#
1692	6882	46	47	48	49	104	#
1693	6882	47	48	49	50	104	#
1694	6882	48	49	50	51	104	#
1695	6882	49	50	51	52	104	#
1696	5592	50	51	52	53	104	#
1697	5592	51	52	53	54	104	#
1698	5592	52	53	54	55	104	#
1699	5592	53	54	55	56	104	#
1700	5592	54	55	56	57	104	#
1701	5592	55	56	57	58	104	#
1702	5592	56	57	58	59	104	#
1703	5592	57	58	59	60	104	#
1704	5592	58	59	60	61	104	#
1705	5592	59	60	61	62	104	#
1706	5592	60	61	62	63	104	#
1707	5592	61	62	63	64	104	#
1708	8291	0	1	2	3	4	5	6	7	8	9	105	#
1709	8291	1	2	3	4	5	6	7	8	9	10	105	#
1710	8291	2	3	4	5	6	7	8	9	10	11	105	#
1711	8291	3	4	5	6	7	8	9	10	11	12	105	#
1712	8291	4	5	6	7	8	9	10	11	12	13	105	#
1713	8291	5	6	7	8	9	10	11	12	13	14	105	#
1714	2638	6	7	8	9	10	11	12	13	14	15	105	#
1715	2638	7	8	9	10	11	12	13	14	15	16	105	#
1716	2638	8	9	10	11	12	13	14	15	16	17	105	#
1717	2638	9	10	11	12	13	14	15	16	17	18	105	#
1718	2638	10	11	12	13	14	15	16	17	18	19	105	#
1719	2638	11	12	13	14	15	16	17	18	19	20	105	#
1720	2638	12	13	14	15	16	17	18	19	20	21	105	#
1721	2638	13	14	15	16	17	18	19	20	21	22	105	#
1722	2638	14	15	16	17	18	19	20	21	22	23	105	#
1723	2638	15	16	17	18	19	20	21	22	23	24	105	#
1724	2638	16	17	18	19	20	21	22	23	24	25	105	#
1725	2638	17	18	19	20	21	22	23	24	25	26	105	#
1726	2638	18	19	20	21	22	23	24	25	26	27	105	#
1727	2638	19	20	21	22	23	24	25	26	27	28	105	#
1728	2638	20	21	22	23	24	25	26	27	28	29	105	#
1729	2638	21	22	23	24	25	26	27	28	29	30	105	#
1730	2638	22	23	24	25	26	27	28	29	30	31	105	#
1731	2638	23	24	25	26	27	28	29	30	31	32	105	#
1732	2638	24	25	26	27	28	29	30	31	32	33	105	#
1733	2638	25	26	27	28	29	30	31	32	33	34	105	#
1734	2638	26	27	28	29	30	31	32	33	34	35	105	#
1735	2638	27	28	29	30	31	32	33	34	35	36	105	#
1736	2638	28	29	30	31	32	33	34	35	36	37	105	#
1737	2638	29	30	31	32	33	34	35	36	37	38	105	#
1738	2638	30	31	32	33	34	35	36	37	38	39	105	#
1739	2638	31	32	33	34	35	36	37	38	39	40	105	#
1740	2638	32	33	34	35	36	37	38	39	40	41	105	#
1741	2638	33	34	35	36	37	38	39	40	41	42	105	#
1742	2638	34	35	36	37	38	39	40	41	42	43	105	#
1743	2638	35	36	37	38	39	40	41	42	43	44	105	#
1744	15436	0	1	2	3	4	5	6	106	#
1745	15436	1	2	3	4	5	6	7	106	#
1746	15436	2	3	4	5	6	7	8	106	#
1747	15436	3	4	5	6	7	8	9	106	#
1748	15436	4	5	6	7	8	9	10	106	#
1749	15436	5	6	7	8	9	10	11	106	#
1750	15436	6	7	8	9	10	11	12	106	#
1751	15436	7	8	9	10	11	12	13	106	#
1752	15436	8	9	10	11	12	13	14	106	#
1753	15436	9	10	11	12	13	14	15	106	#
1754	15436	10	11	12	13	14	15	16	106	#
1755	15436	11	12	13	14	15	16	17	106	#
1756	15436	12	13	14	15	16	17	18	106	#
1757	15436	13	14	15	16	17	18	19	106	#
1758	15436	14	15	16	17	18	19	20	106	#
1759	15436	15	16	17	18	19	20	21	106	#
1760	15436	16	17	18	19	20	21	22	106	#
1761	9799	0	1	2	3	4	5	6	7	107	#
1762	9799	1	2	3	4	5	6	7	8	107	#
1763	9799	2	3	4	5	6	7	8	9	107	#
1764	9799	3	4	5	6	7	8	9	10	107	#
1765	9799	4	5	6	7	8	9	10	11	107	#
1766	9799	5	6	7	8	9	10	11	12	107	#
1767	9799	6	7	8	9	10	11	12	13	107	#
1768	9799	7	8	9	10	11	12	13	14	107	#
1769	9799	8	9	10	11	12	13	14	15	107	#
1770	9799	9	10	11	12	13	14	15	16	107	#
1771	9799	10	11	12	13	14	15	16	17	107	#
1772	9799	11	12	13	14	15	16	17	18	107	#
1773	9799	12	13	14	15	16	17	18	19	107	#
1774	9799	13	14	15	16	17	18	19	20	107	#
1775	9799	14	15	16	17	18	19	20	21	107	#
1776	9799	15	16	17	18	19	20	21	22	107	#
1777	9799	16	17	18	19	20	21	22	23	107	#
1778	9799	17	18	19	20	21	22	23	24	107	#
1779	9799	18	19	20	21	22	23	24	25	107	#
1780	9799	19	20	21	22	23	24	25	26	107	#
1781	9799	20	21	22	23	24	25	26	27	107	#
1782	9799	21	22	23	24	25	26	27	28	107	#
1783	9799	22	23	24	25	26	27	28	29	107	#
1784	9799	23	24	25	26	27	28	29	30	107	#
1785	9799	24	25	26	27	28	29	30	31	107	#
1786	9799	25	26	27	28	29	30	31	32	107	#
1787	9799	26	27	28	29	30	31	32	33	107	#
1788	9799	27	28	29	30	31	32	33	34	107	#
1789	9799	28	29	30	31	32	33	34	35	107	#
1790	9799	29	30	31	32	33	34	35	36	107	#
1791	9799	30	31	32	33	34	35	36	37	107	#
1792	9799	31	32	33	34	35	36	37	38	107	#
1793	9799	32	33	34	35	36	37	38	39	107	#
1794	9799	33	34	35	36	37	38	39	40	107	#
1795	9799	34	35	36	37	38	39	40	41	107	#
1796	9799	35	36	37	38	39	40	41	42	107	#
1797	9799	36	37	38	39	40	41	42	43	107	#
1798	9799	37	38	39	40	41	42	43	44	107	#
1799	9799	38	39	40	41	42	43	44	45	107	#
1800	9799	39	40	41	42	43	44	45	46	107	#
1801	9799	40	41	42	43	44	45	46	47	107	#
1802	9799	41	42	43	44	45	46	47	48	107	#
1803	9799	42	43	44	45	46	47	48	49	107	#
1804	9799	43	44	45	46	47	48	49	50	107	#
1805	9799	44	45	46	47	48	49	50	51	107	#
1806	9799	45	46	47	48	49	50	51	52	107	#
1807	9799	46	47	48	49	50	51	52	53	107	#
1808	9799	47	48	49	50	51	52	53	54	107	#
1809	9799	48	49	50	51	52	53	54	55	107	#
1810	9799	49	50	51	52	53	54	55	56	107	#
1811	5247	0	1	2	3	4	108	#
1812	5247	1	2	3	4	5	108	#
1813	5247	2	3	4	5	6	108	#
1814	5247	3	4	5	6	7	108	#
1815	5247	4	5	6	7	8	108	#
1816	5247	5	6	7	8	9	108	#
1817	5247	6	7	8	9	10	108	#
1818	5247	7	8	9	10	11	108	#
1819	5247	8	9	10	11	12	108	#
1820	5247	9	10	11	12	13	108	#
1821	5247	10	11	12	13	14	108	#
1822	5247	11	12	13	14	15	108	#
1823	5247	12	13	14	15	16	108	#
1824	5247	13	14	15	16	17	108	#
1825	5247	14	15	16	17	18	108	#
1826	5247	15	16	17	18	19	108	#
1827	5247	16	17	18	19	20	108	#
1828	5247	17	18	19	20	21	108	#
1829	5247	18	19	20	21	22	108	#
1830	5247	19	20	21	22	23	108	#
1831	5247	20	21	22	23	24	108	#
1832	5247	21	22	23	24	25	108	#
1833	5247	22	23	24	25	26	108	#
1834	5247	23	24	25	26	27	108	#
1835	5247	24	25	26	27	28	108	#
1836	5247	25	26	27	28	29	108	#
1837	5247	26	27	28	29	30	108	#
1838	5247	27	28	29	30	31	108	#
1839	5247	28	29	30	31	32	108	#
1840	5247	29	30	31	32	33	108	#
1841	5247	30	31	32	33	34	108	#
1842	5247	31	32	33	34	35	108	#
1843	5247	32	33	34	35	36	108	#
1844	5247	33	34	35	36	37	108	#
1845	5247	34	35	36	37	38	108	#
1846	5247	35	36	37	38	39	108	#
1847	5247	36	37	38	39	40	108	#
1848	2956	37	38	39	40	41	108	#
1849	2956	38	39	40	41	42	108	#
1850	2956	39	40	41	42	43	108	#
1851	2956	40	41	42	43	44	108	#
1852	2956	41	42	43	44	45	108	#
1853	2956	42	43	44	45	46	108	#
1854	2956	43	44	45	46	47	108	#
1855	2956	44	45	46	47	48	108	#
1856	2956	45	46	47	48	49	108	#
1857	2956	46	47	48	49	50	108	#
1858	2956	47	48	49	50	51	108	#
1859	2956	48	49	50	51	52	108	#
1860	2956	49	50	51	52	53	108	#
1861	2956	50	51	52	53	54	108	#
1862	2956	51	52	53	54	55	108	#
1863	2956	52	53	54	55	56	108	#
1864	2956	53	54	55	56	57	108	#
1865	2956	54	55	56	57	58	108	#
1866	2956	55	56	57	58	59	108	#
1867	2956	56	57	58	59	60	108	#
1868	2956	57	58	59	60	61	108	#
1869	2956	58	59	60	61	62	108	#
1870	2956	59	60	61	62	63	108	#
1871	2956	60	61	62	63	64	108	#
1872	2956	61	62	63	64	65	108	#
1873	2956	62	63	64	65	66	108	#
1874	2956	63	64	65	66	67	108	#
1875	2956	64	65	66	67	68	108	#
1876	2956	65	66	67	68	69	108	#
1877	2956	66	67	68	69	70	108	#
1878	2956	67	68	69	70	71	108	#
1879	2836	68	69	70	71	72	108	#
1880	2836	69	70	71	72	73	108	#
1881	2836	70	71	72	73	74	108	#
1882	17492	0	1	2	3	4	5	6	7	8	109	#
1883	17492	1	2	3	4	5	6	7	8	9	109	#
1884	17492	2	3	4	5	6	7	8	9	10	109	#
1885	17492	3	4	5	6	7	8	9	10	11	109	#
1886	17492	4	5	6	7	8	9	10	11	12	109	#
1887	17492	5	6	7	8	9	10	11	12	13	109	#
1888	17492	6	7	8	9	10	11	12	13	14	109	#
1889	17492	7	8	9	10	11	12	13	14	15	109	#
1890	17492	8	9	10	11	12	13	14	15	16	109	#
1891	17492	9	10	11	12	13	14	15	16	17	109	#
1892	17492	10	11	12	13	14	15	16	17	18	109	#
1893	8607	0	1	2	3	4	110	#
1894	8607	1	2	3	4	5	110	#
1895	8607	2	3	4	5	6	110	#
1896	8607	3	4	5	6	7	110	#
1897	8607	4	5	6	7	8	110	#
1898	8607	5	6	7	8	9	110	#
1899	8607	6	7	8	9	10	110	#
1900	8607	7	8	9	10	11	110	#
1901	8607	8	9	10	11	12	110	#
1902	8607	9	10	11	12	13	110	#
1903	8607	10	11	12	13	14	110	#
1904	8607	11	12	13	14	15	110	#
1905	8607	12	13	14	15	16	110	#
1906	8607	13	14	15	16	17	110	#
1907	8607	14	15	16	17	18	110	#
1908	8607	15	16	17	18	19	110	#
1909	8607	16	17	18	19	20	110	#
1910	8607	17	18	19	20	21	110	#
1911	8607	18	19	20	21	22	110	#
1912	8607	19	20	21	22	23	110	#
1913	8607	20	21	22	23	24	110	#
1914	8607	21	22	23	24	25	110	#
1915	8607	22	23	24	25	26	110	#
1916	8607	23	24	25	26	27	110	#
1917	8607	24	25	26	27	28	110	#
1918	8607	25	26	27	28	29	110	#
1919	8607	26	27	28	29	30	110	#
1920	8607	27	28	29	30	31	110	#
1921	8607	28	29	30	31	32	110	#
1922	8607	29	30	31	32	33	110	#
1923	8607	30	31	32	33	34	110	#
1924	8607	31	32	33	34	35	110	#
1925	8607	32	33	34	35	36	110	#
1926	8607	33	34	35	36	37	110	#
1927	8607	34	35	36	37	38	110	#
1928	8607	35	36	37	38	39	110	#
1929	8607	36	37	38	39	40	110	#
1930	8607	37	38	39	40	41	110	#
1931	8607	38	39	40	41	42	110	#
1932	6573	39	40	41	42	43	110	#
1933	6573	40	41	42	43	44	110	#
1934	6573	41	42	43	44	45	110	#
1935	6573	42	43	44	45	46	110	#
1936	6573	43	44	45	46	47	110	#
1937	6573	44	45	46	47	48	110	#
1938	6573	45	46	47	48	49	110	#
1939	6573	46	47	48	49	50	110	#
1940	6573	47	48	49	50	51	110	#
1941	6573	48	49	50	51	52	110	#
1942	6573	49	50	51	52	53	110	#
1943	6573	50	51	52	53	54	110	#
1944	6573	51	52	53	54	55	110	#
1945	5316	52	53	54	55	56	110	#
1946	5316	53	54	55	56	57	110	#
1947	5316	54	55	56	57	58	110	#
1948	5316	55	56	57	58	59	110	#
1949	5316	56	57	58	59	60	110	#
1950	5316	57	58	59	60	61	110	#
1951	5316	58	59	60	61	62	110	#
1952	5316	59	60	61	62	63	110	#
1953	5316	60	61	62	63	64	110	#
1954	5316	61	62	63	64	65	110	#
1955	5316	62	63	64	65	66	110	#
1956	5316	63	64	65	66	67	110	#
1957	5316	64	65	66	67	68	110	#
1958	10850	0	1	2	3	4	5	111	#
1959	10850	1	2	3	4	5	6	111	#
1960	10850	2	3	4	5	6	7	111	#
1961	10850	3	4	5	6	7	8	111	#
1962	10850	4	5	6	7	8	9	111	#
1963	10850	5	6	7	8	9	10	111	#
1964	10850	6	7	8	9	10	11	111	#
1965	10850	7	8	9	10	11	12	111	#
1966	10850	8	9	10	11	12	13	111	#
1967	10850	9	10	11	12	13	14	111	#
1968	10850	10	11	12	13	14	15	111	#
1969	10850	11	12	13	14	15	16	111	#
1970	10850	12	13	14	15	16	17	111	#
1971	10850	13	14	15	16	17	18	111	#
1972	10850	14	15	16	17	18	19	111	#
1973	10850	15	16	17	18	19	20	111	#
1974	10850	16	17	18	19	20	21	111	#
1975	10850	17	18	19	20	21	22	111	#
1976	10850	18	19	20	21	22	23	111	#
1977	10850	19	20	21	22	23	24	111	#
1978	10850	20	21	22	23	24	25	111	#
1979	10850	21	22	23	24	25	26	111	#
1980	10850	22	23	24	25	26	27	111	#
1981	10850	23	24	25	26	27	28	111	#
1982	10850	24	25	26	27	28	29	111	#
1983	10850	25	26	27	28	29	30	111	#
1984	10850	26	27	28	29	30	31	111	#
1985	10850	27	28	29	30	31	32	111	#
1986	10850	28	29	30	31	32	33	111	#
1987	10850	29	30	31	32	33	34	111	#
1988	10850	30	31	32	33	34	35	111	#
1989	10850	31	32	33	34	35	36	111	#
1990	10850	32	33	34	35	36	37	111	#
1991	10850	33	34	35	36	37	38	111	#
1992	10850	34	35	36	37	38	39	111	#
1993	10850	35	36	37	38	39	40	111	#
1994	10850	36	37	38	39	40	41	111	#
1995	10850	37	38	39	40	41	42	111	#
1996	12699	0	1	2	3	4	5	6	112	#
1997	12699	1	2	3	4	5	6	7	112	#
1998	12699	2	3	4	5	6	7	8	112	#
1999	12699	3	4	5	6	7	8	9	112	#
2000	12699	4	5	6	7	8	9	10	112	#
2001	12699	5	6	7	8	9	10	11	112	#
2002	12699	6	7	8	9	10	11	12	112	#
2003	12699	7	8	9	10	11	12	13	112	#
2004	12699	8	9	10	11	12	13	14	112	#
2005	12699	9	10	11	12	13	14	15	112	#
2006	12699	10	11	12	13	14	15	16	112	#
2007	12699	11	12	13	14	15	16	17	112	#
2008	12699	12	13	14	15	16	17	18	112	#
2009	12699	13	14	15	16	17	18	19	112	#
2010	12699	14	15	16	17	18	19	20	112	#
2011	12699	15	16	17	18	19	20	21	112	#
2012	12699	16	17	18	19	20	21	22	112	#
2013	12699	17	18	19	20	21	22	23	112	#
2014	12699	18	19	20	21	22	23	24	112	#
2015	12699	19	20	21	22	23	24	25	112	#
2016	12699	20	21	22	23	24	25	26	112	#
2017	12699	21	22	23	24	25	26	27	112	#
2018	12699	22	23	24	25	26	27	28	112	#
2019	12699	23	24	25	26	27	28	29	112	#
2020	12699	24	25	26	27	28	29	30	112	#
2021	12699	25	26	27	28	29	30	31	112	#
2022	12699	26	27	28	29	30	31	32	112	#
2023	12699	27	28	29	30	31	32	33	112	#
2024	12699	28	29	30	31	32	33	34	112	#
2025	12699	29	30	31	32	33	34	35	112	#
2026	12699	30	31	32	33	34	35	36	112	#
2027	12699	31	32	33	34	35	36	37	112	#
2028	12699	32	33	34	35	36	37	38	112	#
2029	12699	33	34	35	36	37	38	39	112	#
2030	12699	34	35	36	37	38	39	40	112	#
2031	12699	35	36	37	38	39	40	41	112	#
2032	12699	36	37	38	39	40	41	42	112	#
2033	12699	37	38	39	40	41	42	43	112	#
2034	12699	38	39	40	41	42	43	44	112	#
2035	12699	39	40	41	42	43	44	45	112	#
2036	11905	40	41	42	43	44	45	46	112	#
2037	11905	41	42	43	44	45	46	47	112	#
2038	11905	42	43	44	45	46	47	48	112	#
2039	3652	0	1	2	3	4	113	#
2040	3652	1	2	3	4	5	113	#
2041	3652	2	3	4	5	6	113	#
2042	3652	3	4	5	6	7	113	#
2043	3652	4	5	6	7	8	113	#
2044	3652	5	6	7	8	9	113	#
2045	3652	6	7	8	9	10	113	#
2046	3652	7	8	9	10	11	113	#
2047	3652	8	9	10	11	12	113	#
2048	3652	9	10	11	12	13	113	#
2049	3652	10	11	12	13	14	113	#
2050	3652	11	12	13	14	15	113	#
2051	3652	12	13	14	15	16	113	#
2052	3652	13	14	15	16	17	113	#
2053	3652	14	15	16	17	18	113	#
2054	3652	15	16	17	18	19	113	#
2055	3652	16	17	18	19	20	113	#
2056	3652	17	18	19	20	21	113	#
2057	3652	18	19	20	21	22	113	#
2058	3652	19	20	21	22	23	113	#
2059	3652	20	21	22	23	24	113	#
2060	3652	21	22	23	24	25	113	#
2061	3652	22	23	24	25	26	113	#
2062	3652	23	24	25	26	27	113	#
2063	3652	24	25	26	27	28	113	#
2064	3652	25	26	27	28	29	113	#
2065	3652	26	27	28	29	30	113	#
2066	3652	27	28	29	30	31	113	#
2067	3652	28	29	30	31	32	113	#
2068	3652	29	30	31	32	33	113	#
2069	3652	30	31	32	33	34	113	#
2070	3652	31	32	33	34	35	113	#
2071	3652	32	33	34	35	36	113	#
2072	2155	33	34	35	36	37	113	#
2073	2155	34	35	36	37	38	113	#
2074	2155	35	36	37	38	39	113	#
2075	2155	36	37	38	39	40	113	#
2076	2155	37	38	39	40	41	113	#
2077	2155	38	39	40	41	42	113	#
2078	2155	39	40	41	42	43	113	#
2079	2155	40	41	42	43	44	113	#
2080	2155	41	42	43	44	45	113	#
2081	2155	42	43	44	45	46	113	#
2082	2155	43	44	45	46	47	113	#
2083	2155	44	45	46	47	48	113	#
2084	2155	45	46	47	48	49	113	#
2085	2155	46	47	48	49	50	113	#
2086	2155	47	48	49	50	51	113	#
2087	2155	48	49	50	51	52	113	#
2088	2155	49	50	51	52	53	113	#
2089	2155	50	51	52	53	54	113	#
2090	2155	51	52	53	54	55	113	#
2091	2155	52	53	54	55	56	113	#
2092	2155	53	54	55	56	57	113	#
2093	2155	54	55	56	57	58	113	#
2094	2155	55	56	57	58	59	113	#
2095	2155	56	57	58	59	60	113	#
2096	2155	57	58	59	60	61	113	#
2097	1826	58	59	60	61	62	113	#
2098	1826	59	60	61	62	63	113	#
2099	1826	60	61	62	63	64	113	#
2100	1826	61	62	63	64	65	113	#
2101	1826	62	63	64	65	66	113	#
2102	1826	63	64	65	66	67	113	#
2103	1826	64	65	66	67	68	113	#
2104	1826	65	66	67	68	69	113	#
2105	1826	66	67	68	69	70	113	#
2106	1826	67	68	69	70	71	113	#
2107	1826	68	69	70	71	72	113	#
2108	1801	69	70	71	72	73	113	#
2109	1777	70	71	72	73	74	113	#
2110	5661	0	1	2	3	4	5	6	114	#
2111	5661	1	2	3	4	5	6	7	114	#
2112	5661	2	3	4	5	6	7	8	114	#
2113	5661	3	4	5	6	7	8	9	114	#
2114	5661	4	5	6	7	8	9	10	114	#
2115	5661	5	6	7	8	9	10	11	114	#
2116	5661	6	7	8	9	10	11	12	114	#
2117	5661	7	8	9	10	11	12	13	114	#
2118	5661	8	9	10	11	12	13	14	114	#
2119	5661	9	10	11	12	13	14	15	114	#
2120	5661	10	11	12	13	14	15	16	114	#
2121	5661	11	12	13	14	15	16	17	114	#
2122	5661	12	13	14	15	16	17	18	114	#
2123	5661	13	14	15	16	17	18	19	114	#
2124	5661	14	15	16	17	18	19	20	114	#
2125	5661	15	16	17	18	19	20	21	114	#
2126	5661	16	17	18	19	20	21	22	114	#
2127	5661	17	18	19	20	21	22	23	114	#
2128	5661	18	19	20	21	22	23	24	114	#
2129	5661	19	20	21	22	23	24	25	114	#
2130	5661	20	21	22	23	24	25	26	114	#
2131	5661	21	22	23	24	25	26	27	114	#
2132	5661	22	23	24	25	26	27	28	114	#
2133	5661	23	24	25	26	27	28	29	114	#
2134	5661	24	25	26	27	28	29	30	114	#
2135	5661	25	26	27	28	29	30	31	114	#
2136	5661	26	27	28	29	30	31	32	114	#
2137	5661	27	28	29	30	31	32	33	114	#
2138	5661	28	29	30	31	32	33	34	114	#
2139	5661	29	30	31	32	33	34	35	114	#
2140	5661	30	31	32	33	34	35	36	114	#
2141	5661	31	32	33	34	35	36	37	114	#
2142	5661	32	33	34	35	36	37	38	114	#
2143	5661	33	34	35	36	37	38	39	114	#
2144	3397	34	35	36	37	38	39	40	114	#
2145	3397	35	36	37	38	39	40	41	114	#
2146	3397	36	37	38	39	40	41	42	114	#
2147	3397	37	38	39	40	41	42	43	114	#
2148	3397	38	39	40	41	42	43	44	114	#
2149	3397	39	40	41	42	43	44	45	114	#
2150	3397	40	41	42	43	44	45	46	114	#
2151	3397	41	42	43	44	45	46	47	114	#
2152	3397	42	43	44	45	46	47	48	114	#
2153	3397	43	44	45	46	47	48	49	114	#
2154	3397	44	45	46	47	48	49	50	114	#
2155	3397	45	46	47	48	49	50	51	114	#
2156	3397	46	47	48	49	50	51	52	114	#
2157	3397	47	48	49	50	51	52	53	114	#
2158	3397	48	49	50	51	52	53	54	114	#
2159	3397	49	50	51	52	53	54	55	114	#
2160	3397	50	51	52	53	54	55	56	114	#
2161	3397	51	52	53	54	55	56	57	114	#
2162	3397	52	53	54	55	56	57	58	114	#
2163	3397	53	54	55	56	57	58	59	114	#
2164	3397	54	55	56	57	58	59	60	114	#
2165	3397	55	56	57	58	59	60	61	114	#
2166	3397	56	57	58	59	60	61	62	114	#
2167	3397	57	58	59	60	61	62	63	114	#
2168	3397	58	59	60	61	62	63	64	114	#
2169	3397	59	60	61	62	63	64	65	114	#
2170	3067	60	61	62	63	64	65	66	114	#
2171	3067	61	62	63	64	65	66	67	114	#
2172	3067	62	63	64	65	66	67	68	114	#
2173	3067	63	64	65	66	67	68	69	114	#
2174	3067	64	65	66	67	68	69	70	114	#
2175	3067	65	66	67	68	69	70	71	114	#
2176	3067	66	67	68	69	70	71	72	114	#
2177	2984	67	68	69	70	71	72	73	114	#
2178	2984	68	69	70	71	72	73	74	114	#
2179	15955	0	1	2	3	4	5	6	7	115	#
2180	15955	1	2	3	4	5	6	7	8	115	#
2181	15955	2	3	4	5	6	7	8	9	115	#
2182	15955	3	4	5	6	7	8	9	10	115	#
2183	15955	4	5	6	7	8	9	10	11	115	#
2184	15955	5	6	7	8	9	10	11	12	115	#
2185	15955	6	7	8	9	10	11	12	13	115	#
2186	15955	7	8	9	10	11	12	13	14	115	#
2187	15955	8	9	10	11	12	13	14	15	115	#
2188	15955	9	10	11	12	13	14	15	16	115	#
2189	15955	10	11	12	13	14	15	16	17	115	#
2190	15955	11	12	13	14	15	16	17	18	115	#
2191	15955	12	13	14	15	16	17	18	19	115	#
2192	15955	13	14	15	16	17	18	19	20	115	#
2193	15955	14	15	16	17	18	19	20	21	115	#
2194	15955	15	16	17	18	19	20	21	22	115	#
2195	4808	16	17	18	19	20	21	22	23	115	#
2196	4808	17	18	19	20	21	22	23	24	115	#
2197	4808	18	19	20	21	22	23	24	25	115	#
2198	4808	19	20	21	22	23	24	25	26	115	#
2199	4808	20	21	22	23	24	25	26	27	115	#
2200	4808	21	22	23	24	25	26	27	28	115	#
2201	4808	22	23	24	25	26	27	28	29	115	#
2202	4808	23	24	25	26	27	28	29	30	115	#
2203	4808	24	25	26	27	28	29	30	31	115	#
2204	4808	25	26	27	28	29	30	31	32	115	#
2205	4808	26	27	28	29	30	31	32	33	115	#
2206	4808	27	28	29	30	31	32	33	34	115	#
2207	4808	28	29	30	31	32	33	34	35	115	#
2208	4808	29	30	31	32	33	34	35	36	115	#
2209	4808	30	31	32	33	34	35	36	37	115	#
2210	4808	31	32	33	34	35	36	37	38	115	#
2211	4808	32	33	34	35	36	37	38	39	115	#
2212	4808	33	34	35	36	37	38	39	40	115	#
2213	4808	34	35	36	37	38	39	40	41	115	#
2214	4808	35	36	37	38	39	40	41	42	115	#
2215	4808	36	37	38	39	40	41	42	43	115	#
2216	4808	37	38	39	40	41	42	43	44	115	#
2217	4808	38	39	40	41	42	43	44	45	115	#
2218	4808	39	40	41	42	43	44	45	46	115	#
2219	4808	40	41	42	43	44	45	46	47	115	#
2220	4808	41	42	43	44	45	46	47	48	115	#
2221	4808	42	43	44	45	46	47	48	49	115	#
2222	4808	43	44	45	46	47	48	49	50	115	#
2223	4808	44	45	46	47	48	49	50	51	115	#
2224	4808	45	46	47	48	49	50	51	52	115	#
2225	4808	46	47	48	49	50	51	52	53	115	#
2226	4808	47	48	49	50	51	52	53	54	115	#
2227	4808	48	49	50	51	52	53	54	55	115	#
2228	4808	49	50	51	52	53	54	55	56	115	#
2229	4808	50	51	52	53	54	55	56	57	115	#
2230	4808	51	52	53	54	55	56	57	58	115	#
2231	4808	52	53	54	55	56	57	58	59	115	#
2232	4808	53	54	55	56	57	58	59	60	115	#
2233	4808	54	55	56	57	58	59	60	61	115	#
2234	4808	55	56	57	58	59	60	61	62	115	#
2235	4808	56	57	58	59	60	61	62	63	115	#
2236	4808	57	58	59	60	61	62	63	64	115	#
2237	4808	58	59	60	61	62	63	64	65	115	#
2238	4808	59	60	61	62	63	64	65	66	115	#
2239	4808	60	61	62	63	64	65	66	67	115	#
2240	4808	61	62	63	64	65	66	67	68	115	#
2241	4808	62	63	64	65	66	67	68	69	115	#
2242	4808	63	64	65	66	67	68	69	70	115	#
2243	4808	64	65	66	67	68	69	70	71	115	#
2244	4808	65	66	67	68	69	70	71	72	115	#
2245	4808	66	67	68	69	70	71	72	73	115	#
2246	4743	67	68	69	70	71	72	73	74	115	#
2247	8388	0	1	2	3	4	5	6	116	#
2248	8388	1	2	3	4	5	6	7	116	#
2249	8388	2	3	4	5	6	7	8	116	#
2250	8388	3	4	5	6	7	8	9	116	#
2251	8388	4	5	6	7	8	9	10	116	#
2252	8388	5	6	7	8	9	10	11	116	#
2253	8388	6	7	8	9	10	11	12	116	#
2254	8388	7	8	9	10	11	12	13	116	#
2255	8388	8	9	10	11	12	13	14	116	#
2256	8388	9	10	11	12	13	14	15	116	#
2257	8388	10	11	12	13	14	15	16	116	#
2258	8388	11	12	13	14	15	16	17	116	#
2259	8388	12	13	14	15	16	17	18	116	#
2260	8388	13	14	15	16	17	18	19	116	#
2261	8388	14	15	16	17	18	19	20	116	#
2262	8388	15	16	17	18	19	20	21	116	#
2263	8388	16	17	18	19	20	21	22	116	#
2264	8388	17	18	19	20	21	22	23	116	#
2265	8388	18	19	20	21	22	23	24	116	#
2266	8388	19	20	21	22	23	24	25	116	#
2267	8388	20	21	22	23	24	25	26	116	#
2268	8388	21	22	23	24	25	26	27	116	#
2269	8388	22	23	24	25	26	27	28	116	#
2270	8388	23	24	25	26	27	28	29	116	#
2271	8388	24	25	26	27	28	29	30	116	#
2272	8388	25	26	27	28	29	30	31	116	#
2273	8388	26	27	28	29	30	31	32	116	#
2274	8388	27	28	29	30	31	32	33	116	#
2275	8388	28	29	30	31	32	33	34	116	#
2276	8388	29	30	31	32	33	34	35	116	#
2277	8388	30	31	32	33	34	35	36	116	#
2278	8388	31	32	33	34	35	36	37	116	#
2279	8388	32	33	34	35	36	37	38	116	#
2280	8388	33	34	35	36	37	38	39	116	#
2281	8388	34	35	36	37	38	39	40	116	#
2282	8388	35	36	37	38	39	40	41	116	#
2283	8388	36	37	38	39	40	41	42	116	#
2284	8388	37	38	39	40	41	42	43	116	#
2285	8388	38	39	40	41	42	43	44	116	#
2286	8388	39	40	41	42	43	44	45	116	#
2287	8388	40	41	42	43	44	45	46	116	#
2288	8388	41	42	43	44	45	46	47	116	#
2289	8388	42	43	44	45	46	47	48	116	#
2290	8388	43	44	45	46	47	48	49	116	#
2291	8388	44	45	46	47	48	49	50	116	#
2292	8388	45	46	47	48	49	50	51	116	#
2293	8388	46	47	48	49	50	51	52	116	#
2294	8388	47	48	49	50	51	52	53	116	#
2295	8388	48	49	50	51	52	53	54	116	#
2296	4821	0	1	2	3	117	#
2297	4821	1	2	3	4	117	#
2298	4821	2	3	4	5	117	#
2299	4821	3	4	5	6	117	#
2300	4821	4	5	6	7	117	#
2301	4821	5	6	7	8	117	#
2302	4821	6	7	8	9	117	#
2303	4821	7	8	9	10	117	#
2304	4821	8	9	10	11	117	#
2305	4821	9	10	11	12	117	#
2306	4821	10	11	12	13	117	#
2307	4821	11	12	13	14	117	#
2308	4821	12	13	14	15	117	#
2309	4821	13	14	15	16	117	#
2310	4821	14	15	16	17	117	#
2311	4821	15	16	17	18	117	#
2312	4821	16	17	18	19	117	#
2313	4821	17	18	19	20	117	#
2314	4821	18	19	20	21	117	#
2315	4821	19	20	21	22	117	#
2316	4821	20	21	22	23	117	#
2317	4821	21	22	23	24	117	#
2318	4821	22	23	24	25	117	#
2319	4821	23	24	25	26	117	#
2320	4821	24	25	26	27	117	#
2321	4821	25	26	27	28	117	#
2322	4821	26	27	28	29	117	#
2323	4821	27	28	29	30	117	#
2324	4821	28	29	30	31	117	#
2325	4821	29	30	31	32	117	#
2326	4821	30	31	32	33	117	#
2327	4821	31	32	33	34	117	#
2328	4821	32	33	34	35	117	#
2329	4821	33	34	35	36	117	#
2330	4821	34	35	36	37	117	#
2331	4821	35	36	37	38	117	#
2332	4821	36	37	38	39	117	#
2333	4821	37	38	39	40	117	#
2334	4821	38	39	40	41	117	#
2335	4821	39	40	41	42	117	#
2336	4821	40	41	42	43	117	#
2337	4821	41	42	43	44	117	#
2338	4821	42	43	44	45	117	#
2339	4821	43	44	45	46	117	#
2340	4821	44	45	46	47	117	#
2341	4532	45	46	47	48	117	#
2342	4532	46	47	48	49	117	#
2343	4532	47	48	49	50	117	#
2344	3655	48	49	50	51	117	#
2345	3655	49	50	51	52	117	#
2346	3655	50	51	52	53	117	#
2347	3655	51	52	53	54	117	#
2348	3655	52	53	54	55	117	#
2349	3655	53	54	55	56	117	#
2350	3655	54	55	56	57	117	#
2351	3655	55	56	57	58	117	#
2352	3655	56	57	58	59	117	#
2353	3655	57	58	59	60	117	#
2354	3655	58	59	60	61	117	#
2355	3655	59	60	61	62	117	#
2356	3382	60	61	62	63	117	#
2357	3382	61	62	63	64	117	#
2358	3382	62	63	64	65	117	#
2359	3382	63	64	65	66	117	#
2360	3382	64	65	66	67	117	#
2361	3237	65	66	67	68	117	#
2362	3237	66	67	68	69	117	#
2363	3237	67	68	69	70	117	#
2364	3104	68	69	70	71	117	#
2365	3104	69	70	71	72	117	#
2366	3104	70	71	72	73	117	#
2367	3062	71	72	73	74	117	#
2368	6341	0	1	2	3	4	5	118	#
2369	6341	1	2	3	4	5	6	118	#
2370	6341	2	3	4	5	6	7	118	#
2371	6341	3	4	5	6	7	8	118	#
2372	6341	4	5	6	7	8	9	118	#
2373	6341	5	6	7	8	9	10	118	#
2374	6341	6	7	8	9	10	11	118	#
2375	6341	7	8	9	10	11	12	118	#
2376	6341	8	9	10	11	12	13	118	#
2377	6341	9	10	11	12	13	14	118	#
2378	6341	10	11	12	13	14	15	118	#
2379	6341	11	12	13	14	15	16	118	#
2380	6341	12	13	14	15	16	17	118	#
2381	6341	13	14	15	16	17	18	118	#
2382	6341	14	15	16	17	18	19	118	#
2383	6341	15	16	17	18	19	20	118	#
2384	6341	16	17	18	19	20	21	118	#
2385	6341	17	18	19	20	21	22	118	#
2386	6341	18	19	20	21	22	23	118	#
2387	6341	19	20	21	22	23	24	118	#
2388	6341	20	21	22	23	24	25	118	#
2389	6341	21	22	23	24	25	26	118	#
2390	6341	22	23	24	25	26	27	118	#
2391	6341	23	24	25	26	27	28	118	#
2392	6341	24	25	26	27	28	29	118	#
2393	6341	25	26	27	28	29	30	118	#
2394	6341	26	27	28	29	30	31	118	#
2395	6341	27	28	29	30	31	32	118	#
2396	6341	28	29	30	31	32	33	118	#
2397	6341	29	30	31	32	33	34	118	#
2398	6341	30	31	32	33	34	35	118	#
2399	6341	31	32	33	34	35	36	118	#
2400	6341	32	33	34	35	36	37	118	#
2401	6341	33	34	35	36	37	38	118	#
2402	6341	34	35	36	37	38	39	118	#
2403	6341	35	36	37	38	39	40	118	#
2404	6341	36	37	38	39	40	41	118	#
2405	6341	37	38	39	40	41	42	118	#
2406	6341	38	39	40	41	42	43	118	#
2407	6341	39	40	41	42	43	44	118	#
2408	6341	40	41	42	43	44	45	118	#
2409	6341	41	42	43	44	45	46	118	#
2410	6341	42	43	44	45	46	47	118	#
2411	6341	43	44	45	46	47	48	118	#
2412	6341	44	45	46	47	48	49	118	#
2413	6341	45	46	47	48	49	50	118	#
2414	6341	46	47	48	49	50	51	118	#
2415	6341	47	48	49	50	51	52	118	#
2416	6341	48	49	50	51	52	53	118	#
2417	6341	49	50	51	52	53	54	118	#
2418	6341	50	51	52	53	54	55	118	#
2419	6341	51	52	53	54	55	56	118	#
2420	6341	52	53	54	55	56	57	118	#
2421	6341	53	54	55	56	57	58	118	#
2422	6341	54	55	56	57	58	59	118	#
2423	6341	55	56	57	58	59	60	118	#
2424	6341	56	57	58	59	60	61	118	#
2425	6341	57	58	59	60	61	62	118	#
2426	6341	58	59	60	61	62	63	118	#
2427	6341	59	60	61	62	63	64	118	#
2428	6341	60	61	62	63	64	65	118	#
2429	6341	61	62	63	64	65	66	118	#
2430	6341	62	63	64	65	66	67	118	#
2431	6341	63	64	65	66	67	68	118	#
2432	6341	64	65	66	67	68	69	118	#
2433	6341	65	66	67	68	69	70	118	#
2434	6341	66	67	68	69	70	71	118	#
2435	6341	67	68	69	70	71	72	118	#
2436	6341	68	69	70	71	72	73	118	#
2437	6341	69	70	71	72	73	74	118	#
2438	9588	0	1	2	3	4	119	#
2439	9588	1	2	3	4	5	119	#
2440	9588	2	3	4	5	6	119	#
2441	9588	3	4	5	6	7	119	#
2442	9588	4	5	6	7	8	119	#
2443	9588	5	6	7	8	9	119	#
2444	9588	6	7	8	9	10	119	#
2445	9588	7	8	9	10	11	119	#
2446	9588	8	9	10	11	12	119	#
2447	9588	9	10	11	12	13	119	#
2448	9588	10	11	12	13	14	119	#
2449	9588	11	12	13	14	15	119	#
2450	9588	12	13	14	15	16	119	#
2451	9588	13	14	15	16	17	119	#
2452	9588	14	15	16	17	18	119	#
2453	9588	15	16	17	18	19	119	#
2454	9588	16	17	18	19	20	119	#
2455	9588	17	18	19	20	21	119	#
2456	9588	18	19	20	21	22	119	#
2457	9588	19	20	21	22	23	119	#
2458	9588	20	21	22	23	24	119	#
2459	9588	21	22	23	24	25	119	#
2460	9588	22	23	24	25	26	119	#
2461	9588	23	24	25	26	27	119	#
2462	9588	24	25	26	27	28	119	#
2463	9588	25	26	27	28	29	119	#
2464	9588	26	27	28	29	30	119	#
2465	9588	27	28	29	30	31	119	#
2466	9588	28	29	30	31	32	119	#
2467	9588	29	30	31	32	33	119	#
2468	9588	30	31	32	33	34	119	#
2469	9588	31	32	33	34	35	119	#
2470	9588	32	33	34	35	36	119	#
2471	9588	33	34	35	36	37	119	#
2472	9588	34	35	36	37	38	119	#
2473	9588	35	36	37	38	39	119	#
2474	9588	36	37	38	39	40	119	#
2475	9588	37	38	39	40	41	119	#
2476	9588	38	39	40	41	42	119	#
2477	9588	39	40	41	42	43	119	#
2478	9588	40	41	42	43	44	119	#
2479	9588	41	42	43	44	45	119	#
2480	9588	42	43	44	45	46	119	#
2481	9588	43	44	45	46	47	119	#
2482	9588	44	45	46	47	48	119	#
2483	9588	45	46	47	48	49	119	#
2484	9588	46	47	48	49	50	119	#
2485	9588	47	48	49	50	51	119	#
2486	9588	48	49	50	51	52	119	#
2487	9588	49	50	51	52	53	119	#
2488	9588	50	51	52	53	54	119	#
2489	9588	51	52	53	54	55	119	#
2490	9588	52	53	54	55	56	119	#
2491	9588	53	54	55	56	57	119	#
2492	9588	54	55	56	57	58	119	#
2493	9588	55	56	57	58	59	119	#
2494	9588	56	57	58	59	60	119	#
2495	9588	57	58	59	60	61	119	#
2496	9588	58	59	60	61	62	119	#
2497	9588	59	60	61	62	63	119	#
2498	9588	60	61	62	63	64	119	#
2499	9588	61	62	63	64	65	119	#
2500	9165	62	63	64	65	66	119	#
2501	9165	63	64	65	66	67	119	#
2502	9165	64	65	66	67	68	119	#
2503	831	0	120	#
2504	831	1	120	#
2505	831	2	120	#
2506	831	3	120	#
2507	831	4	120	#
2508	831	5	120	#
2509	831	6	120	#
2510	831	7	120	#
2511	831	8	120	#
2512	831	9	120	#
2513	831	10	120	#
2514	831	11	120	#
2515	831	12	120	#
2516	831	13	120	#
2517	831	14	120	#
2518	831	15	120	#
2519	831	16	120	#
2520	831	17	120	#
2521	831	18	120	#
2522	831	19	120	#
2523	831	20	120	#
2524	831	21	120	#
2525	831	22	120	#
2526	831	23	120	#
2527	831	24	120	#
2528	831	25	120	#
2529	831	26	120	#
2530	831	27	120	#
2531	831	28	120	#
2532	831	29	120	#
2533	831	30	120	#
2534	831	31	120	#
2535	831	32	120	#
2536	831	33	120	#
2537	831	34	120	#
2538	831	35	120	#
2539	831	36	120	#
2540	831	37	120	#
2541	831	38	120	#
2542	831	39	120	#
2543	831	40	120	#
2544	831	41	120	#
2545	831	42	120	#
2546	831	43	120	#
2547	831	44	120	#
2548	831	45	120	#
2549	831	46	120	#
2550	831	47	120	#
2551	831	48	120	#
2552	831	49	120	#
2553	831	50	120	#
2554	831	51	120	#
2555	831	52	120	#
2556	831	53	120	#
2557	831	54	120	#
2558	831	55	120	#
2559	831	56	120	#
2560	831	57	120	#
2561	831	58	120	#
2562	831	59	120	#
2563	831	60	120	#
2564	831	61	120	#
2565	831	62	120	#
2566	831	63	120	#
2567	831	64	120	#
2568	831	65	120	#
2569	831	66	120	#
2570	807	67	120	#
2571	807	68	120	#
2572	4046	0	1	2	3	121	#
2573	4046	1	2	3	4	121	#
2574	4046	2	3	4	5	121	#
2575	4046	3	4	5	6	121	#
2576	4046	4	5	6	7	121	#
2577	4046	5	6	7	8	121	#
2578	4046	6	7	8	9	121	#
2579	4046	7	8	9	10	121	#
2580	4046	8	9	10	11	121	#
2581	4046	9	10	11	12	121	#
2582	4046	10	11	12	13	121	#
2583	4046	11	12	13	14	121	#
2584	4046	12	13	14	15	121	#
2585	4046	13	14	15	16	121	#
2586	4046	14	15	16	17	121	#
2587	4046	15	16	17	18	121	#
2588	4046	16	17	18	19	121	#
2589	4046	17	18	19	20	121	#
2590	4046	18	19	20	21	121	#
2591	4046	19	20	21	22	121	#
2592	4046	20	21	22	23	121	#
2593	4046	21	22	23	24	121	#
2594	4046	22	23	24	25	121	#
2595	4046	23	24	25	26	121	#
2596	4046	24	25	26	27	121	#
2597	4046	25	26	27	28	121	#
2598	4046	26	27	28	29	121	#
2599	4046	27	28	29	30	121	#
2600	4046	28	29	30	31	121	#
2601	4046	29	30	31	32	121	#
2602	4046	30	31	32	33	121	#
2603	4046	31	32	33	34	121	#
2604	4046	32	33	34	35	121	#
2605	4046	33	34	35	36	121	#
2606	4046	34	35	36	37	121	#
2607	4046	35	36	37	38	121	#
2608	4046	36	37	38	39	121	#
2609	4046	37	38	39	40	121	#
2610	4046	38	39	40	41	121	#
2611	4046	39	40	41	42	121	#
2612	4046	40	41	42	43	121	#
2613	4046	41	42	43	44	121	#
2614	4046	42	43	44	45	121	#
2615	4046	43	44	45	46	121	#
2616	4046	44	45	46	47	121	#
2617	4046	45	46	47	48	121	#
2618	4046	46	47	48	49	121	#
2619	4046	47	48	49	50	121	#
2620	4046	48	49	50	51	121	#
2621	4046	49	50	51	52	121	#
2622	4046	50	51	52	53	121	#
2623	4046	51	52	53	54	121	#
2624	4046	52	53	54	55	121	#
2625	4046	53	54	55	56	121	#
2626	4046	54	55	56	57	121	#
2627	3294	55	56	57	58	121	#
2628	3294	56	57	58	59	121	#
2629	3294	57	58	59	60	121	#
2630	3294	58	59	60	61	121	#
2631	3294	59	60	61	62	121	#
2632	3294	60	61	62	63	121	#
2633	3294	61	62	63	64	121	#
2634	3294	62	63	64	65	121	#
2635	3294	63	64	65	66	121	#
2636	3294	64	65	66	67	121	#
2637	3294	65	66	67	68	121	#
2638	3294	66	67	68	69	121	#
2639	3294	67	68	69	70	121	#
2640	3248	68	69	70	71	121	#
2641	3116	69	70	71	72	121	#
2642	3116	70	71	72	73	121	#
2643	3116	71	72	73	74	121	#
2644	5879	0	1	2	3	4	122	#
2645	5879	1	2	3	4	5	122	#
2646	5879	2	3	4	5	6	122	#
2647	5879	3	4	5	6	7	122	#
2648	5879	4	5	6	7	8	122	#
2649	5879	5	6	7	8	9	122	#
2650	5879	6	7	8	9	10	122	#
2651	5879	7	8	9	10	11	122	#
2652	5879	8	9	10	11	12	122	#
2653	5879	9	10	11	12	13	122	#
2654	5879	10	11	12	13	14	122	#
2655	5879	11	12	13	14	15	122	#
2656	5879	12	13	14	15	16	122	#
2657	5879	13	14	15	16	17	122	#
2658	5340	0	1	2	3	123	#
2659	5340	1	2	3	4	123	#
2660	5340	2	3	4	5	123	#
2661	5340	3	4	5	6	123	#
2662	5340	4	5	6	7	123	#
2663	5340	5	6	7	8	123	#
2664	5340	6	7	8	9	123	#
2665	5340	7	8	9	10	123	#
2666	5340	8	9	10	11	123	#
2667	5340	9	10	11	12	123	#
2668	5340	10	11	12	13	123	#
2669	5340	11	12	13	14	123	#
2670	5340	12	13	14	15	123	#
2671	5340	13	14	15	16	123	#
2672	5340	14	15	16	17	123	#
2673	5340	15	16	17	18	123	#
2674	5340	16	17	18	19	123	#
2675	5340	17	18	19	20	123	#
2676	5340	18	19	20	21	123	#
2677	5340	19	20	21	22	123	#
2678	5340	20	21	22	23	123	#
2679	5340	21	22	23	24	123	#
2680	5340	22	23	24	25	123	#
2681	5340	23	24	25	26	123	#
2682	5340	24	25	26	27	123	#
2683	5340	25	26	27	28	123	#
2684	5340	26	27	28	29	123	#
2685	5340	27	28	29	30	123	#
2686	5340	28	29	30	31	123	#
2687	5340	29	30	31	32	123	#
2688	5340	30	31	32	33	123	#
2689	2554	31	32	33	34	123	#
2690	2554	32	33	34	35	123	#
2691	2554	33	34	35	36	123	#
2692	2554	34	35	36	37	123	#
2693	2554	35	36	37	38	123	#
2694	2554	36	37	38	39	123	#
2695	2554	37	38	39	40	123	#
2696	2554	38	39	40	41	123	#
2697	2554	39	40	41	42	123	#
2698	2554	40	41	42	43	123	#
2699	2554	41	42	43	44	123	#
2700	2554	42	43	44	45	123	#
2701	2554	43	44	45	46	123	#
2702	2554	44	45	46	47	123	#
2703	2554	45	46	47	48	123	#
2704	2554	46	47	48	49	123	#
2705	2554	47	48	49	50	123	#
2706	2554	48	49	50	51	123	#
2707	2554	49	50	51	52	123	#
2708	2554	50	51	52	53	123	#
2709	2554	51	52	53	54	123	#
2710	2554	52	53	54	55	123	#
2711	2554	53	54	55	56	123	#
2712	2554	54	55	56	57	123	#
2713	2554	55	56	57	58	123	#
2714	2554	56	57	58	59	123	#
2715	2554	57	58	59	60	123	#
2716	2554	58	59	60	61	123	#
2717	2554	59	60	61	62	123	#
2718	2554	60	61	62	63	123	#
2719	2554	61	62	63	64	123	#
2720	2554	62	63	64	65	123	#
2721	2554	63	64	65	66	123	#
2722	2554	64	65	66	67	123	#
2723	2554	65	66	67	68	123	#
2724	2554	66	67	68	69	123	#
2725	2482	67	68	69	70	123	#
2726	2482	68	69	70	71	123	#
2727	2414	69	70	71	72	123	#
2728	2414	70	71	72	73	123	#
2729	2381	71	72	73	74	123	#
2730	4439	0	1	2	124	#
2731	4439	1	2	3	124	#
2732	4439	2	3	4	124	#
2733	4439	3	4	5	124	#
2734	4439	4	5	6	124	#
2735	4439	5	6	7	124	#
2736	4439	6	7	8	124	#
2737	4439	7	8	9	124	#
2738	4439	8	9	10	124	#
2739	4439	9	10	11	124	#
2740	4439	10	11	12	124	#
2741	4439	11	12	13	124	#
2742	4439	12	13	14	124	#
2743	4439	13	14	15	124	#
2744	4439	14	15	16	124	#
2745	4439	15	16	17	124	#
2746	4439	16	17	18	124	#
2747	4439	17	18	19	124	#
2748	4439	18	19	20	124	#
2749	4439	19	20	21	124	#
2750	4439	20	21	22	124	#
2751	4439	21	22	23	124	#
2752	4439	22	23	24	124	#
2753	4439	23	24	25	124	#
2754	4439	24	25	26	124	#
2755	4439	25	26	27	124	#
2756	4439	26	27	28	124	#
2757	4439	27	28	29	124	#
2758	4439	28	29	30	124	#
2759	4439	29	30	31	124	#
2760	4439	30	31	32	124	#
2761	4439	31	32	33	124	#
2762	4439	32	33	34	124	#
2763	4439	33	34	35	124	#
2764	4439	34	35	36	124	#
2765	4439	35	36	37	124	#
2766	4439	36	37	38	124	#
2767	4439	37	38	39	124	#
2768	4439	38	39	40	124	#
2769	4439	39	40	41	124	#
2770	4439	40	41	42	124	#
2771	4439	41	42	43	124	#
2772	4439	42	43	44	124	#
2773	4439	43	44	45	124	#
2774	4439	44	45	46	124	#
2775	4439	45	46	47	124	#
2776	4439	46	47	48	124	#
2777	4439	47	48	49	124	#
2778	4439	48	49	50	124	#
2779	4439	49	50	51	124	#
2780	4439	50	51	52	124	#
2781	4439	51	52	53	124	#
2782	4439	52	53	54	124	#
2783	4439	53	54	55	124	#
2784	4439	54	55	56	124	#
2785	4439	55	56	57	124	#
2786	4439	56	57	58	124	#
2787	4439	57	58	59	124	#
2788	4439	58	59	60	124	#
2789	4439	59	60	61	124	#
2790	4439	60	61	62	124	#
2791	4439	61	62	63	124	#
2792	4439	62	63	64	124	#
2793	4439	63	64	65	124	#
2794	4439	64	65	66	124	#
2795	4308	65	66	67	124	#
2796	4308	66	67	68	124	#
2797	4126	67	68	69	124	#
2798	4126	68	69	70	124	#
2799	4126	69	70	71	124	#
2800	15640	0	1	2	3	4	5	6	7	125	#
2801	15640	1	2	3	4	5	6	7	8	125	#
2802	15640	2	3	4	5	6	7	8	9	125	#
2803	15640	3	4	5	6	7	8	9	10	125	#
2804	15640	4	5	6	7	8	9	10	11	125	#
2805	15640	5	6	7	8	9	10	11	12	125	#
2806	15640	6	7	8	9	10	11	12	13	125	#
2807	15640	7	8	9	10	11	12	13	14	125	#
2808	15640	8	9	10	11	12	13	14	15	125	#
2809	15640	9	10	11	12	13	14	15	16	125	#
2810	15640	10	11	12	13	14	15	16	17	125	#
2811	15640	11	12	13	14	15	16	17	18	125	#
2812	15640	12	13	14	15	16	17	18	19	125	#
2813	15640	13	14	15	16	17	18	19	20	125	#
2814	15640	14	15	16	17	18	19	20	21	125	#
2815	15640	15	16	17	18	19	20	21	22	125	#
2816	15640	16	17	18	19	20	21	22	23	125	#
2817	15640	17	18	19	20	21	22	23	24	125	#
2818	15640	18	19	20	21	22	23	24	25	125	#
2819	15640	19	20	21	22	23	24	25	26	125	#
2820	15640	20	21	22	23	24	25	26	27	125	#
2821	15640	21	22	23	24	25	26	27	28	125	#
2822	15640	22	23	24	25	26	27	28	29	125	#
2823	15640	23	24	25	26	27	28	29	30	125	#
2824	15640	24	25	26	27	28	29	30	31	125	#
2825	15640	25	26	27	28	29	30	31	32	125	#
2826	15640	26	27	28	29	30	31	32	33	125	#
2827	15640	27	28	29	30	31	32	33	34	125	#
2828	15640	28	29	30	31	32	33	34	35	125	#
2829	15640	29	30	31	32	33	34	35	36	125	#
2830	15640	30	31	32	33	34	35	36	37	125	#
2831	15640	31	32	33	34	35	36	37	38	125	#
2832	15640	32	33	34	35	36	37	38	39	125	#
2833	15640	33	34	35	36	37	38	39	40	125	#
2834	15640	34	35	36	37	38	39	40	41	125	#
2835	15640	35	36	37	38	39	40	41	42	125	#
2836	15640	36	37	38	39	40	41	42	43	125	#
2837	15640	37	38	39	40	41	42	43	44	125	#
2838	15640	38	39	40	41	42	43	44	45	125	#
2839	15640	39	40	41	42	43	44	45	46	125	#
2840	15640	40	41	42	43	44	45	46	47	125	#
2841	15640	41	42	43	44	45	46	47	48	125	#
2842	15640	42	43	44	45	46	47	48	49	125	#
2843	15640	43	44	45	46	47	48	49	50	125	#
2844	15640	44	45	46	47	48	49	50	51	125	#
2845	15640	45	46	47	48	49	50	51	52	125	#
2846	15640	46	47	48	49	50	51	52	53	125	#
2847	15640	47	48	49	50	51	52	53	54	125	#
2848	15640	48	49	50	51	52	53	54	55	125	#
2849	15640	49	50	51	52	53	54	55	56	125	#
2850	15640	50	51	52	53	54	55	56	57	125	#
2851	15640	51	52	53	54	55	56	57	58	125	#
2852	15640	52	53	54	55	56	57	58	59	125	#
2853	7248	0	1	2	3	4	5	126	#
2854	7248	1	2	3	4	5	6	126	#
2855	7248	2	3	4	5	6	7	126	#
2856	7248	3	4	5	6	7	8	126	#
2857	7248	4	5	6	7	8	9	126	#
2858	7248	5	6	7	8	9	10	126	#
2859	7248	6	7	8	9	10	11	126	#
2860	7248	7	8	9	10	11	12	126	#
2861	7248	8	9	10	11	12	13	126	#
2862	7248	9	10	11	12	13	14	126	#
2863	1585	10	11	12	13	14	15	126	#
2864	1585	11	12	13	14	15	16	126	#
2865	1585	12	13	14	15	16	17	126	#
2866	1585	13	14	15	16	17	18	126	#
2867	1585	14	15	16	17	18	19	126	#
2868	1585	15	16	17	18	19	20	126	#
2869	1585	16	17	18	19	20	21	126	#
2870	1585	17	18	19	20	21	22	126	#
2871	1585	18	19	20	21	22	23	126	#
2872	1585	19	20	21	22	23	24	126	#
2873	1585	20	21	22	23	24	25	126	#
2874	1585	21	22	23	24	25	26	126	#
2875	1585	22	23	24	25	26	27	126	#
2876	1585	23	24	25	26	27	28	126	#
2877	1585	24	25	26	27	28	29	126	#
2878	1585	25	26	27	28	29	30	126	#
2879	1585	26	27	28	29	30	31	126	#
2880	1585	27	28	29	30	31	32	126	#
2881	1585	28	29	30	31	32	33	126	#
2882	1585	29	30	31	32	33	34	126	#
2883	1585	30	31	32	33	34	35	126	#
2884	1585	31	32	33	34	35	36	126	#
2885	1585	32	33	34	35	36	37	126	#
2886	1585	33	34	35	36	37	38	126	#
2887	1585	34	35	36	37	38	39	126	#
2888	1585	35	36	37	38	39	40	126	#
2889	1585	36	37	38	39	40	41	126	#
2890	1585	37	38	39	40	41	42	126	#
2891	1585	38	39	40	41	42	43	126	#
2892	1585	39	40	41	42	43	44	126	#
2893	1585	40	41	42	43	44	45	126	#
2894	1585	41	42	43	44	45	46	126	#
2895	1585	42	43	44	45	46	47	126	#
2896	1585	43	44	45	46	47	48	126	#
2897	1585	44	45	46	47	48	49	126	#
2898	1585	45	46	47	48	49	50	126	#
2899	1585	46	47	48	49	50	51	126	#
2900	1585	47	48	49	50	51	52	126	#
2901	1585	48	49	50	51	52	53	126	#
2902	1585	49	50	51	52	53	54	126	#
2903	1585	50	51	52	53	54	55	126	#
2904	1585	51	52	53	54	55	56	126	#
2905	1585	52	53	54	55	56	57	126	#
2906	1585	53	54	55	56	57	58	126	#
2907	1585	54	55	56	57	58	59	126	#
2908	1585	55	56	57	58	59	60	126	#
2909	1585	56	57	58	59	60	61	126	#
2910	1585	57	58	59	60	61	62	126	#
2911	1585	58	59	60	61	62	63	126	#
2912	1585	59	60	61	62	63	64	126	#
2913	1390	60	61	62	63	64	65	126	#
2914	1390	61	62	63	64	65	66	126	#
2915	1390	62	63	64	65	66	67	126	#
2916	1390	63	64	65	66	67	68	126	#
2917	1390	64	65	66	67	68	69	126	#
2918	1390	65	66	67	68	69	70	126	#
2919	1390	66	67	68	69	70	71	126	#
2920	1390	67	68	69	70	71	72	126	#
2921	1390	68	69	70	71	72	73	126	#
2922	1371	69	70	71	72	73	74	126	#
2923	698	0	127	#
2924	698	1	127	#
2925	698	2	127	#
2926	698	3	127	#
2927	698	4	127	#
2928	698	5	127	#
2929	698	6	127	#
2930	698	7	127	#
2931	698	8	127	#
2932	698	9	127	#
2933	698	10	127	#
2934	698	11	127	#
2935	698	12	127	#
2936	698	13	127	#
2937	698	14	127	#
2938	698	15	127	#
2939	698	16	127	#
2940	698	17	127	#
2941	698	18	127	#
2942	698	19	127	#
2943	698	20	127	#
2944	698	21	127	#
2945	698	22	127	#
2946	698	23	127	#
2947	698	24	127	#
2948	698	25	127	#
2949	698	26	127	#
2950	698	27	127	#
2951	698	28	127	#
2952	698	29	127	#
2953	698	30	127	#
2954	698	31	127	#
2955	698	32	127	#
2956	698	33	127	#
2957	490	34	127	#
2958	490	35	127	#
2959	490	36	127	#
2960	490	37	127	#
2961	490	38	127	#
2962	490	39	127	#
2963	490	40	127	#
2964	490	41	127	#
2965	490	42	127	#
2966	490	43	127	#
2967	490	44	127	#
2968	490	45	127	#
2969	490	46	127	#
2970	490	47	127	#
2971	339	48	127	#
2972	339	49	127	#
2973	339	50	127	#
2974	339	51	127	#
2975	339	52	127	#
2976	339	53	127	#
2977	339	54	127	#
2978	339	55	127	#
2979	339	56	127	#
2980	339	57	127	#
2981	339	58	127	#
2982	339	59	127	#
2983	339	60	127	#
2984	339	61	127	#
2985	339	62	127	#
2986	339	63	127	#
2987	339	64	127	#
2988	339	65	127	#
2989	339	66	127	#
2990	339	67	127	#
2991	339	68	127	#
2992	9521	0	1	2	3	4	5	128	#
2993	9521	1	2	3	4	5	6	128	#
2994	9521	2	3	4	5	6	7	128	#
2995	9521	3	4	5	6	7	8	128	#
2996	9521	4	5	6	7	8	9	128	#
2997	9521	5	6	7	8	9	10	128	#
2998	9521	6	7	8	9	10	11	128	#
2999	9521	7	8	9	10	11	12	128	#
3000	9521	8	9	10	11	12	13	128	#
3001	9521	9	10	11	12	13	14	128	#
3002	9521	10	11	12	13	14	15	128	#
3003	9521	11	12	13	14	15	16	128	#
3004	9521	12	13	14	15	16	17	128	#
3005	9521	13	14	15	16	17	18	128	#
3006	9521	14	15	16	17	18	19	128	#
3007	9521	15	16	17	18	19	20	128	#
3008	9521	16	17	18	19	20	21	128	#
3009	9521	17	18	19	20	21	22	128	#
3010	9521	18	19	20	21	22	23	128	#
3011	6636	19	20	21	22	23	24	128	#
3012	6636	20	21	22	23	24	25	128	#
3013	6636	21	22	23	24	25	26	128	#
3014	6636	22	23	24	25	26	27	128	#
3015	6636	23	24	25	26	27	28	128	#
3016	6636	24	25	26	27	28	29	128	#
3017	6636	25	26	27	28	29	30	128	#
3018	6636	26	27	28	29	30	31	128	#
3019	6636	27	28	29	30	31	32	128	#
3020	6636	28	29	30	31	32	33	128	#
3021	4294	29	30	31	32	33	34	128	#
3022	4294	30	31	32	33	34	35	128	#
3023	4294	31	32	33	34	35	36	128	#
3024	4294	32	33	34	35	36	37	128	#
3025	4294	33	34	35	36	37	38	128	#
3026	4294	34	35	36	37	38	39	128	#
3027	4294	35	36	37	38	39	40	128	#
3028	4294	36	37	38	39	40	41	128	#
3029	4294	37	38	39	40	41	42	128	#
3030	4294	38	39	40	41	42	43	128	#
3031	4294	39	40	41	42	43	44	128	#
3032	4294	40	41	42	43	44	45	128	#
3033	4294	41	42	43	44	45	46	128	#
3034	4294	42	43	44	45	46	47	128	#
3035	4294	43	44	45	46	47	48	128	#
3036	4294	44	45	46	47	48	49	128	#
3037	4294	45	46	47	48	49	50	128	#
3038	4294	46	47	48	49	50	51	128	#
3039	4211	47	48	49	50	51	52	128	#
3040	3590	48	49	50	51	52	53	128	#
3041	3590	49	50	51	52	53	54	128	#
3042	3590	50	51	52	53	54	55	128	#
3043	3590	51	52	53	54	55	56	128	#
3044	3590	52	53	54	55	56	57	128	#
3045	3590	53	54	55	56	57	58	128	#
3046	3590	54	55	56	57	58	59	128	#
3047	3590	55	56	57	58	59	60	128	#
3048	3590	56	57	58	59	60	61	128	#
