%% File generated by CATS v.2.1Tue Aug 20 18:57:01 2019

%% The CATS webpage is http://robotics.stanford.edu/CATS

%% PARAMETER SETTINGS:
% Goods: 55; Bids: 1100; Distribution: paths; Runs: 10; Seed: 1566345309
% Paths Distribution Parameters:
% Initial connections:       = 2
% Edge density:              = 3.000000
% Shipping cost factor:      = 1.500000
% Max bid set size:          = 5
% Building penalty:          = 1.700000



goods 55
bids 1100
dummy 444

0	719	45	#
1	1059	32	55	#
2	1059	3	11	28	45	55	#
3	213	16	20	#
4	786	15	52	#
5	150	20	#
6	171	20	#
7	943	43	56	#
8	943	8	40	56	#
9	943	34	36	56	#
10	793	9	53	57	#
11	793	10	16	53	57	#
12	420	4	18	58	#
13	420	0	1	18	58	#
14	757	28	53	59	#
15	757	22	23	26	29	59	#
16	1004	6	34	60	#
17	1004	13	52	60	#
18	1004	14	30	60	#
19	1004	15	40	60	#
20	1004	5	7	15	34	60	#
21	648	10	53	61	#
22	648	9	16	53	61	#
23	189	50	62	#
24	189	3	8	62	#
25	686	45	#
26	707	2	53	63	#
27	707	3	7	53	63	#
28	369	10	29	64	#
29	369	9	16	29	64	#
30	758	41	65	#
31	758	16	19	38	65	#
32	758	4	16	19	39	65	#
33	758	0	1	16	19	39	65	#
34	758	17	46	65	#
35	748	3	9	53	66	#
36	748	3	10	16	53	66	#
37	748	2	7	9	53	66	#
38	206	27	67	#
39	206	26	28	67	#
40	801	51	68	#
41	801	10	50	53	68	#
42	801	9	16	50	53	68	#
43	801	3	8	10	53	68	#
44	801	3	8	9	16	53	68	#
45	832	1	10	29	39	69	#
46	832	1	9	16	29	39	69	#
47	615	10	38	70	#
48	615	9	16	38	70	#
49	615	4	10	39	70	#
50	676	1	16	39	71	#
51	676	0	16	38	71	#
52	676	0	4	16	39	71	#
53	676	1	9	10	39	71	#
54	758	41	72	#
55	758	16	19	38	72	#
56	758	4	16	19	39	72	#
57	758	0	1	16	19	39	72	#
58	758	17	46	72	#
59	142	28	#
60	792	48	73	#
61	792	9	41	73	#
62	792	10	16	41	73	#
63	792	10	19	38	73	#
64	792	9	16	19	38	73	#
65	694	3	45	#
66	930	13	24	39	74	#
67	930	13	16	37	39	74	#
68	930	10	13	25	39	74	#
69	930	9	13	16	25	39	74	#
70	755	47	#
71	790	1	24	39	75	#
72	790	1	16	37	39	75	#
73	790	0	24	38	75	#
74	790	0	4	24	39	75	#
75	790	1	10	25	39	75	#
76	944	9	21	47	81	#
77	724	17	30	#
78	465	3	15	27	76	#
79	465	3	15	26	28	76	#
80	465	7	15	35	76	#
81	465	2	7	15	27	76	#
82	465	5	6	35	76	#
83	1004	6	34	77	#
84	1004	13	52	77	#
85	1004	14	30	77	#
86	1004	15	40	77	#
87	1004	5	7	15	34	77	#
88	1082	2	11	28	49	78	#
89	1082	17	32	78	#
90	1082	12	42	78	#
91	1082	30	54	78	#
92	1082	12	35	49	78	#
93	206	19	#
94	950	2	5	34	79	#
95	950	3	40	79	#
96	950	2	7	40	79	#
97	950	3	5	7	34	79	#
98	950	2	14	49	79	#
99	701	17	33	#
100	320	36	80	#
101	320	5	44	80	#
102	320	5	7	8	80	#
103	944	20	47	81	#
104	944	9	12	22	23	29	81	#
105	906	3	25	53	82	#
106	906	2	7	25	53	82	#
107	906	3	9	37	53	82	#
108	906	3	10	24	53	82	#
109	906	3	9	16	24	53	82	#
110	600	22	23	26	#
111	928	2	28	49	83	#
112	928	3	17	28	45	83	#
113	928	3	7	28	49	83	#
114	928	26	42	83	#
115	928	26	35	49	83	#
116	503	54	#
117	698	2	9	53	84	#
118	698	2	10	16	53	84	#
119	238	2	5	#
120	436	23	35	85	#
121	436	2	23	27	85	#
122	906	2	25	53	86	#
123	906	2	9	37	53	86	#
124	906	2	10	24	53	86	#
125	906	2	9	16	24	53	86	#
126	906	3	7	25	53	86	#
127	184	15	#
128	880	20	31	#
129	956	34	#
130	214	22	#
131	448	11	28	3	#
132	169	1	#
133	1233	11	28	2	5	34	87	#
134	1233	11	28	3	40	87	#
135	1233	12	35	5	34	87	#
136	1233	12	27	2	5	34	87	#
137	1233	54	6	34	87	#
138	140	5	#
139	653	9	53	2	#
140	200	5	2	#
141	944	37	46	88	#
142	944	24	16	46	88	#
143	944	37	20	33	88	#
144	944	25	21	33	88	#
145	944	24	16	20	33	88	#
146	947	43	89	#
147	947	8	40	89	#
148	947	36	34	89	#
149	947	44	5	34	89	#
150	947	8	7	5	34	89	#
151	453	4	13	90	#
152	453	0	1	13	90	#
153	287	36	#
154	137	28	#
155	137	20	#
156	445	5	35	91	#
157	445	5	2	27	91	#
158	445	5	2	28	26	91	#
159	445	5	7	3	27	91	#
160	791	53	92	#
161	791	27	23	22	29	92	#
162	791	28	26	23	22	29	92	#
163	503	23	12	#
164	583	1	39	10	93	#
165	583	1	39	16	9	93	#
166	720	31	#
167	514	16	39	94	#
168	514	9	10	39	94	#
169	291	14	#
170	402	19	4	95	#
171	402	19	0	1	95	#
172	195	50	96	#
173	195	3	8	96	#
174	414	23	26	#
175	619	3	53	#
176	752	13	39	16	97	#
177	752	13	39	10	9	97	#
178	1060	29	10	39	13	98	#
179	1060	29	9	16	39	13	98	#
180	753	5	2	53	#
181	834	50	53	99	#
182	834	8	3	53	99	#
183	834	44	2	53	99	#
184	834	8	7	2	53	99	#
185	834	51	10	99	#
186	153	5	#
187	976	47	#
188	767	39	13	#
189	1049	28	2	5	34	100	#
190	1049	28	3	40	100	#
191	1049	28	2	7	40	100	#
192	1049	28	3	7	5	34	100	#
193	1049	28	2	49	14	100	#
194	479	10	29	101	#
195	479	16	9	29	101	#
196	98	3	#
197	930	42	102	#
198	930	35	49	102	#
199	930	27	2	49	102	#
200	930	26	28	2	49	102	#
201	930	27	3	45	17	102	#
202	522	22	29	9	103	#
203	522	22	29	10	16	103	#
204	782	8	45	#
205	799	33	#
206	450	21	29	104	#
207	450	20	9	29	104	#
208	247	44	105	#
209	247	8	7	105	#
210	247	50	2	105	#
211	247	8	3	2	105	#
212	115	7	106	#
213	115	3	2	106	#
214	523	16	39	1	#
215	459	3	28	11	107	#
216	459	7	2	28	11	107	#
217	874	34	#
218	905	8	45	108	#
219	905	50	3	45	108	#
220	905	44	7	45	108	#
221	905	50	2	7	45	108	#
222	905	44	49	17	108	#
223	1016	31	20	37	109	#
224	1016	31	21	25	109	#
225	1016	31	20	16	24	109	#
226	1016	15	3	53	25	109	#
227	1016	31	20	9	25	109	#
228	622	22	23	27	110	#
229	622	22	23	26	28	110	#
230	622	22	23	35	2	110	#
231	497	39	#
232	90	10	#
233	758	41	111	#
234	758	16	38	19	111	#
235	758	16	39	4	19	111	#
236	758	16	39	1	0	19	111	#
237	758	46	17	111	#
238	603	27	23	22	112	#
239	603	28	26	23	22	112	#
240	603	2	35	23	22	112	#
241	726	3	45	#
242	784	38	24	113	#
243	784	4	39	24	113	#
244	784	0	1	39	24	113	#
245	784	38	16	37	113	#
246	784	4	39	16	37	113	#
247	323	29	#
248	725	2	53	114	#
249	725	7	3	53	114	#
250	930	42	115	#
251	930	49	35	115	#
252	930	49	2	27	115	#
253	930	49	2	28	26	115	#
254	930	17	45	3	27	115	#
255	901	34	6	116	#
256	901	13	52	116	#
257	910	30	117	#
258	910	17	45	15	117	#
259	910	49	7	15	117	#
260	910	49	5	6	117	#
261	910	49	2	3	15	117	#
262	662	1	39	10	118	#
263	662	1	39	16	9	118	#
264	662	0	38	10	118	#
265	662	0	38	16	9	118	#
266	662	0	4	39	10	118	#
267	336	18	119	#
268	336	17	19	119	#
269	89	17	#
270	337	23	26	#
271	880	31	20	120	#
272	880	31	21	9	120	#
273	880	15	3	53	9	120	#
274	880	31	21	10	16	120	#
275	880	15	3	53	10	16	120	#
276	851	28	53	9	121	#
277	851	28	53	10	16	121	#
278	851	26	23	22	29	9	121	#
279	851	26	23	22	29	10	16	121	#
280	851	26	27	53	9	121	#
281	985	25	53	50	122	#
282	985	25	53	3	8	122	#
283	985	24	51	122	#
284	985	25	53	2	44	122	#
285	985	37	9	53	50	122	#
286	842	25	29	22	23	#
287	314	36	123	#
288	314	44	5	123	#
289	314	8	7	5	123	#
290	222	19	#
291	1016	31	20	37	124	#
292	1016	31	21	25	124	#
293	1016	31	20	16	24	124	#
294	1016	15	3	53	25	124	#
295	1016	31	20	9	25	124	#
296	966	34	5	2	28	125	#
297	966	40	3	28	125	#
298	827	53	2	5	126	#
299	827	53	3	7	5	126	#
300	404	13	1	#
301	760	22	23	35	5	127	#
302	760	22	23	27	2	5	127	#
303	760	22	23	26	28	2	5	127	#
304	302	25	128	#
305	302	37	9	128	#
306	302	24	10	128	#
307	302	24	16	9	128	#
308	422	19	4	129	#
309	422	19	0	1	129	#
310	102	17	#
311	974	50	53	25	130	#
312	974	8	3	53	25	130	#
313	974	51	24	130	#
314	792	9	53	131	#
315	792	16	10	53	131	#
316	190	16	20	#
317	877	53	25	132	#
318	877	53	9	37	132	#
319	877	53	10	24	132	#
320	877	53	9	16	24	132	#
321	877	53	10	16	37	132	#
322	250	24	#
323	862	2	49	133	#
324	862	3	45	17	133	#
325	862	3	7	49	133	#
326	862	2	7	45	17	133	#
327	862	3	15	30	133	#
328	757	31	21	#
329	784	24	38	134	#
330	784	24	39	4	134	#
331	784	24	39	1	0	134	#
332	784	37	16	38	134	#
333	784	37	16	39	4	134	#
334	116	28	#
335	596	11	28	2	5	135	#
336	596	12	35	5	135	#
337	596	12	27	2	5	135	#
338	596	54	6	135	#
339	596	11	28	3	7	5	135	#
340	351	13	#
341	922	29	22	23	12	136	#
342	922	21	47	136	#
343	922	53	28	11	136	#
344	922	9	20	47	136	#
345	922	29	22	23	26	11	136	#
346	760	45	#
347	1050	32	137	#
348	1050	11	28	3	45	137	#
349	397	23	26	#
350	772	16	46	138	#
351	772	16	20	33	138	#
352	772	38	18	138	#
353	772	39	4	18	138	#
354	772	39	1	0	18	138	#
355	1016	37	20	31	139	#
356	1016	25	21	31	139	#
357	1016	24	16	20	31	139	#
358	1016	25	53	3	15	139	#
359	1016	25	9	20	31	139	#
360	718	10	53	3	140	#
361	718	16	9	53	3	140	#
362	704	23	22	29	10	141	#
363	704	23	22	29	9	16	141	#
364	753	49	#
365	732	53	10	142	#
366	732	53	9	16	142	#
367	499	11	28	2	5	#
368	572	54	143	#
369	572	15	3	28	11	143	#
370	847	21	31	144	#
371	847	53	3	15	144	#
372	847	9	20	31	144	#
373	847	53	2	7	15	144	#
374	847	10	16	20	31	144	#
375	245	44	145	#
376	245	8	7	145	#
377	245	50	2	145	#
378	245	8	3	2	145	#
379	835	31	21	146	#
380	835	15	3	53	146	#
381	835	31	20	9	146	#
382	835	15	7	2	53	146	#
383	780	13	39	10	147	#
384	780	13	39	16	9	147	#
385	275	23	#
386	656	9	53	2	#
387	340	29	10	148	#
388	340	29	9	16	148	#
389	1016	25	53	2	5	149	#
390	1016	37	9	53	2	5	149	#
391	1016	24	10	53	2	5	149	#
392	1016	24	16	9	53	2	5	149	#
393	248	44	150	#
394	248	7	8	150	#
395	248	2	50	150	#
396	248	2	3	8	150	#
397	1004	6	34	151	#
398	1004	52	13	151	#
399	1004	30	14	151	#
400	1004	15	40	151	#
401	1004	15	7	5	34	151	#
402	274	13	#
403	842	42	152	#
404	842	49	35	152	#
405	842	49	2	27	152	#
406	320	25	153	#
407	320	37	9	153	#
408	320	24	10	153	#
409	320	24	16	9	153	#
410	687	23	22	29	10	#
411	772	16	46	154	#
412	772	16	20	33	154	#
413	772	38	18	154	#
414	772	39	4	18	154	#
415	772	39	1	0	18	154	#
416	105	7	#
417	548	53	#
418	1024	33	21	29	155	#
419	1024	46	9	29	155	#
420	1024	33	20	9	29	155	#
421	1024	46	16	10	29	155	#
422	1024	17	48	29	155	#
423	855	45	3	156	#
424	855	45	7	2	156	#
425	855	17	49	2	156	#
426	837	52	15	#
427	175	6	#
428	505	39	#
429	393	16	39	#
430	853	17	45	8	157	#
431	853	49	44	157	#
432	853	49	7	8	157	#
433	853	49	2	50	157	#
434	853	49	2	3	8	157	#
435	655	39	24	158	#
436	655	39	16	37	158	#
437	1024	29	21	33	159	#
438	1024	29	9	46	159	#
439	1024	29	9	20	33	159	#
440	1024	29	10	16	46	159	#
441	1024	29	48	17	159	#
442	352	13	#
443	397	14	17	#
444	465	15	3	27	160	#
445	465	15	3	28	26	160	#
446	465	15	7	35	160	#
447	465	15	7	2	27	160	#
448	465	6	5	35	160	#
449	772	16	46	161	#
450	772	16	20	33	161	#
451	772	38	18	161	#
452	772	39	4	18	161	#
453	772	39	1	0	18	161	#
454	1091	42	23	162	#
455	1091	49	35	23	162	#
456	1091	49	2	27	23	162	#
457	1091	49	2	28	26	23	162	#
458	900	27	3	45	163	#
459	900	26	28	3	45	163	#
460	900	42	17	163	#
461	900	35	7	45	163	#
462	900	27	2	7	45	163	#
463	224	15	#
464	726	24	39	164	#
465	726	37	16	39	164	#
466	726	25	10	39	164	#
467	726	25	9	16	39	164	#
468	726	37	9	10	39	164	#
469	808	1	39	10	29	#
470	679	16	38	165	#
471	679	16	39	4	165	#
472	679	16	39	1	0	165	#
473	679	9	10	38	165	#
474	679	9	10	39	4	165	#
475	466	23	22	#
476	110	17	#
477	722	41	16	166	#
478	722	19	38	166	#
479	696	23	22	29	9	#
480	271	29	#
481	1024	33	21	29	167	#
482	1024	46	9	29	167	#
483	1024	33	20	9	29	167	#
484	1024	46	16	10	29	167	#
485	1024	17	48	29	167	#
486	681	39	24	168	#
487	681	39	16	37	168	#
488	681	39	10	25	168	#
489	681	39	16	9	25	168	#
490	858	53	3	169	#
491	858	53	2	7	169	#
492	858	53	50	8	169	#
493	858	29	22	23	27	3	169	#
494	772	46	16	170	#
495	772	33	20	16	170	#
496	772	18	38	170	#
497	772	18	4	39	170	#
498	772	18	0	1	39	170	#
499	1049	35	5	34	171	#
500	1049	27	2	5	34	171	#
501	1049	26	28	2	5	34	171	#
502	1049	27	3	40	171	#
503	1049	26	28	3	40	171	#
504	906	2	53	25	172	#
505	906	2	53	9	37	172	#
506	906	2	53	10	24	172	#
507	906	2	53	9	16	24	172	#
508	906	7	3	53	25	172	#
509	845	52	#
510	702	46	16	#
511	384	13	1	#
512	785	9	53	2	173	#
513	785	16	10	53	2	173	#
514	785	9	53	3	7	173	#
515	327	37	174	#
516	327	16	24	174	#
517	327	9	25	174	#
518	461	4	19	175	#
519	461	1	0	19	175	#
520	777	47	#
521	845	2	5	34	#
522	217	15	#
523	101	7	#
524	959	40	176	#
525	959	7	5	34	176	#
526	959	3	2	5	34	176	#
527	959	15	6	34	176	#
528	218	19	#
529	201	6	#
530	236	11	#
531	288	18	177	#
532	288	19	17	177	#
533	265	0	19	#
534	275	36	#
535	900	27	3	45	178	#
536	900	26	28	3	45	178	#
537	900	42	17	178	#
538	900	35	7	45	178	#
539	900	27	2	7	45	178	#
540	417	17	14	#
541	222	16	20	#
542	1049	34	5	35	179	#
543	1049	34	5	2	27	179	#
544	1049	34	5	2	28	26	179	#
545	1049	40	3	27	179	#
546	1049	40	3	28	26	179	#
547	220	35	180	#
548	220	27	2	180	#
549	1016	34	5	2	28	181	#
550	1016	40	3	28	181	#
551	1016	40	7	2	28	181	#
552	1016	34	5	7	3	28	181	#
553	1132	13	39	10	29	182	#
554	1132	13	39	16	9	29	182	#
555	178	50	183	#
556	178	8	3	183	#
557	870	28	53	25	#
558	827	53	9	184	#
559	827	53	10	16	184	#
560	827	27	23	22	29	9	184	#
561	827	53	21	20	184	#
562	323	9	29	#
563	947	43	185	#
564	947	40	8	185	#
565	947	34	36	185	#
566	947	34	5	44	185	#
567	947	34	5	7	8	185	#
568	272	3	27	186	#
569	272	3	28	26	186	#
570	756	2	53	9	187	#
571	756	2	53	10	16	187	#
572	756	7	3	53	9	187	#
573	85	9	#
574	938	28	53	25	188	#
575	938	26	23	22	29	25	188	#
576	938	28	53	9	37	188	#
577	938	28	53	10	24	188	#
578	938	28	53	9	16	24	188	#
579	723	1	52	#
580	713	16	39	13	#
581	651	22	23	27	189	#
582	651	22	23	26	28	189	#
583	651	22	23	35	2	189	#
584	419	23	35	190	#
585	419	23	27	2	190	#
586	1088	47	20	37	191	#
587	1088	12	23	22	29	25	191	#
588	1088	47	21	25	191	#
589	1088	47	20	16	24	191	#
590	1088	11	28	53	25	191	#
591	675	9	53	2	#
592	848	8	45	17	192	#
593	848	44	49	192	#
594	848	8	7	49	192	#
595	848	50	2	49	192	#
596	691	5	35	23	22	193	#
597	691	5	2	27	23	22	193	#
598	457	9	29	22	#
599	512	3	27	23	194	#
600	512	3	28	26	23	194	#
601	512	7	35	23	194	#
602	512	7	2	27	23	194	#
603	512	3	2	35	23	194	#
604	320	12	#
605	349	9	29	#
606	229	19	#
607	823	9	53	50	195	#
608	823	9	53	3	8	195	#
609	823	16	51	195	#
610	823	16	10	53	50	195	#
611	823	16	10	53	3	8	195	#
612	334	36	196	#
613	334	5	44	196	#
614	334	5	7	8	196	#
615	334	5	2	50	196	#
616	334	5	2	3	8	196	#
617	465	27	3	15	197	#
618	465	26	28	3	15	197	#
619	465	35	7	15	197	#
620	465	27	2	7	15	197	#
621	465	35	5	6	197	#
622	900	27	3	45	198	#
623	900	26	28	3	45	198	#
624	900	42	17	198	#
625	900	35	7	45	198	#
626	900	27	2	7	45	198	#
627	37	16	#
628	111	10	199	#
629	111	9	16	199	#
630	45	2	#
631	620	22	23	35	200	#
632	620	22	23	27	2	200	#
633	620	22	23	26	28	2	200	#
634	706	48	#
635	623	10	38	201	#
636	623	9	16	38	201	#
637	623	10	39	4	201	#
638	623	10	39	1	0	201	#
639	623	9	16	39	4	201	#
640	427	27	23	202	#
641	427	28	26	23	202	#
642	1072	52	54	#
643	294	0	19	#
644	208	27	203	#
645	208	28	26	203	#
646	193	50	204	#
647	193	3	8	204	#
648	684	22	23	12	#
649	806	7	45	205	#
650	806	49	17	205	#
651	806	2	3	45	205	#
652	787	41	16	206	#
653	787	19	38	206	#
654	787	19	4	39	206	#
655	787	19	0	1	39	206	#
656	787	17	46	16	206	#
657	877	53	25	207	#
658	877	53	9	37	207	#
659	877	53	10	24	207	#
660	877	53	9	16	24	207	#
661	877	53	10	16	37	207	#
662	947	47	20	16	208	#
663	947	12	23	22	29	10	208	#
664	947	12	23	22	29	9	16	208	#
665	947	47	21	10	208	#
666	947	47	21	9	16	208	#
667	93	3	#
668	294	18	209	#
669	294	17	19	209	#
670	201	2	28	#
671	723	3	45	#
672	145	1	#
673	94	3	#
674	195	1	#
675	742	17	30	#
676	184	50	210	#
677	184	3	8	210	#
678	1082	11	28	2	49	211	#
679	1082	32	17	211	#
680	1082	12	42	211	#
681	1082	54	30	211	#
682	1082	12	35	49	211	#
683	757	22	23	35	5	212	#
684	757	22	23	27	2	5	212	#
685	757	22	23	26	28	2	5	212	#
686	420	4	18	213	#
687	420	1	0	18	213	#
688	240	44	214	#
689	240	8	7	214	#
690	240	50	2	214	#
691	240	8	3	2	214	#
692	261	12	#
693	278	15	3	#
694	278	23	#
695	222	7	5	#
696	719	22	23	35	5	215	#
697	719	22	23	27	2	5	215	#
698	719	22	23	26	28	2	5	215	#
699	701	38	216	#
700	701	4	39	216	#
701	701	0	1	39	216	#
702	258	24	217	#
703	258	37	16	217	#
704	696	35	23	22	218	#
705	696	2	27	23	22	218	#
706	696	2	28	26	23	22	218	#
707	696	7	3	27	23	22	218	#
708	1233	11	28	2	5	34	219	#
709	1233	11	28	3	40	219	#
710	1233	12	35	5	34	219	#
711	1233	12	27	2	5	34	219	#
712	1233	54	6	34	219	#
713	703	47	#
714	596	5	2	28	11	220	#
715	596	5	35	12	220	#
716	596	5	2	27	12	220	#
717	596	6	54	220	#
718	596	5	7	3	28	11	220	#
719	834	53	50	221	#
720	834	53	3	8	221	#
721	834	53	2	44	221	#
722	834	53	2	7	8	221	#
723	834	10	51	221	#
724	1014	32	#
725	1133	13	39	10	29	222	#
726	1133	13	39	16	9	29	222	#
727	363	5	2	28	#
728	220	4	223	#
729	220	1	0	223	#
730	862	3	53	9	224	#
731	862	3	53	10	16	224	#
732	862	7	2	53	9	224	#
733	862	7	2	53	10	16	224	#
734	862	8	50	53	9	224	#
735	753	9	29	22	23	225	#
736	753	16	10	29	22	23	225	#
737	936	32	#
738	1137	52	54	#
739	401	17	14	#
740	817	1	39	10	29	226	#
741	817	1	39	16	9	29	226	#
742	930	42	227	#
743	930	35	49	227	#
744	930	27	2	49	227	#
745	930	26	28	2	49	227	#
746	930	27	3	45	17	227	#
747	823	50	53	9	228	#
748	823	8	3	53	9	228	#
749	823	51	16	228	#
750	823	50	53	10	16	228	#
751	823	8	3	53	10	16	228	#
752	800	53	50	229	#
753	800	53	3	8	229	#
754	800	53	2	44	229	#
755	800	53	2	7	8	229	#
756	421	35	23	230	#
757	421	2	27	23	230	#
758	189	50	231	#
759	189	8	3	231	#
760	394	11	28	2	#
761	668	3	27	23	22	232	#
762	668	3	28	26	23	22	232	#
763	668	7	35	23	22	232	#
764	668	7	2	27	23	22	232	#
765	668	3	2	35	23	22	232	#
766	922	12	23	22	29	233	#
767	922	47	21	233	#
768	922	11	28	53	233	#
769	922	47	20	9	233	#
770	922	11	26	23	22	29	233	#
771	39	16	#
772	211	35	234	#
773	211	27	2	234	#
774	340	18	0	235	#
775	340	17	19	0	235	#
776	725	17	30	#
777	928	49	2	28	236	#
778	928	17	45	3	28	236	#
779	928	49	7	3	28	236	#
780	928	42	26	236	#
781	928	49	35	26	236	#
782	726	24	39	237	#
783	726	37	16	39	237	#
784	726	25	10	39	237	#
785	726	25	9	16	39	237	#
786	726	37	9	10	39	237	#
787	749	46	238	#
788	749	33	20	238	#
789	924	47	20	16	#
790	846	40	239	#
791	846	7	5	34	239	#
792	277	18	#
793	423	39	#
794	222	50	240	#
795	222	8	3	240	#
796	185	2	5	#
797	1018	25	53	2	5	241	#
798	1018	37	9	53	2	5	241	#
799	1018	24	10	53	2	5	241	#
800	1018	24	16	9	53	2	5	241	#
801	417	39	#
802	800	12	23	22	242	#
803	800	11	26	23	22	242	#
804	420	14	17	#
805	272	5	2	28	#
806	859	53	3	243	#
807	859	53	2	7	243	#
808	859	53	50	8	243	#
809	859	29	22	23	27	3	243	#
810	859	29	22	23	26	28	3	243	#
811	513	22	23	#
812	65	0	#
813	690	41	#
814	766	41	16	244	#
815	766	19	38	244	#
816	766	19	4	39	244	#
817	766	19	0	1	39	244	#
818	581	23	27	50	245	#
819	581	23	27	3	8	245	#
820	581	23	26	28	50	245	#
821	581	23	26	28	3	8	245	#
822	581	23	35	44	245	#
823	847	21	31	246	#
824	847	53	3	15	246	#
825	847	9	20	31	246	#
826	847	53	2	7	15	246	#
827	847	10	16	20	31	246	#
828	309	29	9	#
829	801	51	247	#
830	801	10	53	50	247	#
831	801	16	9	53	50	247	#
832	801	10	53	3	8	247	#
833	801	16	9	53	3	8	247	#
834	380	1	13	#
835	722	23	22	29	10	248	#
836	722	23	22	29	9	16	248	#
837	324	37	249	#
838	324	16	24	249	#
839	324	9	25	249	#
840	219	15	#
841	873	47	20	#
842	466	19	4	250	#
843	466	19	0	1	250	#
844	493	39	#
845	555	50	27	23	251	#
846	555	8	3	27	23	251	#
847	851	10	53	3	252	#
848	851	16	9	53	3	252	#
849	851	10	53	2	7	252	#
850	851	16	9	53	2	7	252	#
851	851	51	8	252	#
852	308	3	15	253	#
853	308	2	7	15	253	#
854	579	35	23	22	254	#
855	579	2	27	23	22	254	#
856	260	12	#
857	389	37	20	255	#
858	389	25	21	255	#
859	389	24	16	20	255	#
860	906	25	53	2	256	#
861	906	37	9	53	2	256	#
862	906	24	10	53	2	256	#
863	906	24	16	9	53	2	256	#
864	906	25	53	3	7	256	#
865	706	23	22	29	257	#
866	706	27	53	257	#
867	936	25	53	2	5	#
868	688	53	2	258	#
869	688	53	3	7	258	#
870	626	27	23	22	259	#
871	626	28	26	23	22	259	#
872	626	2	35	23	22	259	#
873	928	28	2	49	260	#
874	928	28	3	45	17	260	#
875	928	28	3	7	49	260	#
876	928	26	42	260	#
877	928	26	35	49	260	#
878	608	53	9	#
879	247	23	#
880	933	41	37	261	#
881	933	41	16	24	261	#
882	933	19	38	24	261	#
883	933	48	25	261	#
884	933	19	4	39	24	261	#
885	822	34	5	2	#
886	557	1	39	16	#
887	790	1	39	24	262	#
888	790	1	39	16	37	262	#
889	790	0	38	24	262	#
890	790	0	4	39	24	262	#
891	790	1	39	10	25	262	#
892	114	28	#
893	961	47	20	263	#
894	961	12	23	22	29	9	263	#
895	961	47	21	9	263	#
896	961	11	28	53	9	263	#
897	961	12	23	22	29	10	16	263	#
898	415	1	13	#
899	756	22	23	12	264	#
900	756	22	23	26	11	264	#
901	138	1	#
902	450	5	35	265	#
903	450	5	2	27	265	#
904	450	5	2	28	26	265	#
905	450	5	7	3	27	265	#
906	862	9	53	3	266	#
907	862	16	10	53	3	266	#
908	862	9	53	2	7	266	#
909	862	16	10	53	2	7	266	#
910	862	9	53	50	8	266	#
911	78	9	#
912	801	51	267	#
913	801	50	53	10	267	#
914	801	50	53	9	16	267	#
915	801	8	3	53	10	267	#
916	801	8	3	53	9	16	267	#
917	1082	49	2	28	11	268	#
918	1082	17	32	268	#
919	1082	42	12	268	#
920	1082	30	54	268	#
921	1082	49	35	12	268	#
922	930	42	269	#
923	930	35	49	269	#
924	930	27	2	49	269	#
925	930	26	28	2	49	269	#
926	930	27	3	45	17	269	#
927	218	15	#
928	917	13	39	24	270	#
929	917	13	39	16	37	270	#
930	917	13	39	10	25	270	#
931	917	13	39	16	9	25	270	#
932	717	9	53	271	#
933	717	16	10	53	271	#
934	621	22	29	25	#
935	516	29	25	#
936	842	8	45	#
937	917	42	272	#
938	917	35	49	272	#
939	917	27	2	49	272	#
940	917	26	28	2	49	272	#
941	787	21	33	273	#
942	787	9	46	273	#
943	787	9	20	33	273	#
944	787	10	16	46	273	#
945	787	48	17	273	#
946	701	45	#
947	782	53	25	#
948	180	20	#
949	238	25	#
950	68	9	#
951	1049	34	5	35	274	#
952	1049	34	5	2	27	274	#
953	1049	34	5	2	28	26	274	#
954	1049	40	3	27	274	#
955	1049	40	3	28	26	274	#
956	985	50	53	25	275	#
957	985	8	3	53	25	275	#
958	985	51	24	275	#
959	985	44	2	53	25	275	#
960	985	50	53	9	37	275	#
961	441	9	29	276	#
962	441	16	10	29	276	#
963	590	16	38	277	#
964	590	16	39	4	277	#
965	590	16	39	1	0	277	#
966	234	24	#
967	602	1	39	16	278	#
968	602	0	38	16	278	#
969	267	12	#
970	892	5	2	53	10	279	#
971	892	5	2	53	9	16	279	#
972	892	5	7	3	53	10	279	#
973	858	31	20	16	280	#
974	858	31	21	10	280	#
975	858	31	21	9	16	280	#
976	858	15	3	53	10	280	#
977	858	15	3	53	9	16	280	#
978	233	27	281	#
979	233	26	28	281	#
980	917	47	#
981	79	3	#
982	877	25	53	282	#
983	877	37	9	53	282	#
984	877	24	10	53	282	#
985	877	24	16	9	53	282	#
986	877	37	16	10	53	282	#
987	150	1	#
988	641	23	27	3	15	283	#
989	641	23	26	28	3	15	283	#
990	641	23	35	7	15	283	#
991	166	5	#
992	703	13	39	10	284	#
993	703	13	39	16	9	284	#
994	790	1	39	24	285	#
995	790	1	39	16	37	285	#
996	790	0	38	24	285	#
997	790	0	4	39	24	285	#
998	790	1	39	10	25	285	#
999	877	53	25	286	#
1000	877	53	9	37	286	#
1001	877	53	10	24	286	#
1002	877	53	9	16	24	286	#
1003	877	53	10	16	37	286	#
1004	133	26	#
1005	604	54	287	#
1006	604	11	28	3	15	287	#
1007	412	28	3	15	288	#
1008	412	28	2	7	15	288	#
1009	810	28	2	49	#
1010	410	35	23	289	#
1011	410	2	27	23	289	#
1012	937	8	15	52	#
1013	1016	31	20	37	290	#
1014	1016	31	21	25	290	#
1015	1016	31	20	16	24	290	#
1016	1016	15	3	53	25	290	#
1017	1016	31	20	9	25	290	#
1018	596	26	23	22	#
1019	252	36	#
1020	922	17	45	291	#
1021	922	49	7	291	#
1022	922	49	2	3	291	#
1023	922	30	15	291	#
1024	922	49	44	8	291	#
1025	776	5	2	53	#
1026	863	42	292	#
1027	863	35	49	292	#
1028	863	27	2	49	292	#
1029	137	20	#
1030	1141	11	28	2	5	34	#
1031	439	37	20	293	#
1032	439	25	21	293	#
1033	439	24	16	20	293	#
1034	439	25	9	20	293	#
1035	439	37	9	21	293	#
1036	260	36	#
1037	891	2	53	25	294	#
1038	891	2	53	9	37	294	#
1039	891	2	53	10	24	294	#
1040	891	2	53	9	16	24	294	#
1041	862	2	49	295	#
1042	862	3	45	17	295	#
1043	862	3	7	49	295	#
1044	862	2	7	45	17	295	#
1045	862	3	15	30	295	#
1046	200	20	#
1047	689	34	#
1048	317	28	2	5	#
1049	772	46	16	296	#
1050	772	33	20	16	296	#
1051	772	18	38	296	#
1052	772	18	4	39	296	#
1053	772	18	0	1	39	296	#
1054	765	34	5	#
1055	652	22	23	26	297	#
1056	652	22	23	27	28	297	#
1057	818	8	45	#
1058	603	12	23	298	#
1059	603	11	26	23	298	#
1060	396	29	10	299	#
1061	396	29	9	16	299	#
1062	858	31	20	16	300	#
1063	858	31	21	10	300	#
1064	858	31	21	9	16	300	#
1065	858	15	3	53	10	300	#
1066	858	15	3	53	9	16	300	#
1067	704	23	22	29	9	#
1068	516	54	#
1069	607	53	#
1070	485	14	17	#
1071	1028	5	34	301	#
1072	1028	7	40	301	#
1073	1028	2	3	40	301	#
1074	1028	49	14	301	#
1075	55	0	#
1076	991	8	15	52	302	#
1077	991	50	3	15	52	302	#
1078	991	36	6	52	302	#
1079	413	35	23	303	#
1080	413	2	27	23	303	#
1081	862	2	49	304	#
1082	862	3	45	17	304	#
1083	862	3	7	49	304	#
1084	862	2	7	45	17	304	#
1085	862	3	15	30	304	#
1086	136	26	#
1087	439	37	20	305	#
1088	439	25	21	305	#
1089	439	24	16	20	305	#
1090	439	25	9	20	305	#
1091	439	37	9	21	305	#
1092	165	5	#
1093	944	37	46	306	#
1094	944	24	16	46	306	#
1095	944	37	20	33	306	#
1096	944	25	21	33	306	#
1097	944	24	16	20	33	306	#
1098	710	34	#
1099	521	22	23	27	#
