%% File generated by CATS v.2.1Tue Aug 20 18:55:51 2019

%% The CATS webpage is http://robotics.stanford.edu/CATS

%% PARAMETER SETTINGS:
% Goods: 5; Bids: 400; Distribution: regions-upv; Runs: 10; Seed: 1566344930
% Regions Distribution Parameters:
% Max Substitutable Bids = 5
% Removing HV Neighbor   = 0.1
% Adding DIAG Neighbor   = 0.2
% Additional Location    = 0.9
% Jump Probability       = 0.05
% Additivity             = 0.2
% Budget Factor          = 1.5
% Resale Factor          = 0.5
% Uniform Private Value:
%   Deviation            = 0.5
%   Max Good Value       = 100



goods 5
bids 400
dummy 77

0	60389	4	#
1	226910	1	0	5	#
2	164453	0	2	5	#
3	114987	1	3	5	#
4	144472	1	2	6	#
5	124536	1	3	6	#
6	59138	2	3	6	#
7	130379	3	2	7	#
8	151102	2	1	7	#
9	136873	3	1	7	#
10	297111	3	2	0	1	#
11	224625	0	4	1	2	8	#
12	254718	0	1	3	2	8	#
13	141496	4	2	3	0	8	#
14	348266	2	0	1	3	#
15	136867	2	0	1	3	9	#
16	167648	2	1	4	0	9	#
17	201859	4	3	1	2	0	#
18	278161	1	3	0	2	4	#
19	305913	3	2	1	0	#
20	125201	3	2	0	1	#
21	383353	2	1	0	3	4	#
22	205606	1	0	3	2	#
23	251947	0	1	3	2	#
24	19425	4	#
25	130657	2	0	1	3	4	#
26	144092	4	3	2	10	#
27	215201	2	0	3	10	#
28	253642	0	2	3	4	1	#
29	345296	3	1	2	0	4	#
30	207129	2	0	11	#
31	122952	2	3	11	#
32	171704	2	1	12	#
33	155531	1	0	12	#
34	160559	3	2	0	1	#
35	22347	4	#
36	204119	1	3	2	4	0	#
37	260606	2	3	1	0	#
38	30984	4	#
39	198627	2	1	0	3	#
40	226134	3	2	0	1	#
41	170501	3	2	0	13	#
42	187030	3	2	1	13	#
43	317073	3	2	1	0	#
44	216753	1	2	3	0	#
45	237964	3	1	0	2	#
46	256856	1	2	3	0	#
47	251368	2	0	1	3	#
48	200899	1	0	3	2	14	#
49	252226	2	4	1	0	14	#
50	207514	2	0	1	#
51	248279	3	1	0	2	#
52	315379	1	3	2	0	4	#
53	78597	2	3	#
54	101934	2	#
55	255559	3	2	1	0	4	#
56	288079	3	2	0	1	4	#
57	388102	0	2	1	3	4	#
58	133919	2	3	15	#
59	181588	3	1	15	#
60	178396	4	3	2	0	16	#
61	248332	2	1	3	4	16	#
62	375698	0	1	2	3	4	#
63	300850	0	2	3	1	#
64	198106	3	1	0	2	17	#
65	115717	3	2	4	1	17	#
66	329555	0	2	1	3	#
67	295492	2	1	0	3	#
68	338182	4	1	0	2	3	#
69	230813	0	1	2	3	18	#
70	307210	0	1	2	4	18	#
71	278432	3	2	1	0	#
72	310510	3	1	2	0	19	#
73	237205	3	2	1	4	19	#
74	207846	0	1	3	2	#
75	55322	4	#
76	34220	4	#
77	161599	2	0	20	#
78	148683	2	1	20	#
79	146900	4	0	2	1	3	#
80	274078	0	2	1	3	4	#
81	35099	4	#
82	342087	2	3	1	0	#
83	196316	4	2	1	0	3	#
84	299231	1	2	0	3	#
85	349815	0	2	1	3	#
86	271367	4	1	0	21	#
87	318193	0	1	2	21	#
88	248776	1	3	2	21	#
89	243730	0	2	1	3	#
90	229362	1	3	2	0	4	#
91	396056	3	1	2	0	#
92	308919	4	3	1	2	0	#
93	222360	4	2	1	3	22	#
94	252690	2	1	0	3	22	#
95	214072	2	1	0	3	4	#
96	25758	4	#
97	255633	1	3	2	0	#
98	197056	2	1	0	3	#
99	68928	2	#
100	117662	0	#
101	163156	3	1	2	0	#
102	224251	1	3	0	2	23	#
103	213670	3	1	4	0	23	#
104	222760	2	3	0	1	4	#
105	310955	0	2	1	3	4	#
106	14612	4	#
107	170248	0	1	3	24	#
108	188648	0	2	1	24	#
109	46555	4	#
110	255616	1	3	2	0	4	#
111	235351	1	2	0	3	4	#
112	225722	3	2	1	0	#
113	172440	2	3	1	0	4	#
114	271093	3	1	2	25	#
115	261012	1	2	0	25	#
116	186149	2	1	0	3	4	#
117	346020	0	2	1	3	4	#
118	119359	3	0	26	#
119	169873	3	1	26	#
120	229619	2	0	1	3	27	#
121	266413	2	1	4	0	27	#
122	19807	4	#
123	202496	2	1	0	3	4	#
124	152598	2	1	3	0	#
125	154239	1	0	3	2	#
126	342058	2	0	3	1	4	#
127	91084	0	#
128	320169	0	1	3	2	28	#
129	274779	2	3	0	4	28	#
130	200842	0	2	#
131	348543	3	1	2	0	#
132	148954	4	3	1	29	#
133	105989	4	3	2	29	#
134	284756	4	0	1	2	3	#
135	178334	2	1	3	#
136	134832	0	#
137	194367	3	2	1	30	#
138	186480	2	3	0	30	#
139	154043	1	3	0	30	#
140	23053	4	#
141	193163	1	2	3	31	#
142	269226	1	2	0	31	#
143	258292	3	1	2	0	4	#
144	221693	3	0	1	2	32	#
145	144604	1	3	2	4	32	#
146	107591	2	#
147	45875	4	#
148	76567	2	#
149	282592	3	2	1	0	4	#
150	250555	0	1	3	2	#
151	199237	1	0	33	#
152	201839	0	2	33	#
153	307446	4	3	1	0	2	#
154	256112	1	2	3	0	34	#
155	160039	1	2	3	4	34	#
156	155903	1	2	0	35	#
157	94463	1	2	3	35	#
158	25940	4	#
159	53959	4	2	#
160	22735	4	#
161	204348	1	2	0	3	#
162	187550	1	0	2	3	36	#
163	232354	1	0	2	4	36	#
164	259273	0	2	3	1	#
165	220400	1	2	3	0	#
166	301986	0	1	2	3	#
167	57478	3	#
168	253310	0	1	2	3	#
169	261958	3	2	1	0	37	#
170	157822	2	0	4	3	37	#
171	134301	3	2	1	4	37	#
172	58360	4	#
173	263185	2	3	1	0	38	#
174	105661	1	4	2	3	38	#
175	257670	3	2	0	1	39	#
176	204085	1	3	2	4	39	#
177	221135	4	2	0	3	1	#
178	236274	1	2	0	3	#
179	331018	4	1	3	2	0	#
180	160575	3	1	2	0	#
181	100459	2	#
182	220608	0	2	1	3	#
183	341672	0	2	1	4	3	#
184	204821	4	1	0	2	3	#
185	17883	4	#
186	57371	3	#
187	283771	3	2	0	1	#
188	345159	0	1	2	3	40	#
189	247420	3	2	0	4	40	#
190	247631	1	2	3	0	4	#
191	30567	4	#
192	330528	0	2	3	1	4	#
193	269528	3	1	2	0	#
194	54026	4	#
195	288936	1	0	2	3	4	#
196	254028	4	1	2	0	3	#
197	293775	0	2	3	1	#
198	224127	4	0	2	41	#
199	280836	4	0	1	41	#
200	263077	2	1	0	41	#
201	211863	0	1	3	41	#
202	56497	4	#
203	287026	0	2	1	3	42	#
204	325571	0	1	4	3	42	#
205	395211	1	2	3	0	#
206	193341	2	0	3	1	43	#
207	132672	3	2	4	0	43	#
208	288172	3	1	2	0	#
209	125350	3	1	#
210	180348	2	0	#
211	253767	3	1	0	2	44	#
212	227629	1	3	4	0	44	#
213	4704	4	#
214	177911	1	0	45	#
215	190144	1	2	45	#
216	156773	0	2	45	#
217	297877	4	3	1	2	0	#
218	393279	2	4	3	0	1	#
219	365679	3	2	1	0	4	#
220	264306	1	0	2	3	46	#
221	295758	1	0	3	4	46	#
222	292311	0	1	3	2	4	#
223	188589	1	2	0	3	4	#
224	147629	0	1	2	3	47	#
225	43228	3	4	2	1	47	#
226	279169	0	2	1	3	4	#
227	194032	0	2	#
228	297817	3	1	2	0	#
229	244896	2	3	0	1	#
230	442613	1	2	0	3	4	#
231	267386	2	0	3	1	#
232	37835	4	#
233	40726	4	#
234	162641	3	2	1	0	4	#
235	307322	2	1	3	0	4	#
236	285190	3	1	0	2	#
237	175122	0	1	2	3	#
238	161325	4	0	#
239	320989	1	3	2	0	#
240	168955	0	2	48	#
241	245650	0	1	48	#
242	271528	1	0	3	2	#
243	177644	4	0	2	49	#
244	236612	0	2	1	49	#
245	82830	4	3	2	49	#
246	197531	1	3	0	2	4	#
247	194609	0	1	3	2	4	#
248	56274	4	#
249	251383	4	2	1	0	3	#
250	171307	2	1	50	#
251	194905	1	0	50	#
252	148014	2	3	50	#
253	118075	1	#
254	265952	1	0	3	2	#
255	10138	4	#
256	272334	2	0	1	51	#
257	194917	0	2	3	51	#
258	237376	1	3	0	#
259	271471	2	1	0	3	4	#
260	151717	3	2	52	#
261	148830	3	1	52	#
262	314663	0	1	2	3	#
263	120277	0	#
264	227709	3	2	1	0	53	#
265	179897	3	1	0	4	53	#
266	257665	1	2	3	0	4	#
267	195543	0	2	1	#
268	45470	4	#
269	233924	1	0	54	#
270	175764	1	3	54	#
271	175099	0	2	54	#
272	252057	1	2	3	0	4	#
273	10859	4	#
274	304799	0	2	1	3	#
275	207009	0	2	3	1	55	#
276	130261	0	4	2	3	55	#
277	366760	2	1	3	0	#
278	354576	3	1	2	0	56	#
279	289331	1	3	4	2	56	#
280	293519	0	2	1	3	4	#
281	206490	2	1	3	57	#
282	295769	2	1	0	57	#
283	241029	1	3	0	57	#
284	228677	3	1	2	0	#
285	214296	0	2	3	1	58	#
286	184467	3	2	0	4	58	#
287	222102	3	1	4	2	0	#
288	317573	2	1	0	3	4	#
289	216976	4	0	2	1	3	#
290	60202	1	#
291	238588	2	3	1	0	4	#
292	190977	1	0	2	3	#
293	211243	3	1	2	59	#
294	224596	1	2	0	59	#
295	156643	3	1	4	59	#
296	268389	4	2	0	1	60	#
297	252929	2	0	1	3	60	#
298	240485	4	2	3	0	60	#
299	286911	3	2	1	0	#
300	218692	3	1	2	0	#
301	282662	1	2	0	3	61	#
302	299264	2	0	1	4	61	#
303	203016	3	1	2	4	61	#
304	280637	0	1	3	2	62	#
305	269984	2	0	1	4	62	#
306	197107	1	2	0	3	#
307	293193	0	1	2	3	4	#
308	279719	3	1	2	0	#
309	37689	4	#
310	233717	0	2	3	63	#
311	264623	0	2	1	63	#
312	180297	3	2	1	63	#
313	131481	0	#
314	209301	0	2	3	1	64	#
315	210369	2	1	0	4	64	#
316	75943	3	2	0	4	64	#
317	192424	0	2	65	#
318	96599	2	3	65	#
319	267319	1	2	3	0	66	#
320	271448	2	1	4	0	66	#
321	193736	3	1	2	4	66	#
322	357963	2	1	3	0	4	#
323	176325	1	0	67	#
324	108966	1	3	67	#
325	38323	4	#
326	30875	4	#
327	262113	1	0	2	4	3	#
328	368124	4	3	2	1	0	#
329	166255	4	2	68	#
330	190991	2	1	68	#
331	151052	4	1	68	#
332	266332	1	3	0	2	#
333	228284	0	1	69	#
334	127031	1	3	69	#
335	165027	0	2	70	#
336	205644	2	1	70	#
337	31876	4	#
338	300304	3	2	0	1	#
339	105780	2	#
340	269977	0	2	1	3	71	#
341	259638	1	0	3	4	71	#
342	309850	2	3	1	0	#
343	231156	3	2	0	1	#
344	318880	1	3	0	2	#
345	312027	2	1	3	0	4	#
346	217568	0	2	1	3	4	#
347	305941	2	0	1	3	4	#
348	148956	2	3	72	#
349	208815	2	1	72	#
350	314699	3	2	1	0	#
351	31748	3	#
352	331410	0	1	2	3	#
353	338317	0	1	2	3	4	#
354	211437	0	1	73	#
355	165900	0	2	73	#
356	307643	0	1	2	3	#
357	55325	3	#
358	214893	0	2	3	1	74	#
359	273196	0	2	1	4	74	#
360	210098	1	2	0	75	#
361	198819	1	3	0	75	#
362	165067	2	1	3	75	#
363	303249	3	2	1	0	#
364	262512	1	0	2	3	#
365	258132	1	0	3	2	76	#
366	271358	1	0	4	3	76	#
367	353381	3	2	1	0	#
368	241628	0	2	3	1	#
369	236521	3	1	2	0	#
370	246733	2	0	3	1	4	#
371	40497	4	#
372	22861	4	#
373	284815	1	3	2	0	4	#
374	256600	2	1	3	0	#
375	215603	3	2	1	0	4	#
376	268494	0	1	3	2	77	#
377	200324	1	3	2	4	77	#
378	265964	3	1	2	0	4	#
379	147532	4	1	3	2	0	#
380	356133	1	3	2	0	#
381	239605	2	1	3	78	#
382	255130	2	0	1	78	#
383	192419	3	2	1	#
384	326973	3	1	0	2	#
385	123852	3	1	2	79	#
386	114902	3	2	0	79	#
387	305968	0	1	2	3	#
388	42452	4	#
389	48186	4	#
390	98359	3	2	80	#
391	132114	2	0	80	#
392	40648	4	#
393	206076	1	0	3	4	2	#
394	57815	4	#
395	305411	3	1	2	0	#
396	145113	0	2	81	#
397	86783	2	3	81	#
398	73701	1	#
399	63762	4	#
