%% File generated by CATS v.2.1Tue Aug 20 18:57:00 2019

%% The CATS webpage is http://robotics.stanford.edu/CATS

%% PARAMETER SETTINGS:
% Goods: 10; Bids: 800; Distribution: paths; Runs: 10; Seed: 1566345271
% Paths Distribution Parameters:
% Initial connections:       = 2
% Edge density:              = 3.000000
% Shipping cost factor:      = 1.500000
% Max bid set size:          = 5
% Building penalty:          = 1.700000



goods 10
bids 801
dummy 673

0	582	8	10	#
1	582	5	7	10	#
2	170	2	#
3	600	9	11	#
4	600	3	4	11	#
5	600	2	7	11	#
6	161	3	#
7	466	1	12	#
8	466	0	2	12	#
9	389	4	#
10	693	5	9	13	#
11	693	4	6	13	#
12	302	0	#
13	380	1	14	#
14	380	2	0	14	#
15	531	0	4	#
16	787	0	9	5	#
17	377	6	15	#
18	377	3	5	15	#
19	454	2	4	#
20	820	0	9	5	16	#
21	820	0	4	6	16	#
22	820	0	4	3	5	16	#
23	174	5	#
24	733	8	17	#
25	733	5	7	17	#
26	733	5	9	2	17	#
27	733	6	4	2	17	#
28	733	5	3	4	2	17	#
29	487	7	#
30	217	2	#
31	336	4	#
32	213	5	#
33	679	9	5	18	#
34	679	4	6	18	#
35	679	4	3	5	18	#
36	679	2	8	18	#
37	421	4	#
38	215	2	#
39	464	9	19	#
40	464	4	3	19	#
41	186	3	#
42	534	9	20	#
43	534	3	4	20	#
44	199	3	#
45	420	9	#
46	212	5	#
47	189	2	#
48	223	5	#
49	479	4	2	#
50	467	4	2	#
51	580	9	21	#
52	580	3	4	21	#
53	580	7	2	21	#
54	689	9	5	22	#
55	689	4	6	22	#
56	689	4	3	5	22	#
57	689	2	8	22	#
58	877	5	9	0	23	#
59	877	6	4	0	23	#
60	877	5	3	4	0	23	#
61	877	8	1	23	#
62	877	8	2	0	23	#
63	421	9	#
64	209	3	#
65	166	5	#
66	176	5	#
67	477	4	2	#
68	538	0	4	#
69	306	0	#
70	501	9	24	#
71	501	3	4	24	#
72	674	5	9	25	#
73	674	6	4	25	#
74	674	5	3	4	25	#
75	674	8	2	25	#
76	484	2	4	#
77	522	8	#
78	402	1	26	#
79	402	0	2	26	#
80	475	7	#
81	553	7	27	#
82	553	9	2	27	#
83	828	5	9	0	28	#
84	828	6	4	0	28	#
85	828	5	3	4	0	28	#
86	218	2	#
87	196	3	#
88	693	9	5	29	#
89	693	4	6	29	#
90	693	4	3	5	29	#
91	693	2	8	29	#
92	693	2	7	5	29	#
93	155	3	#
94	659	5	9	30	#
95	659	6	4	30	#
96	659	5	3	4	30	#
97	659	8	2	30	#
98	540	9	31	#
99	540	4	3	31	#
100	172	3	#
101	524	4	0	#
102	211	5	#
103	193	2	#
104	499	9	32	#
105	499	4	3	32	#
106	459	2	4	#
107	211	2	#
108	483	4	2	#
109	196	5	#
110	551	1	33	#
111	551	2	0	33	#
112	693	9	5	34	#
113	693	4	6	34	#
114	693	4	3	5	34	#
115	693	2	8	34	#
116	693	2	7	5	34	#
117	877	0	9	5	35	#
118	877	0	4	6	35	#
119	877	0	4	3	5	35	#
120	877	1	8	35	#
121	877	0	2	8	35	#
122	349	4	#
123	335	6	36	#
124	335	5	3	36	#
125	241	0	#
126	663	0	9	#
127	273	0	#
128	553	9	37	#
129	553	4	3	37	#
130	553	2	7	37	#
131	161	3	#
132	524	7	#
133	209	5	#
134	209	3	#
135	265	0	#
136	407	6	38	#
137	407	5	3	38	#
138	877	0	9	5	39	#
139	877	0	4	6	39	#
140	877	0	4	3	5	39	#
141	877	1	8	39	#
142	877	0	2	8	39	#
143	570	7	40	#
144	570	9	2	40	#
145	715	9	0	41	#
146	715	3	4	0	41	#
147	208	5	#
148	693	5	9	42	#
149	693	6	4	42	#
150	693	5	3	4	42	#
151	693	8	2	42	#
152	693	5	7	2	42	#
153	527	1	43	#
154	527	0	2	43	#
155	504	9	44	#
156	504	3	4	44	#
157	532	7	#
158	418	7	#
159	162	2	#
160	198	2	#
161	554	7	45	#
162	554	2	9	45	#
163	401	1	46	#
164	401	2	0	46	#
165	763	0	9	47	#
166	763	0	4	3	47	#
167	543	1	48	#
168	543	2	0	48	#
169	344	6	49	#
170	344	3	5	49	#
171	152	5	#
172	687	8	50	#
173	687	7	5	50	#
174	540	9	51	#
175	540	3	4	51	#
176	164	5	#
177	244	0	#
178	877	0	9	5	52	#
179	877	0	4	6	52	#
180	877	0	4	3	5	52	#
181	877	1	8	52	#
182	877	0	2	8	52	#
183	195	3	#
184	183	2	#
185	586	5	9	53	#
186	586	6	4	53	#
187	589	7	54	#
188	589	9	2	54	#
189	589	3	4	2	54	#
190	647	8	55	#
191	647	7	5	55	#
192	200	5	#
193	527	7	#
194	304	6	56	#
195	304	5	3	56	#
196	353	6	57	#
197	353	5	3	57	#
198	544	1	58	#
199	544	2	0	58	#
200	559	9	59	#
201	559	3	4	59	#
202	559	7	2	59	#
203	213	5	#
204	471	9	60	#
205	471	4	3	60	#
206	333	6	61	#
207	333	3	5	61	#
208	693	9	5	62	#
209	693	4	6	62	#
210	693	4	3	5	62	#
211	693	2	8	62	#
212	693	2	7	5	62	#
213	316	4	#
214	356	6	63	#
215	356	5	3	63	#
216	349	6	64	#
217	349	5	3	64	#
218	449	7	#
219	875	5	9	0	65	#
220	875	6	4	0	65	#
221	875	5	3	4	0	65	#
222	172	5	#
223	870	0	9	5	66	#
224	870	0	4	6	66	#
225	870	0	4	3	5	66	#
226	614	8	67	#
227	614	7	5	67	#
228	154	5	#
229	535	7	#
230	326	6	68	#
231	326	5	3	68	#
232	478	7	#
233	471	2	4	#
234	532	9	69	#
235	532	4	3	69	#
236	535	9	70	#
237	535	4	3	70	#
238	512	7	#
239	539	1	71	#
240	539	2	0	71	#
241	631	0	9	#
242	612	8	72	#
243	612	7	5	72	#
244	402	4	#
245	321	4	#
246	273	0	#
247	187	3	#
248	645	9	5	73	#
249	645	4	6	73	#
250	645	4	3	5	73	#
251	546	1	74	#
252	546	0	2	74	#
253	526	1	75	#
254	526	2	0	75	#
255	587	9	76	#
256	587	4	3	76	#
257	587	2	7	76	#
258	502	9	77	#
259	502	3	4	77	#
260	540	1	78	#
261	540	0	2	78	#
262	520	9	79	#
263	520	3	4	79	#
264	157	2	#
265	493	4	2	#
266	554	1	80	#
267	554	2	0	80	#
268	556	5	9	#
269	693	5	9	81	#
270	693	6	4	81	#
271	693	5	3	4	81	#
272	693	8	2	81	#
273	693	5	7	2	81	#
274	559	5	9	#
275	394	1	82	#
276	394	2	0	82	#
277	183	5	#
278	157	2	#
279	160	5	#
280	281	0	#
281	434	1	83	#
282	434	2	0	83	#
283	422	1	84	#
284	422	2	0	84	#
285	612	5	9	85	#
286	612	6	4	85	#
287	612	5	3	4	85	#
288	258	0	#
289	853	0	9	5	86	#
290	853	0	4	6	86	#
291	853	0	4	3	5	86	#
292	479	1	87	#
293	479	0	2	87	#
294	565	8	88	#
295	565	5	7	88	#
296	436	6	89	#
297	436	5	3	89	#
298	506	1	90	#
299	506	0	2	90	#
300	729	9	0	91	#
301	729	3	4	0	91	#
302	877	0	9	5	92	#
303	877	0	4	6	92	#
304	877	0	4	3	5	92	#
305	877	1	8	92	#
306	877	0	2	8	92	#
307	269	0	#
308	877	5	9	0	93	#
309	877	6	4	0	93	#
310	877	5	3	4	0	93	#
311	877	8	1	93	#
312	877	8	2	0	93	#
313	178	3	#
314	517	8	#
315	569	7	94	#
316	569	9	2	94	#
317	311	4	#
318	672	0	9	95	#
319	672	0	4	3	95	#
320	490	9	96	#
321	490	4	3	96	#
322	595	7	97	#
323	595	2	9	97	#
324	595	2	4	3	97	#
325	498	1	98	#
326	498	2	0	98	#
327	505	9	99	#
328	505	4	3	99	#
329	768	0	9	100	#
330	768	0	4	3	100	#
331	380	6	101	#
332	380	5	3	101	#
333	485	4	2	#
334	153	2	#
335	423	6	102	#
336	423	5	3	102	#
337	408	7	#
338	182	3	#
339	197	2	#
340	420	4	#
341	210	5	#
342	324	6	103	#
343	324	3	5	103	#
344	201	5	#
345	778	0	9	104	#
346	778	0	4	3	104	#
347	778	1	7	104	#
348	778	0	2	7	104	#
349	344	6	105	#
350	344	5	3	105	#
351	499	7	#
352	464	4	2	#
353	150	5	#
354	419	9	#
355	213	5	#
356	502	9	106	#
357	502	4	3	106	#
358	173	2	#
359	210	5	#
360	163	5	#
361	771	0	9	107	#
362	771	0	4	3	107	#
363	771	1	7	107	#
364	771	0	2	7	107	#
365	479	2	4	#
366	454	4	2	#
367	722	8	108	#
368	722	5	7	108	#
369	722	5	9	2	108	#
370	157	5	#
371	525	1	109	#
372	525	2	0	109	#
373	215	5	#
374	481	4	2	#
375	694	8	110	#
376	694	7	5	110	#
377	631	9	0	#
378	221	3	#
379	583	8	111	#
380	583	7	5	111	#
381	317	6	112	#
382	317	5	3	112	#
383	200	2	#
384	477	4	2	#
385	424	4	#
386	443	7	#
387	690	9	5	113	#
388	690	4	6	113	#
389	690	4	3	5	113	#
390	690	2	8	113	#
391	632	8	114	#
392	632	5	7	114	#
393	411	6	115	#
394	411	3	5	115	#
395	532	9	116	#
396	532	4	3	116	#
397	877	0	9	5	117	#
398	877	0	4	6	117	#
399	877	0	4	3	5	117	#
400	877	1	8	117	#
401	877	0	2	8	117	#
402	527	7	#
403	178	5	#
404	430	1	118	#
405	430	0	2	118	#
406	452	1	119	#
407	452	2	0	119	#
408	389	6	120	#
409	389	5	3	120	#
410	486	7	#
411	477	7	#
412	713	8	121	#
413	713	7	5	121	#
414	713	2	9	5	121	#
415	689	5	9	122	#
416	689	6	4	122	#
417	689	5	3	4	122	#
418	689	8	2	122	#
419	253	0	#
420	578	9	123	#
421	578	4	3	123	#
422	578	2	7	123	#
423	215	5	#
424	399	4	#
425	192	2	#
426	185	2	#
427	152	2	#
428	425	1	124	#
429	425	2	0	124	#
430	508	7	#
431	877	0	9	5	125	#
432	877	0	4	6	125	#
433	877	0	4	3	5	125	#
434	877	1	8	125	#
435	877	0	2	8	125	#
436	451	4	2	#
437	173	2	#
438	198	3	#
439	541	7	#
440	645	8	126	#
441	645	5	7	126	#
442	242	0	#
443	440	7	#
444	187	2	#
445	693	9	5	127	#
446	693	4	6	127	#
447	693	4	3	5	127	#
448	693	2	8	127	#
449	693	2	7	5	127	#
450	406	4	#
451	192	3	#
452	877	0	9	5	128	#
453	877	0	4	6	128	#
454	877	0	4	3	5	128	#
455	877	1	8	128	#
456	877	0	2	8	128	#
457	419	6	129	#
458	419	3	5	129	#
459	877	5	9	0	130	#
460	877	6	4	0	130	#
461	877	5	3	4	0	130	#
462	877	8	1	130	#
463	877	8	2	0	130	#
464	591	7	131	#
465	591	9	2	131	#
466	591	3	4	2	131	#
467	203	3	#
468	372	6	132	#
469	372	5	3	132	#
470	219	2	#
471	217	2	#
472	393	1	133	#
473	393	0	2	133	#
474	213	5	#
475	359	4	#
476	434	6	134	#
477	434	5	3	134	#
478	672	0	9	135	#
479	672	0	4	3	135	#
480	402	6	136	#
481	402	5	3	136	#
482	643	9	0	#
483	308	4	#
484	158	2	#
485	323	0	#
486	409	1	137	#
487	409	2	0	137	#
488	756	0	9	138	#
489	756	0	4	3	138	#
490	263	0	#
491	187	5	#
492	375	6	139	#
493	375	3	5	139	#
494	336	6	140	#
495	336	3	5	140	#
496	492	2	4	#
497	176	5	#
498	396	4	#
499	496	9	141	#
500	496	3	4	141	#
501	159	2	#
502	310	0	#
503	281	0	#
504	706	8	142	#
505	706	5	7	142	#
506	706	5	9	2	142	#
507	685	8	143	#
508	685	7	5	143	#
509	503	1	144	#
510	503	2	0	144	#
511	408	7	#
512	607	8	145	#
513	607	5	7	145	#
514	557	0	4	#
515	439	6	146	#
516	439	3	5	146	#
517	441	1	147	#
518	441	2	0	147	#
519	546	1	148	#
520	546	0	2	148	#
521	219	3	#
522	250	0	#
523	612	8	149	#
524	612	5	7	149	#
525	169	5	#
526	554	1	150	#
527	554	0	2	150	#
528	204	5	#
529	716	8	151	#
530	716	7	5	151	#
531	716	2	9	5	151	#
532	351	4	#
533	160	2	#
534	176	5	#
535	187	5	#
536	768	9	0	152	#
537	768	3	4	0	152	#
538	572	9	153	#
539	572	3	4	153	#
540	572	7	2	153	#
541	551	4	0	#
542	335	0	#
543	535	4	0	#
544	412	6	154	#
545	412	5	3	154	#
546	404	6	155	#
547	404	5	3	155	#
548	221	3	#
549	659	0	9	#
550	424	6	156	#
551	424	3	5	156	#
552	445	1	157	#
553	445	0	2	157	#
554	204	3	#
555	441	9	158	#
556	441	4	3	158	#
557	545	7	#
558	598	9	159	#
559	598	3	4	159	#
560	598	7	2	159	#
561	428	7	#
562	372	6	160	#
563	372	3	5	160	#
564	653	0	9	#
565	184	5	#
566	336	6	161	#
567	336	3	5	161	#
568	335	0	#
569	209	5	#
570	410	6	162	#
571	410	5	3	162	#
572	557	8	163	#
573	557	5	7	163	#
574	412	4	#
575	564	8	164	#
576	564	5	7	164	#
577	366	4	#
578	175	5	#
579	333	0	#
580	507	1	165	#
581	507	0	2	165	#
582	693	9	5	166	#
583	693	4	6	166	#
584	693	4	3	5	166	#
585	693	2	8	166	#
586	693	2	7	5	166	#
587	563	5	9	#
588	617	8	167	#
589	617	5	7	167	#
590	789	0	9	168	#
591	789	0	4	3	168	#
592	789	1	7	168	#
593	789	0	2	7	168	#
594	580	9	169	#
595	580	4	3	169	#
596	580	2	7	169	#
597	323	6	170	#
598	323	5	3	170	#
599	532	1	171	#
600	532	2	0	171	#
601	866	0	9	5	172	#
602	866	0	4	6	172	#
603	866	0	4	3	5	172	#
604	459	7	#
605	733	8	173	#
606	733	7	5	173	#
607	733	2	9	5	173	#
608	733	2	4	6	173	#
609	733	2	4	3	5	173	#
610	508	8	#
611	166	3	#
612	163	2	#
613	182	2	#
614	178	2	#
615	529	1	174	#
616	529	2	0	174	#
617	150	2	#
618	467	1	175	#
619	467	2	0	175	#
620	194	3	#
621	733	8	176	#
622	733	7	5	176	#
623	733	2	9	5	176	#
624	733	2	4	6	176	#
625	733	2	4	3	5	176	#
626	328	0	#
627	164	3	#
628	157	3	#
629	738	9	0	177	#
630	738	3	4	0	177	#
631	177	5	#
632	481	4	2	#
633	206	3	#
634	200	5	#
635	693	5	9	178	#
636	693	6	4	178	#
637	693	5	3	4	178	#
638	693	8	2	178	#
639	693	5	7	2	178	#
640	186	2	#
641	677	8	179	#
642	677	5	7	179	#
643	487	9	180	#
644	487	4	3	180	#
645	425	9	#
646	240	0	#
647	448	1	181	#
648	448	0	2	181	#
649	389	6	182	#
650	389	3	5	182	#
651	877	5	9	0	183	#
652	877	6	4	0	183	#
653	877	5	3	4	0	183	#
654	877	8	1	183	#
655	877	8	2	0	183	#
656	564	9	5	#
657	743	9	0	184	#
658	743	3	4	0	184	#
659	149	2	#
660	191	3	#
661	693	5	9	185	#
662	693	6	4	185	#
663	693	5	3	4	185	#
664	693	8	2	185	#
665	693	5	7	2	185	#
666	260	0	#
667	327	6	186	#
668	327	3	5	186	#
669	198	2	#
670	528	9	187	#
671	528	3	4	187	#
672	775	0	9	188	#
673	775	0	4	3	188	#
674	775	1	7	188	#
675	775	0	2	7	188	#
676	877	5	9	0	189	#
677	877	6	4	0	189	#
678	877	5	3	4	0	189	#
679	877	8	1	189	#
680	877	8	2	0	189	#
681	470	1	190	#
682	470	2	0	190	#
683	295	0	#
684	452	9	191	#
685	452	4	3	191	#
686	321	0	#
687	741	9	0	192	#
688	741	3	4	0	192	#
689	472	7	#
690	877	5	9	0	193	#
691	877	6	4	0	193	#
692	877	5	3	4	0	193	#
693	877	8	1	193	#
694	877	8	2	0	193	#
695	448	2	4	#
696	503	4	2	#
697	619	8	194	#
698	619	5	7	194	#
699	346	6	195	#
700	346	5	3	195	#
701	302	0	#
702	425	1	196	#
703	425	0	2	196	#
704	164	5	#
705	691	8	197	#
706	691	5	7	197	#
707	733	8	198	#
708	733	5	7	198	#
709	733	5	9	2	198	#
710	733	6	4	2	198	#
711	733	5	3	4	2	198	#
712	565	7	199	#
713	565	9	2	199	#
714	206	5	#
715	467	4	2	#
716	532	1	200	#
717	532	0	2	200	#
718	559	7	201	#
719	559	2	9	201	#
720	568	7	202	#
721	568	2	9	202	#
722	548	7	203	#
723	548	9	2	203	#
724	670	9	0	204	#
725	670	3	4	0	204	#
726	447	1	205	#
727	447	0	2	205	#
728	148	5	#
729	173	2	#
730	517	8	#
731	414	6	206	#
732	414	5	3	206	#
733	508	7	#
734	409	4	#
735	163	2	#
736	673	9	5	207	#
737	673	4	6	207	#
738	673	4	3	5	207	#
739	673	2	8	207	#
740	658	9	5	208	#
741	658	4	6	208	#
742	658	4	3	5	208	#
743	658	2	8	208	#
744	877	5	9	0	209	#
745	877	6	4	0	209	#
746	877	5	3	4	0	209	#
747	877	8	1	209	#
748	877	8	2	0	209	#
749	349	4	#
750	722	9	0	210	#
751	722	3	4	0	210	#
752	160	2	#
753	197	2	#
754	561	9	211	#
755	561	3	4	211	#
756	561	7	2	211	#
757	198	2	#
758	442	6	212	#
759	442	3	5	212	#
760	306	4	#
761	877	0	9	5	213	#
762	877	0	4	6	213	#
763	877	0	4	3	5	213	#
764	877	1	8	213	#
765	877	0	2	8	213	#
766	315	0	#
767	554	8	214	#
768	554	5	7	214	#
769	408	4	#
770	877	0	9	5	215	#
771	877	0	4	6	215	#
772	877	0	4	3	5	215	#
773	877	1	8	215	#
774	877	0	2	8	215	#
775	477	2	4	#
776	389	4	#
777	418	4	#
778	490	2	4	#
779	498	9	216	#
780	498	3	4	216	#
781	321	0	#
782	288	0	#
783	167	3	#
784	300	4	#
785	390	1	217	#
786	390	2	0	217	#
787	322	0	#
788	521	8	#
789	470	4	2	#
790	596	7	218	#
791	596	2	9	218	#
792	596	2	4	3	218	#
793	311	4	#
794	440	4	2	#
795	392	1	219	#
796	392	0	2	219	#
797	361	6	220	#
798	361	3	5	220	#
799	360	6	221	#
800	360	5	3	221	#
