%% File generated by CATS v.2.1Tue Aug 20 18:54:44 2019

%% The CATS webpage is http://robotics.stanford.edu/CATS

%% PARAMETER SETTINGS:
% Goods: 10; Bids: 800; Distribution: regions-npv; Runs: 10; Seed: 1566344647
% Regions Distribution Parameters:
% Max Substitutable Bids = 5
% Removing HV Neighbor   = 0.1
% Adding DIAG Neighbor   = 0.2
% Additional Location    = 0.9
% Jump Probability       = 0.05
% Additivity             = 0.2
% Budget Factor          = 1.5
% Resale Factor          = 0.5
% Normal Private Value:
%   Mean                 = 0
%   Standard Deviation   = 30



goods 10
bids 800
dummy 184

0	79135	1	#
1	40438	5	#
2	92576	3	#
3	171349	2	5	4	1	10	#
4	254498	5	8	4	2	10	#
5	161717	4	5	3	0	10	#
6	358949	6	7	3	8	5	2	0	4	11	#
7	298881	2	5	8	7	6	4	0	1	11	#
8	99665	7	6	#
9	50442	4	#
10	410861	8	7	5	6	2	4	0	1	3	#
11	305941	7	6	3	8	4	0	5	1	2	12	#
12	295810	7	6	3	4	9	0	1	2	5	12	#
13	395409	9	3	4	0	1	6	5	2	8	7	#
14	123492	5	2	4	3	13	#
15	58363	3	0	4	5	13	#
16	58034	5	0	2	1	13	#
17	48995	4	0	3	1	13	#
18	182649	6	3	7	0	4	1	14	#
19	253712	6	2	3	4	1	5	14	#
20	155137	1	4	0	5	3	2	14	#
21	119283	4	0	1	3	5	15	#
22	157904	3	4	0	6	7	15	#
23	132622	4	3	6	5	0	15	#
24	192174	4	3	1	16	#
25	115725	4	1	2	16	#
26	115411	1	2	5	16	#
27	107419	3	4	0	16	#
28	370650	4	0	1	2	3	8	6	5	7	17	#
29	344803	5	8	2	7	4	0	1	6	9	17	#
30	329731	3	8	4	7	9	1	6	5	0	17	#
31	5103	0	1	4	18	#
32	6673	1	0	3	18	#
33	306217	2	5	1	8	0	4	19	#
34	396037	4	5	3	6	8	1	19	#
35	355515	5	4	3	8	0	1	19	#
36	332603	8	5	4	3	0	6	19	#
37	296623	2	5	4	3	1	6	19	#
38	256101	1	4	0	5	2	3	19	#
39	277030	3	4	0	1	6	7	2	5	8	#
40	21093	2	#
41	105698	5	2	0	1	4	3	6	20	#
42	132320	0	1	4	2	5	3	8	20	#
43	416369	3	4	6	1	0	2	7	8	5	9	#
44	401283	0	3	6	1	4	2	7	5	8	9	#
45	286244	5	8	2	4	1	7	3	6	21	#
46	243094	2	1	5	8	0	4	3	7	21	#
47	240775	5	4	8	1	0	2	3	6	21	#
48	229068	4	0	3	6	7	1	8	5	21	#
49	209120	8	5	7	6	4	3	0	2	21	#
50	203132	7	8	5	4	22	#
51	205814	8	5	7	2	22	#
52	189587	7	6	3	9	22	#
53	136241	4	3	6	7	22	#
54	66010	5	4	0	3	22	#
55	332653	3	4	0	1	2	5	8	7	6	#
56	204180	2	5	8	23	#
57	231100	8	5	7	23	#
58	153542	2	1	5	23	#
59	103612	5	2	1	4	0	24	#
60	144514	0	1	4	2	9	24	#
61	129055	2	1	4	0	3	24	#
62	78758	5	3	0	2	1	24	#
63	596490	7	8	6	3	0	1	5	2	4	9	#
64	30391	9	#
65	360319	4	0	5	1	3	6	8	2	9	7	#
66	321390	5	8	2	4	3	1	0	6	7	9	#
67	317105	1	0	4	3	5	2	8	7	25	#
68	317972	5	8	4	3	0	7	9	1	25	#
69	311785	0	6	3	4	7	8	5	2	25	#
70	249910	3	0	6	7	4	5	8	1	25	#
71	240743	1	2	5	4	3	0	6	8	25	#
72	205429	7	4	0	3	5	2	1	6	25	#
73	365067	2	5	4	0	1	3	6	7	8	26	#
74	371048	2	5	1	4	0	9	3	6	7	26	#
75	445030	4	0	5	1	2	3	8	7	6	9	#
76	428824	7	8	6	3	4	1	0	5	2	9	#
77	393493	6	7	8	3	0	4	5	1	2	9	#
78	155760	3	4	27	#
79	119598	4	1	27	#
80	409573	9	1	0	4	3	5	2	8	7	6	#
81	272322	3	0	4	1	28	#
82	220441	0	1	2	4	28	#
83	181047	4	1	5	2	28	#
84	300461	6	3	0	4	7	8	1	5	2	9	#
85	351265	2	5	8	1	4	7	3	6	0	29	#
86	421844	7	6	4	3	5	8	9	2	1	29	#
87	360355	3	6	0	4	7	1	5	8	9	29	#
88	421708	0	1	4	2	3	5	6	7	8	9	#
89	52973	9	#
90	410847	7	8	5	2	4	1	0	3	9	6	#
91	119030	5	4	2	30	#
92	60447	5	2	1	30	#
93	59615	4	5	0	30	#
94	583155	9	1	2	4	0	5	8	7	3	6	#
95	68455	7	#
96	324190	2	1	5	0	8	6	7	3	4	31	#
97	345758	2	5	8	1	0	3	4	6	9	31	#
98	339726	2	5	4	0	3	6	1	8	7	32	#
99	331951	2	1	5	8	4	0	3	6	9	32	#
100	541219	8	5	7	6	2	1	4	3	0	9	#
101	379668	1	2	5	8	0	9	4	3	7	6	#
102	322512	3	6	4	7	0	1	5	2	8	9	#
103	138673	4	1	2	5	33	#
104	194197	5	2	1	8	33	#
105	64310	2	1	0	5	33	#
106	111845	2	1	#
107	591701	2	1	4	3	0	5	8	7	6	9	#
108	462731	8	7	5	2	4	6	1	3	0	9	#
109	371596	8	5	2	4	3	34	#
110	361510	3	6	4	5	8	34	#
111	341274	8	5	4	1	2	34	#
112	251112	4	5	2	0	3	34	#
113	146585	1	4	2	35	#
114	142147	1	2	5	35	#
115	127020	4	1	0	35	#
116	53955	2	1	0	35	#
117	284403	5	4	3	0	6	7	36	#
118	228221	4	5	1	3	0	6	36	#
119	227691	5	2	4	8	0	3	36	#
120	226501	7	8	5	2	6	0	36	#
121	195344	0	1	4	5	2	3	36	#
122	159993	6	3	4	1	2	0	36	#
123	422558	3	0	4	6	1	5	2	7	8	37	#
124	477561	1	4	3	0	5	9	2	8	7	37	#
125	194031	1	4	3	0	2	38	#
126	225961	1	4	5	3	0	38	#
127	154475	4	5	0	1	2	38	#
128	404889	6	3	0	4	1	2	5	8	9	39	#
129	327197	0	3	4	1	6	5	2	8	7	39	#
130	58373	1	0	2	4	5	40	#
131	64895	0	1	4	3	6	40	#
132	64193	1	0	3	4	5	40	#
133	207704	9	5	8	41	#
134	110297	8	5	2	41	#
135	92634	9	7	6	41	#
136	91104	5	4	0	41	#
137	205056	9	4	1	0	3	2	42	#
138	294140	1	0	4	3	5	8	42	#
139	221871	9	5	8	7	4	2	42	#
140	215812	4	0	3	5	8	2	42	#
141	187426	3	0	1	2	4	5	42	#
142	127204	0	1	4	3	2	6	42	#
143	512913	6	3	4	5	7	8	0	2	1	43	#
144	478639	4	3	9	5	8	1	2	7	0	43	#
145	159206	7	6	3	44	#
146	193442	3	4	1	44	#
147	120210	7	6	8	44	#
148	27140	1	#
149	407563	1	0	4	3	6	2	5	7	8	45	#
150	447291	6	3	7	8	0	4	5	1	9	45	#
151	433707	8	5	7	6	3	4	0	2	9	45	#
152	371772	2	1	5	4	3	9	0	8	6	45	#
153	414489	7	6	3	4	5	8	0	1	2	46	#
154	460769	3	0	9	4	6	5	8	7	2	46	#
155	192919	6	7	3	0	4	47	#
156	188479	3	0	6	4	1	47	#
157	178029	6	3	0	4	5	47	#
158	143090	4	0	1	3	2	47	#
159	464798	4	5	1	8	0	7	3	9	48	#
160	492571	3	6	7	8	0	4	1	5	48	#
161	452906	8	5	7	6	3	2	4	1	48	#
162	419407	5	8	4	1	0	2	3	6	48	#
163	359143	9	3	6	4	1	7	0	5	48	#
164	322953	0	1	2	3	4	5	7	6	48	#
165	316190	5	2	4	8	1	0	3	7	6	49	#
166	231539	2	1	5	4	0	8	3	9	6	49	#
167	443075	8	5	7	6	4	1	3	0	2	50	#
168	440457	7	8	6	5	4	0	1	3	9	50	#
169	398052	1	0	4	2	5	3	6	9	7	50	#
170	253957	8	5	7	6	2	4	3	0	1	#
171	458894	8	7	5	2	1	4	3	9	6	0	#
172	178968	9	4	3	5	51	#
173	207059	9	3	6	7	51	#
174	135675	3	0	1	4	51	#
175	130164	5	4	1	2	51	#
176	89981	4	3	6	0	51	#
177	34109	9	#
178	175875	7	6	3	4	0	52	#
179	249873	7	8	9	6	5	52	#
180	229696	6	7	8	5	2	52	#
181	120559	4	5	0	1	8	52	#
182	95856	3	0	4	5	1	52	#
183	400908	6	7	8	3	4	5	0	1	2	53	#
184	384956	2	1	0	5	8	9	4	7	3	53	#
185	389716	3	0	7	4	6	1	5	8	2	#
186	525329	9	5	2	8	3	1	6	4	0	7	#
187	124609	9	#
188	297859	3	4	2	5	1	6	0	54	#
189	421029	4	5	0	8	3	7	6	54	#
190	364267	2	5	8	4	0	3	1	54	#
191	331554	3	7	6	0	8	4	1	54	#
192	398390	2	5	8	7	4	1	0	6	55	#
193	452648	2	5	8	1	4	0	3	6	55	#
194	415840	7	6	8	5	3	2	0	1	55	#
195	318509	4	3	1	6	0	2	7	5	55	#
196	52556	4	1	56	#
197	10897	1	0	56	#
198	458051	6	7	8	5	3	4	0	1	2	57	#
199	441691	0	1	2	5	9	4	8	7	6	57	#
200	50241	9	#
201	394898	0	1	4	3	5	6	2	7	8	9	#
202	36900	1	#
203	50482	6	3	#
204	68353	9	#
205	153490	5	4	3	58	#
206	149469	3	4	0	58	#
207	301734	0	3	4	1	2	5	6	7	8	#
208	318459	4	3	1	6	2	5	0	8	59	#
209	353057	8	5	2	4	9	1	0	3	59	#
210	304470	0	3	6	4	7	8	1	5	59	#
211	289109	6	3	7	8	5	0	1	2	59	#
212	284180	4	3	0	1	2	5	8	7	59	#
213	359680	4	0	1	5	2	3	8	6	7	9	#
214	316503	3	4	5	0	1	6	7	60	#
215	420024	5	2	1	4	8	3	0	60	#
216	403760	4	6	7	1	5	2	8	60	#
217	359539	1	0	3	4	6	2	5	60	#
218	366956	6	3	7	4	0	8	61	#
219	441850	7	6	8	5	4	3	61	#
220	369663	4	5	1	3	0	2	61	#
221	324467	3	9	4	1	0	2	61	#
222	91246	9	#
223	377121	8	5	2	1	4	0	3	6	62	#
224	379667	8	5	7	6	2	3	0	1	62	#
225	379033	5	8	2	1	0	7	4	3	62	#
226	356958	6	3	0	4	5	7	8	2	62	#
227	358474	7	2	5	8	6	4	3	9	0	1	#
228	34857	0	#
229	34753	4	#
230	150091	8	5	#
231	213037	4	1	2	3	0	5	8	7	6	#
232	331104	1	0	4	3	6	5	2	9	63	#
233	362640	9	8	5	7	4	6	0	3	63	#
234	337988	4	5	8	2	7	3	1	6	63	#
235	337477	2	1	4	5	0	3	8	7	63	#
236	324860	1	0	4	3	6	2	5	8	63	#
237	322221	0	3	6	1	4	5	7	8	63	#
238	391768	0	4	5	3	8	1	7	2	6	64	#
239	410433	5	8	9	4	1	6	7	3	0	64	#
240	256886	4	3	0	5	1	2	65	#
241	329955	3	6	7	4	1	0	65	#
242	283785	1	2	5	4	3	6	65	#
243	264781	4	0	3	1	5	8	65	#
244	239477	5	4	8	0	1	2	65	#
245	249849	4	3	0	1	6	2	5	9	8	7	#
246	116038	6	7	3	66	#
247	143297	7	8	5	66	#
248	112555	6	7	8	66	#
249	85733	3	4	6	66	#
250	344169	0	4	1	5	8	7	2	6	3	67	#
251	425220	4	0	9	1	2	5	8	3	7	67	#
252	354253	5	4	1	2	0	3	6	9	7	67	#
253	360377	3	0	6	7	8	4	5	1	2	68	#
254	463757	8	7	6	3	4	0	5	1	9	68	#
255	411633	5	9	2	4	1	0	8	7	3	68	#
256	251899	8	5	4	2	3	7	0	6	69	#
257	307568	2	1	4	0	3	6	7	8	69	#
258	291209	6	4	1	3	0	5	2	8	69	#
259	282952	0	1	3	4	6	5	7	8	69	#
260	272493	7	8	5	6	4	1	0	2	69	#
261	257209	5	4	2	0	3	1	8	7	69	#
262	340810	7	8	5	4	2	3	6	0	1	#
263	481423	1	4	3	0	6	7	5	2	8	9	#
264	343095	6	7	8	3	70	#
265	289095	3	4	6	7	70	#
266	206661	6	3	4	2	70	#
267	22958	1	0	#
268	616109	5	4	8	1	0	2	7	6	3	71	#
269	608143	7	6	3	0	8	1	4	5	9	71	#
270	161919	8	7	72	#
271	193786	8	5	72	#
272	555768	5	8	2	4	7	0	3	6	1	9	#
273	34723	0	4	73	#
274	49294	4	5	73	#
275	289494	2	5	4	0	3	1	6	7	8	74	#
276	342698	0	4	1	9	2	5	8	7	3	74	#
277	117861	2	5	8	75	#
278	131261	8	5	4	75	#
279	169746	4	1	3	6	0	76	#
280	116721	6	7	3	4	1	76	#
281	15335	6	7	#
282	584292	4	1	3	5	0	2	6	7	8	77	#
283	583768	7	6	3	4	8	5	1	9	0	77	#
284	501195	2	5	1	8	4	7	0	9	6	77	#
285	345648	7	6	2	5	8	3	1	4	0	9	#
286	47134	6	#
287	6657	9	#
288	251915	6	3	7	0	4	78	#
289	264103	7	8	5	2	1	78	#
290	227966	3	0	4	6	5	78	#
291	173639	0	4	1	3	2	78	#
292	160861	4	0	1	5	3	78	#
293	474980	8	5	7	2	1	0	3	4	6	79	#
294	541452	0	9	1	4	5	2	8	3	7	79	#
295	110758	3	4	80	#
296	88903	4	0	80	#
297	74690	3	6	80	#
298	290326	6	7	8	3	81	#
299	286617	8	5	9	7	81	#
300	214801	6	3	7	0	81	#
301	194430	3	4	0	1	81	#
302	87554	8	#
303	256787	0	4	3	1	6	2	7	5	8	82	#
304	307092	5	2	8	7	1	9	6	3	0	82	#
305	261141	5	2	1	8	4	83	#
306	191446	4	3	5	0	1	83	#
307	160215	5	4	2	1	0	83	#
308	139473	8	5	4	2	7	83	#
309	377829	0	4	3	6	5	8	1	84	#
310	404171	5	4	3	1	0	2	8	84	#
311	395069	4	5	0	8	3	1	7	84	#
312	389831	8	5	4	2	0	1	7	84	#
313	334237	6	3	7	8	0	4	1	84	#
314	270504	0	3	4	1	5	2	6	84	#
315	1242	7	6	#
316	75860	2	1	4	85	#
317	77769	4	3	9	85	#
318	49844	1	4	0	85	#
319	206338	4	1	3	5	8	7	0	2	6	86	#
320	188473	3	6	4	1	9	0	5	2	7	86	#
321	425682	6	3	0	4	7	9	8	5	1	2	#
322	49018	7	#
323	383227	4	0	5	1	7	8	3	6	2	87	#
324	397843	8	5	9	4	3	1	6	2	0	87	#
325	480679	0	4	3	1	2	5	8	7	88	#
326	491257	7	6	8	3	0	4	1	2	88	#
327	476974	1	0	4	3	6	5	8	7	88	#
328	426430	5	4	0	1	3	2	8	6	88	#
329	416681	2	5	8	7	6	3	0	1	88	#
330	397694	3	4	0	1	2	6	5	7	88	#
331	90783	6	7	3	0	89	#
332	80878	0	6	7	4	89	#
333	74846	3	4	6	0	89	#
334	527664	7	8	5	2	4	1	3	0	9	90	#
335	588593	9	6	3	7	8	4	5	2	1	90	#
336	504438	5	8	7	4	2	3	1	0	6	90	#
337	388905	7	8	5	0	1	3	4	2	6	9	#
338	52375	2	#
339	203001	0	4	1	2	3	91	#
340	264054	4	5	3	8	9	91	#
341	247044	2	5	8	7	4	91	#
342	206249	1	4	5	0	8	91	#
343	163882	3	6	7	0	4	91	#
344	391382	2	5	8	7	6	3	4	0	1	#
345	126006	4	0	1	92	#
346	131406	4	0	5	92	#
347	242307	0	4	1	2	3	6	7	5	8	93	#
348	296162	1	0	2	6	5	3	9	4	8	93	#
349	48892	9	#
350	159398	3	0	4	94	#
351	189709	3	6	4	94	#
352	178589	4	1	0	94	#
353	383636	0	3	4	1	2	8	5	6	7	#
354	148057	8	5	#
355	77464	8	#
356	293998	5	8	3	7	2	1	4	9	6	0	#
357	131865	6	3	4	0	5	95	#
358	171412	6	7	8	5	3	95	#
359	161444	4	0	1	2	3	95	#
360	159318	0	4	5	3	1	95	#
361	133992	3	0	2	4	6	95	#
362	49247	0	3	4	96	#
363	69282	0	1	3	96	#
364	35182	3	6	7	96	#
365	79952	9	#
366	434952	7	6	8	3	0	5	1	4	2	9	#
367	11396	6	#
368	324786	2	6	5	1	4	0	7	3	8	9	#
369	187514	7	8	5	97	#
370	174836	5	8	4	97	#
371	167683	7	6	8	97	#
372	89124	8	2	5	97	#
373	186746	4	1	8	2	5	0	98	#
374	210767	5	8	2	7	6	4	98	#
375	202288	2	1	0	4	5	3	98	#
376	201899	1	4	2	5	3	6	98	#
377	196995	8	7	6	3	5	2	98	#
378	180414	0	1	4	2	3	6	98	#
379	318262	5	2	8	4	7	1	3	6	0	9	#
380	400087	4	0	5	1	3	2	6	8	7	99	#
381	511971	8	7	5	6	3	2	4	9	1	99	#
382	398501	0	1	2	3	4	6	5	8	7	100	#
383	464402	7	8	6	3	5	0	9	1	4	100	#
384	431733	5	8	7	4	6	3	0	9	2	100	#
385	240481	3	0	4	1	5	6	8	2	7	101	#
386	202572	7	8	2	5	1	4	0	6	9	101	#
387	10592	6	#
388	382371	0	3	4	6	7	8	1	2	5	#
389	425318	3	4	6	7	0	5	2	1	102	#
390	485296	5	2	6	1	3	7	8	4	102	#
391	484431	6	7	8	3	5	9	4	2	102	#
392	404123	7	8	5	2	1	0	4	6	102	#
393	363290	1	0	3	4	6	5	8	2	102	#
394	53860	1	#
395	273706	1	0	4	3	2	6	7	5	103	#
396	365549	0	3	6	7	4	1	8	5	103	#
397	359664	6	7	8	3	5	2	1	4	103	#
398	321617	7	8	6	5	4	2	0	3	103	#
399	313044	2	5	8	1	4	3	0	7	103	#
400	240997	1	0	2	5	4	3	6	8	103	#
401	269616	4	3	1	0	5	104	#
402	322809	4	6	3	7	8	104	#
403	257643	0	3	4	5	2	104	#
404	180036	1	2	0	4	5	104	#
405	131531	5	2	6	1	4	104	#
406	51345	5	#
407	320601	8	5	2	7	1	0	3	4	6	#
408	23030	4	#
409	174308	4	5	105	#
410	130249	5	2	105	#
411	106858	4	3	105	#
412	114133	4	0	106	#
413	121199	0	3	106	#
414	89868	4	1	106	#
415	226345	8	5	4	3	0	1	2	7	6	107	#
416	245938	6	7	8	5	3	0	1	2	9	107	#
417	111656	0	4	3	1	6	2	5	108	#
418	159605	3	4	0	8	1	5	2	108	#
419	149279	0	1	4	3	6	2	7	108	#
420	32804	9	#
421	100171	9	#
422	491910	3	4	1	0	5	6	2	8	7	#
423	301583	5	2	8	1	4	0	3	109	#
424	324187	5	8	4	3	2	7	6	109	#
425	314954	2	5	1	4	0	8	7	109	#
426	242361	1	4	2	3	6	9	0	109	#
427	217514	0	3	1	2	4	6	7	109	#
428	203508	4	0	1	3	2	6	5	109	#
429	219702	6	7	8	5	110	#
430	259318	7	8	6	3	110	#
431	187838	6	3	0	1	110	#
432	56209	9	#
433	424355	0	1	3	2	6	4	5	8	7	#
434	162285	7	6	3	111	#
435	169486	3	4	6	111	#
436	176570	2	1	5	4	112	#
437	233508	5	8	4	2	112	#
438	139949	2	1	4	0	112	#
439	450082	4	5	3	1	0	8	2	7	6	9	#
440	506389	6	7	8	5	3	0	4	1	2	9	#
441	84632	0	3	4	6	113	#
442	113268	4	0	3	5	113	#
443	201728	1	0	3	6	7	114	#
444	196386	7	6	3	4	1	114	#
445	138028	1	4	0	5	3	114	#
446	183330	6	7	8	5	2	115	#
447	263895	7	6	8	5	4	115	#
448	233819	6	3	4	7	0	115	#
449	182393	8	5	4	7	2	115	#
450	83288	2	1	0	5	4	115	#
451	108601	3	#
452	123773	8	7	#
453	356236	6	7	3	4	5	8	0	2	116	#
454	399560	7	6	8	3	0	4	1	5	116	#
455	347185	0	4	1	3	6	2	7	8	116	#
456	329132	2	5	4	1	3	6	0	8	116	#
457	297973	6	1	0	3	4	2	5	7	116	#
458	257896	5	8	2	7	6	4	1	0	116	#
459	172654	8	5	4	0	117	#
460	167134	8	5	7	2	117	#
461	133743	0	3	6	4	117	#
462	133581	5	2	8	4	117	#
463	115478	4	0	1	3	117	#
464	243281	0	3	6	7	118	#
465	323563	6	7	8	3	118	#
466	255857	3	4	6	5	118	#
467	217667	0	3	6	4	118	#
468	483118	1	4	3	5	8	0	2	7	6	119	#
469	443175	2	1	5	4	0	3	8	9	7	119	#
470	272058	2	5	4	0	1	3	6	7	120	#
471	309635	1	4	0	2	5	3	8	7	120	#
472	289954	7	8	6	5	4	1	2	3	120	#
473	283124	6	7	8	5	4	3	0	2	120	#
474	233385	0	1	4	3	2	6	5	8	120	#
475	155550	8	5	4	121	#
476	167351	4	0	1	121	#
477	108316	8	5	2	121	#
478	105010	5	2	1	121	#
479	79564	9	#
480	255530	6	7	8	3	4	5	2	122	#
481	205376	7	8	5	2	4	6	0	122	#
482	204910	6	7	3	4	8	5	1	122	#
483	201714	4	1	3	0	5	8	2	122	#
484	198071	8	5	7	2	6	3	1	122	#
485	129490	3	0	6	4	1	2	7	122	#
486	35792	9	#
487	384600	2	6	1	7	5	3	4	0	8	9	#
488	300665	5	2	4	0	3	1	8	123	#
489	330655	4	3	6	7	1	8	0	123	#
490	312354	5	8	4	1	0	7	3	123	#
491	286498	3	6	0	7	4	5	1	123	#
492	274810	0	4	1	2	5	3	6	123	#
493	550902	8	7	6	3	0	4	1	5	2	#
494	283748	0	1	4	3	5	6	8	2	7	9	#
495	287347	0	3	6	4	5	1	2	8	7	#
496	87841	1	0	2	5	3	124	#
497	57811	1	4	2	5	0	124	#
498	141823	3	4	125	#
499	43892	4	6	125	#
500	550576	2	1	4	0	3	5	8	6	7	9	#
501	67337	1	#
502	221380	4	0	5	3	2	126	#
503	321834	5	7	4	6	3	126	#
504	266601	4	1	0	5	3	126	#
505	214533	2	1	0	5	8	126	#
506	168918	3	0	1	2	4	126	#
507	189263	8	5	2	1	4	7	127	#
508	165837	7	8	5	6	4	3	127	#
509	156060	2	1	0	9	3	5	127	#
510	143783	5	2	8	7	4	6	127	#
511	137698	8	5	2	4	7	3	127	#
512	103833	4	3	0	6	5	1	127	#
513	134404	0	3	4	8	128	#
514	184406	3	4	6	7	128	#
515	22519	0	1	4	3	128	#
516	201547	7	8	6	129	#
517	193839	6	7	3	129	#
518	162856	8	5	7	129	#
519	462036	7	6	3	0	4	5	2	8	1	#
520	64729	3	#
521	244568	1	0	3	6	2	4	7	5	8	130	#
522	247886	3	9	0	4	6	7	1	8	2	130	#
523	310365	6	7	3	0	8	131	#
524	308447	7	6	8	5	2	131	#
525	133028	3	6	0	1	4	131	#
526	80971	0	1	2	4	5	131	#
527	426422	0	1	4	5	3	8	2	6	7	#
528	184559	3	6	4	0	1	132	#
529	214468	3	0	6	4	7	132	#
530	175691	1	0	2	4	3	132	#
531	173860	4	1	0	2	9	132	#
532	34708	3	4	133	#
533	17262	4	0	133	#
534	178021	3	0	4	6	5	7	2	1	8	#
535	554157	5	4	2	3	1	0	6	7	8	134	#
536	549966	2	1	0	4	5	3	6	8	9	134	#
537	463624	7	8	6	5	2	9	4	1	0	134	#
538	249995	7	6	5	8	3	135	#
539	319383	8	7	5	4	1	135	#
540	255422	5	4	8	0	7	135	#
541	197431	3	4	5	0	1	135	#
542	187454	7	8	6	3	0	135	#
543	105160	6	3	4	1	2	135	#
544	218181	2	1	0	8	5	4	136	#
545	194677	2	5	4	1	0	3	136	#
546	187716	0	3	4	6	5	2	136	#
547	169234	1	0	4	3	6	7	136	#
548	165213	5	4	3	6	0	1	136	#
549	263783	7	8	6	5	2	1	137	#
550	278701	8	5	4	7	3	0	137	#
551	252861	5	2	1	8	4	0	137	#
552	242645	7	8	6	5	2	3	137	#
553	232597	6	3	4	1	0	7	137	#
554	222696	1	2	4	5	0	3	137	#
555	412309	6	3	4	0	1	7	2	5	8	9	#
556	411555	7	6	3	8	5	2	0	4	1	138	#
557	383325	8	5	4	7	6	1	2	9	0	138	#
558	496442	4	3	0	5	1	8	7	2	6	9	#
559	473701	0	1	4	2	9	3	6	5	8	139	#
560	497332	9	0	4	5	1	3	6	7	8	139	#
561	485536	2	4	0	3	5	6	7	1	8	139	#
562	460737	0	4	5	1	2	3	6	7	9	139	#
563	76251	7	#
564	463896	2	1	4	0	3	5	6	8	140	#
565	538782	2	5	8	7	6	1	4	3	140	#
566	514868	4	3	6	7	8	5	0	1	140	#
567	480129	1	2	4	3	5	0	6	7	140	#
568	475724	6	3	7	0	4	5	8	2	140	#
569	460513	0	4	3	6	1	7	8	2	140	#
570	131853	1	0	141	#
571	84486	0	3	141	#
572	44244	1	4	141	#
573	327742	3	0	1	4	5	8	2	6	142	#
574	359073	8	7	5	4	6	3	0	1	142	#
575	315666	5	8	7	6	2	3	1	0	142	#
576	314677	4	0	1	3	6	7	2	8	142	#
577	237651	6	7	3	0	4	143	#
578	296518	7	8	5	6	3	143	#
579	287773	3	4	0	1	6	143	#
580	321648	5	2	4	0	3	1	6	7	8	144	#
581	430340	3	9	0	4	6	7	8	2	1	144	#
582	227460	9	0	3	4	6	1	145	#
583	304682	3	4	5	2	0	8	145	#
584	251702	1	4	0	2	5	3	145	#
585	229418	4	0	3	1	6	7	145	#
586	224875	9	8	7	6	3	5	145	#
587	222997	6	3	0	4	5	1	145	#
588	264180	8	7	6	5	3	0	146	#
589	331546	5	8	2	1	0	3	146	#
590	299410	3	6	0	4	7	8	146	#
591	296369	7	8	5	4	3	2	146	#
592	251630	6	7	8	3	4	5	146	#
593	242635	0	1	4	3	6	2	146	#
594	360962	2	1	5	4	3	0	147	#
595	359973	4	1	3	0	5	6	147	#
596	351372	3	8	5	6	0	1	147	#
597	340441	2	1	5	4	3	6	147	#
598	307692	5	2	8	7	1	4	147	#
599	40660	9	#
600	264881	0	1	4	3	6	5	2	8	7	#
601	296199	2	8	7	6	3	4	5	0	1	#
602	266532	2	1	5	8	7	0	4	3	6	148	#
603	396892	6	8	7	3	5	9	2	1	4	148	#
604	124692	4	1	149	#
605	132097	1	2	149	#
606	154787	4	3	150	#
607	14221	4	0	150	#
608	406522	0	3	1	4	6	2	5	8	7	151	#
609	411004	3	0	1	2	6	5	9	7	8	151	#
610	212824	3	4	0	1	2	152	#
611	230122	0	3	6	1	4	152	#
612	221948	2	5	3	4	0	152	#
613	216441	3	0	1	2	6	152	#
614	198073	1	2	0	4	9	152	#
615	160207	4	1	2	0	5	152	#
616	56340	5	#
617	489282	3	4	0	1	6	2	5	8	7	9	#
618	427587	1	0	4	3	2	6	5	8	7	153	#
619	433265	8	7	5	6	3	4	1	9	0	153	#
620	142255	0	1	2	5	8	3	7	4	6	154	#
621	187706	5	2	1	9	8	4	7	6	0	154	#
622	246676	4	5	0	1	3	155	#
623	229993	5	2	4	8	1	155	#
624	212647	4	5	2	0	8	155	#
625	188959	1	2	5	0	8	155	#
626	165424	3	4	5	0	6	155	#
627	210048	0	1	9	4	156	#
628	263633	0	4	1	5	156	#
629	166468	1	0	4	3	156	#
630	260493	6	7	3	0	8	1	4	5	2	157	#
631	366261	7	8	6	9	5	4	0	1	3	157	#
632	381519	4	1	3	6	0	7	2	5	8	#
633	655829	3	0	4	1	5	2	8	7	6	9	#
634	178832	0	4	1	158	#
635	215354	0	3	4	158	#
636	113113	4	1	2	158	#
637	90916	1	2	3	158	#
638	392352	5	0	1	8	2	7	3	6	159	#
639	398663	2	1	5	8	4	7	6	3	159	#
640	396296	0	3	1	6	4	2	5	8	159	#
641	387956	6	3	7	0	9	4	8	1	159	#
642	367202	5	2	8	1	4	7	3	0	159	#
643	326348	1	4	0	3	6	7	2	5	159	#
644	397131	8	5	7	4	2	1	6	0	3	#
645	361619	0	1	4	3	6	2	7	8	5	160	#
646	379031	4	5	2	3	8	1	7	0	9	160	#
647	283534	4	0	5	3	2	6	1	161	#
648	309067	3	6	4	9	0	5	1	161	#
649	300801	6	7	8	3	5	2	4	161	#
650	291778	4	1	5	8	0	2	3	161	#
651	67322	2	1	5	162	#
652	24241	1	0	2	162	#
653	102636	9	#
654	473561	4	5	2	8	1	3	0	6	7	9	#
655	76038	5	#
656	529955	4	0	1	3	5	2	8	6	7	9	#
657	278147	2	1	5	4	0	3	6	8	7	9	#
658	66560	9	#
659	223875	8	7	5	4	163	#
660	253838	8	5	2	4	163	#
661	219955	5	4	3	1	163	#
662	134937	4	0	1	5	163	#
663	40271	6	#
664	421623	7	6	8	3	4	0	5	1	164	#
665	416687	4	5	1	2	8	7	3	6	164	#
666	412015	3	4	0	5	8	2	1	6	164	#
667	388846	8	5	7	6	2	3	0	4	164	#
668	147712	6	1	3	165	#
669	155520	6	7	3	165	#
670	145094	3	6	4	165	#
671	108735	1	4	5	165	#
672	240900	3	4	0	5	6	166	#
673	324724	4	5	1	8	7	166	#
674	309870	0	3	9	4	5	166	#
675	307320	3	4	1	0	5	166	#
676	304128	5	4	3	6	7	166	#
677	285544	6	7	8	3	5	166	#
678	72428	9	#
679	272763	5	8	7	4	0	1	167	#
680	321754	8	7	6	5	3	0	167	#
681	320931	7	6	3	0	8	1	167	#
682	298233	4	3	6	0	7	8	167	#
683	226303	5	4	1	2	0	3	167	#
684	218018	0	1	4	3	6	2	167	#
685	189539	3	0	4	6	168	#
686	266597	6	3	4	7	168	#
687	266244	4	0	5	2	168	#
688	260605	3	5	6	4	168	#
689	228832	0	1	4	2	168	#
690	89233	9	#
691	245091	3	0	1	4	2	6	5	7	8	#
692	318708	5	8	2	1	4	7	0	3	6	169	#
693	271581	5	4	2	1	0	3	6	8	9	169	#
694	516062	0	1	9	3	6	7	4	2	5	8	#
695	141138	3	0	4	170	#
696	140857	3	6	4	170	#
697	71661	4	1	0	170	#
698	45623	9	#
699	79447	7	#
700	229907	0	1	4	3	6	7	2	5	171	#
701	341595	4	0	5	3	8	1	6	7	171	#
702	266496	1	0	3	2	8	6	7	5	171	#
703	251394	2	5	4	3	0	1	8	6	171	#
704	512529	6	3	7	0	8	4	9	1	5	2	#
705	278540	1	2	4	3	5	8	7	0	172	#
706	353461	7	8	6	3	5	4	1	0	172	#
707	291866	3	6	7	0	4	5	8	2	172	#
708	252181	2	5	1	0	4	8	3	6	172	#
709	241796	1	2	0	3	6	7	4	5	172	#
710	4452	6	#
711	82392	2	1	#
712	89545	4	5	1	173	#
713	74536	5	4	2	173	#
714	41199	4	1	0	173	#
715	17375	1	0	2	173	#
716	411693	8	5	2	1	7	6	3	4	0	#
717	356177	5	2	1	4	8	3	0	6	7	9	#
718	16422	7	#
719	486603	5	0	3	4	2	6	1	8	7	9	#
720	115132	0	1	6	4	#
721	8208	0	4	#
722	317261	4	3	0	6	5	1	2	8	7	174	#
723	352370	0	1	4	2	5	3	6	8	9	174	#
724	186152	5	8	#
725	330620	3	0	4	1	5	2	8	175	#
726	326436	8	7	6	3	5	4	2	175	#
727	312995	5	2	1	0	4	8	7	175	#
728	269414	3	4	5	1	0	2	6	175	#
729	168456	7	0	8	176	#
730	225881	8	5	7	176	#
731	210905	7	8	6	176	#
732	149245	0	3	4	176	#
733	318613	3	0	4	5	1	6	7	2	8	#
734	446991	0	4	3	6	1	7	2	5	8	177	#
735	490134	7	8	5	4	0	1	3	9	6	177	#
736	221357	8	5	178	#
737	195318	8	7	178	#
738	380534	2	1	0	3	5	4	8	6	7	179	#
739	403547	6	7	9	8	3	2	1	5	4	179	#
740	395289	8	5	7	4	0	1	3	9	6	179	#
741	422318	6	7	8	5	4	3	2	180	#
742	441378	7	8	5	6	4	3	1	180	#
743	430178	3	6	7	8	5	4	0	180	#
744	378539	5	2	8	7	6	4	0	180	#
745	370673	2	0	5	8	4	7	1	180	#
746	366856	8	7	5	2	1	0	3	180	#
747	4214	2	#
748	69892	2	1	5	181	#
749	71394	2	1	0	181	#
750	54243	5	2	4	181	#
751	234999	8	7	5	4	182	#
752	235303	7	8	6	3	182	#
753	215437	8	5	7	6	182	#
754	127176	4	3	1	0	182	#
755	77412	2	5	4	183	#
756	65578	5	2	1	183	#
757	44386	4	0	5	183	#
758	38357	2	5	8	183	#
759	182426	7	8	#
760	499800	2	5	1	4	0	8	3	7	6	#
761	342325	6	3	0	7	1	8	2	5	4	184	#
762	288608	2	1	0	4	3	5	6	8	9	184	#
763	456133	0	4	1	2	5	3	6	8	7	#
764	159809	0	4	1	185	#
765	212520	4	3	1	185	#
766	63711	9	#
767	238760	3	4	6	0	1	186	#
768	330859	3	4	5	8	1	186	#
769	297683	4	3	0	5	8	186	#
770	246529	6	3	7	4	0	186	#
771	358177	3	0	4	5	1	2	6	8	7	#
772	481157	4	5	2	1	9	8	0	7	3	6	#
773	246691	8	5	2	4	0	3	187	#
774	290721	8	7	6	3	0	4	187	#
775	249100	5	8	4	1	2	0	187	#
776	182914	2	1	0	3	4	5	187	#
777	236444	1	4	5	8	2	7	6	0	3	188	#
778	244702	4	1	5	0	9	3	8	2	6	188	#
779	488221	4	1	3	6	7	0	8	2	5	9	#
780	165579	4	5	189	#
781	218483	5	8	189	#
782	113300	4	3	189	#
783	358318	8	7	6	5	3	2	4	1	0	#
784	133606	5	8	190	#
785	123178	5	4	190	#
786	449696	5	8	2	7	4	6	3	1	0	9	#
787	170920	3	0	4	5	191	#
788	215838	0	4	5	8	191	#
789	208850	4	5	8	7	191	#
790	198563	3	0	1	4	191	#
791	139876	4	5	2	192	#
792	182261	4	3	6	192	#
793	163352	5	2	8	192	#
794	120815	2	1	5	192	#
795	268380	9	8	5	4	1	193	#
796	266694	5	4	8	3	6	193	#
797	235332	1	4	5	6	3	193	#
798	215535	4	0	1	3	2	193	#
799	197483	8	7	6	3	5	193	#
