%% File generated by CATS v.2.1Tue Aug 20 18:56:27 2019

%% The CATS webpage is http://robotics.stanford.edu/CATS

%% PARAMETER SETTINGS:
% Goods: 65; Bids: 1300; Distribution: regions-upv; Runs: 10; Seed: 1566345081
% Regions Distribution Parameters:
% Max Substitutable Bids = 5
% Removing HV Neighbor   = 0.1
% Adding DIAG Neighbor   = 0.2
% Additional Location    = 0.9
% Jump Probability       = 0.05
% Additivity             = 0.2
% Budget Factor          = 1.5
% Resale Factor          = 0.5
% Uniform Private Value:
%   Deviation            = 0.5
%   Max Good Value       = 100



goods 65
bids 1305
dummy 243

0	64845	25	#
1	458008	61	60	59	54	52	53	55	63	58	65	#
2	591197	63	55	62	54	46	38	61	39	37	65	#
3	585909	61	60	52	59	0	19	44	45	63	65	#
4	583922	59	60	61	52	44	45	37	38	54	65	#
5	580781	53	45	52	37	29	21	20	44	19	65	#
6	517571	55	54	63	61	60	53	46	52	38	65	#
7	122631	37	#
8	2249845	30	37	38	45	36	53	44	52	46	22	31	39	54	61	29	20	23	19	55	28	14	35	47	27	60	43	59	21	13	15	7	34	12	4	66	#
9	2331421	31	23	15	7	30	22	29	20	6	37	21	45	14	49	46	53	28	52	54	36	12	13	4	61	19	35	44	11	55	57	50	63	38	27	66	#
10	2330479	15	23	22	11	14	10	3	4	12	19	20	6	27	21	29	30	28	38	36	37	2	46	13	44	1	45	18	35	64	53	52	26	61	34	66	#
11	2325752	29	21	20	28	12	4	19	13	27	11	36	30	22	37	45	52	38	46	53	14	35	54	43	44	23	6	26	15	61	34	7	60	39	47	66	#
12	2318422	4	12	20	19	11	27	29	28	26	18	34	36	37	30	10	21	45	56	13	35	5	46	44	22	57	38	52	23	61	15	54	53	25	60	66	#
13	2315387	45	32	24	52	37	29	25	53	38	20	17	28	36	61	12	44	19	16	40	30	33	11	54	8	34	26	9	27	35	4	21	18	0	13	66	#
14	124943	62	63	54	67	#
15	83379	62	63	55	67	#
16	119175	25	17	18	68	#
17	74775	18	17	16	68	#
18	74101	17	9	18	68	#
19	572743	5	13	6	8	0	7	16	21	69	#
20	642065	5	13	14	15	7	21	20	6	69	#
21	634912	13	21	5	12	20	19	54	14	69	#
22	633213	21	20	29	1	13	14	37	12	69	#
23	607532	16	17	8	25	0	32	40	41	69	#
24	562343	7	6	14	13	15	5	23	19	69	#
25	128691	6	4	70	#
26	49080	6	14	70	#
27	341655	2	10	1	9	8	71	#
28	374708	10	9	2	3	1	71	#
29	336951	9	17	10	1	11	71	#
30	307209	1	9	8	10	0	71	#
31	300370	2	7	6	10	15	71	#
32	214176	8	16	24	3	25	71	#
33	557263	2	16	8	24	32	25	26	0	72	#
34	641990	26	19	12	13	11	20	25	21	72	#
35	567614	32	40	48	41	20	33	29	24	72	#
36	496179	24	16	32	17	8	9	10	1	72	#
37	494765	25	24	17	16	32	8	9	15	72	#
38	458589	0	1	8	16	9	17	25	24	72	#
39	627697	21	13	29	30	38	28	20	39	47	73	#
40	645741	30	31	29	28	23	27	38	37	19	73	#
41	619385	47	55	54	46	63	39	38	30	37	73	#
42	590103	13	21	12	4	20	3	19	29	2	73	#
43	573788	21	13	12	4	3	19	11	20	39	73	#
44	569430	39	25	38	46	47	45	52	24	16	73	#
45	94316	32	#
46	257718	22	21	25	17	9	18	8	74	#
47	357457	9	17	18	1	16	10	26	74	#
48	337639	18	17	9	16	25	8	0	74	#
49	249031	8	16	0	9	5	6	10	74	#
50	836177	22	15	23	30	29	21	38	13	5	37	45	75	#
51	829928	22	21	20	15	13	29	7	28	12	23	30	75	#
52	794325	37	29	24	21	20	45	16	28	19	44	13	75	#
53	774249	29	30	37	38	46	45	28	27	21	35	20	75	#
54	749935	38	37	29	36	30	22	35	43	45	14	51	75	#
55	746572	30	22	21	15	13	29	20	37	12	14	5	75	#
56	459405	43	35	34	27	28	29	20	19	30	76	#
57	617764	29	37	45	38	30	52	53	46	22	76	#
58	465357	35	36	44	28	27	43	37	19	38	76	#
59	426216	43	35	42	36	28	20	34	21	29	76	#
60	390072	27	35	19	18	43	10	36	17	59	76	#
61	359774	34	35	27	36	33	43	19	28	42	76	#
62	81901	58	#
63	93139	51	#
64	264496	53	45	61	77	#
65	258796	61	53	54	77	#
66	255354	45	53	52	77	#
67	214542	53	54	46	77	#
68	1790911	16	24	32	40	48	56	49	41	17	9	1	18	10	57	0	50	58	59	2	33	42	51	26	25	11	27	28	34	78	#
69	1919781	11	10	12	4	9	13	18	21	20	19	17	28	29	36	26	16	34	42	24	32	50	1	38	15	27	5	51	14	78	#
70	1828857	24	32	25	17	16	9	18	40	10	1	0	26	48	58	41	34	42	57	33	28	49	11	59	51	50	19	36	20	78	#
71	1820642	10	9	18	17	26	1	34	0	16	11	12	19	13	20	5	6	27	2	28	21	7	29	14	42	36	50	24	58	78	#
72	1815903	17	18	16	9	19	13	27	26	34	11	10	24	12	5	20	21	2	32	29	28	4	42	6	51	33	7	50	59	78	#
73	1806452	16	24	32	26	19	18	17	9	27	12	11	4	10	35	20	28	34	43	36	42	2	29	21	50	1	58	0	51	78	#
74	247132	34	50	35	79	#
75	246171	50	51	43	79	#
76	137081	34	35	27	79	#
77	507789	24	16	8	9	18	10	19	17	2	32	80	#
78	704293	17	9	16	18	8	19	26	25	0	1	80	#
79	680116	8	9	0	17	33	1	41	25	10	26	80	#
80	669579	19	17	26	18	25	9	1	10	11	33	80	#
81	662076	18	19	17	9	41	26	10	11	2	1	80	#
82	639948	9	10	18	17	26	2	19	25	7	16	80	#
83	189970	61	53	81	#
84	174220	61	60	81	#
85	1156592	59	58	57	10	60	51	11	12	18	4	50	43	2	61	53	54	45	1	44	82	#
86	1221230	18	9	26	17	25	33	1	0	50	41	58	59	24	51	57	43	21	49	56	82	#
87	1113859	54	55	53	62	47	39	63	45	38	30	22	52	23	14	15	9	18	46	19	82	#
88	1093247	10	18	26	27	9	17	1	19	0	12	34	11	35	36	4	2	25	24	16	82	#
89	1090446	1	0	2	3	11	4	12	19	26	18	20	27	28	29	17	9	25	21	30	82	#
90	1065048	53	52	54	60	55	63	45	62	44	36	47	61	39	28	19	59	20	27	12	82	#
91	351868	42	34	50	49	40	41	83	#
92	341078	50	42	49	51	41	40	83	#
93	334304	42	34	43	51	59	35	83	#
94	326683	34	26	35	18	19	27	83	#
95	303476	41	33	34	42	43	49	83	#
96	291413	49	50	56	42	51	43	83	#
97	360910	25	33	41	17	26	84	#
98	397857	33	41	40	48	25	84	#
99	332240	25	33	41	24	5	84	#
100	241169	41	44	33	52	8	84	#
101	183994	26	18	10	9	11	84	#
102	121245	17	18	25	9	1	84	#
103	949996	33	25	41	49	32	26	27	19	48	24	50	56	42	43	40	58	17	51	34	16	35	85	#
104	1365080	33	34	35	27	41	49	50	36	56	28	42	58	37	20	31	23	26	57	22	30	19	85	#
105	1319478	49	56	30	38	26	19	34	31	18	20	46	57	28	17	36	9	12	50	55	16	35	85	#
106	1295166	32	40	55	54	47	61	41	46	49	48	24	38	37	30	53	36	60	52	22	16	56	85	#
107	1288652	27	28	20	19	36	37	35	12	38	26	45	39	53	34	18	52	17	9	54	30	1	85	#
108	1279799	50	58	49	56	41	33	57	59	40	46	60	51	32	52	42	34	26	53	54	62	61	85	#
109	161032	11	10	9	17	18	86	#
110	234968	17	18	10	2	9	86	#
111	116328	9	48	17	49	18	86	#
112	435861	38	39	47	37	30	55	54	53	29	87	#
113	575778	53	61	54	62	63	45	44	9	37	87	#
114	557107	37	36	38	30	44	22	23	46	45	87	#
115	540319	38	30	22	39	47	29	37	28	23	87	#
116	534977	54	53	45	22	21	15	61	20	46	87	#
117	532858	47	39	55	54	62	63	38	37	61	87	#
118	147225	55	54	46	88	#
119	217303	54	46	62	88	#
120	144342	55	54	0	88	#
121	222284	13	5	14	89	#
122	274963	13	14	12	89	#
123	200126	14	22	13	89	#
124	3038259	11	3	10	4	25	32	33	41	34	42	51	50	49	12	13	19	44	56	26	59	48	21	52	14	30	40	45	20	2	6	58	22	46	23	35	31	36	60	29	24	54	15	16	1	37	43	57	5	7	9	17	28	90	#
125	3210922	52	45	60	61	62	54	55	46	47	15	23	31	32	22	7	30	25	3	38	17	21	39	14	33	34	42	16	13	51	24	26	6	9	29	20	18	50	40	28	11	12	10	2	19	41	4	1	59	58	43	49	36	90	#
126	3185934	20	19	11	12	13	6	3	26	34	21	35	42	22	50	28	51	58	36	25	5	14	59	43	15	60	7	27	30	52	23	33	29	4	37	10	17	41	16	45	38	46	9	31	40	49	56	32	2	1	54	57	39	90	#
127	3173225	36	28	35	20	37	12	11	29	19	30	38	22	31	34	10	39	46	9	42	54	45	55	21	23	15	26	4	33	3	50	52	44	7	41	6	47	60	61	49	2	14	56	1	25	43	57	32	5	13	24	16	58	90	#
128	3170468	42	51	50	43	58	34	35	33	26	36	28	20	32	27	57	25	21	49	19	29	13	40	12	41	11	17	4	14	3	16	10	2	15	30	22	31	56	37	1	23	9	45	46	54	52	38	60	39	7	53	55	5	90	#
129	3150678	7	15	22	30	31	23	14	1	6	21	13	2	3	38	46	10	11	12	5	9	54	4	20	28	45	19	36	18	51	43	24	32	50	42	39	55	26	34	35	16	52	33	17	60	37	29	40	41	25	59	49	58	90	#
130	312772	21	29	37	30	28	91	#
131	428823	29	37	28	20	12	91	#
132	348233	37	38	29	20	28	91	#
133	330660	21	20	22	23	19	91	#
134	289963	30	38	31	23	22	91	#
135	2404958	18	26	25	19	27	28	11	20	12	32	36	9	37	38	8	30	46	24	33	21	22	31	39	34	29	54	16	55	47	63	42	23	43	51	92	#
136	2579637	21	29	20	22	30	28	36	23	31	14	37	45	52	38	44	6	19	27	26	12	54	18	46	25	13	61	7	11	33	55	34	41	4	63	92	#
137	2547068	37	30	45	22	36	28	20	27	23	26	19	25	21	24	31	52	29	12	13	16	32	46	38	54	5	44	18	6	55	63	14	11	61	7	92	#
138	2545342	9	1	0	8	18	19	16	20	26	17	29	27	21	28	30	36	44	12	37	31	24	25	23	52	22	11	33	32	38	46	63	41	40	49	92	#
139	2542771	33	34	26	18	19	41	25	27	42	50	20	24	16	49	43	32	21	51	29	30	28	31	38	36	23	8	22	9	56	14	37	57	0	45	92	#
140	2501664	16	24	8	0	25	33	18	41	19	1	9	26	20	28	27	34	49	29	57	36	11	50	30	37	39	22	56	44	21	13	31	52	23	45	92	#
141	391948	28	27	26	34	42	20	93	#
142	482888	42	51	34	43	26	50	93	#
143	435509	34	35	43	51	50	27	93	#
144	433044	20	21	13	29	28	12	93	#
145	361695	28	64	29	27	21	19	93	#
146	317064	27	52	1	19	35	49	93	#
147	765849	58	57	56	59	51	42	44	50	52	60	61	49	48	36	94	#
148	1028969	59	58	57	60	52	44	50	53	28	39	29	20	38	46	94	#
149	974023	36	35	27	37	38	44	28	46	30	20	29	31	26	19	94	#
150	894654	57	58	56	59	60	52	48	40	44	49	41	36	28	20	94	#
151	846710	60	52	53	44	61	36	35	27	59	28	58	50	49	51	94	#
152	836930	42	50	58	43	35	36	51	57	44	28	52	29	27	21	94	#
153	97416	60	43	39	42	#
154	77159	64	#
155	1234904	46	38	45	44	30	53	22	15	31	7	23	14	29	52	21	13	60	25	95	#
156	1429320	31	23	30	22	15	61	14	38	21	46	54	13	62	20	39	60	45	19	95	#
157	1362738	46	38	30	31	22	23	15	45	21	53	20	44	13	7	28	19	27	14	95	#
158	1348696	45	52	53	46	44	38	30	54	22	39	60	21	15	2	23	13	31	56	95	#
159	1294798	60	34	52	42	33	44	51	53	50	45	61	58	25	46	54	32	62	49	95	#
160	1291897	30	31	38	0	22	23	15	1	8	16	21	13	9	46	12	45	14	17	95	#
161	131634	5	64	13	96	#
162	192700	64	24	16	96	#
163	180284	5	6	14	96	#
164	1064847	11	3	19	23	26	20	51	59	43	42	12	27	22	34	33	18	29	21	60	30	25	97	#
165	1586540	18	26	19	20	17	23	16	22	12	28	27	36	29	30	37	38	14	58	21	4	50	97	#
166	1488253	19	18	20	21	17	28	27	29	26	37	36	45	16	25	33	14	52	30	24	53	35	97	#
167	1438182	30	38	31	46	37	29	22	28	14	20	27	26	19	12	18	23	6	36	17	54	7	97	#
168	1399960	60	52	59	44	53	58	51	50	45	37	46	29	61	21	38	36	28	30	32	35	27	97	#
169	1399414	27	35	28	26	18	25	33	17	19	16	20	36	32	29	24	8	30	37	0	1	44	97	#
170	765740	25	17	26	16	8	33	24	19	11	9	12	3	98	#
171	839620	24	16	8	17	25	32	40	41	26	7	6	15	98	#
172	724510	25	26	17	18	9	19	11	24	8	16	10	12	98	#
173	716735	33	41	49	40	56	50	57	58	48	34	35	43	98	#
174	706599	26	34	19	33	12	41	60	11	55	25	35	24	98	#
175	679959	12	19	11	18	10	2	17	26	25	16	9	8	98	#
176	169230	32	24	99	#
177	141901	32	40	99	#
178	365137	60	59	52	45	51	53	44	61	100	#
179	538001	52	53	44	36	60	61	19	12	100	#
180	524278	61	60	52	44	53	36	1	9	100	#
181	499015	44	36	45	35	46	38	52	34	100	#
182	478092	45	53	61	52	60	44	54	36	100	#
183	475705	59	60	52	61	58	44	50	45	100	#
184	50368	17	#
185	32479	11	#
186	337592	12	4	3	19	18	11	101	#
187	476634	11	12	10	18	9	4	101	#
188	407818	18	15	17	9	1	10	101	#
189	387529	12	11	3	13	4	10	101	#
190	382366	4	12	13	47	5	14	101	#
191	367300	3	4	11	10	12	63	101	#
192	777612	60	61	53	45	44	37	29	50	42	49	21	51	22	28	20	102	#
193	1100250	22	23	15	31	21	7	20	29	28	36	35	27	12	34	37	102	#
194	935168	45	44	36	28	37	52	35	60	29	56	20	27	61	53	21	102	#
195	934401	60	52	61	53	12	45	4	44	20	28	27	19	21	29	11	102	#
196	926547	37	30	31	45	29	22	52	15	23	21	60	53	44	63	62	102	#
197	924275	44	52	45	36	35	60	34	53	61	42	27	37	54	62	51	102	#
198	127612	55	54	46	#
199	629938	39	47	38	37	55	63	62	54	46	36	103	#
200	723738	62	54	46	63	61	53	4	45	3	38	103	#
201	694550	47	39	38	46	55	54	62	53	63	61	103	#
202	672288	63	62	55	54	46	38	39	45	37	47	103	#
203	665140	39	47	38	37	46	45	53	61	52	29	103	#
204	659316	46	54	38	55	61	63	45	44	62	52	103	#
205	642975	14	36	37	22	38	23	35	34	104	#
206	645561	34	26	19	25	12	33	42	4	104	#
207	606288	36	35	28	34	37	38	27	33	104	#
208	565383	37	38	36	28	27	35	26	19	104	#
209	532905	14	6	22	13	12	23	20	19	104	#
210	488880	22	23	14	15	6	13	12	5	104	#
211	17978	35	#
212	1186284	37	36	38	39	45	30	44	53	28	35	31	46	52	61	64	34	105	#
213	1246344	45	46	53	61	52	4	38	12	37	29	36	30	44	11	13	28	105	#
214	1184020	31	30	23	29	28	37	45	46	36	53	44	20	52	12	4	13	105	#
215	1124205	53	61	60	52	45	59	37	38	51	36	44	46	30	50	39	58	105	#
216	1099007	61	53	45	60	52	46	37	44	30	36	59	51	31	58	57	50	105	#
217	1081883	30	37	31	45	29	15	46	28	53	36	23	61	52	60	44	27	105	#
218	230815	27	35	28	26	19	29	106	#
219	271406	27	35	10	36	28	34	106	#
220	258631	19	11	18	26	34	10	106	#
221	249233	35	34	33	26	43	42	106	#
222	476385	31	53	45	46	61	52	107	#
223	531447	61	53	54	46	45	62	107	#
224	452112	45	46	54	52	60	61	107	#
225	404472	52	44	45	46	37	54	107	#
226	370548	53	61	60	54	55	46	107	#
227	349472	31	23	22	14	13	15	107	#
228	333977	37	36	30	108	#
229	289860	37	13	30	108	#
230	272328	30	31	37	108	#
231	259326	36	28	35	108	#
232	173484	22	15	14	109	#
233	151041	22	21	14	109	#
234	86518	14	22	13	109	#
235	206464	9	1	10	8	110	#
236	270580	9	17	25	1	110	#
237	228391	10	11	9	2	110	#
238	169987	1	9	8	18	110	#
239	146540	8	9	0	18	110	#
240	370381	6	7	15	14	22	52	53	111	#
241	550284	22	21	20	29	10	37	23	111	#
242	505769	14	6	13	12	20	21	22	111	#
243	491468	7	6	14	13	22	21	20	111	#
244	472609	15	7	6	23	22	14	13	111	#
245	431982	6	7	14	22	13	21	30	111	#
246	663984	63	55	52	60	61	53	59	54	62	44	46	36	58	112	#
247	926085	55	54	63	15	62	61	22	53	21	30	23	60	52	112	#
248	862407	61	54	53	62	45	52	55	44	60	36	63	28	35	112	#
249	859910	53	61	32	24	60	25	52	40	33	17	41	48	16	112	#
250	794346	63	55	62	54	53	61	60	19	27	20	52	45	21	112	#
251	774388	54	61	53	62	60	63	45	55	52	44	36	35	34	112	#
252	795027	43	35	34	33	41	51	42	50	64	49	27	56	48	19	7	58	18	9	113	#
253	1145344	48	43	40	41	32	33	24	34	35	49	56	57	51	59	50	22	15	30	113	#
254	1118973	27	35	26	19	12	20	29	28	43	18	30	34	4	13	22	21	14	2	113	#
255	1110350	43	35	51	50	34	27	28	58	19	20	29	12	4	26	36	37	33	11	113	#
256	1070666	19	18	12	20	4	9	10	64	44	62	29	13	2	28	11	43	42	58	113	#
257	1065391	41	40	32	33	34	24	35	48	16	8	17	43	49	18	56	10	2	1	113	#
258	2126558	53	54	46	55	63	62	45	44	47	56	49	39	9	48	57	17	18	10	16	40	26	8	27	50	42	19	41	37	1	38	35	28	34	20	36	33	29	114	#
259	2575101	37	38	30	22	29	21	9	8	10	31	20	18	23	12	19	15	16	4	26	27	13	45	24	53	25	54	3	17	62	7	44	63	52	2	6	28	33	114	#
260	2562431	50	51	49	42	25	26	19	32	34	33	40	56	12	20	27	18	41	29	13	17	21	28	48	22	57	37	35	24	44	45	46	4	16	3	23	38	54	114	#
261	2541180	36	35	28	44	29	37	45	30	38	53	21	39	27	20	12	22	46	13	23	31	26	34	15	18	54	55	14	19	9	4	6	52	1	3	2	62	33	114	#
262	2506894	27	19	26	18	34	12	9	33	8	20	28	35	42	1	25	21	0	4	29	13	41	37	30	10	31	24	38	46	54	23	40	45	2	39	32	11	55	114	#
263	2506385	56	49	48	57	50	40	32	42	41	25	24	33	26	19	18	27	12	34	9	17	10	51	20	4	16	13	21	59	22	8	15	28	23	31	0	3	7	114	#
264	1620796	43	42	51	59	50	49	9	56	48	34	8	33	60	41	25	18	26	58	10	11	12	4	32	40	115	#
265	1978795	48	40	41	32	56	49	33	50	21	20	25	51	57	28	29	36	26	12	24	44	27	11	37	16	115	#
266	1918302	60	59	34	33	11	25	32	12	26	13	20	51	40	24	41	27	21	29	43	28	52	36	16	44	115	#
267	1878599	51	27	28	20	29	50	43	42	32	25	49	41	40	24	30	37	21	13	12	11	31	34	26	2	115	#
268	1842866	34	26	19	18	25	20	32	40	27	10	28	24	29	36	21	37	13	16	11	12	33	2	14	22	115	#
269	1839249	10	11	2	1	18	12	26	25	34	9	32	20	33	21	8	40	22	28	41	42	24	16	15	13	115	#
270	1736673	28	20	29	27	26	18	21	30	35	34	22	23	36	42	12	25	19	51	9	61	43	8	33	0	32	24	37	41	49	116	#
271	2112525	51	43	42	50	49	39	59	38	41	60	40	33	32	58	52	30	37	56	48	35	29	21	31	64	22	57	20	23	14	116	#
272	2064397	49	50	31	48	51	30	23	11	43	56	29	22	14	40	35	12	20	10	41	52	32	21	58	59	28	38	13	27	42	116	#
273	1992018	23	31	30	29	21	20	49	56	48	50	42	28	43	22	51	35	14	12	13	40	32	58	38	46	57	59	5	11	60	116	#
274	1986284	29	20	12	28	27	21	36	35	30	37	64	31	34	13	33	22	42	23	51	41	43	50	58	1	38	0	8	9	46	116	#
275	1912346	9	1	0	13	8	21	14	22	29	23	30	38	12	2	10	56	20	18	31	28	37	49	5	48	41	40	32	27	19	116	#
276	268591	4	3	11	12	117	#
277	339133	12	19	26	18	117	#
278	300785	4	12	19	20	117	#
279	211286	3	2	10	11	117	#
280	198722	11	3	59	2	117	#
281	1754790	17	9	10	25	18	19	11	26	27	1	12	35	0	20	2	3	4	33	28	34	21	29	41	49	40	42	13	8	51	50	56	118	#
282	1948856	17	18	26	16	27	10	34	35	36	33	11	19	9	12	44	52	45	1	41	28	37	4	38	42	30	29	21	20	51	59	3	118	#
283	1821462	56	49	48	40	32	27	41	35	36	64	34	37	28	38	25	30	33	29	50	51	21	20	22	26	45	44	42	52	12	46	16	118	#
284	1772632	4	12	19	27	26	18	11	3	13	21	10	25	9	17	33	15	1	24	8	41	49	48	20	34	40	22	50	14	23	42	28	118	#
285	1759259	19	26	18	8	31	27	10	11	25	9	17	3	1	4	32	33	12	41	34	35	24	42	28	50	51	20	48	58	21	0	59	118	#
286	1754327	35	34	27	26	18	10	42	50	49	9	58	28	17	19	29	51	57	2	8	25	30	33	11	22	21	59	56	41	38	12	23	118	#
287	1299108	5	6	46	54	61	45	38	55	63	37	29	30	22	14	44	53	15	20	60	28	21	12	7	39	119	#
288	1697226	15	22	14	23	30	21	37	31	6	45	44	36	5	46	20	38	28	27	54	61	39	26	34	33	119	#
289	1691657	5	6	7	14	15	22	30	21	20	28	37	38	27	26	34	45	52	12	53	31	61	47	33	29	119	#
290	1588735	29	63	30	38	31	21	23	39	15	37	20	14	12	45	22	34	28	62	11	27	36	26	18	44	119	#
291	1528225	14	15	7	6	22	30	37	21	20	19	23	38	31	45	18	36	27	39	10	26	2	47	9	28	119	#
292	1510560	46	38	30	54	31	37	62	61	45	63	22	53	14	6	15	55	36	39	7	23	52	21	20	28	119	#
293	284644	4	3	11	12	120	#
294	286812	4	12	20	3	120	#
295	487723	1	9	10	8	17	16	18	0	24	121	#
296	573672	0	8	16	1	9	2	17	18	19	121	#
297	565373	16	8	0	1	17	9	10	25	2	121	#
298	561559	1	2	0	10	9	39	3	8	16	121	#
299	530641	8	16	17	25	9	1	18	33	10	121	#
300	494164	9	17	1	8	0	18	19	35	25	121	#
301	747795	6	14	5	13	15	23	12	4	21	19	18	122	#
302	954947	21	22	15	30	23	13	14	31	12	37	38	122	#
303	801724	19	11	10	12	2	9	13	1	26	18	17	122	#
304	795932	14	13	21	29	30	28	22	12	37	4	19	122	#
305	780506	18	17	9	26	1	0	2	34	16	19	10	122	#
306	766189	15	22	23	21	7	6	13	12	14	19	26	122	#
307	934945	22	15	7	34	30	14	38	37	21	26	27	36	123	#
308	974051	34	35	15	33	25	32	7	26	36	28	14	43	123	#
309	927855	22	30	14	31	15	13	23	21	5	6	7	38	123	#
310	892734	21	22	14	13	12	15	6	31	23	7	30	5	123	#
311	887725	7	15	6	22	14	5	23	31	30	21	37	29	123	#
312	864797	15	22	21	7	29	28	20	61	30	37	60	6	123	#
313	410834	19	31	27	23	28	20	124	#
314	567201	23	15	7	31	6	14	124	#
315	561447	31	30	23	15	38	46	124	#
316	487118	20	25	26	24	19	33	124	#
317	416188	19	20	11	10	12	26	124	#
318	328184	28	29	5	21	13	30	124	#
319	247716	17	16	8	0	125	#
320	361627	17	16	24	32	125	#
321	326972	8	16	0	1	125	#
322	295915	0	1	8	32	125	#
323	211513	16	8	17	9	125	#
324	103663	23	#
325	107081	50	#
326	417686	28	20	27	26	19	126	#
327	406714	28	27	20	21	19	126	#
328	398583	26	25	33	18	19	126	#
329	315860	20	28	21	29	27	126	#
330	273587	19	18	17	10	16	126	#
331	269380	27	26	18	19	34	126	#
332	127038	40	#
333	445068	50	51	43	35	59	60	61	52	127	#
334	629788	51	59	58	60	50	61	52	54	127	#
335	590210	61	53	52	45	46	54	60	44	127	#
336	542933	59	60	61	53	54	51	52	43	127	#
337	483352	52	45	44	60	36	59	58	53	127	#
338	461299	50	58	59	51	60	49	56	48	127	#
339	1006814	7	28	36	29	35	9	15	27	34	43	20	5	42	26	8	23	128	#
340	1106085	7	6	14	22	15	13	12	11	10	23	9	8	0	4	20	28	128	#
341	1054034	20	29	28	27	12	19	4	36	3	37	45	35	11	33	41	34	128	#
342	1043500	35	27	36	28	20	29	34	15	22	23	33	7	42	37	43	19	128	#
343	1016316	34	33	42	41	51	50	40	43	35	36	48	28	27	29	49	26	128	#
344	1001298	43	35	42	36	34	27	33	28	29	20	12	41	25	49	4	13	128	#
345	1647058	50	58	57	56	42	43	35	34	48	33	39	36	51	47	28	6	7	20	12	41	27	40	29	44	30	26	129	#
346	1961394	30	31	23	22	29	15	20	21	12	4	28	38	37	39	36	50	45	58	11	47	51	27	42	52	53	43	129	#
347	1959548	58	57	56	50	51	43	42	40	32	35	34	25	24	27	33	31	36	44	26	30	16	28	29	52	53	20	129	#
348	1906767	57	58	50	56	42	34	33	48	43	51	38	30	39	31	47	26	40	23	29	37	28	22	25	24	16	20	129	#
349	1901131	39	47	55	63	62	54	38	30	53	29	28	37	36	16	61	20	21	31	22	24	44	45	52	23	46	60	129	#
350	1898385	7	6	15	23	31	22	30	29	38	21	37	20	36	28	12	44	35	34	33	25	4	41	52	45	43	26	129	#
351	490984	9	8	47	39	17	1	16	2	130	#
352	639414	1	9	0	17	25	24	32	2	130	#
353	566552	9	17	25	1	0	32	8	40	130	#
354	456978	17	25	24	9	32	26	16	10	130	#
355	443828	39	47	55	63	62	54	53	52	130	#
356	422198	2	10	1	18	9	0	64	17	130	#
357	969500	11	3	4	2	12	19	13	10	26	22	20	18	27	35	21	28	29	15	131	#
358	1220395	10	2	18	19	27	3	28	26	34	42	20	36	25	33	41	51	37	38	131	#
359	1187947	26	27	19	25	35	33	20	59	28	21	32	40	17	48	18	10	8	11	131	#
360	1170987	22	15	21	20	23	30	31	29	28	27	19	12	13	35	26	37	36	34	131	#
361	1146192	15	23	14	13	6	25	22	26	21	18	7	19	32	20	33	12	28	27	131	#
362	1142058	13	12	7	11	15	23	3	20	19	27	21	18	26	25	17	10	16	28	131	#
363	868954	24	25	32	0	16	17	40	26	19	1	34	18	35	20	27	10	132	#
364	992557	19	27	26	12	35	13	43	25	5	42	18	20	14	15	4	33	132	#
365	946955	27	26	35	36	34	33	18	10	25	19	43	42	50	12	4	2	132	#
366	922686	32	24	25	40	48	33	34	42	35	37	30	27	45	22	26	36	132	#
367	894727	20	29	21	30	13	5	28	37	27	6	35	43	45	7	14	22	132	#
368	890017	10	11	19	26	18	25	27	2	24	35	34	1	12	17	4	43	132	#
369	1399112	48	40	32	25	26	18	41	33	56	57	19	27	35	49	12	24	50	20	21	28	36	133	#
370	1495583	12	13	11	19	21	20	27	18	28	29	17	35	43	37	30	25	4	9	33	16	22	133	#
371	1495082	27	28	19	29	37	20	18	21	12	36	30	11	17	38	3	2	13	31	16	23	44	133	#
372	1481790	25	33	32	40	17	48	9	18	16	8	1	19	56	20	57	58	27	12	2	11	41	133	#
373	1418666	28	27	29	30	37	19	11	36	20	12	35	22	21	13	44	4	25	31	23	32	17	133	#
374	1396308	21	13	20	12	19	29	11	37	28	38	27	36	30	31	44	3	35	50	4	43	18	133	#
375	243793	9	10	18	19	134	#
376	265560	10	9	18	26	134	#
377	249328	19	18	27	11	134	#
378	238422	18	19	26	10	134	#
379	187177	9	8	18	25	134	#
380	1492250	32	25	26	57	33	12	11	19	4	41	3	27	28	49	56	20	35	34	13	10	14	5	29	48	43	135	#
381	1793502	28	27	26	34	39	36	25	35	33	29	43	37	19	45	20	38	22	13	30	15	44	5	23	12	21	135	#
382	1737305	33	34	41	26	19	40	25	27	32	35	17	12	13	43	14	51	5	48	21	22	15	28	56	36	29	135	#
383	1701319	11	58	59	51	43	10	35	19	26	12	20	13	34	29	33	37	45	38	57	21	27	25	39	14	32	135	#
384	1696691	5	13	14	22	21	12	20	23	29	15	19	7	27	28	26	18	34	33	37	25	32	36	17	30	16	135	#
385	1671700	14	13	5	22	30	37	29	21	15	38	36	39	20	23	28	45	52	47	44	55	35	46	43	19	34	135	#
386	57690	63	#
387	2052416	25	33	24	41	16	17	32	9	10	18	11	19	49	56	48	34	20	1	28	12	57	58	21	13	29	14	50	37	51	3	136	#
388	2033671	56	57	58	48	49	59	51	60	41	33	50	25	42	17	34	16	23	32	24	31	15	14	7	18	22	61	30	21	13	9	136	#
389	2027777	12	13	14	19	22	21	6	15	5	23	11	7	29	28	18	17	36	9	10	35	37	34	59	3	33	41	31	30	60	16	136	#
390	2023409	9	10	11	19	17	25	27	3	39	12	21	22	28	23	42	38	16	15	31	51	7	18	13	46	29	37	30	36	33	32	136	#
391	1984989	3	11	19	20	10	21	22	12	29	28	23	31	18	9	37	15	36	14	4	13	7	17	6	30	60	5	44	16	25	33	136	#
392	1978569	19	11	3	12	13	18	21	14	17	10	15	16	9	22	7	30	6	25	2	37	31	45	32	29	23	44	28	53	36	46	136	#
393	465093	5	6	14	13	7	21	12	20	29	46	4	137	#
394	695164	46	45	18	52	26	38	34	33	17	42	41	137	#
395	616592	12	11	19	18	26	17	34	42	50	25	35	137	#
396	582825	6	14	15	56	23	13	57	49	58	7	41	137	#
397	556866	20	21	29	30	19	26	34	35	43	12	22	137	#
398	554581	21	29	20	12	64	11	13	19	18	26	37	137	#
399	270279	38	30	39	138	#
400	254674	38	39	47	138	#
401	250362	30	31	23	138	#
402	2193837	9	17	16	24	8	1	18	2	0	19	26	20	27	3	4	28	35	34	12	36	25	43	51	33	42	57	37	11	21	38	56	13	49	139	#
403	2254201	42	50	49	34	26	51	62	54	25	43	55	19	47	20	63	18	46	28	9	57	33	38	17	56	41	45	27	61	24	37	36	53	39	139	#
404	2220536	33	34	26	19	18	17	12	27	9	8	20	42	21	4	28	25	13	41	24	36	50	16	49	57	56	23	2	15	29	35	0	61	32	139	#
405	2219240	16	17	18	9	19	27	8	24	28	26	1	34	20	0	42	51	33	64	36	59	44	50	41	52	43	45	49	21	13	57	56	40	53	139	#
406	2190567	17	25	24	16	18	8	9	26	48	56	19	12	49	0	4	1	57	32	27	20	21	28	13	3	35	2	34	41	33	36	50	42	40	139	#
407	2189306	37	36	33	38	28	25	24	27	20	17	32	34	61	18	35	41	9	40	8	16	29	49	21	39	0	26	44	45	12	13	56	46	48	139	#
408	186857	62	63	#
409	1257010	42	50	51	58	43	34	26	57	49	59	41	33	35	25	32	40	60	24	36	27	56	140	#
410	1472149	35	36	37	45	34	53	26	43	30	61	22	38	33	54	15	51	52	46	44	14	60	140	#
411	1460052	27	35	60	34	43	61	51	50	52	64	36	45	53	44	54	46	26	55	62	63	33	140	#
412	1450390	60	61	53	59	51	54	50	52	45	43	58	42	37	55	34	36	63	26	18	62	33	140	#
413	1440146	59	60	61	53	45	52	37	30	54	46	55	63	51	29	21	62	47	43	31	38	36	140	#
414	1365107	36	37	30	31	29	20	22	45	14	13	46	53	35	52	44	54	15	6	40	60	55	140	#
415	628330	57	49	50	42	58	51	59	48	60	40	41	141	#
416	809300	40	45	32	24	52	53	37	16	48	44	38	141	#
417	793832	60	59	52	45	61	54	23	46	22	44	37	141	#
418	771407	58	59	50	57	60	42	52	45	37	29	51	141	#
419	725309	49	41	50	40	51	59	58	32	60	57	43	141	#
420	667928	48	49	50	58	59	51	60	41	57	52	33	141	#
421	1928768	31	30	23	38	29	22	46	14	13	21	15	45	44	6	39	5	54	7	12	53	36	47	55	61	52	63	20	28	35	43	19	60	142	#
422	2178310	13	21	14	22	23	30	31	15	38	5	29	39	6	7	28	36	44	45	46	53	35	12	47	32	52	61	24	50	54	55	25	16	142	#
423	2148914	7	6	5	14	13	15	23	22	21	31	30	25	17	16	26	33	24	12	20	9	29	10	1	18	38	34	39	0	47	28	41	35	142	#
424	2144025	22	23	14	30	39	16	13	17	38	24	25	32	40	33	47	57	56	48	55	58	46	41	45	26	21	49	18	27	9	5	35	34	142	#
425	2131650	38	39	30	22	14	13	21	23	31	36	46	8	9	18	47	15	40	35	26	10	54	55	61	48	53	43	7	27	16	17	1	60	142	#
426	2122042	52	45	60	59	46	53	38	54	61	30	55	22	31	21	14	44	23	36	35	58	27	26	13	34	33	37	28	25	43	29	57	56	142	#
427	1075677	16	8	24	17	9	18	26	25	32	19	0	20	11	3	28	36	44	27	59	10	22	21	143	#
428	1460027	59	58	57	49	56	41	48	33	50	42	40	32	60	51	24	52	44	45	37	16	36	28	143	#
429	1391907	3	11	12	20	19	4	29	28	37	18	26	21	45	27	2	38	53	52	44	9	60	30	143	#
430	1377196	24	32	40	48	41	56	57	49	50	58	59	42	16	8	25	17	9	26	14	52	18	60	143	#
431	1376316	32	24	25	26	18	17	9	8	16	40	19	20	12	28	11	48	29	41	27	0	21	4	143	#
432	1363467	8	16	9	18	17	0	26	24	19	32	11	3	27	28	12	4	29	37	38	13	45	36	143	#
433	108604	58	57	144	#
434	133833	58	59	144	#
435	41468	57	49	144	#
436	282732	27	19	43	42	20	35	50	145	#
437	394590	27	19	26	34	35	12	42	145	#
438	368005	35	43	51	34	33	59	42	145	#
439	359167	20	29	21	30	22	14	28	145	#
440	303310	19	12	20	21	13	18	22	145	#
441	31947	48	#
442	395642	57	58	56	48	49	59	40	146	#
443	516570	59	51	58	42	34	26	33	146	#
444	418018	48	49	56	57	58	30	29	146	#
445	379162	57	56	49	48	40	58	50	146	#
446	350054	56	49	41	48	57	40	58	146	#
447	344237	58	59	60	51	50	42	49	146	#
448	73500	0	#
449	402090	11	12	19	20	147	#
450	409941	11	12	4	20	147	#
451	388042	12	4	11	19	147	#
452	352961	19	12	20	29	147	#
453	300433	20	28	36	29	147	#
454	52320	26	#
455	168459	4	12	#
456	254051	15	22	23	148	#
457	314692	23	15	31	148	#
458	192987	22	30	23	148	#
459	185944	15	14	22	148	#
460	830437	50	58	42	51	55	63	62	49	47	41	43	56	33	149	#
461	1072182	33	41	39	40	32	0	49	50	51	58	42	56	24	149	#
462	900428	51	50	42	30	43	49	41	58	29	40	56	32	37	149	#
463	891536	41	63	49	56	50	42	62	51	43	33	58	35	36	149	#
464	876997	56	49	41	50	48	51	33	34	58	43	26	42	40	149	#
465	858945	50	49	51	43	42	41	33	56	58	35	27	28	19	149	#
466	220489	63	55	47	62	39	150	#
467	316020	55	47	39	58	38	150	#
468	238785	39	38	47	55	46	150	#
469	228174	47	55	54	62	53	150	#
470	171786	63	62	55	47	54	150	#
471	131192	58	59	57	151	#
472	195793	58	57	50	151	#
473	146711	57	49	58	151	#
474	65945	59	58	60	151	#
475	491040	30	31	23	22	21	152	#
476	563490	23	31	30	38	15	152	#
477	515707	31	30	37	36	38	152	#
478	407199	22	15	30	7	38	152	#
479	258307	21	61	13	5	53	152	#
480	1734217	5	6	7	14	15	13	64	12	19	11	23	22	26	30	38	10	25	32	33	17	16	34	9	2	18	29	46	153	#
481	1861388	6	5	7	15	41	14	22	21	23	49	50	13	20	48	31	29	30	33	12	58	57	4	19	34	26	25	40	153	#
482	1811200	30	22	14	23	31	15	21	29	13	5	37	28	27	62	20	19	12	38	11	46	26	54	25	39	18	53	3	153	#
483	1810694	23	15	31	30	22	14	13	38	5	21	39	46	54	12	11	7	29	53	20	19	52	37	62	26	48	10	27	153	#
484	1793064	11	3	12	13	49	41	48	10	18	50	9	40	17	19	25	58	33	14	2	59	15	56	23	5	20	28	22	153	#
485	1745204	29	30	28	31	23	20	27	26	19	35	22	43	18	11	15	10	7	12	21	4	3	14	51	34	50	59	58	153	#
486	366929	11	10	3	18	4	19	12	27	154	#
487	431551	18	26	27	9	28	34	35	8	154	#
488	390092	4	3	11	19	12	20	10	9	154	#
489	380259	11	3	4	12	10	18	17	9	154	#
490	373627	10	18	9	17	8	19	26	16	154	#
491	360054	19	18	26	25	11	12	9	20	154	#
492	1098617	54	53	61	46	38	60	59	39	30	52	29	20	44	62	12	45	28	155	#
493	1170025	46	38	30	22	39	29	31	15	28	20	27	45	21	12	37	52	44	155	#
494	1151771	39	38	30	31	22	46	29	21	28	27	35	20	12	37	13	26	4	155	#
495	1070312	38	46	39	30	22	15	29	21	28	47	31	27	20	35	37	26	34	155	#
496	1054502	62	54	46	53	38	30	52	39	61	31	22	21	60	15	44	0	41	155	#
497	1046804	29	20	28	21	12	22	27	30	35	31	34	15	42	23	50	4	13	155	#
498	1848703	21	22	30	31	6	5	15	13	23	12	7	37	19	27	11	3	29	28	36	20	10	2	18	26	45	25	38	17	14	9	8	156	#
499	2139656	36	37	30	31	38	45	39	47	28	27	19	26	46	18	12	17	25	24	11	34	33	53	44	4	32	29	52	3	23	40	16	156	#
500	2114882	19	18	9	12	17	11	27	16	24	28	4	3	32	10	40	25	8	26	15	1	23	2	20	29	7	31	41	37	38	30	36	156	#
501	2048882	7	15	23	21	22	30	29	28	54	27	36	62	53	37	38	35	52	63	45	55	13	43	26	19	25	14	46	39	5	24	32	156	#
502	2021113	30	38	31	29	21	37	36	22	23	28	13	45	27	46	44	19	26	12	15	11	43	5	25	20	32	24	10	34	40	16	35	156	#
503	2008759	10	18	2	26	17	27	25	19	9	32	24	11	34	33	3	16	4	12	35	36	8	40	48	28	22	37	29	30	45	21	15	156	#
504	357772	12	19	20	11	157	#
505	283032	12	4	19	13	157	#
506	269920	19	26	18	53	157	#
507	211617	20	28	27	29	157	#
508	192232	11	10	2	18	157	#
509	458606	11	19	20	12	24	21	158	#
510	491910	24	32	25	40	41	16	158	#
511	423511	12	13	5	4	14	57	158	#
512	415560	21	13	14	12	11	10	158	#
513	390967	11	12	20	21	29	19	158	#
514	347085	20	12	29	13	21	19	158	#
515	17439	27	#
516	245080	18	10	9	19	159	#
517	310076	9	18	19	26	159	#
518	283333	10	9	18	1	159	#
519	215090	19	11	20	10	159	#
520	205270	18	19	4	17	159	#
521	729358	58	59	50	57	0	1	8	49	56	160	#
522	770535	8	0	16	24	32	25	1	9	33	160	#
523	733650	57	56	49	50	41	33	25	24	58	160	#
524	648941	49	57	50	56	58	41	33	13	42	160	#
525	642584	56	49	50	57	42	48	34	58	40	160	#
526	633245	58	50	49	59	48	56	41	57	40	160	#
527	943156	29	28	21	63	13	20	62	5	14	36	22	27	37	19	15	161	#
528	1104898	21	29	37	30	38	39	46	22	45	28	53	36	61	54	52	161	#
529	1013465	62	63	55	54	46	61	38	39	60	52	53	44	37	59	58	161	#
530	1008910	27	26	28	25	33	32	40	35	41	36	24	44	37	16	20	161	#
531	1008174	22	15	21	29	28	27	30	20	13	38	19	23	14	5	39	161	#
532	989299	63	55	54	61	46	38	37	53	52	39	60	45	44	59	30	161	#
533	686404	12	13	14	11	3	19	26	5	21	34	162	#
534	853481	34	42	35	33	26	18	19	36	20	28	162	#
535	832209	19	27	35	20	26	34	28	12	36	18	162	#
536	791667	14	13	5	12	19	20	28	4	18	11	162	#
537	785863	11	3	4	19	18	20	62	27	12	28	162	#
538	740072	26	34	35	33	27	36	25	44	19	28	162	#
539	425078	12	11	13	19	3	20	10	18	26	163	#
540	614840	13	12	21	20	19	11	10	2	1	163	#
541	527190	19	12	13	20	29	16	28	24	17	163	#
542	500698	11	19	10	18	12	63	62	9	1	163	#
543	459092	18	9	17	10	26	27	2	25	34	163	#
544	436657	20	21	25	17	16	8	33	22	13	163	#
545	47135	17	#
546	271625	33	34	41	40	49	164	#
547	275023	41	49	50	58	57	164	#
548	259531	34	35	27	19	26	164	#
549	255431	49	56	48	50	58	164	#
550	232889	33	16	25	12	17	164	#
551	206502	40	41	48	49	56	164	#
552	697341	34	42	26	43	25	35	18	9	24	17	10	62	8	165	#
553	1019735	34	35	36	26	25	32	19	24	11	18	3	12	43	165	#
554	952255	25	24	26	32	18	19	17	34	10	33	9	12	15	165	#
555	871008	18	19	12	10	20	11	26	9	51	4	17	28	16	165	#
556	849833	10	18	19	9	26	11	3	34	17	32	12	4	35	165	#
557	842334	26	19	25	18	12	20	10	28	21	17	11	29	32	165	#
558	480785	31	23	15	7	166	#
559	408958	7	15	23	6	166	#
560	392379	31	23	22	15	166	#
561	385881	23	22	15	14	166	#
562	367439	15	14	6	7	166	#
563	498490	23	22	21	15	31	167	#
564	501878	22	21	20	14	12	167	#
565	501571	21	22	15	23	20	167	#
566	431533	23	22	31	15	14	167	#
567	403279	31	23	22	14	13	167	#
568	345820	15	7	22	6	23	167	#
569	654032	4	12	13	5	11	14	6	7	36	22	30	29	20	168	#
570	892695	30	37	38	29	46	54	61	53	62	45	60	59	36	168	#
571	783001	22	30	14	38	37	39	6	7	5	46	45	13	36	168	#
572	782146	29	45	53	37	61	36	46	30	38	22	28	27	35	168	#
573	762859	20	29	37	12	30	22	36	38	45	28	11	14	35	168	#
574	746508	5	13	57	14	22	56	30	37	29	36	6	20	7	168	#
575	706541	55	63	10	11	9	3	18	8	54	19	12	27	53	61	2	169	#
576	986962	27	28	26	34	19	20	42	33	18	21	9	10	2	1	50	169	#
577	985683	10	2	9	3	11	1	12	44	19	4	13	15	21	20	7	169	#
578	924626	12	20	4	19	11	3	27	2	28	10	1	36	44	26	35	169	#
579	860979	8	9	10	11	2	16	1	3	4	0	12	18	26	25	27	169	#
580	842085	9	10	2	1	18	0	8	26	34	16	42	11	3	12	13	169	#
581	1045568	59	51	42	34	26	19	18	10	33	9	1	11	43	20	0	58	170	#
582	1311963	34	35	26	18	19	36	20	9	1	42	44	37	33	28	0	11	170	#
583	1205803	0	1	2	9	18	26	10	34	19	11	33	29	37	21	30	20	170	#
584	1195530	20	21	22	13	5	15	23	29	19	31	37	26	11	30	7	18	170	#
585	1175489	10	1	0	9	8	18	11	2	16	19	24	26	36	28	44	31	170	#
586	1139859	42	34	33	41	35	36	25	49	57	28	26	40	37	44	56	50	170	#
587	40240	47	39	#
588	501704	37	38	36	45	44	28	52	171	#
589	593390	37	36	28	45	52	60	38	171	#
590	525341	52	23	60	61	45	54	46	171	#
591	492292	45	61	60	53	52	54	62	171	#
592	434762	28	20	19	11	12	27	10	171	#
593	395902	36	35	44	45	52	27	19	171	#
594	67669	19	#
595	293062	35	43	51	50	172	#
596	295254	35	27	34	36	172	#
597	266786	43	35	51	34	172	#
598	242318	50	51	42	35	172	#
599	206743	51	50	43	42	172	#
600	298928	18	10	26	2	173	#
601	380940	26	25	19	12	173	#
602	345402	2	1	9	10	173	#
603	217858	18	19	10	26	173	#
604	179881	10	9	18	11	173	#
605	76682	63	#
606	475751	44	52	36	60	53	61	174	#
607	581480	53	61	54	62	60	52	174	#
608	463531	60	61	53	59	52	51	174	#
609	416070	36	28	20	29	27	21	174	#
610	410072	52	53	5	60	64	54	174	#
611	335303	44	52	48	45	60	53	174	#
612	383624	54	46	45	53	61	175	#
613	444673	45	53	52	54	62	175	#
614	406396	54	62	46	45	38	175	#
615	393984	46	54	53	45	52	175	#
616	316559	61	60	44	53	52	175	#
617	303820	53	52	44	54	46	175	#
618	147128	63	55	62	46	176	#
619	215975	63	62	54	55	176	#
620	161038	55	47	54	61	176	#
621	238576	46	38	54	177	#
622	266598	54	53	52	177	#
623	229717	46	54	53	177	#
624	186753	38	16	8	177	#
625	694456	31	30	38	37	23	39	22	45	178	#
626	666027	45	37	52	30	44	40	22	14	178	#
627	645193	37	38	29	30	39	45	28	20	178	#
628	589069	39	38	47	55	30	53	52	45	178	#
629	532145	31	30	38	22	23	46	45	44	178	#
630	524366	38	37	30	45	46	54	52	22	178	#
631	239431	27	28	29	36	179	#
632	336347	28	29	20	36	179	#
633	223226	27	28	55	63	179	#
634	457194	46	45	44	36	52	53	61	180	#
635	507150	53	54	46	45	62	37	30	180	#
636	492875	36	37	29	44	28	52	53	180	#
637	473812	44	45	37	52	46	36	30	180	#
638	434117	52	60	61	53	45	44	54	180	#
639	407631	61	60	45	53	54	62	49	180	#
640	235409	62	54	61	181	#
641	190045	61	60	54	181	#
642	144676	54	62	46	181	#
643	233449	25	26	34	19	182	#
644	298121	34	42	51	50	182	#
645	294485	19	18	38	12	182	#
646	235739	26	25	24	17	182	#
647	179606	25	26	17	32	182	#
648	395508	36	37	45	52	29	21	183	#
649	465251	29	37	20	19	16	26	183	#
650	447914	37	38	36	30	46	45	183	#
651	410543	52	53	60	59	61	45	183	#
652	410130	45	46	53	44	52	61	183	#
653	382016	36	37	44	45	53	29	183	#
654	581166	58	59	51	50	60	49	41	61	48	52	184	#
655	787755	52	53	45	37	36	35	46	24	28	25	184	#
656	686142	49	48	41	33	40	50	25	42	56	32	184	#
657	676683	48	56	40	41	32	49	18	24	33	17	184	#
658	596650	41	49	33	56	40	48	57	25	17	34	184	#
659	518089	58	57	59	50	49	51	60	42	38	46	184	#
660	124422	38	46	185	#
661	131398	46	54	185	#
662	127484	38	30	185	#
663	272541	54	62	63	53	45	55	186	#
664	380747	45	53	52	60	37	30	186	#
665	373684	54	62	61	63	60	53	186	#
666	320402	53	45	52	44	60	38	186	#
667	295940	62	63	55	47	39	50	186	#
668	228258	29	37	36	187	#
669	234563	36	44	28	187	#
670	225027	37	29	30	187	#
671	1062491	48	49	57	40	41	56	58	32	25	33	24	16	17	59	38	60	39	188	#
672	1238923	38	30	31	23	15	37	36	29	35	43	41	39	40	14	51	48	47	188	#
673	1210747	41	33	49	25	24	57	56	17	16	48	50	61	54	58	51	40	26	188	#
674	1029377	40	48	49	56	57	58	32	25	24	17	33	26	16	19	27	8	12	188	#
675	1028790	16	24	17	25	33	18	19	20	10	12	28	27	13	5	36	2	29	188	#
676	1022592	59	51	43	60	58	61	57	42	35	36	28	29	49	20	19	54	12	188	#
677	257224	1	2	9	17	189	#
678	320361	1	9	10	2	189	#
679	297871	17	16	9	1	189	#
680	205297	9	1	8	18	189	#
681	764027	63	62	55	47	54	53	61	39	26	25	17	46	190	#
682	900128	61	27	28	60	35	53	26	59	52	25	37	45	190	#
683	874560	53	61	45	52	46	60	59	21	58	44	50	22	190	#
684	810378	46	45	53	52	60	37	29	61	44	54	28	36	190	#
685	777178	25	32	17	9	8	26	16	27	1	35	34	4	190	#
686	756076	26	25	19	17	27	35	32	34	9	43	51	1	190	#
687	24670	35	#
688	44375	48	#
689	218712	10	11	18	26	27	191	#
690	252761	27	35	43	26	51	191	#
691	225868	11	12	20	10	13	191	#
692	189950	26	25	27	34	35	191	#
693	180137	18	17	25	9	8	191	#
694	354400	50	51	58	59	48	40	192	#
695	311674	50	58	59	1	60	51	192	#
696	302544	59	15	51	7	42	43	192	#
697	301417	58	57	59	50	42	43	192	#
698	284947	40	48	32	41	33	49	192	#
699	283313	51	59	43	58	50	42	192	#
700	312813	15	22	7	6	23	193	#
701	425711	15	22	23	7	31	193	#
702	414351	7	15	22	14	23	193	#
703	385269	23	22	15	21	7	193	#
704	323144	22	21	13	20	23	193	#
705	315872	6	7	15	22	14	193	#
706	145326	6	5	14	22	7	#
707	239297	57	56	48	49	40	194	#
708	334742	49	41	57	40	50	194	#
709	333284	56	57	58	50	51	194	#
710	328259	48	40	41	64	33	194	#
711	264780	57	58	59	56	49	194	#
712	198782	21	29	13	195	#
713	182142	13	5	21	195	#
714	113993	29	30	22	195	#
715	110765	21	29	42	195	#
716	1641278	46	24	38	25	30	17	37	54	53	33	29	61	9	22	60	41	21	1	8	62	20	15	59	14	51	196	#
717	1771448	46	24	54	61	25	60	45	38	62	59	63	30	37	29	20	22	15	52	17	53	9	1	23	14	26	196	#
718	1730010	15	14	22	23	13	21	31	29	30	20	5	12	7	4	6	37	38	45	11	2	52	53	61	54	60	196	#
719	1655464	37	45	29	52	60	53	61	30	20	22	46	31	23	54	59	15	12	7	58	13	21	51	11	3	50	196	#
720	1629985	61	53	60	52	45	59	51	37	54	44	10	50	30	29	58	62	15	11	38	42	2	36	1	14	23	196	#
721	1552047	21	29	13	20	30	22	14	12	37	15	38	19	26	18	25	45	52	60	41	28	34	53	40	23	17	196	#
722	390071	18	9	26	54	19	12	197	#
723	461875	9	18	7	26	1	25	197	#
724	412456	12	20	21	29	13	37	197	#
725	409191	18	26	9	1	27	25	197	#
726	304122	26	25	27	35	19	28	197	#
727	253940	19	27	26	25	34	18	197	#
728	190452	10	2	3	198	#
729	232370	2	3	1	198	#
730	126996	10	11	3	198	#
731	61249	3	49	41	198	#
732	2431095	41	49	57	58	59	39	38	51	43	37	40	56	50	32	30	6	36	5	24	13	28	35	12	27	29	14	11	19	16	7	20	21	25	26	4	31	3	34	199	#
733	2470607	27	26	34	35	36	28	37	20	12	13	21	29	5	30	11	4	22	3	38	31	2	39	14	6	43	1	7	0	8	15	9	51	45	16	10	23	19	50	199	#
734	2425334	14	6	13	5	7	15	23	22	31	64	21	20	12	29	4	30	11	19	28	3	26	25	63	18	62	24	27	38	36	34	37	32	54	39	16	8	61	47	199	#
735	2423381	36	28	27	26	34	20	35	19	21	12	4	29	13	11	5	3	37	14	2	22	43	6	23	30	7	38	45	51	39	31	1	50	15	46	53	54	0	9	199	#
736	2399666	13	14	5	12	20	28	4	29	21	6	36	11	37	3	7	27	15	35	38	30	26	34	18	45	9	23	22	31	19	10	1	0	46	8	2	50	39	58	199	#
737	2395672	7	6	5	13	21	12	14	11	10	20	9	1	4	28	29	2	3	22	30	18	26	27	31	23	16	8	24	0	32	38	34	46	40	39	19	41	36	42	199	#
738	36842	54	46	#
739	289522	30	38	37	200	#
740	247946	30	31	37	200	#
741	205099	37	29	30	200	#
742	151394	38	46	54	200	#
743	187925	1	0	#
744	522387	29	30	38	39	37	21	22	201	#
745	614292	22	15	30	7	21	38	13	201	#
746	582822	21	13	20	12	28	4	36	201	#
747	531471	37	36	28	38	27	44	52	201	#
748	530631	38	39	37	30	46	36	44	201	#
749	512266	39	47	1	33	2	54	46	201	#
750	1035441	25	17	26	32	18	9	19	40	11	48	16	1	0	49	8	24	57	202	#
751	1082846	25	17	16	24	9	18	8	32	0	40	1	48	26	34	42	2	35	202	#
752	1079816	48	40	32	49	50	41	56	24	16	42	25	43	17	9	8	1	2	202	#
753	1034230	1	9	0	8	2	18	16	17	3	11	19	20	29	21	4	37	28	202	#
754	1026963	8	9	18	17	16	24	0	1	25	26	32	2	19	3	4	11	12	202	#
755	1022767	16	24	25	17	8	18	0	32	19	9	1	27	2	3	4	26	40	202	#
756	205669	55	63	54	203	#
757	181913	54	46	55	203	#
758	149027	55	54	53	203	#
759	203851	57	58	50	204	#
760	238204	57	56	31	204	#
761	164991	50	58	48	204	#
762	86718	58	59	60	204	#
763	909836	22	23	15	7	31	6	30	38	37	46	25	32	24	5	205	#
764	1006974	22	23	30	31	37	36	44	38	15	45	35	43	42	51	205	#
765	1004148	31	30	29	26	38	39	25	46	37	33	45	28	23	22	205	#
766	922986	15	22	23	38	37	46	39	31	7	30	45	36	35	47	205	#
767	921545	30	37	36	31	23	28	22	29	35	44	38	46	59	45	205	#
768	913707	23	22	31	30	38	37	36	29	44	46	45	28	35	43	205	#
769	471853	23	15	22	21	30	38	206	#
770	482322	38	39	56	30	31	48	206	#
771	431927	30	22	38	29	20	28	206	#
772	416735	21	29	28	20	27	35	206	#
773	395496	23	22	15	21	13	5	206	#
774	357111	22	15	21	29	20	19	206	#
775	136838	61	#
776	37411	49	#
777	1290778	11	19	10	9	18	26	20	17	25	16	32	12	24	8	45	28	33	38	2	29	39	207	#
778	1460323	28	36	37	30	29	27	26	35	21	22	20	13	12	23	15	25	18	38	11	14	31	207	#
779	1402177	8	9	1	18	17	26	34	16	35	25	43	32	36	42	24	27	51	28	40	2	50	207	#
780	1401503	29	30	38	31	37	22	23	21	20	14	15	46	12	11	6	45	28	36	52	60	13	207	#
781	1400476	33	41	34	64	25	26	40	35	36	32	37	43	30	22	38	15	19	27	51	44	21	207	#
782	1399888	32	24	40	25	16	41	8	9	33	17	26	10	18	1	2	27	35	11	36	28	23	207	#
783	203886	42	34	43	35	208	#
784	99939	43	42	35	51	208	#
785	98438	35	27	43	26	208	#
786	862149	62	63	54	53	55	46	47	61	39	3	60	52	11	59	38	4	209	#
787	1088790	4	12	11	19	26	27	28	29	21	35	34	36	33	41	43	18	209	#
788	1063796	38	39	47	55	54	61	60	52	62	53	30	22	59	63	36	28	209	#
789	1029302	53	52	45	54	62	63	46	38	44	60	61	30	2	36	28	39	209	#
790	1021877	11	12	10	18	2	17	9	8	16	4	0	24	1	59	19	32	209	#
791	1014701	46	54	53	38	52	44	36	60	30	28	55	63	59	39	31	62	209	#
792	862554	41	40	48	56	58	57	49	50	59	42	34	51	43	35	33	27	60	19	210	#
793	1146800	35	43	34	33	41	26	42	27	28	19	11	25	61	54	12	10	51	2	210	#
794	1091407	51	43	35	42	50	34	26	27	25	33	28	24	19	49	16	12	11	36	210	#
795	1056563	50	49	51	41	42	34	58	57	33	35	43	56	40	27	26	28	25	48	210	#
796	1055872	43	42	35	34	26	50	33	51	49	57	41	56	48	25	27	36	24	28	210	#
797	1040248	58	50	42	49	48	57	34	51	41	40	26	56	19	35	12	11	43	4	210	#
798	510289	2	1	0	8	9	10	18	16	211	#
799	613296	0	8	1	2	16	9	18	26	211	#
800	599746	8	9	0	16	1	24	32	2	211	#
801	555231	9	1	0	2	8	16	10	11	211	#
802	474421	1	2	0	9	10	18	8	26	211	#
803	453113	2	1	0	9	8	10	18	11	211	#
804	480737	2	3	11	4	12	19	212	#
805	487148	3	2	4	11	12	20	212	#
806	479875	11	12	3	2	1	20	212	#
807	438692	2	1	0	9	17	25	212	#
808	386297	12	19	11	20	29	3	212	#
809	350426	4	12	13	25	5	6	212	#
810	1050746	31	23	54	22	30	15	61	55	47	39	38	46	37	60	59	14	51	45	44	213	#
811	1412803	23	15	22	30	37	48	36	14	28	31	20	56	19	40	26	44	25	24	16	213	#
812	1324445	61	53	56	45	37	52	2	10	54	44	1	11	12	36	3	19	0	13	4	213	#
813	1262478	59	44	51	43	42	58	36	50	28	57	35	27	20	37	19	45	56	30	46	213	#
814	1220549	14	6	15	5	22	13	2	23	21	3	7	12	30	11	1	10	20	19	37	213	#
815	1168881	22	14	15	23	28	36	6	37	30	21	7	13	20	27	31	5	26	35	19	213	#
816	135293	51	43	59	35	214	#
817	200039	59	58	34	57	214	#
818	95051	43	51	35	42	214	#
819	185719	10	9	2	215	#
820	278318	9	17	16	215	#
821	126971	2	1	3	215	#
822	881579	51	43	42	35	50	34	15	14	59	58	57	13	6	33	216	#
823	1144334	43	35	36	27	34	51	59	42	28	37	20	30	45	12	216	#
824	1122863	59	51	43	35	42	34	36	27	30	38	37	31	28	29	216	#
825	1082770	15	14	6	23	31	22	7	30	5	13	37	38	39	12	216	#
826	1070419	6	5	13	14	22	30	12	23	29	31	37	28	19	36	216	#
827	1052518	13	5	6	14	22	30	38	37	12	23	31	39	4	11	216	#
828	224544	62	54	55	5	217	#
829	291445	62	63	55	54	217	#
830	234547	55	54	62	25	217	#
831	207483	5	13	21	12	217	#
832	173524	7	6	14	218	#
833	209841	7	6	15	218	#
834	201572	14	22	21	218	#
835	22559	54	#
836	257589	19	12	4	26	219	#
837	280026	4	12	13	20	219	#
838	225964	12	20	4	11	219	#
839	203070	26	27	25	35	219	#
840	191321	37	30	#
841	396438	25	26	17	32	24	220	#
842	482725	24	16	53	17	61	220	#
843	395155	32	25	26	19	11	220	#
844	302223	25	17	9	32	18	220	#
845	258135	17	18	16	8	9	220	#
846	235902	26	27	28	29	20	220	#
847	268996	52	53	45	221	#
848	287711	53	45	37	221	#
849	200596	52	44	45	221	#
850	153078	45	55	52	221	#
851	310667	28	36	37	44	222	#
852	407008	36	37	28	38	222	#
853	274521	28	36	20	44	222	#
854	237642	37	29	28	21	222	#
855	227312	44	36	28	29	222	#
856	235672	5	13	12	223	#
857	249722	12	13	14	223	#
858	164905	5	6	14	223	#
859	469458	57	58	59	49	56	50	42	224	#
860	496051	57	56	49	50	58	41	39	224	#
861	469597	58	59	57	60	49	56	50	224	#
862	435338	56	49	41	57	58	48	40	224	#
863	426710	49	56	57	48	58	59	41	224	#
864	398268	59	51	42	50	58	49	56	224	#
865	305046	36	35	37	34	225	#
866	296125	34	35	26	25	225	#
867	273452	37	38	45	36	225	#
868	263073	36	35	27	34	225	#
869	1705532	49	48	57	41	40	32	56	50	54	42	46	62	43	51	45	44	59	36	55	25	58	35	26	60	37	33	30	24	61	53	226	#
870	2025110	46	54	62	63	61	53	45	38	60	44	52	36	59	37	30	28	27	19	20	35	12	22	21	43	13	15	51	7	50	26	226	#
871	1921776	60	61	53	45	46	54	52	59	58	37	62	57	38	26	49	48	30	41	56	18	40	44	25	19	12	51	43	20	21	27	226	#
872	1904400	35	36	27	43	26	19	18	28	44	10	20	25	45	46	12	11	3	21	38	54	30	61	60	53	37	22	59	52	49	15	226	#
873	1874414	51	42	43	50	58	49	35	59	60	36	48	56	57	40	27	28	32	41	37	30	45	52	53	19	46	26	54	12	11	38	226	#
874	1834353	33	41	49	57	58	25	50	56	59	60	61	26	19	12	11	18	27	35	28	20	42	53	51	43	54	46	21	52	36	13	226	#
875	303057	55	54	61	62	227	#
876	306991	54	61	53	45	227	#
877	295434	62	54	61	60	227	#
878	284022	61	53	54	60	227	#
879	224455	55	47	39	54	227	#
880	166999	40	48	43	8	51	35	228	#
881	210245	48	40	32	41	24	49	228	#
882	167200	43	51	50	42	49	57	228	#
883	108213	38	46	#
884	535259	25	33	26	17	32	24	40	229	#
885	568888	40	32	25	26	24	17	16	229	#
886	552432	24	25	16	32	8	17	26	229	#
887	528710	33	41	25	32	49	24	50	229	#
888	471016	32	24	25	16	33	17	18	229	#
889	447603	25	32	17	16	18	9	8	229	#
890	213854	38	46	30	230	#
891	257473	30	38	37	230	#
892	175658	38	39	47	230	#
893	653254	62	23	31	54	30	22	21	46	231	#
894	700906	31	23	22	30	15	21	20	13	231	#
895	664277	21	22	23	13	20	56	48	31	231	#
896	649912	22	21	13	23	30	15	31	14	231	#
897	607092	30	22	23	31	38	21	14	46	231	#
898	601698	23	22	30	31	58	15	38	46	231	#
899	465729	1	2	0	9	8	18	16	24	232	#
900	576826	18	19	11	12	4	20	21	13	232	#
901	536106	16	24	25	8	9	32	26	0	232	#
902	535274	1	9	10	0	8	2	16	11	232	#
903	513671	2	10	11	9	19	12	3	4	232	#
904	415188	0	1	9	8	10	2	17	16	232	#
905	596224	36	35	28	29	37	44	20	43	52	233	#
906	778216	44	45	52	37	53	61	38	36	35	233	#
907	753208	52	25	24	17	32	53	45	40	33	233	#
908	705473	37	29	38	20	36	44	28	52	53	233	#
909	704133	29	37	28	20	45	36	44	52	35	233	#
910	678174	36	40	30	35	31	32	37	38	25	233	#
911	1075373	1	9	8	17	2	25	3	11	33	16	44	34	24	26	234	#
912	1264815	26	25	17	19	24	27	34	38	9	33	11	30	16	37	234	#
913	1114790	1	2	9	3	17	50	25	4	11	24	33	12	41	10	234	#
914	1080903	34	33	25	41	40	48	49	56	24	32	35	17	26	16	234	#
915	1064112	17	16	24	25	57	58	59	49	18	9	33	56	60	48	234	#
916	1063530	3	4	12	2	10	1	11	0	9	19	20	17	25	16	234	#
917	278877	36	35	44	45	16	235	#
918	308483	44	45	36	37	28	235	#
919	300672	35	34	42	43	50	235	#
920	287489	45	44	52	60	61	235	#
921	240269	36	34	35	43	42	235	#
922	204685	16	17	8	9	25	235	#
923	451514	27	19	20	18	10	17	25	24	12	236	#
924	632723	25	17	9	24	32	1	16	8	40	236	#
925	600016	24	16	32	25	17	18	8	33	40	236	#
926	577371	19	20	27	18	17	25	24	32	33	236	#
927	513635	12	20	28	36	44	27	19	18	52	236	#
928	508245	17	25	9	18	24	32	8	33	41	236	#
929	260235	47	39	38	237	#
930	334187	38	39	37	237	#
931	257519	39	38	30	237	#
932	875072	25	33	41	40	17	16	24	32	48	56	9	26	8	238	#
933	1045580	8	0	1	9	2	10	11	3	12	16	4	13	21	238	#
934	977716	16	8	0	1	2	3	4	10	12	9	17	11	13	238	#
935	954222	24	25	16	33	8	26	41	0	40	48	1	27	32	238	#
936	921430	9	1	8	16	2	3	0	4	10	11	24	17	32	238	#
937	892588	17	16	25	32	24	40	8	9	33	10	11	41	0	238	#
938	542554	5	6	14	13	21	12	19	15	22	4	239	#
939	661259	4	12	19	11	26	13	25	5	35	3	239	#
940	641733	19	18	11	17	25	12	4	3	24	57	239	#
941	600327	22	23	21	14	13	20	6	12	31	4	239	#
942	574353	12	20	19	29	21	26	13	28	36	18	239	#
943	541868	5	6	13	21	12	7	14	19	26	22	239	#
944	78376	0	#
945	149471	9	8	#
946	1201807	18	10	11	9	12	26	4	19	3	20	28	2	1	36	25	37	240	#
947	1203219	28	20	29	21	36	22	30	38	12	37	45	46	13	11	19	1	240	#
948	1178688	9	18	26	19	20	29	12	21	10	22	37	11	38	3	4	13	240	#
949	1174335	20	21	22	29	19	26	34	46	12	4	18	45	11	28	37	13	240	#
950	1150832	12	20	19	21	22	28	58	29	50	36	37	13	44	38	46	18	240	#
951	1148367	10	18	9	19	1	0	26	48	11	49	56	41	21	3	4	12	240	#
952	2586724	3	11	19	12	50	58	20	57	28	36	4	27	18	2	37	38	35	43	10	29	21	45	46	51	30	22	33	41	14	26	39	13	42	15	23	25	5	17	6	59	241	#
953	2862841	36	44	37	29	38	30	46	32	20	12	28	27	45	53	8	21	22	40	14	25	39	41	52	15	48	23	19	16	17	33	0	34	13	31	56	57	58	59	4	51	241	#
954	2685889	41	33	25	29	37	8	38	30	28	0	20	1	39	36	32	46	21	22	16	19	23	26	27	15	45	14	54	34	17	12	44	6	31	35	42	53	7	62	51	11	241	#
955	2649614	23	22	14	6	15	21	7	30	38	13	12	29	41	63	37	20	62	39	49	19	48	31	27	28	4	50	51	57	43	56	59	58	42	11	35	47	26	36	25	3	241	#
956	2644593	20	19	27	29	21	11	3	18	10	2	28	12	37	22	17	30	38	39	31	14	26	1	15	23	4	6	16	13	36	25	44	34	46	7	35	8	33	0	41	9	241	#
957	2643075	11	19	3	2	10	20	18	1	12	28	36	4	35	21	34	29	37	27	24	45	25	22	44	0	38	13	16	15	14	33	17	42	51	23	46	40	30	7	41	6	241	#
958	196321	46	38	54	61	242	#
959	263114	38	37	30	31	242	#
960	245182	61	60	59	58	242	#
961	162473	54	61	62	60	242	#
962	178871	39	38	243	#
963	84028	39	47	243	#
964	390980	47	55	63	39	54	53	244	#
965	341956	39	47	55	63	62	54	244	#
966	321243	53	45	54	36	62	44	244	#
967	302738	63	55	54	62	47	53	244	#
968	300487	55	63	54	53	47	45	244	#
969	1186346	53	52	45	60	59	58	61	37	6	7	51	14	24	50	49	29	44	22	42	245	#
970	1327467	52	45	37	44	53	60	59	58	51	50	43	61	42	29	28	36	34	35	20	245	#
971	1321689	49	41	56	48	33	53	54	34	50	26	52	42	43	45	37	51	60	59	30	245	#
972	1313793	44	45	53	52	60	59	51	58	50	43	49	37	41	42	36	61	33	29	34	245	#
973	1264758	37	36	28	29	44	45	20	12	52	60	59	11	53	19	4	61	27	18	3	245	#
974	1240026	45	52	44	37	60	59	51	53	58	36	61	50	43	54	42	49	29	56	28	245	#
975	727011	55	63	62	47	39	38	46	37	26	45	18	29	25	246	#
976	940282	46	45	37	53	36	61	29	60	59	21	28	38	52	246	#
977	931018	55	47	39	38	30	29	37	28	21	20	31	12	13	246	#
978	916052	29	28	30	20	36	44	22	38	21	37	45	31	53	246	#
979	910834	45	58	37	52	38	57	53	50	29	44	49	21	56	246	#
980	874206	47	39	55	38	37	29	45	20	28	12	11	21	10	246	#
981	205466	35	19	34	27	11	42	247	#
982	298411	27	35	43	28	26	36	247	#
983	252970	42	43	51	59	50	49	247	#
984	235610	35	27	19	43	36	44	247	#
985	317265	0	1	9	18	8	26	248	#
986	371465	8	15	7	9	18	1	248	#
987	356631	1	53	0	8	2	9	248	#
988	336366	0	1	2	10	9	18	248	#
989	213654	9	18	8	17	19	26	248	#
990	216998	18	17	9	249	#
991	240571	18	9	26	249	#
992	178840	9	10	18	249	#
993	1469363	29	37	13	38	30	39	5	28	6	27	22	20	46	21	31	14	12	19	45	11	15	3	44	2	52	250	#
994	1677021	6	5	13	12	20	21	19	7	11	27	22	26	10	9	1	34	15	29	2	35	0	37	45	30	38	250	#
995	1666244	12	20	38	28	21	39	30	22	29	46	19	27	54	13	23	26	15	5	36	37	53	32	25	11	10	250	#
996	1649130	13	5	12	20	29	21	11	37	36	45	35	28	27	4	3	44	22	34	10	38	33	52	41	39	30	250	#
997	1645740	30	37	29	28	38	46	36	45	20	44	22	54	15	53	21	19	26	18	27	17	62	11	61	7	12	250	#
998	1601541	39	38	37	29	45	20	52	58	44	46	12	21	11	59	3	54	36	2	30	53	10	1	0	22	47	250	#
999	106875	20	49	29	251	#
1000	152044	49	50	57	251	#
1001	1582642	53	54	46	45	31	37	23	61	6	52	62	40	48	49	44	38	30	36	56	57	63	58	50	252	#
1002	1610994	63	55	47	62	54	61	46	38	37	30	53	31	23	45	60	39	22	15	9	36	52	18	26	252	#
1003	1552930	45	37	38	30	46	53	36	54	55	44	31	61	35	62	63	52	22	34	43	39	33	23	51	252	#
1004	1527230	23	31	22	30	1	38	37	9	35	34	26	43	8	16	33	36	17	44	18	41	10	40	2	252	#
1005	1509291	31	30	37	23	36	44	34	45	53	52	61	38	39	60	54	42	46	16	24	51	8	17	50	252	#
1006	1505844	36	35	37	45	38	39	30	31	22	52	46	34	53	23	54	33	44	26	41	29	49	28	25	252	#
1007	1150790	9	17	8	0	18	16	26	19	11	10	34	1	2	24	27	28	20	29	22	15	253	#
1008	1353897	28	30	31	29	33	38	12	39	11	19	20	34	37	18	26	3	9	8	27	47	253	#
1009	1302982	27	26	34	19	12	13	33	31	38	23	18	22	17	42	15	30	25	20	51	9	253	#
1010	1287614	15	14	45	53	54	52	44	23	60	36	31	6	7	59	13	5	51	12	28	20	253	#
1011	1286644	11	3	19	12	47	27	26	2	39	1	38	20	55	28	54	18	25	13	5	34	253	#
1012	1275971	1	9	53	8	54	62	17	0	18	61	19	26	12	20	2	34	52	10	11	27	253	#
1013	32445	9	#
1014	292603	40	48	56	57	49	254	#
1015	334039	40	48	56	32	41	254	#
1016	328302	48	56	40	49	41	254	#
1017	263506	57	56	49	41	48	254	#
1018	263284	49	57	48	58	56	254	#
1019	991581	24	32	25	16	33	41	17	8	14	40	9	34	0	48	35	43	27	13	12	42	255	#
1020	1303573	41	49	50	40	58	59	56	33	57	32	25	48	24	34	60	61	4	54	53	46	255	#
1021	1299623	40	41	49	32	56	50	58	48	59	42	24	25	57	53	54	61	38	39	46	60	255	#
1022	1242969	48	49	40	41	56	31	50	42	57	32	23	34	58	33	28	29	59	51	24	36	255	#
1023	1238123	34	33	25	42	51	32	40	24	43	50	49	56	16	41	58	59	48	60	57	52	255	#
1024	1167508	32	40	48	25	17	16	33	56	41	24	49	50	58	18	8	51	10	11	59	57	255	#
1025	1288984	7	6	14	5	15	13	22	21	29	30	31	20	23	12	19	4	18	3	11	38	39	46	256	#
1026	1635612	31	30	38	29	46	54	53	28	21	20	36	52	61	44	35	12	39	13	62	27	26	63	256	#
1027	1520491	20	21	13	29	30	38	39	31	46	12	4	47	23	54	11	2	14	53	19	61	5	45	256	#
1028	1481012	6	7	14	15	13	5	12	21	20	11	29	22	23	30	31	3	38	39	2	28	36	35	256	#
1029	1477647	38	39	46	54	61	60	52	62	63	55	53	44	47	45	36	59	51	28	58	35	43	50	256	#
1030	1455910	19	11	12	26	3	34	18	54	13	9	20	21	53	5	2	29	61	55	33	35	36	62	256	#
1031	363946	52	60	63	62	61	257	#
1032	419896	52	60	61	54	53	257	#
1033	383020	61	60	53	59	52	257	#
1034	328296	63	55	62	54	61	257	#
1035	315660	60	52	44	61	59	257	#
1036	308844	62	54	37	36	55	257	#
1037	101154	23	#
1038	1268910	27	26	18	9	8	19	10	0	16	1	2	3	25	33	11	17	28	51	54	29	53	41	24	258	#
1039	1603887	54	7	52	53	61	60	62	45	37	44	36	15	38	6	5	14	59	30	22	39	46	23	51	258	#
1040	1603653	41	33	34	40	25	32	42	48	26	1	50	49	51	0	9	17	37	24	43	30	56	18	38	258	#
1041	1547649	26	19	34	11	12	4	33	25	27	10	2	41	42	17	20	32	21	0	9	40	22	14	16	258	#
1042	1523764	1	2	10	0	9	11	18	3	26	27	19	20	17	25	33	37	8	32	16	41	28	38	24	258	#
1043	1495429	51	43	50	42	59	34	35	60	52	33	26	44	32	27	18	36	41	40	24	10	28	25	2	258	#
1044	963100	16	8	9	1	24	10	18	0	26	17	25	11	2	33	259	#
1045	1059455	17	18	9	10	1	16	26	11	0	19	34	12	13	4	259	#
1046	978749	0	21	13	1	29	2	10	37	8	9	12	17	19	18	259	#
1047	972777	1	2	9	18	0	17	16	19	8	11	20	12	10	24	259	#
1048	954151	25	33	34	26	17	42	9	19	18	1	2	0	11	10	259	#
1049	941295	8	12	13	19	4	0	1	20	2	21	29	11	28	27	259	#
1050	1316060	36	44	37	29	28	52	45	21	27	20	19	46	12	18	11	26	38	17	22	25	260	#
1051	1587914	21	29	37	28	38	36	27	44	26	25	46	20	12	13	14	22	54	32	33	35	260	#
1052	1567675	28	27	19	24	29	12	32	11	3	4	26	13	37	2	25	18	36	20	33	21	260	#
1053	1527860	20	12	29	13	21	5	37	14	4	38	45	11	15	46	22	36	19	23	26	6	260	#
1054	1475440	12	20	19	11	4	28	26	29	27	21	10	36	18	25	44	37	13	14	49	33	260	#
1055	1392157	44	45	36	37	52	38	46	54	61	29	21	55	20	12	28	13	62	27	19	14	260	#
1056	340307	18	26	27	34	28	19	261	#
1057	386438	19	27	26	12	20	34	261	#
1058	362890	18	26	27	9	19	34	261	#
1059	350492	28	27	26	19	62	18	261	#
1060	310490	27	19	26	18	17	34	261	#
1061	276639	26	27	18	34	35	19	261	#
1062	1067843	49	50	51	43	42	34	33	58	26	27	59	25	24	56	45	35	44	32	262	#
1063	1350172	27	28	2	10	18	36	26	3	20	25	44	24	11	4	1	34	32	12	262	#
1064	1214265	25	35	32	27	24	36	34	37	45	38	43	51	53	28	44	42	20	40	262	#
1065	1200433	42	34	35	26	36	43	27	28	25	32	18	20	24	44	9	10	2	12	262	#
1066	1174645	35	27	36	26	34	43	28	25	42	20	44	33	51	29	18	9	45	1	262	#
1067	1173677	24	32	25	17	9	18	10	40	26	2	33	34	42	1	64	51	3	43	262	#
1068	48475	49	48	#
1069	336359	15	14	22	13	30	263	#
1070	332584	30	37	22	31	21	263	#
1071	330206	22	30	14	31	37	263	#
1072	278393	13	12	20	5	28	263	#
1073	230693	15	22	14	6	5	263	#
1074	218818	14	6	29	30	15	263	#
1075	279760	54	46	38	55	47	264	#
1076	313708	38	37	46	36	54	264	#
1077	284467	47	55	54	10	2	264	#
1078	278472	46	54	61	53	55	264	#
1079	247145	55	54	63	47	46	264	#
1080	222569	54	53	61	46	60	264	#
1081	769356	29	20	37	21	45	12	52	28	53	44	265	#
1082	807982	29	37	45	28	52	20	53	46	21	12	265	#
1083	750589	45	53	52	7	39	15	61	54	37	44	265	#
1084	726561	21	20	22	23	29	15	12	13	37	28	265	#
1085	680537	37	38	30	29	22	20	28	21	13	5	265	#
1086	675035	52	53	60	59	54	62	45	58	44	61	265	#
1087	29619	3	#
1088	3136303	52	53	60	54	46	44	61	45	38	55	63	62	47	36	28	27	20	1	35	30	19	0	11	29	18	26	2	24	37	8	12	3	43	42	16	9	51	50	58	25	13	57	56	17	22	34	32	49	31	10	48	14	23	41	40	6	15	7	266	#
1089	3215963	51	42	59	60	43	61	35	34	53	52	54	46	45	14	13	58	38	22	21	44	29	23	37	15	36	31	7	57	62	49	56	26	12	6	5	20	19	28	11	55	30	50	47	3	48	63	39	40	41	4	2	25	32	1	24	9	16	8	266	#
1090	3196111	31	63	62	23	54	22	37	53	29	55	38	46	20	47	30	61	28	36	64	19	60	14	6	52	15	35	43	12	7	11	13	50	26	21	58	42	51	3	44	2	59	10	25	5	49	56	41	40	45	27	57	1	9	0	34	18	32	8	266	#
1091	3179063	37	29	17	18	9	10	27	2	1	11	26	21	12	38	19	22	14	8	3	20	13	46	35	30	43	24	25	28	42	51	0	54	32	53	40	15	34	6	7	5	31	50	58	55	57	61	49	63	56	45	62	60	33	47	36	41	52	16	266	#
1092	3173960	46	38	54	55	61	53	47	62	63	52	60	44	36	28	20	35	34	58	29	45	37	12	42	43	19	18	51	26	11	17	59	25	9	50	8	0	13	57	23	21	56	10	1	2	14	6	15	22	30	31	48	49	33	3	24	41	7	40	266	#
1093	3170599	36	28	35	44	27	26	20	29	18	19	34	43	37	21	30	38	46	22	12	11	31	9	13	25	33	41	51	45	1	10	17	2	42	0	23	8	40	52	15	16	53	7	6	61	14	3	32	49	54	55	60	56	62	47	57	58	63	5	266	#
1094	849080	14	6	13	5	12	4	22	30	11	19	23	31	38	267	#
1095	1094563	23	31	15	22	30	14	37	38	45	36	28	35	20	267	#
1096	1074318	31	30	23	22	37	38	36	28	39	20	27	46	45	267	#
1097	1060799	38	46	45	53	52	16	12	11	20	60	61	24	54	267	#
1098	1036276	22	14	13	30	12	6	37	36	45	38	52	7	31	267	#
1099	957279	19	12	20	11	28	27	32	29	40	41	13	37	26	267	#
1100	98298	0	#
1101	613778	49	48	52	45	53	46	57	56	50	40	38	268	#
1102	848632	38	39	46	47	30	22	42	34	50	58	35	268	#
1103	794613	45	53	44	61	46	52	36	28	38	37	20	268	#
1104	741602	57	58	50	56	49	42	34	33	25	24	16	268	#
1105	722646	53	21	20	61	54	62	63	12	46	19	29	268	#
1106	662180	46	54	38	61	39	53	37	45	30	47	55	268	#
1107	60297	20	#
1108	56114	27	19	269	#
1109	46890	27	35	269	#
1110	940736	36	37	30	22	35	34	15	21	45	14	26	27	28	270	#
1111	993515	35	25	34	24	16	26	36	28	20	33	44	53	19	270	#
1112	970642	36	37	28	35	34	27	26	38	29	30	21	25	20	270	#
1113	861116	22	30	38	37	23	14	6	31	36	13	44	39	35	270	#
1114	854184	28	27	36	35	37	20	19	29	34	26	11	21	22	270	#
1115	852527	30	38	37	34	39	26	27	35	31	23	46	53	42	270	#
1116	2098330	56	48	40	49	57	50	32	58	25	59	26	51	19	20	29	43	37	42	35	30	12	4	3	60	11	61	33	10	52	17	271	#
1117	2043335	57	49	56	50	48	42	43	35	51	40	32	24	27	26	25	59	36	28	33	20	55	17	19	12	37	11	63	44	62	30	271	#
1118	1971679	50	58	42	34	26	57	59	49	19	40	20	51	60	43	48	35	27	56	61	12	4	33	3	11	32	53	52	36	44	45	271	#
1119	1965515	25	32	24	26	40	33	13	19	14	12	5	6	4	48	20	17	15	49	29	57	3	23	28	56	22	30	27	37	11	36	271	#
1120	1942066	56	48	49	57	40	32	24	25	50	26	19	11	3	42	12	20	64	4	51	29	37	30	10	2	43	17	45	18	21	59	271	#
1121	1932007	51	42	50	43	49	35	59	40	27	32	60	36	57	61	25	44	37	52	45	19	24	33	11	53	48	12	3	26	2	10	271	#
1122	457054	54	61	53	52	44	45	272	#
1123	546337	53	61	54	62	63	52	272	#
1124	504292	54	61	53	52	45	62	272	#
1125	475082	45	52	53	60	54	61	272	#
1126	444692	61	54	60	53	52	46	272	#
1127	424484	52	44	60	53	61	45	272	#
1128	566727	57	58	59	49	56	53	45	46	52	38	273	#
1129	665286	38	39	46	30	29	37	45	52	44	36	273	#
1130	658512	49	56	57	41	40	33	58	59	51	19	273	#
1131	651768	45	37	53	46	54	62	38	23	30	22	273	#
1132	599924	53	61	52	44	45	46	54	62	60	37	273	#
1133	562164	46	45	44	51	42	30	52	34	43	33	273	#
1134	509309	32	25	33	26	19	274	#
1135	504404	26	25	19	20	33	274	#
1136	410187	25	32	40	33	48	274	#
1137	401125	19	26	12	18	9	274	#
1138	388363	33	25	26	41	34	274	#
1139	353089	32	25	17	18	9	274	#
1140	195961	37	29	275	#
1141	215113	37	45	275	#
1142	152193	29	30	275	#
1143	74721	10	11	276	#
1144	99961	10	2	276	#
1145	225467	56	49	57	58	59	277	#
1146	265462	49	50	58	42	34	277	#
1147	263073	57	49	56	58	50	277	#
1148	246224	58	57	49	50	42	277	#
1149	226807	56	57	58	49	41	277	#
1150	98510	59	51	43	58	60	277	#
1151	571125	57	58	49	59	60	51	18	41	17	56	48	33	19	278	#
1152	851820	19	20	12	21	11	18	27	13	14	17	16	22	29	278	#
1153	751999	48	49	57	40	41	58	56	33	34	59	60	32	61	278	#
1154	702086	57	49	58	41	56	50	48	40	42	34	33	35	59	278	#
1155	697813	56	49	55	48	57	40	47	41	12	13	63	19	20	278	#
1156	688444	41	49	57	64	50	42	58	56	34	51	59	33	43	278	#
1157	218573	25	17	32	26	279	#
1158	292455	32	25	40	26	279	#
1159	201040	26	18	19	20	279	#
1160	179170	17	16	18	25	279	#
1161	4786	18	#
1162	962622	64	48	49	56	57	40	32	25	58	20	26	24	59	21	22	280	#
1163	1051008	24	25	32	33	26	40	19	18	12	11	20	57	48	10	3	280	#
1164	1037842	59	58	60	57	61	52	53	54	49	62	63	41	38	37	45	280	#
1165	988147	26	25	24	32	18	9	10	1	0	19	17	12	57	20	16	280	#
1166	967016	25	24	17	18	32	10	16	19	40	33	11	48	8	26	20	280	#
1167	963800	57	49	48	56	40	12	19	26	32	18	24	25	11	17	16	280	#
1168	80583	64	#
1169	539236	5	13	6	14	22	15	30	281	#
1170	583788	14	15	22	30	13	29	12	281	#
1171	566054	5	13	14	15	12	7	6	281	#
1172	557501	15	30	37	45	7	44	52	281	#
1173	542082	22	30	15	14	13	29	31	281	#
1174	534731	6	7	5	14	15	22	30	281	#
1175	154974	32	24	25	282	#
1176	230420	32	40	24	282	#
1177	963528	53	52	45	61	54	62	63	55	47	39	38	30	37	46	22	283	#
1178	1198890	39	53	38	54	52	61	45	30	32	62	22	40	29	15	21	283	#
1179	1124936	53	45	61	54	62	55	46	63	52	38	39	30	22	14	23	283	#
1180	1124824	38	30	31	39	29	21	23	22	15	37	36	20	7	14	46	283	#
1181	1124675	52	45	53	54	61	37	29	21	38	62	36	20	55	12	4	283	#
1182	1073290	46	45	38	53	61	52	37	29	30	54	31	23	21	55	28	283	#
1183	336248	30	38	31	29	37	284	#
1184	333951	37	30	38	45	44	284	#
1185	328439	38	46	30	29	31	284	#
1186	299709	30	31	29	23	37	284	#
1187	271547	31	23	30	22	14	284	#
1188	233699	29	30	37	45	44	284	#
1189	1208818	5	13	12	14	19	15	11	3	52	45	6	2	23	60	44	53	20	61	10	18	285	#
1190	1530054	52	53	60	45	59	46	54	61	1	37	64	62	44	29	63	38	2	39	36	20	285	#
1191	1509286	23	15	14	7	6	31	5	13	12	30	37	51	18	19	20	26	59	25	45	38	285	#
1192	1499465	19	20	47	12	55	39	38	26	54	61	63	62	25	27	60	52	53	45	37	33	285	#
1193	1498956	15	23	7	6	14	5	13	31	21	29	30	20	37	19	38	46	12	45	39	53	285	#
1194	1469691	13	14	12	5	6	19	7	20	29	15	23	26	37	45	18	38	39	31	48	25	285	#
1195	921711	19	20	18	26	27	11	25	24	32	9	10	28	36	12	286	#
1196	1114449	24	25	17	32	16	40	9	1	18	19	27	28	2	41	286	#
1197	1067066	32	25	40	17	41	16	9	24	1	18	19	10	11	2	286	#
1198	1011795	9	1	10	11	18	17	16	2	26	19	58	50	34	25	286	#
1199	998339	20	19	11	18	10	28	26	9	12	2	27	1	36	25	286	#
1200	942188	10	62	9	54	22	28	27	18	19	30	2	1	17	11	286	#
1201	2038510	23	31	22	21	14	30	15	7	6	5	38	13	12	39	46	54	29	37	11	55	36	62	28	63	3	53	47	61	60	52	19	10	44	45	26	287	#
1202	2410481	53	45	61	52	60	44	54	46	36	55	62	63	37	38	30	22	39	23	21	31	14	15	24	29	32	28	40	16	41	25	7	6	33	34	26	287	#
1203	2375709	63	12	4	55	19	11	26	47	18	9	1	64	54	46	34	62	39	13	10	0	21	14	6	15	61	22	38	60	23	52	45	53	44	30	25	287	#
1204	2353449	46	45	54	52	44	38	61	55	53	60	39	63	30	59	51	50	42	29	58	31	43	37	21	34	62	26	19	33	23	22	36	12	14	6	15	287	#
1205	2328732	26	34	18	9	33	1	25	19	42	51	32	40	12	10	43	11	24	50	41	0	16	58	8	59	57	60	61	13	52	44	53	21	56	22	5	287	#
1206	2328072	5	13	14	58	12	6	7	19	11	50	57	15	10	59	22	26	17	9	51	21	25	1	18	34	0	42	33	43	23	60	56	31	32	24	30	287	#
1207	113818	3	2	288	#
1208	140589	3	4	288	#
1209	659677	1	0	2	10	9	18	3	11	17	12	4	8	289	#
1210	914838	12	4	20	29	19	28	37	38	36	30	35	27	289	#
1211	860171	4	3	2	1	11	12	10	61	54	15	53	13	289	#
1212	853082	11	3	4	2	1	19	20	12	18	17	30	29	289	#
1213	841639	2	1	10	11	12	19	0	18	20	21	27	29	289	#
1214	737262	17	18	26	19	25	33	11	20	24	34	12	39	289	#
1215	1150938	33	25	41	34	24	26	19	12	27	18	49	10	48	9	40	35	11	17	1	290	#
1216	1330248	25	33	24	37	38	41	29	46	39	47	32	34	40	49	35	63	55	48	62	290	#
1217	1322866	26	19	27	34	25	33	12	11	35	10	36	9	13	2	17	28	24	14	16	290	#
1218	1260559	33	34	35	36	37	42	30	29	38	43	46	22	25	32	14	40	26	20	54	290	#
1219	1245372	41	33	40	49	25	32	48	26	34	19	35	24	16	36	45	18	11	9	46	290	#
1220	1222463	9	10	17	1	0	16	2	3	11	12	19	13	24	14	22	30	15	29	8	290	#
1221	75818	32	#
1222	165912	54	61	46	291	#
1223	154734	46	45	38	291	#
1224	25133	54	55	63	291	#
1225	263754	15	14	6	292	#
1226	289600	15	23	14	292	#
1227	149352	14	6	5	292	#
1228	215679	61	53	54	45	62	46	60	293	#
1229	298903	53	61	54	62	60	59	63	293	#
1230	295461	45	53	61	52	37	60	54	293	#
1231	292045	54	61	53	52	45	60	59	293	#
1232	290722	62	54	63	53	61	52	60	293	#
1233	251351	46	45	53	61	60	52	59	293	#
1234	148874	16	17	294	#
1235	75901	17	25	294	#
1236	183012	19	12	27	295	#
1237	261153	12	19	26	295	#
1238	164680	27	19	28	295	#
1239	230740	24	32	16	296	#
1240	193057	24	16	8	296	#
1241	183758	32	25	26	296	#
1242	172178	16	8	9	296	#
1243	853479	6	7	15	14	22	30	37	38	5	13	31	46	54	21	53	297	#
1244	980522	22	15	30	41	40	37	21	13	14	7	31	6	12	4	38	297	#
1245	933652	38	33	46	54	16	41	61	24	25	32	34	26	40	60	17	297	#
1246	877643	6	5	13	7	14	15	21	22	30	37	31	38	12	20	4	297	#
1247	859353	30	37	38	23	15	46	14	13	22	5	36	31	35	54	21	297	#
1248	843764	37	38	30	31	36	46	44	35	28	34	33	27	25	32	26	297	#
1249	75367	20	#
1250	259828	31	30	23	22	298	#
1251	371832	22	15	21	13	298	#
1252	336426	31	30	37	36	298	#
1253	299188	30	22	15	14	298	#
1254	240867	23	31	22	14	298	#
1255	328237	58	57	49	41	50	33	299	#
1256	456730	50	58	42	51	34	33	299	#
1257	336977	33	41	34	49	40	48	299	#
1258	298641	41	49	48	40	57	33	299	#
1259	280634	57	49	41	58	33	48	299	#
1260	262322	49	41	33	48	40	25	299	#
1261	316489	21	10	20	28	300	#
1262	456196	28	20	21	12	300	#
1263	423523	20	21	12	19	300	#
1264	326053	21	20	19	11	300	#
1265	140165	10	9	17	1	300	#
1266	416629	5	6	14	7	15	23	301	#
1267	440121	14	6	20	21	29	7	301	#
1268	437785	15	54	7	46	61	38	301	#
1269	374269	5	6	7	14	13	15	301	#
1270	357270	7	15	23	6	14	47	301	#
1271	322048	6	14	5	22	15	7	301	#
1272	701493	64	3	4	12	19	20	18	13	5	28	6	302	#
1273	855974	5	6	13	14	22	15	23	58	57	7	12	302	#
1274	847014	13	14	22	23	12	19	31	11	4	21	30	302	#
1275	803526	18	19	9	10	20	8	11	0	12	28	21	302	#
1276	794392	4	3	37	38	45	46	30	11	31	10	39	302	#
1277	739585	6	14	13	11	3	5	15	10	7	12	20	302	#
1278	202368	9	1	10	303	#
1279	220280	9	1	2	303	#
1280	690215	50	51	42	49	48	40	16	32	34	41	26	35	57	58	304	#
1281	940620	26	19	34	12	27	4	40	20	42	33	32	13	41	3	304	#
1282	937614	40	32	25	28	24	41	63	36	48	20	62	19	33	54	304	#
1283	890081	48	49	40	32	25	57	26	17	34	33	19	35	12	20	304	#
1284	851549	34	33	25	26	27	42	50	32	35	36	41	40	58	51	304	#
1285	844338	32	25	26	40	19	20	27	33	34	18	35	48	41	36	304	#
1286	128526	37	#
1287	791999	60	52	45	44	59	37	38	36	39	30	47	46	305	#
1288	917315	46	38	45	44	37	36	52	53	39	61	60	47	305	#
1289	899645	37	45	36	44	52	38	46	39	47	55	53	61	305	#
1290	898946	60	52	44	36	61	37	38	45	39	46	47	35	305	#
1291	838240	45	44	52	37	36	38	46	60	61	53	29	39	305	#
1292	805640	39	38	47	55	54	61	37	46	36	44	60	23	305	#
1293	927020	16	24	32	8	0	1	40	9	17	25	26	27	34	18	306	#
1294	1083148	16	24	32	28	25	20	29	33	26	19	27	34	12	11	306	#
1295	1048047	9	18	19	26	25	11	32	34	12	27	20	28	40	29	306	#
1296	1023492	1	2	9	0	10	18	8	19	26	27	12	16	24	4	306	#
1297	1014418	8	16	17	0	24	18	1	32	19	26	20	9	25	28	306	#
1298	983293	27	28	20	26	19	12	18	9	11	10	25	1	51	24	306	#
1299	442036	54	53	45	37	29	30	307	#
1300	436890	30	29	20	22	21	31	307	#
1301	407201	29	20	21	30	25	37	307	#
1302	367570	45	53	64	54	46	50	307	#
1303	323127	54	46	45	37	29	55	307	#
1304	301931	53	52	60	61	45	46	307	#
