%% File generated by CATS v.2.1Tue Aug 20 18:57:01 2019

%% The CATS webpage is http://robotics.stanford.edu/CATS

%% PARAMETER SETTINGS:
% Goods: 45; Bids: 450; Distribution: paths; Runs: 10; Seed: 1566345298
% Paths Distribution Parameters:
% Initial connections:       = 2
% Edge density:              = 3.000000
% Shipping cost factor:      = 1.500000
% Max bid set size:          = 5
% Building penalty:          = 1.700000



goods 45
bids 450
dummy 141

0	835	2	12	45	#
1	835	2	6	33	45	#
2	929	10	42	#
3	289	40	46	#
4	289	17	22	46	#
5	289	0	1	22	46	#
6	418	16	21	47	#
7	418	15	21	22	47	#
8	418	20	22	23	47	#
9	418	16	20	24	47	#
10	418	15	20	22	24	47	#
11	312	15	30	48	#
12	312	18	44	48	#
13	718	28	49	#
14	718	13	32	49	#
15	718	24	39	49	#
16	718	14	41	49	#
17	718	4	13	41	49	#
18	800	3	15	21	40	50	#
19	800	3	16	17	21	50	#
20	800	3	15	17	21	22	50	#
21	800	2	15	21	30	50	#
22	800	2	18	21	44	50	#
23	445	23	30	51	#
24	445	0	18	22	23	51	#
25	445	15	24	30	51	#
26	445	18	24	44	51	#
27	445	15	18	23	44	51	#
28	583	15	21	30	52	#
29	583	18	21	44	52	#
30	583	20	23	30	52	#
31	583	0	16	18	21	52	#
32	583	0	15	18	21	22	52	#
33	433	33	#
34	622	39	#
35	315	11	#
36	517	1	35	#
37	640	2	33	#
38	542	3	15	40	53	#
39	542	3	16	17	53	#
40	542	3	15	17	22	53	#
41	740	5	8	14	54	#
42	740	13	25	54	#
43	740	4	5	8	13	54	#
44	506	7	44	55	#
45	506	18	33	55	#
46	506	0	7	16	55	#
47	506	0	7	15	22	55	#
48	588	38	56	#
49	588	8	9	24	56	#
50	588	8	15	34	56	#
51	588	8	9	15	23	56	#
52	893	11	15	21	30	57	#
53	893	11	18	21	44	57	#
54	893	11	20	23	30	57	#
55	893	0	11	16	18	21	57	#
56	893	0	11	15	18	21	22	57	#
57	761	4	19	35	58	#
58	761	1	4	18	35	58	#
59	849	11	15	21	30	#
60	424	7	24	59	#
61	424	7	15	23	59	#
62	956	42	#
63	454	31	#
64	314	40	60	#
65	314	17	22	60	#
66	314	0	1	22	60	#
67	314	15	16	17	60	#
68	150	1	#
69	54	15	#
70	1026	13	42	#
71	460	9	#
72	126	8	#
73	734	37	61	#
74	734	3	31	61	#
75	691	21	26	62	#
76	691	6	7	21	62	#
77	1095	18	29	43	63	#
78	1095	34	36	63	#
79	1095	9	23	36	63	#
80	1095	30	34	43	63	#
81	1095	9	23	30	43	63	#
82	344	30	64	#
83	344	0	18	22	64	#
84	263	13	#
85	645	3	23	40	65	#
86	645	3	17	22	23	65	#
87	645	2	23	30	65	#
88	645	3	15	24	40	65	#
89	645	3	16	17	24	65	#
90	674	20	41	#
91	438	34	66	#
92	438	9	23	66	#
93	827	6	27	#
94	305	5	#
95	271	20	#
96	789	2	33	67	#
97	789	2	12	6	67	#
98	749	30	11	68	#
99	749	22	0	18	11	68	#
100	749	15	44	18	11	68	#
101	749	15	16	0	18	11	68	#
102	749	22	16	44	18	11	68	#
103	789	35	19	69	#
104	789	35	1	18	69	#
105	789	41	23	30	69	#
106	789	35	17	0	18	69	#
107	789	41	23	22	0	18	69	#
108	800	3	40	15	21	70	#
109	800	3	17	16	21	70	#
110	800	3	17	22	15	21	70	#
111	800	2	30	15	21	70	#
112	800	2	18	44	21	70	#
113	268	15	40	71	#
114	268	16	17	71	#
115	268	15	22	17	71	#
116	1087	26	39	72	#
117	1087	6	7	39	72	#
118	1087	26	24	28	72	#
119	1087	6	7	24	28	72	#
120	1087	26	15	23	28	72	#
121	591	18	43	73	#
122	591	18	11	10	73	#
123	1045	29	18	11	74	#
124	1045	34	30	11	74	#
125	1045	9	23	30	11	74	#
126	1045	34	22	0	18	11	74	#
127	1045	9	23	22	0	18	11	74	#
128	514	35	#
129	429	30	23	75	#
130	429	18	0	22	23	75	#
131	429	30	15	24	75	#
132	429	18	44	24	75	#
133	866	37	76	#
134	866	31	3	76	#
135	386	11	#
136	1115	31	19	43	77	#
137	1115	31	19	11	10	77	#
138	1115	31	1	18	43	77	#
139	1115	38	15	36	77	#
140	1115	38	15	30	43	77	#
141	893	11	30	15	21	78	#
142	893	11	18	44	21	78	#
143	893	11	30	23	20	78	#
144	893	11	18	0	16	21	78	#
145	893	11	18	0	22	15	21	78	#
146	635	3	35	#
147	541	23	41	79	#
148	541	15	24	41	79	#
149	381	7	#
150	39	15	#
151	896	42	#
152	169	6	#
153	623	24	26	80	#
154	623	24	7	6	80	#
155	623	23	15	26	80	#
156	623	23	15	7	6	80	#
157	623	23	22	16	26	80	#
158	564	40	15	7	81	#
159	564	17	16	7	81	#
160	564	17	22	15	7	81	#
161	564	19	33	81	#
162	564	1	44	7	81	#
163	549	12	18	#
164	363	16	21	82	#
165	363	22	15	21	82	#
166	653	32	23	83	#
167	653	4	41	23	83	#
168	653	32	24	15	83	#
169	44	15	#
170	511	18	12	#
171	416	11	#
172	702	43	18	84	#
173	702	10	11	18	84	#
174	365	30	23	#
175	495	7	44	85	#
176	495	33	18	85	#
177	495	7	16	0	85	#
178	495	7	15	22	0	85	#
179	844	19	35	4	86	#
180	844	18	1	35	4	86	#
181	844	30	23	32	86	#
182	627	12	19	87	#
183	627	12	18	1	87	#
184	693	21	26	88	#
185	693	21	7	6	88	#
186	534	34	89	#
187	534	23	9	89	#
188	534	15	24	9	89	#
189	298	21	#
190	753	39	90	#
191	753	28	24	90	#
192	753	28	23	15	90	#
193	585	43	91	#
194	585	11	10	91	#
195	358	18	0	92	#
196	358	30	22	92	#
197	718	28	93	#
198	718	32	13	93	#
199	718	24	39	93	#
200	718	41	14	93	#
201	718	41	4	13	93	#
202	439	14	94	#
203	439	13	4	94	#
204	515	3	40	95	#
205	515	3	17	22	95	#
206	515	2	30	95	#
207	842	7	38	96	#
208	842	7	24	9	8	96	#
209	53	15	#
210	817	32	20	97	#
211	817	4	41	20	97	#
212	790	41	24	7	#
213	237	17	98	#
214	237	1	0	98	#
215	600	25	99	#
216	600	4	5	8	99	#
217	1064	11	19	31	100	#
218	1064	11	18	1	31	100	#
219	1064	11	30	15	38	100	#
220	1064	11	18	44	38	100	#
221	1064	11	18	0	16	38	100	#
222	621	35	1	#
223	468	44	7	101	#
224	468	18	33	101	#
225	331	21	#
226	329	30	102	#
227	329	22	0	18	102	#
228	228	13	#
229	487	16	26	103	#
230	487	22	15	26	103	#
231	487	16	7	6	103	#
232	487	22	15	7	6	103	#
233	893	21	15	30	11	104	#
234	893	21	44	18	11	104	#
235	893	20	23	30	11	104	#
236	893	21	16	0	18	11	104	#
237	893	21	15	22	0	18	11	104	#
238	782	35	3	#
239	408	16	7	105	#
240	408	22	15	7	105	#
241	445	23	30	106	#
242	445	23	22	0	18	106	#
243	445	24	15	30	106	#
244	445	24	44	18	106	#
245	445	23	15	44	18	106	#
246	754	19	31	107	#
247	754	18	1	31	107	#
248	754	30	15	38	107	#
249	754	18	44	38	107	#
250	754	18	0	16	38	107	#
251	1100	35	19	11	108	#
252	1100	35	1	18	11	108	#
253	1100	41	23	30	11	108	#
254	1100	35	17	0	18	11	108	#
255	1100	41	23	22	0	18	11	108	#
256	61	22	#
257	305	21	15	#
258	872	12	2	109	#
259	872	6	33	2	109	#
260	872	12	19	3	109	#
261	870	20	32	110	#
262	870	20	41	4	110	#
263	870	21	24	32	110	#
264	870	21	15	23	32	110	#
265	870	21	24	41	4	110	#
266	581	12	18	111	#
267	581	26	44	111	#
268	581	6	7	44	111	#
269	581	6	33	18	111	#
270	317	2	#
271	698	29	18	112	#
272	698	34	30	112	#
273	698	9	23	30	112	#
274	620	11	18	0	113	#
275	620	11	30	22	113	#
276	590	23	41	114	#
277	590	15	24	41	114	#
278	590	40	35	114	#
279	590	22	17	35	114	#
280	319	40	15	115	#
281	319	17	16	115	#
282	319	17	22	15	115	#
283	319	1	44	115	#
284	319	1	0	16	115	#
285	185	4	#
286	981	7	24	32	116	#
287	981	7	15	23	32	116	#
288	981	7	24	41	4	116	#
289	981	7	15	23	41	4	116	#
290	981	7	16	22	23	32	116	#
291	140	4	#
292	611	18	43	117	#
293	611	18	11	10	117	#
294	977	36	15	21	118	#
295	977	43	30	15	21	118	#
296	977	43	18	44	21	118	#
297	977	10	11	30	15	21	118	#
298	977	10	11	18	44	21	118	#
299	505	7	24	119	#
300	505	7	15	23	119	#
301	945	37	120	#
302	945	3	31	120	#
303	945	3	35	5	120	#
304	945	2	19	31	120	#
305	945	3	40	15	38	120	#
306	535	24	7	121	#
307	535	23	15	7	121	#
308	535	23	22	16	7	121	#
309	636	29	122	#
310	636	34	22	0	122	#
311	636	9	23	22	0	122	#
312	636	9	24	44	122	#
313	636	34	15	44	122	#
314	326	3	#
315	1045	39	26	123	#
316	1045	39	7	6	123	#
317	384	9	#
318	623	24	26	124	#
319	623	24	7	6	124	#
320	623	23	15	26	124	#
321	623	23	15	7	6	124	#
322	623	23	22	16	26	124	#
323	924	7	38	125	#
324	924	7	24	9	8	125	#
325	924	7	15	34	8	125	#
326	924	7	15	23	9	8	125	#
327	924	6	26	38	125	#
328	545	15	26	126	#
329	545	15	7	6	126	#
330	545	22	16	26	126	#
331	545	22	16	7	6	126	#
332	119	16	127	#
333	119	15	22	127	#
334	696	11	30	15	128	#
335	696	11	18	44	128	#
336	696	11	18	0	16	128	#
337	696	11	18	0	22	15	128	#
338	696	11	30	22	16	128	#
339	1067	39	7	129	#
340	1067	28	24	7	129	#
341	1067	28	23	15	7	129	#
342	1067	28	23	22	16	7	129	#
343	1067	13	32	24	7	129	#
344	645	23	40	3	130	#
345	645	23	22	17	3	130	#
346	645	23	30	2	130	#
347	645	24	15	40	3	130	#
348	645	24	16	17	3	130	#
349	645	3	40	23	131	#
350	645	3	17	22	23	131	#
351	645	2	30	23	131	#
352	645	3	40	15	24	131	#
353	645	3	17	16	24	131	#
354	718	28	132	#
355	718	32	13	132	#
356	718	24	39	132	#
357	718	41	14	132	#
358	718	41	4	13	132	#
359	731	29	18	133	#
360	731	34	30	133	#
361	731	9	23	30	133	#
362	692	27	#
363	754	19	31	134	#
364	754	18	1	31	134	#
365	754	30	15	38	134	#
366	754	18	44	38	134	#
367	754	18	0	16	38	134	#
368	187	4	#
369	205	13	#
370	317	30	15	135	#
371	317	18	44	135	#
372	270	19	136	#
373	270	1	18	136	#
374	44	15	#
375	615	41	23	137	#
376	615	41	24	15	137	#
377	615	35	40	137	#
378	615	35	17	22	137	#
379	584	24	41	138	#
380	584	15	23	41	138	#
381	519	35	17	#
382	614	28	#
383	1080	35	19	43	139	#
384	1080	35	19	11	10	139	#
385	1080	35	1	18	43	139	#
386	1080	35	1	18	11	10	139	#
387	222	13	#
388	497	35	#
389	521	22	34	140	#
390	521	22	23	9	140	#
391	662	32	23	141	#
392	662	4	41	23	141	#
393	662	32	24	15	141	#
394	263	20	#
395	210	44	142	#
396	210	0	16	142	#
397	210	0	22	15	142	#
398	535	34	143	#
399	535	9	23	143	#
400	535	9	24	15	143	#
401	321	14	#
402	537	40	3	144	#
403	537	22	17	3	144	#
404	537	30	2	144	#
405	265	0	18	#
406	735	39	145	#
407	735	28	24	145	#
408	735	28	23	15	145	#
409	735	15	36	146	#
410	735	15	30	43	146	#
411	735	44	18	43	146	#
412	735	15	30	11	10	146	#
413	735	44	18	11	10	146	#
414	564	7	15	40	147	#
415	564	7	16	17	147	#
416	564	7	15	22	17	147	#
417	564	33	19	147	#
418	564	7	44	1	147	#
419	335	3	#
420	536	8	5	#
421	578	34	148	#
422	578	23	9	148	#
423	578	15	24	9	148	#
424	578	15	38	8	148	#
425	578	22	16	24	9	148	#
426	512	44	7	149	#
427	512	18	33	149	#
428	512	0	16	7	149	#
429	512	0	22	15	7	149	#
430	295	30	15	#
431	236	40	150	#
432	236	17	22	150	#
433	421	12	#
434	532	26	151	#
435	532	6	7	151	#
436	564	24	9	152	#
437	564	15	34	152	#
438	564	15	23	9	152	#
439	564	38	8	152	#
440	564	16	22	34	152	#
441	208	0	22	153	#
442	208	44	15	153	#
443	612	39	#
444	800	21	15	40	3	154	#
445	800	21	16	17	3	154	#
446	800	21	15	22	17	3	154	#
447	800	21	15	30	2	154	#
448	800	21	44	18	2	154	#
449	104	23	#
