%% File generated by CATS v.2.1Tue Aug 20 18:57:15 2019

%% The CATS webpage is http://robotics.stanford.edu/CATS

%% PARAMETER SETTINGS:
% Goods: 50; Bids: 500; Distribution: regions; Runs: 10; Seed: 1566345405
% Regions Distribution Parameters:
% Max Substitutable Bids = 5
% Removing HV Neighbor   = 0.1
% Adding DIAG Neighbor   = 0.2
% Additional Location    = 0.9
% Jump Probability       = 0.05
% Additivity             = 0.2
% Budget Factor          = 1.5
% Resale Factor          = 0.5
% Normal Private Value:
%   Mean                 = 0
%   Standard Deviation   = 30



goods 50
bids 501
dummy 93

0	207331	7	8	9	2	14	50	#
1	267846	7	14	8	9	21	50	#
2	235084	8	0	7	14	1	50	#
3	203570	2	1	3	9	10	50	#
4	200764	9	8	1	2	10	50	#
5	125967	12	13	51	#
6	65168	12	5	51	#
7	86250	14	#
8	1615470	25	32	40	24	30	31	26	38	33	49	41	39	37	34	27	23	43	45	18	16	22	17	46	47	10	36	29	11	52	#
9	1890429	46	47	39	48	38	31	35	45	24	40	32	36	37	30	43	28	25	21	14	41	23	7	22	8	1	0	29	44	52	#
10	1772007	33	40	41	32	39	38	37	46	47	31	48	34	24	45	30	44	6	36	23	25	26	27	18	29	35	22	13	43	52	#
11	1761234	24	31	37	45	30	36	38	44	23	29	16	32	35	42	9	43	8	22	10	1	0	39	25	3	46	2	14	47	52	#
12	1727483	36	42	29	37	22	31	44	38	24	23	16	26	46	9	25	43	15	10	30	2	45	35	32	40	33	47	28	39	52	#
13	1697006	49	38	39	31	37	45	47	36	44	43	35	32	40	9	2	1	0	30	29	7	28	42	48	8	33	46	22	23	52	#
14	324131	19	12	13	18	5	4	11	6	53	#
15	420684	12	28	18	13	11	35	36	5	53	#
16	347497	5	4	12	13	3	6	11	18	53	#
17	339020	4	5	8	14	11	12	1	2	53	#
18	322681	18	11	10	25	19	24	12	3	53	#
19	279097	11	18	19	17	12	25	24	10	53	#
20	748988	14	7	21	22	29	0	28	1	8	9	36	54	#
21	825272	28	21	14	29	22	36	23	30	7	31	35	54	#
22	671172	14	7	21	28	35	36	8	22	0	15	16	54	#
23	655038	7	14	21	5	13	8	4	9	6	28	12	54	#
24	649340	21	11	10	22	3	16	15	9	23	2	29	54	#
25	622451	22	15	23	16	9	21	8	28	7	14	29	54	#
26	95761	20	13	55	#
27	85847	13	6	55	#
28	79507	20	27	55	#
29	1027063	12	5	19	4	11	18	3	10	6	26	22	17	24	31	23	25	16	38	2	15	30	29	56	#
30	1340862	5	4	3	10	17	29	33	28	12	34	41	21	9	27	22	26	2	14	24	23	16	40	56	#
31	1331822	26	19	18	12	27	5	33	48	32	25	34	20	6	40	41	13	31	4	37	38	44	30	56	#
32	1316213	38	37	30	44	45	31	39	43	24	46	17	23	36	35	22	42	29	40	26	33	28	27	56	#
33	1228615	29	36	28	21	22	15	43	44	37	30	16	14	45	33	42	46	8	40	35	0	34	26	56	#
34	1213911	30	23	16	37	24	31	22	44	21	15	17	14	9	18	29	25	2	10	28	12	19	1	56	#
35	310057	11	4	5	12	10	19	3	9	57	#
36	448688	4	3	5	6	13	11	30	12	57	#
37	404924	11	4	5	19	6	12	10	13	57	#
38	371321	3	4	10	16	5	11	9	28	57	#
39	337140	9	8	16	0	1	2	26	3	57	#
40	303023	19	12	13	18	20	11	6	25	57	#
41	129851	34	27	58	#
42	189897	27	26	58	#
43	121003	34	2	58	#
44	953350	11	12	5	13	18	25	4	6	19	3	32	24	17	20	10	26	2	1	31	38	33	39	59	#
45	1422393	13	20	6	27	5	26	34	41	12	33	32	40	4	11	47	46	19	45	48	39	25	37	59	#
46	1398253	25	18	26	33	11	34	38	27	45	46	42	47	40	37	32	31	24	43	39	12	17	41	59	#
47	1369758	38	37	30	45	16	46	44	47	31	36	39	42	23	32	24	33	26	22	18	11	25	43	59	#
48	1272328	20	13	12	11	19	26	18	5	25	33	40	32	41	34	31	27	39	48	47	30	4	17	59	#
49	1266612	18	19	12	13	5	26	6	11	25	24	34	33	32	27	10	31	40	37	17	23	30	45	59	#
50	588555	5	6	2	9	10	12	18	13	17	16	19	3	26	11	4	15	33	60	#
51	851781	4	11	18	12	5	17	10	3	6	9	13	24	16	37	22	31	30	60	#
52	845222	17	10	11	18	12	16	15	5	22	21	6	24	31	19	23	30	37	60	#
53	835408	9	10	16	23	3	29	11	28	22	8	1	17	4	24	5	18	12	60	#
54	835134	10	11	3	4	5	18	12	25	6	2	1	17	26	24	13	9	8	60	#
55	813818	5	4	12	1	6	19	26	18	3	25	10	9	11	13	2	17	24	60	#
56	644545	45	44	46	37	39	38	47	30	23	48	31	24	29	61	#
57	726089	29	22	28	35	36	42	15	23	16	21	30	10	17	61	#
58	673700	45	46	38	39	37	31	5	47	32	30	24	3	25	61	#
59	673624	30	37	38	31	36	44	45	35	39	41	46	42	47	61	#
60	669605	31	49	30	32	23	29	37	22	2	3	24	15	38	61	#
61	656181	44	37	45	38	46	39	47	31	24	36	30	48	29	61	#
62	493919	47	40	39	41	22	62	#
63	472018	22	23	21	30	24	62	#
64	455275	40	33	41	39	47	62	#
65	407022	39	47	38	46	45	62	#
66	368936	47	40	41	39	46	62	#
67	318213	41	34	33	27	40	62	#
68	378647	44	45	37	38	39	46	63	#
69	407952	46	45	37	44	38	47	63	#
70	391456	39	47	46	40	33	41	63	#
71	349363	45	46	47	38	37	48	63	#
72	324917	44	37	31	30	23	5	63	#
73	322291	38	37	45	36	29	7	63	#
74	995359	20	27	13	34	33	12	6	19	41	48	5	40	26	32	18	39	17	64	#
75	1318494	20	27	34	13	33	41	40	6	48	32	26	25	31	38	39	24	23	64	#
76	1275627	26	27	19	34	41	12	18	11	43	13	17	40	20	38	36	29	31	64	#
77	1216557	40	32	33	41	31	39	3	24	38	30	25	17	18	23	11	29	2	64	#
78	1208669	33	34	27	40	20	41	13	6	32	12	39	26	38	48	25	19	29	64	#
79	1148259	32	39	25	45	44	37	38	43	36	40	41	31	30	18	42	17	11	64	#
80	129768	16	15	9	65	#
81	146138	9	8	0	65	#
82	50554	16	15	10	65	#
83	361202	20	13	12	27	34	26	66	#
84	415013	27	20	13	34	47	48	66	#
85	311569	26	25	37	19	44	18	66	#
86	305648	34	41	33	40	26	19	66	#
87	299675	13	20	6	27	5	4	66	#
88	281878	20	25	26	24	32	18	66	#
89	628515	26	27	34	41	40	48	47	33	19	32	39	67	#
90	807131	39	45	47	37	38	46	32	31	40	24	41	67	#
91	790049	32	31	38	45	39	36	30	46	37	23	47	67	#
92	786342	40	32	25	26	33	41	24	31	17	47	39	67	#
93	779477	26	33	19	18	25	24	32	31	40	39	27	67	#
94	721702	19	26	27	33	18	25	24	31	40	32	41	67	#
95	240371	5	0	6	13	20	7	14	68	#
96	319629	20	13	12	27	26	33	19	68	#
97	295285	14	7	8	0	21	1	2	68	#
98	246758	6	13	5	12	19	26	33	68	#
99	231840	7	0	43	1	27	14	8	68	#
100	206704	5	12	4	19	11	10	18	68	#
101	152983	37	38	45	69	#
102	102513	37	44	43	69	#
103	163061	17	18	29	70	#
104	146501	17	24	18	70	#
105	158024	31	32	71	#
106	115906	32	40	71	#
107	487911	10	16	22	11	15	21	3	17	72	#
108	511207	21	14	22	7	29	15	16	10	72	#
109	481666	15	16	17	10	22	3	9	21	72	#
110	481345	16	17	23	22	15	10	21	18	72	#
111	456490	22	15	29	21	16	17	9	10	72	#
112	384842	10	3	16	9	17	8	23	34	72	#
113	567964	7	14	8	0	1	21	9	10	11	16	12	22	5	73	#
114	766847	10	17	24	16	18	31	23	25	9	26	12	5	3	73	#
115	638785	14	21	22	7	29	28	15	36	35	23	24	8	30	73	#
116	632319	11	18	4	12	5	44	17	19	45	46	26	25	24	73	#
117	612444	12	19	18	25	17	10	3	16	11	15	24	9	23	73	#
118	572601	5	12	19	18	11	4	3	6	13	26	10	17	16	73	#
119	388410	18	12	11	19	10	9	26	74	#
120	438331	18	25	12	19	26	11	27	74	#
121	431833	11	10	18	4	3	2	9	74	#
122	394088	10	9	11	16	12	23	8	74	#
123	365049	26	27	33	20	32	25	31	74	#
124	320231	9	8	10	1	11	3	0	74	#
125	350117	2	3	4	5	1	8	12	75	#
126	329883	12	13	18	20	19	25	49	75	#
127	298090	4	11	18	10	12	17	19	75	#
128	297775	5	4	12	11	18	19	6	75	#
129	272413	2	1	8	9	4	0	11	75	#
130	196647	1	2	3	9	10	8	0	75	#
131	293279	38	37	36	45	76	#
132	379091	36	42	29	23	76	#
133	293278	45	44	43	39	76	#
134	252917	37	31	30	23	76	#
135	168632	38	31	30	37	76	#
136	670165	38	39	46	37	31	32	45	40	2	3	33	10	41	11	47	17	77	#
137	995625	3	4	2	5	6	13	20	12	19	18	27	25	24	11	34	41	77	#
138	934286	37	36	44	43	45	38	39	42	29	47	35	40	31	30	46	32	77	#
139	916229	33	41	40	39	38	32	46	34	45	47	37	44	30	31	43	27	77	#
140	885741	10	17	16	9	24	18	2	12	19	5	13	3	4	31	36	38	77	#
141	880444	45	37	44	38	31	36	42	46	39	32	43	47	25	33	35	24	77	#
142	296407	30	37	8	1	2	14	78	#
143	291370	1	8	7	2	14	9	78	#
144	284350	37	17	32	38	45	10	78	#
145	235647	8	14	1	0	21	7	78	#
146	153829	2	9	3	8	10	16	78	#
147	139863	30	23	79	#
148	178316	23	24	79	#
149	122939	44	45	43	80	#
150	141333	43	44	42	80	#
151	92669	45	44	46	80	#
152	495932	39	47	40	48	32	41	33	38	37	29	46	31	81	#
153	672952	41	40	33	32	25	26	39	24	38	47	34	13	81	#
154	555143	32	40	33	41	31	39	34	38	47	45	37	44	81	#
155	548819	37	31	36	29	35	38	44	30	42	24	43	23	81	#
156	544165	33	34	26	41	32	27	48	25	5	4	40	11	81	#
157	529817	46	39	47	38	48	45	44	40	37	41	36	33	81	#
158	452170	8	1	2	7	14	0	3	9	21	82	#
159	539207	14	7	21	28	8	29	1	23	30	82	#
160	537429	9	10	2	3	11	16	15	12	23	82	#
161	527456	3	10	9	4	8	2	1	11	12	82	#
162	506158	21	14	7	28	29	35	23	22	8	82	#
163	483782	8	9	14	2	12	5	13	10	11	82	#
164	456240	17	10	3	2	1	4	0	7	24	18	11	25	8	16	83	#
165	674096	24	17	16	31	38	37	45	23	32	29	22	25	26	19	83	#
166	636774	7	14	8	0	9	10	21	22	11	29	15	23	16	3	83	#
167	635982	17	16	24	23	31	18	10	38	11	12	39	13	4	25	83	#
168	594697	2	3	10	11	16	17	4	9	12	5	1	18	13	20	83	#
169	570040	3	4	5	12	13	20	11	6	2	9	18	16	10	17	83	#
170	299895	8	0	1	7	9	14	84	#
171	422904	14	21	22	28	8	4	84	#
172	333001	1	8	0	7	9	2	84	#
173	325604	7	0	14	49	8	1	84	#
174	254427	0	1	2	7	14	8	84	#
175	184172	8	14	0	1	7	10	84	#
176	298345	35	36	28	43	85	#
177	290116	43	42	44	36	85	#
178	279840	36	43	42	35	85	#
179	180915	28	21	14	29	85	#
180	175164	35	28	21	14	85	#
181	172309	27	20	86	#
182	213130	27	34	86	#
183	825264	5	6	4	3	2	9	10	17	13	16	23	30	12	29	43	37	22	87	#
184	1179554	23	30	29	24	37	38	44	31	25	22	28	26	15	33	27	16	43	87	#
185	1139117	17	24	16	31	18	30	15	19	10	23	22	29	25	32	12	21	26	87	#
186	1129282	10	3	39	2	45	46	37	9	13	47	12	38	16	36	19	23	32	87	#
187	1118287	22	15	23	16	10	24	9	17	25	31	32	29	33	2	18	38	41	87	#
188	1048879	13	20	6	12	18	27	19	26	25	32	33	41	5	11	40	39	31	87	#
189	1476667	21	22	15	29	16	9	10	36	35	2	37	1	28	38	31	23	32	39	17	24	25	40	3	41	42	34	26	33	48	88	#
190	1518812	2	9	8	1	7	10	3	34	14	16	0	41	15	23	40	32	31	38	37	27	36	30	26	39	24	25	47	43	44	88	#
191	1495808	39	38	31	10	37	44	45	11	32	24	43	9	36	35	23	3	34	47	16	30	27	29	2	46	41	1	28	17	8	88	#
192	1440432	26	27	33	34	41	20	13	6	12	45	25	44	18	32	19	17	24	37	38	31	36	2	40	1	46	10	3	47	30	88	#
193	1403625	38	39	15	47	32	48	33	22	46	41	34	31	45	26	44	40	27	43	24	28	29	25	23	16	36	20	9	42	8	88	#
194	1390459	35	28	21	29	36	43	44	37	42	30	22	23	24	41	31	25	14	38	16	17	15	34	26	27	10	48	20	33	45	88	#
195	169364	31	32	24	89	#
196	236209	24	23	29	89	#
197	168531	31	32	40	89	#
198	92034	32	33	26	89	#
199	513205	21	28	35	36	29	42	90	#
200	535747	35	36	29	23	28	21	90	#
201	518417	42	43	44	45	36	37	90	#
202	479102	29	36	37	28	35	43	90	#
203	474355	28	35	29	13	21	12	90	#
204	427236	36	23	22	29	42	24	90	#
205	221220	17	24	23	29	91	#
206	297807	23	24	17	22	91	#
207	129793	24	25	17	16	91	#
208	267514	42	36	35	92	#
209	269781	35	28	29	92	#
210	219571	36	37	38	92	#
211	165697	42	32	38	92	#
212	748912	22	23	16	10	17	11	29	36	4	21	28	3	12	42	5	93	#
213	893504	16	23	9	44	2	43	8	29	36	45	37	30	38	22	7	93	#
214	860186	36	29	23	22	15	30	28	37	44	21	16	10	45	35	31	93	#
215	833356	22	23	30	29	28	16	36	43	37	21	44	31	24	35	45	93	#
216	811869	21	14	22	8	15	23	7	29	0	9	2	36	3	16	28	93	#
217	787915	29	36	23	22	35	28	16	15	10	9	37	31	32	21	45	93	#
218	1376837	41	40	47	39	33	32	38	31	34	44	30	26	43	36	27	25	48	35	18	37	45	29	46	17	42	16	9	15	24	94	#
219	1604432	35	36	43	44	37	31	30	38	29	39	40	32	46	47	33	41	45	22	34	21	25	26	24	14	15	7	8	27	42	94	#
220	1568022	44	43	37	42	30	36	31	32	40	38	33	29	22	41	25	35	21	45	39	46	26	47	34	7	24	27	28	12	5	94	#
221	1550128	46	47	39	40	41	22	19	48	23	34	32	29	36	43	33	35	26	45	37	21	44	31	38	30	27	42	24	15	12	94	#
222	1486658	48	41	40	34	47	27	39	20	45	13	26	38	37	12	31	33	30	46	36	32	29	6	19	43	18	23	44	25	16	94	#
223	1429680	27	34	41	33	40	26	47	19	18	46	32	39	31	38	48	37	24	23	45	12	13	11	30	36	43	44	2	25	29	94	#
224	785283	45	39	44	37	47	38	40	33	41	36	26	95	#
225	829100	41	33	34	48	32	25	47	40	39	26	19	95	#
226	804380	47	48	41	39	32	40	33	31	26	29	28	95	#
227	803106	44	45	36	42	11	29	38	23	28	22	43	95	#
228	741959	45	44	39	32	37	40	25	26	31	27	38	95	#
229	738279	40	32	33	39	25	47	41	48	46	38	49	95	#
230	654441	17	18	12	15	19	13	22	25	6	23	33	16	96	#
231	740530	19	12	5	18	11	17	25	4	22	13	21	26	96	#
232	688606	22	21	23	29	14	28	7	16	17	10	24	30	96	#
233	678365	33	40	41	32	34	26	25	39	47	38	31	30	96	#
234	663159	15	22	21	23	9	16	17	18	10	28	2	8	96	#
235	640730	25	7	24	14	26	31	30	37	0	23	27	8	96	#
236	50164	19	#
237	1523935	12	5	6	18	11	10	17	13	25	4	16	20	9	23	3	24	22	30	37	2	26	1	0	36	7	42	21	8	19	27	14	31	38	97	#
238	1808927	24	35	25	23	32	30	29	28	22	16	10	9	31	15	37	44	2	45	21	39	46	36	18	1	47	33	34	40	8	17	42	38	26	97	#
239	1769828	42	36	29	43	22	23	21	44	24	30	35	28	45	46	37	16	17	15	47	39	40	18	11	25	33	38	9	48	14	34	26	8	2	97	#
240	1766681	36	35	28	43	21	29	23	22	24	42	31	25	17	10	32	39	3	18	9	11	8	16	14	30	15	26	40	38	44	33	2	1	46	97	#
241	1739417	8	14	21	22	23	0	7	9	16	28	15	24	31	35	2	10	17	30	29	1	25	32	18	12	38	37	36	19	43	39	46	40	42	97	#
242	1719136	3	2	1	9	10	11	16	4	5	0	8	14	17	24	7	12	6	18	13	19	21	23	15	28	22	49	25	30	26	35	20	36	29	97	#
243	287003	20	13	27	12	19	18	98	#
244	355110	20	27	13	26	6	45	98	#
245	331769	27	20	34	13	6	41	98	#
246	263699	19	26	18	25	33	11	98	#
247	263460	13	6	20	5	12	18	98	#
248	259293	12	19	26	13	33	18	98	#
249	882188	20	13	12	11	19	18	6	5	26	4	25	3	2	99	#
250	985718	5	6	4	11	18	3	25	19	12	13	32	39	2	99	#
251	934017	26	27	20	13	34	33	32	41	0	8	19	12	25	99	#
252	885885	20	27	13	34	6	26	12	11	33	41	5	4	40	99	#
253	850752	6	13	20	12	19	5	1	27	18	11	25	26	4	99	#
254	843134	12	19	13	18	25	20	6	11	10	27	3	4	5	99	#
255	323156	11	18	27	34	26	100	#
256	340433	34	27	33	32	41	100	#
257	266180	26	33	34	40	32	100	#
258	258599	11	4	10	3	5	100	#
259	256420	27	34	33	26	19	100	#
260	350902	18	19	25	17	16	10	9	15	24	26	8	0	11	101	#
261	514731	17	18	12	13	20	27	5	6	19	10	26	25	24	101	#
262	506472	10	9	16	17	18	2	23	11	1	4	0	8	7	101	#
263	482523	24	23	22	31	17	30	15	16	37	10	9	8	3	101	#
264	449701	11	12	4	18	10	16	9	3	17	5	13	19	26	101	#
265	730493	35	36	29	23	30	37	28	42	45	44	21	46	14	22	43	16	102	#
266	857393	42	43	36	44	45	46	37	31	32	25	39	24	23	16	29	47	102	#
267	835058	28	29	21	22	23	30	14	8	0	15	36	31	16	35	38	24	102	#
268	835006	14	21	8	28	1	0	29	23	7	36	22	37	42	16	24	17	102	#
269	823474	29	22	15	21	23	28	36	16	43	42	9	44	8	30	26	31	102	#
270	821711	35	36	42	43	28	37	44	38	45	39	47	30	29	40	33	41	102	#
271	539408	23	29	16	15	22	17	28	9	18	103	#
272	672779	29	28	35	36	23	22	37	15	39	103	#
273	571962	28	35	29	21	23	22	15	30	14	103	#
274	565154	15	22	23	16	29	17	10	9	18	103	#
275	557494	22	15	29	28	23	30	21	36	35	103	#
276	525861	23	29	30	22	37	45	15	44	43	103	#
277	578560	5	12	19	6	41	18	13	40	11	25	104	#
278	674904	18	12	19	26	13	25	27	15	34	24	104	#
279	650995	41	40	33	34	39	32	45	25	48	38	104	#
280	620072	11	12	18	19	5	6	25	32	13	24	104	#
281	574783	13	12	5	20	27	6	18	25	19	11	104	#
282	552709	25	26	32	19	18	12	33	11	5	13	104	#
283	193317	31	24	32	105	#
284	260694	24	23	31	105	#
285	208339	32	25	40	105	#
286	202370	31	37	44	105	#
287	31852	6	#
288	39877	48	#
289	205892	35	36	29	106	#
290	279260	35	28	21	106	#
291	173952	29	36	43	106	#
292	131472	36	42	29	106	#
293	692088	15	16	22	10	3	23	29	21	4	11	28	9	8	18	35	107	#
294	897505	29	23	24	31	28	36	37	43	21	45	30	32	33	25	35	107	#
295	848189	11	4	3	5	10	12	13	9	6	19	16	8	23	15	29	107	#
296	809428	28	1	35	24	0	23	31	37	17	29	44	45	36	38	43	107	#
297	792493	22	21	28	35	36	29	40	39	37	46	17	44	43	32	23	107	#
298	788254	3	10	11	4	5	6	16	13	15	12	17	24	23	25	26	107	#
299	166291	48	41	33	108	#
300	142870	33	32	25	108	#
301	121248	48	47	46	108	#
302	86311	47	#
303	396652	42	33	34	32	39	47	109	#
304	429732	34	27	26	33	19	18	109	#
305	361558	33	34	42	32	41	26	109	#
306	361162	32	40	31	37	41	38	109	#
307	357078	47	39	32	38	40	46	109	#
308	304255	39	46	40	45	41	47	109	#
309	96177	35	#
310	1125094	28	29	21	35	14	23	7	8	16	17	22	9	0	10	2	15	1	36	3	110	#
311	1304474	8	1	0	2	9	3	14	7	4	21	16	10	26	25	32	24	31	23	17	110	#
312	1221774	23	16	15	10	24	25	9	17	32	31	18	2	29	38	11	4	33	26	3	110	#
313	1156325	35	28	36	21	22	15	29	16	10	23	17	24	9	25	14	1	8	2	37	110	#
314	1138735	21	14	8	9	0	2	10	7	3	22	23	11	29	24	28	17	19	16	4	110	#
315	1123381	0	8	7	1	2	9	14	21	28	16	10	23	3	17	22	35	29	11	15	110	#
316	2387072	46	45	37	47	30	38	31	39	24	48	23	25	36	40	29	22	16	26	35	17	41	10	32	18	33	9	19	2	15	44	12	11	21	28	3	4	13	34	27	7	6	20	43	111	#
317	2459301	27	20	13	34	12	33	40	6	41	39	5	45	47	14	7	32	26	31	38	18	25	48	30	37	21	24	0	19	11	8	28	46	44	36	1	43	17	2	35	29	10	23	3	111	#
318	2449200	48	41	40	34	33	32	39	45	26	47	44	37	38	31	24	25	43	30	46	23	36	19	12	18	11	13	27	10	35	22	17	3	29	16	20	2	14	9	6	28	21	8	0	111	#
319	2441108	26	19	18	12	5	13	11	25	10	6	20	32	16	39	9	33	36	17	37	47	40	2	24	30	23	41	35	45	44	27	34	31	38	43	22	46	28	29	1	3	48	21	8	111	#
320	2435390	21	22	14	28	8	0	7	1	23	2	29	35	9	10	16	36	37	17	45	11	44	46	39	24	38	18	12	19	30	43	3	25	13	31	5	47	26	6	32	40	20	48	41	111	#
321	2418491	10	11	12	16	17	2	18	19	15	23	24	22	26	31	1	25	13	32	40	9	47	39	37	8	3	48	45	30	0	46	6	20	41	49	44	36	35	29	33	21	38	14	28	111	#
322	784970	32	33	10	41	40	34	14	27	39	11	9	16	26	3	45	112	#
323	950207	41	34	33	40	32	25	31	27	47	24	26	39	19	45	46	112	#
324	926433	32	25	31	40	26	19	33	30	39	34	24	41	23	45	48	112	#
325	833058	33	32	34	39	15	45	38	31	41	48	27	16	20	25	24	112	#
326	785374	40	41	33	34	39	32	46	25	26	18	45	19	31	38	37	112	#
327	777562	39	38	40	37	31	32	45	44	46	33	41	43	30	48	35	112	#
328	1195473	22	29	23	17	24	30	21	37	16	31	38	18	12	45	28	9	39	2	8	113	#
329	1274957	37	44	38	45	43	39	36	31	30	46	32	25	40	24	47	23	41	28	26	113	#
330	1232331	22	15	16	10	23	17	3	9	30	24	2	37	31	34	25	41	18	44	48	113	#
331	1213478	31	42	30	24	25	23	17	18	43	37	36	26	32	40	41	44	45	47	34	113	#
332	1209293	12	18	25	32	24	19	33	17	31	40	23	10	13	36	11	1	4	41	30	113	#
333	1192670	30	23	31	37	38	29	24	45	25	28	26	44	16	39	46	35	27	32	15	113	#
334	603436	29	22	23	30	36	24	43	16	28	114	#
335	604936	30	23	22	16	29	21	14	8	15	114	#
336	577635	28	35	21	14	29	23	16	30	37	114	#
337	573489	23	16	22	24	42	29	44	30	43	114	#
338	544739	24	23	30	25	16	22	29	28	18	114	#
339	526088	22	21	29	28	10	17	23	24	16	114	#
340	523092	39	47	1	40	38	8	9	48	37	115	#
341	657999	47	46	39	40	41	48	33	34	45	115	#
342	607919	39	47	45	46	38	40	41	48	44	115	#
343	582064	37	45	30	38	36	44	31	35	39	115	#
344	571891	1	16	15	23	30	17	22	24	8	115	#
345	500017	40	33	26	32	25	31	24	23	30	115	#
346	704154	34	41	48	33	40	47	18	39	19	26	7	45	116	#
347	846174	26	25	19	33	40	12	32	24	18	47	39	31	116	#
348	833271	40	33	32	25	3	18	26	34	12	24	23	4	116	#
349	775123	34	33	26	41	19	48	32	47	40	25	39	7	116	#
350	772788	45	44	37	43	39	36	38	42	35	26	27	31	116	#
351	751600	48	15	22	47	39	36	45	32	12	40	41	25	116	#
352	746167	43	36	29	22	37	15	44	42	31	38	30	45	117	#
353	944677	37	45	39	31	47	44	46	36	43	24	38	23	117	#
354	910844	44	37	43	36	30	42	45	38	39	9	29	28	117	#
355	884036	42	36	29	43	37	22	44	30	45	21	39	15	117	#
356	865962	30	37	23	24	44	25	18	31	45	38	22	43	117	#
357	828263	43	44	42	37	30	45	38	39	17	32	46	47	117	#
358	288262	5	36	29	22	4	118	#
359	359823	29	36	35	22	21	118	#
360	349206	22	29	15	28	21	118	#
361	231246	5	4	3	6	13	118	#
362	194959	36	37	31	30	45	118	#
363	499469	24	25	31	30	32	33	41	119	#
364	600913	41	34	21	33	22	40	47	119	#
365	562663	24	31	38	37	25	44	26	119	#
366	543950	33	41	34	26	27	40	25	119	#
367	506194	25	26	19	18	12	11	27	119	#
368	493444	32	25	40	47	33	31	24	119	#
369	70324	41	#
370	190755	24	17	16	31	120	#
371	233036	24	30	25	17	120	#
372	182921	17	24	18	25	120	#
373	176787	31	37	45	24	120	#
374	124211	16	23	17	18	120	#
375	540676	20	13	12	11	10	18	6	5	121	#
376	651049	20	27	34	13	6	5	12	4	121	#
377	600000	13	27	6	42	20	12	18	5	121	#
378	572993	6	5	12	4	13	11	18	10	121	#
379	555986	12	18	34	13	5	6	4	20	121	#
380	543625	11	12	19	5	6	4	13	18	121	#
381	298113	36	7	29	43	42	122	#
382	357516	36	35	42	29	22	122	#
383	229242	43	44	42	36	45	122	#
384	170313	7	8	14	1	0	122	#
385	52898	22	#
386	116194	47	40	32	123	#
387	135892	47	48	40	123	#
388	88159	40	32	33	123	#
389	610155	8	7	9	14	0	21	22	124	#
390	601188	14	21	7	22	28	8	1	124	#
391	591498	21	14	7	0	1	22	2	124	#
392	553915	0	8	7	14	21	9	2	124	#
393	525583	8	14	0	9	10	13	7	124	#
394	506595	7	0	8	14	1	9	2	124	#
395	417621	46	47	39	0	40	32	33	25	125	#
396	619270	33	41	40	32	39	45	25	48	125	#
397	617049	40	47	39	38	41	45	32	31	125	#
398	545970	46	39	45	47	40	32	38	25	125	#
399	507058	32	33	40	26	47	39	48	31	125	#
400	377223	0	8	14	1	9	2	21	10	125	#
401	378701	24	17	23	10	18	22	16	15	12	44	126	#
402	545390	23	22	29	28	35	21	16	10	36	14	126	#
403	468943	22	21	23	15	28	29	24	16	36	42	126	#
404	411110	24	23	18	16	12	19	9	2	5	10	126	#
405	379838	17	16	18	12	19	40	11	33	41	5	126	#
406	301390	12	19	18	5	6	26	13	17	11	7	126	#
407	1824398	24	17	31	18	23	16	30	12	11	37	15	19	25	13	44	5	29	9	45	39	40	38	8	26	33	20	27	46	10	32	7	1	4	3	6	34	127	#
408	2111860	40	25	18	12	5	26	11	13	6	4	24	32	39	33	17	31	16	41	23	45	38	19	47	37	20	44	9	3	34	27	2	10	29	22	21	30	127	#
409	2092247	15	22	16	29	23	9	30	31	10	32	17	40	33	37	39	24	2	25	3	26	8	44	21	7	34	4	27	1	36	11	47	0	38	46	43	42	127	#
410	2084838	11	4	18	17	12	16	6	23	14	13	10	9	22	3	8	24	29	36	35	37	1	7	25	45	21	2	26	15	44	31	38	5	46	39	47	19	127	#
411	2084272	18	17	25	11	12	24	16	23	10	32	31	39	45	26	27	40	15	37	20	38	4	13	22	0	46	44	3	9	21	19	28	36	29	35	42	43	127	#
412	2081698	37	31	36	44	43	29	42	45	28	35	24	21	38	39	32	40	30	33	46	34	22	41	23	25	27	16	26	20	18	14	17	19	12	5	13	47	127	#
413	972120	29	22	23	24	16	30	21	37	10	9	44	20	31	45	25	27	17	128	#
414	1039330	21	14	22	28	35	23	15	16	29	10	17	24	36	45	38	37	31	128	#
415	1033161	23	29	36	22	21	28	43	16	44	10	11	18	42	35	9	14	37	128	#
416	1026072	30	37	23	31	29	36	42	38	32	33	43	26	22	21	24	45	27	128	#
417	1004449	22	15	16	23	21	10	17	29	24	30	9	28	14	31	38	35	11	128	#
418	1000479	20	27	29	34	31	38	23	37	30	26	32	16	17	41	36	10	39	128	#
419	13188	5	#
420	220435	15	22	23	30	29	129	#
421	307750	22	21	14	23	30	129	#
422	273812	29	22	23	36	21	129	#
423	269591	30	7	8	1	23	129	#
424	211685	23	30	22	16	17	129	#
425	88075	15	16	22	21	29	129	#
426	414742	27	34	20	13	33	41	130	#
427	428306	20	27	13	26	33	34	130	#
428	388061	33	34	41	15	40	39	130	#
429	359550	34	41	33	32	26	31	130	#
430	224734	41	40	33	48	32	26	130	#
431	181279	13	20	27	6	12	5	130	#
432	19475	33	#
433	585174	11	4	18	10	9	41	48	16	15	131	#
434	745381	4	11	12	13	18	10	6	19	25	131	#
435	597637	11	18	25	26	32	10	12	16	19	131	#
436	595483	18	11	4	5	12	25	24	10	16	131	#
437	564493	41	40	47	48	32	31	24	37	39	131	#
438	540308	16	10	9	17	23	15	22	29	24	131	#
439	901823	42	36	35	37	30	29	31	38	39	43	45	28	3	47	40	33	34	132	#
440	1152443	33	41	40	48	39	34	27	32	46	26	20	47	44	25	13	38	45	132	#
441	1063561	35	36	37	44	28	45	38	39	46	47	48	31	43	32	24	25	23	132	#
442	1043353	28	35	29	36	37	43	44	24	22	30	25	45	18	46	23	38	21	132	#
443	1018571	45	38	31	30	23	29	24	39	44	43	22	36	28	21	16	15	37	132	#
444	994426	47	48	39	40	38	49	37	30	45	44	46	41	31	23	33	43	34	132	#
445	72924	9	#
446	554396	17	24	10	16	15	11	23	18	0	29	12	25	133	#
447	740771	15	16	23	9	24	22	25	21	32	33	26	27	133	#
448	694362	11	10	16	4	9	8	12	5	13	6	23	18	133	#
449	683151	16	17	44	10	3	11	15	43	45	46	9	39	133	#
450	629174	29	22	28	15	23	36	42	24	27	20	43	13	133	#
451	620004	25	24	23	31	29	17	21	26	30	37	36	18	133	#
452	72478	13	#
453	188284	40	39	46	134	#
454	230386	46	47	39	134	#
455	223105	39	40	47	134	#
456	188523	40	33	34	134	#
457	55127	16	10	9	8	135	#
458	60478	9	2	10	16	135	#
459	303466	46	45	44	39	38	136	#
460	380002	38	45	37	39	44	136	#
461	325829	39	45	43	32	33	136	#
462	299298	44	3	45	37	27	136	#
463	278284	45	39	37	47	40	136	#
464	198500	46	45	44	47	37	136	#
465	1062420	47	39	45	32	38	46	31	33	24	23	41	44	40	26	43	42	36	22	17	18	137	#
466	1253533	33	34	40	26	27	19	39	41	25	28	45	32	12	47	13	35	46	38	31	18	137	#
467	1231477	32	40	35	33	41	39	45	25	18	19	37	28	26	27	24	12	31	34	36	17	137	#
468	1086820	38	45	44	37	31	39	32	36	35	42	43	33	30	41	25	24	40	34	18	19	137	#
469	1062440	40	47	33	41	34	48	26	39	27	15	46	22	32	31	45	24	23	25	17	44	137	#
470	1059194	43	42	36	44	37	38	35	31	45	32	33	28	29	16	40	39	10	41	25	47	137	#
471	421668	23	24	31	32	30	29	25	22	17	37	8	138	#
472	629029	29	28	21	14	35	36	23	43	42	22	16	138	#
473	615589	23	29	24	25	41	30	36	48	17	16	31	138	#
474	598536	22	23	29	36	42	21	35	30	37	43	31	138	#
475	545311	32	25	26	19	18	12	33	34	27	24	5	138	#
476	471201	8	0	7	32	46	14	39	21	40	47	45	138	#
477	61325	4	#
478	285255	45	38	39	46	37	139	#
479	349863	46	39	47	32	38	139	#
480	347254	37	45	36	39	44	139	#
481	344797	39	38	46	47	45	139	#
482	338087	45	39	46	44	47	139	#
483	286444	38	14	39	45	7	139	#
484	1568501	3	4	11	5	6	7	2	14	9	12	10	17	18	1	16	8	21	28	13	0	15	23	29	36	22	35	24	25	30	140	#
485	1915318	9	2	3	0	1	4	8	5	31	7	14	24	38	25	32	21	30	23	37	40	22	17	18	33	34	41	47	11	10	140	#
486	1844821	35	28	36	21	37	38	31	24	17	39	30	47	45	14	40	32	29	48	33	46	22	34	8	25	44	18	26	7	41	140	#
487	1840034	14	8	7	21	0	9	2	26	22	1	33	23	29	41	34	24	30	32	40	31	27	17	48	47	36	18	37	15	39	140	#
488	1802636	7	0	14	8	1	9	16	2	23	3	29	21	28	22	17	4	15	35	11	30	31	32	37	24	38	36	33	39	42	140	#
489	1791532	1	8	9	7	0	10	11	12	5	18	40	2	14	13	4	3	33	17	21	25	16	24	26	41	49	27	22	34	32	140	#
490	196663	15	16	9	25	26	10	141	#
491	263118	16	9	17	24	15	10	141	#
492	236692	9	2	16	1	3	23	141	#
493	154930	10	9	11	16	3	4	141	#
494	152124	25	26	32	40	19	33	141	#
495	652216	8	1	7	0	14	29	4	36	5	28	35	142	#
496	695829	35	36	42	29	28	22	23	15	21	24	0	142	#
497	687138	36	42	35	28	29	23	33	21	22	15	26	142	#
498	669501	7	14	0	1	8	9	2	36	42	35	28	142	#
499	610352	28	21	35	14	29	1	23	30	36	7	22	142	#
500	533565	0	8	9	14	1	2	21	3	10	7	17	142	#
