%% File generated by CATS v.2.1Tue Aug 20 18:57:11 2019

%% The CATS webpage is http://robotics.stanford.edu/CATS

%% PARAMETER SETTINGS:
% Goods: 45; Bids: 450; Distribution: regions; Runs: 10; Seed: 1566345388
% Regions Distribution Parameters:
% Max Substitutable Bids = 5
% Removing HV Neighbor   = 0.1
% Adding DIAG Neighbor   = 0.2
% Additional Location    = 0.9
% Jump Probability       = 0.05
% Additivity             = 0.2
% Budget Factor          = 1.5
% Resale Factor          = 0.5
% Normal Private Value:
%   Mean                 = 0
%   Standard Deviation   = 30



goods 45
bids 455
dummy 79

0	220841	0	23	6	45	#
1	245720	23	17	28	45	#
2	244841	0	6	7	45	#
3	222856	6	7	1	45	#
4	64901	22	#
5	44433	37	#
6	190465	3	9	#
7	174364	10	#
8	61440	31	30	#
9	113745	7	#
10	972353	35	34	33	32	29	28	27	23	22	25	20	19	17	46	#
11	1163519	35	29	28	34	22	21	14	15	13	27	19	7	25	46	#
12	1005526	20	26	25	19	32	27	31	41	13	7	28	0	21	46	#
13	952418	25	19	20	31	24	18	32	13	14	21	15	7	0	46	#
14	932332	27	33	32	28	34	31	22	21	29	25	19	23	24	46	#
15	904760	28	42	34	29	35	33	27	20	32	23	18	19	22	46	#
16	820195	2	8	1	7	0	13	14	6	12	15	19	16	47	#
17	817647	13	7	19	25	1	32	0	6	20	24	27	33	47	#
18	797119	19	25	32	31	24	18	2	43	1	8	7	12	47	#
19	751052	0	1	7	6	2	12	18	8	13	14	9	15	47	#
20	749555	8	2	9	1	21	0	14	10	7	6	15	13	47	#
21	742598	7	13	0	1	19	6	12	2	18	8	3	9	47	#
22	2364462	16	17	22	21	29	23	28	10	34	27	15	26	11	9	35	14	33	8	4	32	20	3	13	2	19	25	1	7	0	38	42	18	5	24	48	#
23	2426859	38	35	34	29	28	23	33	17	22	27	16	21	26	11	20	19	10	15	32	14	4	9	25	44	13	8	5	2	3	7	0	1	31	18	48	#
24	2406498	0	1	7	6	13	12	14	18	24	19	20	2	27	25	26	8	33	32	31	3	4	5	43	34	10	28	29	21	11	9	35	15	16	17	48	#
25	2403094	3	4	10	11	16	5	17	9	23	41	22	8	28	29	35	2	27	1	21	15	14	34	20	13	7	33	0	26	25	6	32	19	12	18	48	#
26	2384264	4	10	11	5	3	9	16	17	23	22	28	29	35	8	15	37	2	14	21	34	27	20	19	25	33	26	32	24	13	18	1	12	7	0	48	#
27	2373240	9	15	3	16	10	4	11	17	8	2	1	7	13	14	37	19	18	0	21	23	5	25	6	29	35	26	22	27	34	20	33	28	24	31	48	#
28	553844	13	14	7	15	26	0	6	27	49	#
29	710385	6	12	18	24	31	7	13	0	49	#
30	704549	0	7	6	13	14	1	15	9	49	#
31	658242	7	6	13	0	12	17	23	4	49	#
32	626120	13	14	7	8	9	2	19	15	49	#
33	535407	14	15	9	3	8	10	11	17	49	#
34	561208	31	32	25	19	30	13	12	50	#
35	623760	31	1	7	30	32	25	13	50	#
36	580783	25	32	3	31	19	24	13	50	#
37	560758	13	7	14	1	19	6	25	50	#
38	537736	30	31	25	24	19	26	32	50	#
39	459925	32	25	26	19	31	24	20	50	#
40	535888	6	7	13	14	12	18	19	0	51	#
41	561214	18	12	24	25	26	6	32	27	51	#
42	548377	6	7	0	12	18	1	13	19	51	#
43	544528	12	18	6	19	24	0	1	2	51	#
44	536736	19	20	26	25	27	24	32	31	51	#
45	487317	14	21	27	15	9	26	22	32	51	#
46	158571	43	#
47	246864	25	31	5	52	#
48	284731	31	25	19	52	#
49	221571	5	4	3	52	#
50	200856	25	19	13	52	#
51	86157	22	#
52	345386	9	3	4	2	11	10	53	#
53	440336	11	10	16	17	44	23	53	#
54	384935	10	11	9	3	17	23	53	#
55	335418	9	15	16	17	21	27	53	#
56	277793	3	2	8	15	9	10	53	#
57	193450	2	3	8	1	4	9	53	#
58	220831	32	33	54	#
59	220853	32	25	54	#
60	57912	33	26	54	#
61	175277	14	21	15	22	55	#
62	237932	22	28	34	21	55	#
63	206821	14	13	19	15	55	#
64	131564	15	16	14	21	55	#
65	129153	21	14	13	8	55	#
66	563284	23	29	22	17	16	15	21	14	13	10	56	#
67	658791	23	17	29	35	11	28	22	34	43	21	56	#
68	646446	29	28	23	34	17	16	11	4	10	27	56	#
69	640960	14	13	15	7	21	27	22	6	20	9	56	#
70	635421	16	17	22	10	23	11	21	9	29	4	56	#
71	624541	21	14	13	8	7	27	28	6	22	23	56	#
72	938755	21	22	14	16	17	15	10	28	9	29	27	8	11	23	26	25	57	#
73	1177851	8	14	2	13	40	21	15	1	9	7	10	22	4	16	3	28	57	#
74	1128275	9	8	15	14	21	0	3	1	2	27	13	22	7	26	28	25	57	#
75	1095756	15	21	22	16	14	28	27	29	8	26	25	9	31	33	35	3	57	#
76	1089496	28	29	35	22	27	34	26	21	15	33	32	16	25	9	3	20	57	#
77	1070287	14	21	8	2	22	15	23	9	13	28	29	3	35	19	27	42	57	#
78	487190	0	7	6	12	18	19	13	58	#
79	494787	6	7	0	1	13	12	18	58	#
80	494576	7	6	1	2	8	3	4	58	#
81	490913	0	7	6	1	13	2	8	58	#
82	477813	13	14	7	1	19	15	0	58	#
83	472224	18	19	24	12	31	32	25	58	#
84	403542	33	32	25	31	30	59	#
85	364267	33	32	26	27	7	59	#
86	313562	32	33	26	15	21	59	#
87	296234	25	32	24	33	31	59	#
88	295735	31	30	25	24	32	59	#
89	117348	24	25	26	20	33	18	60	#
90	154601	20	27	33	21	22	32	60	#
91	86105	26	32	33	27	20	21	60	#
92	77869	25	32	33	24	27	26	60	#
93	30276	37	#
94	721643	44	12	21	18	27	20	6	19	26	24	14	25	33	32	61	#
95	971258	18	24	1	0	7	6	12	13	31	2	19	25	8	26	61	#
96	957082	12	18	6	0	24	1	7	19	25	29	13	32	31	14	61	#
97	952329	32	26	20	25	19	27	31	33	13	34	35	29	7	30	61	#
98	932238	26	25	19	24	32	36	31	30	20	27	13	7	0	18	61	#
99	891495	33	26	25	34	35	1	28	27	23	30	29	17	32	2	61	#
100	577166	20	27	21	19	14	8	28	29	25	33	62	#
101	640110	29	23	28	27	21	20	26	17	22	19	62	#
102	635074	21	27	33	22	32	26	15	16	31	23	62	#
103	611807	25	32	33	26	31	30	34	27	35	20	62	#
104	609856	28	22	23	29	17	11	16	27	4	33	62	#
105	595425	8	9	14	21	27	15	3	37	10	4	62	#
106	84227	17	#
107	49425	36	#
108	739391	13	1	14	7	0	15	9	19	8	20	16	63	#
109	873564	7	0	13	1	14	15	21	6	19	22	18	63	#
110	848110	1	2	3	0	4	33	5	9	10	11	27	63	#
111	807162	14	15	16	13	19	10	4	5	3	21	11	63	#
112	789261	9	15	8	19	18	10	25	13	31	30	3	63	#
113	786576	0	7	1	2	6	3	8	13	12	19	14	63	#
114	224549	4	5	15	64	#
115	291902	4	3	10	64	#
116	211425	5	4	11	64	#
117	129062	15	14	16	64	#
118	29307	8	9	#
119	112396	36	#
120	1005607	25	19	18	32	26	27	13	7	20	33	1	21	31	28	30	65	#
121	1099585	1	0	7	6	13	12	14	15	16	19	20	21	22	25	10	65	#
122	1065488	27	28	34	35	29	23	22	16	20	19	25	18	17	11	13	65	#
123	1057763	25	19	20	32	31	24	33	26	27	28	23	17	11	18	10	65	#
124	1048533	33	27	21	20	19	14	26	25	32	15	28	34	13	23	35	65	#
125	1015015	13	19	14	18	25	20	7	2	3	1	21	0	27	6	8	65	#
126	179936	22	28	16	66	#
127	257053	22	39	28	66	#
128	163752	16	22	17	66	#
129	1161632	20	26	25	27	31	32	33	21	19	24	28	22	34	14	35	15	18	23	29	12	67	#
130	1452403	15	21	29	14	9	22	35	13	16	17	10	8	28	34	7	23	1	3	4	6	67	#
131	1421838	22	23	28	29	17	16	15	10	27	11	14	4	5	8	35	33	9	2	13	3	67	#
132	1368054	29	28	23	22	27	21	15	35	16	34	17	11	20	10	4	24	3	31	30	14	67	#
133	1367595	18	12	6	7	0	13	1	14	19	24	21	22	16	25	44	10	15	9	31	17	67	#
134	1303567	21	15	14	27	9	28	8	2	3	10	20	13	22	11	7	6	19	4	1	26	67	#
135	80390	5	4	#
136	427912	7	6	13	19	68	#
137	353420	19	18	25	13	68	#
138	349807	13	7	6	0	68	#
139	331941	7	0	13	1	68	#
140	225598	6	12	0	18	68	#
141	780617	22	21	16	28	10	9	15	27	14	33	11	26	29	20	69	#
142	956931	10	9	28	3	29	4	16	35	22	34	15	23	11	2	69	#
143	937456	14	13	15	8	16	7	1	9	2	0	3	17	22	4	69	#
144	878986	11	4	5	10	9	29	15	14	8	13	3	2	21	22	69	#
145	833178	16	15	17	9	21	27	22	28	11	20	26	3	33	2	69	#
146	826887	33	27	34	26	20	35	28	25	7	1	2	32	23	13	69	#
147	39511	12	#
148	104205	29	#
149	911946	3	9	2	10	4	16	15	21	22	14	11	28	70	#
150	819700	4	3	11	17	10	9	15	16	8	2	14	21	70	#
151	815540	22	16	21	27	20	17	28	29	35	15	0	26	70	#
152	811694	28	22	23	29	21	35	14	17	27	11	13	4	70	#
153	795691	10	11	9	4	5	3	17	23	16	2	22	15	70	#
154	740085	14	8	9	3	4	13	10	16	2	19	21	20	70	#
155	389658	1	7	13	14	19	21	71	#
156	453356	1	0	2	7	25	13	71	#
157	434790	7	0	1	2	6	8	71	#
158	347554	21	22	16	26	3	9	71	#
159	339551	13	19	18	12	7	25	71	#
160	313621	19	18	25	20	12	27	71	#
161	1233871	2	1	0	3	6	7	4	8	5	9	12	14	21	15	11	13	10	16	17	18	23	24	25	28	27	72	#
162	1832773	7	6	0	12	1	18	24	19	20	26	32	33	29	27	31	41	30	35	28	21	14	34	2	8	22	72	#
163	1798525	24	18	31	32	26	20	25	41	33	12	34	27	19	6	30	7	21	10	14	35	13	28	11	22	1	72	#
164	1755745	18	19	12	25	6	0	31	20	24	27	26	32	33	34	41	30	7	28	35	21	13	14	22	15	23	72	#
165	1716663	23	28	34	29	27	33	22	35	26	32	25	24	31	16	20	18	19	13	15	9	10	17	7	21	14	72	#
166	1700890	15	16	22	14	21	28	25	27	26	32	31	19	17	20	30	33	10	1	24	29	11	35	18	7	12	72	#
167	133333	44	#
168	58912	39	#
169	725159	18	12	6	24	25	19	20	27	13	0	7	26	73	#
170	908987	0	1	6	2	12	7	40	13	19	18	8	25	73	#
171	886754	12	6	18	19	25	32	24	31	26	33	27	21	73	#
172	874253	7	6	13	12	19	25	26	18	0	1	31	27	73	#
173	856706	26	33	25	34	32	31	35	29	24	20	28	30	73	#
174	842129	6	12	18	19	24	25	32	31	30	0	9	26	73	#
175	1470627	19	25	18	20	24	26	12	31	30	33	32	6	27	21	15	34	0	14	13	22	9	1	7	8	28	35	23	2	74	#
176	1803267	33	26	27	21	15	25	14	8	16	32	20	31	2	19	13	9	3	24	28	22	10	29	4	18	35	40	12	7	74	#
177	1785222	1	7	0	2	3	9	8	6	14	4	15	21	11	10	22	27	28	26	29	12	20	19	18	25	13	32	31	33	74	#
178	1655339	22	16	10	28	41	4	3	29	21	14	27	13	9	23	2	19	8	18	33	17	15	20	7	1	11	26	32	25	74	#
179	1644120	9	15	14	8	21	3	13	2	16	4	7	22	6	12	10	17	11	18	27	28	23	1	33	34	19	35	29	26	74	#
180	1614976	31	30	24	25	3	4	9	18	10	2	16	11	15	32	19	1	21	33	26	14	20	7	22	27	41	0	39	8	74	#
181	55260	40	#
182	144285	28	#
183	595360	32	33	27	20	19	26	31	18	12	25	24	75	#
184	798352	20	10	11	26	27	32	19	28	29	17	21	75	#
185	778031	12	18	24	19	31	32	43	33	6	13	26	75	#
186	703384	25	41	19	32	31	24	26	20	30	33	34	75	#
187	624401	18	24	31	19	32	33	12	20	27	26	30	75	#
188	624314	27	33	26	20	19	28	32	25	22	18	31	75	#
189	148923	1	0	76	#
190	178900	1	2	76	#
191	111281	0	6	76	#
192	721771	3	9	10	2	8	16	15	4	1	11	7	13	0	22	14	77	#
193	940089	11	17	10	9	23	4	22	3	2	16	21	15	27	33	5	77	#
194	909889	14	8	12	18	9	21	13	27	15	16	10	3	11	4	5	77	#
195	891350	4	5	11	3	43	2	17	15	23	10	9	41	30	14	16	77	#
196	866315	22	28	27	16	29	21	23	34	17	10	26	33	35	20	11	77	#
197	847212	2	3	4	8	11	10	16	5	14	17	15	9	22	21	23	77	#
198	60543	30	#
199	147113	39	41	78	#
200	190380	39	7	78	#
201	127929	41	6	78	#
202	67574	14	21	79	#
203	96957	21	15	79	#
204	44089	14	13	79	#
205	55214	18	12	#
206	1499395	2	3	9	8	4	15	5	1	30	0	6	12	21	7	13	14	22	16	10	11	80	#
207	1537520	6	12	0	7	1	2	18	24	13	31	8	25	27	33	32	21	15	3	20	9	80	#
208	1528866	8	9	15	21	22	24	18	14	12	2	6	23	10	28	13	29	16	35	3	7	80	#
209	1520910	12	6	18	7	1	13	2	0	24	3	9	39	15	4	8	16	10	25	14	19	80	#
210	1493433	5	4	3	11	2	10	9	17	16	15	23	21	6	12	0	8	14	1	7	28	80	#
211	1480033	0	7	1	2	13	14	8	9	10	6	12	18	15	21	3	24	16	31	27	25	80	#
212	276349	5	4	11	3	81	#
213	295724	5	4	11	17	81	#
214	291532	4	11	17	3	81	#
215	285734	11	17	23	10	81	#
216	265089	3	2	8	1	81	#
217	50058	25	24	#
218	119923	44	#
219	53379	42	#
220	146178	26	20	25	82	#
221	180545	20	19	27	82	#
222	159897	25	32	33	82	#
223	115951	26	32	20	82	#
224	95363	38	#
225	206485	9	15	8	2	14	83	#
226	261155	9	3	15	8	21	83	#
227	212425	15	9	8	16	3	83	#
228	176355	8	14	13	9	10	83	#
229	124014	14	13	3	21	8	83	#
230	184847	0	7	6	84	#
231	246335	7	38	0	84	#
232	199010	6	7	1	84	#
233	172660	0	6	12	84	#
234	424757	33	27	26	32	28	17	20	22	85	#
235	585785	20	27	26	25	21	31	19	18	85	#
236	581479	22	23	17	28	11	34	33	29	85	#
237	532440	26	33	32	34	27	20	31	19	85	#
238	517195	27	28	23	34	20	33	26	18	85	#
239	496578	28	23	22	34	35	13	21	33	85	#
240	400924	24	25	31	19	32	18	86	#
241	391401	19	25	26	31	27	20	86	#
242	388403	32	26	27	13	28	20	86	#
243	374914	18	24	31	19	13	20	86	#
244	300758	25	26	20	19	24	32	86	#
245	286371	31	9	30	15	24	16	86	#
246	318679	12	18	24	19	6	87	#
247	450190	19	20	26	13	18	87	#
248	447472	12	18	19	13	7	87	#
249	364501	18	12	6	0	1	87	#
250	348778	24	18	31	32	25	87	#
251	316424	6	12	7	1	0	87	#
252	226460	8	2	9	88	#
253	286276	9	31	25	88	#
254	275725	2	1	7	88	#
255	141373	20	27	33	89	#
256	146720	33	26	32	89	#
257	91809	27	20	26	89	#
258	1105874	2	1	7	0	6	13	8	19	9	14	12	25	15	16	10	24	11	4	21	17	90	#
259	1288938	2	1	8	9	15	16	21	27	7	13	28	0	17	34	3	22	29	10	6	14	90	#
260	1287475	13	14	36	15	21	9	3	22	28	27	16	10	17	7	42	11	1	8	2	4	90	#
261	1245341	14	21	22	15	12	9	8	16	28	10	17	34	11	35	2	3	29	23	27	1	90	#
262	1220243	25	26	19	33	13	38	18	34	20	22	12	16	35	32	10	21	6	7	15	2	90	#
263	1216678	7	13	19	14	39	20	15	27	16	6	8	21	28	12	0	22	34	10	37	1	90	#
264	83627	17	#
265	1602438	22	28	16	23	29	17	21	27	35	38	33	14	34	26	20	8	10	25	2	32	9	24	31	15	4	1	5	3	30	91	#
266	1790743	1	2	34	7	0	3	4	9	8	28	43	33	10	11	27	26	17	16	14	6	21	35	37	23	29	15	32	25	31	91	#
267	1769244	27	33	21	22	26	16	15	32	34	31	24	12	28	35	18	23	14	19	29	13	17	43	7	0	8	1	6	25	30	91	#
268	1739496	25	32	26	24	31	30	33	19	13	7	0	18	34	1	6	14	8	27	20	2	12	43	35	29	21	39	9	3	22	91	#
269	1737824	32	26	31	33	24	27	43	18	25	34	28	29	23	22	20	17	12	13	21	7	16	6	14	30	15	35	1	40	0	91	#
270	1705966	34	33	26	27	28	19	25	32	24	20	23	42	22	31	13	29	18	7	30	21	1	15	35	16	17	10	14	2	12	91	#
271	1164364	28	29	23	17	16	35	11	34	33	27	26	15	22	21	14	25	31	32	36	9	24	92	#
272	1607010	15	14	9	10	3	13	16	17	23	11	4	22	28	2	8	19	29	7	34	0	1	92	#
273	1543918	36	10	11	9	4	16	8	15	5	14	3	17	13	2	1	0	7	19	23	29	25	92	#
274	1516193	28	27	33	22	26	21	23	32	34	15	25	29	16	31	0	30	1	11	20	41	2	92	#
275	1487546	16	17	11	22	23	15	10	4	5	28	14	36	29	13	9	35	34	3	19	18	7	92	#
276	1476321	11	4	3	17	2	9	5	10	16	1	7	22	0	28	21	15	29	8	6	12	23	92	#
277	2235666	28	27	33	29	23	26	21	14	8	9	35	22	3	32	20	13	19	2	7	15	25	6	31	1	16	34	10	30	4	17	11	0	93	#
278	2417532	10	4	9	3	15	21	22	2	1	16	28	8	11	17	27	14	29	26	7	23	13	5	19	33	32	35	18	31	0	30	6	34	93	#
279	2331145	9	15	14	13	21	10	8	22	3	16	7	1	43	2	28	4	29	23	11	27	19	17	18	20	26	6	33	34	32	35	25	0	93	#
280	2321480	17	11	10	4	23	22	28	9	16	27	3	21	15	14	33	8	13	2	5	7	1	34	19	18	20	29	26	25	35	32	6	31	93	#
281	2294199	13	19	7	1	35	2	3	6	29	20	14	12	27	18	0	21	4	26	33	28	23	11	25	9	10	8	15	16	5	22	41	17	93	#
282	2286833	8	36	14	15	9	21	27	26	28	23	16	22	32	25	33	10	17	11	24	4	3	29	19	31	20	5	30	2	18	13	1	7	93	#
283	255674	34	28	94	#
284	231263	28	29	94	#
285	195885	34	35	94	#
286	1736993	25	31	32	26	24	27	19	33	20	34	28	5	23	21	18	22	30	13	14	17	16	8	15	11	4	29	10	35	3	2	1	12	95	#
287	2040948	21	14	13	7	15	22	36	1	2	28	16	10	3	0	29	23	8	17	26	25	11	35	24	31	6	9	19	34	32	27	20	18	95	#
288	1997490	1	2	8	14	21	27	13	7	0	20	6	3	22	15	23	28	19	33	34	17	18	29	12	32	16	26	9	35	10	25	31	43	95	#
289	1984736	12	18	19	13	20	14	15	27	25	26	24	21	28	34	7	29	35	22	36	1	9	33	23	2	6	31	3	42	39	30	8	0	95	#
290	1963719	11	4	3	17	10	2	9	8	5	16	1	0	6	7	22	14	21	26	25	24	23	19	31	15	18	29	28	27	35	20	38	32	95	#
291	1960314	4	5	3	2	10	16	22	9	28	1	21	11	29	8	27	35	15	14	7	13	20	34	26	43	23	17	32	0	25	19	6	18	95	#
292	121281	41	#
293	311319	11	4	5	10	9	96	#
294	322628	9	15	16	10	41	96	#
295	313182	4	11	5	10	17	96	#
296	310100	11	17	10	16	3	96	#
297	305089	10	11	9	15	16	96	#
298	254436	5	4	10	11	16	96	#
299	1507669	24	31	32	25	26	19	30	27	20	18	12	21	33	13	14	28	15	22	8	23	7	29	17	35	0	97	#
300	1610058	19	20	13	25	26	24	7	27	32	31	14	8	28	18	6	22	29	23	21	35	12	10	1	33	9	97	#
301	1602573	24	25	19	41	13	32	7	14	21	15	8	9	18	0	20	3	6	10	26	12	42	33	1	11	27	97	#
302	1580546	21	22	16	15	17	10	28	23	4	11	3	34	14	13	7	1	26	0	20	35	6	27	32	19	25	97	#
303	1578944	28	23	29	35	17	22	34	21	27	14	33	15	13	16	10	9	20	11	4	26	7	19	8	25	42	97	#
304	1550804	8	14	15	9	10	21	16	13	22	7	19	20	4	26	33	34	32	28	27	25	31	29	1	23	35	97	#
305	1769227	20	27	26	22	21	33	28	19	16	25	29	13	7	14	1	23	17	32	15	34	31	0	6	10	24	8	9	4	11	3	98	#
306	1967414	32	25	3	31	9	33	4	19	26	30	20	27	16	24	13	28	17	22	39	34	10	23	21	15	11	29	14	35	5	7	98	#
307	1912720	23	22	17	16	21	29	28	27	34	15	33	14	35	26	32	13	31	20	19	10	25	11	24	7	6	4	5	30	18	1	98	#
308	1891481	0	6	24	25	12	18	31	32	26	20	19	7	1	30	13	14	15	21	33	34	27	28	35	29	23	17	16	10	11	22	98	#
309	1889049	27	20	28	19	13	23	17	25	31	26	30	21	29	40	32	24	14	33	15	7	22	34	8	18	16	2	35	10	11	3	98	#
310	1888904	24	25	18	19	31	12	32	30	26	33	6	7	13	20	27	21	34	14	22	35	28	15	23	16	29	17	11	10	1	9	98	#
311	1491133	21	14	15	16	13	22	27	23	8	28	29	10	17	9	11	33	26	3	34	32	25	20	31	4	30	99	#
312	1653504	15	16	10	22	9	23	14	12	21	8	3	2	28	18	17	32	1	27	11	13	31	24	6	29	4	99	#
313	1629765	25	31	23	6	32	17	33	12	26	24	34	29	30	16	10	20	11	28	35	3	0	27	15	21	4	99	#
314	1612958	10	11	17	16	15	4	14	23	41	13	8	5	22	28	7	21	29	3	34	0	6	1	12	27	2	99	#
315	1585084	17	16	7	15	23	22	28	21	1	13	10	40	14	27	8	11	20	19	33	32	6	9	0	34	12	99	#
316	1584921	3	9	10	15	8	14	16	17	2	1	21	23	0	4	22	11	28	29	27	35	34	26	19	32	7	99	#
317	56636	42	#
318	1177444	2	1	3	8	0	4	14	7	9	10	6	15	12	16	11	5	13	17	21	100	#
319	1407935	1	2	8	9	3	10	25	4	14	16	21	5	19	32	17	33	31	38	15	100	#
320	1393181	4	10	3	16	40	15	5	9	22	24	21	31	18	14	11	32	19	13	12	100	#
321	1341134	15	14	21	8	9	13	19	2	18	1	20	16	10	22	17	12	28	34	11	100	#
322	1306498	2	8	1	9	15	16	10	11	14	3	17	13	19	4	20	0	36	18	12	100	#
323	1272948	0	6	12	1	18	7	2	19	13	24	31	14	21	15	20	38	25	9	32	100	#
324	1604008	30	31	25	19	18	26	24	20	32	13	33	14	15	5	9	16	12	8	10	4	6	22	2	7	1	3	21	27	101	#
325	1883453	15	14	16	22	21	28	17	23	11	10	4	13	8	3	2	1	0	27	26	33	25	7	19	6	18	24	20	34	101	#
326	1845013	30	31	24	25	19	32	18	12	44	20	26	27	6	9	21	28	22	15	8	14	0	23	1	17	33	2	7	10	101	#
327	1843544	27	20	21	6	26	22	28	7	32	23	17	33	0	12	25	31	11	19	13	24	29	18	1	16	10	4	14	2	101	#
328	1805979	12	6	7	0	1	2	18	3	19	13	9	21	15	22	4	28	8	24	23	25	26	10	16	27	32	29	33	30	101	#
329	1802151	21	27	22	20	16	26	33	10	14	15	28	37	23	19	17	25	24	6	32	13	18	12	31	7	29	0	4	34	101	#
330	60358	32	#
331	1246608	19	18	20	25	12	27	10	26	6	33	0	1	34	4	7	13	31	24	28	8	11	35	32	102	#
332	1404399	13	19	7	35	29	34	25	1	32	18	28	14	24	2	15	6	16	21	0	31	30	22	12	102	#
333	1235471	1	7	6	12	0	2	3	8	13	4	11	10	38	19	18	9	14	16	15	22	25	26	5	102	#
334	1233008	27	28	23	34	21	17	29	8	20	9	14	33	19	22	3	13	2	26	25	15	11	4	35	102	#
335	1232841	26	20	19	18	32	13	31	24	30	12	25	27	14	15	28	23	33	34	7	1	29	21	17	102	#
336	1231969	0	7	1	6	31	2	24	30	32	33	25	26	15	14	19	8	12	27	34	20	18	35	28	102	#
337	108684	6	#
338	261589	18	19	24	25	103	#
339	334059	24	18	31	19	103	#
340	267123	19	20	18	24	103	#
341	164763	25	26	33	19	103	#
342	348694	1	7	13	0	104	#
343	352279	1	7	5	0	104	#
344	343011	0	19	1	18	104	#
345	332954	7	13	19	0	104	#
346	243390	13	7	0	14	104	#
347	67065	31	#
348	555875	2	3	4	11	5	10	16	9	105	#
349	660398	4	3	2	5	11	9	1	15	105	#
350	641377	3	9	15	2	1	0	10	8	105	#
351	572003	11	4	17	3	10	16	2	15	105	#
352	556741	5	4	10	3	9	11	2	8	105	#
353	519337	2	8	1	21	7	15	13	9	105	#
354	841162	30	31	25	24	19	32	18	20	26	33	27	12	21	15	22	13	106	#
355	989965	13	14	8	19	21	2	15	18	9	16	24	31	39	1	17	11	106	#
356	972140	22	28	16	27	42	23	33	29	26	25	24	19	18	31	12	10	106	#
357	955990	32	31	24	18	25	8	30	19	13	14	15	21	26	7	0	1	106	#
358	938599	12	18	24	6	0	5	1	19	13	2	25	20	14	7	27	28	106	#
359	920165	26	20	27	25	28	19	22	29	18	23	35	24	21	17	15	33	106	#
360	1606647	12	6	7	0	13	1	19	2	34	35	28	18	24	27	33	23	31	29	20	25	26	17	107	#
361	1596517	19	18	24	13	31	20	7	4	32	11	25	26	0	17	23	14	28	34	6	33	35	1	107	#
362	1445978	20	19	18	27	12	33	13	26	34	32	14	7	6	0	25	28	24	31	23	17	22	29	107	#
363	1435997	7	6	0	13	39	26	20	32	12	18	1	27	28	19	24	2	33	31	25	21	14	22	107	#
364	1427291	23	17	11	28	34	35	33	27	20	22	19	32	18	13	12	25	29	26	7	21	6	16	107	#
365	1414627	13	14	19	20	18	7	25	32	24	33	31	27	28	34	26	0	23	22	17	21	1	16	107	#
366	2042533	18	12	6	24	7	0	1	19	13	25	32	31	26	33	20	27	2	3	9	4	15	14	21	10	42	5	16	30	8	28	34	17	11	22	29	23	35	108	#
367	2187738	9	15	8	14	21	27	22	3	28	2	1	34	26	33	32	7	16	13	10	6	17	19	20	25	35	31	0	4	29	11	23	12	30	5	18	24	39	108	#
368	2158677	30	31	32	26	20	27	25	33	24	28	23	34	22	35	18	12	19	21	29	13	15	7	9	3	4	11	39	14	1	2	8	17	5	16	0	44	10	108	#
369	2155976	8	9	3	15	10	16	14	4	11	21	17	5	13	19	2	22	28	18	25	34	26	27	33	24	12	23	20	29	31	35	1	32	30	0	6	7	43	108	#
370	2142933	26	20	32	31	19	13	25	27	30	33	34	24	28	23	14	18	7	0	22	1	8	17	29	15	9	11	10	21	2	4	3	12	6	5	16	35	36	108	#
371	2127420	4	10	5	16	22	21	14	11	17	15	3	8	27	9	23	29	28	33	32	25	13	2	26	1	41	44	31	24	30	34	19	18	0	20	6	35	7	108	#
372	866037	9	10	40	8	4	16	15	22	28	11	17	5	36	3	109	#
373	960426	3	2	9	1	7	4	6	8	0	12	13	5	10	19	109	#
374	949424	40	29	28	34	23	35	17	16	11	4	10	15	5	33	109	#
375	918990	11	4	5	10	3	2	1	9	34	38	8	15	16	17	109	#
376	912294	5	4	39	11	3	10	16	9	18	14	17	22	19	13	109	#
377	902689	4	11	3	10	5	16	9	15	22	28	21	29	40	14	109	#
378	1538408	24	31	25	26	32	18	30	12	19	13	27	33	7	0	6	1	14	8	2	20	15	21	28	22	34	16	29	23	110	#
379	1724606	1	7	13	6	12	0	14	15	2	21	16	18	8	9	24	10	27	28	17	3	11	31	43	22	23	29	32	33	110	#
380	1698291	23	17	22	21	28	14	41	29	27	40	34	33	26	20	32	8	15	11	2	35	16	3	4	31	9	10	24	25	110	#
381	1690113	24	18	31	12	30	6	25	32	33	34	26	27	20	28	29	21	22	14	23	16	35	8	17	13	11	7	15	38	110	#
382	1640581	20	27	26	21	14	4	10	32	6	8	3	0	31	9	7	1	22	15	25	24	12	33	28	2	29	35	18	5	110	#
383	1636818	21	14	22	15	16	10	28	27	29	33	26	44	20	23	9	32	3	17	34	35	11	8	31	25	19	18	24	2	110	#
384	535791	42	31	25	32	26	30	19	20	111	#
385	740586	26	27	33	28	25	21	34	1	111	#
386	558584	32	26	25	24	27	31	33	7	111	#
387	532724	19	25	18	32	24	26	27	20	111	#
388	526177	25	26	24	33	27	20	28	23	111	#
389	507696	30	31	24	32	26	18	25	27	111	#
390	910334	27	28	29	21	14	26	35	15	32	20	33	25	13	16	112	#
391	1012650	32	33	34	28	29	27	26	35	23	25	17	31	16	10	112	#
392	968603	13	7	14	8	19	18	0	2	15	3	6	12	9	16	112	#
393	938219	14	8	13	15	16	2	22	9	7	0	3	4	10	21	112	#
394	901641	20	19	25	43	26	32	27	9	28	24	18	33	31	3	112	#
395	900240	15	21	22	16	14	27	33	26	28	8	32	25	10	31	112	#
396	475300	33	27	26	20	28	29	23	25	113	#
397	603544	23	17	29	28	11	4	22	27	113	#
398	502399	27	21	28	23	26	33	29	25	113	#
399	500038	33	27	28	29	9	26	22	32	113	#
400	497077	28	27	34	22	23	17	33	29	113	#
401	493872	29	28	23	24	31	32	27	30	113	#
402	129355	39	#
403	53263	19	#
404	151071	3	9	114	#
405	155572	9	15	114	#
406	130363	3	2	114	#
407	369367	26	25	27	20	32	31	115	#
408	386617	32	33	34	26	31	25	115	#
409	350200	27	21	26	32	25	22	115	#
410	318437	31	30	25	32	26	24	115	#
411	312232	25	31	30	24	26	27	115	#
412	305096	26	32	25	24	31	33	115	#
413	382813	17	16	7	6	12	15	116	#
414	505418	12	18	6	0	7	1	116	#
415	473061	6	12	0	18	7	24	116	#
416	382012	7	6	8	14	2	15	116	#
417	374731	15	14	13	9	10	19	116	#
418	317581	17	16	15	10	9	22	116	#
419	877346	26	27	20	19	33	13	7	6	14	21	25	15	117	#
420	990723	15	21	22	19	4	28	10	18	3	27	2	11	117	#
421	957332	13	7	19	18	35	1	29	25	0	5	6	20	117	#
422	885033	21	15	38	27	9	33	26	20	8	25	10	24	117	#
423	851554	26	25	20	27	33	24	18	32	34	31	21	22	117	#
424	849648	7	13	6	0	1	2	8	9	14	15	3	12	117	#
425	172835	13	19	14	118	#
426	199381	14	21	15	118	#
427	157732	19	26	25	118	#
428	595983	23	22	28	27	29	26	20	17	19	38	119	#
429	723596	29	28	34	22	16	35	10	9	3	21	119	#
430	671488	20	0	6	26	33	32	27	1	7	13	119	#
431	663904	27	28	20	33	29	35	22	26	21	32	119	#
432	644220	26	27	21	25	32	14	33	28	13	22	119	#
433	587097	23	17	29	22	28	16	21	27	15	35	119	#
434	188128	0	33	6	32	120	#
435	263984	6	7	12	0	120	#
436	175687	32	31	24	30	120	#
437	474515	18	12	24	6	0	31	121	#
438	498691	18	12	19	20	31	26	121	#
439	455513	24	18	25	32	19	33	121	#
440	453302	6	0	7	12	18	1	121	#
441	447343	0	6	7	13	12	18	121	#
442	397960	31	30	25	32	24	33	121	#
443	775909	21	22	27	23	14	15	26	17	33	9	28	122	#
444	814075	17	23	22	29	12	21	11	14	27	13	15	122	#
445	792924	22	10	4	11	23	21	28	27	16	29	17	122	#
446	783345	21	15	27	14	20	8	9	10	28	4	22	122	#
447	728922	27	26	33	21	15	43	14	16	10	20	3	122	#
448	715467	9	3	4	11	10	5	17	23	22	8	28	122	#
449	330710	28	27	20	33	32	31	123	#
450	352842	32	25	26	33	20	34	123	#
451	342048	20	26	27	33	19	28	123	#
452	312109	33	32	26	20	27	28	123	#
453	285309	31	30	32	33	26	34	123	#
454	227186	28	27	26	20	22	16	123	#
