%% File generated by CATS v.2.1Tue Aug 20 18:57:46 2019

%% The CATS webpage is http://robotics.stanford.edu/CATS

%% PARAMETER SETTINGS:
% Goods: 70; Bids: 1400; Distribution: regions; Runs: 10; Seed: 1566345520
% Regions Distribution Parameters:
% Max Substitutable Bids = 5
% Removing HV Neighbor   = 0.1
% Adding DIAG Neighbor   = 0.2
% Additional Location    = 0.9
% Jump Probability       = 0.05
% Additivity             = 0.2
% Budget Factor          = 1.5
% Resale Factor          = 0.5
% Normal Private Value:
%   Mean                 = 0
%   Standard Deviation   = 30



goods 70
bids 1400
dummy 256

0	314195	55	54	62	63	70	#
1	305162	54	55	53	62	70	#
2	231052	55	54	53	46	70	#
3	173142	62	50	51	43	70	#
4	2777049	62	54	53	63	61	55	52	44	45	37	60	29	30	21	20	38	28	22	51	46	50	59	23	49	58	15	57	36	43	35	12	19	47	34	27	42	13	14	26	6	18	7	41	39	11	71	#
5	3058163	58	59	60	52	51	50	53	42	43	54	61	35	27	20	62	34	67	45	28	26	19	12	5	29	49	18	11	63	10	2	13	37	4	36	25	24	30	57	21	38	22	6	1	32	9	71	#
6	3005325	51	50	59	43	35	27	60	42	36	44	52	53	61	34	19	18	41	54	66	11	26	33	58	28	45	12	13	14	49	6	46	29	5	22	25	15	21	37	20	30	40	23	62	32	17	71	#
7	2976112	61	60	52	51	44	43	59	35	36	45	34	53	26	50	42	27	19	58	28	25	33	24	20	12	11	68	21	32	40	29	18	30	41	17	23	22	38	48	10	9	49	0	8	37	5	71	#
8	2955337	20	29	30	28	23	12	13	19	22	11	21	18	10	14	15	36	5	4	7	27	35	0	2	6	1	38	9	43	42	3	44	37	26	60	25	59	50	52	24	32	51	58	40	49	34	71	#
9	2948954	19	11	26	27	18	20	29	21	12	30	13	61	23	35	43	34	60	37	25	22	17	44	33	32	53	10	52	5	16	2	28	54	9	42	36	51	40	0	59	24	46	14	41	50	6	71	#
10	114753	64	#
11	200554	24	25	16	8	72	#
12	274375	8	0	1	9	72	#
13	215124	24	25	32	26	72	#
14	161260	16	24	25	17	72	#
15	146898	25	33	24	32	72	#
16	362159	35	27	19	68	20	73	#
17	412350	19	20	27	29	21	73	#
18	390449	27	26	35	19	33	73	#
19	324307	35	33	32	34	36	73	#
20	291409	20	29	12	22	19	73	#
21	224798	68	23	22	30	31	73	#
22	952922	39	38	37	46	47	54	31	30	62	29	55	28	59	22	20	74	#
23	1000078	38	37	39	46	54	0	45	9	29	10	62	2	18	17	1	74	#
24	970310	47	39	38	46	5	4	54	12	62	55	31	13	30	23	11	74	#
25	947318	28	9	0	8	1	36	27	35	19	26	12	25	11	29	17	74	#
26	945334	54	46	47	62	55	63	53	61	39	38	60	45	37	29	21	74	#
27	890430	39	58	47	31	30	46	57	59	51	56	50	54	23	53	52	74	#
28	51662	68	#
29	113341	23	22	30	29	75	#
30	150665	29	20	28	27	75	#
31	147401	22	30	31	23	75	#
32	212643	53	54	46	47	76	#
33	190086	47	46	39	34	76	#
34	185081	54	53	45	46	76	#
35	154774	53	54	46	55	76	#
36	351043	61	60	52	53	59	50	51	58	49	77	#
37	512384	58	59	57	49	60	52	51	56	43	77	#
38	506835	50	51	59	49	42	41	34	43	26	77	#
39	412067	61	60	53	45	37	54	59	48	51	77	#
40	353654	51	50	59	43	44	45	58	53	57	77	#
41	275751	60	52	51	44	36	43	35	45	28	77	#
42	2624449	53	61	45	60	37	52	59	29	51	20	28	36	30	43	44	54	55	63	35	62	32	33	58	24	27	26	19	11	16	21	25	46	48	34	38	10	9	8	47	40	1	0	13	22	23	12	78	#
43	2846620	23	15	63	30	55	54	22	14	46	57	62	56	6	7	48	5	4	12	53	61	31	29	38	60	37	13	59	52	51	44	45	43	58	40	20	28	19	21	39	11	42	34	49	35	26	41	78	#
44	2817290	47	22	46	14	54	23	31	55	39	63	62	13	7	6	12	30	5	19	20	28	29	27	15	21	26	4	25	11	53	52	18	61	17	44	45	35	9	36	43	33	37	34	24	66	10	60	78	#
45	2807264	10	18	64	2	19	1	26	12	9	5	0	17	4	11	13	25	14	6	21	7	33	8	34	42	24	16	28	43	27	36	22	23	20	30	44	29	51	56	57	35	48	31	52	32	45	59	78	#
46	2785448	8	0	16	1	17	9	2	10	25	26	33	18	11	24	27	54	19	53	20	52	34	12	61	5	13	28	44	55	4	35	60	42	62	45	51	46	14	21	29	59	37	22	30	32	23	43	78	#
47	2783719	59	58	60	57	52	56	48	51	0	53	61	43	49	8	1	41	50	45	35	42	44	40	54	9	2	6	14	62	37	12	55	13	5	10	7	3	21	17	46	4	22	11	27	34	29	25	78	#
48	424977	26	19	27	18	10	33	28	34	79	#
49	574287	18	10	19	26	33	11	32	24	79	#
50	570550	10	11	12	18	26	20	34	29	79	#
51	551755	19	12	5	11	27	35	26	13	79	#
52	502563	33	34	26	32	35	18	43	27	79	#
53	501878	28	29	20	30	12	31	21	23	79	#
54	810309	43	8	42	0	1	41	49	51	50	9	57	60	58	2	56	16	52	24	80	#
55	953834	1	2	9	10	8	0	17	3	18	11	25	19	16	12	20	21	5	13	80	#
56	939807	24	16	32	25	33	40	26	8	18	17	19	27	41	0	49	57	56	20	80	#
57	930838	56	57	49	37	58	45	41	42	48	38	43	29	20	44	36	52	34	28	80	#
58	922886	2	9	1	17	3	10	18	19	16	11	12	20	8	24	26	21	0	34	80	#
59	878465	52	44	36	45	43	28	29	20	51	53	21	59	61	54	55	60	37	50	80	#
60	123602	34	35	81	#
61	95511	35	36	81	#
62	174167	39	31	#
63	286017	12	19	18	13	5	14	34	82	#
64	348334	12	5	11	4	13	54	6	82	#
65	326606	34	26	33	32	19	18	12	82	#
66	221876	18	26	19	27	28	20	29	82	#
67	1428800	52	60	59	58	53	61	44	43	50	33	57	42	45	8	41	37	36	35	34	32	51	16	26	29	56	40	83	#
68	1715276	58	59	60	50	11	3	2	19	20	26	12	57	42	18	51	1	17	29	37	0	25	43	52	4	21	38	83	#
69	1541664	34	26	21	13	35	36	18	10	19	2	20	12	5	11	4	44	27	17	45	37	6	15	29	52	53	38	83	#
70	1531941	42	34	50	41	33	3	26	11	19	43	44	32	16	51	8	18	59	10	45	17	37	9	24	2	1	0	83	#
71	1514172	52	53	44	51	45	50	59	4	58	12	19	43	20	11	57	18	26	63	34	61	35	22	37	54	14	13	83	#
72	1445984	40	41	48	56	32	42	47	43	51	33	34	57	59	46	39	26	35	60	18	50	25	10	38	31	37	23	83	#
73	73850	69	#
74	71958	31	#
75	76335	32	24	16	17	9	25	33	#
76	99120	64	#
77	101905	55	54	46	84	#
78	136850	55	63	54	84	#
79	37250	54	46	38	84	#
80	45152	44	52	45	23	85	#
81	59130	52	60	53	61	85	#
82	689066	3	11	19	10	18	2	26	20	25	27	17	34	86	#
83	796967	17	25	16	33	26	8	18	24	19	34	11	0	86	#
84	728824	19	26	33	25	34	17	18	32	24	35	10	42	86	#
85	719204	10	18	17	26	16	34	27	28	19	35	36	8	86	#
86	700999	26	52	18	34	10	35	42	60	50	36	11	25	86	#
87	693938	20	38	37	19	11	46	21	12	54	29	28	36	86	#
88	693914	30	22	14	31	23	13	15	12	11	87	#
89	656500	15	23	22	14	7	6	30	31	5	87	#
90	644413	22	30	14	13	12	19	15	38	11	87	#
91	631743	30	23	22	38	14	31	15	37	6	87	#
92	594141	31	23	39	15	30	29	37	47	46	87	#
93	590483	23	31	15	30	14	13	7	29	22	87	#
94	1082060	57	49	50	59	60	42	51	41	40	58	52	43	9	17	35	88	#
95	1125955	41	49	42	50	40	59	51	34	58	33	52	53	64	26	19	88	#
96	1114673	51	50	58	13	49	57	5	12	4	52	59	41	21	44	19	88	#
97	1087909	40	32	33	53	25	52	41	17	51	24	16	59	58	50	49	88	#
98	1055054	49	57	58	59	60	52	51	50	56	41	48	42	34	53	40	88	#
99	1037239	42	43	35	50	36	49	44	27	51	58	57	52	59	60	19	88	#
100	1120329	7	15	60	23	6	30	14	61	43	42	29	5	28	21	36	13	51	31	20	89	#
101	1241167	36	28	29	44	27	52	19	51	43	45	26	30	20	12	53	21	1	34	31	89	#
102	1183088	20	29	12	30	21	19	4	28	37	27	22	35	13	36	26	5	25	14	7	89	#
103	1152240	13	14	15	5	22	7	30	21	12	19	20	29	27	38	18	37	17	23	4	89	#
104	1122782	7	14	6	15	5	4	13	12	21	27	29	20	19	26	34	18	30	22	38	89	#
105	1116209	14	7	22	15	13	21	30	31	29	5	4	61	38	12	20	39	23	60	6	89	#
106	133981	44	52	43	60	90	#
107	166467	43	51	50	44	90	#
108	141871	52	40	60	44	90	#
109	73427	44	52	43	45	90	#
110	342485	43	35	44	42	41	91	#
111	417531	43	51	44	35	42	91	#
112	316024	41	40	49	48	57	91	#
113	305957	44	36	45	60	61	91	#
114	303048	35	27	43	26	42	91	#
115	222217	42	41	34	50	40	91	#
116	199518	0	9	17	92	#
117	246274	9	17	2	92	#
118	142529	0	8	9	92	#
119	566652	42	50	64	34	49	57	58	56	59	93	#
120	667809	59	51	58	50	60	12	5	22	30	93	#
121	626556	56	57	48	58	49	50	20	42	19	93	#
122	624761	50	59	51	58	49	57	56	42	34	93	#
123	593020	57	49	56	50	51	42	48	43	58	93	#
124	584827	49	57	50	59	58	41	56	48	60	93	#
125	538814	8	16	17	24	32	33	25	26	27	35	94	#
126	740130	8	0	1	2	3	41	40	48	32	56	94	#
127	591136	16	8	0	38	17	30	22	31	25	23	94	#
128	572828	32	24	25	33	26	18	40	41	17	27	94	#
129	523720	26	33	34	19	11	18	25	32	27	40	94	#
130	521096	25	26	27	28	33	20	19	17	32	18	94	#
131	1384448	47	46	54	55	38	39	53	63	31	37	45	61	44	29	52	23	21	2	30	15	14	28	36	32	13	20	62	95	#
132	1607612	2	10	18	4	26	19	12	13	11	5	17	20	9	1	3	34	0	31	33	21	65	42	50	59	27	25	58	95	#
133	1603785	28	20	36	44	21	52	35	19	53	51	34	29	42	11	27	60	61	50	41	45	13	54	12	37	55	59	40	95	#
134	1570764	14	7	13	22	23	15	30	29	20	21	12	58	19	5	4	50	27	26	34	11	42	38	31	2	37	25	9	95	#
135	1566025	30	38	29	21	22	37	14	39	13	23	20	7	5	31	4	19	47	12	15	11	46	10	9	18	2	26	34	95	#
136	1549891	62	63	55	54	53	45	61	60	52	44	37	29	51	43	30	21	23	20	59	42	34	15	50	49	38	22	19	95	#
137	1062039	12	11	20	5	13	21	6	29	4	19	10	30	28	27	23	22	35	36	96	#
138	1235936	10	9	2	3	61	11	12	20	13	4	0	14	7	60	52	21	15	65	96	#
139	1191796	5	12	4	13	21	37	38	45	20	30	23	11	39	31	6	47	19	46	96	#
140	1134008	30	38	29	22	23	31	14	6	47	21	34	37	13	7	46	5	15	4	96	#
141	1124273	12	5	13	4	11	21	19	10	14	15	18	20	27	7	6	22	23	2	96	#
142	1089225	4	12	5	13	11	14	20	21	6	22	15	28	10	23	36	30	9	2	96	#
143	1494177	5	6	7	15	13	12	19	14	20	26	18	33	17	34	27	11	29	9	2	23	10	37	30	31	28	21	16	1	25	24	3	42	97	#
144	1755874	12	52	4	53	51	50	5	49	13	21	44	29	61	6	14	28	20	59	41	19	54	62	58	37	27	55	60	7	38	43	57	30	97	#
145	1701365	7	15	14	13	6	5	12	19	18	20	54	46	29	21	30	47	53	28	52	11	3	22	61	60	38	23	31	17	10	25	27	62	97	#
146	1669248	25	24	17	9	32	18	40	8	41	42	16	33	26	0	43	51	52	2	10	60	59	1	50	34	49	58	57	56	19	44	61	48	97	#
147	1616025	9	2	17	3	16	10	11	25	51	24	18	59	32	8	58	50	1	60	52	33	26	40	57	43	19	12	15	42	35	47	0	20	97	#
148	1612289	29	30	23	22	28	15	27	35	37	36	14	38	45	53	43	31	54	52	26	6	18	44	60	51	5	13	61	20	12	25	17	21	97	#
149	63098	2	#
150	78894	56	#
151	917164	57	49	56	50	58	41	42	43	35	51	44	34	36	27	59	52	33	40	19	25	98	#
152	1238026	19	20	27	18	12	4	35	28	36	17	11	26	50	21	5	42	13	9	29	0	98	#
153	1222591	25	24	33	34	16	17	26	19	18	20	12	5	11	32	4	21	29	69	35	36	98	#
154	1158209	35	6	43	42	14	36	51	34	50	28	44	27	48	29	21	20	5	56	4	45	98	#
155	1145117	33	26	34	63	55	62	42	27	41	19	50	32	49	35	24	20	51	65	11	59	98	#
156	1119783	27	19	20	28	36	18	21	23	13	11	5	12	30	17	35	25	4	26	31	22	98	#
157	383900	52	51	53	68	54	59	61	99	#
158	527503	59	50	42	58	49	41	51	99	#
159	475491	52	60	51	50	42	61	34	99	#
160	449447	68	48	7	56	14	57	15	99	#
161	428715	54	62	55	63	53	52	46	99	#
162	397264	51	43	42	35	34	50	26	99	#
163	460913	23	22	31	39	15	42	43	34	30	100	#
164	621886	22	14	15	7	6	23	13	5	21	100	#
165	539213	15	23	30	7	22	14	13	31	6	100	#
166	473580	30	31	23	15	2	22	39	29	38	100	#
167	461451	34	35	43	51	42	26	27	36	28	100	#
168	443563	31	39	23	47	46	30	38	22	29	100	#
169	287969	22	23	31	14	101	#
170	226874	14	13	7	21	101	#
171	199887	31	39	38	23	101	#
172	152631	23	30	4	22	101	#
173	123032	22	30	38	29	101	#
174	1547327	10	9	0	1	2	8	3	18	42	26	17	16	50	11	34	35	13	27	19	25	43	51	49	33	12	41	102	#
175	1784099	12	13	5	14	20	11	21	19	4	3	26	27	25	7	6	17	35	18	28	34	9	2	10	1	29	43	102	#
176	1730621	11	10	12	18	20	21	19	4	5	26	27	28	17	2	9	1	35	43	13	14	34	3	6	25	7	16	102	#
177	1714721	2	9	17	1	3	0	25	10	8	26	19	11	18	34	21	16	29	20	12	42	50	27	35	24	51	41	102	#
178	1691182	18	19	26	27	35	34	11	20	21	12	13	17	60	59	25	43	3	10	2	50	51	9	58	29	8	42	102	#
179	1672071	1	9	10	17	0	25	2	18	8	19	11	12	5	20	28	6	7	13	15	14	16	29	3	26	30	27	102	#
180	710239	8	9	2	0	16	17	18	19	1	10	3	11	25	103	#
181	819028	3	2	1	10	18	0	26	27	35	19	28	8	16	103	#
182	742057	11	19	10	27	12	26	18	2	5	3	35	36	1	103	#
183	700098	16	17	18	8	19	24	9	32	26	2	1	0	25	103	#
184	692774	0	1	9	8	2	17	18	3	10	26	11	16	12	103	#
185	686599	9	1	0	2	8	16	10	11	3	17	32	18	40	103	#
186	251187	0	1	13	12	104	#
187	326047	13	12	21	29	104	#
188	316876	12	5	13	21	104	#
189	305885	1	0	2	8	104	#
190	290976	0	8	16	17	104	#
191	1028847	15	68	14	7	6	5	12	4	13	20	29	37	21	11	22	23	45	105	#
192	1168569	22	14	30	23	6	29	7	5	13	28	12	37	27	35	31	26	11	105	#
193	1087968	68	14	7	6	5	3	2	11	4	19	22	13	1	0	12	9	21	105	#
194	1056329	21	20	13	29	28	5	14	6	27	12	35	37	22	34	4	23	7	105	#
195	1051036	7	15	6	23	14	22	31	10	30	39	13	29	21	49	5	28	57	105	#
196	1049302	29	20	37	21	12	19	4	28	5	27	35	11	3	26	45	6	2	105	#
197	164080	55	63	60	52	59	106	#
198	227934	55	54	63	53	62	106	#
199	225822	59	4	5	50	52	106	#
200	153232	60	59	50	51	43	106	#
201	38750	52	53	54	44	36	106	#
202	72273	64	#
203	362390	38	37	45	29	46	47	107	#
204	489739	47	46	54	62	55	53	107	#
205	398757	46	22	47	38	30	54	107	#
206	339889	38	22	23	30	31	15	107	#
207	211113	37	38	45	46	44	36	107	#
208	173900	45	37	57	58	59	50	107	#
209	356488	54	53	45	61	60	44	108	#
210	497349	45	44	52	21	37	29	108	#
211	371933	54	55	53	52	48	61	108	#
212	356988	53	61	52	44	60	51	108	#
213	316982	60	52	59	61	50	49	108	#
214	291682	61	53	54	55	46	60	108	#
215	796693	17	25	16	24	18	19	27	26	32	35	8	36	28	43	10	29	21	9	109	#
216	1126004	29	21	37	20	38	30	31	13	46	22	23	11	3	2	5	19	10	26	109	#
217	1076398	27	28	26	33	32	29	21	43	5	13	20	35	12	36	11	19	44	37	109	#
218	977235	21	20	29	30	13	28	38	22	23	46	31	37	14	39	36	58	6	47	109	#
219	964391	32	40	33	26	25	24	16	48	17	34	56	57	19	27	8	20	11	35	109	#
220	943709	19	11	20	3	12	13	27	21	5	6	2	28	14	29	10	1	9	15	109	#
221	73188	14	15	110	#
222	31958	14	22	110	#
223	1277390	32	40	33	25	48	9	56	17	24	8	2	0	16	1	10	26	34	35	57	27	18	19	11	41	111	#
224	1295138	56	57	48	49	58	50	41	42	40	43	51	52	34	59	60	35	61	27	53	32	26	19	18	33	111	#
225	1266703	0	8	9	62	11	1	10	16	12	19	2	24	5	20	4	29	18	26	28	54	6	25	27	46	111	#
226	1257657	34	35	27	36	26	44	42	33	41	50	40	52	4	25	19	20	51	55	28	32	48	21	54	5	111	#
227	1217065	10	18	26	34	35	25	33	32	27	17	9	24	43	19	51	40	11	16	44	45	48	52	1	50	111	#
228	1216031	40	48	41	32	42	33	34	25	24	16	26	27	18	19	35	17	28	56	50	11	8	36	10	29	111	#
229	197241	16	8	24	17	25	112	#
230	219411	16	8	24	17	32	112	#
231	213259	17	16	18	25	24	112	#
232	193510	25	33	24	32	34	112	#
233	141435	24	25	32	16	33	112	#
234	122379	42	50	58	113	#
235	156110	42	34	33	113	#
236	15968	9	#
237	500605	15	23	7	31	6	5	30	39	114	#
238	569320	6	5	13	4	14	7	22	30	114	#
239	564264	5	13	21	29	37	38	4	28	114	#
240	539833	23	22	30	29	8	9	28	21	114	#
241	472977	15	14	7	23	22	30	13	6	114	#
242	462945	7	15	23	30	22	38	37	14	114	#
243	731431	49	57	58	41	56	50	51	40	42	59	52	60	115	#
244	782599	56	57	49	58	59	51	4	50	43	12	35	13	115	#
245	722641	57	49	58	41	56	50	42	59	51	52	34	35	115	#
246	719127	49	41	40	48	44	45	43	32	35	51	56	50	115	#
247	681318	41	42	40	32	60	49	59	50	57	43	35	48	115	#
248	662014	60	59	58	57	49	41	56	52	50	53	48	61	115	#
249	299198	18	19	26	25	27	17	12	116	#
250	446094	19	12	13	11	51	20	5	116	#
251	418886	27	28	29	21	20	19	36	116	#
252	341971	26	25	34	33	42	41	35	116	#
253	308830	18	10	2	19	20	28	21	116	#
254	307735	12	19	13	27	35	14	28	116	#
255	220033	21	13	29	117	#
256	266105	13	21	12	117	#
257	228983	29	37	20	117	#
258	185548	21	13	5	117	#
259	236908	43	44	42	36	34	118	#
260	316460	36	44	43	35	51	118	#
261	231086	34	42	41	50	58	118	#
262	213964	44	52	60	61	53	118	#
263	162063	42	43	41	34	26	118	#
264	124350	43	35	34	27	42	118	#
265	891382	30	38	39	22	29	14	23	37	28	13	21	20	31	5	27	61	6	119	#
266	1214177	61	60	59	58	52	51	50	57	49	41	43	40	35	27	56	26	34	119	#
267	1204634	20	19	11	29	27	28	37	21	38	12	5	39	3	6	26	10	7	119	#
268	1183335	5	6	24	12	7	16	25	14	26	17	32	31	23	33	19	22	8	119	#
269	1138056	30	38	46	37	29	20	28	47	21	31	39	12	8	5	6	11	19	119	#
270	1119534	21	20	19	29	5	13	14	15	7	37	45	22	30	6	27	35	26	119	#
271	105871	46	47	38	37	120	#
272	152873	47	39	38	30	120	#
273	147535	37	38	30	22	120	#
274	70832	38	68	39	46	120	#
275	1323515	12	4	5	6	19	14	11	26	20	22	7	13	18	29	27	30	21	3	10	17	37	35	121	#
276	1380819	6	5	12	40	14	4	19	13	18	32	11	7	3	21	67	41	20	15	2	10	49	26	121	#
277	1302426	12	19	11	10	13	5	2	1	9	8	20	4	14	29	26	21	0	15	34	6	25	3	121	#
278	1286245	30	10	22	11	29	14	31	2	19	7	12	4	39	37	45	20	18	38	69	47	1	46	121	#
279	1282861	18	19	26	11	20	12	5	10	27	4	29	13	21	35	34	14	7	42	6	37	30	31	121	#
280	1245676	5	12	6	4	19	27	26	11	20	3	21	34	14	22	2	9	28	30	18	1	0	13	121	#
281	109625	38	46	30	122	#
282	127734	38	46	54	122	#
283	106956	46	38	39	122	#
284	104340	58	50	123	#
285	139498	58	57	123	#
286	68836	50	21	123	#
287	144548	59	51	124	#
288	135654	51	52	124	#
289	548716	32	40	33	34	25	35	48	27	28	20	42	125	#
290	706644	35	27	26	19	33	28	20	12	11	18	5	125	#
291	698597	20	19	18	28	12	35	11	5	27	10	4	125	#
292	659733	28	27	19	11	29	35	30	36	38	37	44	125	#
293	627087	25	17	9	24	33	10	16	32	0	8	11	125	#
294	618947	27	26	28	18	19	34	63	42	10	29	9	125	#
295	28013	52	#
296	330454	1	0	2	9	3	17	10	18	126	#
297	463751	1	2	0	9	3	8	11	17	126	#
298	463441	3	2	18	17	1	19	0	12	126	#
299	434443	0	1	9	17	8	2	16	24	126	#
300	406194	2	10	9	1	3	11	8	0	126	#
301	337862	18	19	20	26	17	33	25	12	126	#
302	75152	44	43	#
303	560012	13	12	4	21	14	5	29	6	7	127	#
304	614463	21	20	29	28	30	19	27	37	35	127	#
305	607472	12	20	28	4	27	5	13	36	21	127	#
306	604401	4	5	6	13	12	21	7	29	37	127	#
307	586636	5	6	4	12	20	7	19	21	13	127	#
308	575389	13	14	6	21	22	15	5	23	31	127	#
309	749661	26	25	24	27	33	34	42	19	18	10	11	3	128	#
310	829512	42	43	51	50	59	41	34	40	48	44	2	33	128	#
311	783398	26	18	33	34	27	35	19	28	56	29	25	12	128	#
312	752350	19	20	18	58	57	50	27	51	42	12	34	59	128	#
313	711246	33	26	34	32	18	10	2	27	19	12	3	35	128	#
314	678453	25	33	24	32	34	16	40	48	17	26	35	27	128	#
315	36380	63	#
316	882651	10	11	18	17	19	12	20	9	2	0	1	8	3	4	26	129	#
317	942860	8	9	10	0	1	2	16	11	19	12	3	20	13	21	29	129	#
318	930040	1	2	9	0	10	11	8	16	3	19	60	20	18	59	12	129	#
319	929771	20	19	12	29	28	18	27	26	21	13	14	6	10	17	4	129	#
320	927623	10	11	19	3	20	2	12	1	13	5	6	9	4	14	21	129	#
321	901484	3	2	1	9	0	28	29	21	8	20	13	12	19	5	37	129	#
322	517332	13	5	6	7	14	22	130	#
323	664414	6	7	5	12	14	22	130	#
324	603441	7	6	14	22	30	29	130	#
325	579359	5	6	14	15	22	7	130	#
326	565534	14	6	7	22	23	5	130	#
327	488628	13	35	12	19	14	6	130	#
328	1255979	30	31	23	15	22	39	29	7	47	14	21	38	46	54	62	36	13	53	52	44	12	45	28	131	#
329	1546990	29	28	20	27	19	12	30	36	23	18	13	5	4	15	10	11	44	35	31	26	21	2	43	131	#
330	1501823	12	20	4	19	13	5	29	14	27	28	15	26	7	21	34	18	25	23	42	50	33	41	10	131	#
331	1422159	44	45	36	52	37	43	35	42	27	41	28	60	51	49	20	59	12	53	34	5	4	19	50	131	#
332	1409707	47	39	31	23	30	22	14	15	7	46	54	55	13	53	29	12	20	19	38	21	11	62	27	131	#
333	1399366	15	14	7	22	6	23	31	13	5	30	12	4	19	21	46	29	37	54	38	20	47	18	11	131	#
334	234258	41	42	43	50	49	132	#
335	336242	42	41	43	49	57	132	#
336	319750	50	49	42	59	41	132	#
337	300113	41	49	42	40	43	132	#
338	109141	43	42	35	27	34	132	#
339	1590942	55	54	53	63	62	5	46	61	6	4	52	45	38	12	51	14	43	60	30	31	44	13	35	36	11	59	37	39	50	47	20	133	#
340	1770866	13	14	15	23	5	12	30	38	29	4	6	31	39	46	20	28	21	47	37	58	19	59	27	35	51	36	57	52	34	49	60	133	#
341	1755366	46	48	47	56	39	38	57	49	41	50	30	51	23	43	40	31	37	52	32	42	59	34	15	58	29	45	44	7	36	21	6	133	#
342	1748481	31	23	30	7	14	15	22	39	47	38	46	29	37	6	28	36	13	44	12	5	45	20	27	35	52	21	11	51	59	43	19	133	#
343	1721826	38	46	30	29	54	55	37	45	44	28	53	36	62	21	20	23	12	13	31	4	14	5	63	27	15	19	26	52	51	35	11	133	#
344	1719020	51	50	49	43	35	34	57	59	36	56	44	60	27	33	32	28	48	58	40	41	19	42	61	29	53	26	25	20	30	31	17	133	#
345	53365	68	#
346	502917	14	7	6	15	5	23	13	21	134	#
347	684960	15	23	30	29	37	21	20	28	134	#
348	571101	14	22	6	5	7	30	23	31	134	#
349	542252	7	15	14	13	47	23	31	6	134	#
350	504709	23	22	30	31	14	13	21	6	134	#
351	496061	6	5	7	13	21	29	14	37	134	#
352	864093	8	9	16	10	1	17	0	25	2	24	32	40	135	#
353	901120	2	10	11	18	19	9	1	0	20	12	24	5	135	#
354	832024	24	32	25	65	17	9	10	18	26	33	19	40	135	#
355	827466	25	24	17	32	18	9	10	0	19	11	1	16	135	#
356	810171	9	17	1	10	11	8	34	35	2	19	33	25	135	#
357	776631	10	2	1	9	11	3	17	8	0	25	24	16	135	#
358	457102	18	9	1	10	26	33	34	2	27	3	136	#
359	680891	3	2	9	1	0	11	17	19	18	12	136	#
360	649843	26	27	28	25	35	20	19	11	33	18	136	#
361	601228	2	10	3	11	19	12	26	25	20	18	136	#
362	592411	27	35	34	26	19	11	33	12	25	43	136	#
363	580004	1	0	2	10	18	26	9	17	25	24	136	#
364	1135153	53	61	45	54	31	55	23	52	22	46	13	14	6	39	12	21	44	51	137	#
365	1309061	23	30	22	31	29	38	39	28	20	37	44	21	19	26	25	33	11	12	137	#
366	1281945	52	51	60	44	14	13	45	53	61	56	22	58	36	21	43	35	48	12	137	#
367	1279869	45	53	54	52	60	44	37	51	43	61	26	29	25	21	20	28	33	19	137	#
368	1099305	53	61	60	52	2	44	51	43	34	10	42	41	45	33	25	26	3	17	137	#
369	1083570	22	14	6	5	4	69	15	23	12	7	31	13	21	19	26	33	39	11	137	#
370	256350	21	29	13	138	#
371	228416	29	37	41	138	#
372	213484	13	21	5	138	#
373	402347	15	14	23	31	30	7	18	139	#
374	468614	15	7	6	14	23	22	31	139	#
375	428066	14	6	15	22	5	23	4	139	#
376	426016	7	15	14	23	6	22	30	139	#
377	423133	23	31	15	30	22	14	7	139	#
378	394805	18	17	26	19	20	12	27	139	#
379	689141	22	14	23	6	31	15	7	30	39	38	13	47	140	#
380	838456	7	15	14	13	6	21	20	19	27	11	5	35	140	#
381	802982	47	39	46	54	53	38	31	30	62	23	29	45	140	#
382	793475	39	31	47	38	46	54	30	53	32	24	62	15	140	#
383	785132	13	21	14	7	29	12	6	30	5	15	31	23	140	#
384	763631	23	15	22	7	30	6	5	38	14	4	31	29	140	#
385	1876556	4	12	60	20	5	21	6	13	28	61	14	29	11	19	18	53	26	45	34	54	27	62	52	25	63	37	55	33	10	46	7	141	#
386	1982532	25	17	26	9	18	19	10	33	20	0	1	28	8	27	21	29	2	12	32	40	24	13	11	48	3	5	35	4	43	51	59	141	#
387	1964235	27	26	2	19	28	34	9	12	33	5	10	35	13	4	18	39	14	36	25	11	17	6	29	20	22	47	44	49	23	0	41	141	#
388	1962724	26	34	18	10	17	2	9	19	27	28	12	33	11	0	35	8	1	20	43	25	24	51	32	50	42	41	58	29	36	40	59	141	#
389	1890321	33	25	17	18	24	32	40	10	48	9	56	41	57	26	42	2	34	35	43	16	44	36	11	19	0	27	28	1	20	12	8	141	#
390	1873597	13	68	14	22	21	15	12	11	19	20	5	28	27	3	36	7	26	35	4	44	2	6	29	9	18	10	25	0	34	17	42	141	#
391	89156	32	24	#
392	255091	62	63	55	54	142	#
393	280546	55	54	46	62	142	#
394	233627	54	55	46	53	142	#
395	490856	62	63	55	54	53	52	60	51	59	143	#
396	499632	52	60	53	54	64	51	61	62	44	143	#
397	458693	60	59	58	61	51	50	52	44	53	143	#
398	440078	63	55	54	53	45	62	52	51	61	143	#
399	423764	59	51	55	43	54	52	58	42	44	143	#
400	388571	54	53	49	50	59	57	60	52	61	143	#
401	52827	23	#
402	2283912	32	24	33	2	34	26	18	25	27	67	17	19	40	12	4	42	50	20	41	16	9	28	29	62	3	49	30	36	1	63	58	22	35	14	23	15	31	144	#
403	2606300	22	14	29	30	28	27	23	51	7	36	15	13	35	31	57	20	5	43	26	34	12	44	56	4	21	39	38	16	19	49	18	6	59	50	37	58	48	144	#
404	2563454	63	62	54	46	38	55	53	52	47	21	37	44	20	28	13	45	29	60	36	12	39	43	5	35	14	68	34	4	30	41	22	59	15	6	31	19	18	144	#
405	2554360	20	12	13	29	30	5	22	28	27	14	21	19	26	23	4	6	11	31	3	15	58	18	59	35	57	60	61	50	43	37	38	34	49	36	53	51	45	144	#
406	2530118	28	29	21	27	20	19	12	11	13	5	37	36	4	44	45	14	53	6	52	54	35	22	61	55	43	26	62	47	46	7	34	30	15	63	23	38	18	144	#
407	2484695	67	19	20	11	27	10	12	18	26	35	13	5	3	56	28	6	34	7	33	43	29	32	55	21	14	22	30	9	44	4	40	36	17	16	1	69	48	144	#
408	91115	27	28	#
409	273787	57	49	56	41	42	50	145	#
410	397524	41	42	34	40	48	35	145	#
411	341876	42	41	40	43	48	49	145	#
412	275636	57	56	48	49	50	4	145	#
413	268101	50	51	52	49	44	53	145	#
414	546836	0	8	16	1	17	18	19	24	26	32	25	146	#
415	629458	0	1	9	10	18	17	19	2	26	11	12	146	#
416	622454	19	18	26	12	25	17	9	4	27	13	0	146	#
417	561135	18	17	10	19	12	2	13	20	25	11	14	146	#
418	536411	32	33	26	18	40	34	10	9	2	19	0	146	#
419	513290	16	8	24	9	0	10	1	17	11	19	18	146	#
420	759330	33	26	27	35	36	34	19	12	20	11	28	10	147	#
421	844012	28	20	36	27	44	19	29	35	45	12	37	21	147	#
422	842103	11	12	10	20	21	9	19	0	13	27	5	26	147	#
423	784193	19	20	11	27	10	12	26	69	29	28	3	4	147	#
424	779457	34	42	50	59	58	41	35	43	60	40	61	0	147	#
425	776985	27	28	35	26	19	12	18	33	20	34	21	29	147	#
426	20741	52	#
427	2386234	38	30	39	37	29	47	31	46	23	28	69	45	20	21	13	22	27	14	7	6	44	5	52	36	43	35	19	51	18	15	12	0	10	11	50	2	17	54	4	42	59	53	148	#
428	2640211	46	47	54	39	62	63	55	38	53	45	52	37	29	21	31	44	40	23	15	7	48	36	14	28	30	61	56	22	20	51	32	60	57	13	49	5	6	41	43	58	50	42	148	#
429	2631161	54	62	55	63	53	43	45	44	61	37	38	51	60	59	39	29	4	47	42	52	5	46	6	41	31	40	32	48	30	34	49	57	7	58	21	50	33	56	25	28	36	13	148	#
430	2601931	45	44	36	35	34	43	53	52	61	51	42	59	41	50	49	28	37	38	54	39	29	40	33	25	31	48	21	46	20	56	57	60	47	62	55	13	30	5	27	32	6	12	148	#
431	2576345	31	39	23	15	47	7	22	14	56	57	13	30	5	48	38	6	49	50	37	58	42	40	41	51	59	29	12	43	45	53	46	44	19	20	60	32	54	55	26	21	61	52	148	#
432	2573990	6	5	7	13	12	19	60	52	21	20	14	28	29	4	53	11	45	30	22	31	59	50	36	39	15	54	18	38	49	46	44	3	61	2	37	58	23	47	62	51	64	10	148	#
433	785868	53	45	37	44	52	60	59	51	43	61	35	50	36	27	19	12	149	#
434	1064282	45	44	52	62	37	3	54	11	29	38	20	21	36	19	51	27	149	#
435	1001362	12	11	3	13	19	14	6	15	20	4	21	18	27	10	26	33	149	#
436	967836	50	51	58	49	59	52	60	61	53	45	37	23	15	29	30	44	149	#
437	929328	19	18	10	9	8	0	26	17	33	27	16	12	28	54	20	11	149	#
438	914800	59	60	52	53	58	45	51	37	50	44	43	61	29	21	49	69	149	#
439	679065	12	11	4	20	19	5	10	26	150	#
440	724366	4	5	12	11	19	27	10	35	150	#
441	683607	20	19	12	28	27	11	10	29	150	#
442	660590	11	19	27	12	20	5	6	14	150	#
443	647108	19	11	10	12	27	24	25	33	150	#
444	596948	12	11	48	4	5	40	19	41	150	#
445	878466	21	20	19	27	11	18	28	35	12	29	25	37	4	34	10	36	17	151	#
446	1091576	27	28	35	29	36	21	37	43	42	44	30	22	50	19	23	52	51	151	#
447	1084539	34	35	43	51	59	26	33	60	18	42	50	27	58	19	12	11	25	151	#
448	1081728	35	43	27	36	42	50	59	41	51	52	60	58	28	44	29	19	18	151	#
449	1050318	36	35	34	27	44	3	43	51	28	19	42	11	2	50	59	60	26	151	#
450	1008516	37	38	48	30	29	46	28	56	22	20	21	27	31	26	18	7	15	151	#
451	291885	63	55	54	46	62	53	152	#
452	311209	63	62	55	54	53	49	152	#
453	293295	55	54	63	62	46	38	152	#
454	945376	20	12	29	19	21	13	5	27	28	26	18	4	36	25	10	24	153	#
455	1024773	4	12	5	11	6	19	13	10	27	21	18	14	35	17	20	7	153	#
456	975728	5	4	6	14	12	13	7	15	23	19	26	22	11	27	33	28	153	#
457	946788	12	5	19	13	4	26	27	20	33	11	35	25	28	17	9	16	153	#
458	916399	13	12	5	4	20	19	18	29	10	28	21	14	15	9	23	22	153	#
459	910356	19	26	27	34	11	18	10	17	20	12	35	16	2	9	25	0	153	#
460	444544	60	52	51	59	53	44	54	6	154	#
461	481973	60	59	51	43	50	35	49	52	154	#
462	425275	52	44	43	60	3	51	42	11	154	#
463	406084	51	43	35	27	50	49	32	44	154	#
464	405143	53	35	27	45	36	54	46	62	154	#
465	369150	59	60	58	25	33	51	26	18	154	#
466	88719	60	#
467	29353	18	#
468	37705	68	#
469	548129	63	55	62	54	53	45	61	60	58	50	52	155	#
470	717638	50	59	42	41	58	60	49	51	43	44	52	155	#
471	676633	60	59	7	43	51	50	14	42	15	58	57	155	#
472	672003	45	53	61	52	51	35	54	44	50	59	27	155	#
473	669687	58	57	50	59	60	42	41	52	44	53	45	155	#
474	637372	61	53	11	2	10	52	3	44	60	51	50	155	#
475	939901	2	3	1	10	9	18	17	0	26	11	27	33	51	156	#
476	894652	9	1	2	17	0	10	18	3	8	19	20	26	11	156	#
477	865811	18	10	17	19	27	11	35	9	26	34	25	43	2	156	#
478	845349	0	9	2	1	8	3	11	10	16	17	19	18	27	156	#
479	836221	11	3	2	9	8	10	1	16	24	25	17	51	0	156	#
480	825293	33	32	25	34	35	42	40	24	27	48	26	43	44	156	#
481	269492	56	57	49	157	#
482	217701	49	50	59	157	#
483	196815	56	57	58	157	#
484	848981	2	9	8	1	3	17	10	25	0	33	34	16	42	26	11	158	#
485	948185	8	9	16	17	1	2	0	10	52	11	19	53	18	60	26	158	#
486	940860	2	9	3	0	11	1	17	10	8	19	18	12	4	26	34	158	#
487	873715	26	19	27	40	33	28	18	10	29	48	9	2	25	11	34	158	#
488	861107	3	11	19	26	25	17	9	10	8	18	2	12	5	46	16	158	#
489	859961	10	9	18	44	11	52	0	17	1	25	43	2	26	45	8	158	#
490	318278	37	8	29	16	19	159	#
491	357804	19	26	27	18	10	159	#
492	266581	29	21	28	27	20	159	#
493	227839	8	16	0	24	17	159	#
494	219056	16	8	24	0	25	159	#
495	1904210	44	52	60	61	43	53	59	51	22	23	14	30	38	39	31	58	45	46	29	54	47	62	7	26	18	15	57	49	50	10	28	160	#
496	2181709	57	56	48	18	17	8	9	49	50	0	42	41	34	58	26	1	59	67	51	27	35	2	43	28	33	20	12	29	13	52	60	160	#
497	2120058	49	50	51	57	52	53	44	60	36	56	58	59	43	41	48	29	21	42	37	61	40	13	12	30	45	20	19	5	32	6	28	160	#
498	2118659	38	39	47	30	23	15	31	46	7	61	60	14	53	54	6	22	13	55	21	52	5	59	51	20	43	58	57	56	29	12	49	160	#
499	2094805	50	49	57	56	42	43	41	40	34	59	48	51	58	27	52	26	25	33	28	24	35	18	32	19	60	53	17	10	44	12	11	160	#
500	2093327	58	57	50	49	42	41	43	56	20	46	51	40	59	48	54	52	60	12	19	53	61	21	32	5	68	45	62	13	34	24	29	160	#
501	385464	9	2	31	1	0	10	11	161	#
502	462712	31	23	15	22	14	30	29	161	#
503	360534	9	2	8	1	0	17	10	161	#
504	343550	0	1	9	8	19	27	18	161	#
505	324559	11	10	3	18	17	19	2	161	#
506	264821	1	9	17	10	25	26	34	161	#
507	1020149	57	49	50	58	41	51	59	43	60	52	44	45	42	53	34	65	37	33	162	#
508	1171982	42	66	41	50	49	57	51	34	59	58	43	35	36	40	33	21	60	61	162	#
509	1140135	44	43	52	60	53	18	10	26	27	51	19	59	34	45	35	11	20	36	162	#
510	1112802	59	51	58	50	60	68	61	53	42	31	49	52	45	23	44	57	22	46	162	#
511	1074241	58	57	59	51	49	41	60	52	44	50	64	43	42	53	34	45	37	35	162	#
512	1060344	52	44	53	43	51	59	60	66	61	36	58	28	35	50	27	26	29	34	162	#
513	146977	4	#
514	103106	8	9	163	#
515	82870	9	17	163	#
516	294562	7	58	59	50	15	14	13	6	164	#
517	409182	13	12	21	28	4	29	37	20	164	#
518	338575	7	6	5	13	14	12	15	19	164	#
519	260270	6	7	14	15	22	30	23	13	164	#
520	3444945	50	42	34	41	59	35	58	49	36	27	26	18	10	9	1	28	51	43	17	2	19	11	40	29	16	3	60	20	25	52	32	24	48	21	33	30	31	12	44	0	13	22	8	57	23	61	53	5	14	4	56	15	39	7	47	45	54	6	46	37	62	55	38	165	#
521	3572307	41	49	50	42	43	14	6	22	13	5	57	23	40	31	7	35	27	32	21	20	34	28	24	12	36	51	56	39	48	26	15	25	33	4	19	29	52	44	18	16	58	59	60	61	11	17	47	8	9	1	0	30	2	66	45	53	10	67	3	46	54	55	63	165	#
522	3553652	10	2	11	9	55	54	1	62	0	63	8	3	17	46	19	18	27	26	47	16	53	12	35	34	5	42	50	58	51	45	52	25	61	4	43	33	60	31	32	20	24	44	36	13	14	21	28	69	49	15	40	59	41	22	6	64	48	39	37	30	7	23	29	165	#
523	3551455	1	2	3	9	0	10	8	17	16	18	25	24	19	26	20	33	27	12	4	5	28	11	13	32	29	21	35	14	7	15	23	36	43	22	40	34	6	42	30	31	39	51	48	41	50	38	67	56	47	49	59	37	52	45	53	58	60	54	46	44	61	62	55	165	#
524	3535752	22	23	30	31	38	15	29	37	7	14	46	45	47	39	6	21	28	20	36	13	63	62	53	44	27	54	5	55	12	35	11	40	43	19	42	34	4	61	32	26	41	33	52	49	3	50	2	56	25	51	18	60	10	59	48	58	9	0	57	1	17	66	8	165	#
525	3525262	19	12	27	11	28	20	29	26	3	2	5	9	6	21	13	18	1	59	8	4	14	17	16	37	25	60	36	0	22	15	61	10	53	44	23	7	45	50	58	51	35	43	33	49	68	31	52	39	32	40	30	42	41	54	55	47	34	38	46	62	63	48	56	165	#
526	1126310	40	48	56	57	32	41	42	66	49	50	5	43	44	58	51	45	35	36	27	6	166	#
527	1259234	48	40	32	56	57	58	24	59	50	33	16	8	9	17	34	25	0	10	49	11	166	#
528	1197326	51	52	60	12	11	19	27	3	24	2	20	10	21	29	4	16	43	35	22	30	166	#
529	1146229	5	6	4	13	14	12	7	15	22	11	30	10	38	19	20	23	29	46	39	3	166	#
530	1134849	49	50	41	40	59	51	42	32	34	33	57	43	56	24	25	7	35	48	26	58	166	#
531	1123719	32	40	48	33	34	26	41	19	25	12	42	58	53	59	43	5	51	50	56	57	166	#
532	1043192	31	23	30	22	38	39	15	46	37	54	7	14	55	29	21	45	62	20	13	63	28	167	#
533	1484947	7	14	49	15	41	57	6	13	5	22	12	50	42	20	19	56	18	4	51	11	30	167	#
534	1369016	29	37	45	28	30	22	20	21	13	14	15	6	5	12	4	44	19	11	36	53	7	167	#
535	1365140	23	22	15	30	14	7	13	21	12	11	10	53	20	45	19	5	54	37	27	29	6	167	#
536	1344811	20	12	5	4	21	19	18	27	11	10	2	29	17	26	1	0	28	68	9	30	13	167	#
537	1340503	13	5	6	4	14	21	7	22	12	11	30	20	39	3	29	19	15	26	28	27	35	167	#
538	278019	16	24	25	32	53	17	168	#
539	407388	17	16	18	26	19	10	168	#
540	395874	25	17	24	16	26	34	168	#
541	344970	24	32	16	8	0	25	168	#
542	337358	32	40	33	41	25	24	168	#
543	124556	53	52	54	46	38	60	168	#
544	51112	53	#
545	32934	68	#
546	423658	18	10	11	40	41	169	#
547	456625	41	49	40	48	32	169	#
548	431877	11	19	26	27	49	169	#
549	428976	40	32	41	48	42	169	#
550	317421	18	26	19	34	12	169	#
551	208083	10	18	2	26	9	169	#
552	124470	45	53	170	#
553	103171	53	54	170	#
554	69738	45	37	170	#
555	196770	62	54	63	171	#
556	136669	62	63	55	171	#
557	63949	21	#
558	385989	12	20	19	29	26	27	172	#
559	467430	20	21	28	12	11	4	172	#
560	376989	19	20	12	21	29	28	172	#
561	298625	29	20	28	21	33	37	172	#
562	298074	27	35	25	28	36	44	172	#
563	282255	12	13	20	5	29	14	172	#
564	14092	44	#
565	837721	42	43	20	19	26	54	21	46	13	12	38	29	33	173	#
566	943798	20	12	28	19	11	5	13	4	10	14	22	21	2	173	#
567	906509	12	19	20	27	29	30	37	13	31	26	22	14	21	173	#
568	877349	21	20	12	13	5	11	19	29	3	27	28	4	18	173	#
569	856189	19	12	13	21	5	11	20	27	26	28	3	29	37	173	#
570	766274	29	28	20	19	26	21	1	37	18	11	34	9	10	173	#
571	65862	42	#
572	266518	7	14	6	15	44	5	174	#
573	395642	7	6	23	68	30	29	174	#
574	383156	14	13	6	7	15	22	174	#
575	212901	44	52	45	53	37	60	174	#
576	106609	66	#
577	77606	62	54	175	#
578	64447	54	53	175	#
579	41330	68	#
580	516094	53	52	54	46	19	11	10	60	176	#
581	649677	19	12	11	10	9	27	35	18	176	#
582	639823	11	12	10	2	9	13	20	19	176	#
583	550559	10	11	3	2	1	9	0	12	176	#
584	463856	60	59	58	50	4	49	41	5	176	#
585	337476	54	46	47	39	55	63	62	38	176	#
586	65104	14	22	23	#
587	645293	1	9	0	10	8	17	2	3	11	18	177	#
588	612972	0	8	1	9	2	10	16	18	17	26	177	#
589	598720	3	2	1	10	35	11	36	44	49	0	177	#
590	584670	18	17	16	8	9	19	26	0	10	12	177	#
591	581594	9	10	0	2	17	1	11	12	18	3	177	#
592	577803	8	9	0	1	10	18	17	2	25	24	177	#
593	202953	66	67	178	#
594	198082	66	12	178	#
595	99042	67	9	178	#
596	56814	53	#
597	560627	26	27	25	24	28	32	33	19	18	10	17	179	#
598	787787	27	19	58	26	20	31	12	28	18	59	60	179	#
599	650114	33	26	27	34	59	50	51	18	49	43	42	179	#
600	615527	24	32	40	48	41	33	42	25	43	44	26	179	#
601	601869	18	10	2	9	11	19	1	12	27	20	26	179	#
602	589205	19	26	11	27	3	25	24	18	10	33	32	179	#
603	96622	42	#
604	571749	52	51	53	43	59	61	35	34	60	44	42	68	180	#
605	799291	59	7	6	50	49	58	14	57	13	42	21	41	180	#
606	755546	42	50	51	41	31	40	48	52	58	59	60	57	180	#
607	722647	43	44	42	41	45	51	49	57	52	59	60	61	180	#
608	634748	35	34	36	27	43	42	33	25	51	17	44	41	180	#
609	564816	34	42	39	38	35	37	36	30	46	41	45	23	180	#
610	449407	24	32	25	17	18	33	9	34	42	26	19	40	181	#
611	631472	19	12	26	20	18	11	3	27	35	25	29	21	181	#
612	624848	17	9	1	18	2	10	26	0	19	11	33	3	181	#
613	623240	42	17	16	9	18	2	41	34	49	26	19	35	181	#
614	612983	26	33	18	25	19	20	21	28	27	10	67	36	181	#
615	608775	9	1	0	10	11	2	3	17	43	16	18	42	181	#
616	1021887	19	12	20	11	28	13	27	36	44	18	5	52	35	60	10	21	51	59	50	43	53	182	#
617	1372081	50	42	51	59	58	52	57	41	34	28	49	27	20	33	21	19	18	35	26	29	13	182	#
618	1352768	20	21	29	30	31	28	13	14	22	23	36	42	39	34	26	15	7	37	33	25	38	182	#
619	1318805	13	5	14	21	22	23	20	6	29	30	15	28	7	36	12	11	41	31	40	4	19	182	#
620	1278450	21	13	14	12	19	22	5	26	7	6	23	10	33	25	18	34	17	9	11	32	40	182	#
621	1267077	12	5	13	4	20	14	11	29	47	21	19	3	6	18	2	28	26	7	15	22	17	182	#
622	344467	45	44	43	12	36	13	20	37	183	#
623	484813	37	38	30	39	31	22	14	23	183	#
624	375873	45	37	53	29	20	28	21	36	183	#
625	374038	20	28	21	29	36	44	52	45	183	#
626	360639	44	45	43	42	34	36	35	28	183	#
627	349165	36	28	35	44	27	34	43	52	183	#
628	929824	42	50	58	43	57	56	51	59	49	34	44	48	36	184	#
629	860111	57	58	50	49	56	42	34	33	59	35	25	51	36	184	#
630	849864	56	48	57	58	49	50	40	51	41	59	42	32	34	184	#
631	816285	49	41	40	48	42	50	56	32	34	35	17	57	16	184	#
632	807151	51	43	44	52	60	35	59	50	42	34	33	36	49	184	#
633	805976	59	60	58	51	52	61	50	69	44	43	57	36	42	184	#
634	164142	13	21	#
635	48924	24	32	185	#
636	72424	24	25	185	#
637	61575	32	40	185	#
638	84721	47	#
639	60295	65	#
640	1090615	64	41	49	57	42	34	35	33	68	27	43	58	51	36	2	9	26	52	8	32	59	186	#
641	1258221	34	35	43	27	19	42	18	26	51	59	25	60	11	12	4	50	33	41	49	58	28	186	#
642	1253554	58	59	50	49	42	34	41	33	43	51	60	35	26	19	52	11	40	12	27	4	3	186	#
643	1236303	32	24	40	41	49	48	16	8	0	50	59	57	51	1	58	33	42	60	9	2	56	186	#
644	1194001	2	3	1	9	11	12	10	18	19	20	27	17	0	21	26	29	8	4	28	30	16	186	#
645	1178512	52	51	60	50	42	56	48	58	53	49	41	45	29	44	43	37	61	38	57	59	5	186	#
646	350016	56	48	57	58	50	59	187	#
647	427537	58	59	50	51	60	42	187	#
648	315899	48	40	32	33	41	56	187	#
649	278663	50	59	58	60	61	53	187	#
650	253395	57	49	50	56	59	58	187	#
651	805424	59	60	58	51	57	56	50	43	42	52	49	35	44	45	53	41	34	36	188	#
652	1176015	53	54	55	61	62	52	11	12	63	20	19	51	26	29	34	27	28	46	188	#
653	1085060	36	35	27	26	25	17	28	9	34	18	19	2	33	8	12	1	5	20	188	#
654	1006787	60	61	52	53	54	59	58	55	63	46	57	62	56	45	44	36	47	48	188	#
655	994611	34	35	27	33	26	36	28	25	20	42	17	16	29	24	9	12	2	19	188	#
656	969630	43	44	35	36	27	52	28	51	45	59	34	20	21	42	53	19	29	41	188	#
657	427831	56	48	40	57	66	58	32	189	#
658	474477	66	2	3	11	10	1	0	189	#
659	411694	48	40	41	56	49	42	50	189	#
660	404094	40	41	49	48	50	59	56	189	#
661	395148	32	40	33	41	26	34	48	189	#
662	381948	58	50	59	51	42	34	26	189	#
663	210551	20	12	190	#
664	150487	20	19	190	#
665	1247686	17	25	9	33	10	11	0	34	26	1	19	27	28	29	36	3	42	50	58	20	191	#
666	1373103	11	10	3	2	9	1	0	19	8	12	13	17	20	26	28	29	21	36	5	37	191	#
667	1308204	9	10	46	2	17	1	18	19	11	26	12	20	3	16	23	47	30	5	34	13	191	#
668	1295844	20	29	21	13	12	5	28	27	26	19	11	4	6	7	25	34	3	30	38	14	191	#
669	1295250	28	27	35	26	19	29	20	21	36	11	18	10	34	42	43	25	44	45	53	24	191	#
670	1292122	17	16	25	8	9	24	0	2	10	1	33	18	32	26	19	11	34	40	27	48	191	#
671	173093	0	1	9	192	#
672	107005	1	9	8	192	#
673	30530	9	10	8	192	#
674	367399	57	56	49	50	59	193	#
675	350864	49	50	59	60	41	193	#
676	307425	56	57	48	58	59	193	#
677	284086	59	60	61	51	52	193	#
678	168798	50	51	43	52	44	193	#
679	65116	54	#
680	1009723	59	58	50	57	49	51	41	52	44	42	43	45	60	35	61	194	#
681	1241766	49	57	50	56	51	58	43	59	41	60	29	21	28	35	20	194	#
682	1148037	51	59	50	2	42	58	34	41	35	49	9	10	8	1	43	194	#
683	1069422	60	61	53	54	46	59	47	38	65	37	51	55	58	29	21	194	#
684	1059663	58	50	42	49	51	59	41	60	43	35	27	61	53	26	45	194	#
685	1053926	43	51	52	50	53	59	58	44	35	57	2	49	61	1	60	194	#
686	112071	55	54	53	195	#
687	123564	54	53	62	195	#
688	106570	55	63	54	195	#
689	39735	53	45	37	195	#
690	276141	54	53	52	55	60	63	51	196	#
691	396899	51	43	59	35	50	42	58	196	#
692	338244	52	60	51	44	61	45	59	196	#
693	283385	55	63	54	62	47	39	46	196	#
694	278135	63	55	62	54	46	38	37	196	#
695	268085	53	52	61	54	60	46	62	196	#
696	125370	67	#
697	1199815	17	9	18	1	26	33	0	10	11	2	27	34	3	35	19	36	16	24	8	32	25	12	13	28	5	4	42	41	50	197	#
698	1484372	25	13	33	12	21	20	30	11	10	66	5	14	31	39	7	24	6	18	29	19	15	23	34	22	17	28	38	47	36	197	#
699	1477310	35	36	28	20	12	27	29	13	21	37	44	54	45	34	55	42	63	30	19	43	31	39	62	11	51	26	50	53	59	197	#
700	1436853	50	59	51	58	49	57	52	56	69	60	41	53	43	54	44	42	36	40	28	62	7	45	61	6	20	34	35	26	27	197	#
701	1424830	28	36	49	27	35	20	43	44	45	50	15	29	57	21	52	23	51	30	58	26	19	13	31	56	37	7	14	12	41	197	#
702	1386183	3	34	11	40	12	35	10	25	2	9	64	19	20	33	42	41	48	4	27	50	1	29	59	56	26	51	24	18	28	197	#
703	776088	0	9	17	8	16	25	18	26	24	19	33	34	12	32	11	198	#
704	949601	33	32	40	48	26	41	56	25	34	42	43	18	19	44	35	198	#
705	923421	17	9	8	18	26	10	27	11	25	34	35	42	41	36	49	198	#
706	865044	26	25	33	24	34	32	16	35	40	48	8	36	41	9	17	198	#
707	830277	32	40	24	41	49	57	16	56	8	25	33	42	34	17	50	198	#
708	808959	18	26	19	33	25	34	27	35	24	17	23	22	30	11	31	198	#
709	578908	3	2	11	1	10	19	0	26	199	#
710	590094	1	9	0	8	10	2	15	11	199	#
711	523234	0	1	9	10	2	8	18	11	199	#
712	505378	26	33	32	25	27	24	19	16	199	#
713	503430	19	20	29	28	27	12	21	26	199	#
714	464461	10	18	9	1	8	16	0	2	199	#
715	253195	62	54	55	63	46	47	200	#
716	368715	62	54	63	55	46	29	200	#
717	270310	46	38	37	39	30	29	200	#
718	246457	63	55	54	62	53	52	200	#
719	239382	55	63	62	54	46	53	200	#
720	223144	54	55	63	53	52	45	200	#
721	215642	27	19	28	26	35	201	#
722	314133	28	61	20	60	29	201	#
723	226259	19	18	26	27	17	201	#
724	197316	26	27	35	28	34	201	#
725	157744	35	43	33	51	34	201	#
726	587519	40	30	31	29	39	37	32	20	38	14	202	#
727	770042	38	46	37	29	20	30	23	22	21	31	202	#
728	734895	31	30	51	22	23	15	14	43	50	49	202	#
729	721229	14	33	22	32	6	5	23	24	40	51	202	#
730	713249	20	21	29	28	30	31	22	23	15	38	202	#
731	675488	37	38	46	29	30	47	31	22	20	12	202	#
732	143842	67	#
733	722927	0	1	2	9	8	16	10	11	19	17	12	203	#
734	711423	10	11	18	17	9	2	26	8	1	34	0	203	#
735	707902	11	19	3	10	20	29	12	2	28	44	21	203	#
736	684822	12	4	20	25	26	17	9	11	18	13	29	203	#
737	663835	19	20	29	37	38	12	28	30	36	27	21	203	#
738	650338	16	8	0	17	24	1	9	32	10	29	2	203	#
739	318002	2	1	28	19	3	204	#
740	382771	19	12	13	20	5	204	#
741	334628	28	20	19	11	18	204	#
742	207830	2	3	9	8	1	204	#
743	184797	3	2	10	1	9	204	#
744	181316	1	9	2	10	8	204	#
745	643074	6	14	7	5	13	4	22	21	12	11	23	20	205	#
746	788535	7	14	6	5	23	15	12	11	10	3	19	31	205	#
747	767699	20	29	53	12	19	28	27	11	18	4	16	21	205	#
748	751289	21	17	29	28	37	45	53	27	54	36	52	9	205	#
749	721424	11	3	12	4	19	5	13	10	20	9	29	17	205	#
750	713558	22	14	7	15	13	23	30	12	4	5	29	31	205	#
751	1868366	49	47	39	31	50	59	42	57	51	41	58	34	56	40	43	48	33	23	35	44	45	32	36	38	26	20	27	19	60	206	#
752	1952775	26	33	27	19	11	34	35	42	20	12	13	25	43	18	58	14	21	10	5	36	28	29	59	7	24	22	8	32	6	206	#
753	1847408	49	50	58	59	41	57	42	55	34	35	63	20	27	51	43	28	26	36	25	19	62	29	22	54	18	23	33	24	12	206	#
754	1841357	40	32	24	41	25	42	43	33	49	35	34	50	57	27	26	48	58	19	17	51	56	59	44	12	36	16	18	8	10	206	#
755	1815762	39	40	38	46	47	54	41	48	56	62	53	30	55	31	52	23	63	61	22	49	42	51	32	50	43	45	14	57	59	206	#
756	1781395	20	28	21	29	48	12	56	40	19	5	13	27	11	41	4	32	49	26	18	25	10	17	50	2	42	35	34	14	22	206	#
757	319528	9	0	8	1	17	207	#
758	242802	0	8	9	16	1	207	#
759	238625	17	9	1	0	36	207	#
760	234980	8	16	17	24	9	207	#
761	229249	1	9	2	10	25	207	#
762	199864	9	10	11	3	12	207	#
763	160628	61	60	52	208	#
764	194044	52	51	53	208	#
765	147709	61	53	52	208	#
766	79280	60	59	50	208	#
767	114137	7	#
768	145160	52	60	53	46	209	#
769	190138	52	60	59	44	209	#
770	184638	46	54	62	38	209	#
771	564166	54	55	62	53	63	45	61	52	60	210	#
772	692673	60	52	44	61	45	59	51	50	43	210	#
773	645336	52	44	51	59	43	42	58	57	34	210	#
774	611543	55	54	62	63	46	47	39	2	31	210	#
775	605055	62	55	54	53	63	52	57	51	44	210	#
776	581380	45	53	54	61	62	52	51	43	44	210	#
777	543072	61	60	54	46	38	52	62	51	43	211	#
778	603414	46	54	12	5	53	6	45	13	19	211	#
779	523195	51	43	50	49	41	42	35	59	63	211	#
780	473943	62	63	54	46	4	5	12	55	53	211	#
781	472516	61	60	52	51	63	53	50	59	45	211	#
782	460395	60	61	20	53	52	12	45	44	59	211	#
783	240076	62	54	53	63	52	212	#
784	343439	52	44	60	59	51	212	#
785	246166	62	63	55	54	46	212	#
786	241858	54	46	28	62	63	212	#
787	229555	53	52	42	54	62	212	#
788	666526	15	7	14	22	30	23	31	29	13	39	213	#
789	757631	7	6	14	15	13	5	12	11	10	2	213	#
790	736327	22	14	13	23	12	31	19	15	7	6	213	#
791	688006	29	28	30	31	21	22	20	36	19	26	213	#
792	659006	23	31	39	30	15	7	47	22	6	38	213	#
793	648028	15	14	13	7	6	5	22	60	12	59	213	#
794	820544	20	28	29	12	5	27	21	19	13	11	10	214	#
795	799552	28	20	19	29	12	13	27	4	11	26	33	214	#
796	779492	12	5	4	20	28	11	19	6	18	27	7	214	#
797	771259	19	26	20	18	11	12	27	33	28	34	3	214	#
798	768008	5	12	13	21	20	11	29	30	27	28	35	214	#
799	702120	11	19	12	20	18	28	5	10	13	29	6	214	#
800	1338866	6	5	7	15	23	31	13	4	14	30	22	21	39	38	46	20	47	12	54	37	28	27	45	53	52	19	44	215	#
801	1654505	52	44	36	51	60	59	43	45	50	35	28	29	49	58	53	57	30	34	27	26	20	42	37	33	25	21	19	215	#
802	1646799	22	23	31	30	15	7	6	29	14	37	38	39	66	28	36	27	44	13	45	19	47	5	26	21	34	42	53	215	#
803	1637123	27	19	26	28	34	36	33	20	18	25	10	35	2	11	15	32	40	17	7	4	12	23	41	5	42	30	6	215	#
804	1617682	19	26	34	18	17	25	9	42	27	35	2	43	3	11	44	20	52	53	54	50	0	49	1	51	59	8	41	215	#
805	1613361	6	7	15	14	13	21	64	29	23	31	22	30	28	27	35	43	51	19	37	20	36	44	42	26	34	50	38	215	#
806	293827	39	31	38	46	54	62	63	216	#
807	340604	62	63	54	55	46	47	38	216	#
808	320373	39	31	47	48	46	15	56	216	#
809	291205	31	39	47	12	30	14	7	216	#
810	289922	46	54	47	62	39	38	31	216	#
811	272034	38	30	29	65	37	22	39	216	#
812	765414	7	14	13	15	12	11	23	31	19	3	4	26	217	#
813	1015621	3	11	10	12	9	20	1	56	0	2	59	21	217	#
814	885309	13	21	14	22	5	15	4	12	23	7	29	11	217	#
815	879438	11	10	9	0	66	3	1	8	12	19	16	24	217	#
816	839175	14	22	21	13	12	6	15	23	19	7	5	30	217	#
817	808122	12	13	21	5	6	19	11	14	30	22	38	7	217	#
818	437357	49	57	56	50	42	51	43	218	#
819	442942	49	50	51	43	58	44	59	218	#
820	438192	51	59	43	35	50	27	26	218	#
821	428402	43	42	51	35	52	27	41	218	#
822	394388	56	48	26	18	25	27	34	218	#
823	352460	57	49	50	59	41	60	42	218	#
824	449973	67	51	52	43	59	53	42	219	#
825	518826	51	59	50	42	41	49	60	219	#
826	439742	67	2	3	9	10	1	0	219	#
827	348259	43	42	50	41	34	35	27	219	#
828	339670	42	43	50	51	59	52	53	219	#
829	320431	53	52	61	51	44	32	60	219	#
830	1677977	7	6	14	13	12	22	11	19	20	27	5	30	15	10	38	29	26	56	57	4	21	46	58	49	59	18	35	220	#
831	1823568	5	12	6	4	11	14	22	10	47	15	23	30	3	43	29	38	20	21	31	18	35	19	7	60	62	13	2	220	#
832	1789095	13	14	5	12	15	4	6	11	23	57	10	49	31	22	58	9	20	41	50	21	42	59	66	0	30	29	51	220	#
833	1753147	21	20	12	29	5	19	6	11	4	26	13	25	30	38	34	39	47	14	35	46	42	24	22	10	33	3	7	220	#
834	1724401	58	50	42	57	49	43	59	4	41	12	20	51	29	21	13	28	40	27	48	26	33	5	19	25	34	6	56	220	#
835	1701559	26	33	32	25	19	27	23	20	21	28	15	14	11	54	9	46	29	53	0	10	38	1	62	55	40	31	22	220	#
836	47013	65	#
837	647618	17	25	16	24	18	19	32	26	11	20	221	#
838	796824	11	19	20	29	10	30	12	13	54	31	221	#
839	735168	17	18	16	10	19	11	8	9	12	2	221	#
840	714162	26	14	19	20	27	12	11	7	3	13	221	#
841	674619	20	29	21	19	30	31	28	12	5	4	221	#
842	663335	32	33	40	26	27	18	17	24	19	20	221	#
843	1018215	44	43	52	51	35	63	36	60	53	34	55	59	45	27	19	61	42	11	222	#
844	1089345	45	37	53	38	46	52	54	61	39	30	60	29	22	47	44	51	59	43	222	#
845	1086593	55	63	54	62	53	46	38	19	20	30	18	37	45	44	52	29	51	61	222	#
846	1073460	11	10	3	12	18	4	20	13	2	29	19	21	27	17	14	25	5	7	222	#
847	1031506	60	52	61	53	54	44	55	46	43	38	45	37	35	51	27	19	47	34	222	#
848	1024521	43	35	27	44	51	45	42	19	41	36	20	52	21	26	29	40	30	60	222	#
849	905701	60	9	61	59	50	17	58	2	25	16	52	0	26	19	8	51	223	#
850	1208252	50	42	51	49	41	40	48	34	57	59	58	56	26	25	64	35	223	#
851	1174419	58	57	49	50	42	56	41	34	40	26	59	33	25	17	32	51	223	#
852	1054281	26	33	19	25	27	17	34	9	20	24	0	32	8	40	21	16	223	#
853	1029670	19	58	27	26	11	12	34	28	35	6	25	30	7	20	57	31	223	#
854	1008842	51	50	42	43	41	35	59	58	34	60	49	52	40	26	25	17	223	#
855	426645	33	34	25	24	42	41	224	#
856	444935	41	49	57	42	50	51	224	#
857	384821	42	41	50	58	51	43	224	#
858	374075	33	26	34	42	27	41	224	#
859	344303	25	43	17	33	51	50	224	#
860	340094	24	16	17	9	10	2	224	#
861	902949	10	11	2	9	3	0	17	18	20	8	16	26	33	19	225	#
862	858883	33	25	26	24	66	32	17	16	8	40	18	0	9	41	225	#
863	857042	2	3	9	1	11	8	10	19	0	17	18	20	21	28	225	#
864	854254	10	9	17	11	16	2	1	19	41	42	0	49	8	40	225	#
865	821353	16	8	17	9	25	65	48	33	0	18	2	1	10	56	225	#
866	762001	9	2	10	18	11	19	20	21	3	26	12	34	1	33	225	#
867	702184	67	45	37	29	30	53	38	20	22	23	28	31	39	226	#
868	860136	22	14	6	30	31	7	5	12	11	4	8	3	15	226	#
869	770504	23	30	31	38	37	45	39	47	22	14	7	6	13	226	#
870	759843	20	19	11	12	21	28	13	18	27	39	5	10	17	226	#
871	695023	31	23	15	30	29	21	37	45	22	14	39	53	6	226	#
872	683483	45	53	54	61	37	62	29	46	25	38	60	30	52	226	#
873	547036	57	58	50	59	42	43	51	60	35	227	#
874	576360	42	43	51	34	35	41	27	33	40	227	#
875	571211	50	58	57	59	42	56	34	51	33	227	#
876	555840	59	60	58	50	51	42	52	61	34	227	#
877	551484	60	59	58	42	34	26	35	61	43	227	#
878	541591	58	50	59	51	42	60	52	34	43	227	#
879	2317287	5	13	12	11	4	3	19	2	6	27	14	28	1	29	7	10	0	9	20	15	23	22	8	21	18	16	35	36	17	31	39	26	55	30	43	228	#
880	2515748	11	3	2	12	1	4	5	9	10	8	16	6	0	14	20	28	13	29	19	18	17	37	21	15	23	45	24	36	7	35	27	43	42	31	34	228	#
881	2437116	19	11	12	10	5	4	64	32	24	20	16	21	29	18	27	37	13	3	26	33	8	28	0	14	1	34	2	42	36	62	9	15	6	7	35	228	#
882	2434326	7	6	14	15	22	5	4	23	12	11	3	2	13	19	21	10	31	27	20	9	1	35	26	0	17	29	43	25	39	47	8	30	36	28	34	228	#
883	2434180	20	29	21	28	12	4	13	5	6	14	19	27	11	58	7	15	47	35	59	50	43	36	51	34	42	60	57	26	39	46	3	41	33	61	38	228	#
884	2410875	4	12	5	13	19	11	20	10	29	37	45	2	21	27	28	18	1	35	43	6	9	7	51	26	34	33	14	8	53	3	0	15	36	23	50	228	#
885	53192	32	#
886	951845	49	57	41	40	58	42	34	33	59	50	48	26	32	35	51	43	229	#
887	1022213	59	51	43	52	35	42	44	36	28	29	27	19	12	58	21	13	229	#
888	1011959	34	33	25	24	16	32	35	26	27	19	40	12	4	5	28	13	229	#
889	1003027	42	64	50	59	58	51	41	52	57	34	60	43	26	40	48	49	229	#
890	977729	32	24	40	25	33	41	16	17	26	27	18	42	2	49	57	10	229	#
891	960924	49	41	40	42	48	34	33	56	57	35	32	26	25	27	43	58	229	#
892	355899	55	63	54	62	53	57	45	44	230	#
893	513731	44	52	43	42	36	41	60	49	230	#
894	490852	57	58	59	50	49	41	40	42	230	#
895	471031	53	54	45	61	62	55	44	36	230	#
896	372123	45	37	53	52	38	54	51	60	230	#
897	264788	55	54	63	62	46	53	47	61	230	#
898	92648	44	45	231	#
899	28373	44	36	231	#
900	970871	49	57	56	41	2	3	48	50	40	42	58	32	24	34	59	10	16	232	#
901	1108127	49	41	42	34	57	35	27	26	25	50	24	59	19	60	36	40	17	232	#
902	1105248	40	41	32	49	24	48	33	57	25	26	19	20	58	56	50	59	42	232	#
903	1087484	58	50	59	57	56	51	60	48	13	42	34	14	21	20	35	26	33	232	#
904	1003308	56	48	57	58	49	25	24	33	50	59	32	26	34	16	19	18	11	232	#
905	1001638	57	56	48	55	58	54	41	50	59	51	49	43	42	62	35	27	60	232	#
906	102983	58	#
907	100922	10	9	1	233	#
908	128282	1	35	34	233	#
909	106089	10	11	3	233	#
910	92861	9	10	2	233	#
911	176623	62	63	234	#
912	196443	62	54	234	#
913	451033	61	53	45	37	60	44	235	#
914	517955	45	53	61	44	54	60	235	#
915	448229	53	61	60	54	45	52	235	#
916	425109	37	29	28	36	45	20	235	#
917	421503	61	60	52	44	53	51	235	#
918	412957	60	59	58	52	44	50	235	#
919	134452	15	23	236	#
920	39613	15	14	236	#
921	81605	66	#
922	100846	61	9	237	#
923	119366	61	60	237	#
924	85292	9	10	237	#
925	267683	59	60	61	58	238	#
926	282731	59	60	58	51	238	#
927	272230	61	60	53	59	238	#
928	182574	60	52	53	51	238	#
929	181220	58	59	50	57	238	#
930	1397626	33	32	34	12	42	19	41	26	4	67	35	20	5	11	6	27	43	50	7	10	13	239	#
931	1601209	13	47	46	14	12	19	7	6	11	5	22	54	10	30	9	27	26	2	31	1	0	239	#
932	1483630	32	40	60	9	59	48	17	22	8	50	51	61	0	16	49	10	41	1	42	2	19	239	#
933	1470832	7	6	14	5	4	12	15	22	13	23	19	20	11	10	31	21	30	26	29	51	39	239	#
934	1444139	19	11	20	27	3	12	35	43	34	42	28	33	26	47	4	2	10	25	51	5	6	239	#
935	1398162	20	19	12	26	34	27	33	11	32	21	13	10	3	4	24	17	5	56	48	28	6	239	#
936	367448	57	56	58	59	240	#
937	331223	59	58	57	49	240	#
938	303469	56	57	49	41	240	#
939	295822	32	40	24	48	56	241	#
940	301292	48	40	56	41	49	241	#
941	288254	32	24	40	41	25	241	#
942	282174	40	32	24	25	33	241	#
943	273457	56	57	58	49	41	241	#
944	262046	24	16	12	11	13	241	#
945	112236	64	#
946	215504	10	2	9	1	242	#
947	253562	10	9	18	17	242	#
948	226460	9	17	16	8	242	#
949	222871	2	9	15	1	242	#
950	200962	1	2	9	17	242	#
951	366242	38	39	47	31	37	46	243	#
952	470353	37	45	29	11	44	19	243	#
953	431978	39	19	27	12	26	11	243	#
954	329777	31	23	22	30	39	29	243	#
955	312233	47	39	46	54	38	53	243	#
956	209660	38	37	30	46	23	45	243	#
957	541716	3	11	10	2	12	19	4	26	9	20	0	244	#
958	606065	0	1	9	2	3	10	11	8	19	17	16	244	#
959	571216	9	0	17	8	25	2	16	1	26	24	10	244	#
960	570996	4	12	5	19	6	13	26	34	7	15	11	244	#
961	566776	3	11	10	2	12	9	1	19	0	20	28	244	#
962	552126	2	1	9	8	0	17	3	16	18	24	25	244	#
963	1073670	62	63	54	55	53	46	61	38	52	30	29	60	59	23	39	44	45	37	21	47	31	43	20	245	#
964	1414202	39	31	47	30	38	22	23	14	37	7	6	13	5	46	29	45	12	4	15	21	19	11	54	245	#
965	1376473	29	28	37	20	36	45	27	21	13	30	5	44	43	12	19	6	14	7	35	52	60	53	26	245	#
966	1364789	47	39	46	38	37	29	30	28	23	45	20	21	19	11	27	54	35	12	26	5	31	4	55	245	#
967	1354950	23	27	15	31	26	14	35	34	19	20	43	28	6	5	30	36	51	33	42	13	11	10	8	245	#
968	1347788	20	19	26	12	21	27	11	3	29	13	28	10	9	35	14	2	18	37	6	7	1	34	22	245	#
969	197176	29	20	37	246	#
970	257733	20	21	29	246	#
971	196264	29	30	37	246	#
972	361603	61	60	52	51	59	53	247	#
973	394214	52	51	60	59	58	43	247	#
974	356864	59	58	51	50	42	43	247	#
975	346520	51	52	43	44	68	60	247	#
976	342492	61	60	53	59	45	47	247	#
977	307871	60	52	61	51	53	45	247	#
978	87885	0	#
979	2169170	54	53	45	37	44	36	28	35	34	38	29	7	61	57	6	21	67	14	49	46	60	13	30	41	5	4	40	26	25	15	12	33	47	27	32	52	24	19	16	18	58	248	#
980	2434873	38	42	30	29	28	50	59	46	37	58	41	36	39	49	60	20	21	47	22	54	13	31	9	61	8	52	34	51	5	12	23	53	0	1	44	40	19	48	62	56	45	248	#
981	2397535	45	44	53	37	54	46	61	62	60	52	36	29	47	51	35	50	43	63	55	28	20	27	49	38	21	59	26	12	30	34	19	58	13	11	31	5	14	22	66	41	57	248	#
982	2312332	44	45	43	52	42	37	29	41	20	12	53	49	50	4	34	24	8	51	28	21	59	16	19	61	57	36	60	40	26	27	32	25	35	48	5	30	18	10	11	31	58	248	#
983	2285198	34	33	26	25	42	27	19	35	36	55	41	50	51	54	58	24	59	49	18	40	48	43	52	57	62	28	44	45	11	29	12	3	63	60	5	53	16	4	61	2	37	248	#
984	2261102	54	62	46	63	47	39	31	30	53	55	29	38	37	23	22	28	20	45	44	36	21	12	14	15	13	7	61	6	35	67	19	60	43	27	5	26	11	34	51	50	59	248	#
985	138097	4	5	249	#
986	136184	5	6	249	#
987	43293	4	12	249	#
988	1190819	59	50	58	42	49	60	57	43	41	61	51	44	34	35	36	27	56	26	48	28	33	25	32	250	#
989	1512767	61	53	54	52	62	60	45	46	59	51	44	43	47	35	55	38	36	37	34	28	6	29	5	250	#
990	1282294	36	44	35	43	52	28	53	34	60	27	54	62	29	51	42	59	46	61	45	47	26	25	50	250	#
991	1276097	28	36	27	19	12	29	21	20	11	13	30	18	26	37	31	4	10	38	45	22	9	23	5	250	#
992	1275076	56	57	58	48	40	41	49	32	42	37	45	44	50	34	43	35	53	54	55	62	29	63	38	250	#
993	1245749	57	49	58	59	50	51	52	53	45	54	61	46	60	47	44	37	55	38	62	56	43	42	30	250	#
994	441888	13	14	7	15	69	30	21	251	#
995	560373	7	15	14	6	22	5	12	251	#
996	556132	15	14	6	22	23	7	5	251	#
997	492670	13	21	12	20	11	14	10	251	#
998	490891	14	64	6	5	22	30	4	251	#
999	445781	69	15	14	23	13	1	21	251	#
1000	312342	34	33	35	42	50	26	252	#
1001	355062	42	43	50	51	41	52	252	#
1002	309984	34	33	35	42	27	26	252	#
1003	258551	26	34	35	21	27	38	252	#
1004	254445	35	27	43	34	33	26	252	#
1005	199454	33	34	32	24	26	18	252	#
1006	58107	55	63	253	#
1007	63892	55	54	253	#
1008	121377	10	2	254	#
1009	138629	2	9	254	#
1010	98876	67	#
1011	753763	5	12	4	19	18	13	10	26	14	27	21	7	255	#
1012	795761	5	13	12	6	14	4	7	15	55	23	31	11	255	#
1013	782631	10	16	18	11	3	9	12	2	8	24	1	32	255	#
1014	722390	12	5	13	4	11	10	19	14	15	18	26	6	255	#
1015	722351	19	18	27	10	12	26	20	11	13	25	2	4	255	#
1016	721223	14	13	5	12	20	15	19	7	21	27	4	6	255	#
1017	1333665	25	20	12	29	19	30	26	13	27	11	38	37	21	17	5	16	4	6	7	58	39	23	28	14	22	0	35	24	256	#
1018	1738739	58	57	50	59	35	27	19	51	11	60	26	61	56	12	10	43	2	68	18	4	25	20	17	53	1	49	5	34	256	#
1019	1732452	22	30	23	31	15	39	47	54	55	53	14	46	62	29	6	63	20	61	21	19	12	5	13	7	38	27	35	52	256	#
1020	1725036	7	15	14	48	40	22	13	32	12	5	23	19	31	41	56	27	49	57	26	52	20	21	33	50	51	42	53	30	256	#
1021	1553821	24	25	33	32	17	26	16	9	19	18	10	1	40	11	0	48	20	12	8	4	27	56	5	29	21	37	45	55	256	#
1022	1541131	37	29	20	19	45	12	21	18	27	64	30	35	31	22	26	33	11	53	58	34	4	25	13	42	32	14	39	17	256	#
1023	1122486	36	44	43	35	64	34	42	52	28	26	27	1	19	41	29	51	2	257	#
1024	1153747	27	25	17	9	19	18	16	36	44	24	28	29	8	1	2	35	52	257	#
1025	1149123	64	43	35	36	34	26	28	19	27	44	12	20	4	5	11	51	29	257	#
1026	1057395	2	10	1	3	0	11	19	18	9	8	20	29	12	4	17	27	16	257	#
1027	1003447	36	28	35	34	44	27	19	43	51	26	20	45	12	4	11	37	0	257	#
1028	966617	26	34	35	33	19	12	27	20	29	21	43	18	44	28	36	51	37	257	#
1029	397878	42	41	40	43	32	24	258	#
1030	509156	32	40	33	24	41	42	258	#
1031	420695	41	40	32	24	49	48	258	#
1032	385352	42	55	50	41	59	49	258	#
1033	346373	40	41	32	42	43	34	258	#
1034	273791	24	16	25	26	18	33	258	#
1035	179701	57	49	50	259	#
1036	207905	57	49	41	259	#
1037	203014	50	49	59	259	#
1038	63531	42	50	260	#
1039	83359	50	59	260	#
1040	716333	15	14	18	6	7	5	4	12	20	22	21	10	261	#
1041	856041	21	20	63	12	4	29	28	19	37	27	30	18	261	#
1042	838358	4	5	12	19	11	26	27	33	35	43	36	20	261	#
1043	828493	5	4	12	20	13	52	28	21	29	19	18	53	261	#
1044	816931	14	13	21	12	5	20	28	7	29	4	19	6	261	#
1045	805599	6	5	4	12	13	11	14	20	7	21	15	19	261	#
1046	453845	2	3	9	0	1	10	18	19	262	#
1047	523177	10	11	2	3	19	12	18	26	262	#
1048	514091	19	18	10	11	26	20	21	13	262	#
1049	511422	0	1	8	16	24	32	40	25	262	#
1050	509841	18	26	33	17	19	10	20	29	262	#
1051	444125	9	10	0	18	17	2	1	11	262	#
1052	379623	59	60	52	58	57	51	263	#
1053	513109	57	49	50	66	41	56	263	#
1054	494829	58	57	49	41	59	60	263	#
1055	351538	60	59	52	50	51	58	263	#
1056	331376	51	52	50	53	49	59	263	#
1057	276143	52	51	53	44	45	59	263	#
1058	59896	50	13	12	#
1059	111376	36	35	43	44	52	264	#
1060	104351	44	45	41	43	36	264	#
1061	620570	0	9	2	1	17	3	18	8	19	26	10	11	265	#
1062	819116	2	10	1	11	19	26	20	21	25	33	9	27	265	#
1063	813869	11	19	10	26	27	12	34	13	25	20	42	21	265	#
1064	747128	18	26	34	19	20	10	11	27	42	43	28	21	265	#
1065	656807	19	11	20	12	21	4	26	13	33	36	34	14	265	#
1066	655162	8	9	17	0	25	1	26	19	16	18	24	10	265	#
1067	176590	67	46	266	#
1068	182347	67	56	266	#
1069	132562	46	47	266	#
1070	312706	35	21	29	37	20	13	43	267	#
1071	455726	20	21	12	29	13	10	2	267	#
1072	452026	13	5	14	7	6	22	4	267	#
1073	398834	43	35	27	51	34	59	19	267	#
1074	387703	21	29	28	37	62	63	45	267	#
1075	383226	37	29	28	21	20	30	36	267	#
1076	842171	30	23	22	31	38	15	14	6	46	43	51	54	44	7	52	268	#
1077	1040590	7	6	14	15	22	13	23	30	12	31	29	19	20	27	5	268	#
1078	1024995	30	29	31	22	23	37	39	45	43	35	20	21	47	19	38	268	#
1079	1019038	31	30	29	38	46	39	21	37	23	47	20	19	26	12	18	268	#
1080	933395	46	38	54	30	62	63	31	22	53	48	23	15	45	55	47	268	#
1081	929594	54	46	38	47	39	37	31	30	45	28	23	62	29	15	22	268	#
1082	540684	42	41	43	51	50	58	52	44	59	53	49	61	269	#
1083	781028	58	57	56	59	50	49	30	23	42	51	34	22	269	#
1084	746741	52	51	50	49	58	26	43	42	41	44	40	34	269	#
1085	704307	42	41	34	40	35	32	27	26	50	33	28	19	269	#
1086	661355	51	50	49	58	57	59	41	42	34	43	26	35	269	#
1087	640903	43	44	42	41	36	23	30	34	45	52	24	28	269	#
1088	970464	47	46	38	37	29	30	28	27	19	20	35	43	21	34	270	#
1089	969363	28	20	27	29	36	21	19	11	12	13	44	37	14	5	270	#
1090	950456	21	20	28	27	35	34	29	12	37	19	38	39	11	26	270	#
1091	919373	47	37	46	4	38	54	29	21	20	13	28	39	5	36	270	#
1092	885175	19	27	35	11	3	28	29	21	20	13	18	14	30	38	270	#
1093	882505	38	37	46	47	39	54	53	55	63	29	61	60	28	62	270	#
1094	367503	45	53	37	38	29	44	61	30	22	271	#
1095	532999	38	30	39	37	31	29	21	47	13	271	#
1096	510081	44	52	60	36	51	35	43	34	42	271	#
1097	484778	29	21	13	28	20	14	30	31	38	271	#
1098	429876	22	54	14	7	30	38	15	37	31	271	#
1099	418180	45	53	61	54	11	52	44	12	37	271	#
1100	420358	51	52	59	44	60	43	50	272	#
1101	481865	59	60	58	50	42	52	61	272	#
1102	440705	52	53	54	60	59	44	51	272	#
1103	416119	50	46	42	54	47	53	49	272	#
1104	404338	51	59	50	49	57	58	56	272	#
1105	403010	44	52	53	51	43	42	59	272	#
1106	201804	11	10	18	12	273	#
1107	187601	11	50	51	10	273	#
1108	182974	10	2	9	17	273	#
1109	159388	12	5	20	13	273	#
1110	156299	18	10	19	9	273	#
1111	361106	11	3	2	19	1	274	#
1112	383528	19	12	13	5	4	274	#
1113	361984	1	0	9	17	8	274	#
1114	329039	11	19	3	2	50	274	#
1115	179344	3	2	35	43	10	274	#
1116	56598	2	24	25	9	1	274	#
1117	1167764	47	46	69	38	39	31	54	23	62	37	22	30	15	14	53	29	21	20	28	13	275	#
1118	1512511	31	30	22	23	14	13	29	20	21	15	19	39	11	47	7	38	26	28	5	27	275	#
1119	1490038	53	45	61	37	52	44	60	43	29	35	21	20	51	54	46	13	38	27	19	5	275	#
1120	1421362	54	46	47	38	53	52	45	39	31	8	0	55	61	60	37	30	51	43	44	19	275	#
1121	1412531	14	13	15	7	21	29	5	20	23	4	19	26	25	11	28	18	27	34	22	6	275	#
1122	1404346	29	21	20	30	38	31	39	37	19	18	46	3	23	11	45	47	54	27	44	15	275	#
1123	922535	56	57	27	49	48	41	40	26	25	18	17	24	42	34	32	16	276	#
1124	1150558	40	41	42	49	50	58	59	32	51	24	60	52	43	25	17	2	276	#
1125	1045259	41	49	50	59	51	43	42	57	58	34	60	52	44	45	37	29	276	#
1126	1005416	56	57	49	41	42	43	50	35	58	51	59	44	45	52	37	60	276	#
1127	938473	57	58	49	50	41	42	43	56	59	44	51	60	34	52	33	35	276	#
1128	928862	16	24	8	0	17	1	25	18	2	9	10	32	26	33	34	11	276	#
1129	459252	7	14	15	6	23	13	22	5	30	277	#
1130	586546	13	5	4	21	14	6	22	12	23	277	#
1131	578392	30	22	29	23	37	31	38	46	47	277	#
1132	549512	15	7	23	31	30	6	5	14	12	277	#
1133	541558	6	7	14	22	23	30	13	5	31	277	#
1134	539993	5	13	12	4	20	21	14	19	15	277	#
1135	85490	63	62	278	#
1136	103803	63	55	278	#
1137	642564	14	22	15	23	35	30	34	31	279	#
1138	587042	15	14	6	5	7	22	23	31	279	#
1139	537813	31	23	39	30	22	15	14	29	279	#
1140	505058	34	35	42	36	28	41	27	43	279	#
1141	492062	35	36	27	44	19	52	53	28	279	#
1142	462545	30	31	38	37	39	23	22	14	279	#
1143	247184	27	28	19	49	20	280	#
1144	333719	19	18	27	20	29	280	#
1145	333422	27	19	26	20	12	280	#
1146	263136	20	28	29	36	21	280	#
1147	165718	28	20	36	12	13	280	#
1148	727547	36	35	43	42	27	19	41	50	12	4	58	49	26	281	#
1149	971399	4	12	5	20	6	13	21	14	15	19	7	29	30	281	#
1150	824621	50	49	42	11	3	19	12	4	5	41	51	27	58	281	#
1151	815179	12	11	4	32	19	13	40	5	48	10	6	24	26	281	#
1152	756388	27	28	29	37	20	19	11	58	50	18	3	26	12	281	#
1153	746026	19	11	3	12	10	18	17	16	26	2	20	24	1	281	#
1154	1055145	28	48	27	29	56	19	30	11	36	23	18	40	20	37	12	45	57	282	#
1155	1214571	18	10	30	29	17	2	9	58	53	8	1	11	61	26	19	20	16	282	#
1156	1189342	48	56	40	41	49	50	42	43	51	34	35	27	57	33	26	19	18	282	#
1157	1166579	27	28	9	2	8	10	0	1	25	16	26	35	36	34	29	19	24	282	#
1158	1144359	12	20	5	29	11	6	30	28	7	19	15	27	36	23	26	33	13	282	#
1159	1120819	29	20	12	28	37	19	11	3	26	18	25	27	5	34	13	2	33	282	#
1160	435445	39	31	38	23	15	47	37	46	34	35	14	283	#
1161	649747	39	38	37	47	31	29	30	46	28	20	21	283	#
1162	578874	37	45	38	53	44	29	36	28	35	21	20	283	#
1163	530695	15	23	22	31	39	30	14	38	6	7	5	283	#
1164	482092	47	46	54	38	37	30	23	45	31	53	22	283	#
1165	434976	38	46	54	37	45	29	28	47	53	52	44	283	#
1166	469395	55	54	46	47	53	63	38	39	45	52	60	284	#
1167	672624	39	47	31	46	23	30	38	15	54	55	7	284	#
1168	604638	63	62	55	54	46	47	60	52	51	21	13	284	#
1169	593856	47	46	39	31	38	30	23	22	37	15	45	284	#
1170	586464	38	37	45	42	34	44	16	23	30	29	20	284	#
1171	571342	54	53	62	61	4	55	45	63	5	6	14	284	#
1172	877650	33	25	26	34	18	17	32	16	27	35	8	43	51	52	44	24	10	19	45	53	285	#
1173	1182350	19	18	17	16	26	5	69	13	27	25	14	4	34	35	10	33	8	7	36	15	285	#
1174	1091081	10	2	18	9	26	34	35	3	11	36	19	27	25	12	28	4	20	5	51	21	285	#
1175	1022921	8	9	1	10	2	17	0	16	25	11	18	26	3	12	19	34	33	27	4	5	285	#
1176	977868	27	28	20	26	11	19	3	18	12	35	23	29	30	5	13	21	2	38	31	39	285	#
1177	971800	33	34	35	32	26	27	18	28	17	2	29	36	10	43	59	20	1	51	44	12	285	#
1178	405771	30	23	69	31	15	286	#
1179	412981	30	23	7	15	31	286	#
1180	350529	15	23	31	30	39	286	#
1181	323734	23	30	14	31	6	286	#
1182	320661	31	23	15	30	38	286	#
1183	316701	69	20	21	12	13	286	#
1184	900077	31	23	30	29	22	24	32	14	33	40	15	25	51	52	53	60	287	#
1185	1015212	31	23	15	9	10	0	11	7	8	30	2	22	1	18	6	34	287	#
1186	912280	14	22	30	6	7	31	5	38	46	13	23	15	39	4	29	37	287	#
1187	912027	15	14	23	31	7	22	6	30	39	55	54	63	38	29	20	28	287	#
1188	906388	29	30	33	26	22	34	23	32	19	12	15	40	31	11	13	27	287	#
1189	874079	40	48	41	42	32	50	59	51	24	58	60	52	33	43	49	56	287	#
1190	230377	41	42	34	43	288	#
1191	248890	42	50	41	58	288	#
1192	248423	43	51	35	52	288	#
1193	163390	34	33	35	43	288	#
1194	300022	13	14	22	5	289	#
1195	344940	14	7	6	22	289	#
1196	329191	5	12	13	21	289	#
1197	244833	13	14	15	5	289	#
1198	192080	22	30	14	13	289	#
1199	1308603	59	50	58	42	49	41	60	57	43	40	51	34	52	35	36	61	48	44	45	27	56	53	54	37	46	290	#
1200	1493601	51	50	43	58	59	49	44	57	60	52	56	19	45	42	41	48	61	20	27	35	6	36	7	40	15	290	#
1201	1438402	36	35	44	27	28	34	52	26	19	29	43	42	33	41	45	30	25	21	37	20	23	13	5	51	15	290	#
1202	1389430	40	17	25	9	16	26	34	19	11	41	24	12	8	27	59	10	18	42	0	33	32	35	50	20	58	290	#
1203	1387152	43	42	35	50	27	19	51	2	11	58	26	49	25	10	1	3	41	57	44	37	12	4	33	36	45	290	#
1204	1357211	58	57	56	50	49	51	48	59	43	42	60	41	35	52	27	34	33	25	17	28	36	16	4	5	29	290	#
1205	872839	7	6	14	15	23	22	30	5	4	38	13	12	37	39	29	46	54	291	#
1206	1197309	13	12	5	4	19	14	15	7	21	11	10	2	23	6	20	30	27	291	#
1207	1166553	4	5	13	12	19	11	20	27	10	3	6	14	21	28	25	2	24	291	#
1208	1097519	7	6	14	15	13	5	12	4	11	19	21	27	22	34	35	30	18	291	#
1209	1054218	29	21	30	13	28	38	37	20	36	27	5	6	31	59	22	45	19	291	#
1210	1028665	5	12	11	15	23	30	13	55	38	3	6	2	14	41	46	42	31	291	#
1211	459478	7	6	15	23	55	14	22	5	13	292	#
1212	525894	13	5	12	32	33	11	6	7	24	292	#
1213	524340	23	22	14	6	15	7	5	4	12	292	#
1214	465776	22	14	30	15	6	13	23	5	7	292	#
1215	460729	6	5	4	12	11	3	19	18	2	292	#
1216	451970	7	6	5	14	12	15	4	20	22	292	#
1217	539649	31	23	39	38	15	37	30	45	46	29	53	293	#
1218	750321	15	23	31	7	22	30	14	6	39	5	13	293	#
1219	719496	23	30	31	39	47	38	29	22	54	37	15	293	#
1220	713038	30	49	22	28	36	38	39	23	47	31	50	293	#
1221	588778	37	29	45	28	36	27	44	20	19	12	53	293	#
1222	533659	53	18	10	11	19	61	60	3	52	54	17	293	#
1223	1373180	32	24	33	34	42	25	26	16	17	27	18	19	43	11	20	8	40	41	49	10	2	57	64	50	58	294	#
1224	1544197	11	10	12	3	2	4	9	20	17	19	61	18	5	6	0	29	13	21	1	26	28	27	7	60	37	294	#
1225	1533511	26	19	20	61	27	28	12	5	18	36	13	17	21	10	34	4	60	52	9	14	2	8	7	29	53	294	#
1226	1532690	10	9	11	17	16	2	12	13	5	19	18	8	3	4	14	0	1	22	27	15	33	34	23	26	30	294	#
1227	1508462	16	17	25	26	9	8	24	19	18	34	33	32	27	47	11	42	12	0	54	40	39	62	50	49	46	294	#
1228	1493959	18	10	9	8	11	26	0	2	3	25	1	16	19	17	34	24	12	20	5	13	33	21	32	29	37	294	#
1229	244670	0	9	1	2	295	#
1230	356890	0	9	8	2	295	#
1231	310405	9	8	16	0	295	#
1232	186685	2	10	11	3	295	#
1233	816752	43	51	44	35	23	59	20	58	30	31	52	19	45	296	#
1234	919314	51	43	44	52	59	50	53	60	42	10	41	31	2	296	#
1235	841739	59	50	58	57	42	34	26	41	60	35	65	43	36	296	#
1236	827937	44	45	36	43	53	42	41	35	54	61	34	62	55	296	#
1237	823323	52	51	59	53	54	50	61	58	55	57	56	34	42	296	#
1238	785631	58	57	50	59	42	56	34	26	49	43	48	33	41	296	#
1239	5808	52	#
1240	65217	35	#
1241	305326	14	22	7	6	297	#
1242	290424	7	6	5	14	297	#
1243	248284	6	5	14	12	297	#
1244	995069	24	25	32	33	26	16	34	18	42	40	41	35	17	49	9	50	48	298	#
1245	1281085	26	33	19	11	25	12	5	32	4	20	24	40	27	34	41	42	18	298	#
1246	1188446	24	4	32	25	0	33	40	41	16	48	1	9	5	49	17	12	11	298	#
1247	1129485	40	62	54	32	14	48	33	24	7	56	25	57	17	46	26	41	15	298	#
1248	1125987	42	41	43	49	34	40	48	35	33	25	26	19	27	24	28	32	36	298	#
1249	1107785	34	42	35	43	26	27	25	19	12	41	49	33	20	50	17	40	59	298	#
1250	70743	39	38	30	#
1251	320282	69	39	38	46	30	37	54	45	31	47	299	#
1252	473678	30	29	23	15	14	13	7	21	5	28	299	#
1253	393036	37	45	44	43	42	36	34	29	50	33	299	#
1254	322976	45	44	37	36	52	60	43	35	38	27	299	#
1255	307941	47	46	38	39	30	54	29	28	27	22	299	#
1256	306222	39	47	38	30	22	23	46	54	37	62	299	#
1257	149664	51	50	300	#
1258	164642	51	43	300	#
1259	918717	49	57	58	50	41	59	51	56	40	52	60	48	42	301	#
1260	887193	58	59	50	51	49	57	41	52	60	53	40	32	48	301	#
1261	851926	48	56	40	57	58	50	41	49	51	32	33	52	45	301	#
1262	849599	57	56	49	41	48	40	42	50	59	51	34	32	58	301	#
1263	848772	49	41	57	50	42	58	34	59	51	52	43	60	11	301	#
1264	846244	50	49	57	51	41	59	60	52	44	58	61	40	48	301	#
1265	857245	21	13	29	14	20	7	28	12	15	11	37	10	27	2	18	6	302	#
1266	930935	15	14	7	23	6	13	22	31	30	12	5	19	29	4	18	10	302	#
1267	894438	14	7	15	13	6	5	22	23	21	31	29	20	12	19	30	4	302	#
1268	867953	11	10	9	2	17	8	16	25	24	26	0	18	3	1	33	32	302	#
1269	864863	12	19	5	4	11	26	10	33	34	27	25	20	6	24	18	7	302	#
1270	859954	2	3	10	9	17	0	1	8	18	26	19	16	27	20	25	24	302	#
1271	9818	16	#
1272	926469	63	55	62	54	46	47	53	52	45	60	39	61	51	38	37	30	44	31	29	21	59	43	303	#
1273	1342083	31	23	30	39	29	20	15	12	13	7	19	28	38	14	47	6	22	11	46	54	3	21	303	#
1274	1271844	29	20	19	57	56	28	12	21	30	13	49	5	58	18	11	31	59	50	6	27	14	10	303	#
1275	1252440	38	30	39	29	47	20	28	12	11	36	44	43	31	3	35	10	9	13	23	19	21	2	303	#
1276	1197990	37	38	30	41	40	39	23	29	31	48	15	32	47	33	45	21	14	13	7	46	34	12	303	#
1277	1196878	39	38	41	30	40	31	37	32	48	42	47	45	46	24	16	29	56	8	0	25	20	7	303	#
1278	85355	11	#
1279	792394	33	34	35	42	41	43	40	47	26	49	32	46	54	304	#
1280	940927	43	44	51	45	36	28	35	59	60	37	27	29	21	304	#
1281	932022	49	41	50	51	57	43	42	56	58	35	34	59	40	304	#
1282	904104	42	41	43	50	44	35	49	51	27	45	28	29	20	304	#
1283	851900	34	42	43	41	44	50	49	33	59	32	35	26	27	304	#
1284	810247	40	48	56	32	57	24	41	33	49	26	58	25	17	304	#
1285	1121211	0	9	10	2	18	1	8	42	34	27	33	25	17	43	3	32	35	44	40	11	7	36	305	#
1286	1443047	10	18	11	12	19	9	17	5	13	45	6	14	7	1	0	8	37	4	20	29	28	3	305	#
1287	1415052	2	9	10	11	17	12	1	5	19	8	3	20	13	0	18	16	6	14	7	29	4	15	305	#
1288	1395740	1	2	9	8	0	17	10	11	48	19	56	18	26	12	34	33	25	32	16	40	24	20	305	#
1289	1334790	17	16	8	9	0	10	1	18	2	3	11	19	26	33	32	24	7	25	34	6	15	40	305	#
1290	1320480	3	11	19	27	56	57	12	49	50	18	51	13	59	52	20	29	21	60	30	10	2	38	305	#
1291	1291475	25	24	33	26	32	34	16	42	17	40	9	50	51	48	59	43	35	27	10	39	18	2	56	11	19	306	#
1292	1643838	48	40	41	56	49	32	57	31	58	42	59	50	34	45	39	51	53	13	44	52	54	33	35	36	62	306	#
1293	1581288	59	51	50	52	42	60	41	44	9	61	17	63	49	57	25	33	58	8	0	26	34	16	40	45	32	306	#
1294	1574802	32	33	34	26	40	25	17	41	42	50	49	35	48	59	56	16	58	43	51	19	18	57	8	27	60	306	#
1295	1453874	50	51	58	52	59	60	57	43	44	42	53	45	61	54	62	56	48	63	49	41	55	37	34	40	1	306	#
1296	1448867	43	44	42	51	52	59	36	28	50	20	58	60	34	29	61	45	26	49	35	41	27	57	21	13	19	306	#
1297	267515	31	23	15	307	#
1298	266846	15	7	6	307	#
1299	232101	31	17	23	307	#
1300	184232	23	31	30	307	#
1301	874339	58	50	42	34	49	57	41	22	43	51	40	33	59	56	32	52	308	#
1302	1065185	32	33	24	34	26	19	27	11	18	40	20	12	21	35	29	25	308	#
1303	1053576	50	42	41	49	34	26	33	43	51	59	57	56	60	27	35	19	308	#
1304	1043507	41	40	48	42	34	49	54	50	59	26	60	58	51	35	27	25	308	#
1305	1024646	59	51	50	43	42	58	34	33	35	36	41	7	6	5	12	26	308	#
1306	1024464	51	59	43	60	58	50	49	57	42	34	41	56	69	52	35	26	308	#
1307	35172	14	#
1308	266826	8	16	0	309	#
1309	276207	0	1	2	309	#
1310	201357	8	0	9	309	#
1311	195399	16	24	8	309	#
1312	290668	3	2	1	11	310	#
1313	299367	2	3	11	19	310	#
1314	248107	3	11	12	2	310	#
1315	224663	11	3	12	10	310	#
1316	109855	1	9	2	10	310	#
1317	682352	28	27	36	35	20	29	30	19	34	311	#
1318	707068	27	19	26	12	28	34	29	35	36	311	#
1319	695396	20	19	11	12	27	35	28	22	23	311	#
1320	687656	34	26	27	35	33	19	36	20	18	311	#
1321	627028	28	20	27	29	30	22	14	15	7	311	#
1322	586986	19	11	26	18	25	24	16	33	17	311	#
1323	318612	34	42	35	33	36	3	312	#
1324	393381	36	28	27	29	20	19	312	#
1325	376084	34	35	36	44	52	42	312	#
1326	367518	35	36	43	34	42	33	312	#
1327	330709	3	11	12	5	31	6	312	#
1328	313944	42	50	58	41	43	34	312	#
1329	786658	49	50	57	59	58	51	56	60	42	52	34	313	#
1330	775227	58	50	49	41	65	57	42	51	59	56	48	313	#
1331	737121	59	58	57	50	51	56	49	12	4	43	48	313	#
1332	725259	57	49	56	48	50	58	41	42	59	34	26	313	#
1333	714673	49	57	41	58	42	50	59	56	40	60	51	313	#
1334	667003	56	48	50	51	59	58	52	44	43	36	57	313	#
1335	245695	20	12	21	5	314	#
1336	297321	5	6	4	55	314	#
1337	248896	20	29	21	28	314	#
1338	220350	12	11	4	20	314	#
1339	475645	3	2	9	1	0	8	315	#
1340	527158	8	0	9	10	1	2	315	#
1341	526144	9	1	0	8	16	2	315	#
1342	433543	3	2	9	8	10	0	315	#
1343	433229	1	2	9	10	8	16	315	#
1344	427534	0	8	9	17	45	16	315	#
1345	973896	29	30	20	19	38	28	12	13	11	18	21	9	2	1	316	#
1346	1065222	12	13	4	5	6	14	7	11	19	20	10	29	26	21	316	#
1347	971101	1	9	0	2	8	17	10	18	26	11	12	4	25	33	316	#
1348	945848	29	37	21	38	69	46	13	20	39	12	5	11	31	54	316	#
1349	899816	20	12	13	5	29	19	21	26	33	27	28	11	6	4	316	#
1350	897083	13	5	12	4	21	20	11	19	26	18	3	29	28	36	316	#
1351	1415913	54	55	46	62	63	38	53	47	61	60	52	39	30	51	37	59	58	44	23	45	31	50	36	35	57	43	317	#
1352	1872198	58	59	57	60	49	50	42	52	51	34	53	56	27	61	35	26	41	33	40	19	0	45	18	8	10	12	317	#
1353	1717485	51	59	50	49	58	42	57	60	41	40	56	61	52	53	48	34	44	43	45	35	54	27	19	55	26	20	317	#
1354	1705632	52	60	53	44	61	45	59	58	36	57	28	20	49	21	50	41	19	13	11	29	27	18	37	35	51	10	317	#
1355	1659897	43	42	44	52	35	53	61	51	50	45	58	59	60	34	27	26	28	54	19	29	46	33	20	62	49	12	317	#
1356	1655503	62	54	55	63	46	53	19	47	38	26	30	34	12	4	52	33	44	18	27	60	40	45	23	61	35	32	317	#
1357	197243	25	17	16	9	1	318	#
1358	278469	9	0	17	18	55	318	#
1359	262161	1	0	9	8	16	318	#
1360	257494	25	17	16	8	9	318	#
1361	193630	16	17	25	9	18	318	#
1362	677350	12	19	18	11	10	26	48	27	13	34	20	21	33	29	42	319	#
1363	861862	12	11	19	10	27	26	5	6	18	20	17	4	39	31	3	319	#
1364	797456	29	28	20	36	30	22	19	23	37	2	31	35	12	21	18	319	#
1365	795549	10	2	18	3	19	1	20	9	12	17	0	13	29	27	5	319	#
1366	789704	21	13	32	29	20	33	19	26	28	36	12	44	5	4	27	319	#
1367	789577	13	12	14	11	19	5	10	4	6	2	20	28	15	21	3	319	#
1368	606326	50	27	35	51	34	26	19	18	20	10	33	320	#
1369	768064	20	19	12	18	10	28	27	29	4	37	21	320	#
1370	672148	27	28	20	19	29	30	37	35	21	38	31	320	#
1371	618018	50	51	52	58	59	57	43	56	44	48	35	320	#
1372	615349	19	27	20	7	6	18	17	28	12	36	21	320	#
1373	603418	10	9	18	26	34	2	0	19	33	64	8	320	#
1374	16422	65	#
1375	498535	2	1	0	9	3	11	12	4	8	321	#
1376	637918	4	5	12	20	11	19	21	10	29	321	#
1377	589961	2	9	10	1	0	8	17	11	25	321	#
1378	589552	11	12	10	5	9	8	17	0	19	321	#
1379	570085	12	19	11	13	14	46	7	15	47	321	#
1380	566695	1	59	51	50	49	31	42	23	15	321	#
1381	156433	35	58	57	322	#
1382	152735	35	27	43	322	#
1383	296401	41	42	34	33	6	26	323	#
1384	377672	41	49	42	57	34	58	323	#
1385	345084	42	43	41	35	34	44	323	#
1386	304310	33	32	26	34	24	25	323	#
1387	301069	6	5	13	53	21	29	323	#
1388	888248	29	30	38	28	27	20	26	37	36	39	35	21	19	31	324	#
1389	1009250	36	28	44	20	35	34	27	26	29	19	12	18	33	10	324	#
1390	992707	28	27	29	35	20	43	19	30	12	36	26	33	66	44	324	#
1391	971309	26	27	28	35	43	19	18	51	29	59	34	50	42	33	324	#
1392	962022	19	12	13	21	4	18	10	29	27	47	20	28	30	61	324	#
1393	917672	35	69	36	44	43	51	52	27	59	60	50	53	19	67	324	#
1394	406428	54	46	49	55	47	62	38	39	31	325	#
1395	558909	49	41	42	50	57	40	43	51	59	325	#
1396	503389	47	39	46	38	30	29	54	20	12	325	#
1397	468609	55	63	54	46	47	62	38	30	29	325	#
1398	466305	54	62	46	63	55	47	39	31	23	325	#
1399	444359	39	31	23	47	15	7	30	38	22	325	#
