%% File generated by CATS v.2.1Tue Aug 20 18:57:02 2019

%% The CATS webpage is http://robotics.stanford.edu/CATS

%% PARAMETER SETTINGS:
% Goods: 10; Bids: 200; Distribution: regions; Runs: 10; Seed: 1566345336
% Regions Distribution Parameters:
% Max Substitutable Bids = 5
% Removing HV Neighbor   = 0.1
% Adding DIAG Neighbor   = 0.2
% Additional Location    = 0.9
% Jump Probability       = 0.05
% Additivity             = 0.2
% Budget Factor          = 1.5
% Resale Factor          = 0.5
% Normal Private Value:
%   Mean                 = 0
%   Standard Deviation   = 30



goods 10
bids 200
dummy 47

0	263249	0	3	4	7	6	10	#
1	310890	4	7	8	6	3	10	#
2	275009	7	8	6	4	5	10	#
3	142869	3	0	4	6	1	10	#
4	472379	8	7	5	2	6	1	3	0	4	11	#
5	493825	6	3	0	7	8	5	1	9	2	11	#
6	261946	0	3	4	1	2	12	#
7	192083	3	4	6	7	1	12	#
8	184523	2	1	0	3	5	12	#
9	172720	1	2	4	5	0	12	#
10	139873	0	3	4	1	6	12	#
11	241232	6	3	4	0	5	7	2	1	13	#
12	319944	5	8	6	2	3	1	4	7	13	#
13	304217	1	2	5	8	0	9	6	3	13	#
14	266214	6	3	4	5	0	2	8	1	13	#
15	218707	7	4	6	3	0	8	1	5	13	#
16	321429	8	5	1	4	0	3	6	7	2	14	#
17	331179	4	7	1	5	8	3	0	6	9	14	#
18	383937	1	5	6	7	4	8	2	3	0	15	#
19	397925	7	4	9	8	3	6	5	0	1	15	#
20	314630	8	5	4	7	1	2	3	16	#
21	314029	8	7	5	2	1	4	6	16	#
22	291867	1	2	0	5	4	7	3	16	#
23	291266	2	1	0	5	4	7	6	16	#
24	267199	5	2	4	1	7	8	0	16	#
25	208601	4	3	7	6	5	1	0	16	#
26	430898	0	3	6	4	7	8	1	5	2	9	#
27	319396	4	5	8	7	2	3	6	17	#
28	337676	8	7	5	2	4	3	0	17	#
29	313419	2	5	8	7	3	6	0	17	#
30	297847	4	5	8	7	3	2	1	17	#
31	291871	5	8	7	2	1	0	3	17	#
32	269003	3	4	0	6	7	5	8	17	#
33	335352	2	5	8	7	4	1	0	6	18	#
34	364066	1	4	2	3	0	6	7	8	18	#
35	338604	2	5	1	8	4	0	7	3	18	#
36	288175	7	8	5	4	6	1	3	2	18	#
37	281959	5	4	8	7	1	6	0	3	18	#
38	383595	3	4	1	6	7	2	8	0	5	19	#
39	564325	4	1	2	0	3	6	7	8	9	19	#
40	237259	3	6	4	7	20	#
41	269802	7	4	3	1	20	#
42	231131	3	4	1	2	20	#
43	219525	4	7	6	1	20	#
44	188545	6	7	4	5	20	#
45	642841	6	9	7	8	3	0	5	1	4	2	#
46	567888	5	2	8	1	6	7	0	4	3	9	#
47	524092	4	3	7	8	6	1	0	5	2	9	#
48	314442	6	3	7	4	0	5	1	2	8	#
49	66788	9	#
50	683105	1	4	5	8	2	7	3	6	0	#
51	583269	1	0	5	2	4	8	3	6	7	9	#
52	251379	7	6	3	4	1	21	#
53	300291	1	2	4	7	3	21	#
54	247856	4	3	0	1	2	21	#
55	204255	7	6	3	0	8	21	#
56	198944	3	0	4	6	1	21	#
57	592661	1	4	5	0	3	8	7	2	6	22	#
58	622609	6	7	8	4	5	9	3	0	1	22	#
59	387179	7	8	6	4	3	0	5	1	2	23	#
60	453954	0	3	9	1	6	4	5	7	8	23	#
61	281345	8	5	4	7	24	#
62	338231	8	7	6	2	24	#
63	319351	7	6	3	4	24	#
64	304871	5	2	4	7	24	#
65	204420	4	3	5	8	24	#
66	337641	2	1	5	8	0	4	7	25	#
67	341539	2	1	5	4	8	7	6	25	#
68	337564	5	8	7	2	6	1	0	25	#
69	275032	0	1	5	2	4	8	3	25	#
70	261779	4	5	3	0	8	6	1	25	#
71	403974	7	8	6	3	4	1	5	26	#
72	469780	7	4	5	6	3	2	8	26	#
73	437598	8	7	4	5	1	2	3	26	#
74	360770	3	0	6	7	8	4	2	26	#
75	337923	1	2	5	8	7	4	0	26	#
76	325870	5	4	1	8	0	9	7	26	#
77	431245	4	5	8	2	7	3	0	6	1	9	#
78	241354	5	1	4	8	0	27	#
79	345722	1	0	5	3	2	27	#
80	322135	0	1	5	3	4	27	#
81	270348	8	7	5	1	4	27	#
82	138870	4	5	28	#
83	124102	4	1	28	#
84	104487	5	1	28	#
85	441159	1	5	8	4	2	0	3	7	6	9	#
86	502797	4	3	5	0	1	8	7	6	2	#
87	357017	0	3	6	4	7	1	29	#
88	382698	7	4	5	8	3	2	29	#
89	371188	3	4	7	0	5	6	29	#
90	364207	6	3	4	7	8	5	29	#
91	318665	4	1	5	7	3	0	29	#
92	249629	0	1	5	4	8	3	29	#
93	372252	8	7	5	2	1	0	6	4	3	30	#
94	426631	7	6	8	5	3	0	9	4	1	30	#
95	112797	9	#
96	209251	8	5	4	1	31	#
97	297757	5	1	4	7	31	#
98	284766	4	5	3	1	31	#
99	216387	1	5	4	0	31	#
100	136432	8	7	5	6	31	#
101	383791	2	1	4	0	3	6	7	5	8	9	#
102	397681	7	6	8	3	4	1	32	#
103	414209	7	4	3	5	8	1	32	#
104	410090	8	7	6	4	5	3	32	#
105	334103	3	4	5	8	1	6	32	#
106	210723	1	0	5	8	2	6	32	#
107	240931	6	2	7	1	5	8	0	3	4	33	#
108	275318	5	2	1	0	3	4	8	7	9	33	#
109	10999	8	#
110	162753	4	5	8	34	#
111	119449	5	8	2	34	#
112	89237	4	1	5	34	#
113	456323	7	6	4	3	0	1	35	#
114	542916	7	9	6	8	3	4	35	#
115	472022	1	0	4	7	3	2	35	#
116	412951	6	3	4	0	5	7	35	#
117	394378	3	0	6	4	1	2	35	#
118	307776	4	5	2	1	0	3	35	#
119	342442	2	1	5	4	0	3	36	#
120	466541	1	4	7	5	2	0	36	#
121	423677	2	5	1	8	4	7	36	#
122	343321	3	6	4	5	1	2	36	#
123	332505	4	3	0	5	2	6	36	#
124	207450	5	1	4	0	3	8	36	#
125	140321	9	#
126	47058	1	#
127	651554	9	1	4	3	2	5	0	6	8	37	#
128	685013	9	4	3	7	0	8	6	1	2	37	#
129	546625	1	4	3	5	2	8	0	7	6	37	#
130	235203	5	8	2	4	38	#
131	304645	8	5	7	2	38	#
132	281362	2	5	1	4	38	#
133	195190	5	2	8	1	38	#
134	413907	7	6	3	4	8	1	2	5	0	39	#
135	449668	3	4	9	0	5	6	7	8	1	39	#
136	140026	2	1	40	#
137	125932	1	4	40	#
138	104219	9	#
139	445535	6	3	7	8	5	4	2	1	0	41	#
140	514687	2	1	4	5	9	3	8	7	0	41	#
141	118251	1	2	42	#
142	21354	2	5	42	#
143	336023	6	7	3	0	4	1	43	#
144	334812	6	3	4	1	7	5	43	#
145	295989	7	4	6	3	8	0	43	#
146	293825	4	7	1	0	5	6	43	#
147	194304	1	4	5	2	3	0	43	#
148	406285	1	4	5	2	3	0	6	44	#
149	461329	1	4	2	5	0	7	6	44	#
150	384361	4	3	1	0	2	7	5	44	#
151	372147	3	6	7	4	8	5	1	44	#
152	367357	0	1	2	5	4	8	7	44	#
153	312313	5	4	1	2	0	8	3	44	#
154	95954	0	1	5	4	45	#
155	52509	0	1	5	3	45	#
156	155707	3	6	4	5	8	46	#
157	200156	5	1	8	0	2	46	#
158	171648	8	5	4	7	1	46	#
159	154338	3	0	4	6	5	46	#
160	153778	6	7	4	5	3	46	#
161	144425	5	8	2	1	4	47	#
162	167255	4	7	1	3	0	47	#
163	90196	2	5	1	8	0	47	#
164	313426	6	3	0	4	7	48	#
165	303899	6	7	8	3	0	48	#
166	302569	7	4	5	8	6	48	#
167	200737	3	6	0	4	5	48	#
168	191612	4	1	3	5	6	48	#
169	125460	0	1	3	5	6	48	#
170	494201	3	6	0	7	4	5	8	2	9	1	#
171	534739	1	0	2	3	5	6	4	8	7	49	#
172	505814	2	1	4	5	8	0	3	9	7	49	#
173	489232	3	4	0	1	2	7	50	#
174	449188	1	4	7	5	2	3	50	#
175	419753	0	3	4	1	6	7	50	#
176	377937	3	0	1	5	4	2	50	#
177	323879	4	5	3	8	6	2	50	#
178	317710	7	6	4	8	0	5	50	#
179	315421	3	0	1	4	7	5	9	2	8	6	#
180	375843	5	4	1	3	2	8	0	6	7	9	#
181	180195	8	7	4	1	5	51	#
182	243962	8	5	1	2	4	51	#
183	201854	7	6	3	4	8	51	#
184	197312	1	2	6	0	5	51	#
185	135214	4	3	1	5	0	51	#
186	114478	5	4	1	0	8	51	#
187	99096	9	#
188	303910	4	3	6	7	0	8	1	2	5	52	#
189	422760	3	6	4	7	0	1	2	5	9	52	#
190	170932	2	5	53	#
191	85321	5	4	53	#
192	453622	4	3	6	0	1	7	5	8	2	54	#
193	500791	3	4	7	1	2	0	5	6	9	54	#
194	140954	1	0	5	4	55	#
195	153600	1	4	0	3	55	#
196	96322	5	1	4	8	55	#
197	66693	0	1	5	3	55	#
198	121706	5	1	8	56	#
199	167829	5	4	1	56	#
