%% File generated by CATS v.2.1Tue Aug 20 18:57:00 2019

%% The CATS webpage is http://robotics.stanford.edu/CATS

%% PARAMETER SETTINGS:
% Goods: 30; Bids: 2400; Distribution: paths; Runs: 10; Seed: 1566345288
% Paths Distribution Parameters:
% Initial connections:       = 2
% Edge density:              = 3.000000
% Shipping cost factor:      = 1.500000
% Max bid set size:          = 5
% Building penalty:          = 1.700000



goods 30
bids 2401
dummy 703

0	536	3	5	#
1	477	3	6	7	30	#
2	477	1	3	14	30	#
3	477	0	1	3	7	30	#
4	451	6	17	31	#
5	451	0	1	17	31	#
6	451	6	7	15	31	#
7	451	1	14	15	31	#
8	451	0	1	7	15	31	#
9	762	0	26	#
10	1017	7	27	47	#
11	697	16	#
12	671	6	18	32	#
13	671	3	5	6	7	32	#
14	671	0	1	18	32	#
15	671	1	3	5	14	32	#
16	671	0	1	3	5	7	32	#
17	927	10	16	#
18	467	3	14	33	#
19	467	0	3	7	33	#
20	746	26	34	#
21	746	10	18	34	#
22	746	3	5	7	10	34	#
23	746	7	9	19	34	#
24	746	4	9	18	34	#
25	126	0	#
26	171	11	#
27	168	11	#
28	549	13	#
29	625	29	35	#
30	625	7	21	35	#
31	625	13	15	35	#
32	832	6	7	19	36	#
33	832	1	20	36	#
34	832	1	14	19	36	#
35	832	0	1	7	19	36	#
36	832	4	6	18	36	#
37	918	4	16	#
38	626	21	37	#
39	626	7	29	37	#
40	602	0	21	#
41	145	1	#
42	689	19	38	#
43	689	3	24	38	#
44	689	3	4	5	38	#
45	513	5	10	39	#
46	513	9	24	39	#
47	513	4	5	9	39	#
48	666	23	40	#
49	666	11	21	40	#
50	703	6	21	41	#
51	703	0	1	21	41	#
52	1017	15	28	47	#
53	671	6	18	42	#
54	671	3	5	6	7	42	#
55	671	0	1	18	42	#
56	671	1	3	5	14	42	#
57	671	0	1	3	5	7	42	#
58	532	12	43	#
59	532	11	13	43	#
60	830	6	7	19	44	#
61	830	1	20	44	#
62	830	1	14	19	44	#
63	595	12	45	#
64	595	11	13	45	#
65	647	7	19	#
66	317	5	#
67	721	22	46	#
68	721	2	12	46	#
69	721	2	11	13	46	#
70	682	6	21	48	#
71	682	0	1	21	48	#
72	466	0	3	7	50	#
73	183	11	#
74	671	6	18	49	#
75	671	3	5	6	7	49	#
76	671	0	1	18	49	#
77	671	1	3	5	14	49	#
78	671	0	1	3	5	7	49	#
79	466	3	14	50	#
80	680	0	23	51	#
81	680	0	11	21	51	#
82	602	5	10	52	#
83	602	9	24	52	#
84	602	4	5	9	52	#
85	794	22	53	#
86	794	2	12	53	#
87	794	2	11	13	53	#
88	794	3	11	29	53	#
89	794	3	7	23	53	#
90	1057	0	27	54	#
91	1057	0	17	28	54	#
92	1057	14	15	28	54	#
93	1057	0	7	15	28	54	#
94	671	6	18	55	#
95	671	3	5	6	7	55	#
96	671	0	1	18	55	#
97	671	1	3	5	14	55	#
98	671	0	1	3	5	7	55	#
99	719	7	19	56	#
100	719	4	18	56	#
101	719	3	7	24	56	#
102	719	3	4	5	7	56	#
103	719	9	26	56	#
104	912	25	57	#
105	912	8	9	57	#
106	791	13	2	58	#
107	791	29	3	58	#
108	791	21	7	3	58	#
109	791	13	15	3	58	#
110	791	29	15	2	58	#
111	676	8	#
112	808	0	26	59	#
113	808	0	18	10	59	#
114	808	14	3	5	10	59	#
115	808	0	7	3	5	10	59	#
116	808	20	9	59	#
117	1142	6	27	60	#
118	1142	1	0	27	60	#
119	1142	6	17	28	60	#
120	1142	1	0	17	28	60	#
121	1142	6	7	15	28	60	#
122	233	14	61	#
123	233	0	7	61	#
124	451	17	6	62	#
125	451	17	0	1	62	#
126	451	15	7	6	62	#
127	451	15	14	1	62	#
128	451	15	7	0	1	62	#
129	1154	0	27	63	#
130	1154	0	17	28	63	#
131	1154	14	15	28	63	#
132	1154	0	7	15	28	63	#
133	1154	14	7	27	63	#
134	881	6	26	64	#
135	881	1	0	26	64	#
136	881	6	18	10	64	#
137	881	6	7	3	5	10	64	#
138	881	1	0	18	10	64	#
139	187	14	65	#
140	187	7	0	65	#
141	1058	2	28	66	#
142	1058	5	10	8	66	#
143	1058	3	15	28	66	#
144	1058	24	25	66	#
145	1058	24	9	8	66	#
146	738	12	67	#
147	738	13	11	67	#
148	84	7	#
149	719	19	7	68	#
150	719	4	18	68	#
151	719	24	3	7	68	#
152	719	4	5	3	7	68	#
153	719	9	26	68	#
154	127	9	#
155	1122	27	69	#
156	1122	17	28	69	#
157	1122	7	15	28	69	#
158	1122	0	14	15	28	69	#
159	1122	7	3	2	28	69	#
160	746	26	70	#
161	746	18	10	70	#
162	746	7	3	5	10	70	#
163	746	7	19	9	70	#
164	746	18	4	9	70	#
165	754	12	71	#
166	754	11	13	71	#
167	124	7	#
168	642	0	21	72	#
169	642	14	29	72	#
170	642	0	7	29	72	#
171	853	23	6	73	#
172	853	23	0	1	73	#
173	853	11	21	6	73	#
174	853	11	21	0	1	73	#
175	853	11	29	7	6	73	#
176	794	22	74	#
177	794	12	2	74	#
178	794	11	13	2	74	#
179	794	11	29	3	74	#
180	794	23	7	3	74	#
181	623	18	75	#
182	623	5	3	7	75	#
183	1009	28	#
184	89	0	#
185	86	0	#
186	875	15	28	#
187	808	26	0	76	#
188	808	10	18	0	76	#
189	808	10	5	3	14	76	#
190	808	10	5	3	7	0	76	#
191	808	9	20	76	#
192	168	1	#
193	624	26	#
194	1058	2	28	77	#
195	1058	5	10	8	77	#
196	1058	3	15	28	77	#
197	1058	24	25	77	#
198	1058	24	9	8	77	#
199	693	0	18	78	#
200	693	14	3	5	78	#
201	693	0	7	3	5	78	#
202	584	24	2	79	#
203	584	4	5	2	79	#
204	853	6	23	80	#
205	853	1	0	23	80	#
206	853	6	21	11	80	#
207	853	1	0	21	11	80	#
208	853	6	7	29	11	80	#
209	453	13	#
210	285	10	81	#
211	285	4	9	81	#
212	177	15	#
213	1142	6	27	82	#
214	1142	1	0	27	82	#
215	1142	6	17	28	82	#
216	1142	1	0	17	28	82	#
217	1142	6	7	15	28	82	#
218	833	16	11	#
219	605	21	0	#
220	546	23	#
221	277	7	6	83	#
222	277	14	1	83	#
223	632	8	#
224	347	14	3	84	#
225	347	0	7	3	84	#
226	648	29	85	#
227	648	7	21	85	#
228	648	15	13	85	#
229	224	6	86	#
230	224	0	1	86	#
231	436	5	3	#
232	670	19	87	#
233	670	24	3	87	#
234	670	4	5	3	87	#
235	794	22	88	#
236	794	2	12	88	#
237	794	2	13	11	88	#
238	794	3	29	11	88	#
239	794	3	7	23	88	#
240	569	13	#
241	988	28	15	#
242	559	8	#
243	866	6	26	89	#
244	866	1	0	26	89	#
245	213	14	90	#
246	213	7	0	90	#
247	212	15	#
248	266	5	#
249	808	26	0	91	#
250	808	10	18	0	91	#
251	808	10	5	3	14	91	#
252	808	10	5	3	7	0	91	#
253	808	9	20	91	#
254	785	23	0	92	#
255	785	11	21	0	92	#
256	785	11	29	14	92	#
257	785	11	29	7	0	92	#
258	785	23	7	14	92	#
259	671	18	6	93	#
260	671	5	3	7	6	93	#
261	671	18	0	1	93	#
262	671	5	3	14	1	93	#
263	671	5	3	7	0	1	93	#
264	671	18	6	94	#
265	671	5	3	7	6	94	#
266	671	18	0	1	94	#
267	671	5	3	14	1	94	#
268	671	5	3	7	0	1	94	#
269	245	15	#
270	306	17	95	#
271	306	15	7	95	#
272	899	28	#
273	1008	28	#
274	1154	0	27	96	#
275	1154	0	17	28	96	#
276	1154	14	15	28	96	#
277	1154	0	7	15	28	96	#
278	1154	14	7	27	96	#
279	106	0	#
280	506	29	#
281	584	24	97	#
282	584	5	4	97	#
283	584	5	10	9	97	#
284	185	11	#
285	791	13	2	98	#
286	791	29	3	98	#
287	791	21	7	3	98	#
288	791	13	15	3	98	#
289	791	29	15	2	98	#
290	731	12	99	#
291	731	13	11	99	#
292	250	10	#
293	792	10	8	#
294	749	12	100	#
295	749	13	11	100	#
296	451	6	17	101	#
297	451	1	0	17	101	#
298	451	6	7	15	101	#
299	451	1	14	15	101	#
300	451	1	0	7	15	101	#
301	315	5	#
302	390	14	3	102	#
303	390	0	7	3	102	#
304	918	16	4	#
305	613	11	29	#
306	1102	11	16	4	103	#
307	1102	22	24	103	#
308	1102	22	5	4	103	#
309	1102	12	2	24	103	#
310	1102	11	13	2	24	103	#
311	336	7	6	104	#
312	336	14	1	104	#
313	336	7	0	1	104	#
314	482	24	105	#
315	482	4	5	105	#
316	724	23	106	#
317	724	11	21	106	#
318	724	11	29	7	106	#
319	984	28	2	#
320	734	21	6	107	#
321	734	21	0	1	107	#
322	734	29	7	6	107	#
323	734	29	14	1	107	#
324	734	29	7	0	1	107	#
325	447	3	5	#
326	592	2	24	108	#
327	592	2	5	4	108	#
328	986	2	28	#
329	216	3	#
330	497	3	5	#
331	451	6	17	109	#
332	451	1	0	17	109	#
333	451	6	7	15	109	#
334	451	1	14	15	109	#
335	451	1	0	7	15	109	#
336	1154	27	0	110	#
337	1154	28	17	0	110	#
338	1154	28	15	14	110	#
339	1154	28	15	7	0	110	#
340	1154	27	7	14	110	#
341	771	25	111	#
342	771	8	9	111	#
343	635	18	112	#
344	635	5	3	7	112	#
345	635	5	2	17	112	#
346	635	5	3	14	0	112	#
347	993	15	28	#
348	367	3	14	113	#
349	367	3	7	0	113	#
350	605	5	10	114	#
351	605	24	9	114	#
352	605	5	4	9	114	#
353	903	2	28	#
354	629	3	5	10	#
355	794	22	115	#
356	794	12	2	115	#
357	794	11	13	2	115	#
358	794	11	29	3	115	#
359	794	23	7	3	115	#
360	433	17	6	116	#
361	433	17	0	1	116	#
362	719	7	19	117	#
363	719	18	4	117	#
364	719	7	3	24	117	#
365	719	7	3	5	4	117	#
366	719	26	9	117	#
367	102	0	#
368	476	21	#
369	672	19	7	118	#
370	672	4	18	118	#
371	672	24	3	7	118	#
372	672	4	5	3	7	118	#
373	451	6	17	119	#
374	451	1	0	17	119	#
375	451	6	7	15	119	#
376	451	1	14	15	119	#
377	451	1	0	7	15	119	#
378	1051	27	0	120	#
379	1051	28	17	0	120	#
380	1051	28	15	14	120	#
381	1051	28	15	7	0	120	#
382	794	22	121	#
383	794	12	2	121	#
384	794	11	13	2	121	#
385	794	11	29	3	121	#
386	794	23	7	3	121	#
387	581	29	122	#
388	581	21	7	122	#
389	581	13	15	122	#
390	832	19	7	6	123	#
391	832	20	1	123	#
392	832	19	14	1	123	#
393	832	19	7	0	1	123	#
394	832	4	18	6	123	#
395	206	2	#
396	254	7	3	#
397	138	1	#
398	106	9	#
399	451	24	124	#
400	451	5	4	124	#
401	125	9	#
402	569	23	125	#
403	569	21	11	125	#
404	641	29	126	#
405	641	21	7	126	#
406	641	13	15	126	#
407	694	3	5	10	127	#
408	694	19	9	127	#
409	694	3	24	9	127	#
410	694	3	5	4	9	127	#
411	719	19	7	128	#
412	719	4	18	128	#
413	719	24	3	7	128	#
414	719	4	5	3	7	128	#
415	719	9	26	128	#
416	164	14	#
417	832	19	7	6	129	#
418	832	20	1	129	#
419	832	19	14	1	129	#
420	832	19	7	0	1	129	#
421	832	4	18	6	129	#
422	1136	11	16	10	130	#
423	1136	11	16	4	9	130	#
424	1136	22	5	10	130	#
425	652	13	2	131	#
426	652	29	3	131	#
427	827	8	132	#
428	827	9	25	132	#
429	160	11	#
430	1156	15	28	133	#
431	1156	7	27	133	#
432	1156	7	17	28	133	#
433	1156	3	2	28	133	#
434	1156	14	0	27	133	#
435	510	29	#
436	881	26	6	134	#
437	881	26	0	1	134	#
438	881	10	18	6	134	#
439	881	10	5	3	7	6	134	#
440	881	10	18	0	1	134	#
441	468	6	7	3	135	#
442	468	1	14	3	135	#
443	468	1	0	7	3	135	#
444	1085	27	136	#
445	1085	28	17	136	#
446	1085	28	15	7	136	#
447	1058	28	2	137	#
448	1058	8	10	5	137	#
449	1058	28	15	3	137	#
450	1058	25	24	137	#
451	1058	8	9	24	137	#
452	751	8	138	#
453	751	25	9	138	#
454	1058	2	28	139	#
455	1058	5	10	8	139	#
456	1058	3	15	28	139	#
457	1058	24	25	139	#
458	1058	24	9	8	139	#
459	577	18	0	140	#
460	577	5	3	14	140	#
461	577	5	3	7	0	140	#
462	712	26	141	#
463	712	10	18	141	#
464	712	10	5	3	7	141	#
465	922	16	10	#
466	451	17	6	142	#
467	451	17	0	1	142	#
468	451	15	7	6	142	#
469	451	15	14	1	142	#
470	451	15	7	0	1	142	#
471	1020	27	143	#
472	1020	28	17	143	#
473	1020	28	15	7	143	#
474	1042	2	28	144	#
475	1042	5	10	8	144	#
476	1042	3	15	28	144	#
477	699	10	5	3	145	#
478	699	9	19	145	#
479	699	9	24	3	145	#
480	699	9	4	5	3	145	#
481	1154	0	27	146	#
482	1154	0	17	28	146	#
483	1154	14	15	28	146	#
484	1154	0	7	15	28	146	#
485	1154	14	7	27	146	#
486	564	29	147	#
487	564	7	21	147	#
488	909	16	148	#
489	909	13	2	5	148	#
490	909	29	3	5	148	#
491	909	21	18	148	#
492	909	21	7	3	5	148	#
493	731	19	149	#
494	731	24	3	149	#
495	731	4	5	3	149	#
496	731	9	10	5	3	149	#
497	731	4	18	7	149	#
498	140	1	#
499	719	19	7	150	#
500	719	4	18	150	#
501	719	24	3	7	150	#
502	719	4	5	3	7	150	#
503	719	9	26	150	#
504	827	6	7	19	151	#
505	827	1	20	151	#
506	827	1	14	19	151	#
507	289	10	152	#
508	289	9	4	152	#
509	705	18	0	153	#
510	705	5	3	14	153	#
511	705	5	3	7	0	153	#
512	705	18	7	14	153	#
513	542	13	#
514	1142	27	6	154	#
515	1142	27	0	1	154	#
516	1142	28	17	6	154	#
517	1142	28	17	0	1	154	#
518	1142	28	15	7	6	154	#
519	820	11	16	#
520	642	26	#
521	121	1	#
522	719	7	19	155	#
523	719	18	4	155	#
524	719	7	3	24	155	#
525	719	7	3	5	4	155	#
526	719	26	9	155	#
527	961	10	8	156	#
528	961	4	25	156	#
529	961	4	9	8	156	#
530	201	6	157	#
531	201	1	0	157	#
532	193	15	#
533	486	18	158	#
534	486	5	3	7	158	#
535	747	28	#
536	959	2	28	#
537	501	21	#
538	1122	27	159	#
539	1122	28	17	159	#
540	1122	28	15	7	159	#
541	1122	28	15	14	0	159	#
542	1122	28	2	3	7	159	#
543	580	21	160	#
544	580	29	7	160	#
545	1095	27	161	#
546	1095	28	17	161	#
547	1095	28	15	7	161	#
548	517	21	#
549	270	7	3	#
550	213	15	#
551	313	10	162	#
552	313	9	4	162	#
553	785	0	23	163	#
554	785	0	21	11	163	#
555	785	14	29	11	163	#
556	785	0	7	29	11	163	#
557	785	14	7	23	163	#
558	462	18	#
559	1003	10	8	164	#
560	1003	4	25	164	#
561	1003	4	9	8	164	#
562	1003	10	9	25	164	#
563	321	17	0	#
564	613	29	11	#
565	451	17	6	165	#
566	451	17	0	1	165	#
567	451	15	7	6	165	#
568	451	15	14	1	165	#
569	451	15	7	0	1	165	#
570	169	2	#
571	406	2	5	#
572	737	23	6	#
573	172	3	#
574	196	14	166	#
575	196	7	0	166	#
576	410	3	5	#
577	495	5	3	#
578	261	7	3	#
579	909	16	167	#
580	909	5	2	13	167	#
581	909	5	3	29	167	#
582	909	18	21	167	#
583	909	5	3	7	21	167	#
584	1023	11	16	10	#
585	909	16	168	#
586	909	13	2	5	168	#
587	909	29	3	5	168	#
588	909	21	18	168	#
589	909	21	7	3	5	168	#
590	709	7	19	169	#
591	709	18	4	169	#
592	709	7	3	24	169	#
593	709	7	3	5	4	169	#
594	832	19	7	6	170	#
595	832	20	1	170	#
596	832	19	14	1	170	#
597	832	19	7	0	1	170	#
598	832	4	18	6	170	#
599	123	9	#
600	291	3	7	#
601	188	4	#
602	203	15	#
603	814	8	10	#
604	193	2	#
605	590	29	171	#
606	590	7	21	171	#
607	590	15	13	171	#
608	238	6	172	#
609	238	0	1	172	#
610	311	17	173	#
611	311	15	7	173	#
612	671	18	6	174	#
613	671	5	3	7	6	174	#
614	671	18	0	1	174	#
615	671	5	3	14	1	174	#
616	671	5	3	7	0	1	174	#
617	236	15	#
618	517	6	7	3	175	#
619	517	1	14	3	175	#
620	517	1	0	7	3	175	#
621	700	23	176	#
622	700	11	21	176	#
623	700	11	29	7	176	#
624	914	15	28	#
625	791	13	2	177	#
626	791	29	3	177	#
627	791	21	7	3	177	#
628	791	13	15	3	177	#
629	791	29	15	2	177	#
630	808	26	0	178	#
631	808	10	18	0	178	#
632	808	10	5	3	14	178	#
633	808	10	5	3	7	0	178	#
634	808	9	20	178	#
635	249	3	#
636	232	15	#
637	719	22	179	#
638	719	2	12	179	#
639	719	2	13	11	179	#
640	230	2	#
641	332	3	7	#
642	886	10	8	180	#
643	886	4	25	180	#
644	886	4	9	8	180	#
645	653	29	11	181	#
646	653	7	23	181	#
647	653	7	21	11	181	#
648	731	19	182	#
649	731	3	24	182	#
650	731	3	5	4	182	#
651	731	3	5	10	9	182	#
652	731	7	18	4	182	#
653	135	11	#
654	91	0	#
655	686	11	29	183	#
656	686	23	7	183	#
657	686	11	21	7	183	#
658	575	0	21	#
659	328	17	184	#
660	328	15	7	184	#
661	602	24	185	#
662	602	5	4	185	#
663	602	5	10	9	185	#
664	746	26	186	#
665	746	10	18	186	#
666	746	10	5	3	7	186	#
667	746	9	19	7	186	#
668	746	9	4	18	186	#
669	1122	27	187	#
670	1122	28	17	187	#
671	1122	28	15	7	187	#
672	1122	28	15	14	0	187	#
673	1122	28	2	3	7	187	#
674	307	5	#
675	192	15	#
676	791	22	188	#
677	791	12	2	188	#
678	791	11	13	2	188	#
679	791	11	29	3	188	#
680	719	19	7	189	#
681	719	4	18	189	#
682	719	24	3	7	189	#
683	719	4	5	3	7	189	#
684	719	9	26	189	#
685	808	26	0	190	#
686	808	10	18	0	190	#
687	808	10	5	3	14	190	#
688	808	10	5	3	7	0	190	#
689	808	9	20	190	#
690	188	11	#
691	144	11	#
692	808	0	26	191	#
693	808	0	18	10	191	#
694	808	14	3	5	10	191	#
695	808	0	7	3	5	10	191	#
696	808	20	9	191	#
697	688	16	#
698	767	2	13	192	#
699	767	3	29	192	#
700	767	3	7	21	192	#
701	767	3	15	13	192	#
702	1142	6	27	193	#
703	1142	1	0	27	193	#
704	1142	6	17	28	193	#
705	1142	1	0	17	28	193	#
706	1142	6	7	15	28	193	#
707	523	21	0	#
708	142	1	#
709	332	3	7	#
710	115	1	#
711	260	6	194	#
712	260	0	1	194	#
713	628	19	195	#
714	628	3	24	195	#
715	628	3	5	4	195	#
716	774	23	6	196	#
717	774	23	0	1	196	#
718	774	11	21	6	196	#
719	774	11	21	0	1	196	#
720	644	18	197	#
721	644	5	3	7	197	#
722	644	5	2	17	197	#
723	644	5	3	14	0	197	#
724	644	5	2	15	7	197	#
725	205	15	#
726	1143	15	28	198	#
727	1143	7	27	198	#
728	1143	7	17	28	198	#
729	1143	3	2	28	198	#
730	623	10	5	199	#
731	623	9	24	199	#
732	623	9	4	5	199	#
733	589	2	13	#
734	224	14	200	#
735	224	7	0	200	#
736	407	5	2	#
737	454	3	5	#
738	594	5	10	201	#
739	594	24	9	201	#
740	594	5	4	9	201	#
741	323	5	#
742	154	1	#
743	760	12	202	#
744	760	11	13	202	#
745	760	11	29	15	202	#
746	768	12	203	#
747	768	11	13	203	#
748	768	11	29	15	203	#
749	502	18	204	#
750	502	7	3	5	204	#
751	1102	4	16	11	205	#
752	1102	24	22	205	#
753	1102	4	5	22	205	#
754	1102	24	2	12	205	#
755	1102	24	2	13	11	205	#
756	720	19	206	#
757	720	24	3	206	#
758	720	4	5	3	206	#
759	720	9	10	5	3	206	#
760	553	13	#
761	909	16	207	#
762	909	5	2	13	207	#
763	909	5	3	29	207	#
764	909	18	21	207	#
765	909	5	3	7	21	207	#
766	583	29	208	#
767	583	7	21	208	#
768	583	15	13	208	#
769	495	5	3	#
770	703	3	5	10	209	#
771	703	19	9	209	#
772	703	3	24	9	209	#
773	703	3	5	4	9	209	#
774	703	7	26	209	#
775	1154	27	0	210	#
776	1154	28	17	0	210	#
777	1154	28	15	14	210	#
778	1154	28	15	7	0	210	#
779	1154	27	7	14	210	#
780	451	6	17	211	#
781	451	1	0	17	211	#
782	451	6	7	15	211	#
783	451	1	14	15	211	#
784	451	1	0	7	15	211	#
785	719	7	19	212	#
786	719	18	4	212	#
787	719	7	3	24	212	#
788	719	7	3	5	4	212	#
789	719	26	9	212	#
790	230	4	#
791	244	6	213	#
792	244	0	1	213	#
793	909	16	214	#
794	909	5	2	13	214	#
795	909	5	3	29	214	#
796	909	18	21	214	#
797	909	5	3	7	21	214	#
798	229	15	#
799	264	4	#
800	610	29	215	#
801	610	7	21	215	#
802	610	15	13	215	#
803	247	2	#
804	238	17	#
805	638	26	#
806	713	25	216	#
807	713	9	8	216	#
808	683	29	11	217	#
809	683	7	23	217	#
810	683	7	21	11	217	#
811	148	11	#
812	975	11	16	218	#
813	975	22	5	218	#
814	975	12	2	5	218	#
815	975	11	13	2	5	218	#
816	975	11	29	3	5	218	#
817	197	15	#
818	808	0	26	219	#
819	808	0	18	10	219	#
820	808	14	3	5	10	219	#
821	808	0	7	3	5	10	219	#
822	808	20	9	219	#
823	881	26	6	220	#
824	881	26	0	1	220	#
825	881	10	18	6	220	#
826	881	10	5	3	7	6	220	#
827	881	10	18	0	1	220	#
828	114	0	#
829	108	0	#
830	161	1	#
831	746	26	221	#
832	746	18	10	221	#
833	746	7	3	5	10	221	#
834	746	7	19	9	221	#
835	746	18	4	9	221	#
836	758	28	#
837	821	8	222	#
838	821	25	9	222	#
839	770	12	223	#
840	770	11	13	223	#
841	770	11	29	15	223	#
842	808	0	26	224	#
843	808	0	18	10	224	#
844	808	14	3	5	10	224	#
845	808	0	7	3	5	10	224	#
846	808	20	9	224	#
847	528	3	5	#
848	556	24	225	#
849	556	5	4	225	#
850	556	5	10	9	225	#
851	154	1	#
852	212	4	#
853	1016	0	27	#
854	849	16	4	#
855	1122	27	226	#
856	1122	17	28	226	#
857	1122	7	15	28	226	#
858	1122	0	14	15	28	226	#
859	1122	7	3	2	28	226	#
860	193	15	#
861	624	19	227	#
862	624	24	3	227	#
863	624	4	5	3	227	#
864	731	19	228	#
865	731	24	3	228	#
866	731	4	5	3	228	#
867	731	9	10	5	3	228	#
868	731	4	18	7	228	#
869	1122	27	229	#
870	1122	28	17	229	#
871	1122	28	15	7	229	#
872	1122	28	15	14	0	229	#
873	1122	28	2	3	7	229	#
874	90	0	#
875	746	26	230	#
876	746	10	18	230	#
877	746	10	5	3	7	230	#
878	746	9	19	7	230	#
879	746	9	4	18	230	#
880	832	19	7	6	231	#
881	832	20	1	231	#
882	832	19	14	1	231	#
883	832	19	7	0	1	231	#
884	832	4	18	6	231	#
885	1058	28	2	232	#
886	1058	8	10	5	232	#
887	1058	28	15	3	232	#
888	1058	25	24	232	#
889	1058	8	9	24	232	#
890	278	5	#
891	451	6	17	233	#
892	451	1	0	17	233	#
893	451	6	7	15	233	#
894	451	1	14	15	233	#
895	451	1	0	7	15	233	#
896	1058	2	28	234	#
897	1058	5	10	8	234	#
898	1058	3	15	28	234	#
899	1058	24	25	234	#
900	1058	24	9	8	234	#
901	865	16	11	#
902	630	29	11	235	#
903	630	7	23	235	#
904	613	12	236	#
905	613	11	13	236	#
906	832	19	7	6	237	#
907	832	20	1	237	#
908	832	19	14	1	237	#
909	832	19	7	0	1	237	#
910	832	4	18	6	237	#
911	719	7	19	238	#
912	719	18	4	238	#
913	719	7	3	24	238	#
914	719	7	3	5	4	238	#
915	719	26	9	238	#
916	813	8	239	#
917	813	25	9	239	#
918	596	2	13	#
919	746	26	0	#
920	195	3	#
921	1100	27	0	240	#
922	1100	28	17	0	240	#
923	1100	28	15	14	240	#
924	1100	28	15	7	0	240	#
925	1011	10	16	11	#
926	252	6	241	#
927	252	1	0	241	#
928	719	19	7	242	#
929	719	4	18	242	#
930	719	24	3	7	242	#
931	719	4	5	3	7	242	#
932	719	9	26	242	#
933	291	7	3	#
934	832	6	7	19	243	#
935	832	1	20	243	#
936	832	1	14	19	243	#
937	832	1	0	7	19	243	#
938	832	6	18	4	243	#
939	656	8	#
940	255	17	244	#
941	255	7	15	244	#
942	1142	6	27	245	#
943	1142	1	0	27	245	#
944	1142	6	17	28	245	#
945	1142	1	0	17	28	245	#
946	1142	6	7	15	28	245	#
947	496	13	#
948	656	23	246	#
949	656	11	21	246	#
950	663	12	247	#
951	663	13	11	247	#
952	113	9	#
953	671	6	18	248	#
954	671	6	7	3	5	248	#
955	671	1	0	18	248	#
956	671	1	14	3	5	248	#
957	671	1	0	7	3	5	248	#
958	614	29	249	#
959	614	21	7	249	#
960	614	13	15	249	#
961	732	20	250	#
962	732	19	14	250	#
963	732	19	7	0	250	#
964	732	24	3	14	250	#
965	732	4	18	0	250	#
966	1004	4	16	251	#
967	1004	24	2	13	251	#
968	1004	4	5	2	13	251	#
969	1004	9	10	16	251	#
970	1004	19	29	251	#
971	1102	11	16	4	252	#
972	1102	22	24	252	#
973	1102	22	5	4	252	#
974	1102	12	2	24	252	#
975	1102	11	13	2	24	252	#
976	190	14	253	#
977	190	7	0	253	#
978	731	19	254	#
979	731	3	24	254	#
980	731	3	5	4	254	#
981	731	3	5	10	9	254	#
982	731	7	18	4	254	#
983	400	14	3	255	#
984	400	0	7	3	255	#
985	719	19	7	256	#
986	719	4	18	256	#
987	719	24	3	7	256	#
988	719	4	5	3	7	256	#
989	719	9	26	256	#
990	746	26	257	#
991	746	10	18	257	#
992	746	10	5	3	7	257	#
993	746	9	19	7	257	#
994	746	9	4	18	257	#
995	233	6	258	#
996	233	1	0	258	#
997	216	4	#
998	89	7	#
999	1040	8	10	259	#
1000	1040	25	4	259	#
1001	1040	8	9	4	259	#
1002	1040	25	9	10	259	#
1003	1122	27	260	#
1004	1122	17	28	260	#
1005	1122	7	15	28	260	#
1006	1122	0	14	15	28	260	#
1007	1122	7	3	2	28	260	#
1008	261	17	261	#
1009	261	7	15	261	#
1010	103	7	#
1011	764	2	13	262	#
1012	764	3	29	262	#
1013	764	3	7	21	262	#
1014	764	3	15	13	262	#
1015	197	6	#
1016	445	5	3	#
1017	473	10	5	#
1018	671	6	18	263	#
1019	671	6	7	3	5	263	#
1020	671	1	0	18	263	#
1021	671	1	14	3	5	263	#
1022	671	1	0	7	3	5	263	#
1023	775	6	23	264	#
1024	775	1	0	23	264	#
1025	775	6	21	11	264	#
1026	775	1	0	21	11	264	#
1027	304	6	7	265	#
1028	304	1	14	265	#
1029	304	1	0	7	265	#
1030	415	5	3	#
1031	451	6	17	266	#
1032	451	1	0	17	266	#
1033	451	6	7	15	266	#
1034	451	1	14	15	266	#
1035	451	1	0	7	15	266	#
1036	696	23	267	#
1037	696	21	11	267	#
1038	696	7	29	11	267	#
1039	123	9	#
1040	1154	0	27	268	#
1041	1154	0	17	28	268	#
1042	1154	14	15	28	268	#
1043	1154	0	7	15	28	268	#
1044	1154	14	7	27	268	#
1045	132	11	#
1046	843	25	269	#
1047	843	9	8	269	#
1048	327	10	270	#
1049	327	4	9	270	#
1050	832	19	7	6	271	#
1051	832	20	1	271	#
1052	832	19	14	1	271	#
1053	832	19	7	0	1	271	#
1054	832	4	18	6	271	#
1055	794	22	272	#
1056	794	2	12	272	#
1057	794	2	13	11	272	#
1058	794	3	29	11	272	#
1059	794	3	7	23	272	#
1060	176	14	273	#
1061	176	0	7	273	#
1062	794	22	274	#
1063	794	2	12	274	#
1064	794	2	13	11	274	#
1065	794	3	29	11	274	#
1066	794	3	7	23	274	#
1067	881	6	26	275	#
1068	881	1	0	26	275	#
1069	881	6	18	10	275	#
1070	881	6	7	3	5	10	275	#
1071	881	1	0	18	10	275	#
1072	192	4	#
1073	1154	27	0	276	#
1074	1154	28	17	0	276	#
1075	1154	28	15	14	276	#
1076	1154	28	15	7	0	276	#
1077	1154	27	7	14	276	#
1078	794	22	277	#
1079	794	12	2	277	#
1080	794	11	13	2	277	#
1081	794	11	29	3	277	#
1082	794	23	7	3	277	#
1083	732	20	278	#
1084	732	19	14	278	#
1085	732	19	7	0	278	#
1086	732	24	3	14	278	#
1087	732	4	18	0	278	#
1088	1142	11	16	10	279	#
1089	1142	11	16	4	9	279	#
1090	1142	22	5	10	279	#
1091	1142	12	2	5	10	279	#
1092	1142	11	13	2	5	10	279	#
1093	108	0	#
1094	881	26	6	280	#
1095	881	26	0	1	280	#
1096	881	10	18	6	280	#
1097	881	10	5	3	7	6	280	#
1098	881	10	18	0	1	280	#
1099	746	26	281	#
1100	746	18	10	281	#
1101	746	7	3	5	10	281	#
1102	746	7	19	9	281	#
1103	746	18	4	9	281	#
1104	582	13	#
1105	148	9	#
1106	705	21	0	282	#
1107	705	29	14	282	#
1108	705	29	7	0	282	#
1109	705	21	7	14	282	#
1110	206	2	#
1111	682	19	283	#
1112	682	3	24	283	#
1113	682	3	5	4	283	#
1114	700	29	11	284	#
1115	700	7	23	284	#
1116	700	7	21	11	284	#
1117	700	15	12	284	#
1118	700	15	13	11	284	#
1119	564	10	5	285	#
1120	564	9	24	285	#
1121	564	9	4	5	285	#
1122	870	28	#
1123	451	17	6	286	#
1124	451	17	0	1	286	#
1125	451	15	7	6	286	#
1126	451	15	14	1	286	#
1127	451	15	7	0	1	286	#
1128	218	14	287	#
1129	218	0	7	287	#
1130	700	13	2	288	#
1131	700	29	3	288	#
1132	700	21	7	3	288	#
1133	862	10	8	289	#
1134	862	4	25	289	#
1135	862	4	9	8	289	#
1136	544	3	5	#
1137	959	27	290	#
1138	959	17	28	290	#
1139	959	7	15	28	290	#
1140	232	2	#
1141	451	6	17	291	#
1142	451	1	0	17	291	#
1143	451	6	7	15	291	#
1144	451	1	14	15	291	#
1145	451	1	0	7	15	291	#
1146	832	6	7	19	292	#
1147	832	1	20	292	#
1148	832	1	14	19	292	#
1149	832	1	0	7	19	292	#
1150	832	6	18	4	292	#
1151	746	26	293	#
1152	746	18	10	293	#
1153	746	7	3	5	10	293	#
1154	746	7	19	9	293	#
1155	746	18	4	9	293	#
1156	956	16	4	#
1157	960	16	10	294	#
1158	960	16	4	9	294	#
1159	760	2	13	295	#
1160	760	3	29	295	#
1161	760	3	7	21	295	#
1162	760	3	15	13	295	#
1163	647	23	0	#
1164	246	17	#
1165	277	7	3	#
1166	263	6	296	#
1167	263	1	0	296	#
1168	1142	27	6	297	#
1169	1142	27	0	1	297	#
1170	1142	28	17	6	297	#
1171	1142	28	17	0	1	297	#
1172	1142	28	15	7	6	297	#
1173	907	25	298	#
1174	907	8	9	298	#
1175	832	6	7	19	299	#
1176	832	1	20	299	#
1177	832	1	14	19	299	#
1178	832	1	0	7	19	299	#
1179	832	6	18	4	299	#
1180	981	11	16	4	#
1181	732	20	300	#
1182	732	19	14	300	#
1183	732	19	7	0	300	#
1184	732	24	3	14	300	#
1185	732	4	18	0	300	#
1186	718	19	301	#
1187	718	3	24	301	#
1188	718	3	5	4	301	#
1189	718	3	5	10	9	301	#
1190	103	9	#
1191	264	10	#
1192	192	3	#
1193	195	15	#
1194	832	19	7	6	302	#
1195	832	20	1	302	#
1196	832	19	14	1	302	#
1197	832	19	7	0	1	302	#
1198	832	4	18	6	302	#
1199	143	1	#
1200	808	26	0	303	#
1201	808	10	18	0	303	#
1202	808	10	5	3	14	303	#
1203	808	10	5	3	7	0	303	#
1204	808	9	20	303	#
1205	700	11	29	304	#
1206	700	23	7	304	#
1207	700	11	21	7	304	#
1208	700	12	15	304	#
1209	700	11	13	15	304	#
1210	992	2	28	#
1211	175	3	#
1212	1142	27	6	305	#
1213	1142	27	0	1	305	#
1214	1142	28	17	6	305	#
1215	1142	28	17	0	1	305	#
1216	1142	28	15	7	6	305	#
1217	931	16	10	#
1218	717	6	21	306	#
1219	717	1	0	21	306	#
1220	697	0	21	307	#
1221	697	14	29	307	#
1222	697	0	7	29	307	#
1223	697	14	7	21	307	#
1224	1089	27	308	#
1225	1089	28	17	308	#
1226	1089	28	15	7	308	#
1227	295	10	309	#
1228	295	9	4	309	#
1229	584	29	310	#
1230	584	21	7	310	#
1231	584	13	15	310	#
1232	1156	15	28	311	#
1233	1156	7	27	311	#
1234	1156	7	17	28	311	#
1235	1156	3	2	28	311	#
1236	1156	14	0	27	311	#
1237	187	15	#
1238	732	20	312	#
1239	732	19	14	312	#
1240	732	19	7	0	312	#
1241	732	24	3	14	312	#
1242	732	4	18	0	312	#
1243	853	23	6	313	#
1244	853	23	0	1	313	#
1245	853	11	21	6	313	#
1246	853	11	21	0	1	313	#
1247	853	11	29	7	6	313	#
1248	910	25	314	#
1249	910	8	9	314	#
1250	945	16	11	315	#
1251	945	5	22	315	#
1252	945	5	2	12	315	#
1253	945	5	2	13	11	315	#
1254	100	0	#
1255	1102	4	16	11	316	#
1256	1102	24	22	316	#
1257	1102	4	5	22	316	#
1258	1102	24	2	12	316	#
1259	1102	24	2	13	11	316	#
1260	1154	27	0	317	#
1261	1154	28	17	0	317	#
1262	1154	28	15	14	317	#
1263	1154	28	15	7	0	317	#
1264	1154	27	7	14	317	#
1265	622	12	318	#
1266	622	11	13	318	#
1267	746	26	319	#
1268	746	18	10	319	#
1269	746	7	3	5	10	319	#
1270	746	7	19	9	319	#
1271	746	18	4	9	319	#
1272	876	28	#
1273	509	21	#
1274	206	6	320	#
1275	206	0	1	320	#
1276	238	3	#
1277	598	21	0	#
1278	149	11	#
1279	640	13	2	321	#
1280	640	29	3	321	#
1281	853	23	6	322	#
1282	853	23	0	1	322	#
1283	853	11	21	6	322	#
1284	853	11	21	0	1	322	#
1285	853	11	29	7	6	322	#
1286	1005	15	28	323	#
1287	1005	7	27	323	#
1288	125	1	#
1289	648	21	324	#
1290	648	7	29	324	#
1291	648	17	13	324	#
1292	297	17	325	#
1293	297	7	15	325	#
1294	1154	0	27	326	#
1295	1154	0	17	28	326	#
1296	1154	14	15	28	326	#
1297	1154	0	7	15	28	326	#
1298	1154	14	7	27	326	#
1299	715	26	0	#
1300	191	4	#
1301	590	2	13	#
1302	777	28	#
1303	755	22	327	#
1304	755	12	2	327	#
1305	755	11	13	2	327	#
1306	755	11	29	3	327	#
1307	813	6	26	#
1308	183	14	328	#
1309	183	0	7	328	#
1310	832	19	7	6	329	#
1311	832	20	1	329	#
1312	832	19	14	1	329	#
1313	832	19	7	0	1	329	#
1314	832	4	18	6	329	#
1315	1058	28	2	330	#
1316	1058	8	10	5	330	#
1317	1058	28	15	3	330	#
1318	1058	25	24	330	#
1319	1058	8	9	24	330	#
1320	190	11	#
1321	644	2	13	331	#
1322	644	3	29	331	#
1323	732	20	332	#
1324	732	19	14	332	#
1325	732	19	7	0	332	#
1326	732	24	3	14	332	#
1327	732	4	18	0	332	#
1328	308	10	333	#
1329	308	4	9	333	#
1330	362	17	0	334	#
1331	362	15	14	334	#
1332	362	15	7	0	334	#
1333	232	3	#
1334	1142	11	16	10	335	#
1335	1142	11	16	4	9	335	#
1336	1142	22	5	10	335	#
1337	1142	12	2	5	10	335	#
1338	1142	11	13	2	5	10	335	#
1339	739	8	#
1340	672	29	336	#
1341	672	7	21	336	#
1342	672	15	13	336	#
1343	1102	4	16	11	337	#
1344	1102	24	22	337	#
1345	1102	4	5	22	337	#
1346	1102	24	2	12	337	#
1347	1102	24	2	13	11	337	#
1348	372	7	3	#
1349	451	17	6	338	#
1350	451	17	0	1	338	#
1351	451	15	7	6	338	#
1352	451	15	14	1	338	#
1353	451	15	7	0	1	338	#
1354	315	5	#
1355	404	5	3	#
1356	366	7	3	#
1357	832	16	339	#
1358	832	5	2	13	339	#
1359	248	15	#
1360	671	6	18	340	#
1361	671	6	7	3	5	340	#
1362	671	1	0	18	340	#
1363	671	1	14	3	5	340	#
1364	671	1	0	7	3	5	340	#
1365	881	26	6	341	#
1366	881	26	0	1	341	#
1367	881	10	18	6	341	#
1368	881	10	5	3	7	6	341	#
1369	881	10	18	0	1	341	#
1370	575	21	342	#
1371	575	29	7	342	#
1372	975	16	11	343	#
1373	975	5	22	343	#
1374	975	5	2	12	343	#
1375	975	5	2	13	11	343	#
1376	975	5	3	29	11	343	#
1377	331	6	7	344	#
1378	331	1	14	344	#
1379	331	1	0	7	344	#
1380	746	26	345	#
1381	746	10	18	345	#
1382	746	10	5	3	7	345	#
1383	746	9	19	7	345	#
1384	746	9	4	18	345	#
1385	160	1	#
1386	640	19	346	#
1387	640	24	3	346	#
1388	640	4	5	3	346	#
1389	881	26	6	347	#
1390	881	26	0	1	347	#
1391	881	10	18	6	347	#
1392	881	10	5	3	7	6	347	#
1393	881	10	18	0	1	347	#
1394	537	0	21	#
1395	554	3	5	348	#
1396	554	7	18	348	#
1397	595	24	2	349	#
1398	595	4	5	2	349	#
1399	211	6	350	#
1400	211	0	1	350	#
1401	223	4	#
1402	451	17	6	351	#
1403	451	17	0	1	351	#
1404	451	15	7	6	351	#
1405	451	15	14	1	351	#
1406	451	15	7	0	1	351	#
1407	731	19	352	#
1408	731	3	24	352	#
1409	731	3	5	4	352	#
1410	731	3	5	10	9	352	#
1411	731	7	18	4	352	#
1412	226	10	#
1413	1142	27	6	353	#
1414	1142	27	0	1	353	#
1415	1142	28	17	6	353	#
1416	1142	28	17	0	1	353	#
1417	1142	28	15	7	6	353	#
1418	1055	11	16	10	#
1419	219	3	#
1420	214	3	#
1421	602	2	24	354	#
1422	602	2	5	4	354	#
1423	832	6	7	19	355	#
1424	832	1	20	355	#
1425	832	1	14	19	355	#
1426	832	1	0	7	19	355	#
1427	832	6	18	4	355	#
1428	881	6	26	356	#
1429	881	1	0	26	356	#
1430	881	6	18	10	356	#
1431	881	6	7	3	5	10	356	#
1432	881	1	0	18	10	356	#
1433	269	5	#
1434	808	0	26	357	#
1435	808	0	18	10	357	#
1436	808	14	3	5	10	357	#
1437	808	0	7	3	5	10	357	#
1438	808	20	9	357	#
1439	536	21	#
1440	537	24	358	#
1441	537	4	5	358	#
1442	451	17	6	359	#
1443	451	17	0	1	359	#
1444	451	15	7	6	359	#
1445	451	15	14	1	359	#
1446	451	15	7	0	1	359	#
1447	545	3	5	#
1448	794	22	360	#
1449	794	12	2	360	#
1450	794	11	13	2	360	#
1451	794	11	29	3	360	#
1452	794	23	7	3	360	#
1453	660	6	21	361	#
1454	660	1	0	21	361	#
1455	248	15	#
1456	853	23	6	362	#
1457	853	23	0	1	362	#
1458	853	11	21	6	362	#
1459	853	11	21	0	1	362	#
1460	853	11	29	7	6	362	#
1461	942	10	8	363	#
1462	942	4	25	363	#
1463	942	4	9	8	363	#
1464	792	8	10	#
1465	877	25	364	#
1466	877	9	8	364	#
1467	734	6	21	365	#
1468	734	1	0	21	365	#
1469	734	6	7	29	365	#
1470	734	1	14	29	365	#
1471	734	1	0	7	29	365	#
1472	355	6	7	366	#
1473	355	1	14	366	#
1474	355	1	0	7	366	#
1475	766	23	367	#
1476	766	21	11	367	#
1477	766	7	29	11	367	#
1478	766	17	12	367	#
1479	766	17	13	11	367	#
1480	1058	28	2	368	#
1481	1058	8	10	5	368	#
1482	1058	28	15	3	368	#
1483	1058	25	24	368	#
1484	1058	8	9	24	368	#
1485	1058	2	28	369	#
1486	1058	5	10	8	369	#
1487	1058	3	15	28	369	#
1488	1058	24	25	369	#
1489	1058	24	9	8	369	#
1490	451	17	6	370	#
1491	451	17	0	1	370	#
1492	451	15	7	6	370	#
1493	451	15	14	1	370	#
1494	451	15	7	0	1	370	#
1495	694	22	#
1496	734	6	21	371	#
1497	734	1	0	21	371	#
1498	734	6	7	29	371	#
1499	734	1	14	29	371	#
1500	734	1	0	7	29	371	#
1501	710	18	0	372	#
1502	710	5	3	14	372	#
1503	710	5	3	7	0	372	#
1504	710	18	7	14	372	#
1505	710	5	2	17	0	372	#
1506	832	19	7	6	373	#
1507	832	20	1	373	#
1508	832	19	14	1	373	#
1509	832	19	7	0	1	373	#
1510	832	4	18	6	373	#
1511	233	15	#
1512	464	21	#
1513	723	8	#
1514	528	5	3	#
1515	455	10	5	#
1516	115	7	#
1517	654	0	18	374	#
1518	654	14	3	5	374	#
1519	654	0	7	3	5	374	#
1520	671	6	18	375	#
1521	671	6	7	3	5	375	#
1522	671	1	0	18	375	#
1523	671	1	14	3	5	375	#
1524	671	1	0	7	3	5	375	#
1525	930	15	28	#
1526	1122	27	376	#
1527	1122	17	28	376	#
1528	1122	7	15	28	376	#
1529	1122	0	14	15	28	376	#
1530	1122	7	3	2	28	376	#
1531	794	22	377	#
1532	794	12	2	377	#
1533	794	11	13	2	377	#
1534	794	11	29	3	377	#
1535	794	23	7	3	377	#
1536	1058	28	2	378	#
1537	1058	8	10	5	378	#
1538	1058	28	15	3	378	#
1539	1058	25	24	378	#
1540	1058	8	9	24	378	#
1541	732	20	379	#
1542	732	14	19	379	#
1543	732	0	7	19	379	#
1544	732	14	3	24	379	#
1545	732	0	18	4	379	#
1546	761	8	380	#
1547	761	25	9	380	#
1548	115	7	#
1549	746	26	381	#
1550	746	18	10	381	#
1551	746	7	3	5	10	381	#
1552	746	7	19	9	381	#
1553	746	18	4	9	381	#
1554	200	4	#
1555	1068	11	16	10	#
1556	585	13	#
1557	759	23	382	#
1558	759	21	11	382	#
1559	759	7	29	11	382	#
1560	599	21	383	#
1561	599	29	7	383	#
1562	1138	11	16	10	384	#
1563	1138	11	16	4	9	384	#
1564	1138	22	5	10	384	#
1565	679	12	385	#
1566	679	11	13	385	#
1567	470	29	#
1568	570	12	386	#
1569	570	11	13	386	#
1570	165	1	#
1571	1079	8	10	387	#
1572	1079	25	4	387	#
1573	1079	8	9	4	387	#
1574	1079	25	9	10	387	#
1575	753	16	#
1576	988	28	#
1577	192	2	#
1578	605	2	24	388	#
1579	605	2	5	4	388	#
1580	451	6	17	389	#
1581	451	1	0	17	389	#
1582	451	6	7	15	389	#
1583	451	1	14	15	389	#
1584	451	1	0	7	15	389	#
1585	684	11	29	390	#
1586	684	23	7	390	#
1587	684	11	21	7	390	#
1588	833	28	#
1589	600	23	391	#
1590	600	21	11	391	#
1591	104	9	#
1592	685	25	392	#
1593	685	8	9	392	#
1594	964	28	#
1595	180	14	393	#
1596	180	0	7	393	#
1597	475	13	#
1598	451	6	17	394	#
1599	451	1	0	17	394	#
1600	451	6	7	15	394	#
1601	451	1	14	15	394	#
1602	451	1	0	7	15	394	#
1603	650	19	7	395	#
1604	650	4	18	395	#
1605	676	16	#
1606	1102	11	16	4	396	#
1607	1102	22	24	396	#
1608	1102	22	5	4	396	#
1609	1102	12	2	24	396	#
1610	1102	11	13	2	24	396	#
1611	832	6	7	19	397	#
1612	832	1	20	397	#
1613	832	1	14	19	397	#
1614	832	1	0	7	19	397	#
1615	832	6	18	4	397	#
1616	535	6	7	3	398	#
1617	535	1	14	3	398	#
1618	535	1	0	7	3	398	#
1619	561	19	#
1620	719	7	19	399	#
1621	719	18	4	399	#
1622	719	7	3	24	399	#
1623	719	7	3	5	4	399	#
1624	719	26	9	399	#
1625	611	24	2	400	#
1626	611	4	5	2	400	#
1627	794	22	401	#
1628	794	2	12	401	#
1629	794	2	13	11	401	#
1630	794	3	29	11	401	#
1631	794	3	7	23	401	#
1632	745	13	2	402	#
1633	745	29	3	402	#
1634	745	21	7	3	402	#
1635	745	13	15	3	402	#
1636	1154	0	27	403	#
1637	1154	0	17	28	403	#
1638	1154	14	15	28	403	#
1639	1154	0	7	15	28	403	#
1640	1154	14	7	27	403	#
1641	241	5	#
1642	700	11	29	404	#
1643	700	23	7	404	#
1644	700	11	21	7	404	#
1645	700	12	15	404	#
1646	700	11	13	15	404	#
1647	169	14	405	#
1648	169	7	0	405	#
1649	247	6	406	#
1650	247	0	1	406	#
1651	253	6	407	#
1652	253	0	1	407	#
1653	1033	11	16	10	#
1654	310	5	#
1655	1030	28	15	408	#
1656	1030	27	7	408	#
1657	1030	28	17	7	408	#
1658	1058	28	2	409	#
1659	1058	8	10	5	409	#
1660	1058	28	15	3	409	#
1661	1058	25	24	409	#
1662	1058	8	9	24	409	#
1663	582	19	410	#
1664	582	3	24	410	#
1665	582	3	5	4	410	#
1666	808	26	0	411	#
1667	808	10	18	0	411	#
1668	808	10	5	3	14	411	#
1669	808	10	5	3	7	0	411	#
1670	808	9	20	411	#
1671	885	10	16	#
1672	952	11	16	412	#
1673	952	22	5	412	#
1674	952	12	2	5	412	#
1675	952	11	13	2	5	412	#
1676	128	9	#
1677	829	23	6	413	#
1678	829	23	0	1	413	#
1679	829	11	21	6	413	#
1680	829	11	21	0	1	413	#
1681	1089	11	16	4	#
1682	244	15	#
1683	305	5	#
1684	582	10	5	414	#
1685	582	9	24	414	#
1686	582	9	4	5	414	#
1687	785	0	23	415	#
1688	785	0	21	11	415	#
1689	785	14	29	11	415	#
1690	785	0	7	29	11	415	#
1691	785	14	7	23	415	#
1692	166	11	#
1693	302	10	416	#
1694	302	4	9	416	#
1695	671	18	6	417	#
1696	671	5	3	7	6	417	#
1697	671	18	0	1	417	#
1698	671	5	3	14	1	417	#
1699	671	5	3	7	0	1	417	#
1700	1058	2	28	418	#
1701	1058	5	10	8	418	#
1702	1058	3	15	28	418	#
1703	1058	24	25	418	#
1704	1058	24	9	8	418	#
1705	180	15	#
1706	745	23	0	419	#
1707	745	11	21	0	419	#
1708	745	11	29	14	419	#
1709	199	4	#
1710	418	14	3	420	#
1711	418	0	7	3	420	#
1712	428	3	14	421	#
1713	428	3	7	0	421	#
1714	765	13	2	422	#
1715	765	29	3	422	#
1716	765	21	7	3	422	#
1717	765	13	15	3	422	#
1718	732	20	423	#
1719	732	14	19	423	#
1720	732	0	7	19	423	#
1721	732	14	3	24	423	#
1722	732	0	18	4	423	#
1723	732	20	424	#
1724	732	14	19	424	#
1725	732	0	7	19	424	#
1726	732	14	3	24	424	#
1727	732	0	18	4	424	#
1728	794	22	425	#
1729	794	2	12	425	#
1730	794	2	13	11	425	#
1731	794	3	29	11	425	#
1732	794	3	7	23	425	#
1733	291	3	7	#
1734	726	26	0	#
1735	309	7	6	426	#
1736	309	14	1	426	#
1737	309	7	0	1	426	#
1738	601	2	24	427	#
1739	601	2	5	4	427	#
1740	734	6	21	428	#
1741	734	1	0	21	428	#
1742	734	6	7	29	428	#
1743	734	1	14	29	428	#
1744	734	1	0	7	29	428	#
1745	474	29	#
1746	762	0	26	#
1747	605	0	21	#
1748	233	2	#
1749	287	6	7	429	#
1750	287	1	14	429	#
1751	287	1	0	7	429	#
1752	255	4	#
1753	746	26	430	#
1754	746	10	18	430	#
1755	746	10	5	3	7	430	#
1756	746	9	19	7	430	#
1757	746	9	4	18	430	#
1758	580	24	431	#
1759	580	4	5	431	#
1760	580	9	10	5	431	#
1761	1004	4	16	432	#
1762	1004	24	2	13	432	#
1763	1004	4	5	2	13	432	#
1764	1004	9	10	16	432	#
1765	1004	19	29	432	#
1766	909	16	433	#
1767	909	13	2	5	433	#
1768	909	29	3	5	433	#
1769	909	21	18	433	#
1770	909	21	7	3	5	433	#
1771	776	12	434	#
1772	776	11	13	434	#
1773	776	11	29	15	434	#
1774	93	7	#
1775	808	8	10	#
1776	702	25	435	#
1777	702	8	9	435	#
1778	717	23	436	#
1779	717	21	11	436	#
1780	717	7	29	11	436	#
1781	475	29	#
1782	960	27	437	#
1783	960	28	17	437	#
1784	960	28	15	7	437	#
1785	581	12	438	#
1786	581	13	11	438	#
1787	225	15	#
1788	589	2	13	#
1789	731	19	439	#
1790	731	24	3	439	#
1791	731	4	5	3	439	#
1792	731	9	10	5	3	439	#
1793	731	4	18	7	439	#
1794	284	5	#
1795	832	19	7	6	440	#
1796	832	20	1	440	#
1797	832	19	14	1	440	#
1798	832	19	7	0	1	440	#
1799	832	4	18	6	440	#
1800	503	5	3	#
1801	700	11	29	441	#
1802	700	23	7	441	#
1803	700	11	21	7	441	#
1804	700	12	15	441	#
1805	700	11	13	15	441	#
1806	456	24	442	#
1807	456	5	4	442	#
1808	975	16	11	443	#
1809	975	5	22	443	#
1810	975	5	2	12	443	#
1811	975	5	2	13	11	443	#
1812	975	5	3	29	11	443	#
1813	345	7	3	#
1814	182	11	#
1815	769	12	444	#
1816	769	13	11	444	#
1817	769	15	29	11	444	#
1818	710	18	0	445	#
1819	710	5	3	14	445	#
1820	710	5	3	7	0	445	#
1821	710	18	7	14	445	#
1822	710	5	2	17	0	445	#
1823	335	17	0	446	#
1824	335	15	14	446	#
1825	773	16	#
1826	1122	27	447	#
1827	1122	28	17	447	#
1828	1122	28	15	7	447	#
1829	1122	28	15	14	0	447	#
1830	1122	28	2	3	7	447	#
1831	832	6	7	19	448	#
1832	832	1	20	448	#
1833	832	1	14	19	448	#
1834	832	1	0	7	19	448	#
1835	832	6	18	4	448	#
1836	187	3	#
1837	688	11	29	449	#
1838	688	23	7	449	#
1839	688	11	21	7	449	#
1840	1004	4	16	450	#
1841	1004	24	2	13	450	#
1842	1004	4	5	2	13	450	#
1843	1004	9	10	16	450	#
1844	1004	19	29	450	#
1845	305	10	451	#
1846	305	4	9	451	#
1847	832	6	7	19	452	#
1848	832	1	20	452	#
1849	832	1	14	19	452	#
1850	832	1	0	7	19	452	#
1851	832	6	18	4	452	#
1852	731	19	453	#
1853	731	3	24	453	#
1854	731	3	5	4	453	#
1855	731	3	5	10	9	453	#
1856	731	7	18	4	453	#
1857	959	25	454	#
1858	959	8	9	454	#
1859	894	10	16	#
1860	719	7	19	455	#
1861	719	18	4	455	#
1862	719	7	3	24	455	#
1863	719	7	3	5	4	455	#
1864	719	26	9	455	#
1865	852	25	456	#
1866	852	8	9	456	#
1867	254	3	7	#
1868	103	7	#
1869	1142	10	16	11	457	#
1870	1142	9	4	16	11	457	#
1871	1142	10	5	22	457	#
1872	1142	10	5	2	12	457	#
1873	1142	10	5	2	13	11	457	#
1874	321	7	6	458	#
1875	321	14	1	458	#
1876	321	7	0	1	458	#
1877	498	18	459	#
1878	498	7	3	5	459	#
1879	943	16	10	460	#
1880	943	16	4	9	460	#
1881	985	15	28	#
1882	122	1	#
1883	915	8	10	461	#
1884	915	25	4	461	#
1885	915	8	9	4	461	#
1886	88	7	#
1887	808	26	0	462	#
1888	808	10	18	0	462	#
1889	808	10	5	3	14	462	#
1890	808	10	5	3	7	0	462	#
1891	808	9	20	462	#
1892	217	15	#
1893	710	18	0	463	#
1894	710	5	3	14	463	#
1895	710	5	3	7	0	463	#
1896	710	18	7	14	463	#
1897	710	5	2	17	0	463	#
1898	617	23	464	#
1899	617	11	21	464	#
1900	1058	2	28	465	#
1901	1058	5	10	8	465	#
1902	1058	3	15	28	465	#
1903	1058	24	25	465	#
1904	1058	24	9	8	465	#
1905	1058	28	2	466	#
1906	1058	8	10	5	466	#
1907	1058	28	15	3	466	#
1908	1058	25	24	466	#
1909	1058	8	9	24	466	#
1910	1089	8	10	467	#
1911	1089	25	4	467	#
1912	1089	8	9	4	467	#
1913	1089	25	9	10	467	#
1914	388	14	3	468	#
1915	388	0	7	3	468	#
1916	580	18	469	#
1917	580	7	3	5	469	#
1918	610	21	470	#
1919	610	29	7	470	#
1920	732	20	471	#
1921	732	14	19	471	#
1922	732	0	7	19	471	#
1923	732	14	3	24	471	#
1924	732	0	18	4	471	#
1925	1046	2	28	472	#
1926	1046	5	10	8	472	#
1927	1046	3	15	28	472	#
1928	522	24	473	#
1929	522	4	5	473	#
1930	526	24	474	#
1931	526	4	5	474	#
1932	659	19	475	#
1933	659	24	3	475	#
1934	659	4	5	3	475	#
1935	844	6	23	476	#
1936	844	1	0	23	476	#
1937	844	6	21	11	476	#
1938	844	1	0	21	11	476	#
1939	702	26	477	#
1940	702	10	18	477	#
1941	702	10	5	3	7	477	#
1942	700	11	29	478	#
1943	700	23	7	478	#
1944	700	11	21	7	478	#
1945	700	12	15	478	#
1946	700	11	13	15	478	#
1947	597	23	479	#
1948	597	11	21	479	#
1949	832	19	7	6	480	#
1950	832	20	1	480	#
1951	832	19	14	1	480	#
1952	832	19	7	0	1	480	#
1953	832	4	18	6	480	#
1954	639	3	5	10	#
1955	211	3	#
1956	690	19	7	481	#
1957	690	4	18	481	#
1958	690	24	3	7	481	#
1959	690	4	5	3	7	481	#
1960	528	18	482	#
1961	528	7	3	5	482	#
1962	243	4	#
1963	191	14	483	#
1964	191	0	7	483	#
1965	401	3	14	484	#
1966	401	3	7	0	484	#
1967	431	24	485	#
1968	431	5	4	485	#
1969	450	14	3	486	#
1970	450	0	7	3	486	#
1971	102	0	#
1972	113	0	#
1973	248	3	#
1974	732	20	487	#
1975	732	19	14	487	#
1976	732	19	7	0	487	#
1977	732	24	3	14	487	#
1978	732	4	18	0	487	#
1979	151	1	#
1980	258	10	#
1981	1030	10	16	11	#
1982	242	15	#
1983	571	10	5	488	#
1984	571	9	24	488	#
1985	571	9	4	5	488	#
1986	429	0	17	489	#
1987	429	14	15	489	#
1988	429	0	7	15	489	#
1989	719	22	490	#
1990	719	12	2	490	#
1991	719	11	13	2	490	#
1992	499	5	3	#
1993	572	21	491	#
1994	572	29	7	491	#
1995	640	11	29	492	#
1996	640	23	7	492	#
1997	734	6	21	493	#
1998	734	1	0	21	493	#
1999	734	6	7	29	493	#
2000	734	1	14	29	493	#
2001	734	1	0	7	29	493	#
2002	456	14	3	494	#
2003	456	0	7	3	494	#
2004	589	0	21	#
2005	186	2	#
2006	687	2	13	495	#
2007	687	3	29	495	#
2008	413	5	3	#
2009	595	2	24	496	#
2010	595	2	5	4	496	#
2011	434	0	17	497	#
2012	434	14	15	497	#
2013	434	0	7	15	497	#
2014	106	0	#
2015	276	7	6	498	#
2016	276	14	1	498	#
2017	328	10	499	#
2018	328	9	4	499	#
2019	947	10	16	500	#
2020	947	9	4	16	500	#
2021	678	2	13	501	#
2022	678	3	29	501	#
2023	677	21	6	502	#
2024	677	21	0	1	502	#
2025	710	0	18	503	#
2026	710	14	3	5	503	#
2027	710	0	7	3	5	503	#
2028	710	14	7	18	503	#
2029	710	0	17	2	5	503	#
2030	164	14	#
2031	467	10	5	#
2032	734	21	6	504	#
2033	734	21	0	1	504	#
2034	734	29	7	6	504	#
2035	734	29	14	1	504	#
2036	734	29	7	0	1	504	#
2037	1151	27	0	505	#
2038	1151	28	17	0	505	#
2039	1151	28	15	14	505	#
2040	1151	28	15	7	0	505	#
2041	706	23	506	#
2042	706	21	11	506	#
2043	706	7	29	11	506	#
2044	924	15	28	#
2045	630	2	13	507	#
2046	630	3	29	507	#
2047	101	0	#
2048	746	26	508	#
2049	746	10	18	508	#
2050	746	10	5	3	7	508	#
2051	746	9	19	7	508	#
2052	746	9	4	18	508	#
2053	467	24	509	#
2054	467	4	5	509	#
2055	315	6	7	510	#
2056	315	1	14	510	#
2057	315	1	0	7	510	#
2058	975	11	16	511	#
2059	975	22	5	511	#
2060	975	12	2	5	511	#
2061	975	11	13	2	5	511	#
2062	975	11	29	3	5	511	#
2063	538	21	0	#
2064	911	10	16	#
2065	1014	11	16	10	#
2066	175	2	#
2067	844	16	512	#
2068	844	13	2	5	512	#
2069	844	29	3	5	512	#
2070	405	14	3	513	#
2071	405	0	7	3	513	#
2072	472	29	#
2073	231	2	#
2074	630	0	23	#
2075	187	15	#
2076	881	26	6	514	#
2077	881	26	0	1	514	#
2078	881	10	18	6	514	#
2079	881	10	5	3	7	6	514	#
2080	881	10	18	0	1	514	#
2081	858	28	#
2082	169	11	#
2083	732	20	515	#
2084	732	14	19	515	#
2085	732	0	7	19	515	#
2086	732	14	3	24	515	#
2087	732	0	18	4	515	#
2088	881	26	6	516	#
2089	881	26	0	1	516	#
2090	881	10	18	6	516	#
2091	881	10	5	3	7	6	516	#
2092	881	10	18	0	1	516	#
2093	162	14	#
2094	529	29	517	#
2095	529	21	7	517	#
2096	832	6	7	19	518	#
2097	832	1	20	518	#
2098	832	1	14	19	518	#
2099	832	1	0	7	19	518	#
2100	832	6	18	4	518	#
2101	135	9	#
2102	668	29	11	519	#
2103	668	7	23	519	#
2104	668	7	21	11	519	#
2105	670	8	#
2106	638	6	21	520	#
2107	638	1	0	21	520	#
2108	1004	16	4	521	#
2109	1004	13	2	24	521	#
2110	1004	13	2	5	4	521	#
2111	1004	16	10	9	521	#
2112	1004	29	19	521	#
2113	671	18	6	522	#
2114	671	5	3	7	6	522	#
2115	671	18	0	1	522	#
2116	671	5	3	14	1	522	#
2117	671	5	3	7	0	1	522	#
2118	217	4	#
2119	732	20	523	#
2120	732	14	19	523	#
2121	732	0	7	19	523	#
2122	732	14	3	24	523	#
2123	732	0	18	4	523	#
2124	732	20	524	#
2125	732	14	19	524	#
2126	732	0	7	19	524	#
2127	732	14	3	24	524	#
2128	732	0	18	4	524	#
2129	335	3	7	#
2130	574	19	525	#
2131	574	24	3	525	#
2132	297	7	6	526	#
2133	297	14	1	526	#
2134	297	7	0	1	526	#
2135	931	16	10	#
2136	574	21	0	#
2137	671	18	6	527	#
2138	671	5	3	7	6	527	#
2139	671	18	0	1	527	#
2140	671	5	3	14	1	527	#
2141	671	5	3	7	0	1	527	#
2142	803	0	26	528	#
2143	803	0	18	10	528	#
2144	803	14	3	5	10	528	#
2145	803	0	7	3	5	10	528	#
2146	715	19	529	#
2147	715	24	3	529	#
2148	715	4	5	3	529	#
2149	715	9	10	5	3	529	#
2150	613	0	21	530	#
2151	613	14	29	530	#
2152	224	15	#
2153	242	17	#
2154	546	5	10	531	#
2155	546	24	9	531	#
2156	546	5	4	9	531	#
2157	548	0	18	#
2158	659	11	29	532	#
2159	659	23	7	532	#
2160	659	11	21	7	532	#
2161	1078	11	16	10	533	#
2162	1078	11	16	4	9	533	#
2163	455	3	14	534	#
2164	455	3	7	0	534	#
2165	515	10	5	535	#
2166	515	9	24	535	#
2167	515	9	4	5	535	#
2168	247	3	#
2169	208	2	#
2170	174	3	#
2171	454	24	536	#
2172	454	4	5	536	#
2173	692	0	23	537	#
2174	692	0	21	11	537	#
2175	853	23	6	538	#
2176	853	23	0	1	538	#
2177	853	11	21	6	538	#
2178	853	11	21	0	1	538	#
2179	853	11	29	7	6	538	#
2180	303	10	539	#
2181	303	4	9	539	#
2182	1122	27	540	#
2183	1122	17	28	540	#
2184	1122	7	15	28	540	#
2185	1122	0	14	15	28	540	#
2186	1122	7	3	2	28	540	#
2187	567	29	541	#
2188	567	21	7	541	#
2189	519	18	542	#
2190	519	5	3	7	542	#
2191	451	6	17	543	#
2192	451	1	0	17	543	#
2193	451	6	7	15	543	#
2194	451	1	14	15	543	#
2195	451	1	0	7	15	543	#
2196	719	7	19	544	#
2197	719	18	4	544	#
2198	719	7	3	24	544	#
2199	719	7	3	5	4	544	#
2200	719	26	9	544	#
2201	686	25	545	#
2202	686	8	9	545	#
2203	1154	0	27	546	#
2204	1154	0	17	28	546	#
2205	1154	14	15	28	546	#
2206	1154	0	7	15	28	546	#
2207	1154	14	7	27	546	#
2208	372	7	3	#
2209	532	21	0	#
2210	94	0	#
2211	193	6	#
2212	112	7	#
2213	567	19	#
2214	241	3	#
2215	545	21	547	#
2216	545	7	29	547	#
2217	122	7	#
2218	1142	11	16	10	548	#
2219	1142	11	16	4	9	548	#
2220	1142	22	5	10	548	#
2221	1142	12	2	5	10	548	#
2222	1142	11	13	2	5	10	548	#
2223	667	13	2	549	#
2224	667	29	3	549	#
2225	688	0	18	550	#
2226	688	14	3	5	550	#
2227	688	0	7	3	5	550	#
2228	456	3	7	6	551	#
2229	456	3	14	1	551	#
2230	456	3	7	0	1	551	#
2231	1089	11	16	4	#
2232	1058	2	28	552	#
2233	1058	5	10	8	552	#
2234	1058	3	15	28	552	#
2235	1058	24	25	552	#
2236	1058	24	9	8	552	#
2237	116	9	#
2238	244	4	#
2239	196	11	#
2240	617	13	2	#
2241	493	5	3	#
2242	133	9	#
2243	657	11	29	553	#
2244	657	23	7	553	#
2245	657	11	21	7	553	#
2246	624	0	21	554	#
2247	624	14	29	554	#
2248	624	0	7	29	554	#
2249	1004	4	16	555	#
2250	1004	24	2	13	555	#
2251	1004	4	5	2	13	555	#
2252	1004	9	10	16	555	#
2253	1004	19	29	555	#
2254	430	13	#
2255	186	6	#
2256	717	25	556	#
2257	717	9	8	556	#
2258	111	9	#
2259	703	3	5	10	557	#
2260	703	19	9	557	#
2261	703	3	24	9	557	#
2262	703	3	5	4	9	557	#
2263	703	7	26	557	#
2264	218	4	#
2265	783	13	2	558	#
2266	783	29	3	558	#
2267	783	21	7	3	558	#
2268	783	13	15	3	558	#
2269	710	0	18	559	#
2270	710	14	3	5	559	#
2271	710	0	7	3	5	559	#
2272	710	14	7	18	559	#
2273	710	0	17	2	5	559	#
2274	975	16	11	560	#
2275	975	5	22	560	#
2276	975	5	2	12	560	#
2277	975	5	2	13	11	560	#
2278	975	5	3	29	11	560	#
2279	121	0	#
2280	700	10	5	3	561	#
2281	700	9	19	561	#
2282	700	9	24	3	561	#
2283	700	9	4	5	3	561	#
2284	302	5	#
2285	459	21	#
2286	853	23	6	562	#
2287	853	23	0	1	562	#
2288	853	11	21	6	562	#
2289	853	11	21	0	1	562	#
2290	853	11	29	7	6	562	#
2291	577	13	#
2292	197	3	#
2293	206	15	#
2294	949	16	4	#
2295	742	23	563	#
2296	742	21	11	563	#
2297	742	7	29	11	563	#
2298	1058	28	2	564	#
2299	1058	8	10	5	564	#
2300	1058	28	15	3	564	#
2301	1058	25	24	564	#
2302	1058	8	9	24	564	#
2303	1154	0	27	565	#
2304	1154	0	17	28	565	#
2305	1154	14	15	28	565	#
2306	1154	0	7	15	28	565	#
2307	1154	14	7	27	565	#
2308	633	21	566	#
2309	633	29	7	566	#
2310	135	9	#
2311	572	12	567	#
2312	572	11	13	567	#
2313	1019	27	0	#
2314	122	7	#
2315	624	2	24	568	#
2316	624	2	5	4	568	#
2317	1071	11	16	10	#
2318	675	12	569	#
2319	675	13	11	569	#
2320	176	11	#
2321	580	2	24	570	#
2322	580	2	5	4	570	#
2323	591	2	24	571	#
2324	591	2	5	4	571	#
2325	665	12	572	#
2326	665	13	11	572	#
2327	243	3	#
2328	442	6	17	573	#
2329	442	1	0	17	573	#
2330	442	6	7	15	573	#
2331	182	15	#
2332	223	5	#
2333	465	0	17	574	#
2334	465	14	15	574	#
2335	465	0	7	15	574	#
2336	571	0	21	#
2337	1154	27	0	575	#
2338	1154	28	17	0	575	#
2339	1154	28	15	14	575	#
2340	1154	28	15	7	0	575	#
2341	1154	27	7	14	575	#
2342	1156	15	28	576	#
2343	1156	7	27	576	#
2344	1156	7	17	28	576	#
2345	1156	3	2	28	576	#
2346	1156	14	0	27	576	#
2347	698	7	19	577	#
2348	698	18	4	577	#
2349	698	7	3	24	577	#
2350	698	7	3	5	4	577	#
2351	794	22	578	#
2352	794	12	2	578	#
2353	794	11	13	2	578	#
2354	794	11	29	3	578	#
2355	794	23	7	3	578	#
2356	151	1	#
2357	242	2	#
2358	595	18	579	#
2359	595	7	3	5	579	#
2360	683	19	580	#
2361	683	3	24	580	#
2362	683	3	5	4	580	#
2363	1039	4	16	11	#
2364	703	3	5	10	581	#
2365	703	19	9	581	#
2366	703	3	24	9	581	#
2367	703	3	5	4	9	581	#
2368	703	7	26	581	#
2369	832	6	7	19	582	#
2370	832	1	20	582	#
2371	832	1	14	19	582	#
2372	832	1	0	7	19	582	#
2373	832	6	18	4	582	#
2374	90	7	#
2375	785	0	23	583	#
2376	785	0	21	11	583	#
2377	785	14	29	11	583	#
2378	785	0	7	29	11	583	#
2379	785	14	7	23	583	#
2380	254	15	#
2381	909	16	584	#
2382	909	13	2	5	584	#
2383	909	29	3	5	584	#
2384	909	21	18	584	#
2385	909	21	7	3	5	584	#
2386	623	11	29	#
2387	104	0	#
2388	1156	28	15	585	#
2389	1156	27	7	585	#
2390	1156	28	17	7	585	#
2391	1156	28	2	3	585	#
2392	1156	27	0	14	585	#
2393	675	0	23	586	#
2394	675	0	21	11	586	#
2395	534	18	587	#
2396	534	7	3	5	587	#
2397	330	3	7	#
2398	644	21	588	#
2399	644	7	29	588	#
2400	644	17	13	588	#
