%% File generated by CATS v.2.1Tue Aug 20 18:55:53 2019

%% The CATS webpage is http://robotics.stanford.edu/CATS

%% PARAMETER SETTINGS:
% Goods: 30; Bids: 300; Distribution: regions-upv; Runs: 10; Seed: 1566344953
% Regions Distribution Parameters:
% Max Substitutable Bids = 5
% Removing HV Neighbor   = 0.1
% Adding DIAG Neighbor   = 0.2
% Additional Location    = 0.9
% Jump Probability       = 0.05
% Additivity             = 0.2
% Budget Factor          = 1.5
% Resale Factor          = 0.5
% Uniform Private Value:
%   Deviation            = 0.5
%   Max Good Value       = 100



goods 30
bids 305
dummy 54

0	923607	13	12	7	8	18	19	9	6	24	1	23	14	17	22	5	2	30	#
1	1011233	17	22	18	19	23	24	13	21	12	11	10	8	4	7	1	6	30	#
2	929440	12	11	8	13	6	18	5	9	1	17	24	23	7	22	0	16	30	#
3	917029	23	24	19	17	22	18	13	12	8	11	6	21	5	3	9	10	30	#
4	913499	8	9	12	13	18	19	23	24	7	22	6	11	1	3	4	5	30	#
5	901682	24	23	22	21	18	19	15	17	12	13	7	8	9	10	14	5	30	#
6	77589	26	#
7	462449	23	18	13	19	8	17	9	31	#
8	500893	23	22	18	19	14	9	8	31	#
9	487795	18	13	14	8	19	17	23	31	#
10	481687	8	29	9	2	7	14	12	31	#
11	460741	13	14	12	19	8	2	9	31	#
12	451296	19	24	14	9	23	8	12	31	#
13	983247	17	12	13	22	7	21	16	15	20	8	18	19	23	2	11	24	6	5	0	10	32	#
14	1029059	13	12	17	8	19	11	16	7	23	24	21	15	20	18	3	2	10	5	0	4	32	#
15	985530	16	11	15	20	21	17	10	12	23	13	5	24	22	2	18	7	19	8	1	6	32	#
16	985004	8	12	11	16	13	18	3	2	7	17	9	21	6	5	23	24	22	10	20	19	32	#
17	981299	22	21	29	23	17	20	16	3	24	2	19	14	11	12	18	13	4	7	6	15	32	#
18	978808	7	12	17	2	23	3	8	4	6	18	13	1	5	24	10	19	11	0	14	22	32	#
19	114907	25	#
20	323175	10	11	5	6	1	33	#
21	403857	1	6	5	10	0	33	#
22	402647	10	15	21	20	16	33	#
23	345047	5	10	6	7	0	33	#
24	283443	11	16	15	21	6	33	#
25	215376	6	7	12	24	5	33	#
26	433519	9	8	12	17	14	23	16	2	34	#
27	550799	12	17	0	18	8	1	13	9	34	#
28	529712	2	1	8	9	3	0	6	7	34	#
29	499930	8	2	7	6	1	3	0	5	34	#
30	483967	16	15	17	10	11	6	18	12	34	#
31	455436	17	7	8	18	3	9	12	23	34	#
32	389624	6	5	10	7	2	20	8	15	35	#
33	522637	6	5	1	2	8	9	3	13	35	#
34	454385	8	2	3	12	9	13	18	17	35	#
35	378024	10	5	15	6	11	1	16	12	35	#
36	374480	2	3	8	9	10	12	11	4	35	#
37	363628	5	6	10	1	24	11	23	2	35	#
38	215423	23	8	3	36	#
39	251544	3	4	8	36	#
40	236246	8	7	13	36	#
41	127938	23	24	22	36	#
42	977910	1	0	2	7	3	5	8	4	6	13	14	19	18	24	23	37	#
43	969207	24	19	23	14	22	18	13	8	3	2	7	9	1	6	0	37	#
44	959026	19	14	18	17	23	22	21	12	7	8	24	2	13	1	20	37	#
45	956379	23	22	17	24	19	14	10	5	0	11	16	1	21	13	2	37	#
46	956231	3	8	2	13	7	14	1	19	24	6	0	11	10	18	23	37	#
47	929159	7	2	1	0	5	3	8	10	13	14	12	18	23	24	19	37	#
48	366152	5	0	6	10	7	11	12	20	17	21	38	#
49	507616	6	11	5	1	10	12	0	16	13	7	38	#
50	495682	20	21	22	15	23	17	18	19	0	11	38	#
51	474568	21	20	22	24	23	17	12	13	18	11	38	#
52	469369	11	16	17	12	13	22	23	18	21	15	38	#
53	448176	5	10	6	11	0	16	1	12	15	13	38	#
54	838718	27	13	18	19	8	7	0	23	12	2	1	11	9	39	#
55	941630	18	13	19	8	14	9	7	2	24	23	1	22	0	39	#
56	932709	0	1	2	8	7	13	18	19	23	3	9	4	14	39	#
57	878639	19	18	14	9	13	8	24	7	2	3	23	4	17	39	#
58	861507	9	8	13	10	7	2	12	3	14	18	4	19	1	39	#
59	856352	7	2	8	12	9	13	18	21	16	15	1	23	24	39	#
60	328274	28	21	16	22	40	#
61	361201	22	17	18	23	40	#
62	278607	28	8	3	2	40	#
63	266643	21	15	16	17	40	#
64	179211	16	12	11	6	40	#
65	168292	7	2	1	41	#
66	223861	2	1	0	41	#
67	181060	1	2	3	41	#
68	109163	7	2	12	41	#
69	1166753	22	23	17	12	8	7	13	2	11	14	9	24	6	18	21	20	1	19	0	5	16	3	4	42	#
70	1256804	0	1	5	6	2	7	8	12	11	3	13	17	9	14	23	22	10	24	18	28	16	19	4	42	#
71	1208814	16	11	17	12	23	7	8	13	22	9	18	3	24	14	2	25	1	19	6	0	21	5	20	42	#
72	1202936	7	8	13	3	12	11	18	10	19	2	17	6	9	14	16	22	23	4	5	1	0	29	21	42	#
73	1196440	2	1	6	8	7	9	11	0	3	10	5	14	13	12	20	16	17	22	4	23	18	21	19	42	#
74	1188999	13	12	17	22	18	19	8	21	7	16	23	14	11	9	10	24	6	1	2	5	0	3	4	42	#
75	380879	22	21	16	20	15	10	43	#
76	380370	15	10	20	16	5	17	43	#
77	366207	20	21	22	17	24	16	43	#
78	363306	10	5	6	0	7	1	43	#
79	317683	21	15	20	16	6	22	43	#
80	273598	22	17	16	12	15	8	43	#
81	338060	4	3	2	8	44	#
82	353962	4	3	8	7	44	#
83	299046	2	3	4	7	44	#
84	290139	3	2	7	8	44	#
85	278879	8	7	6	5	44	#
86	1459736	11	6	7	8	2	12	17	23	3	13	18	22	21	1	15	24	10	19	16	9	5	0	14	4	20	25	45	#
87	1475334	14	13	19	18	12	24	8	23	17	22	7	3	9	21	2	16	4	25	1	0	5	26	6	11	10	20	45	#
88	1364997	6	7	1	28	5	2	0	11	12	17	18	22	23	19	10	21	24	16	3	8	9	13	14	15	20	4	45	#
89	1347982	17	22	12	21	16	18	11	7	8	2	23	6	19	24	1	13	5	9	0	10	15	14	3	4	20	29	45	#
90	1331174	13	18	8	19	7	9	2	14	1	0	12	11	17	24	23	22	5	6	21	27	3	16	15	10	20	4	45	#
91	1324552	22	17	21	16	5	0	12	11	7	23	6	8	2	1	10	24	19	18	3	14	9	4	13	15	20	26	45	#
92	243269	6	11	10	15	46	#
93	305892	6	1	5	11	46	#
94	286932	11	10	5	0	46	#
95	228752	10	15	11	12	46	#
96	233153	21	20	16	47	#
97	178442	21	16	22	47	#
98	119478	16	21	15	47	#
99	98351	20	15	21	47	#
100	312444	0	23	24	5	17	18	12	48	#
101	433863	12	8	13	19	18	17	23	48	#
102	420459	24	23	17	18	13	8	12	48	#
103	365137	17	12	7	11	18	13	10	48	#
104	247697	5	0	10	15	21	11	20	48	#
105	387496	1	6	2	11	16	49	#
106	342346	2	1	6	3	4	49	#
107	334172	1	6	0	2	11	49	#
108	319961	6	11	1	0	16	49	#
109	272237	16	11	15	10	6	49	#
110	222065	11	12	6	1	10	49	#
111	626470	20	15	21	22	23	10	17	18	19	24	50	#
112	727038	17	12	18	7	13	8	19	3	9	23	50	#
113	712475	19	24	23	18	17	22	13	14	8	3	50	#
114	700965	18	19	17	23	22	14	13	24	8	2	50	#
115	698166	22	21	17	18	19	23	24	20	13	8	50	#
116	670051	23	17	22	18	19	24	13	8	3	12	50	#
117	79796	22	#
118	324152	8	2	1	6	51	#
119	308554	1	2	6	7	51	#
120	288967	6	5	7	1	51	#
121	272376	8	7	3	4	51	#
122	169974	2	3	22	8	51	#
123	456451	24	19	23	17	16	18	52	#
124	416182	18	17	16	2	19	3	52	#
125	411049	17	6	18	16	19	24	52	#
126	391512	16	11	17	10	23	24	52	#
127	373451	24	23	18	13	22	19	52	#
128	370794	19	14	24	9	1	23	52	#
129	415411	14	13	19	9	8	24	2	53	#
130	614920	19	14	9	18	23	17	16	53	#
131	550806	24	19	18	13	8	9	23	53	#
132	447201	13	12	18	8	9	23	14	53	#
133	425173	2	1	0	8	7	9	6	53	#
134	400015	8	2	9	13	3	4	7	53	#
135	1220082	18	19	17	12	16	23	24	11	7	6	14	5	10	15	13	22	1	2	8	20	21	0	9	3	4	54	#
136	1321929	3	4	8	12	11	25	2	7	15	9	6	1	16	17	22	23	18	24	14	21	19	10	20	0	5	54	#
137	1312407	19	24	23	18	17	22	21	20	14	15	11	6	25	12	7	2	16	8	1	13	0	10	3	4	9	54	#
138	1295903	8	2	7	12	0	6	11	15	1	9	21	20	16	4	3	17	18	23	24	19	14	10	22	5	29	54	#
139	1283601	4	3	2	7	8	1	6	12	5	11	15	29	16	17	9	21	22	23	0	18	24	20	10	13	19	54	#
140	1250539	23	24	19	14	17	18	9	13	8	7	3	16	2	22	6	1	12	11	15	29	4	0	21	5	20	54	#
141	958425	7	4	3	2	8	13	9	18	14	19	23	17	22	24	21	55	#
142	1101941	7	6	2	1	3	25	0	4	8	13	29	5	11	10	15	55	#
143	1013832	8	7	2	13	3	1	9	14	4	20	21	15	18	23	10	55	#
144	1007801	14	9	19	8	2	13	7	18	3	4	17	1	5	0	22	55	#
145	993314	24	23	18	13	22	17	8	3	14	2	9	4	7	1	11	55	#
146	971264	2	8	3	4	7	6	9	13	14	1	0	18	11	5	10	55	#
147	392648	23	17	18	12	8	9	56	#
148	407974	23	17	24	19	18	14	56	#
149	384214	17	1	6	22	2	23	56	#
150	378170	18	23	22	17	21	0	56	#
151	354421	12	7	8	17	6	1	56	#
152	328669	8	9	14	19	7	13	56	#
153	401716	2	1	0	7	6	57	#
154	432273	2	1	3	4	6	57	#
155	419037	7	25	2	1	6	57	#
156	388049	1	2	6	3	7	57	#
157	288932	6	7	1	0	11	57	#
158	375898	13	12	14	17	23	8	3	58	#
159	531567	14	19	18	17	13	23	22	58	#
160	522997	23	18	24	13	17	14	8	58	#
161	478924	13	18	19	24	12	17	23	58	#
162	439501	3	2	1	27	4	8	9	58	#
163	421926	17	12	23	13	9	8	18	58	#
164	1166804	7	12	6	17	13	5	0	14	18	11	9	23	8	22	1	24	10	19	16	15	59	#
165	1353213	1	0	6	7	8	13	18	12	14	4	11	16	15	20	19	21	10	17	22	9	59	#
166	1297909	13	8	12	7	17	9	23	14	22	18	19	6	21	16	20	11	15	10	1	0	59	#
167	1297178	9	8	13	12	14	18	19	11	15	17	2	7	6	21	28	16	10	0	23	20	59	#
168	1238505	11	16	17	21	12	13	18	22	7	14	8	6	1	19	20	15	0	23	9	24	59	#
169	1216331	14	9	19	18	13	23	12	7	8	6	17	16	11	1	0	15	2	20	21	5	59	#
170	518419	28	23	24	10	17	22	12	60	#
171	525937	23	5	0	1	6	17	2	60	#
172	516954	12	13	7	17	18	8	22	60	#
173	495967	28	27	6	7	2	12	8	60	#
174	479683	17	0	23	5	10	12	18	60	#
175	414786	22	17	23	24	18	21	13	60	#
176	64776	29	#
177	169714	8	12	61	#
178	193173	8	13	61	#
179	115136	12	13	61	#
180	130335	18	#
181	82340	29	#
182	76552	29	#
183	45766	26	#
184	1112363	12	7	11	2	3	16	1	8	0	13	14	21	9	6	22	19	5	23	20	15	18	17	10	24	4	62	#
185	1253487	17	16	18	12	25	8	22	2	23	21	19	3	7	11	10	1	14	13	6	20	15	0	5	4	9	62	#
186	1214879	4	3	8	12	7	6	2	9	13	14	1	16	5	15	20	21	22	11	0	10	18	23	17	29	19	62	#
187	1196275	21	20	22	16	15	23	24	11	18	6	12	5	7	25	1	0	10	13	4	2	19	8	3	14	9	62	#
188	1177033	16	15	11	21	22	20	12	13	8	9	23	17	14	25	18	7	6	1	19	2	3	5	10	0	24	62	#
189	1139039	20	21	15	16	22	11	29	12	13	18	23	7	14	8	19	3	4	28	2	1	6	5	0	9	24	62	#
190	1175706	20	21	22	23	17	18	12	13	19	14	16	15	7	6	11	5	24	8	2	1	3	4	0	10	9	63	#
191	1347143	4	3	2	7	12	13	1	14	19	18	6	23	22	11	15	24	29	20	17	21	16	26	5	8	10	63	#
192	1311665	5	6	1	2	7	10	15	0	12	20	21	11	22	23	16	17	18	13	14	3	25	19	8	4	24	63	#
193	1297140	3	2	1	4	6	7	12	11	15	20	21	5	16	22	17	18	23	19	8	24	29	13	9	28	27	63	#
194	1295601	18	22	23	19	13	21	12	7	17	6	5	1	2	24	11	14	20	15	10	8	16	3	0	4	29	63	#
195	1255240	7	12	6	17	22	23	8	5	11	3	16	13	15	24	19	4	2	27	1	18	20	14	21	0	10	63	#
196	266876	6	5	7	2	12	64	#
197	351497	12	7	6	17	26	64	#
198	299331	2	7	6	3	12	64	#
199	265137	6	5	7	12	13	64	#
200	258681	7	6	5	12	0	64	#
201	255039	5	0	1	2	7	64	#
202	256419	23	18	13	65	#
203	290477	18	13	8	65	#
204	225733	23	18	1	65	#
205	1298411	18	17	16	11	19	15	12	13	23	8	24	2	3	10	20	9	1	7	22	21	6	5	14	4	0	66	#
206	1336553	3	2	4	8	1	12	13	7	9	11	16	17	10	21	15	18	20	6	22	14	19	23	5	29	0	66	#
207	1296799	0	1	6	2	8	3	5	7	25	9	12	13	11	14	18	10	19	17	15	24	23	16	4	20	21	66	#
208	1273464	22	23	17	21	18	15	16	13	11	10	20	24	12	6	8	19	5	26	9	2	25	7	1	14	3	66	#
209	1258537	2	3	8	4	9	12	13	18	23	22	14	24	17	1	7	21	19	0	27	5	6	15	16	10	11	66	#
210	1249664	11	10	15	5	12	6	13	18	17	16	8	3	7	2	23	9	20	21	24	28	1	22	19	0	14	66	#
211	160848	4	3	8	67	#
212	192906	4	3	6	67	#
213	143647	8	13	12	67	#
214	1120156	0	3	1	8	2	6	12	7	4	5	10	11	15	13	21	14	19	18	17	23	24	22	16	9	20	68	#
215	1231579	12	26	8	25	9	14	7	13	11	6	1	19	0	24	18	15	10	2	21	23	5	20	29	22	16	68	#
216	1196880	6	11	12	5	10	1	0	17	8	15	21	7	18	2	23	16	19	24	14	9	25	22	3	13	4	68	#
217	1175434	5	10	0	6	11	1	2	8	26	12	3	13	14	19	15	18	24	21	22	23	9	16	7	4	17	68	#
218	1168425	8	12	2	3	1	6	0	5	10	15	20	21	22	11	13	4	16	18	14	19	7	23	24	25	9	68	#
219	1145616	14	19	22	18	9	23	29	24	8	21	12	17	2	13	1	0	16	15	10	6	5	11	7	3	4	68	#
220	584823	17	23	18	19	16	14	24	21	20	11	69	#
221	630117	11	12	17	18	19	23	7	16	21	8	69	#
222	603451	23	24	17	18	12	11	16	10	19	8	69	#
223	566709	18	17	12	19	8	16	24	7	23	11	69	#
224	552888	20	21	15	11	6	1	5	16	10	2	69	#
225	544809	14	19	24	23	18	17	12	7	2	6	69	#
226	844632	13	11	8	12	16	7	21	14	9	17	18	19	23	24	20	22	70	#
227	982492	11	6	7	8	1	5	12	0	19	13	14	18	16	9	17	21	70	#
228	933176	17	16	21	11	12	18	8	13	20	2	1	9	14	25	7	19	70	#
229	911684	13	12	8	7	14	9	19	6	1	3	18	24	17	11	0	16	70	#
230	900850	18	23	13	14	8	19	7	12	24	9	3	2	4	17	16	1	70	#
231	872463	12	13	17	7	14	8	9	11	16	19	24	6	5	18	21	23	70	#
232	45150	27	#
233	852192	22	21	17	23	12	8	3	4	24	7	2	27	16	1	71	#
234	946132	7	8	2	12	1	13	14	3	17	4	16	22	23	0	71	#
235	937136	8	3	22	12	7	13	2	17	16	11	1	21	4	0	71	#
236	927129	2	7	12	8	3	1	13	6	17	22	16	21	18	4	71	#
237	892695	1	2	7	12	0	25	8	13	5	11	16	10	29	3	71	#
238	892286	3	2	1	26	8	7	0	6	5	12	4	11	10	16	71	#
239	46225	1	#
240	418675	18	23	19	13	14	72	#
241	448134	23	17	24	18	22	72	#
242	429665	19	25	24	14	23	72	#
243	421920	14	19	24	23	22	72	#
244	413382	18	23	22	13	24	72	#
245	354952	13	18	14	12	8	72	#
246	209110	2	1	0	73	#
247	159364	1	2	7	73	#
248	128538	2	8	12	73	#
249	699127	4	3	8	9	2	12	13	7	1	18	23	19	74	#
250	685135	19	18	23	17	22	21	12	20	0	13	16	24	74	#
251	683047	9	8	12	13	11	7	6	18	2	19	16	15	74	#
252	676107	2	7	8	9	13	21	16	14	11	22	23	19	74	#
253	673738	18	13	19	8	23	2	3	22	9	14	12	21	74	#
254	670887	12	13	18	14	11	19	22	9	16	23	24	10	74	#
255	612871	2	8	7	3	1	9	6	13	12	75	#
256	728341	1	2	3	4	8	13	7	0	9	75	#
257	714097	9	8	13	2	7	1	3	0	6	75	#
258	710865	2	1	6	7	5	11	0	16	10	75	#
259	709347	3	4	2	1	6	8	7	5	9	75	#
260	645875	13	12	17	8	3	22	11	10	1	75	#
261	315754	15	21	22	16	20	76	#
262	391813	15	21	10	16	22	76	#
263	365152	21	16	20	15	10	76	#
264	355593	22	23	17	18	13	76	#
265	682852	6	1	5	0	2	10	3	8	7	12	17	77	#
266	785050	6	5	0	10	1	7	8	9	2	3	4	77	#
267	755532	2	7	8	12	3	9	17	1	16	4	22	77	#
268	729659	0	1	5	26	10	6	15	21	16	22	17	77	#
269	726151	5	0	6	1	2	10	7	8	3	12	4	77	#
270	724619	7	6	12	8	17	22	21	1	16	23	18	77	#
271	1010822	19	14	18	9	17	13	7	23	2	8	3	12	4	1	6	22	78	#
272	1019567	6	1	2	8	5	3	7	12	4	17	9	14	23	22	18	19	78	#
273	954871	13	14	8	2	3	4	9	1	0	6	19	7	5	12	17	18	78	#
274	946542	4	3	2	8	1	6	7	12	13	17	14	10	23	18	5	9	78	#
275	938898	12	13	8	3	2	14	7	4	11	6	17	22	1	18	23	19	78	#
276	922137	1	6	11	2	8	12	3	7	17	4	9	14	22	25	5	23	78	#
277	563201	14	13	12	11	6	9	8	16	21	7	2	79	#
278	725315	14	13	9	8	29	3	2	4	7	18	1	79	#
279	685370	7	8	3	4	12	2	17	11	6	16	1	79	#
280	668796	2	3	1	4	8	9	12	17	6	11	13	79	#
281	659796	9	8	14	12	17	2	16	7	23	22	19	79	#
282	637727	8	9	2	3	14	7	6	12	4	1	13	79	#
283	589660	0	1	5	2	8	12	7	13	9	80	#
284	656508	13	18	12	7	8	23	17	16	14	80	#
285	638887	5	0	1	2	3	8	9	13	18	80	#
286	627242	9	8	7	12	2	1	17	14	23	80	#
287	622553	7	12	2	1	17	8	13	3	18	80	#
288	600958	12	8	7	17	2	1	9	22	3	80	#
289	143654	9	8	#
290	1071895	9	14	8	12	19	11	10	3	24	5	15	16	20	7	18	0	6	17	1	21	22	4	23	2	13	81	#
291	1167294	5	6	10	0	15	1	20	11	12	21	7	26	8	22	16	17	18	13	23	2	9	3	24	19	4	81	#
292	1164913	17	18	12	23	22	19	21	24	20	8	16	15	28	2	10	3	5	11	6	4	9	1	7	13	0	81	#
293	1141228	22	17	12	23	18	21	11	15	10	20	5	6	19	1	0	24	16	13	8	2	7	3	4	14	26	81	#
294	1112370	1	6	11	16	15	20	0	10	21	22	5	12	23	17	18	8	3	13	24	26	7	19	9	27	2	81	#
295	1090922	11	12	6	5	15	10	8	20	0	21	9	1	27	2	17	22	3	16	18	23	4	7	24	19	13	81	#
296	36580	13	#
297	154690	15	10	82	#
298	127405	15	20	82	#
299	1122957	10	11	16	17	21	22	6	7	5	8	15	1	13	9	12	14	18	3	0	23	2	19	4	20	24	83	#
300	1274139	6	7	11	10	2	5	1	16	8	3	21	15	9	24	0	17	14	13	22	25	4	19	18	23	20	83	#
301	1263542	21	20	22	17	23	16	18	25	19	2	7	6	1	3	13	15	8	12	11	14	9	0	5	10	4	83	#
302	1215329	14	9	8	19	3	5	4	7	6	1	0	11	2	16	10	13	17	18	21	12	15	29	22	23	20	83	#
303	1163428	16	21	15	11	10	20	17	6	22	1	18	28	23	7	19	0	8	13	14	3	5	2	9	4	24	83	#
304	1146164	5	6	1	0	10	7	8	11	16	17	21	2	13	9	14	15	22	27	20	3	18	4	19	23	12	83	#
