%% File generated by CATS v.2.1Tue Aug 20 18:54:47 2019

%% The CATS webpage is http://robotics.stanford.edu/CATS

%% PARAMETER SETTINGS:
% Goods: 35; Bids: 350; Distribution: regions-npv; Runs: 10; Seed: 1566344673
% Regions Distribution Parameters:
% Max Substitutable Bids = 5
% Removing HV Neighbor   = 0.1
% Adding DIAG Neighbor   = 0.2
% Additional Location    = 0.9
% Jump Probability       = 0.05
% Additivity             = 0.2
% Budget Factor          = 1.5
% Resale Factor          = 0.5
% Normal Private Value:
%   Mean                 = 0
%   Standard Deviation   = 30



goods 35
bids 350
dummy 58

0	43064	32	#
1	409961	13	8	14	7	18	35	#
2	464690	8	7	12	13	18	35	#
3	406354	7	12	1	13	18	35	#
4	297314	14	13	12	7	8	35	#
5	289508	13	12	7	11	14	35	#
6	277498	18	23	19	22	24	35	#
7	33991	8	#
8	622904	0	1	5	7	8	9	6	13	36	#
9	542705	8	7	6	13	9	5	0	12	36	#
10	526000	9	8	7	19	13	4	1	14	36	#
11	511590	5	0	1	7	13	18	14	10	36	#
12	505656	7	8	13	1	18	6	12	17	36	#
13	503500	13	7	8	6	12	17	1	5	36	#
14	876591	14	9	19	8	13	23	10	7	12	5	26	22	24	0	21	37	#
15	977823	12	17	7	18	13	8	16	15	11	23	9	20	19	10	5	37	#
16	948994	0	5	6	10	1	15	11	20	16	7	32	21	22	8	12	37	#
17	921023	21	20	16	11	10	5	0	22	12	15	6	13	7	1	18	37	#
18	914458	24	23	19	22	14	18	9	8	13	21	12	7	4	3	20	37	#
19	911065	10	5	15	16	0	11	1	20	7	12	13	18	19	6	21	37	#
20	445337	6	7	13	11	16	8	9	38	#
21	558482	9	8	4	3	13	2	18	38	#
22	508955	16	21	22	20	15	17	18	38	#
23	449105	11	10	15	16	20	21	17	38	#
24	410242	6	1	7	0	5	13	8	38	#
25	322677	7	13	14	8	6	5	18	38	#
26	17113	30	#
27	12462	29	#
28	443380	8	7	13	18	14	6	9	4	39	#
29	538934	7	8	13	9	6	18	5	23	39	#
30	504794	4	3	9	8	14	13	19	18	39	#
31	472629	9	4	3	8	7	13	12	14	39	#
32	455741	18	19	14	9	23	22	13	7	39	#
33	432925	8	7	13	1	6	9	14	5	39	#
34	891938	16	21	26	17	18	20	13	7	6	23	0	5	22	40	#
35	840426	16	21	17	12	22	13	27	23	9	7	4	20	8	40	#
36	831643	18	13	8	9	7	23	14	17	12	6	1	16	27	40	#
37	818485	6	7	13	8	1	9	12	18	23	14	17	0	22	40	#
38	791536	22	17	21	16	15	6	10	11	23	18	12	13	20	40	#
39	790297	20	21	22	16	23	17	15	18	10	11	12	13	7	40	#
40	805157	21	16	17	20	15	12	19	11	13	18	23	14	24	5	1	41	#
41	1062439	18	23	13	17	8	7	1	12	16	5	21	3	11	20	10	41	#
42	1000128	14	9	8	13	7	12	17	6	16	1	21	4	15	11	5	41	#
43	999630	11	12	13	8	7	10	6	1	17	16	15	5	20	0	21	41	#
44	980115	13	8	12	11	7	10	5	14	18	4	3	23	15	17	9	41	#
45	957361	23	24	22	18	21	13	12	8	9	17	7	20	11	4	3	41	#
46	45652	3	2	4	#
47	97374	34	#
48	69593	1	#
49	1498262	9	8	13	12	14	19	7	24	11	1	23	6	18	4	22	5	0	17	25	21	34	20	10	16	3	15	2	32	42	#
50	1578175	16	9	15	11	20	8	7	12	1	0	10	13	33	6	17	5	21	18	19	22	23	4	24	3	14	2	34	27	42	#
51	1547265	17	16	18	11	23	22	15	24	21	10	13	5	1	19	12	0	6	20	7	14	3	2	9	8	4	34	33	28	42	#
52	1544875	13	8	7	18	9	14	1	19	24	4	12	6	5	0	17	16	15	11	20	10	21	22	3	2	23	27	33	31	42	#
53	1542490	22	21	17	16	12	11	10	13	5	7	15	0	8	20	1	6	23	18	14	24	19	9	4	3	2	25	31	33	42	#
54	1505578	12	8	7	17	13	16	1	18	22	6	23	15	0	21	5	20	24	11	10	19	14	9	4	3	2	34	25	28	42	#
55	1450556	9	4	3	8	2	7	1	6	12	17	0	18	30	5	22	19	23	13	14	11	10	24	16	21	20	15	43	#
56	1572726	21	22	16	32	20	15	33	17	12	13	7	18	19	10	11	1	6	23	5	0	24	14	8	9	4	3	43	#
57	1565274	20	15	33	16	10	17	21	5	8	6	22	7	12	25	11	1	23	24	18	13	0	19	14	9	4	3	43	#
58	1521559	18	17	22	12	13	4	3	16	2	21	20	11	23	9	7	24	14	1	10	15	8	6	5	19	0	32	43	#
59	1514107	6	5	0	7	10	1	15	16	12	13	17	11	18	8	9	22	14	19	23	21	20	24	4	3	2	25	43	#
60	1497581	16	15	17	4	22	12	20	3	11	10	33	18	21	23	24	7	13	8	9	14	5	6	1	0	19	2	43	#
61	347856	13	12	17	16	18	44	#
62	391687	17	22	21	18	16	44	#
63	340879	18	17	22	16	15	44	#
64	297305	13	12	17	14	16	44	#
65	245942	12	7	13	8	17	44	#
66	219511	16	11	10	12	5	44	#
67	89944	26	#
68	38310	26	#
69	35623	32	#
70	541180	13	14	8	18	17	7	6	31	16	12	19	45	#
71	693798	7	12	8	13	6	17	18	14	1	23	24	45	#
72	668998	18	17	13	8	7	14	12	1	3	5	0	45	#
73	634341	12	1	7	6	13	18	17	5	8	0	10	45	#
74	620459	17	18	23	12	22	19	7	21	16	13	8	45	#
75	596330	8	13	18	7	17	14	1	12	22	6	21	45	#
76	631709	2	3	17	22	21	12	16	13	7	23	24	46	#
77	706856	7	6	12	11	13	1	8	16	5	10	15	46	#
78	704465	21	20	16	22	11	12	15	10	23	24	25	46	#
79	694499	24	23	22	21	0	5	1	17	18	7	16	46	#
80	658245	22	17	21	23	24	16	18	11	15	12	19	46	#
81	656230	16	20	15	21	17	10	18	13	8	12	11	46	#
82	264646	9	14	4	13	8	47	#
83	315283	9	17	14	16	13	47	#
84	222555	4	3	2	9	14	47	#
85	173264	13	25	29	8	14	47	#
86	142469	14	23	13	22	24	47	#
87	134569	8	7	13	12	11	47	#
88	43567	28	#
89	223817	4	3	9	14	48	#
90	242814	4	3	9	8	48	#
91	200898	9	14	8	4	48	#
92	125549	14	19	24	18	48	#
93	393883	19	18	13	17	12	7	24	49	#
94	481316	7	8	13	6	12	17	18	49	#
95	426486	17	18	12	22	13	23	16	49	#
96	413650	18	17	12	13	22	19	21	49	#
97	408136	24	19	23	18	17	12	7	49	#
98	356182	12	11	10	7	8	16	13	49	#
99	586429	12	11	13	14	7	9	8	17	4	16	50	#
100	712894	17	22	16	21	15	10	23	18	20	19	50	#
101	645662	11	10	5	16	0	17	6	21	22	12	50	#
102	624963	14	19	9	13	18	12	8	17	4	3	50	#
103	568961	16	15	11	12	7	10	17	8	18	22	50	#
104	568238	8	7	1	0	6	12	17	22	9	5	50	#
105	1169254	9	8	4	13	14	12	7	11	19	18	17	24	23	6	22	21	10	20	16	51	#
106	1309683	21	7	8	6	20	13	12	16	5	1	17	15	22	18	23	9	11	4	10	51	#
107	1274852	17	12	7	6	13	8	14	18	9	4	1	22	23	21	0	5	16	20	3	51	#
108	1273635	6	7	8	1	9	12	17	5	22	13	11	18	19	24	23	21	10	4	20	51	#
109	1263337	24	19	23	22	18	17	12	21	13	7	15	14	16	8	9	20	4	32	6	51	#
110	1258970	4	3	9	0	1	2	5	6	10	7	12	13	8	17	22	18	21	23	19	51	#
111	1111450	12	17	13	16	18	23	19	24	21	7	11	15	22	1	20	9	0	10	52	#
112	1286623	9	8	4	14	7	13	12	3	33	1	5	10	17	11	15	16	0	18	52	#
113	1155686	15	20	12	21	7	16	17	1	13	0	8	11	18	22	5	9	23	19	52	#
114	1085676	16	21	11	10	5	22	15	17	1	0	23	18	24	13	12	19	7	8	52	#
115	1072152	10	5	9	14	13	0	12	21	11	15	22	7	4	6	17	1	18	3	52	#
116	1071955	19	14	9	18	13	12	11	10	24	17	5	23	28	0	22	16	21	20	52	#
117	21053	30	#
118	141050	32	10	11	53	#
119	147339	11	16	17	53	#
120	113358	10	15	20	53	#
121	84245	32	24	19	53	#
122	14232	19	#
123	42760	26	#
124	632182	11	16	10	5	0	6	15	7	1	13	54	#
125	659368	6	7	1	5	12	13	0	10	18	14	54	#
126	655632	11	12	7	13	17	16	8	18	6	32	54	#
127	637376	1	0	5	6	7	12	8	13	17	9	54	#
128	598690	0	1	7	5	13	6	23	12	10	24	54	#
129	598239	7	1	6	5	13	14	10	18	8	0	54	#
130	307856	17	22	23	18	55	#
131	334856	23	18	22	13	55	#
132	307629	22	17	21	20	55	#
133	272231	18	17	19	23	55	#
134	158480	17	18	16	19	55	#
135	1319009	16	21	11	17	20	22	10	23	5	15	18	1	12	0	13	7	6	8	9	19	14	24	4	56	#
136	1441703	8	9	7	4	12	13	1	14	19	17	3	22	23	6	32	5	2	0	24	21	10	18	16	56	#
137	1439709	5	0	1	6	7	8	9	13	18	23	24	12	14	22	17	4	19	32	11	16	3	10	21	56	#
138	1391582	7	12	1	6	0	13	8	5	21	20	10	22	32	11	17	16	23	18	15	24	9	19	14	56	#
139	1387147	18	19	13	8	7	12	1	6	24	9	0	17	5	16	21	14	23	4	10	30	11	22	33	56	#
140	1370168	9	14	13	4	19	18	8	7	23	22	21	24	3	20	12	17	11	6	5	0	1	16	2	56	#
141	85061	33	#
142	180314	21	25	22	57	#
143	216814	25	32	12	57	#
144	176410	21	22	23	57	#
145	162868	22	21	16	57	#
146	78617	32	#
147	944078	17	16	18	23	19	21	30	13	8	11	10	22	7	6	24	20	58	#
148	1050147	17	16	12	21	11	22	15	10	7	13	23	6	5	8	18	1	58	#
149	1048142	8	13	12	7	14	19	9	18	6	4	11	16	10	23	17	15	58	#
150	1027473	6	7	1	0	5	10	11	12	13	18	15	17	8	23	22	16	58	#
151	1015602	16	21	17	22	11	10	23	15	18	12	5	7	8	1	13	20	58	#
152	970223	13	18	23	19	7	17	22	21	24	16	8	9	15	14	11	0	58	#
153	594318	4	3	2	9	14	13	12	7	18	6	17	59	#
154	718750	18	17	13	23	24	22	14	16	21	11	27	59	#
155	656959	6	5	7	1	13	18	14	19	20	23	0	59	#
156	639193	17	12	11	13	14	16	21	10	7	18	19	59	#
157	566673	3	4	2	9	8	13	18	7	23	14	12	59	#
158	562789	14	19	9	24	4	3	13	23	12	11	18	59	#
159	323477	19	14	9	4	34	18	13	60	#
160	389789	18	19	17	12	23	16	22	60	#
161	355839	14	9	19	8	7	18	17	60	#
162	351859	34	6	1	33	7	0	5	60	#
163	334308	19	24	14	23	13	18	17	60	#
164	332952	13	7	18	8	12	11	16	60	#
165	461796	16	17	15	10	12	11	13	61	#
166	526784	12	17	7	16	8	13	15	61	#
167	494380	15	16	20	21	17	10	5	61	#
168	453744	17	16	12	13	7	15	14	61	#
169	409876	16	11	15	10	17	21	12	61	#
170	385704	11	10	12	15	17	22	23	61	#
171	94795	10	5	#
172	90794	32	#
173	1349627	31	3	2	4	9	8	14	19	13	7	6	5	12	1	24	11	33	18	16	23	0	21	10	15	22	17	62	#
174	1459262	33	4	9	14	13	8	3	12	7	25	17	6	19	11	1	10	5	0	16	18	23	22	24	2	15	21	62	#
175	1414137	22	21	23	33	18	17	27	24	19	16	14	13	7	12	8	15	11	20	10	1	5	0	6	9	4	3	62	#
176	1398415	0	5	1	6	7	8	9	12	10	14	3	13	4	19	18	11	15	24	21	22	20	17	23	16	2	33	62	#
177	1358044	16	11	21	20	12	7	8	22	1	23	5	17	25	0	13	14	31	6	10	28	9	18	15	24	4	3	62	#
178	1338674	15	10	16	11	12	17	21	7	6	13	22	18	1	20	8	23	24	14	5	9	4	19	3	0	2	30	62	#
179	62864	6	7	#
180	71064	20	#
181	953167	0	5	10	11	6	1	15	12	7	20	16	21	8	9	13	4	14	22	63	#
182	1094325	0	1	6	5	10	15	16	7	13	20	12	14	21	9	22	23	8	17	63	#
183	1093120	7	8	13	18	12	17	1	22	5	23	0	10	6	11	16	9	15	20	63	#
184	1065671	13	12	7	18	1	6	0	22	23	8	17	9	4	21	11	20	5	16	63	#
185	1047304	22	17	23	12	24	11	16	21	13	20	10	15	5	7	1	14	9	8	63	#
186	1046560	5	10	0	15	24	23	1	22	11	16	7	21	17	8	13	14	18	20	63	#
187	1004471	2	3	4	9	14	8	19	13	18	17	16	29	12	23	7	11	22	21	15	10	20	24	26	6	5	0	64	#
188	1277662	6	1	5	7	12	0	8	13	18	17	14	9	4	10	23	15	32	3	11	19	34	16	24	21	22	28	64	#
189	1201533	4	9	3	8	14	13	7	2	12	18	11	6	25	23	22	24	17	5	0	1	16	21	30	15	10	20	64	#
190	1179315	2	9	4	8	14	3	13	12	7	18	11	10	16	1	5	6	17	0	23	19	24	21	22	20	15	32	64	#
191	1154859	3	2	4	9	14	8	13	7	19	18	1	17	5	6	0	10	22	16	21	15	11	12	23	24	31	28	64	#
192	1148317	13	34	18	14	9	4	7	19	8	17	16	23	12	24	22	1	6	5	3	15	10	2	11	0	21	20	64	#
193	516765	21	16	20	17	18	11	12	15	65	#
194	693098	11	30	10	12	17	7	13	18	65	#
195	615253	21	22	23	24	19	18	14	13	65	#
196	591846	18	17	16	22	21	15	30	11	65	#
197	559624	16	21	22	15	20	10	34	17	65	#
198	531145	12	13	17	11	22	21	16	15	65	#
199	364805	6	5	0	1	10	11	16	12	13	66	#
200	516596	6	1	7	0	8	9	4	3	14	66	#
201	513032	16	21	20	11	12	15	17	18	19	66	#
202	510696	13	8	18	7	9	6	12	1	4	66	#
203	473550	11	12	7	1	3	10	6	2	0	66	#
204	416893	5	0	6	1	10	7	12	11	8	66	#
205	973452	18	17	13	16	14	7	19	21	22	23	8	20	9	11	12	4	24	15	6	1	67	#
206	1206698	16	21	20	15	11	17	12	7	13	10	18	1	8	23	0	14	24	5	19	9	67	#
207	1173272	11	12	16	7	15	17	20	13	21	1	10	18	8	22	6	23	14	5	0	9	67	#
208	1153179	20	21	15	16	11	10	12	5	0	7	6	8	13	17	14	18	1	34	23	19	67	#
209	1139685	8	9	13	16	17	4	3	21	15	7	2	12	11	20	1	23	10	18	14	19	67	#
210	1137317	14	13	9	8	12	18	11	23	16	17	7	22	21	15	6	1	20	5	0	24	67	#
211	597390	12	13	7	6	17	18	22	23	14	11	1	8	0	19	68	#
212	793681	6	7	13	8	5	9	15	14	16	1	19	21	0	12	68	#
213	760945	12	21	22	11	20	7	17	15	8	16	18	13	23	10	68	#
214	755134	19	24	14	23	18	9	13	17	12	7	8	22	21	20	68	#
215	750003	8	13	9	12	14	7	4	6	19	17	3	1	5	18	68	#
216	716311	17	12	14	16	7	22	13	18	23	1	15	21	19	24	68	#
217	644311	17	22	16	12	13	21	11	18	10	23	69	#
218	629461	18	23	19	24	22	17	21	16	13	8	69	#
219	628259	12	33	13	18	23	7	17	8	5	11	69	#
220	587209	23	22	21	20	24	15	16	17	18	13	69	#
221	585185	22	23	21	18	13	17	16	2	12	24	69	#
222	583312	21	22	16	11	20	17	10	5	18	12	69	#
223	913147	3	2	4	9	8	7	12	14	13	17	1	0	6	18	11	10	22	5	21	23	15	70	#
224	1083318	21	22	23	20	24	15	16	10	17	18	19	28	11	13	12	14	8	7	5	1	0	70	#
225	1062664	7	6	12	11	1	0	5	10	15	17	22	18	16	21	20	8	13	23	28	19	14	70	#
226	1049737	6	5	7	12	1	17	13	8	20	22	14	11	0	23	9	15	10	16	21	18	24	70	#
227	1042656	1	0	6	7	12	5	13	17	22	21	23	8	18	10	15	24	11	16	19	14	20	70	#
228	1036651	10	15	20	16	11	21	12	22	23	17	18	7	24	13	8	14	19	9	1	0	5	70	#
229	27760	28	#
230	31413	27	#
231	1168913	7	8	13	1	5	6	18	17	16	25	10	0	9	21	12	22	15	71	#
232	1241973	1	30	7	5	0	10	15	16	21	13	18	6	22	17	12	20	23	71	#
233	1165271	5	10	6	11	1	7	15	8	13	18	23	16	12	21	22	27	17	71	#
234	1138674	16	17	22	23	21	15	10	18	13	8	7	20	14	12	19	5	28	71	#
235	1134353	12	7	11	17	13	6	10	18	16	14	5	15	23	1	22	8	21	71	#
236	1080120	15	16	17	20	10	21	5	18	0	1	23	12	7	11	22	6	19	71	#
237	407167	8	7	1	9	13	12	14	6	72	#
238	599220	13	8	12	14	9	7	18	17	72	#
239	464109	12	7	13	14	18	19	1	8	72	#
240	389255	6	1	5	10	7	13	0	12	72	#
241	369396	8	28	13	18	7	1	6	14	72	#
242	330739	14	9	28	13	7	6	12	11	72	#
243	760208	11	12	16	10	15	20	21	7	13	5	22	17	23	18	73	#
244	844152	21	22	16	17	20	15	11	10	12	18	19	7	8	9	73	#
245	783816	5	1	26	7	12	6	0	11	8	13	10	18	17	9	73	#
246	771934	23	24	18	3	2	17	13	22	19	12	8	7	16	11	73	#
247	771032	10	15	20	21	5	1	16	11	17	18	12	7	6	13	73	#
248	752348	12	17	22	18	23	13	14	8	2	7	19	9	0	11	73	#
249	1396484	31	21	20	22	23	17	12	18	16	15	2	11	10	3	24	19	14	4	5	13	7	8	9	1	6	0	25	74	#
250	1485050	1	7	0	5	13	8	9	6	4	3	2	10	12	18	17	14	16	19	24	11	21	15	22	20	23	34	26	74	#
251	1479243	9	8	14	13	19	4	20	24	12	18	7	17	23	11	22	16	3	10	21	6	15	1	2	5	0	32	34	74	#
252	1476983	15	20	10	21	22	17	24	19	16	5	6	14	1	23	7	11	18	8	0	12	9	4	13	3	2	34	25	74	#
253	1470133	19	24	18	23	17	22	16	15	21	13	12	11	6	10	20	14	1	7	8	27	5	34	9	29	0	4	3	74	#
254	1469041	21	22	23	16	18	15	24	10	11	19	17	20	13	12	14	8	7	5	9	6	1	4	33	3	0	2	34	74	#
255	119321	26	#
256	943162	10	5	1	6	11	15	12	16	20	13	17	7	0	18	22	8	21	9	14	23	75	#
257	1055463	5	1	6	10	7	0	13	14	11	12	17	8	32	16	9	19	18	21	24	4	75	#
258	1043616	16	11	17	22	23	24	15	12	18	4	10	20	21	7	13	8	6	1	9	3	75	#
259	1039453	7	13	1	18	23	12	24	5	0	14	8	19	10	17	11	6	9	4	28	16	75	#
260	1036486	15	16	21	20	11	12	7	17	13	6	18	1	5	10	14	9	8	0	4	19	75	#
261	1024669	17	12	6	13	11	1	5	14	19	7	10	8	18	9	0	4	15	16	23	24	75	#
262	1299743	2	3	4	9	8	14	21	7	1	13	12	6	22	20	11	15	0	10	17	5	16	76	#
263	1395535	6	7	5	1	10	12	8	11	13	16	15	17	18	22	21	20	23	9	0	19	4	76	#
264	1392124	17	16	4	3	21	11	15	22	20	9	12	18	10	5	14	23	19	7	1	8	13	76	#
265	1387693	1	0	7	6	5	8	13	10	14	4	9	11	12	18	16	17	15	21	19	23	20	76	#
266	1386558	16	11	15	10	21	12	17	18	22	23	13	7	14	5	20	19	9	3	8	6	1	76	#
267	1381623	10	11	15	20	21	5	6	1	12	7	13	8	16	17	18	22	14	23	19	0	9	76	#
268	1040203	13	14	18	8	7	9	19	24	17	16	1	11	0	15	5	10	23	22	12	20	6	4	21	3	2	77	#
269	1190721	13	7	12	1	0	18	5	23	17	10	11	15	19	24	16	14	9	32	22	21	8	20	6	4	3	77	#
270	1161016	3	16	11	21	17	2	15	20	22	18	12	13	4	23	9	8	7	10	1	14	19	24	5	0	25	77	#
271	1151519	19	14	13	24	18	17	12	23	7	11	16	10	8	22	21	0	15	5	1	9	6	20	4	33	3	77	#
272	1138288	6	22	5	17	1	16	27	0	7	10	15	11	13	14	23	24	18	25	21	12	20	9	8	4	3	77	#
273	1134772	16	11	15	21	12	17	13	7	14	28	20	10	8	18	19	23	1	22	0	24	5	9	6	4	3	77	#
274	156105	17	#
275	550665	2	5	3	10	11	4	9	12	6	1	17	78	#
276	601078	11	10	16	15	12	13	8	9	17	7	2	78	#
277	571409	12	7	2	3	17	8	9	11	6	16	5	78	#
278	568386	9	8	7	6	27	1	4	12	13	0	5	78	#
279	554009	4	9	14	3	19	13	2	12	11	8	17	78	#
280	546709	5	0	1	6	12	13	17	14	7	8	9	78	#
281	886538	10	15	16	27	17	11	22	5	18	20	6	13	21	19	12	24	14	7	1	23	0	8	79	#
282	1300975	5	1	6	10	0	7	12	13	9	11	17	4	8	22	18	23	21	15	20	16	3	33	79	#
283	1118047	6	7	1	0	12	5	17	16	8	21	15	22	10	9	11	13	20	14	18	19	32	4	79	#
284	1094650	10	5	1	0	11	6	15	20	7	13	12	21	22	23	8	16	17	18	14	9	4	24	79	#
285	1074134	20	21	16	11	15	22	10	23	12	17	18	5	1	19	13	6	7	8	0	24	9	4	79	#
286	1069885	16	17	12	11	10	7	1	13	8	22	5	23	21	6	18	0	20	9	15	4	14	19	79	#
287	199100	17	18	80	#
288	178126	18	23	80	#
289	142440	17	22	80	#
290	40607	31	#
291	26869	27	#
292	167320	11	16	12	7	81	#
293	218735	11	16	12	17	81	#
294	206335	7	6	12	1	81	#
295	29124	30	#
296	117076	23	24	18	10	82	#
297	137542	24	19	18	23	82	#
298	367178	24	23	19	18	17	22	13	14	83	#
299	391507	18	19	14	17	24	22	16	21	83	#
300	380928	14	13	19	18	7	23	6	5	83	#
301	368654	24	19	23	18	22	14	21	16	83	#
302	367060	17	22	23	16	18	12	11	19	83	#
303	356706	19	24	18	14	13	9	17	4	83	#
304	588557	4	9	3	8	7	13	14	1	6	18	84	#
305	615132	13	18	0	23	14	22	19	25	17	3	84	#
306	607064	4	32	9	3	14	19	24	23	22	18	84	#
307	603241	1	7	0	6	8	5	13	12	18	17	84	#
308	586860	18	17	12	22	13	8	9	7	14	6	84	#
309	579128	9	14	8	19	24	7	13	12	18	11	84	#
310	808656	28	11	16	21	20	12	15	13	22	24	10	23	18	17	14	19	8	85	#
311	967313	21	22	16	17	23	12	13	18	24	15	19	20	10	14	7	9	1	85	#
312	936716	14	13	18	7	19	24	17	6	12	23	22	9	1	4	16	0	5	85	#
313	936593	19	24	14	23	18	13	9	7	6	22	5	21	1	12	17	4	8	85	#
314	921719	17	12	7	13	14	19	24	28	8	4	9	34	1	16	3	15	22	85	#
315	921103	22	17	23	12	21	16	13	8	18	14	19	11	15	9	20	7	1	85	#
316	389185	21	22	16	23	20	86	#
317	353139	21	22	20	16	15	86	#
318	299818	23	22	24	21	20	86	#
319	288863	16	15	11	10	20	86	#
320	265444	22	23	24	21	19	86	#
321	509294	12	2	13	8	11	9	10	3	16	87	#
322	722744	8	7	12	17	22	9	23	16	18	87	#
323	712188	3	4	2	9	8	7	13	18	1	87	#
324	688854	13	7	8	18	9	23	14	19	12	87	#
325	613102	11	16	21	10	20	15	17	18	12	87	#
326	592871	10	5	1	0	7	12	6	11	8	87	#
327	716415	1	7	12	11	5	10	6	13	16	0	17	15	88	#
328	819627	13	7	6	1	18	19	5	10	17	0	16	15	88	#
329	749180	17	16	12	22	28	23	18	24	13	19	21	15	88	#
330	738147	10	5	1	0	15	16	7	12	17	13	14	6	88	#
331	724879	5	10	0	1	15	11	7	16	21	6	13	8	88	#
332	696900	12	11	7	8	13	17	18	23	6	1	16	19	88	#
333	925807	11	16	17	22	12	21	23	15	10	20	18	7	5	0	89	#
334	951664	7	12	17	18	1	0	19	5	13	16	14	9	21	10	89	#
335	900992	16	11	21	10	22	15	20	5	0	1	12	23	18	7	89	#
336	839206	0	1	5	6	10	7	11	12	13	16	8	18	17	32	89	#
337	819644	22	21	16	17	23	12	18	13	7	19	11	24	10	14	89	#
338	802625	11	16	15	10	17	12	22	21	13	20	5	18	14	6	89	#
339	161597	5	0	#
340	134075	22	25	23	90	#
341	193202	25	22	21	90	#
342	49086	22	23	24	90	#
343	120254	5	6	91	#
344	157401	5	1	91	#
345	95306	6	1	91	#
346	159164	14	9	8	92	#
347	102857	8	7	6	92	#
348	131042	34	#
349	83707	33	#
