%% File generated by CATS v.2.1Tue Aug 20 18:55:40 2019

%% The CATS webpage is http://robotics.stanford.edu/CATS

%% PARAMETER SETTINGS:
% Goods: 75; Bids: 1500; Distribution: regions-npv; Runs: 10; Seed: 1566344888
% Regions Distribution Parameters:
% Max Substitutable Bids = 5
% Removing HV Neighbor   = 0.1
% Adding DIAG Neighbor   = 0.2
% Additional Location    = 0.9
% Jump Probability       = 0.05
% Additivity             = 0.2
% Budget Factor          = 1.5
% Resale Factor          = 0.5
% Normal Private Value:
%   Mean                 = 0
%   Standard Deviation   = 30



goods 75
bids 1500
dummy 272

0	286791	62	54	61	75	#
1	210750	54	53	61	75	#
2	151172	24	#
3	1185369	37	38	30	45	29	46	31	23	36	22	44	53	21	14	39	61	47	27	28	52	60	20	15	54	32	19	76	#
4	1356676	21	14	50	66	42	41	20	15	13	49	28	23	7	33	53	19	27	5	34	40	52	48	4	35	32	6	76	#
5	1326245	54	46	45	38	47	30	37	39	53	22	74	31	36	42	41	49	33	62	32	21	28	9	63	14	27	40	76	#
6	1287476	30	29	36	18	72	17	26	16	31	28	27	23	20	8	24	32	44	25	21	39	13	33	47	34	45	38	76	#
7	1259394	52	17	51	60	59	18	61	50	49	44	28	57	29	41	26	54	58	42	45	27	40	37	56	16	36	8	76	#
8	1258626	27	28	36	37	29	45	38	30	22	44	26	53	54	61	52	25	39	17	33	16	8	21	14	47	9	6	76	#
9	31915	35	#
10	280526	35	44	27	36	19	11	28	77	#
11	391439	28	21	20	36	27	19	35	77	#
12	331636	11	10	18	9	1	35	34	77	#
13	289802	35	44	53	36	61	29	54	77	#
14	231591	27	28	36	37	38	61	35	77	#
15	179023	36	29	27	37	35	19	34	77	#
16	502638	16	8	40	41	17	48	24	78	#
17	500101	40	32	48	24	25	16	17	78	#
18	417189	24	32	33	40	16	8	9	78	#
19	375982	41	33	42	49	50	34	40	78	#
20	366993	48	49	40	41	42	32	34	78	#
21	362913	16	8	0	17	26	9	25	78	#
22	148412	15	23	#
23	141993	34	26	79	#
24	130745	26	27	79	#
25	114255	34	35	79	#
26	50907	3	10	80	#
27	50429	10	11	80	#
28	162330	0	1	8	81	#
29	124336	8	9	1	81	#
30	81235	0	8	9	81	#
31	104365	36	28	29	82	#
32	100888	29	30	38	82	#
33	100968	4	5	83	#
34	56186	5	13	83	#
35	1320721	66	40	41	49	0	42	32	24	11	25	33	48	57	2	1	8	34	26	16	58	10	17	50	51	18	3	52	43	59	60	4	84	#
36	1980489	16	24	32	8	17	33	0	25	40	34	26	41	18	1	42	44	48	35	49	53	56	45	27	28	54	57	52	20	50	51	19	84	#
37	1838147	66	43	51	50	52	58	57	53	49	44	60	40	61	41	48	56	59	35	62	63	45	54	46	32	42	34	26	25	33	70	27	84	#
38	1797358	34	35	33	32	27	25	44	19	36	53	26	54	9	41	67	52	20	42	55	56	18	28	48	40	49	50	29	17	24	21	22	84	#
39	1793650	43	35	27	19	26	20	12	36	34	21	57	33	14	28	13	58	32	40	41	22	18	5	48	24	44	37	4	50	17	53	42	84	#
40	1788966	26	27	35	36	34	42	37	29	17	25	41	45	18	28	21	22	30	33	49	14	20	12	24	6	32	50	38	31	7	46	40	84	#
41	306974	9	10	11	3	19	85	#
42	383142	19	11	27	20	12	85	#
43	339500	9	10	11	19	18	85	#
44	338353	11	19	10	20	3	85	#
45	296406	10	1	18	3	9	85	#
46	190050	3	4	10	18	11	85	#
47	76533	1	#
48	670608	25	24	33	41	26	16	27	86	#
49	613651	24	25	26	27	18	34	16	86	#
50	510007	27	14	28	6	19	20	36	86	#
51	467282	25	26	17	27	36	37	72	86	#
52	445599	41	49	48	40	42	50	34	86	#
53	442267	33	41	49	42	44	52	50	86	#
54	868871	13	14	15	23	7	5	6	21	20	49	22	41	48	87	#
55	1000999	49	48	40	41	42	57	34	50	33	35	58	25	36	87	#
56	889471	48	40	41	49	33	25	26	42	50	32	56	24	34	87	#
57	799089	14	15	6	13	21	7	23	31	22	39	44	28	43	87	#
58	777168	41	40	32	42	33	24	49	50	16	69	57	58	34	87	#
59	776952	15	23	14	6	13	21	20	22	7	12	5	28	11	87	#
60	141992	49	50	41	48	88	#
61	209781	41	49	33	42	88	#
62	169355	49	50	48	57	88	#
63	457711	49	41	48	40	50	33	56	25	89	#
64	550409	25	33	34	26	18	24	16	17	89	#
65	491929	56	57	49	50	40	58	41	32	89	#
66	466424	48	40	49	32	57	24	16	41	89	#
67	461454	49	41	40	32	33	48	55	57	89	#
68	411287	40	32	33	41	25	49	34	24	89	#
69	1153932	50	49	40	32	24	48	41	33	16	42	57	56	25	8	17	34	58	18	26	90	#
70	1310572	41	40	48	33	49	57	42	13	56	5	25	34	26	24	27	18	32	4	10	90	#
71	1259801	25	33	34	24	32	26	18	27	28	16	29	17	30	20	36	58	44	50	52	90	#
72	1248212	40	48	32	41	33	34	56	57	49	42	25	35	26	44	36	28	18	52	51	90	#
73	1242943	49	57	40	56	48	50	41	42	34	35	33	27	36	44	52	32	60	30	25	90	#
74	1231820	16	17	8	24	26	34	18	25	35	9	43	33	32	44	27	10	36	52	15	90	#
75	404218	59	60	58	52	61	54	50	91	#
76	471329	58	57	49	40	50	5	4	91	#
77	410606	52	51	50	42	58	53	49	91	#
78	397735	54	61	62	53	44	45	60	91	#
79	373173	61	54	55	60	63	59	52	91	#
80	311541	60	52	61	62	53	54	59	91	#
81	767384	22	30	21	38	20	46	12	14	28	15	29	7	31	92	#
82	965427	38	37	39	47	55	31	54	30	53	63	44	62	36	92	#
83	786325	15	13	7	23	14	6	21	5	20	28	22	36	44	92	#
84	755799	46	47	39	31	38	55	30	63	23	45	37	15	3	92	#
85	725934	28	36	44	37	35	45	38	31	27	46	43	26	17	92	#
86	683335	14	21	15	13	7	22	28	36	27	44	43	35	29	92	#
87	870582	1	9	10	8	2	11	12	3	19	0	4	27	28	20	21	22	18	93	#
88	1276978	19	54	55	62	11	53	44	27	12	63	36	4	10	28	9	20	43	93	#
89	1178307	28	36	27	20	19	22	11	44	52	30	60	38	31	43	12	53	4	93	#
90	1173361	2	1	10	9	18	0	17	8	26	16	53	44	43	52	60	24	61	93	#
91	1066218	9	8	10	2	3	18	11	1	26	45	34	35	42	43	33	25	27	93	#
92	1057343	21	14	15	20	22	30	13	28	29	23	27	26	31	6	7	39	36	93	#
93	331836	8	9	0	1	2	10	3	4	18	94	#
94	492621	10	2	1	18	3	4	17	26	27	94	#
95	474556	1	10	3	2	9	4	12	20	19	94	#
96	393981	2	1	9	8	10	0	18	17	16	94	#
97	313414	0	1	10	8	2	18	9	26	3	94	#
98	285527	3	2	10	4	5	18	25	11	26	94	#
99	995969	57	56	48	58	40	41	49	46	42	38	50	32	24	16	51	43	45	47	52	17	95	#
100	1424601	17	18	10	1	3	26	54	62	61	11	34	25	9	12	53	44	0	42	52	60	95	#
101	1417186	43	35	51	52	34	44	72	59	36	29	37	61	26	27	28	19	53	25	18	42	95	#
102	1369829	38	45	44	52	35	61	43	27	34	26	42	53	60	39	28	36	29	20	41	19	95	#
103	1368734	52	61	20	19	51	60	12	44	54	53	62	59	63	50	11	28	29	10	36	35	95	#
104	1357175	45	44	36	35	43	28	29	52	61	46	62	27	47	21	37	26	53	25	63	54	95	#
105	633220	4	12	20	5	3	13	11	21	2	14	6	10	15	7	96	#
106	903558	21	28	20	12	14	29	27	36	6	26	22	44	53	43	96	#
107	857594	13	21	28	22	30	20	14	19	38	37	29	45	44	39	96	#
108	850477	14	21	13	6	20	28	22	31	27	23	19	36	29	35	96	#
109	828272	4	3	12	10	9	2	8	20	19	1	18	17	28	16	96	#
110	828174	5	4	13	21	12	28	20	19	14	29	27	26	17	3	96	#
111	174307	48	40	#
112	252001	55	63	48	97	#
113	359696	63	55	62	97	#
114	280710	55	47	39	97	#
115	124057	48	16	49	97	#
116	8559	73	#
117	101688	12	11	#
118	1489348	32	40	49	48	56	24	25	26	57	27	41	35	19	42	58	33	44	36	28	98	#
119	1399900	27	26	36	35	44	25	52	60	53	61	43	54	62	28	17	24	32	33	59	98	#
120	1367856	48	33	32	40	25	24	56	26	34	17	27	28	36	42	29	19	18	20	10	98	#
121	1346656	35	34	44	36	43	27	56	19	26	28	48	20	37	21	12	53	25	40	52	98	#
122	1324863	28	20	21	36	29	27	37	19	35	38	14	44	26	25	17	43	39	45	16	98	#
123	1229374	49	57	48	40	56	32	10	3	1	33	41	42	58	50	9	62	2	34	35	98	#
124	758096	53	54	52	60	62	61	51	43	63	35	34	26	99	#
125	801560	52	60	59	58	61	54	53	51	44	50	43	62	99	#
126	792650	51	59	52	50	44	58	36	42	28	45	61	62	99	#
127	790639	53	54	61	62	11	60	52	63	51	55	44	43	99	#
128	777309	62	54	53	61	52	60	63	51	59	58	55	44	99	#
129	753625	60	59	51	61	52	53	54	39	62	58	31	44	99	#
130	91640	20	#
131	401679	11	3	4	10	5	18	12	20	21	100	#
132	554910	18	10	26	11	12	17	20	19	9	100	#
133	541615	21	20	28	29	27	22	36	30	35	100	#
134	533362	20	12	4	19	3	11	21	28	10	100	#
135	425123	3	2	1	9	10	4	11	12	19	100	#
136	342989	4	3	2	11	12	1	0	20	8	100	#
137	28641	65	#
138	607047	43	44	51	52	35	36	45	59	101	#
139	654125	35	43	51	59	34	26	33	41	101	#
140	637343	43	35	36	44	52	28	34	33	101	#
141	631716	59	51	52	53	44	43	45	35	101	#
142	628132	44	53	52	25	33	43	51	54	101	#
143	550872	36	44	52	35	43	37	28	53	101	#
144	69612	32	33	#
145	52832	2	#
146	247338	15	14	23	102	#
147	289293	23	31	39	102	#
148	132097	14	6	13	102	#
149	1082750	28	36	35	27	44	52	37	43	60	40	20	21	53	26	41	32	19	33	61	103	#
150	1221858	35	44	27	36	28	29	30	43	26	34	37	20	31	38	66	23	45	21	51	103	#
151	1154126	28	20	21	12	27	4	26	19	11	35	36	43	44	53	29	25	33	14	34	103	#
152	1101491	60	52	44	45	43	61	51	35	50	37	38	62	31	53	39	46	34	63	47	103	#
153	1094831	20	12	11	28	4	3	19	21	22	36	37	38	58	59	31	51	57	60	39	103	#
154	1084650	37	36	38	45	44	43	30	52	60	59	51	53	35	58	46	50	22	31	23	103	#
155	186599	24	25	16	104	#
156	247111	25	24	26	104	#
157	138513	16	17	18	104	#
158	123010	24	32	33	104	#
159	163275	23	31	105	#
160	162867	31	39	105	#
161	348869	22	30	38	46	45	0	29	28	44	72	36	106	#
162	504149	28	29	36	27	30	37	35	45	44	43	34	106	#
163	491346	72	50	58	51	57	52	61	49	48	59	41	106	#
164	459186	36	44	53	35	43	54	34	61	45	4	29	106	#
165	380002	22	30	21	31	14	38	45	46	39	13	37	106	#
166	362020	46	45	44	53	37	36	29	54	28	52	47	106	#
167	923489	25	24	19	33	37	34	27	28	38	35	42	31	36	107	#
168	1073673	42	50	51	52	61	43	35	60	44	53	49	62	54	107	#
169	1016489	28	29	27	19	30	20	35	31	12	39	4	23	38	107	#
170	930002	27	35	43	51	50	49	41	52	19	61	53	60	34	107	#
171	890606	35	43	27	28	36	8	16	51	59	44	58	34	42	107	#
172	856284	37	38	46	39	27	31	35	45	44	26	47	43	23	107	#
173	572290	51	43	44	53	52	54	62	61	63	60	108	#
174	652344	63	62	55	54	47	39	61	31	52	60	108	#
175	617842	62	54	61	55	47	63	39	53	65	46	108	#
176	611204	43	44	45	37	38	35	27	36	19	39	108	#
177	601780	60	59	39	58	57	38	37	47	45	30	108	#
178	573848	51	52	43	50	44	61	45	37	38	39	108	#
179	626466	26	18	25	24	33	27	32	34	109	#
180	647085	27	26	25	24	33	16	18	34	109	#
181	637769	33	34	42	25	26	32	40	50	109	#
182	603332	34	33	26	25	42	50	18	10	109	#
183	573199	25	26	24	33	34	41	16	17	109	#
184	559853	26	34	33	32	17	24	42	16	109	#
185	121301	2	3	10	4	110	#
186	159899	2	1	9	3	110	#
187	152147	10	2	1	3	110	#
188	53744	3	10	11	16	110	#
189	187513	0	1	2	111	#
190	214740	1	9	2	111	#
191	197687	2	1	3	111	#
192	117415	0	8	1	111	#
193	339548	52	60	44	45	61	53	112	#
194	471048	61	54	52	62	53	60	112	#
195	461008	53	54	55	61	60	52	112	#
196	423044	52	44	51	35	43	61	112	#
197	309198	45	44	43	35	53	36	112	#
198	271738	44	45	38	37	53	39	112	#
199	197812	53	54	113	#
200	163062	53	30	113	#
201	155150	54	61	113	#
202	47451	5	#
203	139739	60	61	53	52	114	#
204	166828	61	33	54	53	114	#
205	130358	53	52	61	54	114	#
206	33257	52	51	61	53	114	#
207	105014	19	#
208	72899	66	#
209	277994	54	62	55	61	60	115	#
210	337619	54	62	63	55	61	115	#
211	337416	55	54	7	15	6	115	#
212	274196	62	54	61	52	60	115	#
213	251679	60	61	53	62	63	115	#
214	175778	61	53	60	52	44	115	#
215	1420925	54	53	44	52	62	55	35	61	47	11	43	19	36	63	34	26	60	27	20	29	30	38	18	46	37	116	#
216	1705433	20	21	61	19	65	53	62	22	54	52	30	14	31	39	50	47	38	49	55	63	44	45	23	6	28	116	#
217	1658809	52	44	53	61	54	55	43	47	60	62	63	51	35	50	58	36	59	34	49	45	41	57	42	56	28	116	#
218	1638832	35	34	23	43	26	27	18	69	42	28	41	36	33	29	32	25	21	24	14	44	15	19	49	52	53	116	#
219	1613157	60	61	53	59	62	63	55	51	54	52	47	50	44	49	39	41	33	28	57	20	40	35	19	10	34	116	#
220	1594020	55	47	46	63	38	31	23	39	54	30	7	6	14	22	21	29	28	15	13	5	61	62	36	53	20	116	#
221	89403	60	61	52	59	51	#
222	527182	8	0	1	16	17	18	26	34	10	42	117	#
223	677730	17	16	24	25	26	32	33	34	42	18	117	#
224	677603	42	50	49	58	40	48	57	51	43	59	117	#
225	602676	34	42	41	33	49	32	50	40	58	57	117	#
226	573695	16	17	18	26	10	24	21	11	28	13	117	#
227	556150	26	19	20	27	25	21	28	13	29	46	117	#
228	300307	18	17	26	25	118	#
229	383782	26	25	33	41	118	#
230	352915	25	33	41	34	118	#
231	327379	17	18	16	26	118	#
232	200215	18	10	1	11	118	#
233	204843	58	45	38	31	119	#
234	263855	58	50	49	57	119	#
235	236212	31	23	4	3	119	#
236	200023	45	44	43	37	119	#
237	591181	8	0	9	10	3	1	11	2	19	27	12	120	#
238	853603	19	11	27	20	21	28	56	14	31	6	22	120	#
239	762001	27	19	36	44	52	37	35	26	28	43	20	120	#
240	758810	12	4	5	20	13	21	28	14	6	19	11	120	#
241	576441	9	54	10	61	52	53	44	62	2	63	35	120	#
242	575134	10	11	18	19	3	4	9	8	1	2	20	120	#
243	1186310	47	39	55	38	46	4	3	12	45	37	54	30	5	22	29	20	31	21	11	2	10	61	28	121	#
244	1648288	21	13	20	5	4	19	28	12	3	36	2	27	35	1	9	26	14	25	44	15	29	64	43	121	#
245	1625252	12	20	4	5	11	3	21	13	28	2	14	15	23	19	31	1	66	9	10	27	30	39	8	121	#
246	1600332	28	20	21	12	19	11	10	27	9	14	1	36	58	57	18	2	44	22	53	43	26	61	3	121	#
247	1567697	4	12	5	20	3	10	9	21	18	11	13	14	43	26	51	22	19	1	44	2	27	45	28	121	#
248	1548804	20	19	28	27	12	11	36	10	21	35	26	2	25	14	13	43	7	5	3	37	15	18	22	121	#
249	258825	43	35	36	51	34	29	30	44	59	122	#
250	358541	36	28	27	35	37	20	45	21	44	122	#
251	287070	44	4	43	51	5	53	61	36	59	122	#
252	309297	0	8	9	16	10	2	3	123	#
253	413569	3	10	2	11	1	4	19	123	#
254	390489	9	10	2	3	4	5	1	123	#
255	338761	8	0	1	2	10	3	18	123	#
256	328996	16	8	17	9	0	1	10	123	#
257	327988	2	1	10	9	3	11	0	123	#
258	287366	3	11	10	2	12	4	124	#
259	357838	10	18	1	0	9	17	124	#
260	335296	4	3	5	10	18	2	124	#
261	297490	2	1	0	8	9	10	124	#
262	49126	21	#
263	356368	4	5	12	11	20	19	13	3	10	125	#
264	433036	3	11	12	10	1	20	2	21	14	125	#
265	424024	10	1	9	11	2	19	20	8	28	125	#
266	409335	5	4	12	20	21	28	29	36	44	125	#
267	240800	4	12	3	11	10	18	9	8	31	125	#
268	148393	36	27	#
269	71550	21	20	126	#
270	38559	21	28	126	#
271	45746	0	8	127	#
272	62902	8	16	127	#
273	17171	2	#
274	184580	52	53	61	60	128	#
275	243030	61	54	53	44	128	#
276	218534	53	54	61	55	128	#
277	199662	52	61	62	53	128	#
278	114660	60	61	47	53	128	#
279	701220	42	34	50	26	58	27	49	48	40	129	#
280	715939	34	42	26	33	50	25	35	43	41	129	#
281	704055	48	40	56	41	49	57	50	33	25	129	#
282	675124	40	48	49	56	41	50	42	57	32	129	#
283	661187	50	49	41	51	40	52	61	43	42	129	#
284	658180	26	25	17	34	27	24	16	70	35	129	#
285	139183	49	57	130	#
286	78486	49	50	130	#
287	42595	67	#
288	2443293	74	42	41	50	51	59	34	49	33	48	58	40	43	35	57	60	56	27	61	32	52	25	24	26	19	62	53	11	17	3	46	18	10	54	9	1	2	38	37	131	#
289	2841513	59	60	52	51	61	43	54	62	55	58	63	57	56	53	49	50	48	40	42	34	30	31	35	47	19	26	23	25	18	27	24	29	16	38	37	33	8	45	28	131	#
290	2713721	52	51	61	54	60	50	42	59	58	34	26	35	18	53	62	27	44	25	57	41	49	40	63	43	36	10	45	19	37	33	55	29	48	56	11	1	28	9	24	131	#
291	2600721	53	54	55	52	60	30	44	61	62	51	43	63	38	59	45	50	42	22	34	26	35	27	31	36	37	19	47	58	57	29	28	41	20	18	56	25	49	48	40	131	#
292	2597315	57	56	48	49	50	51	43	59	58	40	42	34	44	26	52	35	33	25	45	38	46	30	61	53	32	60	41	24	54	27	18	37	16	55	31	10	9	39	1	131	#
293	2582605	27	28	26	18	29	20	10	1	31	25	24	9	12	34	36	42	44	52	38	35	23	60	61	3	53	54	4	55	21	33	19	30	11	43	15	37	63	50	58	131	#
294	101803	30	29	38	132	#
295	144324	30	29	28	132	#
296	56532	38	37	45	132	#
297	114022	38	45	46	133	#
298	164490	38	30	31	133	#
299	604597	1	10	9	0	8	3	2	11	19	4	5	134	#
300	785202	4	3	12	11	5	13	14	20	19	21	6	134	#
301	737844	8	10	9	11	0	19	1	41	18	20	40	134	#
302	724581	11	19	27	26	36	3	35	28	18	29	12	134	#
303	718303	19	27	20	11	26	17	36	35	16	44	8	134	#
304	702477	10	11	3	18	2	9	19	26	12	20	21	134	#
305	111722	54	53	135	#
306	162656	54	55	135	#
307	57523	52	#
308	1237335	7	15	14	6	13	23	21	20	28	56	57	29	53	44	5	35	12	136	#
309	1463028	56	48	49	40	41	15	42	23	57	50	33	14	45	7	6	62	31	136	#
310	1323580	57	54	36	44	43	58	56	53	35	61	34	50	51	28	42	62	27	136	#
311	1266201	28	27	35	43	5	36	44	34	33	19	7	15	29	14	45	20	4	136	#
312	1197956	7	1	10	18	26	11	9	34	19	27	6	33	3	8	14	0	20	136	#
313	1192557	23	15	7	14	6	31	39	38	46	47	55	45	30	21	22	20	28	136	#
314	706211	49	36	35	43	37	34	26	27	19	11	10	18	38	39	29	137	#
315	977249	18	17	10	13	9	1	2	11	21	0	12	52	51	3	19	137	#
316	974043	11	3	12	4	20	5	19	2	10	27	28	21	14	6	7	137	#
317	951903	35	43	27	19	36	44	53	52	51	59	20	61	62	12	60	137	#
318	923986	39	38	37	30	45	29	31	28	36	21	22	23	35	66	43	137	#
319	907528	19	27	26	17	28	14	36	35	34	29	33	13	25	11	32	137	#
320	341366	3	2	10	9	4	1	138	#
321	382068	3	4	69	11	12	2	138	#
322	342726	1	2	9	0	10	18	138	#
323	308872	2	10	1	3	0	11	138	#
324	284541	9	8	10	1	0	18	138	#
325	239218	4	3	5	2	11	10	138	#
326	197757	12	20	139	#
327	97120	12	11	139	#
328	411578	14	21	13	15	23	7	140	#
329	434037	7	15	6	14	13	23	140	#
330	422923	15	7	23	31	14	21	140	#
331	421217	14	21	6	7	15	23	140	#
332	413584	23	31	39	51	52	15	140	#
333	354940	13	21	40	22	41	5	140	#
334	336102	62	54	53	44	141	#
335	346215	54	61	62	63	141	#
336	286504	44	43	52	51	141	#
337	256787	62	61	52	53	141	#
338	228852	53	61	44	52	141	#
339	298783	14	21	61	68	20	52	142	#
340	430942	14	15	23	31	39	38	142	#
341	392258	61	53	54	55	62	52	142	#
342	364838	21	22	28	27	20	19	142	#
343	203379	68	13	5	14	21	4	142	#
344	192848	20	12	21	11	10	18	142	#
345	348469	60	61	71	54	53	52	143	#
346	475241	54	61	62	53	66	44	143	#
347	459326	61	53	62	54	44	45	143	#
348	459145	71	19	20	27	21	12	143	#
349	411538	60	61	54	52	51	44	143	#
350	402791	53	54	52	44	45	61	143	#
351	1273643	29	36	30	27	28	20	37	38	26	34	17	21	35	44	43	3	12	45	4	19	5	51	22	144	#
352	1552184	28	20	36	37	12	27	61	29	52	21	19	62	45	44	35	22	54	30	63	60	31	23	26	144	#
353	1479431	22	21	7	6	28	38	31	20	36	12	30	13	27	14	23	42	5	19	37	34	26	18	15	144	#
354	1439043	27	19	36	26	28	17	20	44	35	43	53	29	52	16	34	54	8	18	37	9	24	42	12	144	#
355	1432926	45	37	36	44	43	27	28	35	38	19	26	46	52	53	20	61	30	62	63	18	12	11	29	144	#
356	1429326	21	14	13	20	28	73	61	52	15	44	29	19	31	36	30	27	6	62	53	7	37	54	35	144	#
357	411054	4	12	45	29	46	32	5	145	#
358	483586	5	4	12	13	14	21	20	145	#
359	464166	12	13	14	11	10	6	4	145	#
360	390909	45	38	44	36	30	52	2	145	#
361	339187	32	33	41	24	49	34	48	145	#
362	338964	29	36	27	44	35	4	34	145	#
363	1079120	61	52	51	53	60	44	35	43	27	28	54	21	36	59	13	29	22	45	19	146	#
364	1372820	60	61	53	52	51	43	59	58	54	50	44	45	49	35	42	57	62	41	27	146	#
365	1366875	22	61	53	30	44	62	54	21	60	39	45	20	19	29	14	43	27	11	28	146	#
366	1353428	13	21	28	14	20	36	44	53	35	49	52	15	51	43	27	61	41	57	54	146	#
367	1303910	61	53	54	62	60	59	51	58	57	43	52	50	55	49	56	63	41	44	33	146	#
368	1295656	54	61	62	53	52	60	51	59	58	43	44	63	36	28	35	55	34	57	27	146	#
369	663217	1	9	8	10	0	11	2	3	18	4	19	12	147	#
370	893323	10	3	18	11	19	4	1	9	57	17	27	26	147	#
371	876954	0	8	1	50	49	58	12	57	40	48	41	56	147	#
372	852532	19	27	26	11	28	29	12	21	25	36	10	35	147	#
373	800134	12	4	20	11	19	10	27	3	2	5	28	62	147	#
374	750607	9	8	1	0	2	10	11	12	20	19	21	4	147	#
375	109690	6	#
376	590864	36	27	35	28	44	29	53	20	21	19	148	#
377	642494	21	20	12	19	28	13	27	4	36	5	148	#
378	637497	19	20	21	22	28	13	12	30	11	3	148	#
379	629824	35	44	34	53	42	41	61	60	49	54	148	#
380	598005	44	53	52	35	61	60	43	51	54	59	148	#
381	596870	29	30	28	11	38	39	22	21	19	27	148	#
382	185128	41	49	40	48	149	#
383	251921	49	57	56	50	149	#
384	152714	48	53	40	49	149	#
385	487655	32	33	41	42	25	40	50	34	49	150	#
386	656158	25	24	32	33	41	40	16	42	17	150	#
387	601987	33	25	34	35	36	28	26	17	44	150	#
388	585701	32	24	40	49	50	57	58	56	16	150	#
389	542988	41	40	49	48	57	56	32	33	42	150	#
390	542234	40	41	42	50	58	32	60	49	57	150	#
391	20257	69	#
392	914398	65	29	36	28	44	20	43	19	37	38	30	45	21	46	51	27	22	13	151	#
393	1127063	27	19	26	18	25	20	21	28	36	44	24	53	14	13	52	16	6	17	151	#
394	1101986	37	36	29	44	28	38	30	45	31	46	20	21	23	13	22	14	39	27	151	#
395	1064225	21	13	14	6	15	22	30	28	31	29	23	38	20	39	36	12	45	37	151	#
396	1063011	36	28	20	21	14	19	44	11	12	6	35	10	13	2	3	43	27	51	151	#
397	1056988	51	59	58	50	60	57	49	61	42	52	44	34	43	53	54	26	62	18	151	#
398	176886	21	22	13	30	152	#
399	243997	21	28	22	27	152	#
400	150432	22	21	14	15	152	#
401	113954	13	14	5	6	152	#
402	284514	16	24	32	33	34	35	153	#
403	273587	24	16	32	33	8	41	153	#
404	268929	33	25	32	24	34	41	153	#
405	241249	16	17	8	0	50	9	153	#
406	182383	32	33	34	35	43	36	153	#
407	137037	34	35	36	29	37	28	153	#
408	434977	24	25	26	32	18	17	40	16	154	#
409	486829	26	17	34	42	33	25	32	24	154	#
410	436752	40	49	50	48	32	51	58	52	154	#
411	386250	25	26	17	24	33	18	34	16	154	#
412	368065	32	33	24	25	34	40	16	48	154	#
413	316009	24	32	25	16	17	33	8	18	154	#
414	183070	42	41	49	155	#
415	238350	42	41	33	155	#
416	177061	41	49	33	155	#
417	105449	27	#
418	1027589	49	41	40	32	33	50	34	51	29	42	25	48	26	28	43	58	18	156	#
419	1207367	25	33	24	41	32	34	55	16	40	54	8	49	26	67	13	14	62	156	#
420	1180005	42	41	34	50	26	40	32	49	24	27	33	57	25	35	48	56	28	156	#
421	1130295	26	18	17	34	35	27	28	44	45	36	53	46	37	61	20	24	19	156	#
422	1100285	43	51	35	34	33	44	25	52	59	41	5	26	50	53	27	4	42	156	#
423	1094674	50	49	51	40	41	48	58	11	43	59	44	56	42	19	53	34	12	156	#
424	354284	10	1	18	41	2	157	#
425	387943	18	17	26	25	24	157	#
426	352446	41	33	34	40	42	157	#
427	308282	10	52	44	61	35	157	#
428	195640	1	0	10	9	8	157	#
429	149131	2	3	4	12	11	157	#
430	47249	64	#
431	618103	53	61	60	54	55	52	47	44	45	36	41	158	#
432	814913	41	49	50	42	33	34	48	25	58	57	35	158	#
433	761247	36	27	35	19	26	34	17	29	57	44	58	158	#
434	753812	44	53	36	43	52	29	28	37	60	45	20	158	#
435	723980	60	52	44	53	61	45	46	38	43	54	31	158	#
436	692915	54	59	60	55	47	52	63	53	6	58	39	158	#
437	285417	13	21	28	29	20	159	#
438	379742	20	21	14	28	22	159	#
439	293893	29	30	28	38	39	159	#
440	240045	13	21	64	28	14	159	#
441	226956	21	22	30	28	13	159	#
442	830822	53	52	61	51	60	62	54	44	55	63	45	32	46	24	160	#
443	917424	63	55	47	46	45	38	39	30	37	44	31	54	62	23	160	#
444	867699	46	47	55	54	45	38	39	62	31	30	63	29	22	21	160	#
445	819907	53	44	43	36	35	37	45	34	54	28	27	62	29	61	160	#
446	809817	45	37	38	30	22	46	21	39	14	31	13	6	15	7	160	#
447	794963	44	45	36	27	43	37	35	38	66	53	28	61	31	19	160	#
448	795847	5	68	4	12	3	20	11	10	9	13	8	14	28	27	161	#
449	1084727	20	12	28	4	21	19	27	64	36	29	39	26	44	45	161	#
450	1082793	13	5	14	21	15	4	23	54	61	22	20	62	52	58	161	#
451	1033427	27	19	35	11	20	26	44	12	36	29	52	43	21	51	161	#
452	1006466	14	13	21	15	7	28	20	29	36	19	27	12	37	23	161	#
453	944033	12	4	20	5	11	19	28	3	13	27	21	14	2	10	161	#
454	43036	3	11	10	#
455	803585	56	48	49	40	41	33	42	50	34	57	58	32	25	51	59	43	162	#
456	1040955	41	42	49	50	51	29	43	40	52	36	27	35	26	53	54	33	162	#
457	981176	57	58	59	60	56	52	61	50	62	63	55	54	51	53	47	46	162	#
458	969276	50	51	49	42	52	58	59	57	43	60	53	44	54	61	35	40	162	#
459	962374	58	59	60	16	8	57	50	42	51	52	49	56	48	40	41	9	162	#
460	952889	34	42	41	26	27	19	50	49	40	51	11	25	12	20	21	55	162	#
461	65776	66	#
462	667052	32	33	41	40	34	25	42	24	16	26	4	17	163	#
463	858932	40	49	57	58	50	56	42	34	48	41	59	33	163	#
464	827911	41	40	49	33	32	24	48	56	34	54	50	55	163	#
465	790405	32	33	34	25	24	26	17	18	27	41	16	35	163	#
466	771393	33	41	59	34	49	35	26	18	48	36	57	51	163	#
467	768363	25	33	41	34	24	42	35	37	32	43	38	39	163	#
468	907218	21	13	28	14	29	36	6	20	30	38	31	39	8	164	#
469	914474	13	21	22	20	30	57	12	11	28	10	49	58	5	164	#
470	884731	30	38	39	20	28	31	12	22	36	37	46	21	14	164	#
471	871411	14	21	22	6	30	31	13	20	38	46	39	7	29	164	#
472	871383	36	27	37	28	20	26	44	29	45	25	52	38	12	164	#
473	871319	29	30	31	36	35	44	52	39	28	38	27	26	45	164	#
474	64387	72	#
475	251743	47	55	54	53	44	52	165	#
476	359319	54	62	53	61	52	44	165	#
477	357204	53	52	61	44	54	43	165	#
478	311145	44	35	36	52	29	45	165	#
479	268217	55	54	47	46	45	37	165	#
480	144780	47	39	55	63	38	46	165	#
481	410609	53	54	52	61	62	55	166	#
482	447703	61	62	52	60	54	59	166	#
483	445775	52	61	53	62	54	60	166	#
484	407023	54	55	61	53	47	62	166	#
485	364503	62	63	54	61	53	55	166	#
486	360952	55	54	47	53	39	38	166	#
487	160216	32	33	41	167	#
488	216964	33	25	41	167	#
489	162830	32	40	33	167	#
490	413851	2	10	9	3	1	0	18	8	11	4	12	17	168	#
491	592507	8	9	10	16	2	24	1	29	32	18	36	33	168	#
492	592143	17	16	18	41	10	33	1	34	26	40	32	24	168	#
493	569609	2	1	9	8	3	11	12	20	10	0	16	28	168	#
494	515265	3	4	5	12	20	11	10	1	19	2	21	9	168	#
495	492637	11	10	3	2	9	18	1	8	0	19	17	12	168	#
496	629692	18	10	9	11	8	16	17	0	19	12	50	26	4	43	169	#
497	923414	50	51	43	59	44	58	60	35	34	52	57	61	56	36	169	#
498	910366	16	17	26	25	24	8	33	32	41	49	0	34	50	35	169	#
499	901483	26	17	34	33	41	25	35	42	18	32	24	10	9	27	169	#
500	851118	8	16	24	25	26	34	9	33	32	18	42	27	17	41	169	#
501	784203	43	35	51	44	59	45	34	38	30	52	60	46	22	23	169	#
502	364138	10	11	9	1	18	26	0	8	170	#
503	532942	18	26	17	25	24	32	34	27	170	#
504	414738	11	13	12	10	18	5	1	20	170	#
505	281097	1	2	10	9	3	11	4	19	170	#
506	253976	8	9	10	1	0	2	3	16	170	#
507	182233	10	1	11	3	2	9	12	8	170	#
508	1242056	2	3	10	1	4	9	28	18	21	26	27	29	22	5	30	31	35	43	44	8	171	#
509	1407149	4	5	3	13	14	23	21	12	2	20	32	6	10	9	40	33	7	25	26	24	171	#
510	1296341	22	30	48	56	31	23	49	40	57	38	39	21	20	12	32	33	41	13	14	15	171	#
511	1284297	31	30	22	40	39	25	33	38	23	48	24	32	49	41	56	16	46	12	29	8	171	#
512	1196061	30	31	7	6	29	28	36	27	35	44	22	43	38	45	39	37	19	20	14	21	171	#
513	1135567	21	14	15	6	23	7	31	30	22	38	37	45	39	46	44	13	47	28	53	55	171	#
514	120965	49	50	172	#
515	159048	50	51	172	#
516	86898	49	57	172	#
517	490708	59	58	51	50	52	53	57	44	43	49	173	#
518	565643	57	56	58	50	48	49	40	42	32	59	173	#
519	513747	59	58	51	50	60	52	49	40	42	44	173	#
520	503861	51	43	52	35	44	61	50	16	8	34	173	#
521	489202	53	54	55	44	43	36	61	35	52	47	173	#
522	479369	43	35	34	26	51	59	44	52	53	33	173	#
523	211891	59	58	57	51	72	174	#
524	265083	59	51	50	58	57	174	#
525	262282	51	52	60	43	44	174	#
526	189539	58	59	51	60	50	174	#
527	187225	72	32	40	48	37	174	#
528	497647	42	34	26	33	25	27	32	36	41	175	#
529	635183	41	42	50	33	49	48	40	25	55	175	#
530	626499	36	27	19	29	35	28	43	51	44	175	#
531	623703	32	40	48	33	25	58	49	56	24	175	#
532	588392	34	33	32	40	42	26	50	35	41	175	#
533	571822	25	33	24	32	16	40	41	42	8	175	#
534	113811	69	36	10	176	#
535	91662	36	27	37	176	#
536	90662	10	2	3	176	#
537	668356	1	0	10	3	9	4	11	18	8	26	5	19	25	177	#
538	943715	25	63	32	33	55	26	34	18	62	41	35	36	44	177	#
539	790093	18	17	26	25	34	33	32	42	10	50	27	41	11	177	#
540	754082	11	3	4	10	34	19	2	35	42	33	44	41	25	177	#
541	752491	19	11	27	26	25	3	10	20	35	36	43	2	33	177	#
542	730477	26	34	33	42	35	17	25	36	32	24	27	40	28	177	#
543	579007	51	43	59	58	52	50	49	48	44	40	60	36	178	#
544	830903	48	49	40	32	56	41	37	57	36	58	42	15	178	#
545	793494	58	57	59	49	51	56	48	41	50	43	40	60	178	#
546	695193	60	61	52	62	51	63	55	59	58	54	43	44	178	#
547	689322	43	51	52	61	44	60	53	59	58	54	62	57	178	#
548	663454	40	48	49	59	41	54	57	33	34	50	35	51	178	#
549	86719	44	#
550	1190947	49	50	58	57	42	51	43	40	56	48	41	52	61	60	53	35	33	59	44	36	62	179	#
551	1485026	61	12	4	20	33	26	60	28	41	21	34	22	40	52	44	43	35	36	45	42	25	179	#
552	1383345	48	49	40	16	56	24	32	50	51	71	17	41	18	57	26	27	35	33	44	58	25	179	#
553	1379964	42	50	51	59	41	43	33	49	25	26	60	57	48	35	44	36	17	27	40	28	56	179	#
554	1377894	36	28	27	44	35	21	22	20	45	53	37	54	29	26	12	30	55	63	14	62	43	179	#
555	1375834	51	59	6	52	7	44	36	43	27	26	50	19	18	60	61	28	58	35	29	54	45	179	#
556	260617	41	42	49	33	180	#
557	299615	41	33	49	25	180	#
558	271498	33	34	41	49	180	#
559	270617	42	41	50	40	180	#
560	148642	49	48	40	56	180	#
561	193590	60	52	51	181	#
562	143034	51	52	61	181	#
563	141654	60	52	59	181	#
564	681339	39	38	45	31	57	37	22	46	21	47	55	44	14	49	54	182	#
565	986106	22	21	30	28	38	20	31	27	14	19	36	39	37	47	44	182	#
566	935042	49	41	50	58	40	42	33	48	56	57	34	35	44	59	36	182	#
567	934347	39	38	45	37	44	31	43	35	36	53	61	62	54	60	63	182	#
568	913794	54	61	53	44	45	52	35	39	60	62	59	36	27	37	31	182	#
569	891290	45	37	38	71	36	27	28	35	39	31	44	46	26	43	47	182	#
570	1223984	14	34	13	21	6	28	5	20	31	12	71	4	38	27	46	67	45	19	11	7	183	#
571	1404610	14	21	31	28	6	30	29	15	13	38	23	27	19	5	10	22	1	45	4	9	183	#
572	1345288	7	6	15	23	14	31	13	38	30	5	21	19	22	20	4	11	3	27	12	2	183	#
573	1343705	13	5	21	20	4	14	3	22	28	15	23	10	6	9	30	7	19	1	27	36	183	#
574	1302115	38	31	37	30	45	36	22	35	46	47	21	23	44	27	15	39	19	14	7	43	183	#
575	1261594	28	27	35	22	21	34	29	36	30	42	43	26	54	14	20	19	13	17	33	31	183	#
576	78466	70	#
577	362434	48	56	57	58	184	#
578	316301	48	49	50	42	184	#
579	306346	57	58	50	49	184	#
580	222761	58	57	59	49	184	#
581	929038	30	22	38	46	29	28	27	36	31	39	45	26	34	47	44	21	53	185	#
582	1132886	22	30	29	21	28	27	14	6	7	13	5	31	38	23	20	15	19	185	#
583	1107317	27	36	29	44	43	45	30	28	31	23	52	51	19	21	53	46	13	185	#
584	1093505	47	39	31	30	22	38	21	13	23	28	5	14	6	45	27	55	35	185	#
585	1088267	34	33	32	35	41	43	36	29	26	27	25	30	28	24	40	44	45	185	#
586	1083304	53	52	61	54	51	44	55	35	43	45	62	63	60	46	36	27	59	185	#
587	140656	11	3	19	#
588	507201	53	44	52	36	29	61	35	28	186	#
589	595992	52	51	53	41	42	34	61	27	186	#
590	527752	61	62	52	54	53	44	55	51	186	#
591	511421	53	61	54	52	62	51	60	43	186	#
592	470392	36	37	27	28	35	43	21	20	186	#
593	470006	29	28	27	21	35	36	30	26	186	#
594	1331566	13	5	21	20	14	19	12	11	15	6	27	26	10	7	18	2	17	68	25	9	1	3	33	35	28	187	#
595	1617498	33	32	41	24	25	40	16	49	48	56	57	42	8	50	46	17	45	34	37	38	26	39	58	9	1	187	#
596	1502690	25	26	33	32	17	24	34	16	18	8	42	10	40	41	9	11	12	20	28	6	1	7	50	29	27	187	#
597	1476031	9	1	2	40	10	49	67	48	41	56	57	33	8	16	50	42	58	17	18	51	32	52	26	61	11	187	#
598	1462413	17	26	16	18	25	34	21	10	33	41	2	42	3	40	50	24	14	32	8	15	28	9	7	27	11	187	#
599	1442537	12	20	28	21	19	11	10	3	9	2	18	17	26	34	8	70	4	25	42	33	50	32	16	1	27	187	#
600	624428	0	1	2	10	43	44	35	36	27	18	11	34	29	188	#
601	927415	44	53	35	43	45	36	61	29	46	38	30	62	31	188	#
602	889766	27	28	29	36	20	44	19	43	26	25	52	34	35	188	#
603	887589	34	35	26	17	27	43	19	20	36	44	28	29	52	188	#
604	856266	35	43	44	45	46	37	36	51	27	19	50	29	38	188	#
605	810627	43	35	44	36	34	45	37	46	26	51	27	25	52	188	#
606	52686	65	#
607	344475	5	4	3	12	20	19	189	#
608	328738	20	21	12	4	13	14	189	#
609	279783	5	13	14	6	15	21	189	#
610	273534	12	4	20	5	13	11	189	#
611	202093	19	20	21	12	11	3	189	#
612	168322	4	5	3	10	12	11	189	#
613	416655	45	44	52	35	37	46	23	36	190	#
614	508139	44	52	53	54	35	43	55	61	190	#
615	434212	36	29	37	27	44	19	20	53	190	#
616	430080	52	60	61	63	53	44	59	51	190	#
617	423228	23	31	38	30	37	39	46	73	190	#
618	392864	37	38	46	30	45	44	47	52	190	#
619	86899	71	#
620	373283	27	35	43	44	36	191	#
621	359703	35	27	36	43	29	191	#
622	326281	44	45	36	37	27	191	#
623	317187	36	29	28	35	27	191	#
624	285974	43	51	40	35	36	191	#
625	245844	27	38	28	14	46	191	#
626	499531	22	21	30	20	12	31	192	#
627	500624	20	28	12	36	19	44	192	#
628	456827	21	20	12	22	28	19	192	#
629	453762	12	20	19	11	28	27	192	#
630	431136	22	30	19	21	14	15	192	#
631	401413	30	38	31	45	37	22	192	#
632	450894	48	56	49	57	40	41	193	#
633	502083	41	49	50	40	57	33	193	#
634	466969	57	56	49	41	58	42	193	#
635	446464	56	57	48	49	41	42	193	#
636	411765	49	41	48	40	42	32	193	#
637	387760	48	49	40	41	56	33	193	#
638	57624	66	#
639	53072	51	59	60	194	#
640	70124	51	43	35	194	#
641	1123345	19	11	20	10	2	3	12	9	8	4	21	28	1	13	0	27	5	16	29	26	195	#
642	1438614	21	14	13	15	23	7	31	39	20	5	6	19	12	47	4	30	22	38	28	27	195	#
643	1421632	28	36	27	26	44	29	19	53	52	37	20	35	25	12	21	14	15	9	45	34	195	#
644	1276182	20	12	4	19	27	3	35	44	2	52	11	60	61	5	30	36	29	26	54	22	195	#
645	1258382	12	4	11	19	6	20	28	21	22	36	30	27	3	14	35	29	15	10	13	44	195	#
646	1250650	19	20	27	12	11	28	52	21	4	29	44	36	26	35	14	61	10	9	22	30	195	#
647	875134	10	3	18	52	61	4	54	2	26	5	53	1	62	63	17	44	196	#
648	1198063	44	35	34	26	17	43	18	27	36	33	41	25	63	45	24	49	196	#
649	1086755	5	13	21	28	14	36	6	44	35	45	15	20	27	19	37	38	196	#
650	1078532	17	26	25	24	34	32	33	35	16	42	18	41	43	44	27	53	196	#
651	1042048	26	18	10	34	1	25	2	33	3	42	17	41	6	9	27	11	196	#
652	1027826	3	11	19	4	27	36	20	35	10	12	58	2	61	26	37	17	196	#
653	1783403	29	30	38	46	45	44	53	52	60	28	37	31	36	54	16	39	23	35	27	62	51	43	50	19	61	26	34	47	2	55	63	197	#
654	2182265	53	44	35	43	61	52	34	26	33	60	18	54	27	17	25	55	41	49	36	63	14	51	24	48	13	16	19	57	45	56	40	197	#
655	1991779	60	59	72	58	50	51	61	53	52	44	49	36	48	40	43	27	26	1	0	54	41	33	19	35	55	37	25	42	32	34	2	197	#
656	1975834	51	43	35	50	49	40	48	42	59	41	34	36	52	57	60	37	58	44	61	33	56	53	38	54	55	47	30	27	25	46	29	197	#
657	1941274	50	49	40	32	33	48	41	58	57	24	34	16	56	42	35	26	27	8	25	0	43	44	17	36	18	10	51	1	9	3	60	197	#
658	1934690	26	34	42	41	35	27	17	33	50	25	49	44	16	43	40	28	57	18	56	36	37	52	10	22	19	45	11	38	55	46	30	197	#
659	351452	25	26	24	32	34	198	#
660	508174	25	26	34	24	35	198	#
661	430808	26	25	34	33	41	198	#
662	394298	32	33	25	24	26	198	#
663	356225	24	55	32	63	40	198	#
664	238822	34	26	17	49	61	198	#
665	1673322	6	14	21	28	15	22	13	23	29	36	27	35	19	20	7	34	12	44	53	45	61	5	52	37	43	60	59	30	4	199	#
666	2025673	53	44	45	43	52	61	62	51	54	55	47	59	50	49	35	34	41	58	42	27	40	60	36	46	57	19	63	33	56	199	#
667	1857589	59	51	43	52	58	60	57	49	35	44	61	27	50	45	37	36	34	53	28	33	56	42	25	20	19	31	54	41	21	199	#
668	1835518	45	46	37	44	56	38	47	39	43	57	52	55	53	61	51	49	48	30	60	50	54	41	59	33	35	3	63	4	58	199	#
669	1796908	43	35	44	53	51	45	34	36	46	33	25	59	42	50	52	60	58	61	47	39	55	49	31	57	5	63	4	7	23	199	#
670	1794933	60	62	59	58	61	52	50	53	54	49	51	57	41	56	43	33	44	25	35	40	36	45	48	32	42	28	27	46	37	199	#
671	284401	69	26	34	200	#
672	265676	69	55	63	200	#
673	234149	34	33	25	200	#
674	150713	26	18	17	200	#
675	153044	26	18	10	201	#
676	193284	26	27	34	201	#
677	172454	10	11	23	201	#
678	765367	20	28	19	27	12	21	14	13	22	30	29	15	11	38	202	#
679	1035488	19	27	20	12	26	28	7	36	6	15	44	43	37	14	202	#
680	956309	12	20	21	28	22	54	55	11	36	53	27	19	62	3	202	#
681	888845	15	14	21	22	6	13	20	28	19	12	27	23	36	30	202	#
682	846808	11	12	19	20	21	22	27	35	26	43	34	44	3	18	202	#
683	839527	29	36	44	45	38	19	37	27	30	35	34	20	12	26	202	#
684	452154	43	35	36	44	53	61	34	203	#
685	554830	43	35	34	33	41	42	26	203	#
686	484406	35	34	44	27	9	8	33	203	#
687	478722	61	53	44	52	45	54	62	203	#
688	448454	44	45	53	46	36	37	55	203	#
689	444717	34	26	33	27	73	35	19	203	#
690	165613	0	1	9	204	#
691	192476	9	1	2	204	#
692	88026	0	1	8	204	#
693	696984	10	2	1	3	11	9	19	0	12	18	17	42	205	#
694	878827	42	41	34	33	32	50	51	26	35	59	27	19	205	#
695	798217	11	10	19	3	18	27	9	1	0	12	2	28	205	#
696	791062	19	20	28	21	27	26	17	22	34	36	30	18	205	#
697	768281	12	11	19	4	27	3	10	9	28	21	26	13	205	#
698	742277	17	26	16	18	34	10	9	33	27	25	28	8	205	#
699	35234	73	#
700	92709	30	29	#
701	582442	13	5	4	3	12	22	14	11	10	19	1	6	2	206	#
702	873060	13	21	14	28	36	27	15	6	44	35	53	7	43	206	#
703	828656	1	2	10	9	8	35	27	36	51	43	18	50	44	206	#
704	800709	14	13	33	21	32	34	41	24	42	28	40	11	27	206	#
705	788747	22	21	20	70	28	36	30	38	44	45	13	43	52	206	#
706	720914	19	11	12	20	28	29	13	27	36	44	35	45	46	206	#
707	1756529	7	6	14	21	13	28	27	35	44	36	22	30	60	15	29	45	48	52	53	59	40	61	41	32	49	207	#
708	1822742	53	61	52	54	60	62	44	35	43	51	50	42	45	34	32	36	12	63	27	59	40	19	28	55	41	207	#
709	1752471	59	58	52	60	61	50	49	54	57	62	51	53	41	48	40	32	56	44	70	63	42	20	36	34	28	207	#
710	1700407	49	48	41	40	32	50	58	42	34	59	35	36	56	37	45	26	27	28	46	57	10	60	38	24	19	207	#
711	1671755	41	49	50	57	58	56	48	42	34	59	60	61	40	62	32	51	35	44	52	36	54	63	43	53	29	207	#
712	1666207	60	61	54	59	62	58	52	63	51	55	50	49	48	57	53	44	36	40	37	35	29	32	28	38	45	207	#
713	944611	3	11	10	9	1	8	19	2	12	18	4	27	16	17	0	28	60	36	29	30	59	208	#
714	1201908	60	59	58	52	61	54	62	44	48	55	53	51	56	43	63	47	36	35	40	29	27	208	#
715	1173798	29	28	30	36	35	44	27	31	43	19	23	45	21	11	46	22	37	47	38	12	39	208	#
716	1151566	12	4	11	20	3	10	5	9	1	19	2	38	30	31	37	8	28	39	21	46	45	208	#
717	1151554	30	31	38	23	39	37	45	47	63	62	22	15	44	46	36	35	34	27	28	61	52	208	#
718	1146188	59	58	60	61	3	11	53	52	54	31	57	39	49	19	62	10	50	30	51	27	2	208	#
719	1034597	5	13	21	14	22	20	4	12	30	29	28	15	23	3	7	209	#
720	1086657	4	3	11	10	1	12	2	0	9	19	20	27	28	26	25	209	#
721	1060506	5	4	13	21	20	22	14	15	12	19	23	27	35	34	3	209	#
722	1025608	13	14	5	21	22	30	6	29	20	7	28	15	23	36	27	209	#
723	1015141	29	36	35	30	1	10	42	2	12	27	44	3	52	43	4	209	#
724	1006054	21	28	16	20	27	12	36	4	19	11	10	2	3	9	60	209	#
725	408828	42	50	41	51	43	59	210	#
726	457288	43	51	50	52	44	42	210	#
727	451002	42	34	35	44	45	37	210	#
728	424385	41	49	33	42	57	50	210	#
729	406923	50	49	63	41	48	56	210	#
730	356258	59	60	51	50	49	42	210	#
731	339666	2	1	9	10	0	8	21	3	14	49	40	211	#
732	504229	3	4	11	19	20	10	12	1	2	9	18	211	#
733	503946	2	1	10	9	3	11	0	56	4	19	12	211	#
734	494507	0	1	10	9	2	3	4	18	17	11	26	211	#
735	432558	1	10	2	0	9	8	69	3	16	4	18	211	#
736	388945	10	18	43	44	2	48	11	35	3	36	49	211	#
737	2154534	38	37	45	36	28	44	30	27	53	61	60	35	26	22	34	31	18	59	52	20	33	32	12	17	62	29	19	39	21	4	11	51	58	5	50	14	40	13	6	3	48	212	#
738	2500851	3	2	10	4	11	5	1	18	17	9	12	21	59	13	58	50	20	57	14	6	19	7	60	42	0	51	56	22	30	31	52	8	16	38	26	27	37	41	45	49	23	212	#
739	2465827	50	49	42	34	41	33	26	35	18	36	40	32	27	51	19	10	22	9	28	20	37	24	12	11	38	57	48	1	4	52	56	5	30	58	17	2	60	16	61	25	31	212	#
740	2464493	18	17	10	16	26	8	34	2	3	1	25	11	9	33	4	5	24	13	21	42	22	12	27	19	50	28	20	15	14	35	0	30	38	49	23	31	6	46	45	29	39	212	#
741	2462557	59	60	51	61	58	50	42	52	57	44	53	62	54	49	36	35	40	41	48	27	28	20	19	29	12	34	21	14	45	26	55	63	47	17	16	15	33	56	38	7	30	212	#
742	2450395	27	35	19	36	44	34	42	26	41	53	20	17	52	33	18	45	40	25	49	12	60	16	48	57	58	32	61	24	38	4	50	11	28	68	59	8	21	13	30	56	14	212	#
743	969282	56	48	49	57	41	33	40	32	58	42	8	24	16	34	50	0	1	9	17	2	10	213	#
744	1307864	10	18	26	27	51	2	28	25	21	1	52	44	35	3	9	20	19	34	43	17	42	213	#
745	1285137	17	26	25	27	16	24	28	33	32	20	41	36	18	44	12	42	50	34	19	21	11	213	#
746	1223870	9	8	16	30	10	24	22	25	32	40	26	1	21	31	41	13	39	17	18	47	33	213	#
747	1200356	1	2	10	9	11	19	3	4	12	5	18	20	21	13	28	14	15	29	26	30	22	213	#
748	1195967	24	25	32	26	33	40	27	41	28	29	17	36	42	19	50	58	20	48	16	18	11	213	#
749	29947	8	16	0	#
750	82960	4	#
751	218993	7	15	23	214	#
752	321564	23	31	39	214	#
753	114600	7	6	15	214	#
754	715090	1	0	10	9	3	2	18	17	8	11	19	27	36	35	215	#
755	871611	10	11	19	1	51	3	50	2	20	42	18	4	46	9	215	#
756	870589	1	10	2	3	9	18	4	11	19	17	16	12	20	24	215	#
757	866128	17	18	16	10	1	26	24	27	2	11	3	32	4	33	215	#
758	839862	8	16	24	17	25	9	18	10	1	33	3	2	26	27	215	#
759	811621	19	11	10	3	27	4	35	12	28	20	21	36	13	9	215	#
760	521875	47	39	46	38	31	45	30	37	55	54	216	#
761	658867	46	47	70	39	45	31	38	55	23	54	216	#
762	613093	47	55	54	46	62	0	8	39	16	17	216	#
763	602182	54	62	61	53	52	44	63	60	45	46	216	#
764	584383	38	30	31	29	46	47	55	23	39	28	216	#
765	541309	31	38	46	37	45	23	15	30	22	14	216	#
766	1210442	32	33	41	34	40	42	49	48	57	26	56	25	18	27	28	35	50	24	217	#
767	1435303	33	32	40	41	34	49	48	42	35	44	45	26	57	53	17	52	15	38	217	#
768	1411903	28	29	36	21	14	20	6	18	44	17	30	53	13	35	45	10	1	52	217	#
769	1301294	35	44	45	34	33	43	53	25	38	54	52	55	32	40	36	61	47	42	217	#
770	1298957	34	35	42	33	41	27	19	28	36	44	25	53	21	22	24	20	45	54	217	#
771	1247759	25	26	17	18	33	34	42	32	10	16	2	11	24	1	35	9	8	0	217	#
772	95954	39	#
773	286499	27	36	37	19	35	44	34	218	#
774	398940	44	36	35	29	28	62	30	218	#
775	390663	35	36	29	27	43	28	23	218	#
776	385930	27	26	28	19	34	21	7	218	#
777	376544	34	35	36	26	37	45	42	218	#
778	356401	36	70	29	37	35	27	30	218	#
779	276367	42	41	50	33	32	219	#
780	369825	41	40	32	24	25	219	#
781	338212	42	50	58	51	41	219	#
782	305591	50	58	42	57	59	219	#
783	284407	33	41	49	48	40	219	#
784	212219	32	40	48	49	33	219	#
785	330919	19	20	12	21	220	#
786	379955	19	27	20	12	220	#
787	285482	12	20	19	11	220	#
788	229596	20	21	28	36	220	#
789	462598	14	15	21	6	28	13	23	221	#
790	608146	14	6	7	15	21	20	28	221	#
791	605311	28	21	14	20	12	4	36	221	#
792	537653	21	28	14	20	6	22	9	221	#
793	527714	23	31	15	14	7	6	38	221	#
794	494448	13	21	14	5	28	6	4	221	#
795	562530	27	35	34	36	19	28	2	26	3	10	21	44	9	222	#
796	830638	44	52	45	43	46	36	60	47	27	39	35	37	55	222	#
797	820357	26	18	27	19	35	43	25	11	3	17	28	44	52	222	#
798	819564	28	27	19	35	20	26	43	44	18	71	36	12	37	222	#
799	770712	21	13	5	22	14	46	45	44	38	37	28	66	43	222	#
800	769266	34	42	64	26	70	50	18	25	27	10	11	1	58	222	#
801	315993	8	9	10	1	0	3	2	18	11	26	223	#
802	472901	10	2	11	3	1	19	9	8	27	35	223	#
803	450198	0	8	9	10	11	3	19	18	1	27	223	#
804	439441	9	8	0	16	24	10	17	26	25	27	223	#
805	438954	2	10	3	18	1	11	9	19	4	27	223	#
806	433244	26	17	25	24	18	16	8	10	3	32	223	#
807	1398208	49	57	50	41	51	48	56	40	58	7	52	33	59	61	44	34	54	43	62	36	63	224	#
808	1532307	50	58	57	49	59	51	48	52	44	53	41	61	56	62	40	45	54	19	42	55	63	224	#
809	1495340	34	33	25	26	35	27	18	17	44	52	53	28	61	54	62	60	51	19	50	11	63	224	#
810	1477130	33	62	63	61	34	25	32	55	26	54	53	17	50	58	51	52	44	35	45	24	27	224	#
811	1414691	44	53	52	35	61	62	27	28	20	36	51	21	45	54	58	60	46	29	19	47	50	224	#
812	1390344	56	57	64	58	48	50	49	59	51	41	40	42	33	25	26	34	17	27	28	18	20	224	#
813	517071	17	16	24	18	25	32	26	225	#
814	689677	24	32	16	33	41	42	40	225	#
815	537901	32	33	40	41	34	42	50	225	#
816	485143	16	28	29	30	21	20	31	225	#
817	436366	18	10	9	11	17	12	26	225	#
818	423652	26	25	34	17	18	33	27	225	#
819	28590	69	#
820	105135	70	#
821	236275	18	10	70	2	17	226	#
822	291876	10	18	1	0	27	226	#
823	223084	2	1	0	8	10	226	#
824	171499	17	16	18	10	26	226	#
825	155182	18	10	9	8	26	226	#
826	859218	63	62	55	61	54	52	44	53	36	29	28	30	227	#
827	897351	29	30	36	28	27	19	20	37	39	44	12	4	227	#
828	818646	61	28	21	60	52	59	29	62	30	53	20	58	227	#
829	793232	44	36	35	27	52	28	24	32	60	33	25	26	227	#
830	755338	55	54	53	61	63	62	52	44	60	35	43	34	227	#
831	707190	30	29	22	38	28	31	21	39	45	23	14	44	227	#
832	79027	70	56	228	#
833	116576	56	48	228	#
834	6917	70	38	228	#
835	104865	66	#
836	360807	16	24	17	8	9	32	1	229	#
837	489846	24	25	46	38	31	23	33	229	#
838	420519	16	24	32	40	48	33	8	229	#
839	409830	8	16	24	0	25	32	40	229	#
840	406199	32	24	33	34	42	41	55	229	#
841	402555	9	10	3	11	12	4	5	229	#
842	676047	54	53	44	62	52	35	43	36	230	#
843	744240	53	44	52	35	43	27	54	28	230	#
844	627972	54	62	55	63	61	52	53	44	230	#
845	572237	62	54	53	61	52	44	60	35	230	#
846	559640	43	35	51	52	27	53	36	44	230	#
847	507146	35	36	27	19	28	11	34	12	230	#
848	587781	63	62	54	55	53	61	44	45	231	#
849	581777	62	25	26	17	16	63	34	35	231	#
850	545258	44	45	38	30	22	36	28	35	231	#
851	535423	61	52	62	63	53	54	55	44	231	#
852	515101	63	55	62	54	61	52	36	53	231	#
853	481965	45	46	38	31	30	47	55	63	231	#
854	907843	24	32	16	40	49	25	17	18	48	56	57	58	41	50	232	#
855	923911	41	40	49	32	33	48	34	57	24	35	58	56	43	44	232	#
856	907233	49	40	32	57	17	50	41	48	18	26	58	27	42	10	232	#
857	905005	32	33	40	41	48	24	49	50	56	25	34	26	35	27	232	#
858	888422	56	57	48	58	40	41	49	50	32	24	59	16	33	8	232	#
859	852729	40	49	57	32	41	48	50	58	56	8	59	33	34	60	232	#
860	1439462	6	14	15	7	13	21	28	23	31	5	27	36	39	30	38	20	37	45	58	19	11	29	46	10	3	4	233	#
861	1643873	7	6	64	14	21	28	20	22	12	27	26	19	13	15	34	4	5	36	42	35	50	37	33	23	43	44	233	#
862	1642471	29	28	20	65	36	27	37	30	38	19	35	31	12	4	34	33	26	44	25	45	53	46	47	32	54	43	233	#
863	1601837	6	14	15	23	31	39	38	30	13	46	7	37	17	47	5	45	16	21	28	36	24	25	29	33	27	35	233	#
864	1588510	19	27	26	25	28	21	20	36	44	53	37	11	15	18	12	10	14	45	56	43	49	17	48	40	24	16	233	#
865	1577040	30	38	37	29	46	31	39	45	47	36	22	23	15	43	27	35	44	55	26	34	28	25	53	14	61	54	233	#
866	889425	0	44	53	54	43	62	61	63	8	35	47	20	27	46	19	45	36	16	234	#
867	1303105	19	20	12	27	21	28	13	30	70	22	11	4	3	31	29	14	15	5	234	#
868	1223484	16	17	24	8	9	25	0	1	33	34	18	10	26	32	43	27	40	28	234	#
869	1217642	0	8	16	17	9	1	2	10	40	24	41	11	42	25	32	12	18	33	234	#
870	1181489	8	16	24	25	9	10	18	2	17	33	1	34	42	41	0	26	27	3	234	#
871	1176426	53	44	52	61	62	54	43	60	35	27	19	51	28	20	50	66	21	59	234	#
872	302823	21	28	36	14	6	22	30	31	235	#
873	443250	30	31	22	38	21	39	37	45	235	#
874	415552	6	7	14	15	23	31	39	38	235	#
875	1406535	16	17	8	24	0	1	32	33	62	41	49	25	42	57	26	27	9	19	10	63	236	#
876	1395982	63	55	67	62	54	53	44	36	52	60	43	28	27	5	13	35	26	61	14	59	236	#
877	1374928	49	62	48	56	40	54	41	63	61	32	52	53	55	24	33	60	69	42	34	44	236	#
878	1370512	26	25	24	33	34	42	35	32	41	49	40	17	16	27	43	48	44	53	18	52	236	#
879	1344154	42	50	49	41	40	48	56	32	33	34	63	24	16	58	25	62	17	8	54	59	236	#
880	1332323	27	35	34	26	43	36	42	17	51	44	52	41	16	28	50	53	18	21	10	49	236	#
881	1178014	26	27	42	50	49	19	40	18	17	48	25	56	16	57	20	8	33	41	24	237	#
882	1102461	16	8	9	17	10	11	0	19	26	25	27	18	24	12	1	3	4	5	15	237	#
883	1032888	33	25	26	17	18	4	27	24	16	36	44	0	45	8	9	53	43	10	46	237	#
884	1010083	48	49	57	56	41	42	40	5	50	4	58	33	3	11	10	25	59	19	51	237	#
885	986092	19	27	11	26	12	4	3	36	18	29	30	34	2	20	33	35	25	43	28	237	#
886	983679	20	19	66	21	12	11	13	32	27	31	26	17	22	34	39	28	47	18	33	237	#
887	2679	59	#
888	19804	71	#
889	27351	45	#
890	170163	39	31	238	#
891	128828	39	47	238	#
892	16070	74	#
893	280042	27	35	43	34	19	239	#
894	313421	34	33	25	26	24	239	#
895	309089	19	20	28	29	72	239	#
896	300768	27	35	26	43	17	239	#
897	266865	43	68	35	27	36	239	#
898	213173	35	36	28	21	44	239	#
899	53572	4	3	10	240	#
900	62170	3	2	4	240	#
901	159527	22	30	21	241	#
902	187950	21	14	15	241	#
903	99533	30	29	24	241	#
904	84776	66	#
905	794075	26	17	16	24	18	27	25	28	8	29	242	#
906	944297	26	25	27	17	16	8	28	20	19	33	242	#
907	924303	27	26	28	20	25	19	43	21	35	22	242	#
908	742597	25	24	16	33	17	26	34	27	8	19	242	#
909	738786	24	25	33	16	32	34	26	27	19	42	242	#
910	709166	29	36	35	27	43	44	28	30	26	51	242	#
911	106912	44	#
912	63799	35	36	29	5	#
913	417122	23	31	38	67	37	46	45	36	29	243	#
914	625386	31	23	30	29	38	37	39	36	22	243	#
915	606458	38	31	30	39	45	47	37	22	46	243	#
916	590067	45	37	44	35	43	36	38	30	28	243	#
917	552396	36	7	37	38	35	30	44	29	45	243	#
918	541914	46	47	38	31	45	39	37	30	29	243	#
919	919578	37	45	36	28	29	27	35	44	43	51	53	34	59	16	8	60	42	52	9	33	244	#
920	1315055	59	51	58	50	42	57	49	40	32	48	56	43	41	34	33	24	25	26	35	16	244	#
921	1314258	60	59	61	52	51	50	53	49	58	54	44	43	55	41	48	63	45	40	42	62	244	#
922	1295196	33	25	24	26	18	17	32	27	10	11	28	21	19	20	9	40	8	16	1	35	244	#
923	1168521	42	64	34	48	56	49	40	50	58	32	41	59	26	18	17	33	10	35	11	57	244	#
924	1149634	35	34	43	27	28	21	20	36	26	17	25	44	16	24	13	32	18	29	19	14	244	#
925	537886	51	43	35	27	44	36	50	37	26	45	245	#
926	721025	37	45	36	44	35	53	43	54	55	63	245	#
927	687154	35	43	51	44	50	34	42	58	52	57	245	#
928	615417	44	35	43	36	52	27	45	37	19	51	245	#
929	575140	26	18	17	10	2	3	1	25	34	27	245	#
930	567047	51	43	44	35	59	34	52	27	26	17	245	#
931	1116	65	#
932	47231	64	#
933	101159	3	10	246	#
934	90894	10	9	246	#
935	85190	3	4	246	#
936	412831	13	14	5	4	6	12	20	247	#
937	458127	13	14	21	5	4	20	19	247	#
938	446301	6	14	15	7	23	45	31	247	#
939	376673	4	3	10	11	1	19	5	247	#
940	323760	5	13	4	12	21	14	15	247	#
941	317376	14	13	21	5	22	4	12	247	#
942	6617	74	#
943	812986	14	6	21	15	20	28	36	7	29	27	248	#
944	971019	20	19	21	14	15	23	13	31	30	28	248	#
945	903567	14	13	6	7	21	15	5	20	19	28	248	#
946	811582	7	6	15	14	13	23	31	38	30	37	248	#
947	752760	15	7	14	6	21	13	28	29	27	23	248	#
948	748014	21	14	20	6	28	22	15	7	23	36	248	#
949	328758	5	4	7	6	3	10	11	249	#
950	394162	5	4	12	11	20	10	28	249	#
951	353715	6	14	13	5	41	4	12	249	#
952	345994	4	12	20	21	3	13	28	249	#
953	336523	7	6	14	13	21	5	22	249	#
954	335009	10	9	1	2	3	11	12	249	#
955	92316	7	#
956	1004752	12	11	20	19	10	21	27	22	1	9	2	0	30	41	250	#
957	1065554	27	36	19	35	26	43	25	37	20	12	58	45	24	32	250	#
958	1036765	41	33	42	40	50	32	25	24	58	34	26	36	48	27	250	#
959	1012975	9	1	10	11	0	12	2	19	18	27	35	36	34	44	250	#
960	953391	1	9	0	8	16	10	24	11	12	18	20	51	19	25	250	#
961	938734	12	4	20	19	11	21	14	27	28	26	25	18	33	13	250	#
962	406568	62	63	55	54	251	#
963	261941	54	53	44	61	251	#
964	244231	55	51	47	63	251	#
965	214764	65	8	16	24	252	#
966	298445	24	32	16	25	252	#
967	250952	8	9	16	24	252	#
968	247141	16	24	17	32	252	#
969	213072	65	23	31	38	252	#
970	412004	32	33	25	26	40	18	253	#
971	549894	25	26	27	28	47	46	253	#
972	404710	33	25	26	34	42	35	253	#
973	369152	40	41	49	35	44	36	253	#
974	321123	32	40	33	48	41	42	253	#
975	318705	26	17	18	34	35	16	253	#
976	92150	12	11	254	#
977	94776	11	19	254	#
978	294106	51	43	52	60	255	#
979	376088	60	61	57	52	255	#
980	334704	52	61	26	17	255	#
981	330814	43	35	51	52	255	#
982	202305	51	52	59	61	255	#
983	42463	29	#
984	93362	35	27	256	#
985	77684	35	43	256	#
986	359706	1	0	2	9	3	8	10	18	257	#
987	510695	18	17	16	24	25	33	8	13	257	#
988	451424	1	9	10	8	18	2	0	17	257	#
989	395023	3	4	11	5	12	13	19	21	257	#
990	391808	0	8	1	10	9	16	2	11	257	#
991	378540	10	2	9	3	1	11	8	18	257	#
992	30321	16	8	9	#
993	32154	70	#
994	1444869	40	48	18	17	49	57	50	56	26	27	28	58	32	35	33	24	34	51	16	44	258	#
995	1447997	40	41	48	49	33	32	50	42	56	51	34	57	26	25	24	27	28	35	52	17	258	#
996	1430530	44	35	27	52	61	43	62	63	60	26	51	25	50	54	53	18	28	42	49	55	258	#
997	1383103	32	33	34	0	8	1	25	24	10	42	35	27	40	11	26	41	12	36	20	44	258	#
998	1379432	26	27	45	28	17	16	20	21	44	34	18	38	24	32	12	37	35	42	46	10	258	#
999	1351371	50	51	43	44	49	57	35	41	42	52	0	53	54	59	33	45	34	56	37	27	258	#
1000	763774	18	10	26	17	3	11	27	35	34	28	29	4	20	42	48	12	259	#
1001	1054825	26	17	25	33	16	24	27	8	32	18	41	71	42	34	40	19	259	#
1002	1005367	42	34	35	31	23	30	39	50	55	51	54	49	62	61	38	33	259	#
1003	999719	18	26	25	24	17	34	16	33	41	35	32	42	8	50	36	40	259	#
1004	979644	34	42	33	32	35	25	26	44	27	24	52	53	43	36	51	59	259	#
1005	918323	27	28	26	21	19	13	25	14	24	15	36	29	5	33	34	42	259	#
1006	451321	63	62	55	54	53	47	61	46	260	#
1007	537233	61	62	52	53	54	51	4	12	260	#
1008	489834	55	54	61	62	52	53	63	44	260	#
1009	458779	54	62	61	53	52	51	63	44	260	#
1010	426859	47	39	31	46	38	37	30	23	260	#
1011	417630	62	61	60	53	54	44	52	55	260	#
1012	415433	56	57	48	58	49	59	261	#
1013	545713	56	57	58	59	51	43	261	#
1014	355878	58	50	59	57	49	51	261	#
1015	348819	59	58	60	50	61	52	261	#
1016	345895	57	56	49	41	50	48	261	#
1017	312301	49	50	52	53	61	62	261	#
1018	10827	69	#
1019	269644	48	40	49	57	262	#
1020	396472	48	56	40	41	262	#
1021	386665	57	56	48	58	262	#
1022	240795	49	57	48	58	262	#
1023	135742	40	48	32	49	262	#
1024	184800	24	25	263	#
1025	160937	25	33	263	#
1026	117584	18	26	264	#
1027	173473	26	27	264	#
1028	940938	46	45	37	44	43	51	52	36	35	34	47	61	28	38	20	39	27	29	265	#
1029	1327632	34	35	26	42	41	25	27	7	15	50	44	28	51	19	36	18	40	6	265	#
1030	1280742	52	44	35	61	27	36	28	43	29	51	60	30	50	49	57	58	48	19	265	#
1031	1136282	28	27	19	29	20	12	11	26	36	21	44	30	22	31	4	13	25	53	265	#
1032	1122688	29	12	74	0	36	8	27	44	19	43	35	11	20	51	30	25	59	58	265	#
1033	1116033	35	27	34	42	50	36	33	51	44	32	40	26	43	17	19	41	45	18	265	#
1034	371676	47	39	38	31	46	30	266	#
1035	487740	47	39	31	30	38	45	266	#
1036	483018	30	22	31	38	45	39	266	#
1037	439455	31	30	38	23	22	39	266	#
1038	422782	39	31	30	38	47	22	266	#
1039	388349	38	30	31	39	46	23	266	#
1040	354636	55	54	62	47	267	#
1041	408787	54	62	63	27	267	#
1042	390165	62	63	55	54	267	#
1043	319337	55	63	54	47	267	#
1044	266257	47	46	45	55	267	#
1045	632130	23	15	7	14	6	21	22	20	28	30	31	29	268	#
1046	835682	7	15	23	31	14	30	20	50	13	38	45	51	268	#
1047	761890	21	13	22	30	28	14	70	15	20	38	31	23	268	#
1048	724955	23	15	14	31	35	6	44	27	52	53	30	26	268	#
1049	670123	20	12	4	37	3	19	36	11	45	38	10	30	268	#
1050	659900	6	14	21	7	13	15	5	28	36	20	12	11	268	#
1051	13321	53	#
1052	564372	55	54	63	53	62	61	44	52	51	269	#
1053	775014	44	35	53	54	61	60	43	27	62	269	#
1054	714352	63	55	62	54	53	44	52	60	35	269	#
1055	709869	61	53	54	34	44	35	26	62	43	269	#
1056	571802	51	52	50	53	61	62	60	44	43	269	#
1057	550255	53	44	52	61	51	60	54	43	21	269	#
1058	1071215	15	14	13	23	7	6	5	31	21	20	4	22	39	38	12	30	29	270	#
1059	1250299	15	23	31	14	57	56	21	13	5	20	28	27	29	42	26	4	36	270	#
1060	1187541	22	30	29	38	31	21	28	45	44	43	37	14	23	62	54	36	20	270	#
1061	1160737	30	29	17	20	18	31	23	22	19	12	41	36	26	49	11	50	39	270	#
1062	1151633	6	14	7	15	23	13	33	34	21	28	26	18	25	10	9	11	20	270	#
1063	1146434	29	28	36	30	27	22	37	20	26	17	35	1	31	39	44	18	43	270	#
1064	229901	42	41	34	271	#
1065	280019	41	42	50	271	#
1066	269797	42	41	40	271	#
1067	189273	34	42	33	271	#
1068	19234	0	#
1069	759865	45	38	30	29	22	37	28	46	39	47	36	27	21	31	19	26	18	272	#
1070	1062081	21	28	14	42	6	34	15	20	35	13	36	41	29	37	44	23	43	272	#
1071	955255	18	26	56	25	57	17	27	35	28	21	20	43	22	10	49	36	33	272	#
1072	922259	28	27	35	21	44	34	45	26	52	13	36	14	22	33	30	5	37	272	#
1073	848299	22	21	60	30	20	52	61	51	59	28	53	29	12	58	54	27	4	272	#
1074	805392	47	39	31	38	23	30	45	46	22	15	14	29	70	21	28	20	13	272	#
1075	885314	51	59	58	60	43	4	12	52	3	35	34	61	33	5	29	62	44	53	36	32	54	273	#
1076	1291940	29	36	30	38	39	31	47	35	45	22	28	20	27	43	12	26	18	25	44	34	53	273	#
1077	1287963	32	72	33	34	26	35	44	53	17	54	25	18	43	62	61	27	45	60	51	19	52	273	#
1078	1287212	61	52	51	62	53	59	44	50	58	15	14	54	13	6	43	60	49	40	36	21	23	273	#
1079	1275874	4	5	3	11	2	10	13	63	1	21	9	12	22	20	55	19	18	28	62	27	54	273	#
1080	1238351	44	53	61	52	62	54	35	45	51	63	50	59	36	60	34	27	28	43	38	16	24	273	#
1081	2209066	57	56	49	50	58	42	59	51	48	34	41	60	43	40	35	64	26	33	61	54	32	62	17	52	27	24	19	18	10	1	2	11	274	#
1082	2219908	61	60	54	59	62	51	52	53	50	43	44	35	34	45	33	49	55	41	32	25	47	63	39	24	57	27	42	36	31	29	19	28	274	#
1083	2214008	50	49	40	48	57	51	52	42	58	41	26	44	25	24	27	35	37	61	54	36	29	60	18	62	17	28	59	34	20	53	56	12	274	#
1084	2184194	18	10	2	1	17	26	27	11	46	0	16	12	38	52	28	36	29	24	61	35	25	20	9	30	39	62	34	33	41	54	31	43	274	#
1085	2163434	40	49	48	32	56	57	50	41	24	33	58	42	34	51	59	26	60	25	52	61	35	27	43	19	54	65	17	55	53	28	47	44	274	#
1086	2146301	33	34	32	24	41	42	50	25	16	61	17	54	53	26	40	49	18	35	52	62	55	48	51	59	58	27	10	1	60	44	47	8	274	#
1087	101538	35	#
1088	363056	30	22	31	39	23	21	275	#
1089	513182	23	31	15	12	7	39	275	#
1090	421919	22	21	14	30	20	28	275	#
1091	387632	21	20	22	25	12	26	275	#
1092	352294	31	23	38	4	2	18	275	#
1093	321530	39	31	38	23	46	45	275	#
1094	506367	58	31	39	23	57	71	30	47	276	#
1095	445665	30	31	34	23	38	15	35	42	276	#
1096	429990	23	31	30	38	22	39	21	15	276	#
1097	416776	71	17	18	10	11	19	16	24	276	#
1098	374069	57	58	56	48	40	41	32	42	276	#
1099	328814	31	23	39	50	38	37	45	36	276	#
1100	244566	9	10	1	3	2	277	#
1101	353955	10	1	18	26	6	277	#
1102	255311	1	10	3	4	2	277	#
1103	248186	3	10	1	9	4	277	#
1104	155306	9	2	65	3	10	277	#
1105	976610	8	16	9	0	1	24	25	10	33	2	17	34	26	18	3	4	5	27	11	19	35	12	278	#
1106	1267459	8	67	66	16	39	9	31	10	17	3	1	24	2	30	11	25	23	22	38	0	18	26	278	#
1107	1243951	11	3	4	2	1	9	5	10	12	20	18	17	0	13	8	19	14	15	26	70	25	23	278	#
1108	1224045	19	62	11	10	18	17	63	16	26	8	55	34	9	54	1	25	20	3	2	61	21	52	278	#
1109	1202139	3	10	2	14	18	1	11	72	12	21	6	20	9	7	0	22	30	8	16	26	4	34	278	#
1110	1187951	1	9	10	71	55	63	2	8	3	18	4	11	17	0	12	16	26	54	53	62	61	24	278	#
1111	427238	38	30	31	39	46	279	#
1112	381821	39	38	31	46	23	279	#
1113	365368	46	47	39	38	31	279	#
1114	358324	38	45	31	23	44	279	#
1115	348922	30	38	31	39	37	279	#
1116	347187	31	39	23	15	47	279	#
1117	316907	63	55	62	47	61	280	#
1118	446144	62	54	61	60	52	280	#
1119	401156	63	55	47	62	54	280	#
1120	381070	55	54	34	61	60	280	#
1121	273032	61	54	53	55	47	280	#
1122	243327	47	39	31	23	38	280	#
1123	29367	64	#
1124	1772132	8	0	9	16	24	1	10	2	3	18	32	33	34	17	25	11	4	42	40	26	41	27	19	48	12	5	49	28	36	57	281	#
1125	2001655	25	24	16	33	41	8	32	0	40	26	49	27	48	56	57	18	42	36	28	29	10	9	21	20	50	44	30	35	45	13	281	#
1126	1896403	33	41	34	25	24	49	42	57	26	16	48	32	40	50	56	58	59	27	36	35	29	37	51	30	28	8	0	21	45	31	281	#
1127	1888072	42	41	34	49	33	57	56	25	40	48	26	16	32	17	50	35	27	51	58	24	18	28	43	8	0	20	21	19	36	13	281	#
1128	1884211	11	12	10	2	1	9	19	0	8	3	18	16	26	27	17	4	25	20	35	36	34	33	29	42	24	41	43	28	21	30	281	#
1129	1880306	34	33	25	24	16	8	26	17	0	32	41	35	44	18	1	10	45	43	38	9	30	46	36	27	29	31	28	2	51	49	281	#
1130	399904	17	26	27	25	36	35	282	#
1131	490877	25	33	26	34	27	41	282	#
1132	452557	26	17	27	28	16	19	282	#
1133	414203	27	28	20	36	35	44	282	#
1134	318231	36	44	28	29	52	30	282	#
1135	182334	17	16	8	0	26	34	282	#
1136	1194829	16	8	9	1	10	24	25	32	0	2	40	33	41	3	48	49	42	26	11	18	34	50	283	#
1137	1610629	32	40	48	41	33	24	49	25	50	42	34	35	57	44	43	52	58	26	51	45	23	18	283	#
1138	1531098	33	34	26	32	25	24	27	42	50	38	28	16	19	49	48	51	41	39	40	45	21	11	283	#
1139	1481535	34	26	33	32	23	25	15	24	42	35	43	41	27	14	40	36	49	50	21	29	44	13	283	#
1140	1453172	42	44	43	41	34	40	32	35	50	45	33	49	25	48	24	46	47	26	60	16	52	61	283	#
1141	1449467	24	32	16	33	25	8	40	48	34	41	17	49	57	58	35	55	42	26	18	50	27	28	283	#
1142	319390	5	4	13	21	20	14	12	284	#
1143	460732	14	6	7	13	15	21	23	284	#
1144	450373	5	7	6	13	14	15	23	284	#
1145	432796	20	19	11	12	21	13	14	284	#
1146	371019	12	20	11	19	28	21	29	284	#
1147	314727	13	21	14	20	28	22	5	284	#
1148	1250618	19	27	11	12	26	35	4	5	44	52	45	18	61	36	29	20	38	63	43	42	39	10	285	#
1149	1391235	52	51	53	59	43	44	61	50	54	55	58	57	49	41	48	63	45	42	60	40	32	46	285	#
1150	1354935	63	55	47	62	54	61	52	46	39	38	31	60	23	30	51	43	29	14	44	45	50	37	285	#
1151	1336585	29	30	28	36	27	21	14	26	35	61	15	44	39	52	51	38	7	19	46	6	59	20	285	#
1152	1323656	36	28	49	27	48	20	21	12	40	37	41	14	33	42	34	45	38	13	15	29	7	52	285	#
1153	1319671	42	50	49	51	41	34	35	52	40	48	59	32	58	60	57	61	33	43	54	55	25	62	285	#
1154	60554	37	#
1155	516118	41	40	42	33	50	49	286	#
1156	605459	42	50	41	58	51	40	286	#
1157	429884	40	41	59	49	42	57	286	#
1158	419622	49	50	64	57	51	58	286	#
1159	407737	41	40	49	18	48	26	286	#
1160	371532	50	51	49	58	59	57	286	#
1161	1568713	8	9	0	16	24	10	3	2	11	32	17	4	72	40	12	26	5	49	27	34	35	19	36	20	21	28	41	1	44	18	43	33	287	#
1162	2029643	20	21	22	12	30	28	4	36	27	37	35	34	42	50	29	45	58	19	41	57	26	11	3	14	13	6	38	43	51	40	55	59	287	#
1163	1954026	72	14	15	21	22	20	6	30	38	29	28	19	13	12	37	11	36	23	27	4	7	31	42	39	17	45	34	18	10	47	44	9	287	#
1164	1940485	19	27	11	12	20	35	21	22	28	14	6	43	13	36	30	26	18	17	4	51	44	52	29	34	61	59	31	54	10	38	62	9	287	#
1165	1934256	34	35	27	28	19	43	36	29	44	42	11	33	53	26	10	52	18	45	50	9	20	60	51	38	21	49	30	40	41	12	57	46	287	#
1166	1869450	49	40	41	50	42	58	51	57	48	70	34	59	33	26	60	43	32	52	53	56	24	18	10	9	8	6	17	14	2	44	16	1	287	#
1167	177144	31	39	288	#
1168	166489	31	23	288	#
1169	40666	39	38	288	#
1170	56614	30	#
1171	178453	2	10	1	9	289	#
1172	154471	9	10	18	17	289	#
1173	132263	2	3	10	1	289	#
1174	647832	13	5	21	22	14	6	28	15	23	4	290	#
1175	835220	22	30	21	31	38	39	28	20	23	19	290	#
1176	780973	4	5	12	20	13	28	27	35	36	19	290	#
1177	721661	28	8	36	35	20	19	27	44	12	29	290	#
1178	682942	14	15	13	6	26	27	17	23	28	35	290	#
1179	668731	15	23	7	14	6	21	13	28	31	30	290	#
1180	55024	65	#
1181	1500847	44	45	52	36	34	27	35	46	37	61	19	71	29	43	53	40	38	48	49	60	56	63	54	26	62	30	31	17	51	291	#
1182	1945535	60	59	58	61	57	50	52	51	62	56	49	40	63	41	44	45	31	32	35	36	48	43	27	23	26	54	33	25	28	291	#
1183	1875639	61	54	53	60	62	59	51	52	63	50	42	19	20	12	27	35	44	28	45	11	36	26	58	29	25	21	43	46	24	291	#
1184	1769471	54	66	53	44	61	55	45	35	37	46	62	52	60	34	38	51	59	27	63	36	39	19	28	42	20	47	26	25	31	291	#
1185	1732292	52	61	53	44	60	36	51	59	43	54	35	50	42	46	31	45	62	58	49	41	55	57	63	34	26	56	33	27	12	291	#
1186	1724344	44	35	36	45	52	68	43	37	27	51	53	19	28	59	54	30	62	20	69	12	46	61	50	63	26	60	42	18	29	291	#
1187	284350	56	57	21	13	22	48	5	292	#
1188	405691	21	20	28	13	5	4	14	292	#
1189	404958	5	13	14	21	22	15	28	292	#
1190	337826	22	30	29	28	36	44	45	292	#
1191	287501	56	48	58	3	40	59	50	292	#
1192	282088	53	52	44	61	45	46	38	293	#
1193	417711	46	45	38	39	31	18	30	293	#
1194	395330	45	38	46	39	30	29	31	293	#
1195	376757	38	37	36	31	45	39	12	293	#
1196	306740	52	61	54	44	45	38	46	293	#
1197	301777	44	43	52	60	51	53	50	293	#
1198	521446	36	28	21	29	14	44	27	43	35	294	#
1199	623216	21	20	19	14	12	6	11	28	27	294	#
1200	520147	29	36	37	27	44	52	28	26	43	294	#
1201	516082	43	39	47	38	46	45	51	31	52	294	#
1202	464400	44	35	34	53	52	28	36	27	20	294	#
1203	457327	28	36	37	29	21	27	44	20	26	294	#
1204	308024	23	31	15	30	295	#
1205	324884	15	23	31	7	295	#
1206	294826	23	31	30	22	295	#
1207	240946	31	41	49	25	295	#
1208	1060897	42	41	40	34	26	49	50	17	48	33	18	10	32	35	51	9	43	5	16	2	58	57	296	#
1209	1445559	40	48	49	32	50	41	42	58	51	7	52	43	60	35	44	15	36	57	59	23	37	29	296	#
1210	1389052	43	35	27	36	19	26	44	20	51	11	28	10	50	9	34	18	8	52	12	29	42	60	296	#
1211	1332203	5	13	14	46	4	15	65	3	12	11	7	21	28	20	29	23	19	10	45	9	36	1	296	#
1212	1326148	26	18	17	10	25	9	11	2	3	34	1	19	42	50	35	49	0	51	12	52	24	43	296	#
1213	1291249	34	42	41	26	50	49	48	25	57	27	35	40	56	17	16	44	36	28	33	24	21	20	296	#
1214	133787	18	10	1	2	297	#
1215	156881	1	0	8	2	297	#
1216	146706	18	10	1	3	297	#
1217	118964	2	1	0	3	297	#
1218	72165	10	1	2	0	297	#
1219	245825	73	47	55	46	45	44	298	#
1220	345395	44	35	34	33	36	42	298	#
1221	334014	46	45	38	39	47	44	298	#
1222	315097	55	54	62	61	47	46	298	#
1223	263833	47	39	46	38	45	55	298	#
1224	55160	68	#
1225	319926	33	25	32	34	26	299	#
1226	383955	33	34	25	26	41	299	#
1227	332105	32	40	33	49	41	299	#
1228	314797	25	33	34	26	35	299	#
1229	304544	34	33	42	35	27	299	#
1230	299227	26	34	48	25	27	299	#
1231	274026	32	24	33	16	25	300	#
1232	371602	16	58	24	59	60	300	#
1233	335315	33	25	34	41	42	300	#
1234	318707	32	40	24	33	48	300	#
1235	279572	24	16	8	17	18	300	#
1236	183964	25	33	34	32	26	300	#
1237	764480	29	28	36	27	20	44	45	35	26	18	43	301	#
1238	816197	27	28	5	13	62	63	54	41	36	44	40	301	#
1239	799479	28	20	21	14	6	15	22	23	29	30	13	301	#
1240	783253	18	26	27	34	28	0	25	24	17	42	35	301	#
1241	744862	20	31	38	28	21	39	23	45	29	46	27	301	#
1242	739773	45	38	39	37	46	36	30	28	47	27	20	301	#
1243	295778	31	39	38	30	302	#
1244	372364	39	4	5	17	302	#
1245	187595	31	30	38	29	302	#
1246	65570	66	#
1247	139976	28	29	36	30	38	49	35	303	#
1248	207267	35	34	36	33	44	37	47	303	#
1249	175394	38	45	46	37	47	44	31	303	#
1250	201659	35	43	#
1251	259274	37	38	30	45	33	31	304	#
1252	336286	37	38	36	35	27	45	304	#
1253	334605	31	39	38	37	47	46	304	#
1254	330493	45	38	46	37	47	44	304	#
1255	277214	33	41	42	34	26	50	304	#
1256	236200	38	37	46	47	36	45	304	#
1257	868712	38	30	22	31	23	39	37	21	36	29	28	20	13	35	19	12	46	305	#
1258	943029	29	36	35	43	34	33	28	44	27	30	53	26	38	41	25	21	45	305	#
1259	941157	35	34	27	28	36	44	50	53	19	26	52	60	58	17	25	29	66	305	#
1260	930536	12	20	28	36	4	70	29	21	35	37	30	5	38	27	14	31	23	305	#
1261	888493	36	29	30	38	35	44	37	28	53	46	31	43	45	22	27	23	26	305	#
1262	878559	37	36	45	38	28	27	44	30	53	54	31	52	59	35	60	43	29	305	#
1263	1370989	19	20	11	28	21	13	22	14	6	30	5	31	29	10	36	3	2	62	4	27	35	63	306	#
1264	1609387	63	55	47	46	38	30	39	62	22	31	54	6	53	23	29	21	14	61	20	28	15	27	306	#
1265	1384705	31	38	46	30	39	22	47	55	29	63	28	62	21	54	36	45	13	5	20	53	44	23	306	#
1266	1368805	28	27	17	16	36	35	21	37	24	14	43	38	6	13	8	22	39	46	20	9	30	25	306	#
1267	1366783	29	30	31	39	47	46	23	38	36	28	37	15	22	44	45	21	35	55	43	27	20	19	306	#
1268	1366281	27	35	19	28	38	20	46	12	39	36	47	4	43	55	3	63	29	37	14	5	45	10	306	#
1269	717990	33	25	32	26	24	40	18	17	16	10	49	27	11	2	8	34	41	307	#
1270	1022456	41	43	40	33	66	49	44	57	35	32	52	56	48	27	53	61	26	307	#
1271	1006778	49	50	48	57	56	40	58	32	24	51	59	41	16	25	60	52	33	307	#
1272	973448	33	25	41	42	26	40	32	49	24	57	50	51	34	58	52	59	35	307	#
1273	910087	40	32	24	25	48	33	49	41	57	56	58	16	59	50	17	18	10	307	#
1274	852045	34	33	32	41	40	49	25	26	24	16	17	8	35	42	57	36	27	307	#
1275	721428	16	24	32	25	1	0	17	8	9	33	34	35	42	308	#
1276	965741	25	33	41	24	16	49	50	34	42	17	54	7	4	308	#
1277	953142	42	41	50	58	33	51	34	49	26	48	25	57	18	308	#
1278	796163	34	44	33	32	53	25	45	35	37	24	41	54	42	308	#
1279	783358	33	34	25	32	42	41	29	50	30	38	22	40	37	308	#
1280	779169	32	40	24	49	41	33	46	25	16	50	38	30	48	308	#
1281	867556	47	46	73	38	45	37	39	31	55	23	30	54	36	28	15	309	#
1282	1026568	73	24	25	33	26	17	32	41	3	40	42	43	18	34	35	309	#
1283	936403	23	31	38	30	45	44	15	47	22	46	39	48	49	21	57	309	#
1284	916246	31	30	29	38	37	39	47	36	27	6	28	35	19	23	15	309	#
1285	903601	37	36	27	38	26	39	30	35	31	19	45	28	44	43	22	309	#
1286	887037	45	46	37	38	36	27	44	39	35	64	31	34	42	30	28	309	#
1287	95141	60	#
1288	243487	25	60	55	26	17	310	#
1289	336304	25	24	32	33	41	310	#
1290	296366	26	17	18	25	24	310	#
1291	246099	55	54	61	53	62	310	#
1292	225842	17	18	26	10	34	310	#
1293	305105	40	49	32	33	25	311	#
1294	430902	25	24	33	26	18	311	#
1295	418220	32	40	24	58	25	311	#
1296	416547	40	41	49	42	48	311	#
1297	292893	33	32	24	16	25	311	#
1298	272256	49	48	40	32	57	311	#
1299	422850	42	41	34	49	50	33	40	51	312	#
1300	573008	50	58	57	51	52	49	43	40	312	#
1301	539923	41	33	34	25	49	40	26	27	312	#
1302	489746	49	41	24	33	32	25	40	57	312	#
1303	477364	42	34	26	35	27	43	36	29	312	#
1304	453184	33	34	32	25	42	36	26	28	312	#
1305	691741	16	24	25	17	4	12	33	11	18	34	41	42	313	#
1306	760677	18	26	17	34	16	42	50	27	58	51	49	41	313	#
1307	749380	42	41	40	30	22	49	48	36	56	57	50	51	313	#
1308	744942	33	60	61	52	54	59	53	34	32	58	44	62	313	#
1309	703153	24	25	32	33	16	34	40	42	26	27	17	50	313	#
1310	695661	34	33	42	26	25	23	35	18	17	32	31	24	313	#
1311	1481261	15	14	7	23	21	6	13	20	5	31	28	19	38	30	39	45	46	11	47	36	12	55	10	37	44	3	1	314	#
1312	1591055	6	7	14	15	13	21	20	28	36	27	35	19	43	44	11	53	26	29	10	34	37	9	42	45	30	52	50	314	#
1313	1569896	7	6	14	13	21	71	15	20	5	28	36	4	19	29	27	44	43	45	37	35	62	61	30	53	52	11	26	314	#
1314	1545133	10	1	9	2	3	17	18	26	0	4	8	16	25	12	34	24	11	35	20	36	33	29	42	19	30	41	43	314	#
1315	1534562	5	13	21	58	28	14	15	36	35	4	20	12	57	27	37	45	38	6	19	29	59	7	26	51	52	39	30	314	#
1316	1518080	3	4	5	10	2	1	9	18	11	12	13	14	20	21	15	7	26	0	19	6	8	17	34	16	25	42	27	314	#
1317	1217463	47	46	39	45	38	44	43	51	35	57	50	31	52	49	55	30	58	53	60	61	315	#
1318	1355761	30	22	31	29	23	39	47	55	63	38	54	45	44	62	37	28	36	61	1	52	315	#
1319	1346927	46	38	45	47	44	52	53	61	31	39	54	60	30	59	43	23	55	15	35	62	315	#
1320	1335729	55	54	63	53	61	52	62	60	47	44	35	59	34	26	43	39	27	25	28	33	315	#
1321	1278399	39	31	47	55	30	38	54	53	46	37	45	29	52	61	44	43	23	60	63	35	315	#
1322	1261866	61	60	62	54	53	52	63	51	50	44	42	49	58	45	59	43	40	48	35	57	315	#
1323	792141	14	6	7	15	23	31	30	38	39	21	37	13	22	20	5	316	#
1324	1004169	22	30	31	21	14	23	29	38	39	47	20	37	46	45	19	316	#
1325	976814	38	46	45	47	56	55	30	44	57	53	31	39	58	63	48	316	#
1326	939718	37	45	38	31	46	39	44	52	60	36	43	61	47	35	62	316	#
1327	900673	7	6	14	21	28	13	36	37	40	38	41	33	27	45	19	316	#
1328	894360	15	61	53	14	62	52	54	21	23	7	22	55	63	44	6	316	#
1329	55969	11	3	#
1330	447459	57	58	56	19	27	317	#
1331	506922	19	20	27	28	26	317	#
1332	336103	57	56	49	48	40	317	#
1333	315879	56	44	57	48	53	317	#
1334	285125	27	36	26	25	29	317	#
1335	11107	47	#
1336	6503	65	#
1337	63305	36	27	#
1338	1179011	33	25	26	34	18	27	10	32	28	20	9	1	36	24	0	42	29	67	318	#
1339	1251605	28	55	63	20	54	27	19	53	44	52	36	45	37	38	35	62	31	43	318	#
1340	1196367	24	32	16	65	27	33	19	11	28	41	3	25	20	10	49	9	57	34	318	#
1341	1189713	32	33	24	40	49	34	48	35	43	16	56	8	27	57	50	25	0	42	318	#
1342	1103408	33	32	34	41	42	25	35	24	49	40	43	44	48	50	4	56	57	53	318	#
1343	1061716	42	50	49	41	58	57	40	51	59	33	56	34	32	25	52	48	44	24	318	#
1344	550755	53	52	51	54	62	34	44	45	60	26	319	#
1345	822816	26	34	35	27	28	42	54	55	19	62	319	#
1346	643295	34	42	35	50	36	37	38	28	27	39	319	#
1347	602820	51	11	10	12	19	3	43	27	35	4	319	#
1348	568811	53	44	35	43	61	54	47	27	28	20	319	#
1349	546652	45	38	44	43	53	54	31	37	55	61	319	#
1350	61340	30	#
1351	706228	29	30	28	38	36	31	37	39	21	14	52	45	20	320	#
1352	781715	21	20	28	19	14	22	30	36	63	27	31	37	44	320	#
1353	722336	31	23	15	7	14	6	21	13	20	22	28	36	35	320	#
1354	713602	29	28	20	36	21	14	15	27	30	38	35	12	37	320	#
1355	712590	52	61	53	54	55	62	63	60	44	51	50	42	35	320	#
1356	670528	30	31	29	22	38	28	21	20	37	45	19	39	27	320	#
1357	617412	12	11	4	3	20	5	19	10	2	9	28	21	1	321	#
1358	842659	19	27	36	20	37	35	43	45	41	28	21	13	44	321	#
1359	788129	9	8	54	0	1	53	55	47	52	16	39	51	62	321	#
1360	756489	2	3	11	12	19	27	10	1	9	20	18	35	26	321	#
1361	739091	12	20	4	28	29	27	21	14	15	36	37	3	35	321	#
1362	728177	10	18	66	1	3	9	2	11	26	12	27	4	0	321	#
1363	229217	51	50	49	59	40	60	48	32	322	#
1364	320567	60	61	53	44	36	35	52	29	322	#
1365	62101	26	34	18	323	#
1366	43409	26	34	35	323	#
1367	21357	34	35	43	323	#
1368	322334	41	49	48	56	57	33	324	#
1369	421977	33	25	26	18	27	35	324	#
1370	406869	48	49	50	40	41	57	324	#
1371	403197	56	48	57	40	41	49	324	#
1372	384967	41	49	40	33	32	50	324	#
1373	335410	57	56	48	7	40	49	324	#
1374	48386	74	#
1375	351478	14	21	28	27	13	325	#
1376	410323	27	19	35	28	44	325	#
1377	310375	14	13	21	15	20	325	#
1378	286554	21	13	28	20	14	325	#
1379	256852	13	21	20	12	4	325	#
1380	793786	35	27	26	18	10	36	9	25	28	17	19	34	2	33	3	1	11	29	326	#
1381	1170380	33	34	35	32	24	44	36	25	50	26	58	59	53	27	43	60	41	49	326	#
1382	1157274	35	34	33	42	27	28	26	50	19	11	29	72	43	44	32	40	12	36	326	#
1383	1146580	18	26	17	34	27	42	41	50	49	16	40	51	33	35	43	53	25	48	326	#
1384	1093809	25	26	33	34	17	35	24	16	50	44	32	42	43	41	9	1	36	52	326	#
1385	1041359	17	18	26	27	16	36	44	29	34	35	19	53	42	28	24	8	20	41	326	#
1386	3279	67	#
1387	1940034	27	19	26	18	11	10	35	17	34	33	28	42	3	4	9	2	1	12	41	20	0	49	57	50	43	48	51	32	44	36	29	6	56	327	#
1388	2469411	42	34	50	35	49	41	57	27	58	43	59	19	11	36	44	26	53	29	20	45	63	56	12	61	33	54	52	60	25	3	55	48	28	327	#
1389	2356968	28	21	29	27	35	34	14	6	30	43	19	17	44	18	13	20	33	5	53	26	12	7	32	51	50	16	25	59	52	42	40	24	4	327	#
1390	2314410	50	51	59	58	60	42	67	41	34	43	35	33	27	44	57	40	52	61	32	26	18	45	25	17	53	24	48	28	49	37	20	56	12	327	#
1391	2311859	44	43	35	52	45	38	51	50	27	59	28	31	61	42	46	20	21	14	60	41	49	30	26	37	36	12	40	29	57	15	34	7	19	327	#
1392	2303312	34	33	41	26	42	40	25	48	50	27	49	35	32	44	36	17	58	57	56	45	51	43	52	38	53	61	31	54	24	59	62	18	28	327	#
1393	272341	21	13	53	44	52	36	328	#
1394	384459	36	27	37	38	45	19	328	#
1395	346003	13	14	21	20	22	12	328	#
1396	334004	52	35	60	59	61	62	328	#
1397	328519	44	36	52	45	40	46	328	#
1398	306391	21	22	30	20	12	4	328	#
1399	930933	10	18	9	11	3	1	12	2	4	17	20	5	21	14	0	19	26	13	16	329	#
1400	1240196	16	8	9	0	24	17	32	18	1	40	12	20	11	19	2	28	10	26	33	329	#
1401	1100996	14	6	7	15	23	53	52	13	54	31	38	46	39	5	55	47	51	30	45	329	#
1402	1021574	1	2	10	0	3	9	18	8	17	11	16	19	24	32	26	33	41	49	12	329	#
1403	1011647	5	4	12	13	3	11	2	21	28	20	10	1	0	22	19	9	14	8	27	329	#
1404	1009493	4	12	3	11	10	19	18	2	1	5	13	22	20	26	17	21	9	14	30	329	#
1405	2397032	33	34	32	40	26	27	28	36	41	21	19	14	42	15	18	24	22	11	17	13	35	23	25	12	48	20	37	44	3	43	10	45	38	46	53	7	4	52	51	31	39	2	16	60	5	6	54	330	#
1406	2593329	54	62	61	52	60	53	51	59	63	55	58	56	43	50	44	57	42	49	47	14	40	41	21	26	48	34	18	33	39	13	27	35	36	38	30	22	17	37	45	20	15	28	46	10	9	7	3	330	#
1407	2561878	39	38	31	30	47	55	54	53	45	22	44	29	61	46	62	60	37	63	35	36	43	21	52	13	28	59	34	14	51	42	50	26	15	27	23	19	18	10	5	2	58	49	57	41	1	3	6	330	#
1408	2552685	42	41	34	49	50	33	35	27	66	40	32	58	19	36	44	47	45	59	37	39	53	57	54	26	60	56	61	38	20	69	48	17	46	31	25	52	55	43	23	12	30	51	15	18	24	62	16	330	#
1409	2533793	52	53	61	54	55	60	47	62	39	63	46	31	59	38	45	58	11	50	49	10	37	57	12	3	9	36	44	51	70	1	35	2	4	56	0	48	42	30	41	43	8	40	20	27	16	26	19	330	#
1410	2533282	44	53	35	27	45	19	52	54	43	55	36	65	34	47	61	42	29	39	49	37	50	38	46	11	26	33	3	31	51	28	10	9	0	62	40	60	41	18	12	63	59	23	4	8	58	15	57	330	#
1411	39776	2	3	#
1412	1221503	26	45	44	37	18	17	46	71	43	10	34	42	2	52	60	1	53	331	#
1413	1251815	26	25	17	33	34	24	41	16	42	27	40	32	63	62	18	61	48	331	#
1414	1224853	34	42	26	18	50	27	28	69	17	21	14	13	41	20	33	51	32	331	#
1415	1207772	18	17	26	25	33	34	42	10	16	9	41	1	8	27	74	40	24	331	#
1416	1138654	45	46	44	37	43	35	38	39	27	36	34	52	30	31	60	19	26	331	#
1417	1135725	17	18	26	34	33	25	42	50	16	10	1	9	51	32	43	0	2	331	#
1418	129552	45	52	37	51	53	50	332	#
1419	175887	37	36	28	44	38	45	332	#
1420	163040	45	46	47	44	35	36	332	#
1421	424747	27	28	36	35	34	44	333	#
1422	503248	27	26	25	66	24	18	333	#
1423	353920	44	53	43	54	36	45	333	#
1424	348374	34	26	18	56	35	48	333	#
1425	327060	35	27	34	36	37	43	333	#
1426	311481	28	36	27	29	26	20	333	#
1427	941852	12	11	4	21	5	20	19	3	14	27	10	13	15	6	2	1	9	23	334	#
1428	1246832	13	14	15	21	34	22	42	20	12	30	7	6	19	28	26	27	17	11	334	#
1429	1209029	14	15	13	7	21	28	23	6	29	30	31	39	20	38	12	11	37	22	334	#
1430	1086111	21	28	14	20	12	29	36	27	35	30	26	44	37	22	19	73	4	34	334	#
1431	1079561	11	19	20	28	3	29	10	30	27	2	22	26	1	35	43	12	0	17	334	#
1432	1054076	3	2	4	15	12	11	10	14	7	6	49	20	21	23	50	28	42	31	334	#
1433	210250	12	20	21	13	335	#
1434	296545	12	20	40	19	335	#
1435	225657	20	19	21	13	335	#
1436	100634	13	21	14	22	335	#
1437	96232	21	14	22	15	335	#
1438	396038	2	3	4	10	9	11	1	19	27	0	336	#
1439	547096	19	11	3	10	27	20	28	29	18	30	336	#
1440	491208	2	3	11	19	12	10	20	4	27	48	336	#
1441	463303	10	3	4	1	12	20	11	24	19	0	336	#
1442	365262	0	1	10	11	3	2	12	19	18	17	336	#
1443	337916	4	3	11	12	10	65	9	57	1	49	336	#
1444	1348018	18	10	2	17	11	3	12	16	26	8	27	36	1	19	9	0	20	25	44	29	28	35	4	43	21	61	52	41	337	#
1445	1788551	41	49	40	42	50	51	32	33	57	48	24	58	52	61	19	54	59	25	60	56	55	34	27	62	28	63	36	16	337	#
1446	1628175	43	35	51	59	44	50	49	53	60	36	29	61	58	57	28	21	27	52	42	48	40	20	12	19	54	11	41	30	337	#
1447	1587403	19	20	11	27	10	36	28	2	3	29	12	21	18	14	4	9	6	26	37	35	13	25	5	24	33	17	44	45	337	#
1448	1548873	61	62	52	44	36	60	43	51	27	59	50	35	26	28	20	17	49	29	16	40	32	53	30	2	31	3	11	24	337	#
1449	1520570	26	34	18	10	9	35	27	17	1	28	20	0	36	33	21	19	41	44	43	40	49	12	42	11	13	51	50	68	337	#
1450	73283	30	22	#
1451	1446166	70	38	46	47	39	37	31	45	55	63	54	36	61	62	27	53	60	19	23	35	28	59	20	338	#
1452	1688562	70	41	33	40	42	36	32	44	34	25	24	28	21	20	35	16	19	29	27	48	43	51	17	338	#
1453	1488961	45	44	37	35	43	51	36	38	58	59	53	39	34	42	50	33	41	60	46	61	62	67	27	338	#
1454	1485146	62	61	54	60	59	55	63	47	51	53	52	44	58	43	36	57	50	35	42	45	74	27	37	338	#
1455	1435251	59	51	52	61	58	53	57	43	44	45	56	35	37	62	48	40	32	49	54	36	24	14	60	338	#
1456	1413264	31	23	15	7	39	47	38	46	45	55	37	30	29	28	22	21	54	14	27	13	36	62	19	338	#
1457	431557	27	35	28	34	26	36	29	43	339	#
1458	502787	36	44	43	35	27	34	42	22	339	#
1459	502538	26	25	27	28	66	34	24	36	339	#
1460	494595	34	35	43	16	26	27	19	36	339	#
1461	464519	43	35	44	34	51	36	37	42	339	#
1462	410889	27	35	28	34	43	36	21	13	339	#
1463	1108909	50	51	49	40	52	44	58	43	45	4	53	61	57	35	34	26	340	#
1464	1230728	45	46	37	47	38	55	36	54	31	39	27	28	23	20	44	53	340	#
1465	1186782	58	49	68	57	56	48	40	41	50	33	34	32	24	38	35	27	340	#
1466	1183363	34	33	42	25	24	35	27	41	50	40	32	28	54	26	29	48	340	#
1467	1125452	53	54	61	52	44	60	62	55	35	45	36	20	28	37	12	43	340	#
1468	1116800	40	48	56	49	57	41	42	34	58	35	50	36	37	10	33	44	340	#
1469	146543	5	4	3	341	#
1470	53168	3	2	4	341	#
1471	556284	10	3	4	2	18	26	17	34	11	35	16	42	342	#
1472	824279	18	17	16	26	24	27	32	34	25	42	19	50	342	#
1473	781773	3	10	4	11	19	20	21	1	12	9	18	26	342	#
1474	777165	34	33	26	17	25	35	42	36	43	32	24	41	342	#
1475	774766	4	3	11	10	12	9	1	8	19	20	27	28	342	#
1476	753091	35	44	52	51	43	27	26	60	34	50	33	19	342	#
1477	507257	71	36	37	38	39	31	27	23	343	#
1478	512694	27	19	11	28	36	20	26	12	343	#
1479	493982	37	45	44	35	34	43	26	42	343	#
1480	461988	36	27	35	26	43	18	51	37	343	#
1481	416335	38	37	40	32	46	24	47	30	343	#
1482	407037	39	38	31	37	30	46	23	36	343	#
1483	696190	21	22	20	28	14	6	12	19	13	344	#
1484	823807	12	20	4	11	21	72	19	14	28	344	#
1485	745566	28	20	12	19	36	21	35	44	13	344	#
1486	690319	21	13	20	19	11	7	12	3	28	344	#
1487	669803	13	14	5	55	32	21	33	40	41	344	#
1488	632688	20	21	28	12	19	11	61	29	4	344	#
1489	994974	20	19	27	28	11	12	21	3	36	37	2	13	5	60	29	4	345	#
1490	1218026	21	13	14	6	7	20	15	12	53	52	4	28	23	44	5	35	345	#
1491	1111778	28	29	27	35	19	43	44	20	53	36	45	61	21	52	26	54	345	#
1492	1068463	4	12	20	28	36	35	37	21	27	43	13	14	44	45	51	29	345	#
1493	1028140	20	21	28	12	11	27	29	10	4	2	19	1	22	30	3	9	345	#
1494	1019221	3	4	11	10	19	1	9	5	2	27	16	8	20	28	13	26	345	#
1495	281314	59	60	61	58	346	#
1496	361602	60	52	61	54	346	#
1497	281376	61	54	52	53	346	#
1498	235768	58	57	59	49	346	#
1499	206434	59	60	51	61	346	#
