%% File generated by CATS v.2.1Tue Aug 20 18:57:01 2019

%% The CATS webpage is http://robotics.stanford.edu/CATS

%% PARAMETER SETTINGS:
% Goods: 65; Bids: 1300; Distribution: paths; Runs: 10; Seed: 1566345317
% Paths Distribution Parameters:
% Initial connections:       = 2
% Edge density:              = 3.000000
% Shipping cost factor:      = 1.500000
% Max bid set size:          = 5
% Building penalty:          = 1.700000



goods 65
bids 1302
dummy 497

0	785	6	32	49	65	#
1	785	6	24	25	49	65	#
2	785	6	10	13	35	62	65	#
3	785	6	10	24	35	48	65	#
4	785	6	10	14	19	32	35	65	#
5	898	25	40	52	66	#
6	898	3	4	25	52	66	#
7	898	16	40	56	66	#
8	898	16	25	40	61	66	#
9	898	3	4	16	56	66	#
10	714	32	61	67	#
11	714	26	60	67	#
12	714	26	32	59	67	#
13	714	20	26	27	32	67	#
14	714	24	56	67	#
15	151	0	#
16	844	16	18	26	53	68	#
17	844	11	12	16	26	53	68	#
18	844	3	53	55	68	#
19	844	2	15	53	55	68	#
20	844	29	36	68	#
21	698	9	14	19	35	69	#
22	698	8	14	19	34	35	69	#
23	698	9	13	19	23	35	69	#
24	698	8	13	19	23	34	35	69	#
25	512	6	30	#
26	482	3	28	41	70	#
27	482	15	28	44	70	#
28	482	2	15	28	41	70	#
29	482	6	39	70	#
30	623	12	27	33	71	#
31	623	12	19	59	71	#
32	623	12	19	20	27	71	#
33	623	11	18	27	33	71	#
34	964	6	25	29	49	72	#
35	964	6	10	29	35	48	72	#
36	964	6	10	14	19	25	29	35	72	#
37	1114	8	46	63	96	#
38	823	18	34	43	73	#
39	823	11	12	34	43	73	#
40	722	12	51	74	#
41	722	12	25	59	74	#
42	722	12	20	25	27	74	#
43	583	61	75	#
44	583	26	59	75	#
45	583	20	26	27	75	#
46	583	19	26	27	33	75	#
47	583	17	20	47	75	#
48	780	0	6	10	29	35	#
49	643	2	52	76	#
50	643	2	16	61	76	#
51	602	9	13	35	77	#
52	602	8	13	34	35	77	#
53	150	34	#
54	1114	6	30	32	49	96	#
55	186	17	#
56	557	10	28	34	78	#
57	557	6	7	10	34	78	#
58	554	7	47	79	#
59	554	6	28	47	79	#
60	780	7	29	47	80	#
61	780	16	26	27	53	80	#
62	780	41	47	53	80	#
63	780	6	28	29	47	80	#
64	242	7	#
65	967	2	22	52	81	#
66	967	2	16	22	61	81	#
67	967	14	19	54	81	#
68	967	3	21	52	81	#
69	967	2	15	21	52	81	#
70	361	3	41	82	#
71	361	15	44	82	#
72	361	2	15	41	82	#
73	361	3	16	17	82	#
74	361	2	15	16	17	82	#
75	500	6	30	#
76	776	22	28	44	83	#
77	776	2	22	28	41	83	#
78	776	3	21	28	41	83	#
79	776	15	21	28	44	83	#
80	776	6	22	57	83	#
81	1072	31	37	84	#
82	1072	1	4	21	31	84	#
83	1072	22	30	57	84	#
84	1072	21	30	39	84	#
85	1072	1	5	22	31	84	#
86	317	48	#
87	591	22	44	85	#
88	591	2	22	41	85	#
89	768	1	4	31	86	#
90	768	30	39	86	#
91	768	15	30	57	86	#
92	1050	64	#
93	417	4	21	#
94	450	43	#
95	549	16	26	40	87	#
96	549	3	4	16	26	87	#
97	549	2	5	16	26	87	#
98	549	2	4	15	16	26	87	#
99	549	3	5	15	16	26	87	#
100	701	18	23	27	33	88	#
101	701	13	14	18	27	33	88	#
102	701	11	12	23	27	33	88	#
103	701	18	19	23	59	88	#
104	701	18	19	20	23	27	88	#
105	1167	64	89	#
106	1167	9	10	22	28	44	89	#
107	1167	2	9	10	22	28	41	89	#
108	1167	2	8	16	22	38	89	#
109	1167	8	10	22	28	34	44	89	#
110	412	21	90	#
111	412	15	22	90	#
112	791	9	35	48	91	#
113	791	8	34	35	48	91	#
114	791	9	14	19	25	35	91	#
115	791	8	14	19	25	34	35	91	#
116	791	9	13	19	23	25	35	91	#
117	434	63	#
118	334	14	35	92	#
119	334	13	23	35	92	#
120	511	12	16	26	#
121	169	2	16	#
122	534	4	39	93	#
123	534	5	57	93	#
124	534	4	15	57	93	#
125	534	7	58	93	#
126	534	7	40	41	93	#
127	304	6	29	#
128	658	16	26	27	33	94	#
129	658	33	41	47	94	#
130	658	19	52	94	#
131	658	16	19	61	94	#
132	934	14	54	95	#
133	934	13	23	54	95	#
134	714	32	61	97	#
135	714	26	60	97	#
136	714	26	32	59	97	#
137	714	20	26	27	32	97	#
138	714	24	56	97	#
139	933	0	6	29	49	98	#
140	933	45	59	98	#
141	933	20	27	45	98	#
142	933	0	6	10	14	19	29	35	98	#
143	933	0	6	10	13	19	23	29	35	98	#
144	744	31	63	99	#
145	744	8	50	99	#
146	99	24	#
147	457	43	#
148	537	33	47	100	#
149	537	19	20	47	100	#
150	661	37	#
151	604	22	44	101	#
152	604	2	22	41	101	#
153	604	3	21	41	101	#
154	604	15	21	44	101	#
155	604	2	15	21	41	101	#
156	846	23	33	47	58	#
157	552	0	6	29	#
158	220	7	#
159	861	6	10	30	35	102	#
160	861	9	35	63	102	#
161	861	8	34	35	63	102	#
162	893	12	34	43	103	#
163	893	12	27	42	103	#
164	213	25	#
165	898	25	49	6	29	104	#
166	898	48	35	10	6	29	104	#
167	598	59	18	105	#
168	598	20	27	18	105	#
169	598	59	12	11	105	#
170	598	20	27	12	11	105	#
171	598	19	33	27	18	105	#
172	684	55	4	106	#
173	684	55	15	5	106	#
174	684	18	26	16	40	106	#
175	684	18	26	16	3	4	106	#
176	684	18	26	16	2	5	106	#
177	679	49	6	107	#
178	679	19	14	35	10	6	107	#
179	679	19	23	13	35	10	6	107	#
180	679	20	47	7	107	#
181	679	19	33	47	7	107	#
182	552	3	16	26	108	#
183	552	15	2	16	26	108	#
184	552	4	40	16	26	108	#
185	552	4	5	2	16	26	108	#
186	898	25	52	40	109	#
187	898	25	52	3	4	109	#
188	898	56	16	40	109	#
189	898	25	61	16	40	109	#
190	898	56	16	3	4	109	#
191	776	50	110	#
192	776	34	10	6	29	0	110	#
193	707	43	18	#
194	163	5	111	#
195	163	4	15	111	#
196	612	25	49	#
197	764	18	26	16	53	#
198	776	28	44	22	112	#
199	776	28	41	2	22	112	#
200	776	28	41	3	21	112	#
201	776	28	44	15	21	112	#
202	776	6	57	22	112	#
203	236	35	13	#
204	776	28	44	22	113	#
205	776	28	41	2	22	113	#
206	776	28	41	3	21	113	#
207	776	28	44	15	21	113	#
208	776	6	57	22	113	#
209	1161	32	52	2	22	114	#
210	1161	32	61	16	2	22	114	#
211	1161	62	13	54	114	#
212	1161	60	26	16	2	22	114	#
213	1161	24	48	54	114	#
214	601	42	8	#
215	383	7	17	#
216	163	5	115	#
217	163	15	4	115	#
218	300	35	34	#
219	143	14	116	#
220	143	23	13	116	#
221	851	13	54	#
222	374	1	#
223	767	60	18	117	#
224	767	32	59	18	117	#
225	767	32	20	27	18	117	#
226	767	60	12	11	117	#
227	222	12	#
228	709	14	35	9	118	#
229	709	14	35	34	8	118	#
230	709	23	13	35	9	118	#
231	709	23	13	35	34	8	118	#
232	709	33	42	8	118	#
233	799	58	28	10	34	119	#
234	799	40	16	38	119	#
235	799	40	41	28	10	34	119	#
236	799	4	3	16	38	119	#
237	799	4	3	41	28	10	34	119	#
238	761	30	7	17	120	#
239	761	30	6	28	17	120	#
240	336	59	121	#
241	336	20	27	121	#
242	442	0	53	#
243	424	59	122	#
244	424	27	20	122	#
245	424	27	33	19	122	#
246	437	59	123	#
247	437	27	20	123	#
248	437	27	33	19	123	#
249	154	14	124	#
250	154	13	23	124	#
251	366	9	125	#
252	366	8	34	125	#
253	631	8	63	#
254	490	0	29	6	#
255	917	45	18	126	#
256	917	1	4	55	126	#
257	917	45	12	11	126	#
258	917	0	53	16	26	18	126	#
259	917	1	5	15	55	126	#
260	998	18	43	9	127	#
261	998	18	43	34	8	127	#
262	998	11	12	43	9	127	#
263	998	11	12	43	34	8	127	#
264	998	18	27	42	8	127	#
265	571	33	27	26	128	#
266	571	19	61	128	#
267	571	19	59	26	128	#
268	571	19	20	27	26	128	#
269	571	33	47	17	128	#
270	84	6	#
271	441	26	18	#
272	134	20	#
273	644	9	35	14	129	#
274	644	8	34	35	14	129	#
275	644	9	35	13	23	129	#
276	644	8	34	35	13	23	129	#
277	622	43	130	#
278	622	27	33	14	35	130	#
279	622	27	33	23	13	35	130	#
280	393	53	0	#
281	506	18	27	131	#
282	506	11	12	27	131	#
283	583	61	132	#
284	583	26	59	132	#
285	583	26	27	20	132	#
286	583	26	27	33	19	132	#
287	583	17	47	20	132	#
288	154	34	#
289	685	17	7	30	#
290	1039	30	6	49	25	133	#
291	1039	30	6	10	35	48	133	#
292	948	54	#
293	695	10	28	58	134	#
294	695	10	28	41	40	134	#
295	695	10	28	41	3	4	134	#
296	695	10	28	44	5	134	#
297	695	10	28	44	15	4	134	#
298	836	18	26	16	53	135	#
299	836	11	12	26	16	53	135	#
300	836	55	3	53	135	#
301	836	55	15	2	53	135	#
302	556	18	27	33	#
303	305	53	#
304	754	45	136	#
305	754	26	16	53	0	136	#
306	754	26	16	40	1	136	#
307	754	26	16	3	4	1	136	#
308	754	26	16	2	5	1	136	#
309	830	18	26	17	28	137	#
310	830	36	6	137	#
311	830	11	12	26	17	28	137	#
312	830	18	26	17	7	6	137	#
313	830	18	43	10	137	#
314	859	14	35	10	6	30	138	#
315	859	23	13	35	10	6	30	138	#
316	688	18	26	17	139	#
317	688	11	12	26	17	139	#
318	485	7	17	140	#
319	485	6	28	17	140	#
320	485	7	41	16	140	#
321	540	35	9	141	#
322	540	35	34	8	141	#
323	631	7	17	26	142	#
324	631	6	28	17	26	142	#
325	93	19	#
326	802	23	33	27	26	16	3	143	#
327	802	23	33	27	26	16	2	15	143	#
328	802	23	33	47	41	3	143	#
329	802	23	33	47	44	15	143	#
330	802	23	33	47	41	2	15	143	#
331	209	25	#
332	439	41	28	144	#
333	439	16	17	28	144	#
334	253	32	#
335	1058	54	#
336	983	29	6	49	32	145	#
337	983	29	6	49	25	24	145	#
338	983	29	6	10	35	13	62	145	#
339	983	29	6	10	35	48	24	145	#
340	983	29	6	10	35	14	19	32	145	#
341	923	40	52	32	146	#
342	923	4	3	52	32	146	#
343	923	40	16	61	32	146	#
344	923	5	2	52	32	146	#
345	923	4	15	2	52	32	146	#
346	371	53	3	147	#
347	371	53	2	15	147	#
348	621	29	6	10	#
349	486	57	148	#
350	486	7	44	148	#
351	486	7	41	2	148	#
352	486	39	15	148	#
353	486	6	28	44	148	#
354	944	10	28	44	22	149	#
355	944	10	28	41	2	22	149	#
356	944	10	28	41	3	21	149	#
357	944	10	28	44	15	21	149	#
358	944	10	6	57	22	149	#
359	92	4	#
360	108	6	#
361	594	46	#
362	290	53	#
363	821	0	29	6	10	35	13	#
364	765	18	51	150	#
365	765	18	59	25	150	#
366	765	18	27	20	25	150	#
367	765	11	12	51	150	#
368	765	11	12	59	25	150	#
369	760	4	1	31	151	#
370	760	39	30	151	#
371	760	15	57	30	151	#
372	819	43	9	152	#
373	819	43	34	8	152	#
374	819	27	42	8	152	#
375	735	13	35	10	6	29	#
376	962	30	7	47	153	#
377	962	30	6	28	47	153	#
378	962	63	8	42	153	#
379	962	30	6	49	20	153	#
380	962	30	6	10	35	14	33	153	#
381	998	12	43	9	154	#
382	998	12	43	34	8	154	#
383	998	12	27	42	8	154	#
384	998	11	18	43	9	154	#
385	998	11	18	43	34	8	154	#
386	137	34	#
387	525	8	63	#
388	281	48	#
389	406	30	6	#
390	840	17	7	30	155	#
391	840	17	28	6	30	155	#
392	840	16	41	7	30	155	#
393	679	49	25	156	#
394	679	10	35	48	156	#
395	275	32	#
396	155	20	#
397	201	25	#
398	472	39	157	#
399	472	15	57	157	#
400	472	3	41	7	157	#
401	472	15	44	7	157	#
402	472	15	2	41	7	157	#
403	747	22	57	158	#
404	747	21	39	158	#
405	747	21	15	57	158	#
406	747	22	44	7	158	#
407	747	22	2	41	7	158	#
408	149	3	159	#
409	149	15	2	159	#
410	660	31	1	#
411	732	14	35	10	6	29	160	#
412	732	23	13	35	10	6	29	160	#
413	649	47	58	161	#
414	649	27	26	16	40	161	#
415	649	27	26	16	3	4	161	#
416	649	27	26	16	2	5	161	#
417	649	27	26	16	2	15	4	161	#
418	983	32	49	6	29	162	#
419	983	24	25	49	6	29	162	#
420	983	62	13	35	10	6	29	162	#
421	983	24	48	35	10	6	29	162	#
422	983	32	19	14	35	10	6	29	162	#
423	668	3	41	28	10	163	#
424	668	15	44	28	10	163	#
425	668	15	2	41	28	10	163	#
426	668	39	6	10	163	#
427	668	15	57	6	10	163	#
428	667	38	164	#
429	667	17	28	10	34	164	#
430	66	2	#
431	365	1	4	#
432	783	51	12	165	#
433	783	25	59	12	165	#
434	783	25	20	27	12	165	#
435	783	25	19	33	27	12	165	#
436	783	51	18	11	165	#
437	768	58	47	33	166	#
438	768	40	16	26	27	33	166	#
439	768	4	3	16	26	27	33	166	#
440	768	5	2	16	26	27	33	166	#
441	768	4	15	2	16	26	27	33	166	#
442	447	6	29	0	#
443	898	25	52	40	167	#
444	898	25	52	3	4	167	#
445	898	56	16	40	167	#
446	898	25	61	16	40	167	#
447	898	56	16	3	4	167	#
448	500	28	41	3	168	#
449	500	28	44	15	168	#
450	500	28	41	2	15	168	#
451	500	6	39	168	#
452	500	6	57	15	168	#
453	122	14	169	#
454	122	13	23	169	#
455	97	23	#
456	448	21	4	170	#
457	448	22	5	170	#
458	448	22	15	4	170	#
459	368	17	28	#
460	844	18	26	16	53	171	#
461	844	11	12	26	16	53	171	#
462	844	55	3	53	171	#
463	844	55	15	2	53	171	#
464	844	36	29	171	#
465	497	6	29	0	#
466	1097	25	49	6	29	0	172	#
467	1097	48	35	10	6	29	0	172	#
468	1097	51	45	172	#
469	1097	25	59	45	172	#
470	1097	25	20	27	45	172	#
471	239	35	#
472	479	27	18	173	#
473	479	27	12	11	173	#
474	695	10	28	58	174	#
475	695	10	28	41	40	174	#
476	695	10	28	41	3	4	174	#
477	695	10	28	44	5	174	#
478	695	10	28	44	15	4	174	#
479	85	6	#
480	955	30	6	49	175	#
481	955	30	6	10	35	14	19	175	#
482	955	30	6	10	35	13	23	19	175	#
483	955	30	7	47	20	175	#
484	955	63	9	35	14	19	175	#
485	769	1	31	#
486	206	26	#
487	123	34	#
488	746	48	35	9	176	#
489	746	48	35	34	8	176	#
490	456	22	177	#
491	456	21	15	177	#
492	495	60	#
493	355	33	27	#
494	998	18	43	9	178	#
495	998	18	43	34	8	178	#
496	998	11	12	43	9	178	#
497	998	11	12	43	34	8	178	#
498	998	18	27	42	8	178	#
499	456	47	33	#
500	257	13	35	#
501	452	14	35	10	179	#
502	452	23	13	35	10	179	#
503	155	17	#
504	455	32	20	180	#
505	455	32	19	33	180	#
506	455	24	25	20	180	#
507	874	30	6	10	35	13	181	#
508	874	63	9	35	13	181	#
509	874	63	8	34	35	13	181	#
510	320	14	35	182	#
511	320	23	13	35	182	#
512	860	58	47	33	23	183	#
513	860	40	16	26	27	33	23	183	#
514	860	4	3	16	26	27	33	23	183	#
515	860	58	28	10	35	13	183	#
516	860	5	2	16	26	27	33	23	183	#
517	649	3	41	28	10	184	#
518	649	15	44	28	10	184	#
519	649	15	2	41	28	10	184	#
520	649	39	6	10	184	#
521	713	60	12	#
522	111	3	185	#
523	111	15	2	185	#
524	567	15	55	#
525	529	51	186	#
526	529	59	25	186	#
527	529	27	20	25	186	#
528	603	55	#
529	1117	0	29	6	49	32	187	#
530	1117	45	60	187	#
531	1117	0	29	6	49	25	24	187	#
532	1117	0	29	6	10	35	13	62	187	#
533	1117	45	59	32	187	#
534	737	29	6	10	35	14	188	#
535	737	29	6	10	35	13	23	188	#
536	998	12	43	9	189	#
537	998	12	43	34	8	189	#
538	998	12	27	42	8	189	#
539	998	11	18	43	9	189	#
540	998	11	18	43	34	8	189	#
541	160	33	#
542	503	13	35	9	190	#
543	503	13	35	34	8	190	#
544	923	32	52	40	191	#
545	923	32	52	3	4	191	#
546	923	32	61	16	40	191	#
547	923	32	52	2	5	191	#
548	923	32	52	2	15	4	191	#
549	877	32	52	3	192	#
550	877	32	52	2	15	192	#
551	877	32	61	16	3	192	#
552	877	32	61	16	2	15	192	#
553	877	60	26	16	3	192	#
554	417	2	16	26	#
555	582	6	30	#
556	582	0	29	6	#
557	498	63	#
558	553	61	193	#
559	553	26	59	193	#
560	553	26	27	20	193	#
561	657	38	194	#
562	657	34	10	28	17	194	#
563	944	10	28	44	22	195	#
564	944	10	28	41	2	22	195	#
565	944	10	28	41	3	21	195	#
566	944	10	28	44	15	21	195	#
567	944	10	6	57	22	195	#
568	724	57	22	196	#
569	724	39	21	196	#
570	1097	25	49	6	29	0	197	#
571	1097	48	35	10	6	29	0	197	#
572	1097	51	45	197	#
573	1097	25	59	45	197	#
574	1097	25	20	27	45	197	#
575	947	12	45	198	#
576	947	12	26	16	53	0	198	#
577	947	11	18	45	198	#
578	947	11	55	4	1	198	#
579	613	8	63	#
580	944	10	28	44	22	199	#
581	944	10	28	41	2	22	199	#
582	944	10	28	41	3	21	199	#
583	944	10	28	44	15	21	199	#
584	944	10	6	57	22	199	#
585	747	57	22	200	#
586	747	39	21	200	#
587	747	57	15	21	200	#
588	747	7	44	22	200	#
589	747	7	41	2	22	200	#
590	611	59	12	201	#
591	611	20	27	12	201	#
592	611	19	33	27	12	201	#
593	611	59	18	11	201	#
594	611	20	27	18	11	201	#
595	519	42	202	#
596	519	33	14	35	34	202	#
597	519	33	23	13	35	34	202	#
598	871	12	26	16	53	203	#
599	871	11	18	26	16	53	203	#
600	529	10	6	29	#
601	605	45	#
602	120	16	#
603	526	26	17	7	#
604	255	28	#
605	583	61	204	#
606	583	26	59	204	#
607	583	26	27	20	204	#
608	583	26	27	33	19	204	#
609	583	17	47	20	204	#
610	264	25	#
611	770	37	205	#
612	770	21	4	1	205	#
613	770	22	5	1	205	#
614	770	22	15	4	1	205	#
615	770	22	2	53	0	205	#
616	202	2	16	#
617	773	47	7	29	206	#
618	773	27	26	16	53	206	#
619	773	47	41	53	206	#
620	773	47	28	6	29	206	#
621	292	6	10	#
622	559	60	207	#
623	559	59	32	207	#
624	559	27	20	32	207	#
625	111	16	#
626	283	10	6	#
627	1164	36	30	208	#
628	1164	18	26	17	7	30	208	#
629	1164	11	12	26	17	7	30	208	#
630	1164	18	26	17	28	6	30	208	#
631	1164	18	45	31	208	#
632	205	26	#
633	352	29	6	#
634	1138	54	48	209	#
635	1138	22	2	52	25	209	#
636	1138	22	2	16	56	209	#
637	1138	22	2	16	61	25	209	#
638	1138	54	14	19	25	209	#
639	472	39	210	#
640	472	57	15	210	#
641	472	7	41	3	210	#
642	472	7	44	15	210	#
643	472	7	41	2	15	210	#
644	1161	32	52	2	22	211	#
645	1161	32	61	16	2	22	211	#
646	1161	62	13	54	211	#
647	1161	60	26	16	2	22	211	#
648	1161	24	48	54	211	#
649	354	58	212	#
650	354	40	41	212	#
651	354	4	3	41	212	#
652	354	5	44	212	#
653	354	4	15	44	212	#
654	269	18	#
655	765	22	2	53	213	#
656	765	21	3	53	213	#
657	765	21	15	2	53	213	#
658	765	22	15	3	53	213	#
659	765	37	0	213	#
660	665	42	8	214	#
661	665	33	14	35	9	214	#
662	665	33	14	35	34	8	214	#
663	665	33	23	13	35	9	214	#
664	665	33	23	13	35	34	8	214	#
665	507	49	215	#
666	507	10	35	14	19	215	#
667	1047	22	2	16	38	216	#
668	1047	22	44	28	10	34	216	#
669	1047	22	2	41	28	10	34	216	#
670	1047	21	3	16	38	216	#
671	1047	21	3	41	28	10	34	216	#
672	611	59	12	217	#
673	611	20	27	12	217	#
674	611	19	33	27	12	217	#
675	611	59	18	11	217	#
676	611	20	27	18	11	217	#
677	835	13	54	#
678	208	10	#
679	1167	64	218	#
680	1167	22	44	28	10	9	218	#
681	1167	22	2	41	28	10	9	218	#
682	1167	22	2	16	38	8	218	#
683	1167	22	44	28	10	34	8	218	#
684	365	13	35	10	#
685	610	16	26	27	219	#
686	610	41	47	219	#
687	610	16	17	47	219	#
688	610	2	44	47	219	#
689	571	26	27	33	220	#
690	571	61	19	220	#
691	571	26	59	19	220	#
692	571	26	27	20	19	220	#
693	571	17	47	33	220	#
694	956	13	54	#
695	610	12	27	33	23	#
696	762	29	7	47	221	#
697	762	53	16	26	27	221	#
698	762	53	41	47	221	#
699	762	29	6	28	47	221	#
700	791	48	35	9	222	#
701	791	48	35	34	8	222	#
702	791	25	19	14	35	9	222	#
703	791	25	19	14	35	34	8	222	#
704	791	25	19	23	13	35	9	222	#
705	218	12	#
706	228	35	13	#
707	527	58	28	223	#
708	527	40	41	28	223	#
709	527	4	3	41	28	223	#
710	527	5	44	28	223	#
711	527	4	15	44	28	223	#
712	481	1	5	224	#
713	481	1	4	15	224	#
714	481	0	53	2	224	#
715	306	3	16	225	#
716	306	15	2	16	225	#
717	537	0	29	6	#
718	529	33	47	226	#
719	529	19	20	47	226	#
720	869	0	29	6	10	35	13	#
721	676	56	227	#
722	676	61	25	227	#
723	676	26	51	227	#
724	676	26	59	25	227	#
725	676	26	27	20	25	227	#
726	962	30	7	47	228	#
727	962	30	6	28	47	228	#
728	962	63	8	42	228	#
729	962	30	6	49	20	228	#
730	962	30	6	10	35	14	33	228	#
731	413	17	7	229	#
732	413	17	28	6	229	#
733	615	47	7	230	#
734	615	47	28	6	230	#
735	240	28	#
736	425	27	33	14	231	#
737	425	27	33	23	13	231	#
738	870	2	52	32	232	#
739	870	2	16	61	32	232	#
740	870	2	16	26	60	232	#
741	870	2	16	26	59	32	232	#
742	870	2	16	26	27	20	32	232	#
743	677	49	25	233	#
744	677	10	35	48	233	#
745	711	32	49	234	#
746	711	24	25	49	234	#
747	711	62	13	35	10	234	#
748	711	24	48	35	10	234	#
749	711	32	19	14	35	10	234	#
750	802	30	7	17	235	#
751	802	30	6	28	17	235	#
752	633	22	2	53	#
753	587	60	236	#
754	587	59	32	236	#
755	587	27	20	32	236	#
756	587	27	33	19	32	236	#
757	587	51	24	236	#
758	443	7	41	237	#
759	443	6	28	41	237	#
760	443	57	2	237	#
761	443	7	17	16	237	#
762	443	29	53	237	#
763	443	7	41	238	#
764	443	6	28	41	238	#
765	443	57	2	238	#
766	443	7	17	16	238	#
767	443	29	53	238	#
768	567	6	30	#
769	473	35	10	6	#
770	498	28	44	239	#
771	498	28	41	2	239	#
772	498	6	57	239	#
773	498	28	17	16	2	239	#
774	498	6	7	44	239	#
775	649	58	47	240	#
776	649	40	16	26	27	240	#
777	649	4	3	16	26	27	240	#
778	649	5	2	16	26	27	240	#
779	649	4	15	2	16	26	27	240	#
780	162	20	#
781	944	22	44	28	10	241	#
782	944	22	2	41	28	10	241	#
783	944	21	3	41	28	10	241	#
784	944	21	15	44	28	10	241	#
785	944	22	57	6	10	241	#
786	215	17	#
787	544	16	26	27	242	#
788	544	41	47	242	#
789	527	28	58	243	#
790	527	28	41	40	243	#
791	527	28	41	3	4	243	#
792	527	28	44	5	243	#
793	527	28	44	15	4	243	#
794	70	4	#
795	770	34	43	18	#
796	714	61	32	244	#
797	714	26	60	244	#
798	714	26	59	32	244	#
799	714	26	27	20	32	244	#
800	714	56	24	244	#
801	345	53	2	#
802	806	53	16	26	12	#
803	766	25	20	47	245	#
804	766	25	19	33	47	245	#
805	766	24	32	20	47	245	#
806	766	56	17	245	#
807	766	25	61	17	245	#
808	398	17	7	246	#
809	398	17	28	6	246	#
810	495	34	35	14	247	#
811	495	34	35	13	23	247	#
812	450	31	#
813	841	32	52	2	248	#
814	841	32	61	16	2	248	#
815	841	60	26	16	2	248	#
816	73	4	#
817	167	23	19	#
818	354	58	249	#
819	354	40	41	249	#
820	354	4	3	41	249	#
821	354	5	44	249	#
822	354	4	15	44	249	#
823	687	30	7	17	#
824	645	43	250	#
825	645	27	33	14	35	250	#
826	645	27	33	23	13	35	250	#
827	1008	26	17	7	30	251	#
828	1008	26	17	28	6	30	251	#
829	1008	45	31	251	#
830	1008	26	16	41	7	30	251	#
831	1008	27	47	7	30	251	#
832	452	14	35	10	252	#
833	452	23	13	35	10	252	#
834	326	18	253	#
835	326	12	11	253	#
836	614	35	13	62	254	#
837	614	35	48	24	254	#
838	614	35	14	19	32	254	#
839	614	35	13	23	19	32	254	#
840	614	35	14	19	25	24	254	#
841	629	6	49	255	#
842	629	6	10	35	14	19	255	#
843	629	6	10	35	13	23	19	255	#
844	629	7	47	20	255	#
845	628	10	6	29	#
846	832	3	52	25	256	#
847	832	3	16	56	256	#
848	832	15	2	52	25	256	#
849	832	3	16	61	25	256	#
850	832	15	2	16	56	256	#
851	852	7	17	26	12	257	#
852	852	36	11	257	#
853	852	6	28	17	26	12	257	#
854	852	7	17	26	18	11	257	#
855	785	32	49	6	258	#
856	785	24	25	49	6	258	#
857	785	62	13	35	10	6	258	#
858	785	24	48	35	10	6	258	#
859	785	32	19	14	35	10	6	258	#
860	558	60	259	#
861	558	32	59	259	#
862	558	32	20	27	259	#
863	684	23	33	27	12	260	#
864	684	13	14	33	27	12	260	#
865	684	23	19	59	12	260	#
866	684	23	19	20	27	12	260	#
867	893	34	43	12	261	#
868	893	42	27	12	261	#
869	893	34	43	18	11	261	#
870	893	34	35	14	33	27	12	261	#
871	893	34	35	13	23	33	27	12	261	#
872	747	57	22	262	#
873	747	39	21	262	#
874	747	57	15	21	262	#
875	747	7	44	22	262	#
876	747	7	41	2	22	262	#
877	363	63	#
878	377	19	14	35	263	#
879	377	19	23	13	35	263	#
880	682	0	29	6	10	#
881	402	27	26	#
882	446	20	47	#
883	496	35	10	6	#
884	407	26	16	3	264	#
885	407	26	16	2	15	264	#
886	472	39	265	#
887	472	57	15	265	#
888	472	7	41	3	265	#
889	472	7	44	15	265	#
890	472	7	41	2	15	265	#
891	548	4	55	#
892	955	30	6	49	266	#
893	955	30	6	10	35	14	19	266	#
894	955	30	6	10	35	13	23	19	266	#
895	955	30	7	47	20	266	#
896	955	63	9	35	14	19	266	#
897	781	12	60	267	#
898	781	12	59	32	267	#
899	781	12	27	20	32	267	#
900	781	11	18	60	267	#
901	781	12	27	33	19	32	267	#
902	204	41	#
903	377	48	13	268	#
904	377	25	19	23	268	#
905	377	25	19	14	13	268	#
906	923	32	52	40	269	#
907	923	32	52	3	4	269	#
908	923	32	61	16	40	269	#
909	923	32	52	2	5	269	#
910	923	32	52	2	15	4	269	#
911	195	27	#
912	339	48	#
913	486	40	16	26	270	#
914	486	4	3	16	26	270	#
915	486	5	2	16	26	270	#
916	486	4	15	2	16	26	270	#
917	747	22	57	271	#
918	747	21	39	271	#
919	747	21	15	57	271	#
920	747	22	44	7	271	#
921	747	22	2	41	7	271	#
922	785	6	49	32	272	#
923	785	6	49	25	24	272	#
924	785	6	10	35	13	62	272	#
925	785	6	10	35	48	24	272	#
926	785	6	10	35	14	19	32	272	#
927	551	34	35	14	19	273	#
928	551	34	35	13	23	19	273	#
929	709	18	27	33	14	274	#
930	709	18	27	33	23	13	274	#
931	709	11	12	27	33	14	274	#
932	709	11	12	27	33	23	13	274	#
933	709	18	59	19	14	274	#
934	598	59	18	275	#
935	598	20	27	18	275	#
936	598	59	12	11	275	#
937	598	20	27	12	11	275	#
938	598	19	33	27	18	275	#
939	499	6	10	35	#
940	430	29	0	#
941	207	10	#
942	544	28	10	34	276	#
943	544	7	6	10	34	276	#
944	663	3	52	277	#
945	663	15	2	52	277	#
946	663	3	16	61	277	#
947	663	15	2	16	61	277	#
948	472	6	10	35	#
949	85	4	#
950	607	35	10	6	29	#
951	577	16	26	27	278	#
952	577	41	47	278	#
953	577	16	17	47	278	#
954	895	30	6	10	35	14	279	#
955	895	30	6	10	35	13	23	279	#
956	895	63	9	35	14	279	#
957	895	63	8	34	35	14	279	#
958	895	30	6	49	19	279	#
959	783	12	51	280	#
960	783	12	59	25	280	#
961	783	12	27	20	25	280	#
962	783	12	27	33	19	25	280	#
963	783	11	18	51	280	#
964	260	10	6	#
965	951	14	35	10	6	29	0	281	#
966	951	23	13	35	10	6	29	0	281	#
967	951	33	27	45	281	#
968	951	19	49	6	29	0	281	#
969	951	14	35	34	50	281	#
970	500	3	41	28	282	#
971	500	15	44	28	282	#
972	500	15	2	41	28	282	#
973	500	39	6	282	#
974	500	15	57	6	282	#
975	385	16	53	#
976	587	60	283	#
977	587	59	32	283	#
978	587	27	20	32	283	#
979	587	27	33	19	32	283	#
980	587	51	24	283	#
981	471	18	26	284	#
982	471	11	12	26	284	#
983	655	23	33	27	12	285	#
984	655	13	14	33	27	12	285	#
985	349	21	#
986	799	58	28	10	34	286	#
987	799	40	16	38	286	#
988	799	40	41	28	10	34	286	#
989	799	4	3	16	38	286	#
990	799	4	3	41	28	10	34	286	#
991	654	61	32	#
992	396	7	41	#
993	709	9	35	14	287	#
994	709	8	34	35	14	287	#
995	709	9	35	13	23	287	#
996	709	8	34	35	13	23	287	#
997	709	8	42	33	287	#
998	591	27	26	16	3	288	#
999	591	27	26	16	2	15	288	#
1000	591	47	41	3	288	#
1001	591	47	44	15	288	#
1002	591	47	41	2	15	288	#
1003	762	38	16	2	289	#
1004	762	34	10	28	44	289	#
1005	762	34	10	28	41	2	289	#
1006	762	34	10	6	57	289	#
1007	762	34	10	28	17	16	2	289	#
1008	947	35	10	6	30	290	#
1009	947	35	9	63	290	#
1010	947	35	34	8	63	290	#
1011	535	9	35	14	#
1012	372	34	10	6	#
1013	121	14	291	#
1014	121	23	13	291	#
1015	847	9	10	28	44	292	#
1016	847	9	10	28	41	2	292	#
1017	847	8	38	16	2	292	#
1018	847	8	34	10	28	44	292	#
1019	847	8	34	10	28	41	2	292	#
1020	745	38	16	293	#
1021	745	34	10	28	41	293	#
1022	745	34	10	28	17	16	293	#
1023	745	34	10	6	7	41	293	#
1024	745	34	10	28	44	2	293	#
1025	501	12	26	16	#
1026	676	56	294	#
1027	676	25	61	294	#
1028	676	51	26	294	#
1029	676	25	59	26	294	#
1030	676	25	20	27	26	294	#
1031	391	53	16	#
1032	799	34	10	28	58	295	#
1033	799	38	16	40	295	#
1034	799	34	10	28	41	40	295	#
1035	799	38	16	3	4	295	#
1036	799	34	10	28	41	3	4	295	#
1037	249	44	296	#
1038	249	2	41	296	#
1039	369	47	#
1040	1164	30	36	297	#
1041	1164	30	7	17	26	18	297	#
1042	1164	30	7	17	26	12	11	297	#
1043	1164	30	6	28	17	26	18	297	#
1044	1164	31	45	18	297	#
1045	811	52	32	298	#
1046	811	16	61	32	298	#
1047	811	16	26	60	298	#
1048	811	16	26	59	32	298	#
1049	811	16	26	27	20	32	298	#
1050	895	14	35	10	6	30	299	#
1051	895	23	13	35	10	6	30	299	#
1052	895	14	35	9	63	299	#
1053	895	14	35	34	8	63	299	#
1054	895	19	49	6	30	299	#
1055	581	26	17	7	300	#
1056	581	26	17	28	6	300	#
1057	933	0	29	6	49	301	#
1058	933	45	59	301	#
1059	933	45	27	20	301	#
1060	933	0	29	6	10	35	14	19	301	#
1061	933	0	29	6	10	35	13	23	19	301	#
1062	585	38	#
1063	587	60	302	#
1064	587	32	59	302	#
1065	587	32	20	27	302	#
1066	587	32	19	33	27	302	#
1067	587	24	51	302	#
1068	806	8	46	303	#
1069	806	9	35	13	62	303	#
1070	806	8	34	35	13	62	303	#
1071	806	9	35	48	24	303	#
1072	806	9	35	14	19	32	303	#
1073	747	45	304	#
1074	747	0	53	16	26	304	#
1075	747	1	40	16	26	304	#
1076	592	46	#
1077	776	28	44	22	305	#
1078	776	28	41	2	22	305	#
1079	776	28	41	3	21	305	#
1080	776	28	44	15	21	305	#
1081	776	6	57	22	305	#
1082	184	2	16	#
1083	71	2	#
1084	827	34	43	12	306	#
1085	827	42	27	12	306	#
1086	623	8	63	#
1087	955	30	6	49	307	#
1088	955	30	6	10	35	14	19	307	#
1089	955	30	6	10	35	13	23	19	307	#
1090	955	30	7	47	20	307	#
1091	955	63	9	35	14	19	307	#
1092	933	49	6	29	0	308	#
1093	933	59	45	308	#
1094	933	20	27	45	308	#
1095	933	19	14	35	10	6	29	0	308	#
1096	933	19	23	13	35	10	6	29	0	308	#
1097	232	23	19	309	#
1098	232	13	14	19	309	#
1099	790	18	60	310	#
1100	790	18	59	32	310	#
1101	790	18	27	20	32	310	#
1102	790	11	12	60	310	#
1103	790	11	12	59	32	310	#
1104	649	58	47	311	#
1105	649	40	16	26	27	311	#
1106	649	4	3	16	26	27	311	#
1107	649	5	2	16	26	27	311	#
1108	649	4	15	2	16	26	27	311	#
1109	785	32	49	6	312	#
1110	785	24	25	49	6	312	#
1111	785	62	13	35	10	6	312	#
1112	785	24	48	35	10	6	312	#
1113	785	32	19	14	35	10	6	312	#
1114	543	20	47	313	#
1115	543	19	33	47	313	#
1116	1161	32	52	2	22	314	#
1117	1161	32	61	16	2	22	314	#
1118	1161	62	13	54	314	#
1119	1161	60	26	16	2	22	314	#
1120	1161	24	48	54	314	#
1121	460	30	#
1122	350	20	25	#
1123	756	43	18	315	#
1124	756	43	12	11	315	#
1125	591	3	16	26	27	316	#
1126	591	15	2	16	26	27	316	#
1127	591	3	41	47	316	#
1128	591	15	44	47	316	#
1129	591	15	2	41	47	316	#
1130	1164	30	36	317	#
1131	1164	30	7	17	26	18	317	#
1132	1164	30	7	17	26	12	11	317	#
1133	1164	30	6	28	17	26	18	317	#
1134	1164	31	45	18	317	#
1135	60	2	#
1136	1119	36	30	318	#
1137	1119	18	26	17	7	30	318	#
1138	1119	11	12	26	17	7	30	318	#
1139	395	29	0	#
1140	375	9	319	#
1141	375	8	34	319	#
1142	649	12	27	33	320	#
1143	649	12	59	19	320	#
1144	649	12	27	20	19	320	#
1145	649	11	18	27	33	320	#
1146	562	59	18	321	#
1147	562	20	27	18	321	#
1148	998	18	43	9	322	#
1149	998	18	43	34	8	322	#
1150	998	11	12	43	9	322	#
1151	998	11	12	43	34	8	322	#
1152	998	18	27	42	8	322	#
1153	195	35	#
1154	381	28	10	#
1155	549	33	27	12	#
1156	666	44	28	10	323	#
1157	666	2	41	28	10	323	#
1158	666	57	6	10	323	#
1159	666	2	16	17	28	10	323	#
1160	666	44	7	6	10	323	#
1161	117	16	#
1162	1114	32	49	6	30	324	#
1163	1114	46	8	63	324	#
1164	1114	24	25	49	6	30	324	#
1165	1114	62	13	35	10	6	30	324	#
1166	1114	24	48	35	10	6	30	324	#
1167	870	32	52	2	325	#
1168	870	32	61	16	2	325	#
1169	870	60	26	16	2	325	#
1170	870	32	59	26	16	2	325	#
1171	870	32	20	27	26	16	2	325	#
1172	721	19	14	35	9	326	#
1173	721	19	14	35	34	8	326	#
1174	721	19	23	13	35	9	326	#
1175	721	19	23	13	35	34	8	326	#
1176	721	20	42	8	326	#
1177	224	13	35	#
1178	290	44	327	#
1179	290	2	41	327	#
1180	335	9	328	#
1181	335	8	34	328	#
1182	1138	54	48	329	#
1183	1138	22	2	52	25	329	#
1184	1138	22	2	16	56	329	#
1185	1138	22	2	16	61	25	329	#
1186	1138	54	14	19	25	329	#
1187	70	2	#
1188	598	55	15	330	#
1189	598	18	26	16	2	330	#
1190	665	42	8	331	#
1191	665	33	14	35	9	331	#
1192	665	33	14	35	34	8	331	#
1193	665	33	23	13	35	9	331	#
1194	665	33	23	13	35	34	8	331	#
1195	702	52	3	332	#
1196	702	52	2	15	332	#
1197	702	61	16	3	332	#
1198	702	61	16	2	15	332	#
1199	702	59	26	16	3	332	#
1200	654	0	29	6	10	#
1201	423	30	#
1202	922	54	#
1203	613	18	26	17	333	#
1204	613	11	12	26	17	333	#
1205	622	37	#
1206	1077	0	29	6	49	32	#
1207	591	7	30	334	#
1208	591	28	6	30	334	#
1209	530	0	53	16	#
1210	454	26	27	335	#
1211	454	17	47	335	#
1212	579	14	35	10	6	336	#
1213	579	23	13	35	10	6	336	#
1214	579	19	49	6	336	#
1215	711	33	27	26	16	3	337	#
1216	711	33	27	26	16	2	15	337	#
1217	711	33	47	41	3	337	#
1218	711	33	47	44	15	337	#
1219	711	33	47	41	2	15	337	#
1220	728	29	6	10	35	13	#
1221	774	12	60	338	#
1222	774	12	59	32	338	#
1223	774	12	27	20	32	338	#
1224	581	12	27	33	#
1225	757	38	8	339	#
1226	757	17	28	10	9	339	#
1227	757	17	28	10	34	8	339	#
1228	636	14	35	9	340	#
1229	636	14	35	34	8	340	#
1230	636	23	13	35	9	340	#
1231	636	23	13	35	34	8	340	#
1232	1089	54	341	#
1233	1089	35	10	28	44	22	341	#
1234	1089	35	10	28	41	2	22	341	#
1235	1089	14	33	27	26	16	2	22	341	#
1236	1089	13	23	33	27	26	16	2	22	341	#
1237	668	10	28	41	3	342	#
1238	668	10	28	44	15	342	#
1239	668	10	28	41	2	15	342	#
1240	668	10	6	39	342	#
1241	668	10	6	57	15	342	#
1242	773	30	7	41	343	#
1243	773	31	0	53	343	#
1244	773	30	6	28	41	343	#
1245	773	30	57	2	343	#
1246	773	30	7	17	16	343	#
1247	207	14	19	344	#
1248	207	13	23	19	344	#
1249	933	49	6	29	0	345	#
1250	933	59	45	345	#
1251	933	20	27	45	345	#
1252	933	19	14	35	10	6	29	0	345	#
1253	933	19	23	13	35	10	6	29	0	345	#
1254	218	17	#
1255	676	2	52	346	#
1256	676	2	16	61	346	#
1257	676	2	16	26	59	346	#
1258	676	2	16	26	27	20	346	#
1259	676	44	47	20	346	#
1260	615	35	9	347	#
1261	615	35	34	8	347	#
1262	83	11	#
1263	693	10	6	30	348	#
1264	693	9	63	348	#
1265	693	34	8	63	348	#
1266	933	0	29	6	49	349	#
1267	933	45	59	349	#
1268	933	45	27	20	349	#
1269	933	0	29	6	10	35	14	19	349	#
1270	933	0	29	6	10	35	13	23	19	349	#
1271	406	28	17	350	#
1272	406	6	7	17	350	#
1273	443	26	27	#
1274	998	18	43	9	351	#
1275	998	18	43	34	8	351	#
1276	998	11	12	43	9	351	#
1277	998	11	12	43	34	8	351	#
1278	998	18	27	42	8	351	#
1279	445	21	352	#
1280	445	15	22	352	#
1281	527	26	17	28	#
1282	803	3	41	28	10	35	353	#
1283	803	15	44	28	10	35	353	#
1284	803	15	2	41	28	10	35	353	#
1285	803	3	16	26	27	33	14	353	#
1286	803	15	2	16	26	27	33	14	353	#
1287	854	0	29	6	10	35	354	#
1288	854	50	34	35	354	#
1289	1117	32	49	6	29	0	355	#
1290	1117	60	45	355	#
1291	1117	24	25	49	6	29	0	355	#
1292	1117	62	13	35	10	6	29	0	355	#
1293	1117	32	59	45	355	#
1294	528	35	48	356	#
1295	528	35	14	19	25	356	#
1296	528	35	13	23	19	25	356	#
1297	583	61	357	#
1298	583	59	26	357	#
1299	583	20	27	26	357	#
1300	583	19	33	27	26	357	#
1301	583	20	47	17	357	#
