%% File generated by CATS v.2.1Tue Aug 20 18:54:44 2019

%% The CATS webpage is http://robotics.stanford.edu/CATS

%% PARAMETER SETTINGS:
% Goods: 15; Bids: 600; Distribution: regions-npv; Runs: 10; Seed: 1566344650
% Regions Distribution Parameters:
% Max Substitutable Bids = 5
% Removing HV Neighbor   = 0.1
% Adding DIAG Neighbor   = 0.2
% Additional Location    = 0.9
% Jump Probability       = 0.05
% Additivity             = 0.2
% Budget Factor          = 1.5
% Resale Factor          = 0.5
% Normal Private Value:
%   Mean                 = 0
%   Standard Deviation   = 30



goods 15
bids 600
dummy 117

0	332659	0	3	4	6	5	1	7	13	15	#
1	351086	3	0	6	4	1	2	5	7	15	#
2	323194	13	3	4	7	0	8	10	6	15	#
3	311092	7	4	6	1	3	5	2	8	15	#
4	290119	5	1	4	7	8	3	6	0	15	#
5	280550	4	6	5	3	1	0	2	8	15	#
6	463243	6	3	4	0	1	5	8	2	7	12	16	#
7	512311	1	2	4	3	0	6	5	8	7	10	16	#
8	493499	4	5	6	3	1	0	8	2	7	11	16	#
9	482708	12	6	4	3	1	0	2	5	8	13	16	#
10	476829	3	0	6	4	8	1	5	2	7	14	16	#
11	456340	0	3	5	4	1	6	2	8	7	13	16	#
12	122261	14	#
13	67284	12	#
14	253142	4	5	1	2	8	3	0	17	#
15	265171	3	0	4	1	6	5	2	17	#
16	201174	1	2	4	5	8	7	3	17	#
17	187192	4	1	3	5	6	0	8	17	#
18	186951	8	7	5	1	6	4	2	17	#
19	206516	4	6	7	1	18	#
20	235113	1	4	6	3	18	#
21	209178	7	6	3	4	18	#
22	134638	4	1	7	5	18	#
23	307066	3	2	6	1	4	5	8	0	19	#
24	431726	1	4	5	7	3	2	6	10	19	#
25	397308	0	3	14	4	7	5	6	1	19	#
26	384530	4	7	3	5	1	6	2	0	19	#
27	339157	8	7	5	6	4	3	1	2	19	#
28	330674	6	7	4	5	1	3	8	0	19	#
29	394275	13	5	10	1	2	8	7	6	3	20	#
30	376720	10	5	8	1	2	7	6	3	4	20	#
31	348096	5	4	1	8	3	6	7	0	2	20	#
32	334897	8	7	5	6	3	0	4	1	9	20	#
33	308808	3	6	0	7	4	8	1	5	10	20	#
34	203453	13	4	12	7	8	9	6	3	5	20	#
35	176909	4	6	5	21	#
36	155274	6	3	0	21	#
37	138815	4	1	5	21	#
38	104049	10	#
39	138611	3	0	6	22	#
40	81578	6	4	3	22	#
41	29420	13	#
42	36523	8	#
43	167694	14	#
44	405367	10	1	2	4	3	5	8	0	7	6	23	#
45	459298	2	1	4	3	6	5	7	8	0	14	23	#
46	414858	10	9	2	1	4	7	5	3	6	0	23	#
47	383121	5	4	7	3	8	1	6	2	0	11	23	#
48	348170	4	3	1	7	13	0	5	8	6	2	23	#
49	341288	3	4	7	12	0	8	5	1	6	2	23	#
50	295409	6	4	5	3	0	1	7	2	8	24	#
51	401499	4	14	6	3	5	1	0	2	7	24	#
52	403710	13	7	6	4	8	5	3	0	1	2	25	#
53	459116	13	2	1	4	10	7	5	8	6	3	25	#
54	450883	5	4	7	6	8	3	1	0	2	14	25	#
55	420280	4	1	3	5	0	6	8	7	2	9	25	#
56	394218	7	6	3	4	1	8	5	0	2	11	25	#
57	403453	14	7	8	6	4	1	3	2	5	0	26	#
58	558342	14	3	6	11	0	4	9	1	2	7	26	#
59	341405	2	1	4	3	5	7	0	6	9	8	26	#
60	330484	7	6	4	3	8	0	1	2	5	11	26	#
61	329672	4	7	3	0	1	2	6	8	5	10	26	#
62	276733	5	1	4	3	2	13	8	0	6	7	26	#
63	485753	2	1	5	4	3	7	8	0	6	12	27	#
64	620248	5	8	1	2	4	7	6	3	0	14	27	#
65	596037	0	3	6	7	4	8	10	5	1	2	27	#
66	530864	7	8	4	5	6	1	3	11	2	0	27	#
67	517787	8	5	1	4	7	2	6	3	0	9	27	#
68	494810	12	3	0	4	9	6	7	1	5	2	27	#
69	193674	4	7	1	6	5	8	28	#
70	255803	1	5	4	7	8	2	28	#
71	212672	6	4	1	2	5	7	28	#
72	175053	8	5	7	4	6	3	28	#
73	174216	4	1	3	5	0	8	28	#
74	163647	7	4	8	0	5	3	28	#
75	175544	8	5	4	2	1	3	29	#
76	230915	2	1	4	6	3	7	29	#
77	193625	4	0	3	5	1	2	29	#
78	186475	1	4	3	5	7	2	29	#
79	184980	3	0	6	4	1	7	29	#
80	129610	5	8	1	4	3	0	29	#
81	225687	0	3	6	4	30	#
82	261850	6	4	5	10	30	#
83	231156	4	6	3	5	30	#
84	217685	3	6	7	4	30	#
85	19689	13	#
86	89787	4	5	31	#
87	98357	4	1	31	#
88	90840	5	1	31	#
89	101879	10	#
90	44668	9	7	#
91	213717	0	3	6	4	1	5	32	#
92	298709	6	3	14	2	1	4	32	#
93	261435	1	2	5	4	6	3	32	#
94	244524	5	1	2	4	8	14	32	#
95	202762	4	7	8	1	5	2	32	#
96	65571	13	#
97	310524	4	7	5	1	3	8	6	33	#
98	371678	3	6	0	7	4	5	1	33	#
99	325243	5	1	2	4	7	8	6	33	#
100	316867	7	13	4	1	5	2	8	33	#
101	210201	8	5	4	0	1	6	3	33	#
102	204509	7	6	8	4	3	5	1	0	2	#
103	506634	1	2	5	8	4	3	0	6	7	#
104	3985	13	#
105	37727	4	#
106	144260	10	11	9	34	#
107	147690	10	8	7	34	#
108	115664	9	14	5	34	#
109	87540	11	14	9	34	#
110	151099	10	#
111	143072	10	#
112	88408	0	3	35	#
113	82540	3	4	35	#
114	100116	10	#
115	217126	10	11	14	36	#
116	138673	14	4	3	36	#
117	64547	10	3	4	36	#
118	243070	3	4	6	0	7	1	37	#
119	311297	7	4	3	8	6	10	37	#
120	225872	1	2	5	8	7	6	37	#
121	212837	4	7	6	5	8	3	37	#
122	186521	6	3	4	0	5	8	37	#
123	181195	3	4	7	5	1	8	37	#
124	75215	11	#
125	508597	3	4	0	7	1	5	14	8	6	2	11	38	#
126	443676	14	13	3	4	6	0	7	1	5	8	2	38	#
127	428386	3	6	4	0	7	8	5	1	2	14	9	38	#
128	426925	1	2	4	5	7	3	8	6	0	11	13	38	#
129	383134	7	8	6	4	1	5	3	0	2	10	13	38	#
130	357881	0	3	6	4	7	1	2	5	8	11	12	38	#
131	281067	1	5	4	7	6	3	8	39	#
132	398704	1	4	10	6	7	3	2	39	#
133	328085	7	8	6	5	4	1	2	39	#
134	278590	8	7	5	4	1	3	2	39	#
135	271187	6	7	4	8	3	5	0	39	#
136	243206	3	0	6	4	7	8	1	39	#
137	322943	2	1	5	8	7	4	6	3	40	#
138	359988	2	1	5	10	8	4	6	7	40	#
139	299843	6	7	3	13	8	9	4	5	40	#
140	263581	8	7	0	6	4	3	13	1	40	#
141	208548	3	6	4	0	7	8	5	1	40	#
142	342552	0	3	4	6	5	1	7	41	#
143	365316	6	3	0	7	4	5	8	41	#
144	337156	3	0	4	7	1	2	6	41	#
145	319368	4	1	5	2	8	7	6	41	#
146	312808	1	4	6	2	7	5	3	41	#
147	280239	0	3	4	6	1	7	8	41	#
148	180882	8	7	4	1	2	6	42	#
149	229052	7	4	6	3	5	1	42	#
150	213240	2	1	3	6	4	5	42	#
151	166015	8	7	6	4	1	11	42	#
152	154768	1	2	8	4	6	5	42	#
153	78170	9	#
154	126693	13	11	7	8	4	5	1	6	43	#
155	181287	4	6	1	7	3	2	8	5	43	#
156	155200	8	5	1	2	4	6	3	0	43	#
157	141468	11	8	7	5	4	1	3	6	43	#
158	130745	7	6	8	4	5	1	3	0	43	#
159	125474	13	7	4	5	6	8	1	3	43	#
160	455523	14	5	8	1	4	7	2	0	3	6	13	9	44	#
161	553606	5	8	1	7	4	6	3	0	2	10	12	14	44	#
162	524183	14	13	0	4	6	7	8	3	5	1	2	11	44	#
163	488998	9	14	12	4	8	0	5	3	7	6	2	1	44	#
164	488708	7	8	6	4	5	3	0	1	2	9	12	10	44	#
165	459286	6	7	4	3	8	5	1	0	2	11	13	9	44	#
166	45193	9	#
167	26161	11	#
168	416031	3	6	4	7	8	5	0	1	2	45	#
169	451999	1	2	4	13	6	7	5	3	8	45	#
170	406889	0	3	6	7	4	14	8	5	1	45	#
171	84476	7	8	46	#
172	79496	8	5	46	#
173	22508	3	#
174	169146	6	4	3	0	5	47	#
175	230974	3	4	1	6	7	47	#
176	198350	0	3	4	6	7	47	#
177	118603	8	5	48	#
178	72758	5	1	48	#
179	68114	14	8	#
180	405454	1	4	5	7	10	8	3	6	2	0	9	49	#
181	512181	5	8	4	7	6	1	3	11	0	2	14	49	#
182	489262	3	4	6	1	0	2	7	5	8	10	14	49	#
183	484655	9	13	7	4	8	5	1	6	3	2	11	49	#
184	479961	10	2	1	0	5	8	11	7	4	6	3	49	#
185	466441	7	4	6	3	1	5	8	2	0	13	11	49	#
186	95959	0	11	50	#
187	139292	11	14	50	#
188	150939	12	10	51	#
189	106118	10	13	51	#
190	557447	10	0	3	6	4	7	1	5	8	2	11	52	#
191	542534	0	3	6	7	4	1	2	8	5	12	10	52	#
192	513075	2	1	5	4	7	6	8	3	0	14	13	52	#
193	499976	1	5	2	4	7	8	3	0	6	10	13	52	#
194	477674	11	1	2	4	6	5	7	8	3	0	12	52	#
195	474388	4	7	5	8	1	2	3	6	0	9	10	52	#
196	137465	10	#
197	118894	14	1	53	#
198	127558	14	0	53	#
199	99205	1	2	53	#
200	20170	13	#
201	225300	10	7	6	2	54	#
202	174503	10	11	3	0	54	#
203	274873	13	6	3	4	1	0	5	2	55	#
204	300843	6	7	3	4	0	1	5	2	55	#
205	267161	1	2	5	8	4	7	6	3	55	#
206	255387	13	3	6	7	8	4	1	5	55	#
207	254090	0	3	4	6	1	5	8	7	55	#
208	221303	3	6	4	11	0	7	5	8	55	#
209	50779	13	#
210	342778	5	8	7	1	4	6	56	#
211	454149	8	5	1	2	7	11	56	#
212	448679	7	6	3	8	0	5	56	#
213	418210	4	7	5	3	0	6	56	#
214	378260	5	8	4	7	3	0	56	#
215	318566	6	4	7	3	0	1	56	#
216	313824	6	3	0	4	7	5	57	#
217	290961	7	8	1	4	6	2	57	#
218	254363	4	7	6	3	8	0	57	#
219	240193	6	7	4	3	5	1	57	#
220	207655	5	8	4	1	2	3	57	#
221	174121	3	6	4	5	8	1	57	#
222	174045	2	1	4	7	6	8	5	58	#
223	198396	4	3	7	6	1	2	5	58	#
224	182367	6	3	4	7	1	8	2	58	#
225	125194	7	8	6	4	1	5	3	58	#
226	370106	1	4	6	7	2	5	8	59	#
227	421955	4	1	7	5	3	2	6	59	#
228	334896	1	5	4	7	6	3	8	59	#
229	326669	2	1	5	4	3	0	7	59	#
230	285024	6	4	5	8	3	1	0	59	#
231	391980	0	3	6	4	7	8	5	1	2	#
232	472831	7	4	8	5	1	6	11	3	2	0	60	#
233	436793	0	3	4	6	1	2	7	5	14	8	60	#
234	419572	3	4	6	12	7	8	1	5	2	0	60	#
235	404126	7	4	13	5	3	6	8	1	0	2	60	#
236	362216	1	2	4	3	7	6	8	0	5	9	60	#
237	89116	12	#
238	52441	9	#
239	130878	2	1	5	14	61	#
240	142297	2	1	5	4	61	#
241	24717	9	#
242	132510	6	7	62	#
243	153066	6	4	62	#
244	59046	7	8	62	#
245	123812	14	#
246	81125	10	#
247	221083	4	6	5	7	8	1	2	3	0	11	63	#
248	308558	11	13	1	5	2	4	6	8	7	3	63	#
249	247243	2	1	4	7	8	3	6	5	0	14	63	#
250	222266	1	5	2	4	7	6	3	8	0	13	63	#
251	218109	6	3	4	1	7	8	0	5	2	10	63	#
252	211405	7	8	4	3	5	1	6	2	0	9	63	#
253	139905	14	#
254	124648	3	6	64	#
255	93383	3	0	64	#
256	63237	6	4	64	#
257	27640	13	#
258	342866	2	1	5	8	7	11	4	6	3	0	65	#
259	368283	6	7	4	3	5	8	0	1	2	10	65	#
260	368198	11	12	3	6	7	14	4	0	5	8	65	#
261	340740	7	4	5	6	1	2	8	3	0	12	65	#
262	238319	4	1	6	5	2	7	8	3	0	9	65	#
263	61748	11	#
264	304297	7	6	4	3	66	#
265	302320	6	7	4	8	66	#
266	264041	4	5	8	7	66	#
267	219710	3	10	4	1	66	#
268	272542	1	2	5	4	8	6	3	7	0	67	#
269	275580	2	1	5	4	12	8	7	6	3	67	#
270	580106	11	2	1	5	8	4	10	7	6	3	0	68	#
271	630020	4	5	7	8	3	0	6	1	2	14	11	68	#
272	565662	8	7	5	1	13	6	4	3	2	0	14	68	#
273	505079	10	6	4	7	3	0	5	8	1	2	12	68	#
274	479303	2	1	4	5	8	7	3	6	0	9	10	68	#
275	474676	7	4	6	5	3	8	11	0	1	2	9	68	#
276	141926	5	1	2	8	4	69	#
277	183278	4	3	7	6	8	69	#
278	166546	1	2	4	5	3	69	#
279	155962	5	8	7	1	6	69	#
280	150170	2	1	4	5	6	69	#
281	108736	8	5	7	1	4	69	#
282	72507	8	7	70	#
283	49098	8	5	70	#
284	306574	0	3	6	7	4	1	5	8	71	#
285	399609	3	6	7	4	1	2	8	0	71	#
286	374300	7	8	6	4	5	1	2	3	71	#
287	90358	11	#
288	340587	4	6	5	10	7	8	1	3	0	2	72	#
289	378171	7	4	6	3	5	1	8	0	11	10	72	#
290	313940	5	8	4	1	6	7	3	2	0	14	72	#
291	302650	4	7	5	6	8	3	1	0	2	12	72	#
292	255281	6	2	7	3	8	1	4	5	0	9	72	#
293	114633	1	2	#
294	11879	12	#
295	86866	11	#
296	58764	4	3	9	#
297	202007	0	3	6	4	7	8	1	5	73	#
298	183339	1	5	4	8	7	6	10	2	73	#
299	146779	5	4	8	10	1	3	6	2	73	#
300	146622	6	4	7	5	3	8	1	2	73	#
301	225788	3	4	0	7	5	74	#
302	299127	3	6	4	5	7	74	#
303	291122	4	1	3	6	7	74	#
304	255534	7	8	4	5	6	74	#
305	229645	5	1	8	7	4	74	#
306	184275	0	3	4	9	1	74	#
307	51557	14	#
308	70845	10	#
309	363852	1	2	4	5	8	6	7	3	0	75	#
310	370660	4	12	6	0	7	1	8	3	2	75	#
311	332909	2	1	5	8	4	7	6	3	11	75	#
312	295492	6	4	5	1	3	2	7	8	13	75	#
313	291721	8	7	6	5	3	4	1	0	13	75	#
314	362422	3	4	6	7	1	8	5	0	2	14	76	#
315	353628	4	1	7	5	8	6	2	3	0	11	76	#
316	337386	6	3	4	7	8	0	5	1	2	13	76	#
317	335379	1	2	4	5	3	7	0	6	8	10	76	#
318	332946	8	5	4	9	10	1	3	2	6	7	76	#
319	137160	8	5	4	77	#
320	152454	5	8	1	77	#
321	100803	8	12	7	77	#
322	88632	4	3	5	77	#
323	31902	13	9	78	#
324	24174	13	0	78	#
325	430440	6	4	1	7	8	5	2	3	0	14	79	#
326	384703	5	4	8	7	3	1	2	0	6	10	79	#
327	362773	7	4	6	8	5	3	1	2	0	9	79	#
328	354590	1	4	2	6	5	3	0	8	7	11	79	#
329	307482	6	7	4	3	8	5	1	0	2	13	79	#
330	8687	9	#
331	406809	8	7	5	1	6	12	4	2	3	0	13	80	#
332	497212	0	3	6	4	5	7	1	8	2	14	13	80	#
333	427570	4	1	14	5	2	7	12	8	6	3	0	80	#
334	425408	7	6	3	4	0	8	5	1	12	2	10	80	#
335	421995	3	5	4	6	1	2	8	7	0	13	11	80	#
336	420142	2	1	4	5	3	6	0	7	8	9	14	80	#
337	85114	14	#
338	97520	2	1	4	#
339	43655	2	#
340	349439	8	7	6	4	5	3	1	81	#
341	334731	1	2	5	8	4	7	3	81	#
342	314138	5	8	4	7	1	6	2	81	#
343	269389	3	6	7	4	9	0	5	81	#
344	234429	8	7	4	6	3	9	0	81	#
345	45671	9	#
346	182958	0	13	3	4	6	1	7	5	8	#
347	226994	0	3	4	6	5	7	1	8	2	9	13	82	#
348	340214	7	4	6	0	5	1	3	8	2	14	13	82	#
349	327973	0	3	6	7	4	8	1	5	2	10	9	82	#
350	261599	5	8	7	6	4	1	3	2	0	11	13	82	#
351	101533	6	#
352	116899	14	#
353	122341	10	#
354	358280	13	6	3	7	4	5	8	0	1	2	83	#
355	407415	5	4	6	3	7	1	0	2	8	11	83	#
356	355150	3	0	6	7	4	5	8	1	2	9	83	#
357	343413	4	6	7	8	3	0	5	1	2	10	83	#
358	311890	7	8	5	12	4	3	1	2	6	0	83	#
359	59241	13	#
360	82062	13	12	84	#
361	82326	12	4	84	#
362	3399	13	0	84	#
363	56262	3	4	7	85	#
364	72508	4	1	7	85	#
365	52804	3	4	6	85	#
366	282404	0	3	6	4	7	1	5	8	2	86	#
367	322682	3	4	7	6	14	1	8	5	2	86	#
368	302329	1	4	6	7	3	5	8	2	11	86	#
369	291279	6	7	8	9	4	1	5	3	2	86	#
370	468072	1	4	3	5	0	7	6	8	10	2	87	#
371	511967	8	5	7	4	6	3	0	1	2	14	87	#
372	508630	7	4	6	3	5	1	8	0	2	9	87	#
373	493111	4	1	8	5	7	6	3	0	2	11	87	#
374	416129	1	2	4	7	3	6	5	8	0	12	87	#
375	168249	8	5	7	6	1	2	88	#
376	177986	2	8	7	6	3	1	88	#
377	154535	6	3	0	7	4	5	88	#
378	97156	5	8	7	6	3	4	88	#
379	71930	1	2	5	4	8	3	88	#
380	9202	7	6	8	4	1	5	88	#
381	36238	0	#
382	59982	12	#
383	80569	4	1	3	7	89	#
384	103069	1	5	8	2	89	#
385	80543	12	#
386	378263	10	0	3	6	7	8	4	1	5	2	90	#
387	433251	10	12	5	1	2	8	7	6	4	3	90	#
388	403947	4	1	6	3	7	8	5	2	0	11	90	#
389	377420	0	3	6	4	7	8	5	1	2	12	90	#
390	314561	6	7	4	3	0	8	5	1	2	13	90	#
391	262117	7	6	3	0	4	8	5	1	2	9	90	#
392	13197	1	#
393	237181	0	13	3	4	6	5	1	91	#
394	347150	3	4	5	1	2	0	6	91	#
395	314355	13	10	6	4	1	7	3	91	#
396	311626	6	7	4	3	0	5	1	91	#
397	292627	5	1	4	8	2	6	7	91	#
398	247952	11	4	3	5	1	7	8	6	92	#
399	269109	7	6	10	8	4	3	0	1	92	#
400	216226	3	4	1	6	2	10	5	8	92	#
401	201810	4	6	1	3	7	5	8	0	92	#
402	182079	1	2	5	4	7	6	8	3	92	#
403	49141	10	#
404	410637	7	6	8	4	5	1	3	0	2	93	#
405	476245	7	10	6	8	5	9	4	1	2	93	#
406	377520	5	1	4	6	7	8	12	3	0	93	#
407	364658	8	7	9	13	5	4	6	3	1	93	#
408	334095	1	5	8	4	7	3	6	0	11	93	#
409	558862	1	2	5	4	6	12	3	7	8	0	10	94	#
410	558255	2	1	5	4	6	7	8	3	0	13	10	94	#
411	526495	10	0	3	4	5	8	1	7	6	2	9	94	#
412	520621	3	6	4	7	5	1	2	10	0	8	14	94	#
413	468590	0	3	4	6	7	5	8	1	2	12	13	94	#
414	436223	4	3	6	5	1	8	7	2	0	9	13	94	#
415	195550	4	5	7	6	1	3	0	95	#
416	276341	1	4	5	6	3	7	10	95	#
417	211794	7	8	5	4	6	1	10	95	#
418	206919	5	4	3	6	1	2	0	95	#
419	99903	6	4	1	7	5	8	3	95	#
420	96848	3	0	9	7	4	1	8	95	#
421	472143	8	7	4	5	3	0	6	1	2	10	11	96	#
422	517824	5	1	4	3	6	0	7	8	10	2	14	96	#
423	450381	2	1	5	8	4	6	3	0	7	10	9	96	#
424	446388	1	5	4	3	7	2	8	6	0	13	14	96	#
425	435927	3	0	4	5	1	2	8	7	6	9	14	96	#
426	432698	8	5	4	6	3	7	0	1	2	12	11	96	#
427	75765	14	#
428	408171	2	1	5	4	8	6	3	7	0	97	#
429	455407	0	3	10	6	4	1	7	8	5	97	#
430	1998	9	#
431	252349	2	1	5	4	7	8	98	#
432	295817	4	1	2	6	3	7	98	#
433	262014	5	1	4	7	6	8	98	#
434	256393	2	1	5	4	3	6	98	#
435	251439	8	5	1	4	6	3	98	#
436	241774	1	5	8	4	3	2	98	#
437	512389	11	3	6	7	4	1	5	8	2	0	99	#
438	532477	4	7	3	8	1	6	5	0	2	14	99	#
439	494355	3	6	0	4	1	7	8	5	2	10	99	#
440	468816	6	3	7	8	4	5	1	0	2	9	99	#
441	450614	7	4	1	6	5	2	8	3	0	12	99	#
442	401520	1	5	7	4	6	8	2	3	0	13	99	#
443	26641	9	#
444	117331	11	#
445	429469	5	8	4	1	3	7	6	0	2	100	#
446	436924	6	7	8	3	4	0	5	1	14	100	#
447	387897	5	4	3	6	7	11	8	0	1	100	#
448	348394	2	1	4	7	8	5	6	3	12	100	#
449	288187	3	4	5	6	1	7	0	2	8	#
450	134084	11	4	3	5	101	#
451	187816	3	0	6	4	101	#
452	124871	5	4	1	6	101	#
453	25856	11	1	5	8	101	#
454	115256	14	#
455	14893	12	#
456	47159	11	#
457	273027	1	5	13	2	4	3	7	6	0	12	8	102	#
458	356197	5	8	4	7	3	6	0	1	2	12	14	102	#
459	312767	8	5	1	4	6	3	0	7	2	11	10	102	#
460	298764	3	6	4	1	7	5	2	8	0	12	11	102	#
461	287030	13	3	6	7	0	4	5	1	2	8	10	102	#
462	281582	2	1	4	5	7	8	6	0	3	11	14	102	#
463	81427	10	#
464	111082	10	#
465	101805	11	#
466	87393	14	#
467	187251	1	4	6	5	3	7	0	8	2	103	#
468	218550	8	5	1	7	2	4	10	3	6	103	#
469	199154	1	2	4	8	3	5	0	6	14	103	#
470	183187	0	3	14	4	6	7	5	1	2	103	#
471	158500	4	5	1	3	12	0	8	2	7	103	#
472	136269	3	4	0	7	10	8	5	1	6	103	#
473	225372	0	3	4	6	7	5	1	2	8	104	#
474	323946	2	1	5	4	6	3	0	9	7	104	#
475	271585	4	8	6	5	7	3	1	9	0	104	#
476	26131	12	#
477	319534	6	4	10	3	0	7	5	1	2	8	105	#
478	384081	5	1	2	4	8	7	6	3	14	0	105	#
479	368707	7	4	11	1	5	3	2	6	0	8	105	#
480	318779	3	4	1	2	7	5	0	8	6	12	105	#
481	316975	10	9	6	7	8	4	5	1	3	2	105	#
482	292215	4	1	7	6	2	5	8	3	0	13	105	#
483	56185	12	#
484	118849	1	5	106	#
485	124576	1	2	106	#
486	73225	5	4	106	#
487	317450	3	6	4	5	1	2	8	7	0	107	#
488	465303	5	1	4	3	0	8	7	6	14	107	#
489	353184	1	2	4	12	7	3	8	6	5	107	#
490	351283	4	7	6	1	5	8	2	3	13	107	#
491	325023	7	8	6	5	3	4	1	0	13	107	#
492	241732	2	1	4	5	108	#
493	227475	1	2	4	7	108	#
494	195155	5	13	1	4	108	#
495	27384	9	12	109	#
496	24986	12	3	109	#
497	18846	13	#
498	208857	6	3	4	7	110	#
499	228916	3	6	0	5	110	#
500	226025	6	4	7	8	110	#
501	114924	4	1	6	13	110	#
502	452517	11	3	6	7	10	111	#
503	412988	11	7	4	3	6	111	#
504	385103	3	4	0	6	7	111	#
505	342278	6	4	3	7	8	111	#
506	165594	10	8	5	1	4	111	#
507	117831	14	#
508	11952	13	#
509	219646	3	6	7	8	112	#
510	202498	7	6	3	4	112	#
511	185200	3	0	6	4	112	#
512	35685	1	2	#
513	229009	3	0	4	5	6	7	8	1	113	#
514	336163	3	4	6	5	1	7	8	2	113	#
515	326167	8	13	7	5	4	1	2	6	113	#
516	264404	6	7	8	5	3	4	1	12	113	#
517	18226	13	#
518	131344	7	6	3	114	#
519	192848	7	8	6	114	#
520	167554	6	11	10	114	#
521	144617	1	2	4	3	115	#
522	153406	3	2	6	4	115	#
523	139851	4	5	3	8	115	#
524	91694	2	1	5	8	115	#
525	93748	10	#
526	65639	8	5	116	#
527	71817	8	7	116	#
528	62245	5	1	116	#
529	135669	6	4	7	117	#
530	96250	4	7	1	117	#
531	77488	10	#
532	325104	3	6	7	4	0	5	1	2	8	13	118	#
533	452292	4	1	8	5	7	6	3	2	0	11	118	#
534	432307	6	3	4	7	5	1	2	0	8	14	118	#
535	370458	13	14	4	6	1	5	3	0	8	7	118	#
536	331891	7	6	5	1	4	2	8	3	0	12	118	#
537	314881	8	5	4	6	7	1	2	3	0	9	118	#
538	56133	5	4	#
539	232581	12	6	3	0	4	7	5	8	119	#
540	312168	7	6	4	3	0	1	2	5	119	#
541	308531	6	4	7	5	1	8	2	11	119	#
542	262071	3	0	6	8	5	4	7	1	119	#
543	256546	0	3	4	7	11	8	6	1	119	#
544	236512	4	1	7	5	6	3	2	8	119	#
545	14174	8	5	#
546	379006	0	3	4	6	5	8	1	7	120	#
547	452884	3	0	6	4	1	7	2	8	120	#
548	417555	4	3	0	1	6	2	7	5	120	#
549	401537	7	8	5	4	1	3	6	2	120	#
550	58705	11	#
551	51723	11	#
552	212711	4	6	7	1	5	121	#
553	224132	1	11	5	4	7	121	#
554	207352	4	7	5	8	1	121	#
555	199705	6	4	5	8	3	121	#
556	326007	4	6	5	8	3	1	7	0	2	122	#
557	387779	2	1	14	4	7	6	8	5	3	122	#
558	356768	7	6	4	11	3	8	5	1	0	122	#
559	335836	0	3	4	5	8	7	14	6	1	122	#
560	39706	11	#
561	433163	9	1	4	5	7	8	3	6	2	0	13	123	#
562	562279	7	6	8	5	4	1	2	3	0	10	13	123	#
563	537623	1	2	4	6	5	7	3	8	0	10	9	123	#
564	502630	8	7	4	13	5	6	3	0	1	2	12	123	#
565	491910	5	1	2	8	4	6	7	3	0	11	14	123	#
566	477975	9	5	4	3	1	12	8	6	7	2	0	123	#
567	245632	14	0	3	4	5	8	7	1	6	2	124	#
568	168731	0	3	4	5	8	1	6	7	2	11	124	#
569	160522	8	5	4	6	7	3	0	1	2	13	124	#
570	140293	3	6	0	4	5	7	1	2	8	9	124	#
571	139636	4	7	3	1	8	5	2	0	6	12	124	#
572	74602	8	12	7	125	#
573	26609	8	7	4	125	#
574	148202	0	3	4	126	#
575	153659	0	3	6	126	#
576	135243	4	3	1	126	#
577	160165	0	3	4	127	#
578	152151	4	5	8	127	#
579	146236	3	9	4	127	#
580	15659	1	#
581	52755	9	#
582	405687	1	4	5	7	3	6	128	#
583	453972	1	5	2	4	7	6	128	#
584	417239	4	7	1	3	2	6	128	#
585	366475	7	4	8	1	5	6	128	#
586	159201	1	5	8	2	4	129	#
587	209730	1	2	14	4	5	129	#
588	154383	2	1	4	6	3	129	#
589	154090	4	1	2	6	5	129	#
590	108526	5	8	1	0	3	129	#
591	99021	8	7	5	4	1	129	#
592	40041	13	0	130	#
593	28995	13	8	130	#
594	225004	0	3	14	6	7	131	#
595	243024	6	3	4	0	5	131	#
596	216434	7	8	6	4	3	131	#
597	199253	3	6	7	4	0	131	#
598	151873	14	0	2	3	1	131	#
599	91194	10	#
