%% File generated by CATS v.2.1Tue Aug 20 18:58:10 2019

%% The CATS webpage is http://robotics.stanford.edu/CATS

%% PARAMETER SETTINGS:
% Goods: 40; Bids: 3200; Distribution: scheduling; Runs: 10; Seed: 1566345634
% Scheduling Distribution Parameters:
% max_length                = 10
% deviation                 = 0.500000
% prob_additional_deadline  = 0.700000
% additivity                = 0.200000



goods 40
bids 3220
dummy 118

0	4195	0	1	2	3	40	#
1	4195	1	2	3	4	40	#
2	621	2	3	4	5	40	#
3	621	3	4	5	6	40	#
4	621	4	5	6	7	40	#
5	621	5	6	7	8	40	#
6	621	6	7	8	9	40	#
7	621	7	8	9	10	40	#
8	621	8	9	10	11	40	#
9	621	9	10	11	12	40	#
10	621	10	11	12	13	40	#
11	621	11	12	13	14	40	#
12	621	12	13	14	15	40	#
13	621	13	14	15	16	40	#
14	621	14	15	16	17	40	#
15	621	15	16	17	18	40	#
16	621	16	17	18	19	40	#
17	621	17	18	19	20	40	#
18	621	18	19	20	21	40	#
19	621	19	20	21	22	40	#
20	621	20	21	22	23	40	#
21	621	21	22	23	24	40	#
22	621	22	23	24	25	40	#
23	621	23	24	25	26	40	#
24	621	24	25	26	27	40	#
25	430	25	26	27	28	40	#
26	430	26	27	28	29	40	#
27	430	27	28	29	30	40	#
28	430	28	29	30	31	40	#
29	430	29	30	31	32	40	#
30	430	30	31	32	33	40	#
31	430	31	32	33	34	40	#
32	430	32	33	34	35	40	#
33	430	33	34	35	36	40	#
34	430	34	35	36	37	40	#
35	430	35	36	37	38	40	#
36	430	36	37	38	39	40	#
37	7628	0	1	2	3	4	5	6	41	#
38	7628	1	2	3	4	5	6	7	41	#
39	7628	2	3	4	5	6	7	8	41	#
40	7628	3	4	5	6	7	8	9	41	#
41	7628	4	5	6	7	8	9	10	41	#
42	7628	5	6	7	8	9	10	11	41	#
43	7628	6	7	8	9	10	11	12	41	#
44	7628	7	8	9	10	11	12	13	41	#
45	7628	8	9	10	11	12	13	14	41	#
46	7628	9	10	11	12	13	14	15	41	#
47	7628	10	11	12	13	14	15	16	41	#
48	7628	11	12	13	14	15	16	17	41	#
49	7628	12	13	14	15	16	17	18	41	#
50	7628	13	14	15	16	17	18	19	41	#
51	5199	0	1	2	3	4	5	6	42	#
52	5199	1	2	3	4	5	6	7	42	#
53	5199	2	3	4	5	6	7	8	42	#
54	5199	3	4	5	6	7	8	9	42	#
55	5199	4	5	6	7	8	9	10	42	#
56	5199	5	6	7	8	9	10	11	42	#
57	5199	6	7	8	9	10	11	12	42	#
58	5199	7	8	9	10	11	12	13	42	#
59	5199	8	9	10	11	12	13	14	42	#
60	5199	9	10	11	12	13	14	15	42	#
61	5199	10	11	12	13	14	15	16	42	#
62	5199	11	12	13	14	15	16	17	42	#
63	5199	12	13	14	15	16	17	18	42	#
64	5199	13	14	15	16	17	18	19	42	#
65	5199	14	15	16	17	18	19	20	42	#
66	5199	15	16	17	18	19	20	21	42	#
67	4962	16	17	18	19	20	21	22	42	#
68	7092	0	1	2	3	43	#
69	7092	1	2	3	4	43	#
70	7092	2	3	4	5	43	#
71	7092	3	4	5	6	43	#
72	7092	4	5	6	7	43	#
73	7092	5	6	7	8	43	#
74	7092	6	7	8	9	43	#
75	7092	7	8	9	10	43	#
76	7092	8	9	10	11	43	#
77	7092	9	10	11	12	43	#
78	7092	10	11	12	13	43	#
79	7092	11	12	13	14	43	#
80	7092	12	13	14	15	43	#
81	4255	13	14	15	16	43	#
82	4255	14	15	16	17	43	#
83	4255	15	16	17	18	43	#
84	4255	16	17	18	19	43	#
85	4255	17	18	19	20	43	#
86	4255	18	19	20	21	43	#
87	4255	19	20	21	22	43	#
88	4255	20	21	22	23	43	#
89	4255	21	22	23	24	43	#
90	4255	22	23	24	25	43	#
91	2955	23	24	25	26	43	#
92	2955	24	25	26	27	43	#
93	2955	25	26	27	28	43	#
94	2955	26	27	28	29	43	#
95	2955	27	28	29	30	43	#
96	2955	28	29	30	31	43	#
97	2955	29	30	31	32	43	#
98	2955	30	31	32	33	43	#
99	2955	31	32	33	34	43	#
100	2955	32	33	34	35	43	#
101	2955	33	34	35	36	43	#
102	18367	0	1	2	3	4	5	6	7	8	44	#
103	18367	1	2	3	4	5	6	7	8	9	44	#
104	18367	2	3	4	5	6	7	8	9	10	44	#
105	18367	3	4	5	6	7	8	9	10	11	44	#
106	13469	4	5	6	7	8	9	10	11	12	44	#
107	13469	5	6	7	8	9	10	11	12	13	44	#
108	13469	6	7	8	9	10	11	12	13	14	44	#
109	13469	7	8	9	10	11	12	13	14	15	44	#
110	6517	8	9	10	11	12	13	14	15	16	44	#
111	6517	9	10	11	12	13	14	15	16	17	44	#
112	6517	10	11	12	13	14	15	16	17	18	44	#
113	6517	11	12	13	14	15	16	17	18	19	44	#
114	6517	12	13	14	15	16	17	18	19	20	44	#
115	6517	13	14	15	16	17	18	19	20	21	44	#
116	6517	14	15	16	17	18	19	20	21	22	44	#
117	6517	15	16	17	18	19	20	21	22	23	44	#
118	6517	16	17	18	19	20	21	22	23	24	44	#
119	6517	17	18	19	20	21	22	23	24	25	44	#
120	6517	18	19	20	21	22	23	24	25	26	44	#
121	6517	19	20	21	22	23	24	25	26	27	44	#
122	6517	20	21	22	23	24	25	26	27	28	44	#
123	6517	21	22	23	24	25	26	27	28	29	44	#
124	6517	22	23	24	25	26	27	28	29	30	44	#
125	6517	23	24	25	26	27	28	29	30	31	44	#
126	5773	24	25	26	27	28	29	30	31	32	44	#
127	5773	25	26	27	28	29	30	31	32	33	44	#
128	5773	26	27	28	29	30	31	32	33	34	44	#
129	5773	27	28	29	30	31	32	33	34	35	44	#
130	5461	28	29	30	31	32	33	34	35	36	44	#
131	5461	29	30	31	32	33	34	35	36	37	44	#
132	16085	0	1	2	3	4	5	6	7	8	9	45	#
133	16085	1	2	3	4	5	6	7	8	9	10	45	#
134	16085	2	3	4	5	6	7	8	9	10	11	45	#
135	16085	3	4	5	6	7	8	9	10	11	12	45	#
136	16085	4	5	6	7	8	9	10	11	12	13	45	#
137	16085	5	6	7	8	9	10	11	12	13	14	45	#
138	16085	6	7	8	9	10	11	12	13	14	15	45	#
139	16085	7	8	9	10	11	12	13	14	15	16	45	#
140	16085	8	9	10	11	12	13	14	15	16	17	45	#
141	16085	9	10	11	12	13	14	15	16	17	18	45	#
142	16085	10	11	12	13	14	15	16	17	18	19	45	#
143	16085	11	12	13	14	15	16	17	18	19	20	45	#
144	16085	12	13	14	15	16	17	18	19	20	21	45	#
145	16085	13	14	15	16	17	18	19	20	21	22	45	#
146	10723	14	15	16	17	18	19	20	21	22	23	45	#
147	10723	15	16	17	18	19	20	21	22	23	24	45	#
148	10723	16	17	18	19	20	21	22	23	24	25	45	#
149	10723	17	18	19	20	21	22	23	24	25	26	45	#
150	10723	18	19	20	21	22	23	24	25	26	27	45	#
151	10723	19	20	21	22	23	24	25	26	27	28	45	#
152	10723	20	21	22	23	24	25	26	27	28	29	45	#
153	10723	21	22	23	24	25	26	27	28	29	30	45	#
154	10723	22	23	24	25	26	27	28	29	30	31	45	#
155	10723	23	24	25	26	27	28	29	30	31	32	45	#
156	10723	24	25	26	27	28	29	30	31	32	33	45	#
157	5241	0	1	2	46	#
158	5241	1	2	3	46	#
159	5241	2	3	4	46	#
160	5241	3	4	5	46	#
161	5241	4	5	6	46	#
162	5241	5	6	7	46	#
163	5241	6	7	8	46	#
164	11178	0	1	2	3	4	5	6	7	47	#
165	11178	1	2	3	4	5	6	7	8	47	#
166	11178	2	3	4	5	6	7	8	9	47	#
167	11178	3	4	5	6	7	8	9	10	47	#
168	11178	4	5	6	7	8	9	10	11	47	#
169	11178	5	6	7	8	9	10	11	12	47	#
170	11178	6	7	8	9	10	11	12	13	47	#
171	11178	7	8	9	10	11	12	13	14	47	#
172	11178	8	9	10	11	12	13	14	15	47	#
173	11178	9	10	11	12	13	14	15	16	47	#
174	11178	10	11	12	13	14	15	16	17	47	#
175	11178	11	12	13	14	15	16	17	18	47	#
176	11178	12	13	14	15	16	17	18	19	47	#
177	11178	13	14	15	16	17	18	19	20	47	#
178	11178	14	15	16	17	18	19	20	21	47	#
179	11178	15	16	17	18	19	20	21	22	47	#
180	11178	16	17	18	19	20	21	22	23	47	#
181	11178	17	18	19	20	21	22	23	24	47	#
182	11178	18	19	20	21	22	23	24	25	47	#
183	11178	19	20	21	22	23	24	25	26	47	#
184	11178	20	21	22	23	24	25	26	27	47	#
185	11178	21	22	23	24	25	26	27	28	47	#
186	11178	22	23	24	25	26	27	28	29	47	#
187	11178	23	24	25	26	27	28	29	30	47	#
188	11178	24	25	26	27	28	29	30	31	47	#
189	11178	25	26	27	28	29	30	31	32	47	#
190	11178	26	27	28	29	30	31	32	33	47	#
191	11178	27	28	29	30	31	32	33	34	47	#
192	11178	28	29	30	31	32	33	34	35	47	#
193	10295	29	30	31	32	33	34	35	36	47	#
194	10295	30	31	32	33	34	35	36	37	47	#
195	10295	31	32	33	34	35	36	37	38	47	#
196	10031	32	33	34	35	36	37	38	39	47	#
197	10218	0	1	2	3	4	5	48	#
198	10218	1	2	3	4	5	6	48	#
199	10218	2	3	4	5	6	7	48	#
200	10218	3	4	5	6	7	8	48	#
201	10218	4	5	6	7	8	9	48	#
202	10218	5	6	7	8	9	10	48	#
203	10218	6	7	8	9	10	11	48	#
204	10218	7	8	9	10	11	12	48	#
205	10218	8	9	10	11	12	13	48	#
206	10218	9	10	11	12	13	14	48	#
207	10218	10	11	12	13	14	15	48	#
208	10218	11	12	13	14	15	16	48	#
209	10218	12	13	14	15	16	17	48	#
210	10218	13	14	15	16	17	18	48	#
211	10218	14	15	16	17	18	19	48	#
212	10218	15	16	17	18	19	20	48	#
213	10218	16	17	18	19	20	21	48	#
214	10218	17	18	19	20	21	22	48	#
215	10218	18	19	20	21	22	23	48	#
216	10218	19	20	21	22	23	24	48	#
217	10218	20	21	22	23	24	25	48	#
218	10218	21	22	23	24	25	26	48	#
219	10218	22	23	24	25	26	27	48	#
220	10218	23	24	25	26	27	28	48	#
221	10218	24	25	26	27	28	29	48	#
222	10218	25	26	27	28	29	30	48	#
223	10218	26	27	28	29	30	31	48	#
224	10218	27	28	29	30	31	32	48	#
225	8604	28	29	30	31	32	33	48	#
226	8604	29	30	31	32	33	34	48	#
227	8604	30	31	32	33	34	35	48	#
228	8604	31	32	33	34	35	36	48	#
229	8604	32	33	34	35	36	37	48	#
230	8604	33	34	35	36	37	38	48	#
231	8384	34	35	36	37	38	39	48	#
232	14371	0	1	2	3	4	5	6	7	8	49	#
233	14371	1	2	3	4	5	6	7	8	9	49	#
234	14371	2	3	4	5	6	7	8	9	10	49	#
235	14371	3	4	5	6	7	8	9	10	11	49	#
236	14371	4	5	6	7	8	9	10	11	12	49	#
237	14371	5	6	7	8	9	10	11	12	13	49	#
238	14371	6	7	8	9	10	11	12	13	14	49	#
239	14371	7	8	9	10	11	12	13	14	15	49	#
240	14371	8	9	10	11	12	13	14	15	16	49	#
241	14371	9	10	11	12	13	14	15	16	17	49	#
242	14371	10	11	12	13	14	15	16	17	18	49	#
243	14371	11	12	13	14	15	16	17	18	19	49	#
244	14371	12	13	14	15	16	17	18	19	20	49	#
245	14371	13	14	15	16	17	18	19	20	21	49	#
246	14371	14	15	16	17	18	19	20	21	22	49	#
247	14371	15	16	17	18	19	20	21	22	23	49	#
248	10329	16	17	18	19	20	21	22	23	24	49	#
249	10329	17	18	19	20	21	22	23	24	25	49	#
250	10329	18	19	20	21	22	23	24	25	26	49	#
251	10329	19	20	21	22	23	24	25	26	27	49	#
252	10329	20	21	22	23	24	25	26	27	28	49	#
253	10329	21	22	23	24	25	26	27	28	29	49	#
254	10329	22	23	24	25	26	27	28	29	30	49	#
255	10329	23	24	25	26	27	28	29	30	31	49	#
256	10329	24	25	26	27	28	29	30	31	32	49	#
257	10016	25	26	27	28	29	30	31	32	33	49	#
258	9721	26	27	28	29	30	31	32	33	34	49	#
259	3388	0	1	2	50	#
260	3388	1	2	3	50	#
261	3388	2	3	4	50	#
262	3388	3	4	5	50	#
263	3388	4	5	6	50	#
264	3388	5	6	7	50	#
265	3388	6	7	8	50	#
266	3388	7	8	9	50	#
267	3388	8	9	10	50	#
268	3388	9	10	11	50	#
269	3388	10	11	12	50	#
270	3388	11	12	13	50	#
271	3388	12	13	14	50	#
272	3388	13	14	15	50	#
273	3388	14	15	16	50	#
274	3388	15	16	17	50	#
275	1070	0	51	#
276	1070	1	51	#
277	1070	2	51	#
278	1070	3	51	#
279	1070	4	51	#
280	1070	5	51	#
281	1070	6	51	#
282	1070	7	51	#
283	1070	8	51	#
284	1070	9	51	#
285	1070	10	51	#
286	1070	11	51	#
287	1070	12	51	#
288	1070	13	51	#
289	1070	14	51	#
290	1070	15	51	#
291	1070	16	51	#
292	1070	17	51	#
293	1070	18	51	#
294	1070	19	51	#
295	521	20	51	#
296	521	21	51	#
297	521	22	51	#
298	521	23	51	#
299	521	24	51	#
300	521	25	51	#
301	521	26	51	#
302	521	27	51	#
303	521	28	51	#
304	521	29	51	#
305	521	30	51	#
306	521	31	51	#
307	521	32	51	#
308	521	33	51	#
309	521	34	51	#
310	521	35	51	#
311	521	36	51	#
312	521	37	51	#
313	521	38	51	#
314	521	39	51	#
315	12574	0	1	2	3	4	5	6	52	#
316	12574	1	2	3	4	5	6	7	52	#
317	12574	2	3	4	5	6	7	8	52	#
318	12574	3	4	5	6	7	8	9	52	#
319	12574	4	5	6	7	8	9	10	52	#
320	12574	5	6	7	8	9	10	11	52	#
321	12574	6	7	8	9	10	11	12	52	#
322	12574	7	8	9	10	11	12	13	52	#
323	12574	8	9	10	11	12	13	14	52	#
324	12574	9	10	11	12	13	14	15	52	#
325	12574	10	11	12	13	14	15	16	52	#
326	12574	11	12	13	14	15	16	17	52	#
327	12574	12	13	14	15	16	17	18	52	#
328	12574	13	14	15	16	17	18	19	52	#
329	12574	14	15	16	17	18	19	20	52	#
330	12574	15	16	17	18	19	20	21	52	#
331	12574	16	17	18	19	20	21	22	52	#
332	12574	17	18	19	20	21	22	23	52	#
333	12574	18	19	20	21	22	23	24	52	#
334	12574	19	20	21	22	23	24	25	52	#
335	12574	20	21	22	23	24	25	26	52	#
336	12574	21	22	23	24	25	26	27	52	#
337	12574	22	23	24	25	26	27	28	52	#
338	12574	23	24	25	26	27	28	29	52	#
339	12574	24	25	26	27	28	29	30	52	#
340	12574	25	26	27	28	29	30	31	52	#
341	12574	26	27	28	29	30	31	32	52	#
342	12574	27	28	29	30	31	32	33	52	#
343	12574	28	29	30	31	32	33	34	52	#
344	12574	29	30	31	32	33	34	35	52	#
345	12574	30	31	32	33	34	35	36	52	#
346	6906	0	1	2	3	53	#
347	6906	1	2	3	4	53	#
348	6906	2	3	4	5	53	#
349	6906	3	4	5	6	53	#
350	6906	4	5	6	7	53	#
351	6906	5	6	7	8	53	#
352	6906	6	7	8	9	53	#
353	6906	7	8	9	10	53	#
354	6906	8	9	10	11	53	#
355	6906	9	10	11	12	53	#
356	6906	10	11	12	13	53	#
357	6906	11	12	13	14	53	#
358	6906	12	13	14	15	53	#
359	6906	13	14	15	16	53	#
360	6906	14	15	16	17	53	#
361	6906	15	16	17	18	53	#
362	6906	16	17	18	19	53	#
363	6906	17	18	19	20	53	#
364	6906	18	19	20	21	53	#
365	6906	19	20	21	22	53	#
366	6906	20	21	22	23	53	#
367	6906	21	22	23	24	53	#
368	6906	22	23	24	25	53	#
369	6906	23	24	25	26	53	#
370	6906	24	25	26	27	53	#
371	6906	25	26	27	28	53	#
372	6906	26	27	28	29	53	#
373	6906	27	28	29	30	53	#
374	6906	28	29	30	31	53	#
375	6906	29	30	31	32	53	#
376	6906	30	31	32	33	53	#
377	6906	31	32	33	34	53	#
378	6906	32	33	34	35	53	#
379	6906	33	34	35	36	53	#
380	6906	34	35	36	37	53	#
381	6552	35	36	37	38	53	#
382	6552	36	37	38	39	53	#
383	8413	0	1	2	3	4	54	#
384	8413	1	2	3	4	5	54	#
385	8413	2	3	4	5	6	54	#
386	8413	3	4	5	6	7	54	#
387	8413	4	5	6	7	8	54	#
388	8413	5	6	7	8	9	54	#
389	8413	6	7	8	9	10	54	#
390	8413	7	8	9	10	11	54	#
391	8413	8	9	10	11	12	54	#
392	8413	9	10	11	12	13	54	#
393	8413	10	11	12	13	14	54	#
394	8413	11	12	13	14	15	54	#
395	8413	12	13	14	15	16	54	#
396	8413	13	14	15	16	17	54	#
397	8413	14	15	16	17	18	54	#
398	8413	15	16	17	18	19	54	#
399	8413	16	17	18	19	20	54	#
400	8413	17	18	19	20	21	54	#
401	8413	18	19	20	21	22	54	#
402	8413	19	20	21	22	23	54	#
403	8413	20	21	22	23	24	54	#
404	8413	21	22	23	24	25	54	#
405	5601	0	1	2	3	4	55	#
406	5601	1	2	3	4	5	55	#
407	5601	2	3	4	5	6	55	#
408	5601	3	4	5	6	7	55	#
409	5601	4	5	6	7	8	55	#
410	5601	5	6	7	8	9	55	#
411	5601	6	7	8	9	10	55	#
412	5601	7	8	9	10	11	55	#
413	5601	8	9	10	11	12	55	#
414	5601	9	10	11	12	13	55	#
415	5601	10	11	12	13	14	55	#
416	5601	11	12	13	14	15	55	#
417	5601	12	13	14	15	16	55	#
418	5601	13	14	15	16	17	55	#
419	5601	14	15	16	17	18	55	#
420	5601	15	16	17	18	19	55	#
421	5601	16	17	18	19	20	55	#
422	5601	17	18	19	20	21	55	#
423	5601	18	19	20	21	22	55	#
424	5601	19	20	21	22	23	55	#
425	5601	20	21	22	23	24	55	#
426	5601	21	22	23	24	25	55	#
427	3785	22	23	24	25	26	55	#
428	3785	23	24	25	26	27	55	#
429	3785	24	25	26	27	28	55	#
430	3785	25	26	27	28	29	55	#
431	3785	26	27	28	29	30	55	#
432	3785	27	28	29	30	31	55	#
433	3785	28	29	30	31	32	55	#
434	3785	29	30	31	32	33	55	#
435	3785	30	31	32	33	34	55	#
436	3785	31	32	33	34	35	55	#
437	3785	32	33	34	35	36	55	#
438	3785	33	34	35	36	37	55	#
439	17521	0	1	2	3	4	5	6	7	8	56	#
440	17521	1	2	3	4	5	6	7	8	9	56	#
441	17521	2	3	4	5	6	7	8	9	10	56	#
442	17521	3	4	5	6	7	8	9	10	11	56	#
443	17521	4	5	6	7	8	9	10	11	12	56	#
444	17521	5	6	7	8	9	10	11	12	13	56	#
445	17521	6	7	8	9	10	11	12	13	14	56	#
446	17521	7	8	9	10	11	12	13	14	15	56	#
447	8760	8	9	10	11	12	13	14	15	16	56	#
448	8760	9	10	11	12	13	14	15	16	17	56	#
449	8760	10	11	12	13	14	15	16	17	18	56	#
450	8760	11	12	13	14	15	16	17	18	19	56	#
451	8760	12	13	14	15	16	17	18	19	20	56	#
452	8760	13	14	15	16	17	18	19	20	21	56	#
453	8760	14	15	16	17	18	19	20	21	22	56	#
454	8760	15	16	17	18	19	20	21	22	23	56	#
455	8760	16	17	18	19	20	21	22	23	24	56	#
456	8760	17	18	19	20	21	22	23	24	25	56	#
457	8760	18	19	20	21	22	23	24	25	26	56	#
458	8760	19	20	21	22	23	24	25	26	27	56	#
459	8760	20	21	22	23	24	25	26	27	28	56	#
460	8760	21	22	23	24	25	26	27	28	29	56	#
461	8760	22	23	24	25	26	27	28	29	30	56	#
462	8478	23	24	25	26	27	28	29	30	31	56	#
463	7964	24	25	26	27	28	29	30	31	32	56	#
464	7964	25	26	27	28	29	30	31	32	33	56	#
465	6916	26	27	28	29	30	31	32	33	34	56	#
466	6916	27	28	29	30	31	32	33	34	35	56	#
467	6916	28	29	30	31	32	33	34	35	36	56	#
468	6916	29	30	31	32	33	34	35	36	37	56	#
469	6916	30	31	32	33	34	35	36	37	38	56	#
470	5502	0	1	2	57	#
471	5502	1	2	3	57	#
472	5502	2	3	4	57	#
473	5502	3	4	5	57	#
474	5502	4	5	6	57	#
475	5502	5	6	7	57	#
476	15141	0	1	2	3	4	5	6	7	58	#
477	7571	1	2	3	4	5	6	7	8	58	#
478	7571	2	3	4	5	6	7	8	9	58	#
479	7571	3	4	5	6	7	8	9	10	58	#
480	7571	4	5	6	7	8	9	10	11	58	#
481	7571	5	6	7	8	9	10	11	12	58	#
482	7571	6	7	8	9	10	11	12	13	58	#
483	7571	7	8	9	10	11	12	13	14	58	#
484	3419	8	9	10	11	12	13	14	15	58	#
485	3419	9	10	11	12	13	14	15	16	58	#
486	3419	10	11	12	13	14	15	16	17	58	#
487	3419	11	12	13	14	15	16	17	18	58	#
488	3419	12	13	14	15	16	17	18	19	58	#
489	3419	13	14	15	16	17	18	19	20	58	#
490	3419	14	15	16	17	18	19	20	21	58	#
491	3419	15	16	17	18	19	20	21	22	58	#
492	3419	16	17	18	19	20	21	22	23	58	#
493	3419	17	18	19	20	21	22	23	24	58	#
494	3419	18	19	20	21	22	23	24	25	58	#
495	3419	19	20	21	22	23	24	25	26	58	#
496	3419	20	21	22	23	24	25	26	27	58	#
497	3419	21	22	23	24	25	26	27	28	58	#
498	3419	22	23	24	25	26	27	28	29	58	#
499	3419	23	24	25	26	27	28	29	30	58	#
500	3419	24	25	26	27	28	29	30	31	58	#
501	2718	25	26	27	28	29	30	31	32	58	#
502	2718	26	27	28	29	30	31	32	33	58	#
503	2718	27	28	29	30	31	32	33	34	58	#
504	2718	28	29	30	31	32	33	34	35	58	#
505	2718	29	30	31	32	33	34	35	36	58	#
506	2718	30	31	32	33	34	35	36	37	58	#
507	2718	31	32	33	34	35	36	37	38	58	#
508	2718	32	33	34	35	36	37	38	39	58	#
509	6124	0	1	2	3	59	#
510	6124	1	2	3	4	59	#
511	6124	2	3	4	5	59	#
512	6124	3	4	5	6	59	#
513	6124	4	5	6	7	59	#
514	6124	5	6	7	8	59	#
515	6124	6	7	8	9	59	#
516	6124	7	8	9	10	59	#
517	6124	8	9	10	11	59	#
518	6124	9	10	11	12	59	#
519	6124	10	11	12	13	59	#
520	6124	11	12	13	14	59	#
521	6124	12	13	14	15	59	#
522	6124	13	14	15	16	59	#
523	6124	14	15	16	17	59	#
524	6124	15	16	17	18	59	#
525	6124	16	17	18	19	59	#
526	6124	17	18	19	20	59	#
527	6124	18	19	20	21	59	#
528	4763	19	20	21	22	59	#
529	4763	20	21	22	23	59	#
530	4763	21	22	23	24	59	#
531	4763	22	23	24	25	59	#
532	4763	23	24	25	26	59	#
533	4763	24	25	26	27	59	#
534	3572	25	26	27	28	59	#
535	3572	26	27	28	29	59	#
536	3572	27	28	29	30	59	#
537	3572	28	29	30	31	59	#
538	3572	29	30	31	32	59	#
539	3572	30	31	32	33	59	#
540	3572	31	32	33	34	59	#
541	3572	32	33	34	35	59	#
542	3572	33	34	35	36	59	#
543	3476	34	35	36	37	59	#
544	3384	35	36	37	38	59	#
545	3297	36	37	38	39	59	#
546	12445	0	1	2	3	4	5	60	#
547	12445	1	2	3	4	5	6	60	#
548	12445	2	3	4	5	6	7	60	#
549	12445	3	4	5	6	7	8	60	#
550	12445	4	5	6	7	8	9	60	#
551	12445	5	6	7	8	9	10	60	#
552	12445	6	7	8	9	10	11	60	#
553	12445	7	8	9	10	11	12	60	#
554	12445	8	9	10	11	12	13	60	#
555	12445	9	10	11	12	13	14	60	#
556	12445	10	11	12	13	14	15	60	#
557	12445	11	12	13	14	15	16	60	#
558	12445	12	13	14	15	16	17	60	#
559	12445	13	14	15	16	17	18	60	#
560	12445	14	15	16	17	18	19	60	#
561	12445	15	16	17	18	19	20	60	#
562	12445	16	17	18	19	20	21	60	#
563	12445	17	18	19	20	21	22	60	#
564	12445	18	19	20	21	22	23	60	#
565	12445	19	20	21	22	23	24	60	#
566	12445	20	21	22	23	24	25	60	#
567	12445	21	22	23	24	25	26	60	#
568	12445	22	23	24	25	26	27	60	#
569	8404	0	1	2	3	4	5	6	7	61	#
570	8404	1	2	3	4	5	6	7	8	61	#
571	8404	2	3	4	5	6	7	8	9	61	#
572	8404	3	4	5	6	7	8	9	10	61	#
573	8404	4	5	6	7	8	9	10	11	61	#
574	8404	5	6	7	8	9	10	11	12	61	#
575	8404	6	7	8	9	10	11	12	13	61	#
576	8404	7	8	9	10	11	12	13	14	61	#
577	8404	8	9	10	11	12	13	14	15	61	#
578	8404	9	10	11	12	13	14	15	16	61	#
579	8404	10	11	12	13	14	15	16	17	61	#
580	8404	11	12	13	14	15	16	17	18	61	#
581	8404	12	13	14	15	16	17	18	19	61	#
582	8404	13	14	15	16	17	18	19	20	61	#
583	8404	14	15	16	17	18	19	20	21	61	#
584	8404	15	16	17	18	19	20	21	22	61	#
585	8404	16	17	18	19	20	21	22	23	61	#
586	722	0	62	#
587	722	1	62	#
588	722	2	62	#
589	722	3	62	#
590	722	4	62	#
591	722	5	62	#
592	722	6	62	#
593	722	7	62	#
594	722	8	62	#
595	722	9	62	#
596	722	10	62	#
597	722	11	62	#
598	722	12	62	#
599	722	13	62	#
600	722	14	62	#
601	722	15	62	#
602	722	16	62	#
603	1189	0	63	#
604	1189	1	63	#
605	1189	2	63	#
606	1189	3	63	#
607	1189	4	63	#
608	1189	5	63	#
609	1189	6	63	#
610	1189	7	63	#
611	1189	8	63	#
612	1189	9	63	#
613	1189	10	63	#
614	1189	11	63	#
615	1189	12	63	#
616	1189	13	63	#
617	1189	14	63	#
618	1189	15	63	#
619	810	16	63	#
620	810	17	63	#
621	810	18	63	#
622	810	19	63	#
623	810	20	63	#
624	810	21	63	#
625	810	22	63	#
626	713	23	63	#
627	713	24	63	#
628	713	25	63	#
629	686	26	63	#
630	540	27	63	#
631	540	28	63	#
632	540	29	63	#
633	540	30	63	#
634	540	31	63	#
635	540	32	63	#
636	540	33	63	#
637	469	34	63	#
638	469	35	63	#
639	469	36	63	#
640	469	37	63	#
641	469	38	63	#
642	10682	0	1	2	3	4	5	6	7	8	64	#
643	10682	1	2	3	4	5	6	7	8	9	64	#
644	10682	2	3	4	5	6	7	8	9	10	64	#
645	10682	3	4	5	6	7	8	9	10	11	64	#
646	10682	4	5	6	7	8	9	10	11	12	64	#
647	10682	5	6	7	8	9	10	11	12	13	64	#
648	10682	6	7	8	9	10	11	12	13	14	64	#
649	10682	7	8	9	10	11	12	13	14	15	64	#
650	10682	8	9	10	11	12	13	14	15	16	64	#
651	10682	9	10	11	12	13	14	15	16	17	64	#
652	6076	0	1	2	3	4	5	6	7	65	#
653	6076	1	2	3	4	5	6	7	8	65	#
654	2558	2	3	4	5	6	7	8	9	65	#
655	2558	3	4	5	6	7	8	9	10	65	#
656	2558	4	5	6	7	8	9	10	11	65	#
657	2558	5	6	7	8	9	10	11	12	65	#
658	2558	6	7	8	9	10	11	12	13	65	#
659	2558	7	8	9	10	11	12	13	14	65	#
660	2558	8	9	10	11	12	13	14	15	65	#
661	2558	9	10	11	12	13	14	15	16	65	#
662	2558	10	11	12	13	14	15	16	17	65	#
663	2558	11	12	13	14	15	16	17	18	65	#
664	2558	12	13	14	15	16	17	18	19	65	#
665	1314	13	14	15	16	17	18	19	20	65	#
666	1314	14	15	16	17	18	19	20	21	65	#
667	1314	15	16	17	18	19	20	21	22	65	#
668	1314	16	17	18	19	20	21	22	23	65	#
669	1314	17	18	19	20	21	22	23	24	65	#
670	1314	18	19	20	21	22	23	24	25	65	#
671	1314	19	20	21	22	23	24	25	26	65	#
672	1314	20	21	22	23	24	25	26	27	65	#
673	1314	21	22	23	24	25	26	27	28	65	#
674	1314	22	23	24	25	26	27	28	29	65	#
675	1314	23	24	25	26	27	28	29	30	65	#
676	1314	24	25	26	27	28	29	30	31	65	#
677	1314	25	26	27	28	29	30	31	32	65	#
678	1314	26	27	28	29	30	31	32	33	65	#
679	1314	27	28	29	30	31	32	33	34	65	#
680	1314	28	29	30	31	32	33	34	35	65	#
681	1314	29	30	31	32	33	34	35	36	65	#
682	1314	30	31	32	33	34	35	36	37	65	#
683	2493	0	1	2	66	#
684	2493	1	2	3	66	#
685	2493	2	3	4	66	#
686	2493	3	4	5	66	#
687	2493	4	5	6	66	#
688	2493	5	6	7	66	#
689	2493	6	7	8	66	#
690	2493	7	8	9	66	#
691	2493	8	9	10	66	#
692	2493	9	10	11	66	#
693	2493	10	11	12	66	#
694	2493	11	12	13	66	#
695	2493	12	13	14	66	#
696	1939	13	14	15	66	#
697	1939	14	15	16	66	#
698	1939	15	16	17	66	#
699	1939	16	17	18	66	#
700	1026	17	18	19	66	#
701	1026	18	19	20	66	#
702	1026	19	20	21	66	#
703	1026	20	21	22	66	#
704	1026	21	22	23	66	#
705	1026	22	23	24	66	#
706	1026	23	24	25	66	#
707	1026	24	25	26	66	#
708	1026	25	26	27	66	#
709	1026	26	27	28	66	#
710	1026	27	28	29	66	#
711	1026	28	29	30	66	#
712	1026	29	30	31	66	#
713	1026	30	31	32	66	#
714	1026	31	32	33	66	#
715	1026	32	33	34	66	#
716	16732	0	1	2	3	4	5	6	7	8	67	#
717	16732	1	2	3	4	5	6	7	8	9	67	#
718	16732	2	3	4	5	6	7	8	9	10	67	#
719	7275	3	4	5	6	7	8	9	10	11	67	#
720	7275	4	5	6	7	8	9	10	11	12	67	#
721	7275	5	6	7	8	9	10	11	12	13	67	#
722	7275	6	7	8	9	10	11	12	13	14	67	#
723	7275	7	8	9	10	11	12	13	14	15	67	#
724	7275	8	9	10	11	12	13	14	15	16	67	#
725	7275	9	10	11	12	13	14	15	16	17	67	#
726	7275	10	11	12	13	14	15	16	17	18	67	#
727	7275	11	12	13	14	15	16	17	18	19	67	#
728	7275	12	13	14	15	16	17	18	19	20	67	#
729	7275	13	14	15	16	17	18	19	20	21	67	#
730	7275	14	15	16	17	18	19	20	21	22	67	#
731	7275	15	16	17	18	19	20	21	22	23	67	#
732	18272	0	1	2	3	4	5	6	7	8	9	68	#
733	18272	1	2	3	4	5	6	7	8	9	10	68	#
734	18272	2	3	4	5	6	7	8	9	10	11	68	#
735	18272	3	4	5	6	7	8	9	10	11	12	68	#
736	18272	4	5	6	7	8	9	10	11	12	13	68	#
737	18272	5	6	7	8	9	10	11	12	13	14	68	#
738	18272	6	7	8	9	10	11	12	13	14	15	68	#
739	18272	7	8	9	10	11	12	13	14	15	16	68	#
740	18272	8	9	10	11	12	13	14	15	16	17	68	#
741	10354	9	10	11	12	13	14	15	16	17	18	68	#
742	10354	10	11	12	13	14	15	16	17	18	19	68	#
743	10354	11	12	13	14	15	16	17	18	19	20	68	#
744	10354	12	13	14	15	16	17	18	19	20	21	68	#
745	10354	13	14	15	16	17	18	19	20	21	22	68	#
746	10354	14	15	16	17	18	19	20	21	22	23	68	#
747	10354	15	16	17	18	19	20	21	22	23	24	68	#
748	10354	16	17	18	19	20	21	22	23	24	25	68	#
749	10354	17	18	19	20	21	22	23	24	25	26	68	#
750	10354	18	19	20	21	22	23	24	25	26	27	68	#
751	10354	19	20	21	22	23	24	25	26	27	28	68	#
752	10354	20	21	22	23	24	25	26	27	28	29	68	#
753	10354	21	22	23	24	25	26	27	28	29	30	68	#
754	10020	22	23	24	25	26	27	28	29	30	31	68	#
755	9413	23	24	25	26	27	28	29	30	31	32	68	#
756	9413	24	25	26	27	28	29	30	31	32	33	68	#
757	8175	25	26	27	28	29	30	31	32	33	34	68	#
758	8175	26	27	28	29	30	31	32	33	34	35	68	#
759	8175	27	28	29	30	31	32	33	34	35	36	68	#
760	8175	28	29	30	31	32	33	34	35	36	37	68	#
761	8175	29	30	31	32	33	34	35	36	37	38	68	#
762	7965	30	31	32	33	34	35	36	37	38	39	68	#
763	5263	0	1	2	69	#
764	277	1	2	3	69	#
765	277	2	3	4	69	#
766	277	3	4	5	69	#
767	277	4	5	6	69	#
768	277	5	6	7	69	#
769	277	6	7	8	69	#
770	277	7	8	9	69	#
771	277	8	9	10	69	#
772	277	9	10	11	69	#
773	277	10	11	12	69	#
774	277	11	12	13	69	#
775	277	12	13	14	69	#
776	277	13	14	15	69	#
777	277	14	15	16	69	#
778	277	15	16	17	69	#
779	277	16	17	18	69	#
780	277	17	18	19	69	#
781	277	18	19	20	69	#
782	277	19	20	21	69	#
783	277	20	21	22	69	#
784	277	21	22	23	69	#
785	277	22	23	24	69	#
786	277	23	24	25	69	#
787	277	24	25	26	69	#
788	277	25	26	27	69	#
789	277	26	27	28	69	#
790	277	27	28	29	69	#
791	277	28	29	30	69	#
792	277	29	30	31	69	#
793	277	30	31	32	69	#
794	277	31	32	33	69	#
795	277	32	33	34	69	#
796	277	33	34	35	69	#
797	277	34	35	36	69	#
798	277	35	36	37	69	#
799	277	36	37	38	69	#
800	270	37	38	39	69	#
801	806	0	70	#
802	806	1	70	#
803	806	2	70	#
804	806	3	70	#
805	806	4	70	#
806	806	5	70	#
807	806	6	70	#
808	806	7	70	#
809	806	8	70	#
810	806	9	70	#
811	806	10	70	#
812	806	11	70	#
813	806	12	70	#
814	806	13	70	#
815	806	14	70	#
816	305	15	70	#
817	305	16	70	#
818	305	17	70	#
819	305	18	70	#
820	305	19	70	#
821	305	20	70	#
822	305	21	70	#
823	305	22	70	#
824	305	23	70	#
825	305	24	70	#
826	305	25	70	#
827	305	26	70	#
828	305	27	70	#
829	305	28	70	#
830	305	29	70	#
831	305	30	70	#
832	305	31	70	#
833	305	32	70	#
834	305	33	70	#
835	305	34	70	#
836	305	35	70	#
837	305	36	70	#
838	305	37	70	#
839	9003	0	1	2	3	4	5	71	#
840	9003	1	2	3	4	5	6	71	#
841	9003	2	3	4	5	6	7	71	#
842	9003	3	4	5	6	7	8	71	#
843	9003	4	5	6	7	8	9	71	#
844	9003	5	6	7	8	9	10	71	#
845	9003	6	7	8	9	10	11	71	#
846	9003	7	8	9	10	11	12	71	#
847	9003	8	9	10	11	12	13	71	#
848	9003	9	10	11	12	13	14	71	#
849	9003	10	11	12	13	14	15	71	#
850	9003	11	12	13	14	15	16	71	#
851	9003	12	13	14	15	16	17	71	#
852	9003	13	14	15	16	17	18	71	#
853	9003	14	15	16	17	18	19	71	#
854	9003	15	16	17	18	19	20	71	#
855	9003	16	17	18	19	20	21	71	#
856	9003	17	18	19	20	21	22	71	#
857	9003	18	19	20	21	22	23	71	#
858	9003	19	20	21	22	23	24	71	#
859	9003	20	21	22	23	24	25	71	#
860	9003	21	22	23	24	25	26	71	#
861	9003	22	23	24	25	26	27	71	#
862	9003	23	24	25	26	27	28	71	#
863	9003	24	25	26	27	28	29	71	#
864	9003	25	26	27	28	29	30	71	#
865	9003	26	27	28	29	30	31	71	#
866	9003	27	28	29	30	31	32	71	#
867	9003	28	29	30	31	32	33	71	#
868	9003	29	30	31	32	33	34	71	#
869	9003	30	31	32	33	34	35	71	#
870	9003	31	32	33	34	35	36	71	#
871	8311	32	33	34	35	36	37	71	#
872	8311	33	34	35	36	37	38	71	#
873	8311	34	35	36	37	38	39	71	#
874	1265	0	1	72	#
875	1265	1	2	72	#
876	90	2	3	72	#
877	90	3	4	72	#
878	90	4	5	72	#
879	90	5	6	72	#
880	90	6	7	72	#
881	90	7	8	72	#
882	90	8	9	72	#
883	90	9	10	72	#
884	90	10	11	72	#
885	90	11	12	72	#
886	90	12	13	72	#
887	90	13	14	72	#
888	90	14	15	72	#
889	90	15	16	72	#
890	90	16	17	72	#
891	90	17	18	72	#
892	90	18	19	72	#
893	90	19	20	72	#
894	90	20	21	72	#
895	90	21	22	72	#
896	90	22	23	72	#
897	90	23	24	72	#
898	90	24	25	72	#
899	90	25	26	72	#
900	90	26	27	72	#
901	90	27	28	72	#
902	67	28	29	72	#
903	67	29	30	72	#
904	67	30	31	72	#
905	67	31	32	72	#
906	67	32	33	72	#
907	67	33	34	72	#
908	67	34	35	72	#
909	67	35	36	72	#
910	67	36	37	72	#
911	67	37	38	72	#
912	16296	0	1	2	3	4	5	6	7	73	#
913	16296	1	2	3	4	5	6	7	8	73	#
914	16296	2	3	4	5	6	7	8	9	73	#
915	16296	3	4	5	6	7	8	9	10	73	#
916	16296	4	5	6	7	8	9	10	11	73	#
917	16296	5	6	7	8	9	10	11	12	73	#
918	16296	6	7	8	9	10	11	12	13	73	#
919	16296	7	8	9	10	11	12	13	14	73	#
920	16296	8	9	10	11	12	13	14	15	73	#
921	16296	9	10	11	12	13	14	15	16	73	#
922	16296	10	11	12	13	14	15	16	17	73	#
923	16296	11	12	13	14	15	16	17	18	73	#
924	16296	12	13	14	15	16	17	18	19	73	#
925	9107	13	14	15	16	17	18	19	20	73	#
926	9107	14	15	16	17	18	19	20	21	73	#
927	9107	15	16	17	18	19	20	21	22	73	#
928	9107	16	17	18	19	20	21	22	23	73	#
929	9107	17	18	19	20	21	22	23	24	73	#
930	9107	18	19	20	21	22	23	24	25	73	#
931	9107	19	20	21	22	23	24	25	26	73	#
932	9107	20	21	22	23	24	25	26	27	73	#
933	9107	21	22	23	24	25	26	27	28	73	#
934	9107	22	23	24	25	26	27	28	29	73	#
935	9107	23	24	25	26	27	28	29	30	73	#
936	9107	24	25	26	27	28	29	30	31	73	#
937	9107	25	26	27	28	29	30	31	32	73	#
938	9107	26	27	28	29	30	31	32	33	73	#
939	9107	27	28	29	30	31	32	33	34	73	#
940	8601	28	29	30	31	32	33	34	35	73	#
941	8601	29	30	31	32	33	34	35	36	73	#
942	7939	30	31	32	33	34	35	36	37	73	#
943	7939	31	32	33	34	35	36	37	38	73	#
944	7939	32	33	34	35	36	37	38	39	73	#
945	1260	0	74	#
946	1260	1	74	#
947	1260	2	74	#
948	1260	3	74	#
949	1260	4	74	#
950	1260	5	74	#
951	1260	6	74	#
952	1260	7	74	#
953	1260	8	74	#
954	1260	9	74	#
955	1260	10	74	#
956	1260	11	74	#
957	1260	12	74	#
958	1260	13	74	#
959	1260	14	74	#
960	1260	15	74	#
961	1260	16	74	#
962	1260	17	74	#
963	1260	18	74	#
964	1260	19	74	#
965	1260	20	74	#
966	1260	21	74	#
967	1260	22	74	#
968	1260	23	74	#
969	1260	24	74	#
970	1260	25	74	#
971	1260	26	74	#
972	1260	27	74	#
973	13779	0	1	2	3	4	5	6	7	8	9	75	#
974	13779	1	2	3	4	5	6	7	8	9	10	75	#
975	13779	2	3	4	5	6	7	8	9	10	11	75	#
976	13779	3	4	5	6	7	8	9	10	11	12	75	#
977	13779	4	5	6	7	8	9	10	11	12	13	75	#
978	13779	5	6	7	8	9	10	11	12	13	14	75	#
979	13779	6	7	8	9	10	11	12	13	14	15	75	#
980	13779	7	8	9	10	11	12	13	14	15	16	75	#
981	13779	8	9	10	11	12	13	14	15	16	17	75	#
982	13779	9	10	11	12	13	14	15	16	17	18	75	#
983	13779	10	11	12	13	14	15	16	17	18	19	75	#
984	13779	11	12	13	14	15	16	17	18	19	20	75	#
985	11982	12	13	14	15	16	17	18	19	20	21	75	#
986	11982	13	14	15	16	17	18	19	20	21	22	75	#
987	11982	14	15	16	17	18	19	20	21	22	23	75	#
988	7510	0	1	2	3	4	5	76	#
989	7510	1	2	3	4	5	6	76	#
990	3323	0	1	77	#
991	3323	1	2	77	#
992	3323	2	3	77	#
993	3323	3	4	77	#
994	3323	4	5	77	#
995	3323	5	6	77	#
996	3323	6	7	77	#
997	3323	7	8	77	#
998	3323	8	9	77	#
999	3323	9	10	77	#
1000	3323	10	11	77	#
1001	3323	11	12	77	#
1002	3323	12	13	77	#
1003	3323	13	14	77	#
1004	8340	0	1	2	3	4	5	6	78	#
1005	8340	1	2	3	4	5	6	7	78	#
1006	8340	2	3	4	5	6	7	8	78	#
1007	8340	3	4	5	6	7	8	9	78	#
1008	8340	4	5	6	7	8	9	10	78	#
1009	8340	5	6	7	8	9	10	11	78	#
1010	8340	6	7	8	9	10	11	12	78	#
1011	8340	7	8	9	10	11	12	13	78	#
1012	8340	8	9	10	11	12	13	14	78	#
1013	8340	9	10	11	12	13	14	15	78	#
1014	8340	10	11	12	13	14	15	16	78	#
1015	8340	11	12	13	14	15	16	17	78	#
1016	8340	12	13	14	15	16	17	18	78	#
1017	8340	13	14	15	16	17	18	19	78	#
1018	8340	14	15	16	17	18	19	20	78	#
1019	8340	15	16	17	18	19	20	21	78	#
1020	8340	16	17	18	19	20	21	22	78	#
1021	5242	17	18	19	20	21	22	23	78	#
1022	5242	18	19	20	21	22	23	24	78	#
1023	5242	19	20	21	22	23	24	25	78	#
1024	5242	20	21	22	23	24	25	26	78	#
1025	5242	21	22	23	24	25	26	27	78	#
1026	5242	22	23	24	25	26	27	28	78	#
1027	5242	23	24	25	26	27	28	29	78	#
1028	5242	24	25	26	27	28	29	30	78	#
1029	5242	25	26	27	28	29	30	31	78	#
1030	5242	26	27	28	29	30	31	32	78	#
1031	5242	27	28	29	30	31	32	33	78	#
1032	5242	28	29	30	31	32	33	34	78	#
1033	5242	29	30	31	32	33	34	35	78	#
1034	4829	30	31	32	33	34	35	36	78	#
1035	4829	31	32	33	34	35	36	37	78	#
1036	4829	32	33	34	35	36	37	38	78	#
1037	4705	33	34	35	36	37	38	39	78	#
1038	10176	0	1	2	3	4	79	#
1039	10176	1	2	3	4	5	79	#
1040	10176	2	3	4	5	6	79	#
1041	10176	3	4	5	6	7	79	#
1042	10176	4	5	6	7	8	79	#
1043	10176	5	6	7	8	9	79	#
1044	3158	6	7	8	9	10	79	#
1045	3158	7	8	9	10	11	79	#
1046	3158	8	9	10	11	12	79	#
1047	3158	9	10	11	12	13	79	#
1048	3158	10	11	12	13	14	79	#
1049	3158	11	12	13	14	15	79	#
1050	3158	12	13	14	15	16	79	#
1051	3158	13	14	15	16	17	79	#
1052	3158	14	15	16	17	18	79	#
1053	3158	15	16	17	18	19	79	#
1054	3158	16	17	18	19	20	79	#
1055	3158	17	18	19	20	21	79	#
1056	3158	18	19	20	21	22	79	#
1057	3158	19	20	21	22	23	79	#
1058	3158	20	21	22	23	24	79	#
1059	3158	21	22	23	24	25	79	#
1060	3158	22	23	24	25	26	79	#
1061	3158	23	24	25	26	27	79	#
1062	3158	24	25	26	27	28	79	#
1063	3158	25	26	27	28	29	79	#
1064	2475	26	27	28	29	30	79	#
1065	2475	27	28	29	30	31	79	#
1066	2475	28	29	30	31	32	79	#
1067	2475	29	30	31	32	33	79	#
1068	2475	30	31	32	33	34	79	#
1069	2475	31	32	33	34	35	79	#
1070	2475	32	33	34	35	36	79	#
1071	2475	33	34	35	36	37	79	#
1072	2348	34	35	36	37	38	79	#
1073	2348	35	36	37	38	39	79	#
1074	12382	0	1	2	3	4	5	80	#
1075	12382	1	2	3	4	5	6	80	#
1076	12382	2	3	4	5	6	7	80	#
1077	12382	3	4	5	6	7	8	80	#
1078	12382	4	5	6	7	8	9	80	#
1079	12382	5	6	7	8	9	10	80	#
1080	12382	6	7	8	9	10	11	80	#
1081	12382	7	8	9	10	11	12	80	#
1082	12382	8	9	10	11	12	13	80	#
1083	12382	9	10	11	12	13	14	80	#
1084	12382	10	11	12	13	14	15	80	#
1085	12382	11	12	13	14	15	16	80	#
1086	12382	12	13	14	15	16	17	80	#
1087	12382	13	14	15	16	17	18	80	#
1088	12382	14	15	16	17	18	19	80	#
1089	12382	15	16	17	18	19	20	80	#
1090	12382	16	17	18	19	20	21	80	#
1091	12382	17	18	19	20	21	22	80	#
1092	8012	18	19	20	21	22	23	80	#
1093	8012	19	20	21	22	23	24	80	#
1094	8012	20	21	22	23	24	25	80	#
1095	8012	21	22	23	24	25	26	80	#
1096	8012	22	23	24	25	26	27	80	#
1097	8012	23	24	25	26	27	28	80	#
1098	8012	24	25	26	27	28	29	80	#
1099	8012	25	26	27	28	29	30	80	#
1100	8012	26	27	28	29	30	31	80	#
1101	8012	27	28	29	30	31	32	80	#
1102	8012	28	29	30	31	32	33	80	#
1103	8012	29	30	31	32	33	34	80	#
1104	7783	30	31	32	33	34	35	80	#
1105	6985	31	32	33	34	35	36	80	#
1106	6985	32	33	34	35	36	37	80	#
1107	6985	33	34	35	36	37	38	80	#
1108	6985	34	35	36	37	38	39	80	#
1109	16479	0	1	2	3	4	5	6	7	81	#
1110	16479	1	2	3	4	5	6	7	8	81	#
1111	16479	2	3	4	5	6	7	8	9	81	#
1112	16479	3	4	5	6	7	8	9	10	81	#
1113	16479	4	5	6	7	8	9	10	11	81	#
1114	16479	5	6	7	8	9	10	11	12	81	#
1115	16479	6	7	8	9	10	11	12	13	81	#
1116	16479	7	8	9	10	11	12	13	14	81	#
1117	16479	8	9	10	11	12	13	14	15	81	#
1118	16479	9	10	11	12	13	14	15	16	81	#
1119	16479	10	11	12	13	14	15	16	17	81	#
1120	16479	11	12	13	14	15	16	17	18	81	#
1121	16479	12	13	14	15	16	17	18	19	81	#
1122	16479	13	14	15	16	17	18	19	20	81	#
1123	16479	14	15	16	17	18	19	20	21	81	#
1124	16479	15	16	17	18	19	20	21	22	81	#
1125	16479	16	17	18	19	20	21	22	23	81	#
1126	16479	17	18	19	20	21	22	23	24	81	#
1127	16479	18	19	20	21	22	23	24	25	81	#
1128	16479	19	20	21	22	23	24	25	26	81	#
1129	16479	20	21	22	23	24	25	26	27	81	#
1130	16479	21	22	23	24	25	26	27	28	81	#
1131	16479	22	23	24	25	26	27	28	29	81	#
1132	16479	23	24	25	26	27	28	29	30	81	#
1133	16479	24	25	26	27	28	29	30	31	81	#
1134	16479	25	26	27	28	29	30	31	32	81	#
1135	13877	26	27	28	29	30	31	32	33	81	#
1136	13877	27	28	29	30	31	32	33	34	81	#
1137	13877	28	29	30	31	32	33	34	35	81	#
1138	13877	29	30	31	32	33	34	35	36	81	#
1139	13877	30	31	32	33	34	35	36	37	81	#
1140	13877	31	32	33	34	35	36	37	38	81	#
1141	13521	32	33	34	35	36	37	38	39	81	#
1142	3617	0	1	2	82	#
1143	3617	1	2	3	82	#
1144	3617	2	3	4	82	#
1145	3617	3	4	5	82	#
1146	3617	4	5	6	82	#
1147	3617	5	6	7	82	#
1148	3617	6	7	8	82	#
1149	3617	7	8	9	82	#
1150	3617	8	9	10	82	#
1151	3617	9	10	11	82	#
1152	3617	10	11	12	82	#
1153	3617	11	12	13	82	#
1154	3617	12	13	14	82	#
1155	3617	13	14	15	82	#
1156	3617	14	15	16	82	#
1157	3617	15	16	17	82	#
1158	3617	16	17	18	82	#
1159	3617	17	18	19	82	#
1160	3617	18	19	20	82	#
1161	3617	19	20	21	82	#
1162	3617	20	21	22	82	#
1163	3617	21	22	23	82	#
1164	3617	22	23	24	82	#
1165	3617	23	24	25	82	#
1166	3617	24	25	26	82	#
1167	3617	25	26	27	82	#
1168	3617	26	27	28	82	#
1169	3617	27	28	29	82	#
1170	3617	28	29	30	82	#
1171	3617	29	30	31	82	#
1172	3617	30	31	32	82	#
1173	3617	31	32	33	82	#
1174	3617	32	33	34	82	#
1175	3617	33	34	35	82	#
1176	3617	34	35	36	82	#
1177	3617	35	36	37	82	#
1178	3617	36	37	38	82	#
1179	3617	37	38	39	82	#
1180	2850	0	1	83	#
1181	2850	1	2	83	#
1182	2850	2	3	83	#
1183	2850	3	4	83	#
1184	2850	4	5	83	#
1185	2850	5	6	83	#
1186	2850	6	7	83	#
1187	2850	7	8	83	#
1188	2850	8	9	83	#
1189	2850	9	10	83	#
1190	2850	10	11	83	#
1191	2850	11	12	83	#
1192	2850	12	13	83	#
1193	2850	13	14	83	#
1194	2850	14	15	83	#
1195	2850	15	16	83	#
1196	2850	16	17	83	#
1197	2850	17	18	83	#
1198	2850	18	19	83	#
1199	2850	19	20	83	#
1200	2850	20	21	83	#
1201	2721	21	22	83	#
1202	2138	22	23	83	#
1203	2138	23	24	83	#
1204	2138	24	25	83	#
1205	2138	25	26	83	#
1206	2138	26	27	83	#
1207	2138	27	28	83	#
1208	1390	0	84	#
1209	1390	1	84	#
1210	1390	2	84	#
1211	1390	3	84	#
1212	1390	4	84	#
1213	1390	5	84	#
1214	1390	6	84	#
1215	1390	7	84	#
1216	1390	8	84	#
1217	1390	9	84	#
1218	1390	10	84	#
1219	1390	11	84	#
1220	1390	12	84	#
1221	1390	13	84	#
1222	1390	14	84	#
1223	1390	15	84	#
1224	1390	16	84	#
1225	1390	17	84	#
1226	1390	18	84	#
1227	1390	19	84	#
1228	1390	20	84	#
1229	1390	21	84	#
1230	1390	22	84	#
1231	1390	23	84	#
1232	1390	24	84	#
1233	1390	25	84	#
1234	1390	26	84	#
1235	1390	27	84	#
1236	1390	28	84	#
1237	1390	29	84	#
1238	1390	30	84	#
1239	1390	31	84	#
1240	1390	32	84	#
1241	1390	33	84	#
1242	1390	34	84	#
1243	1390	35	84	#
1244	1390	36	84	#
1245	1390	37	84	#
1246	1319	38	84	#
1247	1319	39	84	#
1248	5082	0	1	2	85	#
1249	5082	1	2	3	85	#
1250	5082	2	3	4	85	#
1251	5082	3	4	5	85	#
1252	5082	4	5	6	85	#
1253	5082	5	6	7	85	#
1254	5082	6	7	8	85	#
1255	5082	7	8	9	85	#
1256	5082	8	9	10	85	#
1257	5082	9	10	11	85	#
1258	5082	10	11	12	85	#
1259	5082	11	12	13	85	#
1260	5082	12	13	14	85	#
1261	5082	13	14	15	85	#
1262	5082	14	15	16	85	#
1263	5082	15	16	17	85	#
1264	4114	16	17	18	85	#
1265	4114	17	18	19	85	#
1266	4114	18	19	20	85	#
1267	4114	19	20	21	85	#
1268	14187	0	1	2	3	4	5	6	7	8	86	#
1269	14187	1	2	3	4	5	6	7	8	9	86	#
1270	14187	2	3	4	5	6	7	8	9	10	86	#
1271	14187	3	4	5	6	7	8	9	10	11	86	#
1272	14187	4	5	6	7	8	9	10	11	12	86	#
1273	14187	5	6	7	8	9	10	11	12	13	86	#
1274	14187	6	7	8	9	10	11	12	13	14	86	#
1275	14187	7	8	9	10	11	12	13	14	15	86	#
1276	14187	8	9	10	11	12	13	14	15	16	86	#
1277	14187	9	10	11	12	13	14	15	16	17	86	#
1278	14187	10	11	12	13	14	15	16	17	18	86	#
1279	14187	11	12	13	14	15	16	17	18	19	86	#
1280	14187	12	13	14	15	16	17	18	19	20	86	#
1281	14187	13	14	15	16	17	18	19	20	21	86	#
1282	14187	14	15	16	17	18	19	20	21	22	86	#
1283	14187	15	16	17	18	19	20	21	22	23	86	#
1284	14187	16	17	18	19	20	21	22	23	24	86	#
1285	14187	17	18	19	20	21	22	23	24	25	86	#
1286	14187	18	19	20	21	22	23	24	25	26	86	#
1287	14187	19	20	21	22	23	24	25	26	27	86	#
1288	14187	20	21	22	23	24	25	26	27	28	86	#
1289	14187	21	22	23	24	25	26	27	28	29	86	#
1290	14187	22	23	24	25	26	27	28	29	30	86	#
1291	14187	23	24	25	26	27	28	29	30	31	86	#
1292	14187	24	25	26	27	28	29	30	31	32	86	#
1293	14187	25	26	27	28	29	30	31	32	33	86	#
1294	14187	26	27	28	29	30	31	32	33	34	86	#
1295	14187	27	28	29	30	31	32	33	34	35	86	#
1296	14187	28	29	30	31	32	33	34	35	36	86	#
1297	14187	29	30	31	32	33	34	35	36	37	86	#
1298	14187	30	31	32	33	34	35	36	37	38	86	#
1299	14187	31	32	33	34	35	36	37	38	39	86	#
1300	3880	0	1	2	87	#
1301	3880	1	2	3	87	#
1302	3880	2	3	4	87	#
1303	3880	3	4	5	87	#
1304	808	4	5	6	87	#
1305	808	5	6	7	87	#
1306	808	6	7	8	87	#
1307	808	7	8	9	87	#
1308	808	8	9	10	87	#
1309	808	9	10	11	87	#
1310	808	10	11	12	87	#
1311	808	11	12	13	87	#
1312	808	12	13	14	87	#
1313	808	13	14	15	87	#
1314	808	14	15	16	87	#
1315	808	15	16	17	87	#
1316	808	16	17	18	87	#
1317	808	17	18	19	87	#
1318	808	18	19	20	87	#
1319	808	19	20	21	87	#
1320	808	20	21	22	87	#
1321	808	21	22	23	87	#
1322	808	22	23	24	87	#
1323	776	23	24	25	87	#
1324	497	24	25	26	87	#
1325	497	25	26	27	87	#
1326	497	26	27	28	87	#
1327	497	27	28	29	87	#
1328	497	28	29	30	87	#
1329	497	29	30	31	87	#
1330	497	30	31	32	87	#
1331	497	31	32	33	87	#
1332	497	32	33	34	87	#
1333	497	33	34	35	87	#
1334	497	34	35	36	87	#
1335	497	35	36	37	87	#
1336	497	36	37	38	87	#
1337	497	37	38	39	87	#
1338	5946	0	1	2	3	4	5	6	88	#
1339	5946	1	2	3	4	5	6	7	88	#
1340	5946	2	3	4	5	6	7	8	88	#
1341	5946	3	4	5	6	7	8	9	88	#
1342	5946	4	5	6	7	8	9	10	88	#
1343	5946	5	6	7	8	9	10	11	88	#
1344	5946	6	7	8	9	10	11	12	88	#
1345	5946	7	8	9	10	11	12	13	88	#
1346	5946	8	9	10	11	12	13	14	88	#
1347	5946	9	10	11	12	13	14	15	88	#
1348	5946	10	11	12	13	14	15	16	88	#
1349	5946	11	12	13	14	15	16	17	88	#
1350	5946	12	13	14	15	16	17	18	88	#
1351	5946	13	14	15	16	17	18	19	88	#
1352	5946	14	15	16	17	18	19	20	88	#
1353	5946	15	16	17	18	19	20	21	88	#
1354	5946	16	17	18	19	20	21	22	88	#
1355	5946	17	18	19	20	21	22	23	88	#
1356	5946	18	19	20	21	22	23	24	88	#
1357	5946	19	20	21	22	23	24	25	88	#
1358	5946	20	21	22	23	24	25	26	88	#
1359	5946	21	22	23	24	25	26	27	88	#
1360	5946	22	23	24	25	26	27	28	88	#
1361	5946	23	24	25	26	27	28	29	88	#
1362	5946	24	25	26	27	28	29	30	88	#
1363	5946	25	26	27	28	29	30	31	88	#
1364	5946	26	27	28	29	30	31	32	88	#
1365	5946	27	28	29	30	31	32	33	88	#
1366	5946	28	29	30	31	32	33	34	88	#
1367	5615	29	30	31	32	33	34	35	88	#
1368	5615	30	31	32	33	34	35	36	88	#
1369	5464	31	32	33	34	35	36	37	88	#
1370	766	0	89	#
1371	766	1	89	#
1372	766	2	89	#
1373	766	3	89	#
1374	766	4	89	#
1375	766	5	89	#
1376	766	6	89	#
1377	766	7	89	#
1378	766	8	89	#
1379	766	9	89	#
1380	766	10	89	#
1381	766	11	89	#
1382	766	12	89	#
1383	766	13	89	#
1384	766	14	89	#
1385	766	15	89	#
1386	766	16	89	#
1387	766	17	89	#
1388	766	18	89	#
1389	766	19	89	#
1390	766	20	89	#
1391	766	21	89	#
1392	766	22	89	#
1393	543	23	89	#
1394	543	24	89	#
1395	543	25	89	#
1396	543	26	89	#
1397	543	27	89	#
1398	543	28	89	#
1399	543	29	89	#
1400	543	30	89	#
1401	543	31	89	#
1402	468	32	89	#
1403	468	33	89	#
1404	468	34	89	#
1405	468	35	89	#
1406	468	36	89	#
1407	443	37	89	#
1408	443	38	89	#
1409	17516	0	1	2	3	4	5	6	7	90	#
1410	17516	1	2	3	4	5	6	7	8	90	#
1411	17516	2	3	4	5	6	7	8	9	90	#
1412	17516	3	4	5	6	7	8	9	10	90	#
1413	17516	4	5	6	7	8	9	10	11	90	#
1414	17516	5	6	7	8	9	10	11	12	90	#
1415	17516	6	7	8	9	10	11	12	13	90	#
1416	17516	7	8	9	10	11	12	13	14	90	#
1417	17516	8	9	10	11	12	13	14	15	90	#
1418	17516	9	10	11	12	13	14	15	16	90	#
1419	6654	0	1	2	3	4	5	6	91	#
1420	6654	1	2	3	4	5	6	7	91	#
1421	6654	2	3	4	5	6	7	8	91	#
1422	6654	3	4	5	6	7	8	9	91	#
1423	6654	4	5	6	7	8	9	10	91	#
1424	6654	5	6	7	8	9	10	11	91	#
1425	6654	6	7	8	9	10	11	12	91	#
1426	6654	7	8	9	10	11	12	13	91	#
1427	6654	8	9	10	11	12	13	14	91	#
1428	6654	9	10	11	12	13	14	15	91	#
1429	6654	10	11	12	13	14	15	16	91	#
1430	6654	11	12	13	14	15	16	17	91	#
1431	6654	12	13	14	15	16	17	18	91	#
1432	6654	13	14	15	16	17	18	19	91	#
1433	6654	14	15	16	17	18	19	20	91	#
1434	6654	15	16	17	18	19	20	21	91	#
1435	12585	0	1	2	3	4	5	92	#
1436	12585	1	2	3	4	5	6	92	#
1437	12585	2	3	4	5	6	7	92	#
1438	8789	0	1	2	3	4	5	6	93	#
1439	8789	1	2	3	4	5	6	7	93	#
1440	8789	2	3	4	5	6	7	8	93	#
1441	8789	3	4	5	6	7	8	9	93	#
1442	8789	4	5	6	7	8	9	10	93	#
1443	8789	5	6	7	8	9	10	11	93	#
1444	8789	6	7	8	9	10	11	12	93	#
1445	8789	7	8	9	10	11	12	13	93	#
1446	8789	8	9	10	11	12	13	14	93	#
1447	8789	9	10	11	12	13	14	15	93	#
1448	8789	10	11	12	13	14	15	16	93	#
1449	8789	11	12	13	14	15	16	17	93	#
1450	8789	12	13	14	15	16	17	18	93	#
1451	4056	13	14	15	16	17	18	19	93	#
1452	4056	14	15	16	17	18	19	20	93	#
1453	4056	15	16	17	18	19	20	21	93	#
1454	4056	16	17	18	19	20	21	22	93	#
1455	4056	17	18	19	20	21	22	23	93	#
1456	4056	18	19	20	21	22	23	24	93	#
1457	4056	19	20	21	22	23	24	25	93	#
1458	4056	20	21	22	23	24	25	26	93	#
1459	4056	21	22	23	24	25	26	27	93	#
1460	4056	22	23	24	25	26	27	28	93	#
1461	4056	23	24	25	26	27	28	29	93	#
1462	4056	24	25	26	27	28	29	30	93	#
1463	4056	25	26	27	28	29	30	31	93	#
1464	4056	26	27	28	29	30	31	32	93	#
1465	4056	27	28	29	30	31	32	33	93	#
1466	4056	28	29	30	31	32	33	34	93	#
1467	4056	29	30	31	32	33	34	35	93	#
1468	4056	30	31	32	33	34	35	36	93	#
1469	4056	31	32	33	34	35	36	37	93	#
1470	4056	32	33	34	35	36	37	38	93	#
1471	4056	33	34	35	36	37	38	39	93	#
1472	2523	0	1	94	#
1473	2523	1	2	94	#
1474	2523	2	3	94	#
1475	2523	3	4	94	#
1476	2523	4	5	94	#
1477	2523	5	6	94	#
1478	2523	6	7	94	#
1479	2523	7	8	94	#
1480	2523	8	9	94	#
1481	2523	9	10	94	#
1482	2523	10	11	94	#
1483	2523	11	12	94	#
1484	2523	12	13	94	#
1485	2523	13	14	94	#
1486	2523	14	15	94	#
1487	2523	15	16	94	#
1488	2523	16	17	94	#
1489	2523	17	18	94	#
1490	2523	18	19	94	#
1491	2523	19	20	94	#
1492	2523	20	21	94	#
1493	2523	21	22	94	#
1494	2523	22	23	94	#
1495	2523	23	24	94	#
1496	2523	24	25	94	#
1497	2523	25	26	94	#
1498	2523	26	27	94	#
1499	2523	27	28	94	#
1500	2523	28	29	94	#
1501	2523	29	30	94	#
1502	2523	30	31	94	#
1503	2523	31	32	94	#
1504	2523	32	33	94	#
1505	2523	33	34	94	#
1506	2319	34	35	94	#
1507	2319	35	36	94	#
1508	2319	36	37	94	#
1509	2200	37	38	94	#
1510	2200	38	39	94	#
1511	15394	0	1	2	3	4	5	6	95	#
1512	15394	1	2	3	4	5	6	7	95	#
1513	15394	2	3	4	5	6	7	8	95	#
1514	15394	3	4	5	6	7	8	9	95	#
1515	15394	4	5	6	7	8	9	10	95	#
1516	15394	5	6	7	8	9	10	11	95	#
1517	15394	6	7	8	9	10	11	12	95	#
1518	15394	7	8	9	10	11	12	13	95	#
1519	15394	8	9	10	11	12	13	14	95	#
1520	8289	9	10	11	12	13	14	15	95	#
1521	8289	10	11	12	13	14	15	16	95	#
1522	8289	11	12	13	14	15	16	17	95	#
1523	8289	12	13	14	15	16	17	18	95	#
1524	8289	13	14	15	16	17	18	19	95	#
1525	8289	14	15	16	17	18	19	20	95	#
1526	8289	15	16	17	18	19	20	21	95	#
1527	8289	16	17	18	19	20	21	22	95	#
1528	8289	17	18	19	20	21	22	23	95	#
1529	8289	18	19	20	21	22	23	24	95	#
1530	8289	19	20	21	22	23	24	25	95	#
1531	8289	20	21	22	23	24	25	26	95	#
1532	7697	21	22	23	24	25	26	27	95	#
1533	7697	22	23	24	25	26	27	28	95	#
1534	6339	23	24	25	26	27	28	29	95	#
1535	6339	24	25	26	27	28	29	30	95	#
1536	6339	25	26	27	28	29	30	31	95	#
1537	6339	26	27	28	29	30	31	32	95	#
1538	6339	27	28	29	30	31	32	33	95	#
1539	6339	28	29	30	31	32	33	34	95	#
1540	6158	29	30	31	32	33	34	35	95	#
1541	5825	30	31	32	33	34	35	36	95	#
1542	5825	31	32	33	34	35	36	37	95	#
1543	5671	32	33	34	35	36	37	38	95	#
1544	5526	33	34	35	36	37	38	39	95	#
1545	14318	0	1	2	3	4	5	6	7	8	9	96	#
1546	14318	1	2	3	4	5	6	7	8	9	10	96	#
1547	14318	2	3	4	5	6	7	8	9	10	11	96	#
1548	14318	3	4	5	6	7	8	9	10	11	12	96	#
1549	14318	4	5	6	7	8	9	10	11	12	13	96	#
1550	7245	0	1	2	3	4	5	97	#
1551	7245	1	2	3	4	5	6	97	#
1552	7245	2	3	4	5	6	7	97	#
1553	7245	3	4	5	6	7	8	97	#
1554	7245	4	5	6	7	8	9	97	#
1555	7245	5	6	7	8	9	10	97	#
1556	7245	6	7	8	9	10	11	97	#
1557	7245	7	8	9	10	11	12	97	#
1558	7245	8	9	10	11	12	13	97	#
1559	7245	9	10	11	12	13	14	97	#
1560	7245	10	11	12	13	14	15	97	#
1561	7245	11	12	13	14	15	16	97	#
1562	7245	12	13	14	15	16	17	97	#
1563	7245	13	14	15	16	17	18	97	#
1564	7245	14	15	16	17	18	19	97	#
1565	7245	15	16	17	18	19	20	97	#
1566	1364	0	98	#
1567	1364	1	98	#
1568	1364	2	98	#
1569	1364	3	98	#
1570	1364	4	98	#
1571	1364	5	98	#
1572	1364	6	98	#
1573	1364	7	98	#
1574	1364	8	98	#
1575	1364	9	98	#
1576	1364	10	98	#
1577	1364	11	98	#
1578	1364	12	98	#
1579	1364	13	98	#
1580	1364	14	98	#
1581	1364	15	98	#
1582	1364	16	98	#
1583	1364	17	98	#
1584	1364	18	98	#
1585	1364	19	98	#
1586	1364	20	98	#
1587	1364	21	98	#
1588	1364	22	98	#
1589	1364	23	98	#
1590	1364	24	98	#
1591	1364	25	98	#
1592	1364	26	98	#
1593	1364	27	98	#
1594	1364	28	98	#
1595	1364	29	98	#
1596	1364	30	98	#
1597	1364	31	98	#
1598	1364	32	98	#
1599	1364	33	98	#
1600	7749	0	1	2	3	4	5	99	#
1601	7749	1	2	3	4	5	6	99	#
1602	7749	2	3	4	5	6	7	99	#
1603	7749	3	4	5	6	7	8	99	#
1604	7749	4	5	6	7	8	9	99	#
1605	7749	5	6	7	8	9	10	99	#
1606	7749	6	7	8	9	10	11	99	#
1607	7749	7	8	9	10	11	12	99	#
1608	7749	8	9	10	11	12	13	99	#
1609	7749	9	10	11	12	13	14	99	#
1610	7749	10	11	12	13	14	15	99	#
1611	7749	11	12	13	14	15	16	99	#
1612	7749	12	13	14	15	16	17	99	#
1613	7749	13	14	15	16	17	18	99	#
1614	7749	14	15	16	17	18	19	99	#
1615	7749	15	16	17	18	19	20	99	#
1616	7749	16	17	18	19	20	21	99	#
1617	7749	17	18	19	20	21	22	99	#
1618	7749	18	19	20	21	22	23	99	#
1619	7749	19	20	21	22	23	24	99	#
1620	7749	20	21	22	23	24	25	99	#
1621	7749	21	22	23	24	25	26	99	#
1622	7749	22	23	24	25	26	27	99	#
1623	7749	23	24	25	26	27	28	99	#
1624	7749	24	25	26	27	28	29	99	#
1625	6421	25	26	27	28	29	30	99	#
1626	6421	26	27	28	29	30	31	99	#
1627	6421	27	28	29	30	31	32	99	#
1628	6421	28	29	30	31	32	33	99	#
1629	6421	29	30	31	32	33	34	99	#
1630	6421	30	31	32	33	34	35	99	#
1631	5762	31	32	33	34	35	36	99	#
1632	5762	32	33	34	35	36	37	99	#
1633	5762	33	34	35	36	37	38	99	#
1634	5762	34	35	36	37	38	39	99	#
1635	20407	0	1	2	3	4	5	6	7	8	100	#
1636	20407	1	2	3	4	5	6	7	8	9	100	#
1637	20407	2	3	4	5	6	7	8	9	10	100	#
1638	4433	0	1	2	3	101	#
1639	4433	1	2	3	4	101	#
1640	4433	2	3	4	5	101	#
1641	4433	3	4	5	6	101	#
1642	4433	4	5	6	7	101	#
1643	4433	5	6	7	8	101	#
1644	4433	6	7	8	9	101	#
1645	4433	7	8	9	10	101	#
1646	1847	8	9	10	11	101	#
1647	1847	9	10	11	12	101	#
1648	1847	10	11	12	13	101	#
1649	1847	11	12	13	14	101	#
1650	1847	12	13	14	15	101	#
1651	1847	13	14	15	16	101	#
1652	1847	14	15	16	17	101	#
1653	1847	15	16	17	18	101	#
1654	1847	16	17	18	19	101	#
1655	1847	17	18	19	20	101	#
1656	1847	18	19	20	21	101	#
1657	1847	19	20	21	22	101	#
1658	1847	20	21	22	23	101	#
1659	1847	21	22	23	24	101	#
1660	14986	0	1	2	3	4	5	6	7	102	#
1661	14986	1	2	3	4	5	6	7	8	102	#
1662	14986	2	3	4	5	6	7	8	9	102	#
1663	14986	3	4	5	6	7	8	9	10	102	#
1664	14986	4	5	6	7	8	9	10	11	102	#
1665	14986	5	6	7	8	9	10	11	12	102	#
1666	14986	6	7	8	9	10	11	12	13	102	#
1667	14986	7	8	9	10	11	12	13	14	102	#
1668	14986	8	9	10	11	12	13	14	15	102	#
1669	14986	9	10	11	12	13	14	15	16	102	#
1670	14986	10	11	12	13	14	15	16	17	102	#
1671	14986	11	12	13	14	15	16	17	18	102	#
1672	7099	12	13	14	15	16	17	18	19	102	#
1673	7099	13	14	15	16	17	18	19	20	102	#
1674	7099	14	15	16	17	18	19	20	21	102	#
1675	7099	15	16	17	18	19	20	21	22	102	#
1676	7099	16	17	18	19	20	21	22	23	102	#
1677	7099	17	18	19	20	21	22	23	24	102	#
1678	7099	18	19	20	21	22	23	24	25	102	#
1679	7099	19	20	21	22	23	24	25	26	102	#
1680	7099	20	21	22	23	24	25	26	27	102	#
1681	7099	21	22	23	24	25	26	27	28	102	#
1682	7099	22	23	24	25	26	27	28	29	102	#
1683	7099	23	24	25	26	27	28	29	30	102	#
1684	7099	24	25	26	27	28	29	30	31	102	#
1685	7099	25	26	27	28	29	30	31	32	102	#
1686	7099	26	27	28	29	30	31	32	33	102	#
1687	7099	27	28	29	30	31	32	33	34	102	#
1688	7099	28	29	30	31	32	33	34	35	102	#
1689	7099	29	30	31	32	33	34	35	36	102	#
1690	7099	30	31	32	33	34	35	36	37	102	#
1691	7099	31	32	33	34	35	36	37	38	102	#
1692	6917	32	33	34	35	36	37	38	39	102	#
1693	10761	0	1	2	3	4	5	103	#
1694	10761	1	2	3	4	5	6	103	#
1695	10761	2	3	4	5	6	7	103	#
1696	10761	3	4	5	6	7	8	103	#
1697	10761	4	5	6	7	8	9	103	#
1698	10761	5	6	7	8	9	10	103	#
1699	10761	6	7	8	9	10	11	103	#
1700	10761	7	8	9	10	11	12	103	#
1701	10761	8	9	10	11	12	13	103	#
1702	10761	9	10	11	12	13	14	103	#
1703	10761	10	11	12	13	14	15	103	#
1704	10761	11	12	13	14	15	16	103	#
1705	10761	12	13	14	15	16	17	103	#
1706	10761	13	14	15	16	17	18	103	#
1707	10761	14	15	16	17	18	19	103	#
1708	10761	15	16	17	18	19	20	103	#
1709	10761	16	17	18	19	20	21	103	#
1710	10761	17	18	19	20	21	22	103	#
1711	10761	18	19	20	21	22	23	103	#
1712	10761	19	20	21	22	23	24	103	#
1713	10761	20	21	22	23	24	25	103	#
1714	10761	21	22	23	24	25	26	103	#
1715	10761	22	23	24	25	26	27	103	#
1716	10761	23	24	25	26	27	28	103	#
1717	10761	24	25	26	27	28	29	103	#
1718	10761	25	26	27	28	29	30	103	#
1719	10761	26	27	28	29	30	31	103	#
1720	10761	27	28	29	30	31	32	103	#
1721	10761	28	29	30	31	32	33	103	#
1722	10761	29	30	31	32	33	34	103	#
1723	10761	30	31	32	33	34	35	103	#
1724	9912	31	32	33	34	35	36	103	#
1725	9912	32	33	34	35	36	37	103	#
1726	9912	33	34	35	36	37	38	103	#
1727	2925	0	1	2	3	104	#
1728	2925	1	2	3	4	104	#
1729	2925	2	3	4	5	104	#
1730	2925	3	4	5	6	104	#
1731	2925	4	5	6	7	104	#
1732	2925	5	6	7	8	104	#
1733	2925	6	7	8	9	104	#
1734	2925	7	8	9	10	104	#
1735	2925	8	9	10	11	104	#
1736	2925	9	10	11	12	104	#
1737	2925	10	11	12	13	104	#
1738	2925	11	12	13	14	104	#
1739	2925	12	13	14	15	104	#
1740	2925	13	14	15	16	104	#
1741	2925	14	15	16	17	104	#
1742	2925	15	16	17	18	104	#
1743	2925	16	17	18	19	104	#
1744	2925	17	18	19	20	104	#
1745	2925	18	19	20	21	104	#
1746	2925	19	20	21	22	104	#
1747	2925	20	21	22	23	104	#
1748	2925	21	22	23	24	104	#
1749	2925	22	23	24	25	104	#
1750	2925	23	24	25	26	104	#
1751	2925	24	25	26	27	104	#
1752	2925	25	26	27	28	104	#
1753	2925	26	27	28	29	104	#
1754	2925	27	28	29	30	104	#
1755	2507	28	29	30	31	104	#
1756	2507	29	30	31	32	104	#
1757	2507	30	31	32	33	104	#
1758	2507	31	32	33	34	104	#
1759	2507	32	33	34	35	104	#
1760	2250	33	34	35	36	104	#
1761	2250	34	35	36	37	104	#
1762	2250	35	36	37	38	104	#
1763	2250	36	37	38	39	104	#
1764	21779	0	1	2	3	4	5	6	7	8	9	105	#
1765	21779	1	2	3	4	5	6	7	8	9	10	105	#
1766	21779	2	3	4	5	6	7	8	9	10	11	105	#
1767	21779	3	4	5	6	7	8	9	10	11	12	105	#
1768	21779	4	5	6	7	8	9	10	11	12	13	105	#
1769	21779	5	6	7	8	9	10	11	12	13	14	105	#
1770	21779	6	7	8	9	10	11	12	13	14	15	105	#
1771	11667	7	8	9	10	11	12	13	14	15	16	105	#
1772	11667	8	9	10	11	12	13	14	15	16	17	105	#
1773	11667	9	10	11	12	13	14	15	16	17	18	105	#
1774	11667	10	11	12	13	14	15	16	17	18	19	105	#
1775	11667	11	12	13	14	15	16	17	18	19	20	105	#
1776	11667	12	13	14	15	16	17	18	19	20	21	105	#
1777	11667	13	14	15	16	17	18	19	20	21	22	105	#
1778	11667	14	15	16	17	18	19	20	21	22	23	105	#
1779	11667	15	16	17	18	19	20	21	22	23	24	105	#
1780	11667	16	17	18	19	20	21	22	23	24	25	105	#
1781	11667	17	18	19	20	21	22	23	24	25	26	105	#
1782	11667	18	19	20	21	22	23	24	25	26	27	105	#
1783	11667	19	20	21	22	23	24	25	26	27	28	105	#
1784	15589	0	1	2	3	4	5	6	7	8	106	#
1785	15589	1	2	3	4	5	6	7	8	9	106	#
1786	15589	2	3	4	5	6	7	8	9	10	106	#
1787	15589	3	4	5	6	7	8	9	10	11	106	#
1788	15589	4	5	6	7	8	9	10	11	12	106	#
1789	15589	5	6	7	8	9	10	11	12	13	106	#
1790	15589	6	7	8	9	10	11	12	13	14	106	#
1791	15589	7	8	9	10	11	12	13	14	15	106	#
1792	15589	8	9	10	11	12	13	14	15	16	106	#
1793	15589	9	10	11	12	13	14	15	16	17	106	#
1794	15589	10	11	12	13	14	15	16	17	18	106	#
1795	15589	11	12	13	14	15	16	17	18	19	106	#
1796	15589	12	13	14	15	16	17	18	19	20	106	#
1797	15589	13	14	15	16	17	18	19	20	21	106	#
1798	15589	14	15	16	17	18	19	20	21	22	106	#
1799	15589	15	16	17	18	19	20	21	22	23	106	#
1800	15589	16	17	18	19	20	21	22	23	24	106	#
1801	15589	17	18	19	20	21	22	23	24	25	106	#
1802	15589	18	19	20	21	22	23	24	25	26	106	#
1803	15589	19	20	21	22	23	24	25	26	27	106	#
1804	15589	20	21	22	23	24	25	26	27	28	106	#
1805	15589	21	22	23	24	25	26	27	28	29	106	#
1806	15589	22	23	24	25	26	27	28	29	30	106	#
1807	15589	23	24	25	26	27	28	29	30	31	106	#
1808	15589	24	25	26	27	28	29	30	31	32	106	#
1809	15589	25	26	27	28	29	30	31	32	33	106	#
1810	15589	26	27	28	29	30	31	32	33	34	106	#
1811	15589	27	28	29	30	31	32	33	34	35	106	#
1812	15589	28	29	30	31	32	33	34	35	36	106	#
1813	15589	29	30	31	32	33	34	35	36	37	106	#
1814	15589	30	31	32	33	34	35	36	37	38	106	#
1815	15589	31	32	33	34	35	36	37	38	39	106	#
1816	9900	0	1	2	3	4	5	6	107	#
1817	9900	1	2	3	4	5	6	7	107	#
1818	9900	2	3	4	5	6	7	8	107	#
1819	9900	3	4	5	6	7	8	9	107	#
1820	9900	4	5	6	7	8	9	10	107	#
1821	9900	5	6	7	8	9	10	11	107	#
1822	9900	6	7	8	9	10	11	12	107	#
1823	9900	7	8	9	10	11	12	13	107	#
1824	9900	8	9	10	11	12	13	14	107	#
1825	7295	9	10	11	12	13	14	15	107	#
1826	7295	10	11	12	13	14	15	16	107	#
1827	7295	11	12	13	14	15	16	17	107	#
1828	7295	12	13	14	15	16	17	18	107	#
1829	7295	13	14	15	16	17	18	19	107	#
1830	6853	0	1	2	3	108	#
1831	6853	1	2	3	4	108	#
1832	6853	2	3	4	5	108	#
1833	6853	3	4	5	6	108	#
1834	6853	4	5	6	7	108	#
1835	6853	5	6	7	8	108	#
1836	6853	6	7	8	9	108	#
1837	6853	7	8	9	10	108	#
1838	6853	8	9	10	11	108	#
1839	6853	9	10	11	12	108	#
1840	6853	10	11	12	13	108	#
1841	6853	11	12	13	14	108	#
1842	6853	12	13	14	15	108	#
1843	6853	13	14	15	16	108	#
1844	6853	14	15	16	17	108	#
1845	6853	15	16	17	18	108	#
1846	6853	16	17	18	19	108	#
1847	6853	17	18	19	20	108	#
1848	6853	18	19	20	21	108	#
1849	6853	19	20	21	22	108	#
1850	4188	20	21	22	23	108	#
1851	4188	21	22	23	24	108	#
1852	4188	22	23	24	25	108	#
1853	4188	23	24	25	26	108	#
1854	4188	24	25	26	27	108	#
1855	4188	25	26	27	28	108	#
1856	4188	26	27	28	29	108	#
1857	4188	27	28	29	30	108	#
1858	4188	28	29	30	31	108	#
1859	4188	29	30	31	32	108	#
1860	4188	30	31	32	33	108	#
1861	4188	31	32	33	34	108	#
1862	4188	32	33	34	35	108	#
1863	4188	33	34	35	36	108	#
1864	4075	34	35	36	37	108	#
1865	3968	35	36	37	38	108	#
1866	3866	36	37	38	39	108	#
1867	1115	0	109	#
1868	1115	1	109	#
1869	1115	2	109	#
1870	15894	0	1	2	3	4	5	6	7	110	#
1871	15894	1	2	3	4	5	6	7	8	110	#
1872	15894	2	3	4	5	6	7	8	9	110	#
1873	15894	3	4	5	6	7	8	9	10	110	#
1874	15894	4	5	6	7	8	9	10	11	110	#
1875	15894	5	6	7	8	9	10	11	12	110	#
1876	15894	6	7	8	9	10	11	12	13	110	#
1877	15894	7	8	9	10	11	12	13	14	110	#
1878	11712	8	9	10	11	12	13	14	15	110	#
1879	11712	9	10	11	12	13	14	15	16	110	#
1880	11712	10	11	12	13	14	15	16	17	110	#
1881	11712	11	12	13	14	15	16	17	18	110	#
1882	11712	12	13	14	15	16	17	18	19	110	#
1883	11126	13	14	15	16	17	18	19	20	110	#
1884	2967	0	1	111	#
1885	2967	1	2	111	#
1886	2967	2	3	111	#
1887	2967	3	4	111	#
1888	1569	0	1	112	#
1889	953	0	113	#
1890	953	1	113	#
1891	953	2	113	#
1892	953	3	113	#
1893	953	4	113	#
1894	953	5	113	#
1895	953	6	113	#
1896	953	7	113	#
1897	953	8	113	#
1898	953	9	113	#
1899	953	10	113	#
1900	953	11	113	#
1901	953	12	113	#
1902	953	13	113	#
1903	953	14	113	#
1904	953	15	113	#
1905	953	16	113	#
1906	953	17	113	#
1907	953	18	113	#
1908	953	19	113	#
1909	953	20	113	#
1910	953	21	113	#
1911	953	22	113	#
1912	953	23	113	#
1913	953	24	113	#
1914	953	25	113	#
1915	794	26	113	#
1916	794	27	113	#
1917	794	28	113	#
1918	794	29	113	#
1919	794	30	113	#
1920	769	31	113	#
1921	611	32	113	#
1922	611	33	113	#
1923	611	34	113	#
1924	611	35	113	#
1925	611	36	113	#
1926	611	37	113	#
1927	611	38	113	#
1928	611	39	113	#
1929	3931	0	1	2	3	4	114	#
1930	3931	1	2	3	4	5	114	#
1931	3931	2	3	4	5	6	114	#
1932	3931	3	4	5	6	7	114	#
1933	3931	4	5	6	7	8	114	#
1934	3931	5	6	7	8	9	114	#
1935	3931	6	7	8	9	10	114	#
1936	3931	7	8	9	10	11	114	#
1937	3931	8	9	10	11	12	114	#
1938	3931	9	10	11	12	13	114	#
1939	3931	10	11	12	13	14	114	#
1940	1835	11	12	13	14	15	114	#
1941	1835	12	13	14	15	16	114	#
1942	1835	13	14	15	16	17	114	#
1943	1835	14	15	16	17	18	114	#
1944	1835	15	16	17	18	19	114	#
1945	1835	16	17	18	19	20	114	#
1946	1835	17	18	19	20	21	114	#
1947	1835	18	19	20	21	22	114	#
1948	1835	19	20	21	22	23	114	#
1949	1835	20	21	22	23	24	114	#
1950	1835	21	22	23	24	25	114	#
1951	1835	22	23	24	25	26	114	#
1952	1835	23	24	25	26	27	114	#
1953	1835	24	25	26	27	28	114	#
1954	1835	25	26	27	28	29	114	#
1955	1835	26	27	28	29	30	114	#
1956	1720	27	28	29	30	31	114	#
1957	1720	28	29	30	31	32	114	#
1958	1488	29	30	31	32	33	114	#
1959	1488	30	31	32	33	34	114	#
1960	1488	31	32	33	34	35	114	#
1961	1488	32	33	34	35	36	114	#
1962	1488	33	34	35	36	37	114	#
1963	1448	34	35	36	37	38	114	#
1964	1411	35	36	37	38	39	114	#
1965	2458	0	1	115	#
1966	2458	1	2	115	#
1967	2458	2	3	115	#
1968	2458	3	4	115	#
1969	2458	4	5	115	#
1970	2458	5	6	115	#
1971	2458	6	7	115	#
1972	2458	7	8	115	#
1973	2458	8	9	115	#
1974	2458	9	10	115	#
1975	2458	10	11	115	#
1976	2458	11	12	115	#
1977	2458	12	13	115	#
1978	2458	13	14	115	#
1979	2458	14	15	115	#
1980	2458	15	16	115	#
1981	2458	16	17	115	#
1982	2458	17	18	115	#
1983	2458	18	19	115	#
1984	2458	19	20	115	#
1985	2458	20	21	115	#
1986	2458	21	22	115	#
1987	2458	22	23	115	#
1988	2458	23	24	115	#
1989	2458	24	25	115	#
1990	2458	25	26	115	#
1991	2458	26	27	115	#
1992	2458	27	28	115	#
1993	1338	0	116	#
1994	1338	1	116	#
1995	1338	2	116	#
1996	1338	3	116	#
1997	1338	4	116	#
1998	1338	5	116	#
1999	209	6	116	#
2000	209	7	116	#
2001	209	8	116	#
2002	209	9	116	#
2003	209	10	116	#
2004	209	11	116	#
2005	209	12	116	#
2006	209	13	116	#
2007	209	14	116	#
2008	209	15	116	#
2009	209	16	116	#
2010	209	17	116	#
2011	209	18	116	#
2012	209	19	116	#
2013	209	20	116	#
2014	209	21	116	#
2015	209	22	116	#
2016	209	23	116	#
2017	209	24	116	#
2018	209	25	116	#
2019	209	26	116	#
2020	209	27	116	#
2021	209	28	116	#
2022	209	29	116	#
2023	209	30	116	#
2024	209	31	116	#
2025	209	32	116	#
2026	1394	0	117	#
2027	1394	1	117	#
2028	1394	2	117	#
2029	1394	3	117	#
2030	1394	4	117	#
2031	1394	5	117	#
2032	1394	6	117	#
2033	1394	7	117	#
2034	1394	8	117	#
2035	1394	9	117	#
2036	1394	10	117	#
2037	1394	11	117	#
2038	1394	12	117	#
2039	1394	13	117	#
2040	1394	14	117	#
2041	1394	15	117	#
2042	1394	16	117	#
2043	1394	17	117	#
2044	1394	18	117	#
2045	1394	19	117	#
2046	1394	20	117	#
2047	1394	21	117	#
2048	1394	22	117	#
2049	1394	23	117	#
2050	1394	24	117	#
2051	1394	25	117	#
2052	1394	26	117	#
2053	1394	27	117	#
2054	1394	28	117	#
2055	1394	29	117	#
2056	6330	0	1	2	3	4	5	118	#
2057	6330	1	2	3	4	5	6	118	#
2058	6330	2	3	4	5	6	7	118	#
2059	6330	3	4	5	6	7	8	118	#
2060	6330	4	5	6	7	8	9	118	#
2061	6330	5	6	7	8	9	10	118	#
2062	6330	6	7	8	9	10	11	118	#
2063	6330	7	8	9	10	11	12	118	#
2064	6330	8	9	10	11	12	13	118	#
2065	6330	9	10	11	12	13	14	118	#
2066	6330	10	11	12	13	14	15	118	#
2067	6330	11	12	13	14	15	16	118	#
2068	6330	12	13	14	15	16	17	118	#
2069	6330	13	14	15	16	17	18	118	#
2070	6330	14	15	16	17	18	19	118	#
2071	6330	15	16	17	18	19	20	118	#
2072	6330	16	17	18	19	20	21	118	#
2073	6330	17	18	19	20	21	22	118	#
2074	6330	18	19	20	21	22	23	118	#
2075	6330	19	20	21	22	23	24	118	#
2076	6330	20	21	22	23	24	25	118	#
2077	6330	21	22	23	24	25	26	118	#
2078	6330	22	23	24	25	26	27	118	#
2079	6330	23	24	25	26	27	28	118	#
2080	6330	24	25	26	27	28	29	118	#
2081	6330	25	26	27	28	29	30	118	#
2082	6330	26	27	28	29	30	31	118	#
2083	6330	27	28	29	30	31	32	118	#
2084	6330	28	29	30	31	32	33	118	#
2085	6330	29	30	31	32	33	34	118	#
2086	6330	30	31	32	33	34	35	118	#
2087	6330	31	32	33	34	35	36	118	#
2088	6330	32	33	34	35	36	37	118	#
2089	6164	33	34	35	36	37	38	118	#
2090	6006	34	35	36	37	38	39	118	#
2091	2191	0	1	119	#
2092	2191	1	2	119	#
2093	2191	2	3	119	#
2094	2191	3	4	119	#
2095	2191	4	5	119	#
2096	2191	5	6	119	#
2097	2191	6	7	119	#
2098	2191	7	8	119	#
2099	2191	8	9	119	#
2100	2191	9	10	119	#
2101	2191	10	11	119	#
2102	2191	11	12	119	#
2103	2191	12	13	119	#
2104	2191	13	14	119	#
2105	2191	14	15	119	#
2106	2191	15	16	119	#
2107	2191	16	17	119	#
2108	2191	17	18	119	#
2109	2191	18	19	119	#
2110	2191	19	20	119	#
2111	2191	20	21	119	#
2112	2191	21	22	119	#
2113	1268	22	23	119	#
2114	1268	23	24	119	#
2115	1268	24	25	119	#
2116	1268	25	26	119	#
2117	1268	26	27	119	#
2118	1268	27	28	119	#
2119	1268	28	29	119	#
2120	1268	29	30	119	#
2121	1268	30	31	119	#
2122	1268	31	32	119	#
2123	1268	32	33	119	#
2124	1268	33	34	119	#
2125	1268	34	35	119	#
2126	1268	35	36	119	#
2127	1268	36	37	119	#
2128	1268	37	38	119	#
2129	1417	0	120	#
2130	1417	1	120	#
2131	1417	2	120	#
2132	1417	3	120	#
2133	1417	4	120	#
2134	1417	5	120	#
2135	1417	6	120	#
2136	1417	7	120	#
2137	1417	8	120	#
2138	1417	9	120	#
2139	1417	10	120	#
2140	1417	11	120	#
2141	1417	12	120	#
2142	1417	13	120	#
2143	1417	14	120	#
2144	1417	15	120	#
2145	1417	16	120	#
2146	1417	17	120	#
2147	1417	18	120	#
2148	1417	19	120	#
2149	1417	20	120	#
2150	833	21	120	#
2151	833	22	120	#
2152	833	23	120	#
2153	833	24	120	#
2154	833	25	120	#
2155	833	26	120	#
2156	833	27	120	#
2157	833	28	120	#
2158	833	29	120	#
2159	833	30	120	#
2160	833	31	120	#
2161	833	32	120	#
2162	833	33	120	#
2163	833	34	120	#
2164	810	35	120	#
2165	727	36	120	#
2166	727	37	120	#
2167	727	38	120	#
2168	727	39	120	#
2169	20902	0	1	2	3	4	5	6	7	8	121	#
2170	20902	1	2	3	4	5	6	7	8	9	121	#
2171	5084	2	3	4	5	6	7	8	9	10	121	#
2172	5084	3	4	5	6	7	8	9	10	11	121	#
2173	5084	4	5	6	7	8	9	10	11	12	121	#
2174	5084	5	6	7	8	9	10	11	12	13	121	#
2175	5084	6	7	8	9	10	11	12	13	14	121	#
2176	5084	7	8	9	10	11	12	13	14	15	121	#
2177	5084	8	9	10	11	12	13	14	15	16	121	#
2178	5084	9	10	11	12	13	14	15	16	17	121	#
2179	5084	10	11	12	13	14	15	16	17	18	121	#
2180	5084	11	12	13	14	15	16	17	18	19	121	#
2181	5084	12	13	14	15	16	17	18	19	20	121	#
2182	5084	13	14	15	16	17	18	19	20	21	121	#
2183	5084	14	15	16	17	18	19	20	21	22	121	#
2184	5084	15	16	17	18	19	20	21	22	23	121	#
2185	5084	16	17	18	19	20	21	22	23	24	121	#
2186	5084	17	18	19	20	21	22	23	24	25	121	#
2187	5084	18	19	20	21	22	23	24	25	26	121	#
2188	5084	19	20	21	22	23	24	25	26	27	121	#
2189	5084	20	21	22	23	24	25	26	27	28	121	#
2190	5084	21	22	23	24	25	26	27	28	29	121	#
2191	5084	22	23	24	25	26	27	28	29	30	121	#
2192	5084	23	24	25	26	27	28	29	30	31	121	#
2193	5084	24	25	26	27	28	29	30	31	32	121	#
2194	5084	25	26	27	28	29	30	31	32	33	121	#
2195	5084	26	27	28	29	30	31	32	33	34	121	#
2196	5084	27	28	29	30	31	32	33	34	35	121	#
2197	5084	28	29	30	31	32	33	34	35	36	121	#
2198	5084	29	30	31	32	33	34	35	36	37	121	#
2199	17940	0	1	2	3	4	5	6	7	8	9	122	#
2200	17940	1	2	3	4	5	6	7	8	9	10	122	#
2201	17940	2	3	4	5	6	7	8	9	10	11	122	#
2202	17940	3	4	5	6	7	8	9	10	11	12	122	#
2203	17940	4	5	6	7	8	9	10	11	12	13	122	#
2204	17940	5	6	7	8	9	10	11	12	13	14	122	#
2205	17940	6	7	8	9	10	11	12	13	14	15	122	#
2206	17940	7	8	9	10	11	12	13	14	15	16	122	#
2207	17940	8	9	10	11	12	13	14	15	16	17	122	#
2208	17940	9	10	11	12	13	14	15	16	17	18	122	#
2209	17940	10	11	12	13	14	15	16	17	18	19	122	#
2210	17940	11	12	13	14	15	16	17	18	19	20	122	#
2211	17940	12	13	14	15	16	17	18	19	20	21	122	#
2212	17940	13	14	15	16	17	18	19	20	21	22	122	#
2213	17940	14	15	16	17	18	19	20	21	22	23	122	#
2214	17940	15	16	17	18	19	20	21	22	23	24	122	#
2215	17940	16	17	18	19	20	21	22	23	24	25	122	#
2216	17940	17	18	19	20	21	22	23	24	25	26	122	#
2217	17940	18	19	20	21	22	23	24	25	26	27	122	#
2218	17940	19	20	21	22	23	24	25	26	27	28	122	#
2219	17940	20	21	22	23	24	25	26	27	28	29	122	#
2220	17940	21	22	23	24	25	26	27	28	29	30	122	#
2221	17940	22	23	24	25	26	27	28	29	30	31	122	#
2222	17940	23	24	25	26	27	28	29	30	31	32	122	#
2223	17940	24	25	26	27	28	29	30	31	32	33	122	#
2224	17940	25	26	27	28	29	30	31	32	33	34	122	#
2225	17940	26	27	28	29	30	31	32	33	34	35	122	#
2226	17940	27	28	29	30	31	32	33	34	35	36	122	#
2227	6193	0	1	2	3	4	5	123	#
2228	6193	1	2	3	4	5	6	123	#
2229	6193	2	3	4	5	6	7	123	#
2230	6193	3	4	5	6	7	8	123	#
2231	6193	4	5	6	7	8	9	123	#
2232	1798	5	6	7	8	9	10	123	#
2233	1798	6	7	8	9	10	11	123	#
2234	1798	7	8	9	10	11	12	123	#
2235	1798	8	9	10	11	12	13	123	#
2236	1798	9	10	11	12	13	14	123	#
2237	1798	10	11	12	13	14	15	123	#
2238	1798	11	12	13	14	15	16	123	#
2239	1798	12	13	14	15	16	17	123	#
2240	1798	13	14	15	16	17	18	123	#
2241	1798	14	15	16	17	18	19	123	#
2242	1798	15	16	17	18	19	20	123	#
2243	1798	16	17	18	19	20	21	123	#
2244	1798	17	18	19	20	21	22	123	#
2245	1798	18	19	20	21	22	23	123	#
2246	1798	19	20	21	22	23	24	123	#
2247	1798	20	21	22	23	24	25	123	#
2248	1798	21	22	23	24	25	26	123	#
2249	1798	22	23	24	25	26	27	123	#
2250	1798	23	24	25	26	27	28	123	#
2251	1798	24	25	26	27	28	29	123	#
2252	1798	25	26	27	28	29	30	123	#
2253	1798	26	27	28	29	30	31	123	#
2254	1548	27	28	29	30	31	32	123	#
2255	1548	28	29	30	31	32	33	123	#
2256	1548	29	30	31	32	33	34	123	#
2257	1548	30	31	32	33	34	35	123	#
2258	1548	31	32	33	34	35	36	123	#
2259	1467	32	33	34	35	36	37	123	#
2260	1467	33	34	35	36	37	38	123	#
2261	1429	34	35	36	37	38	39	123	#
2262	6077	0	1	2	3	4	5	6	124	#
2263	6077	1	2	3	4	5	6	7	124	#
2264	6077	2	3	4	5	6	7	8	124	#
2265	6077	3	4	5	6	7	8	9	124	#
2266	3419	4	5	6	7	8	9	10	124	#
2267	3419	5	6	7	8	9	10	11	124	#
2268	3419	6	7	8	9	10	11	12	124	#
2269	3419	7	8	9	10	11	12	13	124	#
2270	3419	8	9	10	11	12	13	14	124	#
2271	3419	9	10	11	12	13	14	15	124	#
2272	3419	10	11	12	13	14	15	16	124	#
2273	2188	11	12	13	14	15	16	17	124	#
2274	2188	12	13	14	15	16	17	18	124	#
2275	2188	13	14	15	16	17	18	19	124	#
2276	2188	14	15	16	17	18	19	20	124	#
2277	2188	15	16	17	18	19	20	21	124	#
2278	2188	16	17	18	19	20	21	22	124	#
2279	2188	17	18	19	20	21	22	23	124	#
2280	2188	18	19	20	21	22	23	24	124	#
2281	2188	19	20	21	22	23	24	25	124	#
2282	1953	20	21	22	23	24	25	26	124	#
2283	1953	21	22	23	24	25	26	27	124	#
2284	1953	22	23	24	25	26	27	28	124	#
2285	1563	23	24	25	26	27	28	29	124	#
2286	1563	24	25	26	27	28	29	30	124	#
2287	1563	25	26	27	28	29	30	31	124	#
2288	1563	26	27	28	29	30	31	32	124	#
2289	1563	27	28	29	30	31	32	33	124	#
2290	1563	28	29	30	31	32	33	34	124	#
2291	1563	29	30	31	32	33	34	35	124	#
2292	1478	30	31	32	33	34	35	36	124	#
2293	1478	31	32	33	34	35	36	37	124	#
2294	1439	32	33	34	35	36	37	38	124	#
2295	1402	33	34	35	36	37	38	39	124	#
2296	7309	0	1	2	3	4	125	#
2297	7309	1	2	3	4	5	125	#
2298	7309	2	3	4	5	6	125	#
2299	8254	0	1	2	3	4	5	6	126	#
2300	8254	1	2	3	4	5	6	7	126	#
2301	8254	2	3	4	5	6	7	8	126	#
2302	8254	3	4	5	6	7	8	9	126	#
2303	8254	4	5	6	7	8	9	10	126	#
2304	8254	5	6	7	8	9	10	11	126	#
2305	8254	6	7	8	9	10	11	12	126	#
2306	2913	7	8	9	10	11	12	13	126	#
2307	2913	8	9	10	11	12	13	14	126	#
2308	2913	9	10	11	12	13	14	15	126	#
2309	2913	10	11	12	13	14	15	16	126	#
2310	2913	11	12	13	14	15	16	17	126	#
2311	2913	12	13	14	15	16	17	18	126	#
2312	2913	13	14	15	16	17	18	19	126	#
2313	2913	14	15	16	17	18	19	20	126	#
2314	2913	15	16	17	18	19	20	21	126	#
2315	2913	16	17	18	19	20	21	22	126	#
2316	2913	17	18	19	20	21	22	23	126	#
2317	2913	18	19	20	21	22	23	24	126	#
2318	2913	19	20	21	22	23	24	25	126	#
2319	2913	20	21	22	23	24	25	26	126	#
2320	2913	21	22	23	24	25	26	27	126	#
2321	2913	22	23	24	25	26	27	28	126	#
2322	2913	23	24	25	26	27	28	29	126	#
2323	2913	24	25	26	27	28	29	30	126	#
2324	2913	25	26	27	28	29	30	31	126	#
2325	2913	26	27	28	29	30	31	32	126	#
2326	2913	27	28	29	30	31	32	33	126	#
2327	2913	28	29	30	31	32	33	34	126	#
2328	2751	29	30	31	32	33	34	35	126	#
2329	2751	30	31	32	33	34	35	36	126	#
2330	15255	0	1	2	3	4	5	6	127	#
2331	15255	1	2	3	4	5	6	7	127	#
2332	15255	2	3	4	5	6	7	8	127	#
2333	15255	3	4	5	6	7	8	9	127	#
2334	15255	4	5	6	7	8	9	10	127	#
2335	15255	5	6	7	8	9	10	11	127	#
2336	15255	6	7	8	9	10	11	12	127	#
2337	15255	7	8	9	10	11	12	13	127	#
2338	15255	8	9	10	11	12	13	14	127	#
2339	15255	9	10	11	12	13	14	15	127	#
2340	15255	10	11	12	13	14	15	16	127	#
2341	15255	11	12	13	14	15	16	17	127	#
2342	15255	12	13	14	15	16	17	18	127	#
2343	15255	13	14	15	16	17	18	19	127	#
2344	15255	14	15	16	17	18	19	20	127	#
2345	15255	15	16	17	18	19	20	21	127	#
2346	15255	16	17	18	19	20	21	22	127	#
2347	9323	17	18	19	20	21	22	23	127	#
2348	9323	18	19	20	21	22	23	24	127	#
2349	9323	19	20	21	22	23	24	25	127	#
2350	9323	20	21	22	23	24	25	26	127	#
2351	9323	21	22	23	24	25	26	27	127	#
2352	9323	22	23	24	25	26	27	28	127	#
2353	9323	23	24	25	26	27	28	29	127	#
2354	9323	24	25	26	27	28	29	30	127	#
2355	9323	25	26	27	28	29	30	31	127	#
2356	9323	26	27	28	29	30	31	32	127	#
2357	9323	27	28	29	30	31	32	33	127	#
2358	9323	28	29	30	31	32	33	34	127	#
2359	9323	29	30	31	32	33	34	35	127	#
2360	9323	30	31	32	33	34	35	36	127	#
2361	9071	31	32	33	34	35	36	37	127	#
2362	1993	0	1	128	#
2363	1993	1	2	128	#
2364	1993	2	3	128	#
2365	1993	3	4	128	#
2366	1993	4	5	128	#
2367	1993	5	6	128	#
2368	1993	6	7	128	#
2369	1993	7	8	128	#
2370	1993	8	9	128	#
2371	1993	9	10	128	#
2372	1993	10	11	128	#
2373	1993	11	12	128	#
2374	1993	12	13	128	#
2375	1993	13	14	128	#
2376	1993	14	15	128	#
2377	1993	15	16	128	#
2378	1993	16	17	128	#
2379	1993	17	18	128	#
2380	1993	18	19	128	#
2381	1993	19	20	128	#
2382	1993	20	21	128	#
2383	1993	21	22	128	#
2384	1993	22	23	128	#
2385	1993	23	24	128	#
2386	1407	24	25	128	#
2387	1407	25	26	128	#
2388	1407	26	27	128	#
2389	1407	27	28	128	#
2390	1407	28	29	128	#
2391	1407	29	30	128	#
2392	1407	30	31	128	#
2393	1407	31	32	128	#
2394	1407	32	33	128	#
2395	1407	33	34	128	#
2396	1293	34	35	128	#
2397	1293	35	36	128	#
2398	1293	36	37	128	#
2399	1259	37	38	128	#
2400	1226	38	39	128	#
2401	18506	0	1	2	3	4	5	6	7	8	9	129	#
2402	18506	1	2	3	4	5	6	7	8	9	10	129	#
2403	18506	2	3	4	5	6	7	8	9	10	11	129	#
2404	18506	3	4	5	6	7	8	9	10	11	12	129	#
2405	18506	4	5	6	7	8	9	10	11	12	13	129	#
2406	18506	5	6	7	8	9	10	11	12	13	14	129	#
2407	18506	6	7	8	9	10	11	12	13	14	15	129	#
2408	18506	7	8	9	10	11	12	13	14	15	16	129	#
2409	18506	8	9	10	11	12	13	14	15	16	17	129	#
2410	18506	9	10	11	12	13	14	15	16	17	18	129	#
2411	18506	10	11	12	13	14	15	16	17	18	19	129	#
2412	18506	11	12	13	14	15	16	17	18	19	20	129	#
2413	18506	12	13	14	15	16	17	18	19	20	21	129	#
2414	18506	13	14	15	16	17	18	19	20	21	22	129	#
2415	10714	14	15	16	17	18	19	20	21	22	23	129	#
2416	10714	15	16	17	18	19	20	21	22	23	24	129	#
2417	10714	16	17	18	19	20	21	22	23	24	25	129	#
2418	10714	17	18	19	20	21	22	23	24	25	26	129	#
2419	10714	18	19	20	21	22	23	24	25	26	27	129	#
2420	10714	19	20	21	22	23	24	25	26	27	28	129	#
2421	10714	20	21	22	23	24	25	26	27	28	29	129	#
2422	10714	21	22	23	24	25	26	27	28	29	30	129	#
2423	10714	22	23	24	25	26	27	28	29	30	31	129	#
2424	10714	23	24	25	26	27	28	29	30	31	32	129	#
2425	10714	24	25	26	27	28	29	30	31	32	33	129	#
2426	10714	25	26	27	28	29	30	31	32	33	34	129	#
2427	10714	26	27	28	29	30	31	32	33	34	35	129	#
2428	10714	27	28	29	30	31	32	33	34	35	36	129	#
2429	10714	28	29	30	31	32	33	34	35	36	37	129	#
2430	10714	29	30	31	32	33	34	35	36	37	38	129	#
2431	3195	0	1	130	#
2432	3195	1	2	130	#
2433	3195	2	3	130	#
2434	3195	3	4	130	#
2435	3195	4	5	130	#
2436	3195	5	6	130	#
2437	3195	6	7	130	#
2438	3195	7	8	130	#
2439	3195	8	9	130	#
2440	3195	9	10	130	#
2441	3195	10	11	130	#
2442	3195	11	12	130	#
2443	3195	12	13	130	#
2444	3195	13	14	130	#
2445	3195	14	15	130	#
2446	3195	15	16	130	#
2447	3195	16	17	130	#
2448	3195	17	18	130	#
2449	3195	18	19	130	#
2450	3195	19	20	130	#
2451	3195	20	21	130	#
2452	2581	21	22	130	#
2453	2581	22	23	130	#
2454	2581	23	24	130	#
2455	2581	24	25	130	#
2456	2581	25	26	130	#
2457	8373	0	1	2	3	4	131	#
2458	8373	1	2	3	4	5	131	#
2459	8373	2	3	4	5	6	131	#
2460	8373	3	4	5	6	7	131	#
2461	8373	4	5	6	7	8	131	#
2462	8373	5	6	7	8	9	131	#
2463	8373	6	7	8	9	10	131	#
2464	8373	7	8	9	10	11	131	#
2465	8373	8	9	10	11	12	131	#
2466	8373	9	10	11	12	13	131	#
2467	8373	10	11	12	13	14	131	#
2468	8373	11	12	13	14	15	131	#
2469	8373	12	13	14	15	16	131	#
2470	8373	13	14	15	16	17	131	#
2471	8373	14	15	16	17	18	131	#
2472	8373	15	16	17	18	19	131	#
2473	8373	16	17	18	19	20	131	#
2474	8373	17	18	19	20	21	131	#
2475	8373	18	19	20	21	22	131	#
2476	8373	19	20	21	22	23	131	#
2477	8373	20	21	22	23	24	131	#
2478	8373	21	22	23	24	25	131	#
2479	8373	22	23	24	25	26	131	#
2480	6403	23	24	25	26	27	131	#
2481	6403	24	25	26	27	28	131	#
2482	6403	25	26	27	28	29	131	#
2483	6403	26	27	28	29	30	131	#
2484	6403	27	28	29	30	31	131	#
2485	6403	28	29	30	31	32	131	#
2486	6403	29	30	31	32	33	131	#
2487	6403	30	31	32	33	34	131	#
2488	6047	31	32	33	34	35	131	#
2489	6047	32	33	34	35	36	131	#
2490	3034	0	1	132	#
2491	3034	1	2	132	#
2492	3034	2	3	132	#
2493	3034	3	4	132	#
2494	3034	4	5	132	#
2495	3034	5	6	132	#
2496	3034	6	7	132	#
2497	3034	7	8	132	#
2498	3034	8	9	132	#
2499	3034	9	10	132	#
2500	3034	10	11	132	#
2501	3034	11	12	132	#
2502	3034	12	13	132	#
2503	3034	13	14	132	#
2504	3034	14	15	132	#
2505	3034	15	16	132	#
2506	1674	16	17	132	#
2507	1674	17	18	132	#
2508	1674	18	19	132	#
2509	1674	19	20	132	#
2510	1674	20	21	132	#
2511	1674	21	22	132	#
2512	1674	22	23	132	#
2513	1674	23	24	132	#
2514	1674	24	25	132	#
2515	1674	25	26	132	#
2516	1674	26	27	132	#
2517	1674	27	28	132	#
2518	1674	28	29	132	#
2519	19387	0	1	2	3	4	5	6	7	8	9	133	#
2520	19387	1	2	3	4	5	6	7	8	9	10	133	#
2521	19387	2	3	4	5	6	7	8	9	10	11	133	#
2522	19387	3	4	5	6	7	8	9	10	11	12	133	#
2523	19387	4	5	6	7	8	9	10	11	12	13	133	#
2524	19387	5	6	7	8	9	10	11	12	13	14	133	#
2525	19387	6	7	8	9	10	11	12	13	14	15	133	#
2526	19387	7	8	9	10	11	12	13	14	15	16	133	#
2527	19387	8	9	10	11	12	13	14	15	16	17	133	#
2528	19387	9	10	11	12	13	14	15	16	17	18	133	#
2529	19387	10	11	12	13	14	15	16	17	18	19	133	#
2530	19387	11	12	13	14	15	16	17	18	19	20	133	#
2531	19387	12	13	14	15	16	17	18	19	20	21	133	#
2532	19387	13	14	15	16	17	18	19	20	21	22	133	#
2533	19387	14	15	16	17	18	19	20	21	22	23	133	#
2534	19387	15	16	17	18	19	20	21	22	23	24	133	#
2535	19387	16	17	18	19	20	21	22	23	24	25	133	#
2536	19387	17	18	19	20	21	22	23	24	25	26	133	#
2537	13623	18	19	20	21	22	23	24	25	26	27	133	#
2538	13623	19	20	21	22	23	24	25	26	27	28	133	#
2539	13623	20	21	22	23	24	25	26	27	28	29	133	#
2540	13623	21	22	23	24	25	26	27	28	29	30	133	#
2541	13623	22	23	24	25	26	27	28	29	30	31	133	#
2542	13623	23	24	25	26	27	28	29	30	31	32	133	#
2543	13623	24	25	26	27	28	29	30	31	32	33	133	#
2544	13623	25	26	27	28	29	30	31	32	33	34	133	#
2545	13623	26	27	28	29	30	31	32	33	34	35	133	#
2546	13623	27	28	29	30	31	32	33	34	35	36	133	#
2547	13623	28	29	30	31	32	33	34	35	36	37	133	#
2548	13265	29	30	31	32	33	34	35	36	37	38	133	#
2549	12925	30	31	32	33	34	35	36	37	38	39	133	#
2550	14699	0	1	2	3	4	5	6	7	8	9	134	#
2551	14699	1	2	3	4	5	6	7	8	9	10	134	#
2552	14699	2	3	4	5	6	7	8	9	10	11	134	#
2553	14699	3	4	5	6	7	8	9	10	11	12	134	#
2554	14699	4	5	6	7	8	9	10	11	12	13	134	#
2555	14699	5	6	7	8	9	10	11	12	13	14	134	#
2556	5415	6	7	8	9	10	11	12	13	14	15	134	#
2557	5415	7	8	9	10	11	12	13	14	15	16	134	#
2558	5415	8	9	10	11	12	13	14	15	16	17	134	#
2559	5415	9	10	11	12	13	14	15	16	17	18	134	#
2560	5415	10	11	12	13	14	15	16	17	18	19	134	#
2561	5415	11	12	13	14	15	16	17	18	19	20	134	#
2562	5415	12	13	14	15	16	17	18	19	20	21	134	#
2563	5415	13	14	15	16	17	18	19	20	21	22	134	#
2564	5415	14	15	16	17	18	19	20	21	22	23	134	#
2565	5415	15	16	17	18	19	20	21	22	23	24	134	#
2566	5415	16	17	18	19	20	21	22	23	24	25	134	#
2567	5415	17	18	19	20	21	22	23	24	25	26	134	#
2568	5415	18	19	20	21	22	23	24	25	26	27	134	#
2569	5415	19	20	21	22	23	24	25	26	27	28	134	#
2570	5415	20	21	22	23	24	25	26	27	28	29	134	#
2571	5415	21	22	23	24	25	26	27	28	29	30	134	#
2572	5415	22	23	24	25	26	27	28	29	30	31	134	#
2573	5415	23	24	25	26	27	28	29	30	31	32	134	#
2574	5415	24	25	26	27	28	29	30	31	32	33	134	#
2575	5415	25	26	27	28	29	30	31	32	33	34	134	#
2576	5415	26	27	28	29	30	31	32	33	34	35	134	#
2577	5415	27	28	29	30	31	32	33	34	35	36	134	#
2578	5415	28	29	30	31	32	33	34	35	36	37	134	#
2579	5415	29	30	31	32	33	34	35	36	37	38	134	#
2580	589	0	135	#
2581	589	1	135	#
2582	589	2	135	#
2583	589	3	135	#
2584	589	4	135	#
2585	589	5	135	#
2586	589	6	135	#
2587	589	7	135	#
2588	589	8	135	#
2589	589	9	135	#
2590	589	10	135	#
2591	589	11	135	#
2592	589	12	135	#
2593	589	13	135	#
2594	589	14	135	#
2595	589	15	135	#
2596	589	16	135	#
2597	589	17	135	#
2598	10151	0	1	2	3	4	5	6	7	8	9	136	#
2599	10151	1	2	3	4	5	6	7	8	9	10	136	#
2600	10151	2	3	4	5	6	7	8	9	10	11	136	#
2601	10151	3	4	5	6	7	8	9	10	11	12	136	#
2602	10151	4	5	6	7	8	9	10	11	12	13	136	#
2603	10151	5	6	7	8	9	10	11	12	13	14	136	#
2604	10151	6	7	8	9	10	11	12	13	14	15	136	#
2605	10151	7	8	9	10	11	12	13	14	15	16	136	#
2606	10151	8	9	10	11	12	13	14	15	16	17	136	#
2607	10151	9	10	11	12	13	14	15	16	17	18	136	#
2608	10151	10	11	12	13	14	15	16	17	18	19	136	#
2609	10151	11	12	13	14	15	16	17	18	19	20	136	#
2610	10151	12	13	14	15	16	17	18	19	20	21	136	#
2611	10151	13	14	15	16	17	18	19	20	21	22	136	#
2612	10151	14	15	16	17	18	19	20	21	22	23	136	#
2613	2027	0	1	2	137	#
2614	2027	1	2	3	137	#
2615	2027	2	3	4	137	#
2616	2027	3	4	5	137	#
2617	2027	4	5	6	137	#
2618	2027	5	6	7	137	#
2619	2027	6	7	8	137	#
2620	2027	7	8	9	137	#
2621	18234	0	1	2	3	4	5	6	7	8	138	#
2622	18234	1	2	3	4	5	6	7	8	9	138	#
2623	18234	2	3	4	5	6	7	8	9	10	138	#
2624	18234	3	4	5	6	7	8	9	10	11	138	#
2625	18234	4	5	6	7	8	9	10	11	12	138	#
2626	18234	5	6	7	8	9	10	11	12	13	138	#
2627	18234	6	7	8	9	10	11	12	13	14	138	#
2628	18234	7	8	9	10	11	12	13	14	15	138	#
2629	18234	8	9	10	11	12	13	14	15	16	138	#
2630	18234	9	10	11	12	13	14	15	16	17	138	#
2631	18234	10	11	12	13	14	15	16	17	18	138	#
2632	18234	11	12	13	14	15	16	17	18	19	138	#
2633	18234	12	13	14	15	16	17	18	19	20	138	#
2634	18234	13	14	15	16	17	18	19	20	21	138	#
2635	18234	14	15	16	17	18	19	20	21	22	138	#
2636	18234	15	16	17	18	19	20	21	22	23	138	#
2637	13529	16	17	18	19	20	21	22	23	24	138	#
2638	13529	17	18	19	20	21	22	23	24	25	138	#
2639	13529	18	19	20	21	22	23	24	25	26	138	#
2640	13529	19	20	21	22	23	24	25	26	27	138	#
2641	13529	20	21	22	23	24	25	26	27	28	138	#
2642	13529	21	22	23	24	25	26	27	28	29	138	#
2643	13529	22	23	24	25	26	27	28	29	30	138	#
2644	13529	23	24	25	26	27	28	29	30	31	138	#
2645	7812	0	1	2	3	4	5	6	7	8	139	#
2646	7812	1	2	3	4	5	6	7	8	9	139	#
2647	7812	2	3	4	5	6	7	8	9	10	139	#
2648	7812	3	4	5	6	7	8	9	10	11	139	#
2649	5729	4	5	6	7	8	9	10	11	12	139	#
2650	5729	5	6	7	8	9	10	11	12	13	139	#
2651	5729	6	7	8	9	10	11	12	13	14	139	#
2652	5729	7	8	9	10	11	12	13	14	15	139	#
2653	3069	8	9	10	11	12	13	14	15	16	139	#
2654	3069	9	10	11	12	13	14	15	16	17	139	#
2655	3069	10	11	12	13	14	15	16	17	18	139	#
2656	3069	11	12	13	14	15	16	17	18	19	139	#
2657	3069	12	13	14	15	16	17	18	19	20	139	#
2658	3069	13	14	15	16	17	18	19	20	21	139	#
2659	3069	14	15	16	17	18	19	20	21	22	139	#
2660	3069	15	16	17	18	19	20	21	22	23	139	#
2661	3069	16	17	18	19	20	21	22	23	24	139	#
2662	3069	17	18	19	20	21	22	23	24	25	139	#
2663	3069	18	19	20	21	22	23	24	25	26	139	#
2664	3069	19	20	21	22	23	24	25	26	27	139	#
2665	3069	20	21	22	23	24	25	26	27	28	139	#
2666	2864	21	22	23	24	25	26	27	28	29	139	#
2667	2864	22	23	24	25	26	27	28	29	30	139	#
2668	2261	23	24	25	26	27	28	29	30	31	139	#
2669	2261	24	25	26	27	28	29	30	31	32	139	#
2670	2261	25	26	27	28	29	30	31	32	33	139	#
2671	2261	26	27	28	29	30	31	32	33	34	139	#
2672	2261	27	28	29	30	31	32	33	34	35	139	#
2673	2261	28	29	30	31	32	33	34	35	36	139	#
2674	2261	29	30	31	32	33	34	35	36	37	139	#
2675	2261	30	31	32	33	34	35	36	37	38	139	#
2676	5365	0	1	2	3	140	#
2677	5365	1	2	3	4	140	#
2678	5365	2	3	4	5	140	#
2679	5365	3	4	5	6	140	#
2680	5365	4	5	6	7	140	#
2681	5365	5	6	7	8	140	#
2682	5365	6	7	8	9	140	#
2683	5365	7	8	9	10	140	#
2684	5365	8	9	10	11	140	#
2685	5365	9	10	11	12	140	#
2686	5365	10	11	12	13	140	#
2687	5365	11	12	13	14	140	#
2688	3577	12	13	14	15	140	#
2689	3577	13	14	15	16	140	#
2690	3577	14	15	16	17	140	#
2691	3577	15	16	17	18	140	#
2692	3577	16	17	18	19	140	#
2693	3577	17	18	19	20	140	#
2694	3577	18	19	20	21	140	#
2695	2146	19	20	21	22	140	#
2696	2146	20	21	22	23	140	#
2697	2146	21	22	23	24	140	#
2698	2146	22	23	24	25	140	#
2699	2146	23	24	25	26	140	#
2700	2146	24	25	26	27	140	#
2701	2146	25	26	27	28	140	#
2702	2146	26	27	28	29	140	#
2703	2146	27	28	29	30	140	#
2704	2146	28	29	30	31	140	#
2705	2146	29	30	31	32	140	#
2706	2146	30	31	32	33	140	#
2707	2146	31	32	33	34	140	#
2708	2146	32	33	34	35	140	#
2709	2086	33	34	35	36	140	#
2710	1977	34	35	36	37	140	#
2711	1977	35	36	37	38	140	#
2712	1926	36	37	38	39	140	#
2713	3161	0	1	141	#
2714	3161	1	2	141	#
2715	3161	2	3	141	#
2716	3161	3	4	141	#
2717	3161	4	5	141	#
2718	3161	5	6	141	#
2719	3161	6	7	141	#
2720	3161	7	8	141	#
2721	3161	8	9	141	#
2722	3161	9	10	141	#
2723	3161	10	11	141	#
2724	3161	11	12	141	#
2725	3161	12	13	141	#
2726	3161	13	14	141	#
2727	3161	14	15	141	#
2728	3161	15	16	141	#
2729	3161	16	17	141	#
2730	3161	17	18	141	#
2731	3161	18	19	141	#
2732	3161	19	20	141	#
2733	3161	20	21	141	#
2734	3161	21	22	141	#
2735	3161	22	23	141	#
2736	3161	23	24	141	#
2737	3161	24	25	141	#
2738	3161	25	26	141	#
2739	3161	26	27	141	#
2740	3161	27	28	141	#
2741	3161	28	29	141	#
2742	3161	29	30	141	#
2743	3161	30	31	141	#
2744	3161	31	32	141	#
2745	2594	32	33	141	#
2746	2594	33	34	141	#
2747	2594	34	35	141	#
2748	2594	35	36	141	#
2749	2594	36	37	141	#
2750	2594	37	38	141	#
2751	2594	38	39	141	#
2752	9050	0	1	2	3	4	5	6	7	8	142	#
2753	9050	1	2	3	4	5	6	7	8	9	142	#
2754	9050	2	3	4	5	6	7	8	9	10	142	#
2755	9050	3	4	5	6	7	8	9	10	11	142	#
2756	9050	4	5	6	7	8	9	10	11	12	142	#
2757	9050	5	6	7	8	9	10	11	12	13	142	#
2758	9050	6	7	8	9	10	11	12	13	14	142	#
2759	9050	7	8	9	10	11	12	13	14	15	142	#
2760	9050	8	9	10	11	12	13	14	15	16	142	#
2761	9050	9	10	11	12	13	14	15	16	17	142	#
2762	9050	10	11	12	13	14	15	16	17	18	142	#
2763	9050	11	12	13	14	15	16	17	18	19	142	#
2764	9050	12	13	14	15	16	17	18	19	20	142	#
2765	9050	13	14	15	16	17	18	19	20	21	142	#
2766	9050	14	15	16	17	18	19	20	21	22	142	#
2767	9050	15	16	17	18	19	20	21	22	23	142	#
2768	9050	16	17	18	19	20	21	22	23	24	142	#
2769	9050	17	18	19	20	21	22	23	24	25	142	#
2770	9050	18	19	20	21	22	23	24	25	26	142	#
2771	9050	19	20	21	22	23	24	25	26	27	142	#
2772	9050	20	21	22	23	24	25	26	27	28	142	#
2773	9050	21	22	23	24	25	26	27	28	29	142	#
2774	9050	22	23	24	25	26	27	28	29	30	142	#
2775	9050	23	24	25	26	27	28	29	30	31	142	#
2776	9050	24	25	26	27	28	29	30	31	32	142	#
2777	8274	25	26	27	28	29	30	31	32	33	142	#
2778	8274	26	27	28	29	30	31	32	33	34	142	#
2779	8274	27	28	29	30	31	32	33	34	35	142	#
2780	7621	28	29	30	31	32	33	34	35	36	142	#
2781	7621	29	30	31	32	33	34	35	36	37	142	#
2782	7621	30	31	32	33	34	35	36	37	38	142	#
2783	10749	0	1	2	3	4	5	6	143	#
2784	5863	1	2	3	4	5	6	7	143	#
2785	5863	2	3	4	5	6	7	8	143	#
2786	5863	3	4	5	6	7	8	9	143	#
2787	5863	4	5	6	7	8	9	10	143	#
2788	5863	5	6	7	8	9	10	11	143	#
2789	3395	6	7	8	9	10	11	12	143	#
2790	3395	7	8	9	10	11	12	13	143	#
2791	3395	8	9	10	11	12	13	14	143	#
2792	3395	9	10	11	12	13	14	15	143	#
2793	3395	10	11	12	13	14	15	16	143	#
2794	3395	11	12	13	14	15	16	17	143	#
2795	3395	12	13	14	15	16	17	18	143	#
2796	3395	13	14	15	16	17	18	19	143	#
2797	2804	14	15	16	17	18	19	20	143	#
2798	2804	15	16	17	18	19	20	21	143	#
2799	2804	16	17	18	19	20	21	22	143	#
2800	2804	17	18	19	20	21	22	23	143	#
2801	4668	0	1	2	3	4	144	#
2802	4668	1	2	3	4	5	144	#
2803	4668	2	3	4	5	6	144	#
2804	4668	3	4	5	6	7	144	#
2805	4668	4	5	6	7	8	144	#
2806	4668	5	6	7	8	9	144	#
2807	4668	6	7	8	9	10	144	#
2808	4668	7	8	9	10	11	144	#
2809	4668	8	9	10	11	12	144	#
2810	3735	9	10	11	12	13	144	#
2811	3735	10	11	12	13	14	144	#
2812	3735	11	12	13	14	15	144	#
2813	1932	12	13	14	15	16	144	#
2814	1932	13	14	15	16	17	144	#
2815	1932	14	15	16	17	18	144	#
2816	1932	15	16	17	18	19	144	#
2817	1932	16	17	18	19	20	144	#
2818	1932	17	18	19	20	21	144	#
2819	1932	18	19	20	21	22	144	#
2820	1932	19	20	21	22	23	144	#
2821	1932	20	21	22	23	24	144	#
2822	1932	21	22	23	24	25	144	#
2823	1932	22	23	24	25	26	144	#
2824	1932	23	24	25	26	27	144	#
2825	1932	24	25	26	27	28	144	#
2826	1932	25	26	27	28	29	144	#
2827	5949	0	1	2	3	145	#
2828	2550	1	2	3	4	145	#
2829	2550	2	3	4	5	145	#
2830	2550	3	4	5	6	145	#
2831	2550	4	5	6	7	145	#
2832	458	5	6	7	8	145	#
2833	458	6	7	8	9	145	#
2834	458	7	8	9	10	145	#
2835	458	8	9	10	11	145	#
2836	458	9	10	11	12	145	#
2837	458	10	11	12	13	145	#
2838	458	11	12	13	14	145	#
2839	458	12	13	14	15	145	#
2840	458	13	14	15	16	145	#
2841	458	14	15	16	17	145	#
2842	458	15	16	17	18	145	#
2843	458	16	17	18	19	145	#
2844	458	17	18	19	20	145	#
2845	458	18	19	20	21	145	#
2846	458	19	20	21	22	145	#
2847	458	20	21	22	23	145	#
2848	458	21	22	23	24	145	#
2849	458	22	23	24	25	145	#
2850	458	23	24	25	26	145	#
2851	458	24	25	26	27	145	#
2852	458	25	26	27	28	145	#
2853	458	26	27	28	29	145	#
2854	458	27	28	29	30	145	#
2855	458	28	29	30	31	145	#
2856	458	29	30	31	32	145	#
2857	458	30	31	32	33	145	#
2858	458	31	32	33	34	145	#
2859	458	32	33	34	35	145	#
2860	458	33	34	35	36	145	#
2861	458	34	35	36	37	145	#
2862	458	35	36	37	38	145	#
2863	458	36	37	38	39	145	#
2864	6581	0	1	2	3	4	5	146	#
2865	6581	1	2	3	4	5	6	146	#
2866	6581	2	3	4	5	6	7	146	#
2867	6581	3	4	5	6	7	8	146	#
2868	6581	4	5	6	7	8	9	146	#
2869	6581	5	6	7	8	9	10	146	#
2870	6581	6	7	8	9	10	11	146	#
2871	6581	7	8	9	10	11	12	146	#
2872	6581	8	9	10	11	12	13	146	#
2873	2674	9	10	11	12	13	14	146	#
2874	2674	10	11	12	13	14	15	146	#
2875	2674	11	12	13	14	15	16	146	#
2876	2674	12	13	14	15	16	17	146	#
2877	2674	13	14	15	16	17	18	146	#
2878	2674	14	15	16	17	18	19	146	#
2879	2674	15	16	17	18	19	20	146	#
2880	2674	16	17	18	19	20	21	146	#
2881	2674	17	18	19	20	21	22	146	#
2882	2674	18	19	20	21	22	23	146	#
2883	2674	19	20	21	22	23	24	146	#
2884	2674	20	21	22	23	24	25	146	#
2885	2674	21	22	23	24	25	26	146	#
2886	2674	22	23	24	25	26	27	146	#
2887	2674	23	24	25	26	27	28	146	#
2888	2674	24	25	26	27	28	29	146	#
2889	2674	25	26	27	28	29	30	146	#
2890	2674	26	27	28	29	30	31	146	#
2891	2674	27	28	29	30	31	32	146	#
2892	2445	28	29	30	31	32	33	146	#
2893	2445	29	30	31	32	33	34	146	#
2894	2445	30	31	32	33	34	35	146	#
2895	9278	0	1	2	3	4	5	6	147	#
2896	9278	1	2	3	4	5	6	7	147	#
2897	9278	2	3	4	5	6	7	8	147	#
2898	9278	3	4	5	6	7	8	9	147	#
2899	9278	4	5	6	7	8	9	10	147	#
2900	9278	5	6	7	8	9	10	11	147	#
2901	9278	6	7	8	9	10	11	12	147	#
2902	9278	7	8	9	10	11	12	13	147	#
2903	9278	8	9	10	11	12	13	14	147	#
2904	9278	9	10	11	12	13	14	15	147	#
2905	9278	10	11	12	13	14	15	16	147	#
2906	9278	11	12	13	14	15	16	17	147	#
2907	9278	12	13	14	15	16	17	18	147	#
2908	9278	13	14	15	16	17	18	19	147	#
2909	9278	14	15	16	17	18	19	20	147	#
2910	9278	15	16	17	18	19	20	21	147	#
2911	9278	16	17	18	19	20	21	22	147	#
2912	9278	17	18	19	20	21	22	23	147	#
2913	9278	18	19	20	21	22	23	24	147	#
2914	9278	19	20	21	22	23	24	25	147	#
2915	9278	20	21	22	23	24	25	26	147	#
2916	9278	21	22	23	24	25	26	27	147	#
2917	9278	22	23	24	25	26	27	28	147	#
2918	9278	23	24	25	26	27	28	29	147	#
2919	9278	24	25	26	27	28	29	30	147	#
2920	9278	25	26	27	28	29	30	31	147	#
2921	9278	26	27	28	29	30	31	32	147	#
2922	9278	27	28	29	30	31	32	33	147	#
2923	8748	28	29	30	31	32	33	34	147	#
2924	8748	29	30	31	32	33	34	35	147	#
2925	8505	30	31	32	33	34	35	36	147	#
2926	8058	31	32	33	34	35	36	37	147	#
2927	8058	32	33	34	35	36	37	38	147	#
2928	1892	0	1	2	148	#
2929	1892	1	2	3	148	#
2930	1892	2	3	4	148	#
2931	1892	3	4	5	148	#
2932	1892	4	5	6	148	#
2933	1892	5	6	7	148	#
2934	1892	6	7	8	148	#
2935	1892	7	8	9	148	#
2936	1892	8	9	10	148	#
2937	1892	9	10	11	148	#
2938	1892	10	11	12	148	#
2939	1892	11	12	13	148	#
2940	1892	12	13	14	148	#
2941	1892	13	14	15	148	#
2942	1892	14	15	16	148	#
2943	1892	15	16	17	148	#
2944	1892	16	17	18	148	#
2945	1892	17	18	19	148	#
2946	1892	18	19	20	148	#
2947	1892	19	20	21	148	#
2948	1892	20	21	22	148	#
2949	1892	21	22	23	148	#
2950	1892	22	23	24	148	#
2951	1892	23	24	25	148	#
2952	1892	24	25	26	148	#
2953	1696	25	26	27	148	#
2954	1696	26	27	28	148	#
2955	1696	27	28	29	148	#
2956	2240	0	1	149	#
2957	2240	1	2	149	#
2958	2240	2	3	149	#
2959	2240	3	4	149	#
2960	2240	4	5	149	#
2961	2240	5	6	149	#
2962	2240	6	7	149	#
2963	2240	7	8	149	#
2964	2240	8	9	149	#
2965	2240	9	10	149	#
2966	2240	10	11	149	#
2967	2240	11	12	149	#
2968	2240	12	13	149	#
2969	2240	13	14	149	#
2970	2240	14	15	149	#
2971	2240	15	16	149	#
2972	2240	16	17	149	#
2973	2240	17	18	149	#
2974	2240	18	19	149	#
2975	2240	19	20	149	#
2976	2240	20	21	149	#
2977	2240	21	22	149	#
2978	2240	22	23	149	#
2979	2240	23	24	149	#
2980	2240	24	25	149	#
2981	2240	25	26	149	#
2982	2240	26	27	149	#
2983	1680	27	28	149	#
2984	1680	28	29	149	#
2985	1680	29	30	149	#
2986	1680	30	31	149	#
2987	1680	31	32	149	#
2988	1680	32	33	149	#
2989	1680	33	34	149	#
2990	1680	34	35	149	#
2991	1680	35	36	149	#
2992	18963	0	1	2	3	4	5	6	7	8	150	#
2993	18963	1	2	3	4	5	6	7	8	9	150	#
2994	18963	2	3	4	5	6	7	8	9	10	150	#
2995	18963	3	4	5	6	7	8	9	10	11	150	#
2996	18963	4	5	6	7	8	9	10	11	12	150	#
2997	6502	5	6	7	8	9	10	11	12	13	150	#
2998	6502	6	7	8	9	10	11	12	13	14	150	#
2999	6502	7	8	9	10	11	12	13	14	15	150	#
3000	6502	8	9	10	11	12	13	14	15	16	150	#
3001	6502	9	10	11	12	13	14	15	16	17	150	#
3002	6502	10	11	12	13	14	15	16	17	18	150	#
3003	6502	11	12	13	14	15	16	17	18	19	150	#
3004	6502	12	13	14	15	16	17	18	19	20	150	#
3005	6502	13	14	15	16	17	18	19	20	21	150	#
3006	6502	14	15	16	17	18	19	20	21	22	150	#
3007	6502	15	16	17	18	19	20	21	22	23	150	#
3008	6502	16	17	18	19	20	21	22	23	24	150	#
3009	6502	17	18	19	20	21	22	23	24	25	150	#
3010	6502	18	19	20	21	22	23	24	25	26	150	#
3011	6502	19	20	21	22	23	24	25	26	27	150	#
3012	6502	20	21	22	23	24	25	26	27	28	150	#
3013	6502	21	22	23	24	25	26	27	28	29	150	#
3014	6502	22	23	24	25	26	27	28	29	30	150	#
3015	6502	23	24	25	26	27	28	29	30	31	150	#
3016	6502	24	25	26	27	28	29	30	31	32	150	#
3017	6502	25	26	27	28	29	30	31	32	33	150	#
3018	6502	26	27	28	29	30	31	32	33	34	150	#
3019	6502	27	28	29	30	31	32	33	34	35	150	#
3020	6150	28	29	30	31	32	33	34	35	36	150	#
3021	6150	29	30	31	32	33	34	35	36	37	150	#
3022	6542	0	1	2	3	4	5	6	7	151	#
3023	6542	1	2	3	4	5	6	7	8	151	#
3024	6542	2	3	4	5	6	7	8	9	151	#
3025	6542	3	4	5	6	7	8	9	10	151	#
3026	6542	4	5	6	7	8	9	10	11	151	#
3027	6542	5	6	7	8	9	10	11	12	151	#
3028	6542	6	7	8	9	10	11	12	13	151	#
3029	6542	7	8	9	10	11	12	13	14	151	#
3030	6542	8	9	10	11	12	13	14	15	151	#
3031	6542	9	10	11	12	13	14	15	16	151	#
3032	6542	10	11	12	13	14	15	16	17	151	#
3033	6542	11	12	13	14	15	16	17	18	151	#
3034	6542	12	13	14	15	16	17	18	19	151	#
3035	6542	13	14	15	16	17	18	19	20	151	#
3036	6542	14	15	16	17	18	19	20	21	151	#
3037	6542	15	16	17	18	19	20	21	22	151	#
3038	6542	16	17	18	19	20	21	22	23	151	#
3039	6542	17	18	19	20	21	22	23	24	151	#
3040	6542	18	19	20	21	22	23	24	25	151	#
3041	6542	19	20	21	22	23	24	25	26	151	#
3042	6542	20	21	22	23	24	25	26	27	151	#
3043	6542	21	22	23	24	25	26	27	28	151	#
3044	6542	22	23	24	25	26	27	28	29	151	#
3045	6542	23	24	25	26	27	28	29	30	151	#
3046	6542	24	25	26	27	28	29	30	31	151	#
3047	6542	25	26	27	28	29	30	31	32	151	#
3048	6542	26	27	28	29	30	31	32	33	151	#
3049	6542	27	28	29	30	31	32	33	34	151	#
3050	6542	28	29	30	31	32	33	34	35	151	#
3051	5871	29	30	31	32	33	34	35	36	151	#
3052	5871	30	31	32	33	34	35	36	37	151	#
3053	5871	31	32	33	34	35	36	37	38	151	#
3054	5871	32	33	34	35	36	37	38	39	151	#
3055	6772	0	1	2	3	4	152	#
3056	6772	1	2	3	4	5	152	#
3057	6772	2	3	4	5	6	152	#
3058	6772	3	4	5	6	7	152	#
3059	6772	4	5	6	7	8	152	#
3060	4168	5	6	7	8	9	152	#
3061	4168	6	7	8	9	10	152	#
3062	4168	7	8	9	10	11	152	#
3063	4168	8	9	10	11	12	152	#
3064	4168	9	10	11	12	13	152	#
3065	1389	10	11	12	13	14	152	#
3066	1389	11	12	13	14	15	152	#
3067	1389	12	13	14	15	16	152	#
3068	1389	13	14	15	16	17	152	#
3069	1389	14	15	16	17	18	152	#
3070	1389	15	16	17	18	19	152	#
3071	1389	16	17	18	19	20	152	#
3072	1389	17	18	19	20	21	152	#
3073	1389	18	19	20	21	22	152	#
3074	1389	19	20	21	22	23	152	#
3075	1389	20	21	22	23	24	152	#
3076	1389	21	22	23	24	25	152	#
3077	1389	22	23	24	25	26	152	#
3078	1389	23	24	25	26	27	152	#
3079	1389	24	25	26	27	28	152	#
3080	1389	25	26	27	28	29	152	#
3081	1389	26	27	28	29	30	152	#
3082	1389	27	28	29	30	31	152	#
3083	1389	28	29	30	31	32	152	#
3084	1389	29	30	31	32	33	152	#
3085	1389	30	31	32	33	34	152	#
3086	1389	31	32	33	34	35	152	#
3087	1389	32	33	34	35	36	152	#
3088	1389	33	34	35	36	37	152	#
3089	1389	34	35	36	37	38	152	#
3090	1389	35	36	37	38	39	152	#
3091	13262	0	1	2	3	4	5	6	153	#
3092	13262	1	2	3	4	5	6	7	153	#
3093	13262	2	3	4	5	6	7	8	153	#
3094	13262	3	4	5	6	7	8	9	153	#
3095	13262	4	5	6	7	8	9	10	153	#
3096	13262	5	6	7	8	9	10	11	153	#
3097	13262	6	7	8	9	10	11	12	153	#
3098	13262	7	8	9	10	11	12	13	153	#
3099	13262	8	9	10	11	12	13	14	153	#
3100	13262	9	10	11	12	13	14	15	153	#
3101	13262	10	11	12	13	14	15	16	153	#
3102	13262	11	12	13	14	15	16	17	153	#
3103	13262	12	13	14	15	16	17	18	153	#
3104	13262	13	14	15	16	17	18	19	153	#
3105	13262	14	15	16	17	18	19	20	153	#
3106	13262	15	16	17	18	19	20	21	153	#
3107	13262	16	17	18	19	20	21	22	153	#
3108	13262	17	18	19	20	21	22	23	153	#
3109	13262	18	19	20	21	22	23	24	153	#
3110	13262	19	20	21	22	23	24	25	153	#
3111	13262	20	21	22	23	24	25	26	153	#
3112	13262	21	22	23	24	25	26	27	153	#
3113	13262	22	23	24	25	26	27	28	153	#
3114	13262	23	24	25	26	27	28	29	153	#
3115	13262	24	25	26	27	28	29	30	153	#
3116	13262	25	26	27	28	29	30	31	153	#
3117	13262	26	27	28	29	30	31	32	153	#
3118	13262	27	28	29	30	31	32	33	153	#
3119	13262	28	29	30	31	32	33	34	153	#
3120	12525	29	30	31	32	33	34	35	153	#
3121	12525	30	31	32	33	34	35	36	153	#
3122	12186	31	32	33	34	35	36	37	153	#
3123	697	0	154	#
3124	697	1	154	#
3125	697	2	154	#
3126	697	3	154	#
3127	697	4	154	#
3128	697	5	154	#
3129	697	6	154	#
3130	697	7	154	#
3131	697	8	154	#
3132	199	9	154	#
3133	199	10	154	#
3134	199	11	154	#
3135	199	12	154	#
3136	199	13	154	#
3137	199	14	154	#
3138	199	15	154	#
3139	199	16	154	#
3140	199	17	154	#
3141	199	18	154	#
3142	199	19	154	#
3143	199	20	154	#
3144	199	21	154	#
3145	199	22	154	#
3146	199	23	154	#
3147	199	24	154	#
3148	199	25	154	#
3149	199	26	154	#
3150	199	27	154	#
3151	199	28	154	#
3152	180	29	154	#
3153	180	30	154	#
3154	180	31	154	#
3155	7071	0	1	2	3	155	#
3156	7071	1	2	3	4	155	#
3157	7071	2	3	4	5	155	#
3158	7071	3	4	5	6	155	#
3159	7071	4	5	6	7	155	#
3160	7071	5	6	7	8	155	#
3161	7071	6	7	8	9	155	#
3162	7071	7	8	9	10	155	#
3163	7071	8	9	10	11	155	#
3164	7071	9	10	11	12	155	#
3165	7071	10	11	12	13	155	#
3166	7071	11	12	13	14	155	#
3167	7071	12	13	14	15	155	#
3168	7071	13	14	15	16	155	#
3169	7071	14	15	16	17	155	#
3170	7071	15	16	17	18	155	#
3171	7071	16	17	18	19	155	#
3172	7071	17	18	19	20	155	#
3173	7071	18	19	20	21	155	#
3174	1121	0	156	#
3175	1121	1	156	#
3176	1121	2	156	#
3177	1121	3	156	#
3178	1121	4	156	#
3179	1121	5	156	#
3180	1121	6	156	#
3181	1121	7	156	#
3182	1121	8	156	#
3183	816	9	156	#
3184	816	10	156	#
3185	816	11	156	#
3186	9774	0	1	2	3	4	5	6	157	#
3187	9774	1	2	3	4	5	6	7	157	#
3188	9774	2	3	4	5	6	7	8	157	#
3189	9774	3	4	5	6	7	8	9	157	#
3190	9774	4	5	6	7	8	9	10	157	#
3191	9774	5	6	7	8	9	10	11	157	#
3192	9774	6	7	8	9	10	11	12	157	#
3193	9774	7	8	9	10	11	12	13	157	#
3194	9774	8	9	10	11	12	13	14	157	#
3195	9774	9	10	11	12	13	14	15	157	#
3196	9774	10	11	12	13	14	15	16	157	#
3197	9774	11	12	13	14	15	16	17	157	#
3198	9774	12	13	14	15	16	17	18	157	#
3199	9774	13	14	15	16	17	18	19	157	#
3200	9774	14	15	16	17	18	19	20	157	#
3201	9774	15	16	17	18	19	20	21	157	#
3202	9774	16	17	18	19	20	21	22	157	#
3203	6144	17	18	19	20	21	22	23	157	#
3204	6144	18	19	20	21	22	23	24	157	#
3205	6144	19	20	21	22	23	24	25	157	#
3206	6144	20	21	22	23	24	25	26	157	#
3207	6144	21	22	23	24	25	26	27	157	#
3208	6144	22	23	24	25	26	27	28	157	#
3209	6144	23	24	25	26	27	28	29	157	#
3210	6144	24	25	26	27	28	29	30	157	#
3211	6144	25	26	27	28	29	30	31	157	#
3212	6144	26	27	28	29	30	31	32	157	#
3213	6144	27	28	29	30	31	32	33	157	#
3214	6144	28	29	30	31	32	33	34	157	#
3215	6144	29	30	31	32	33	34	35	157	#
3216	5659	30	31	32	33	34	35	36	157	#
3217	5659	31	32	33	34	35	36	37	157	#
3218	5659	32	33	34	35	36	37	38	157	#
3219	5514	33	34	35	36	37	38	39	157	#
