%% File generated by CATS v.2.1Tue Aug 20 18:54:45 2019

%% The CATS webpage is http://robotics.stanford.edu/CATS

%% PARAMETER SETTINGS:
% Goods: 25; Bids: 1000; Distribution: regions-npv; Runs: 10; Seed: 1566344661
% Regions Distribution Parameters:
% Max Substitutable Bids = 5
% Removing HV Neighbor   = 0.1
% Adding DIAG Neighbor   = 0.2
% Additional Location    = 0.9
% Jump Probability       = 0.05
% Additivity             = 0.2
% Budget Factor          = 1.5
% Resale Factor          = 0.5
% Normal Private Value:
%   Mean                 = 0
%   Standard Deviation   = 30



goods 25
bids 1005
dummy 185

0	468473	19	3	18	2	4	17	12	1	25	#
1	432865	19	18	4	13	12	9	17	11	25	#
2	427352	17	12	11	16	13	6	7	18	25	#
3	414319	12	11	16	10	15	6	7	5	25	#
4	402496	2	3	4	1	7	5	6	12	25	#
5	400111	1	6	5	7	11	12	17	16	25	#
6	31667	13	18	#
7	28086	22	#
8	634576	24	23	22	17	1	6	2	12	0	26	#
9	565214	24	23	8	22	17	3	21	2	18	26	#
10	527914	1	0	2	3	6	8	5	4	14	26	#
11	512133	6	1	5	0	2	3	10	8	4	26	#
12	482169	17	22	21	12	16	23	24	15	11	26	#
13	349682	2	3	4	8	14	19	13	18	9	26	#
14	682811	17	18	19	23	12	13	7	22	1	2	21	16	15	5	6	27	#
15	818763	5	10	11	6	15	1	16	2	0	21	13	12	7	3	17	27	#
16	795782	1	7	5	10	0	8	6	11	16	9	12	3	15	17	21	27	#
17	790525	13	18	12	17	7	23	24	22	1	21	2	15	5	16	10	27	#
18	760138	7	6	1	5	12	17	0	10	11	2	16	15	13	18	23	27	#
19	749743	6	5	10	0	7	19	1	11	18	12	13	16	15	8	2	27	#
20	109635	9	14	19	18	13	28	#
21	157862	14	19	9	4	8	28	#
22	153971	9	8	14	19	18	28	#
23	134674	13	11	12	10	7	28	#
24	96742	18	17	8	13	19	28	#
25	474978	1	2	3	0	8	29	#
26	443833	2	1	0	3	6	29	#
27	342003	1	0	5	2	10	29	#
28	332726	8	9	4	14	3	29	#
29	270962	3	4	9	11	10	29	#
30	797462	21	15	16	11	20	6	7	1	12	8	14	10	13	5	2	18	0	3	17	19	23	9	4	24	22	#
31	370720	13	5	0	1	6	8	30	#
32	432652	6	5	11	0	7	16	30	#
33	402228	5	0	6	1	11	16	30	#
34	386413	8	13	12	11	6	16	30	#
35	358208	0	1	2	7	8	14	30	#
36	322673	1	2	3	7	6	0	30	#
37	15515	11	#
38	544837	17	12	11	10	16	22	21	7	6	8	3	31	#
39	566230	8	3	4	9	14	19	18	7	17	2	13	31	#
40	558722	7	1	6	2	3	12	11	8	13	10	9	31	#
41	544893	22	23	24	17	21	18	16	19	12	15	20	31	#
42	541815	3	2	8	4	1	7	5	10	0	20	13	31	#
43	539786	10	15	11	16	21	20	12	13	5	7	8	31	#
44	172830	16	15	11	21	10	22	12	7	32	#
45	203920	7	6	5	10	1	2	11	15	32	#
46	971730	16	21	22	15	20	10	23	17	12	11	18	6	9	7	2	8	3	33	#
47	989916	16	15	10	5	6	0	21	11	1	2	7	8	12	17	3	4	9	33	#
48	987486	17	22	21	16	12	20	18	15	7	1	13	0	2	19	23	3	8	33	#
49	959069	22	21	17	1	6	11	7	12	18	8	16	9	5	23	2	15	3	33	#
50	922679	23	18	22	21	20	24	16	15	13	11	12	8	3	17	6	7	4	33	#
51	909252	2	1	5	0	3	7	6	8	13	10	15	12	14	9	4	17	16	33	#
52	500343	3	13	2	4	18	19	9	17	14	16	12	21	34	#
53	649531	4	9	3	2	1	7	6	22	8	23	0	24	34	#
54	643516	2	3	1	6	4	7	9	5	8	14	10	0	34	#
55	641873	21	23	15	10	5	6	0	1	24	22	17	2	34	#
56	537338	9	14	19	4	8	13	3	2	18	1	0	5	34	#
57	519288	16	21	15	11	10	7	1	5	20	0	12	6	34	#
58	138748	22	21	20	35	#
59	83921	22	17	12	35	#
60	1069199	22	17	18	19	23	14	1	8	21	15	7	5	6	0	10	16	2	3	12	13	9	4	20	11	24	#
61	537543	18	23	24	22	13	21	20	17	19	16	8	14	36	#
62	686206	19	14	24	9	4	18	23	22	21	17	8	12	36	#
63	668284	14	19	8	18	23	24	13	22	7	9	4	17	36	#
64	662489	8	13	4	18	7	19	23	9	14	12	11	24	36	#
65	657252	13	8	14	9	4	7	22	18	6	17	3	23	36	#
66	618759	18	2	13	17	8	14	1	7	12	23	0	6	36	#
67	652290	16	21	15	11	12	10	17	22	20	5	18	13	6	19	37	#
68	902184	13	8	3	12	11	17	16	10	9	6	4	5	7	18	37	#
69	894309	19	18	14	17	8	9	12	3	4	13	11	10	5	16	37	#
70	861601	18	23	5	6	17	11	16	0	1	21	15	3	10	19	37	#
71	847976	12	17	13	18	19	11	16	15	6	14	5	8	10	9	37	#
72	806074	17	12	7	18	13	19	8	9	11	3	10	4	14	15	37	#
73	459921	21	20	22	17	18	19	16	15	11	38	#
74	656743	15	0	21	16	5	1	20	8	22	38	#
75	567881	16	21	11	20	6	15	1	5	2	38	#
76	512134	20	21	22	16	11	15	12	17	3	38	#
77	469743	21	20	16	22	17	18	15	12	11	38	#
78	438824	22	21	17	20	15	18	19	16	13	38	#
79	662357	3	8	2	14	9	7	4	1	22	5	12	39	#
80	724639	1	7	12	8	9	4	5	6	0	14	3	39	#
81	693010	12	13	17	2	22	1	23	0	9	8	7	39	#
82	656422	9	22	8	23	17	14	3	12	18	19	4	39	#
83	654789	3	8	2	4	9	1	0	6	14	7	5	39	#
84	638697	8	7	9	6	4	3	5	14	11	12	0	39	#
85	183971	16	15	40	#
86	215579	16	24	40	#
87	123171	15	21	40	#
88	96823	18	13	23	17	41	#
89	119587	18	23	13	19	41	#
90	93994	23	22	18	17	41	#
91	1008736	3	4	8	13	12	2	17	9	14	11	18	10	22	7	16	21	20	19	15	1	6	23	5	0	24	#
92	340335	8	13	3	9	42	#
93	331883	9	4	3	8	42	#
94	322061	13	8	9	12	42	#
95	319318	3	8	13	12	42	#
96	306768	8	9	3	14	42	#
97	355642	0	5	1	2	6	43	#
98	361023	1	0	5	2	7	43	#
99	300625	2	3	4	1	8	43	#
100	256578	5	0	1	7	10	43	#
101	233170	0	5	10	1	15	43	#
102	218684	6	7	12	13	1	43	#
103	84083	6	11	44	#
104	69933	11	16	44	#
105	628700	15	21	20	10	16	11	12	7	13	6	17	22	18	8	9	1	45	#
106	734351	11	16	21	20	10	15	22	5	6	12	7	17	1	2	3	23	45	#
107	713331	10	5	20	1	7	4	2	6	8	11	3	15	13	12	16	17	45	#
108	710258	6	1	5	7	12	13	11	18	19	8	23	0	24	10	2	17	45	#
109	705164	8	13	9	4	3	18	12	11	2	17	7	6	23	14	16	19	45	#
110	700301	22	23	24	21	20	17	15	12	6	1	11	10	5	16	0	13	45	#
111	163267	21	16	15	11	6	46	#
112	175206	15	10	5	16	11	46	#
113	155013	21	15	16	10	11	46	#
114	120480	16	21	15	20	22	46	#
115	118855	11	21	4	16	6	46	#
116	222601	16	21	20	15	10	5	6	47	#
117	317540	5	0	1	6	7	10	8	47	#
118	278278	21	15	16	20	9	22	14	47	#
119	238308	20	21	16	15	22	23	11	47	#
120	212870	10	5	15	0	16	11	1	47	#
121	170036	15	16	10	21	11	5	22	47	#
122	943575	0	18	23	22	17	1	5	19	14	21	13	10	2	11	6	8	16	12	15	20	48	#
123	1033961	8	14	3	9	4	7	1	2	12	0	5	6	13	17	19	22	23	21	11	20	48	#
124	1014873	19	18	17	23	22	13	21	14	7	20	1	2	3	12	4	5	24	8	6	9	48	#
125	1013577	15	10	16	21	20	5	0	1	11	2	6	3	7	12	4	17	22	23	18	8	48	#
126	1010857	12	17	7	1	6	5	2	11	10	0	18	23	22	19	8	13	3	14	21	24	48	#
127	1001933	2	1	7	12	0	6	11	13	8	5	3	10	9	14	18	17	22	4	21	20	48	#
128	83486	6	1	49	#
129	71667	1	5	49	#
130	116450	6	5	7	50	#
131	132400	7	10	6	50	#
132	117873	5	0	1	50	#
133	71043	6	17	1	50	#
134	84131	16	#
135	55242	13	18	#
136	506978	1	0	2	5	6	11	10	16	7	21	12	51	#
137	633486	10	17	5	0	15	1	7	22	12	20	2	51	#
138	623148	0	5	1	7	6	10	2	15	8	11	12	51	#
139	588219	1	0	7	6	8	5	2	10	12	17	13	51	#
140	560364	5	10	6	15	11	16	1	12	17	7	0	51	#
141	548743	21	22	20	23	18	9	17	14	13	24	15	51	#
142	799186	17	19	12	14	18	13	11	7	23	1	0	9	6	8	16	22	24	52	#
143	971753	0	1	5	23	7	12	18	8	17	10	13	11	2	16	3	21	15	52	#
144	945521	6	24	23	5	0	1	10	7	22	11	8	13	12	2	17	3	9	52	#
145	944643	24	23	18	17	12	7	13	19	8	11	6	9	1	5	16	21	2	52	#
146	927506	9	14	8	4	3	7	12	11	1	6	5	2	10	13	0	19	15	52	#
147	919366	16	6	11	5	12	7	22	17	23	1	10	0	21	24	14	8	9	52	#
148	121489	10	11	53	#
149	102424	11	16	53	#
150	385278	14	8	3	19	7	12	6	54	#
151	406373	3	4	2	1	8	5	0	54	#
152	302422	14	8	3	9	4	19	7	54	#
153	267078	12	13	8	18	23	17	7	54	#
154	237246	19	14	23	8	24	18	22	54	#
155	210597	7	6	12	11	1	13	2	54	#
156	282669	2	1	3	7	6	11	55	#
157	377305	2	3	1	5	6	8	55	#
158	335495	7	12	22	5	6	8	55	#
159	304053	1	0	2	6	5	3	55	#
160	232104	11	10	16	15	21	22	55	#
161	559935	0	1	22	23	5	6	2	11	56	#
162	666880	1	7	0	6	5	2	8	12	56	#
163	601160	6	1	7	13	11	0	12	2	56	#
164	578798	5	0	3	6	7	1	8	13	56	#
165	574458	2	3	8	7	12	1	5	0	56	#
166	549164	0	5	6	11	1	10	2	16	56	#
167	173085	13	12	8	57	#
168	234597	13	8	3	57	#
169	221974	8	7	1	57	#
170	171138	12	7	8	57	#
171	525790	5	10	1	6	11	12	15	17	7	8	58	#
172	574202	12	11	13	1	18	6	17	8	16	19	58	#
173	555758	10	5	6	1	7	2	11	12	15	16	58	#
174	552345	8	9	14	3	19	13	2	18	21	20	58	#
175	548617	17	22	18	23	19	13	8	24	14	21	58	#
176	526948	7	12	8	17	18	13	14	19	23	3	58	#
177	2403	1	#
178	499745	15	21	16	11	10	2	3	59	#
179	541205	21	15	16	9	14	19	8	59	#
180	510613	3	2	4	9	12	16	14	59	#
181	474798	15	21	5	20	10	0	16	59	#
182	393861	2	3	4	1	8	13	14	59	#
183	378312	11	12	7	17	10	16	5	59	#
184	206335	18	17	12	13	60	#
185	263405	13	8	9	18	60	#
186	195476	12	7	13	8	60	#
187	177576	17	12	7	18	60	#
188	168505	18	17	19	13	60	#
189	181712	6	1	16	15	61	#
190	156940	16	21	22	15	61	#
191	144647	1	6	11	0	61	#
192	140390	15	23	21	22	61	#
193	86984	6	11	1	5	61	#
194	250393	21	16	20	15	22	10	11	62	#
195	345363	16	21	22	17	12	11	23	62	#
196	344709	20	21	22	17	12	15	23	62	#
197	316408	15	16	21	11	6	7	1	62	#
198	304655	21	16	11	8	12	7	13	62	#
199	246801	10	15	5	1	21	6	22	62	#
200	594562	12	11	10	16	17	13	5	15	21	1	0	20	6	63	#
201	639905	6	7	11	1	5	0	12	16	17	8	21	10	15	63	#
202	609169	5	6	10	1	11	15	16	0	21	2	7	12	13	63	#
203	583811	0	17	18	23	19	12	13	7	22	21	15	16	1	63	#
204	581209	21	22	16	11	6	7	20	17	12	1	9	13	2	63	#
205	569572	13	12	17	23	22	21	18	20	8	11	15	5	16	63	#
206	570821	24	23	18	22	13	12	11	21	16	19	17	8	14	10	64	#
207	838069	17	12	22	23	18	19	24	13	8	7	14	6	9	20	64	#
208	794299	24	23	18	22	13	17	8	7	1	14	19	9	6	2	64	#
209	774260	8	13	7	3	2	12	6	1	17	5	9	18	14	22	64	#
210	773685	21	20	16	22	23	11	6	18	1	15	2	17	12	5	64	#
211	765693	23	22	18	13	17	19	21	24	12	14	20	8	7	6	64	#
212	385382	20	21	22	23	17	18	13	8	3	19	10	65	#
213	473914	13	8	16	21	3	9	22	17	15	11	18	65	#
214	466018	22	17	12	7	13	18	6	1	5	0	21	65	#
215	460996	10	5	11	16	15	1	12	23	18	2	17	65	#
216	417874	8	7	9	3	14	20	4	2	13	18	1	65	#
217	415418	3	4	2	8	7	14	1	9	5	10	13	65	#
218	978995	3	8	9	14	4	13	2	18	1	6	12	23	19	5	0	66	#
219	1030084	23	22	18	13	8	14	2	9	3	19	24	17	12	11	10	66	#
220	996796	3	20	8	21	9	14	15	4	16	22	23	2	17	18	13	66	#
221	995510	5	23	6	22	1	2	24	18	17	3	10	15	21	19	14	66	#
222	974542	18	13	19	23	8	22	12	21	24	3	14	17	9	4	7	66	#
223	969450	13	12	17	8	3	22	4	11	9	7	23	18	6	14	2	66	#
224	452325	1	2	7	5	8	0	67	#
225	432888	0	5	1	6	7	2	67	#
226	414845	7	9	1	6	5	4	67	#
227	404223	2	1	7	3	6	0	67	#
228	389185	1	7	6	8	14	5	67	#
229	343882	5	10	6	11	7	12	67	#
230	209827	14	9	8	13	68	#
231	266252	14	8	9	3	68	#
232	242686	13	12	8	7	68	#
233	225582	8	9	14	4	68	#
234	957231	0	1	6	11	5	2	7	10	16	15	8	14	12	21	13	18	3	20	19	22	9	69	#
235	1174469	16	11	21	12	10	6	7	8	13	15	5	0	2	20	3	23	1	24	4	9	14	69	#
236	1132398	11	6	7	16	12	10	21	20	1	5	22	0	15	23	17	24	8	3	13	2	9	69	#
237	1126913	14	7	1	5	0	6	13	10	23	15	9	3	12	11	8	21	4	19	20	24	2	69	#
238	1084712	22	17	21	15	23	20	10	16	11	12	13	6	5	24	1	7	8	0	14	2	3	69	#
239	1070194	12	13	11	6	7	1	16	5	21	22	0	17	2	23	24	8	10	9	15	14	3	69	#
240	449190	2	1	0	3	6	7	11	70	#
241	502807	3	2	1	6	8	7	5	70	#
242	490730	0	1	2	24	3	8	13	70	#
243	420337	2	1	3	6	7	11	16	70	#
244	407912	7	6	5	8	1	14	9	70	#
245	356640	6	11	1	5	2	12	7	70	#
246	459631	4	9	3	8	13	2	7	18	17	71	#
247	433447	9	8	14	13	12	17	19	3	18	71	#
248	422069	18	13	17	12	19	11	8	9	7	71	#
249	408059	7	8	3	1	2	14	6	11	12	71	#
250	390095	3	8	14	4	9	13	7	19	18	71	#
251	384915	13	12	17	8	7	18	6	11	14	71	#
252	89440	2	#
253	1093509	7	6	1	13	8	2	11	3	12	0	10	5	17	23	9	22	14	18	16	24	15	4	19	21	20	#
254	669266	20	21	22	19	23	16	15	10	5	11	1	0	2	12	3	18	72	#
255	845345	2	3	8	14	13	18	23	24	12	5	6	11	19	9	10	22	72	#
256	756058	3	8	9	2	4	14	19	18	23	17	12	13	22	24	11	6	72	#
257	717365	20	21	22	15	23	10	11	17	6	24	18	13	8	12	16	19	72	#
258	696016	12	17	22	21	11	16	23	18	19	14	15	9	10	8	13	3	72	#
259	695527	5	10	15	6	21	22	0	23	17	18	11	24	20	12	1	2	72	#
260	460316	14	8	7	9	6	24	12	13	17	73	#
261	499913	17	12	18	11	10	19	14	15	23	73	#
262	475075	6	11	10	15	5	12	1	16	21	73	#
263	429378	9	8	3	14	7	1	12	6	5	73	#
264	427732	24	23	22	17	18	13	12	11	8	73	#
265	426875	12	11	16	21	15	22	17	10	18	73	#
266	102355	20	21	74	#
267	82225	21	22	74	#
268	96425	16	#
269	687868	2	1	3	5	0	4	7	6	10	12	11	17	19	75	#
270	782747	1	0	5	7	2	3	6	4	13	21	16	12	17	75	#
271	745307	11	6	16	1	15	2	10	21	5	0	20	12	17	75	#
272	739077	6	11	7	1	16	15	5	10	0	2	21	20	12	75	#
273	722702	0	5	10	1	6	7	2	15	12	13	17	16	18	75	#
274	715598	10	5	1	15	6	0	21	20	16	11	7	12	17	75	#
275	129698	24	#
276	115366	3	#
277	661938	3	4	2	8	14	19	13	18	23	17	22	21	76	#
278	790997	3	2	8	9	4	1	24	13	18	7	23	20	76	#
279	756423	4	3	9	8	13	14	19	18	17	2	1	7	76	#
280	747072	2	3	4	8	9	7	12	1	6	0	13	5	76	#
281	697030	14	8	19	9	3	4	2	1	0	6	7	11	76	#
282	671739	22	17	23	12	7	24	11	21	8	20	3	15	76	#
283	543644	16	11	21	10	15	5	20	22	6	7	1	0	2	77	#
284	814154	2	3	1	7	8	5	0	12	6	17	9	14	4	77	#
285	670412	0	1	6	5	2	8	11	13	10	12	3	9	17	77	#
286	648622	6	5	1	7	12	13	11	17	0	16	22	23	8	77	#
287	601542	11	6	0	5	1	10	15	7	12	21	16	8	13	77	#
288	591187	10	5	22	17	0	1	2	21	23	15	6	24	18	77	#
289	341844	24	23	18	17	78	#
290	354963	24	23	22	21	78	#
291	114063	23	18	13	12	78	#
292	656716	1	2	5	0	3	7	12	6	17	18	11	79	#
293	750122	5	1	0	6	2	7	3	12	11	23	8	79	#
294	728569	2	3	1	4	0	5	7	6	12	8	9	79	#
295	641231	11	6	1	7	12	2	13	15	5	0	18	79	#
296	592351	6	11	7	1	0	16	12	13	18	19	2	79	#
297	561916	1	5	0	6	7	11	10	12	2	16	15	79	#
298	924912	6	11	16	1	10	12	13	7	0	21	2	5	20	17	3	22	15	4	19	9	8	18	80	#
299	1021184	4	3	9	8	2	13	12	18	11	17	7	1	23	6	5	10	16	15	24	21	20	19	80	#
300	1020260	20	21	22	16	17	11	23	24	15	6	18	12	5	7	1	13	0	2	8	14	9	3	80	#
301	1019368	12	7	1	8	6	3	13	18	17	4	2	5	9	22	23	24	11	21	0	16	10	20	80	#
302	1016010	8	2	1	3	7	12	17	5	16	18	11	6	10	4	13	9	0	22	21	23	24	19	80	#
303	1012133	6	5	10	1	7	15	18	16	2	23	11	21	12	22	24	13	17	0	20	3	8	19	80	#
304	438393	4	3	9	8	14	2	1	7	6	81	#
305	496588	4	3	9	8	14	19	18	17	23	81	#
306	477592	6	7	8	24	9	14	12	1	17	81	#
307	437046	3	2	1	8	9	6	13	14	0	81	#
308	421871	9	4	14	3	8	19	18	13	12	81	#
309	412339	2	3	4	1	0	5	10	9	15	81	#
310	30937	10	#
311	674243	19	18	14	4	17	12	3	8	9	2	10	11	5	82	#
312	805318	12	7	13	17	9	4	8	1	18	3	6	2	23	82	#
313	778978	2	3	8	13	12	1	9	7	4	18	17	0	5	82	#
314	778320	18	17	12	23	22	21	20	13	8	7	3	14	2	82	#
315	705561	9	14	4	8	3	19	13	2	7	1	0	5	12	82	#
316	646886	17	18	12	13	23	22	7	19	1	14	5	10	0	82	#
317	114328	3	#
318	760377	0	5	1	7	6	2	11	10	16	3	21	12	8	13	15	14	83	#
319	799745	0	5	6	7	1	11	16	12	13	15	2	21	18	19	17	23	83	#
320	760475	14	19	9	8	7	13	4	18	3	23	1	12	5	0	17	24	83	#
321	750598	1	7	2	3	6	5	8	14	0	19	12	11	9	16	10	15	83	#
322	724904	3	8	2	14	13	24	12	9	17	7	22	4	19	18	21	15	83	#
323	722189	5	1	10	6	7	11	2	16	12	21	3	22	23	0	4	20	83	#
324	637958	6	1	5	10	0	11	16	21	22	2	15	20	12	84	#
325	729340	1	2	6	5	11	10	15	16	21	0	12	7	8	84	#
326	722148	16	15	11	6	12	21	7	17	22	5	1	2	0	84	#
327	683226	15	10	5	16	11	6	12	17	0	7	21	23	22	84	#
328	669879	11	18	10	19	14	9	8	12	5	6	13	0	23	84	#
329	665996	5	6	1	7	2	12	0	10	17	13	15	21	11	84	#
330	400438	2	3	8	14	13	0	4	19	85	#
331	383150	0	5	1	6	10	11	2	15	85	#
332	368274	2	3	8	1	9	4	7	0	85	#
333	336831	19	14	22	9	17	23	8	12	85	#
334	317027	13	8	3	14	18	2	12	17	85	#
335	260223	8	9	14	3	5	4	13	7	85	#
336	154539	9	4	8	14	86	#
337	226689	9	14	8	19	86	#
338	185319	8	9	14	7	86	#
339	174162	14	8	13	12	86	#
340	577590	4	3	8	13	9	12	2	7	6	11	1	5	87	#
341	698293	2	1	6	5	0	11	3	16	12	8	15	10	87	#
342	661134	12	17	18	11	23	6	1	7	8	10	0	2	87	#
343	637418	11	6	5	10	21	12	17	0	1	15	16	20	87	#
344	603244	1	7	12	5	6	17	0	22	18	21	19	8	87	#
345	582170	13	18	8	23	19	24	12	7	9	17	22	14	87	#
346	579427	4	9	14	19	18	23	22	20	21	13	15	24	16	17	88	#
347	795914	21	16	15	10	5	1	22	0	11	12	17	23	6	7	88	#
348	783449	20	21	15	10	11	16	6	5	22	1	7	23	0	2	88	#
349	773213	4	3	8	13	14	2	9	18	1	5	0	23	6	22	88	#
350	723762	15	16	21	22	23	17	10	18	24	5	13	0	11	6	88	#
351	704171	24	23	0	5	1	6	18	7	11	19	16	15	21	10	88	#
352	792611	5	1	10	7	0	2	12	13	15	16	8	9	18	6	11	14	4	89	#
353	1047931	14	19	8	7	13	9	18	3	23	4	12	11	2	10	17	24	15	89	#
354	929539	0	5	6	1	7	2	3	8	9	10	14	19	4	18	11	15	12	89	#
355	927414	9	4	14	19	8	3	2	20	18	7	12	23	13	1	22	17	24	89	#
356	910347	1	2	7	3	8	12	13	18	17	14	23	22	24	9	19	6	5	89	#
357	881519	18	17	23	13	12	8	7	11	9	3	2	4	19	22	1	10	5	89	#
358	45031	18	13	19	17	90	#
359	42631	17	18	13	22	90	#
360	652063	2	1	3	8	7	4	14	19	0	6	5	9	10	11	13	12	18	23	22	16	91	#
361	883234	1	0	6	2	11	3	10	16	21	22	15	17	5	4	23	18	24	9	8	14	91	#
362	834081	16	15	21	11	20	22	6	7	8	23	3	10	4	12	17	18	2	13	19	24	91	#
363	832972	6	11	16	15	1	10	21	2	3	12	20	7	22	8	4	17	13	23	9	24	91	#
364	788437	9	14	8	7	1	19	4	0	3	6	11	2	12	18	20	16	15	21	13	22	91	#
365	782856	0	1	5	6	11	2	12	17	7	13	3	22	23	21	24	4	9	10	15	16	91	#
366	1005498	1	5	10	17	11	15	0	9	6	12	7	16	18	2	8	14	23	3	24	13	22	92	#
367	1084088	10	11	12	7	15	21	17	6	16	5	20	1	22	13	18	0	8	23	2	24	3	92	#
368	1047525	11	6	13	12	7	16	1	0	17	18	2	15	10	21	5	22	3	23	4	24	8	92	#
369	1010069	5	1	7	6	2	11	16	10	15	0	21	12	20	22	17	23	3	18	4	24	13	92	#
370	985442	15	21	22	23	20	6	16	24	5	0	11	7	10	18	12	13	1	17	2	19	3	92	#
371	979107	14	19	18	23	8	24	7	6	1	9	13	20	21	3	2	15	0	16	5	11	10	92	#
372	138900	22	17	23	93	#
373	165525	23	24	22	93	#
374	89034	17	18	22	93	#
375	396809	13	8	18	3	23	17	94	#
376	393516	23	22	17	18	24	21	94	#
377	347242	18	19	13	12	23	14	94	#
378	327827	13	12	17	18	8	7	94	#
379	295245	8	13	3	12	18	9	94	#
380	273380	17	12	13	18	8	19	94	#
381	63190	11	12	6	95	#
382	93257	12	11	16	95	#
383	53596	11	16	10	95	#
384	1192785	22	17	12	13	8	14	7	23	1	5	18	2	0	19	3	6	4	21	9	11	20	10	15	16	96	#
385	1198243	3	2	4	1	5	6	11	10	12	0	7	9	17	18	13	8	19	15	16	23	21	14	22	24	96	#
386	1184640	18	24	19	23	4	9	14	8	13	22	3	2	17	1	21	7	12	20	6	5	16	15	0	11	96	#
387	1172775	22	23	18	21	8	17	9	24	4	3	2	1	19	12	14	7	16	13	11	20	15	6	10	0	96	#
388	1169167	19	18	14	23	8	22	21	17	20	12	13	11	16	6	15	1	9	7	2	3	4	5	10	24	96	#
389	1163171	0	5	1	10	15	6	16	11	2	21	7	22	23	20	3	8	12	24	9	13	4	18	14	17	96	#
390	914053	4	9	14	8	19	3	2	1	5	6	11	18	7	12	13	23	10	17	0	22	97	#
391	1158946	7	21	16	22	1	2	6	11	12	23	17	24	0	15	5	8	20	13	18	10	97	#
392	1106235	18	23	24	19	13	12	22	17	8	7	1	0	6	14	21	2	20	5	9	11	97	#
393	1094776	22	23	17	12	21	24	15	18	16	13	7	10	20	1	11	8	6	0	19	5	97	#
394	1063562	12	11	16	15	21	20	6	22	7	1	17	10	8	13	2	4	5	0	9	23	97	#
395	1062896	17	22	12	23	7	18	8	13	14	21	9	20	1	24	0	5	19	6	4	16	97	#
396	155163	18	23	24	17	98	#
397	155338	24	23	22	21	98	#
398	100111	17	18	23	22	98	#
399	203785	15	16	10	11	99	#
400	248043	15	21	10	16	99	#
401	169997	11	10	6	12	99	#
402	168535	16	11	10	6	99	#
403	162375	10	11	6	7	99	#
404	1313190	17	18	19	12	23	22	13	8	21	20	15	24	7	9	4	3	16	11	1	14	6	2	0	5	10	#
405	1293480	19	14	8	13	3	18	7	12	1	17	0	9	23	4	6	2	5	11	10	24	22	21	20	15	16	#
406	606822	11	16	12	6	15	13	7	21	1	20	8	14	2	19	100	#
407	669386	20	21	16	11	15	10	12	13	8	9	7	1	0	6	100	#
408	609406	19	14	9	8	13	4	18	7	12	1	6	5	23	0	100	#
409	568193	2	3	24	4	1	7	8	6	9	23	22	5	14	17	100	#
410	557120	1	0	5	7	2	8	10	3	12	11	13	6	9	14	100	#
411	548459	14	12	9	17	13	18	8	4	11	19	7	3	6	1	100	#
412	684038	23	22	24	16	21	11	17	8	15	7	9	101	#
413	679810	24	23	9	14	8	19	7	12	11	18	17	101	#
414	636219	17	18	22	19	14	23	24	9	8	21	20	101	#
415	622068	22	17	23	24	21	18	12	7	13	15	20	101	#
416	616560	9	4	8	13	3	18	14	19	23	12	7	101	#
417	608595	11	16	12	13	18	17	19	8	15	14	7	101	#
418	294838	7	12	8	13	3	102	#
419	283637	12	7	13	1	0	102	#
420	259899	3	8	14	13	9	102	#
421	198364	8	14	19	9	13	102	#
422	143749	7	6	1	5	11	102	#
423	127217	12	11	13	8	3	103	#
424	184556	3	4	9	2	14	103	#
425	159001	13	8	3	9	14	103	#
426	131338	11	12	13	17	7	103	#
427	129991	8	3	104	#
428	36122	8	14	104	#
429	1272371	14	9	2	1	3	8	4	5	0	7	10	6	15	13	11	12	16	24	21	17	18	22	23	19	105	#
430	1302801	8	9	14	19	4	18	17	3	2	7	22	13	1	12	21	5	23	6	15	16	24	11	0	20	105	#
431	1277067	15	21	22	16	20	11	10	6	12	5	0	7	13	1	17	23	18	24	8	2	19	3	9	14	105	#
432	1276690	0	5	6	23	1	2	18	3	24	7	10	11	22	13	12	16	8	15	4	20	9	21	14	17	105	#
433	1268705	7	8	9	14	6	1	4	5	12	13	3	0	18	23	11	16	19	15	10	2	24	17	21	20	105	#
434	1255659	21	16	11	22	12	7	15	10	13	8	6	23	1	24	2	5	18	20	3	0	9	17	19	4	105	#
435	355816	3	4	9	14	8	19	106	#
436	396325	14	9	4	3	15	8	106	#
437	325992	3	8	9	13	14	4	106	#
438	322879	8	13	9	14	3	18	106	#
439	242917	19	14	18	23	9	17	106	#
440	135914	12	13	107	#
441	54117	12	11	107	#
442	214228	3	4	8	7	108	#
443	192080	4	9	14	8	108	#
444	151131	3	2	4	8	108	#
445	135292	7	1	5	12	108	#
446	324011	19	14	8	9	18	23	3	109	#
447	349594	8	7	3	1	2	14	6	109	#
448	338656	23	22	17	18	12	24	13	109	#
449	313404	3	2	4	9	1	8	14	109	#
450	303870	9	14	19	4	8	3	2	109	#
451	256557	18	13	12	8	7	14	19	109	#
452	208112	4	3	2	9	110	#
453	242962	9	14	8	4	110	#
454	186053	2	3	4	1	110	#
455	177289	4	3	8	13	110	#
456	460748	17	12	22	13	18	19	23	24	8	111	#
457	579400	23	18	24	22	21	20	17	16	15	111	#
458	574697	19	18	23	14	9	24	8	7	12	111	#
459	522553	13	8	7	14	12	6	9	11	16	111	#
460	519560	17	22	23	12	13	10	18	15	24	111	#
461	469468	18	21	13	17	15	12	23	24	22	111	#
462	1128222	13	12	18	7	8	23	22	24	17	11	9	6	1	4	3	5	16	10	21	0	15	2	20	14	19	#
463	122394	22	17	19	112	#
464	164535	17	12	11	112	#
465	114043	22	21	17	112	#
466	95746	19	14	9	112	#
467	358733	8	14	9	3	4	19	2	113	#
468	366367	8	13	9	7	18	4	3	113	#
469	358633	2	3	1	0	7	12	17	113	#
470	342436	4	9	14	8	3	19	7	113	#
471	298528	3	2	1	4	8	13	5	113	#
472	272771	14	9	13	8	3	19	4	113	#
473	197790	13	18	12	17	11	114	#
474	221262	17	18	12	22	23	114	#
475	163786	12	13	7	17	18	114	#
476	133211	11	6	5	10	7	114	#
477	118998	18	19	13	17	22	114	#
478	72657	3	4	#
479	926207	11	16	6	1	12	2	5	0	3	8	7	21	4	14	115	#
480	1000861	6	5	24	11	7	0	1	2	16	21	8	9	12	13	115	#
481	840986	4	3	2	9	1	14	5	19	8	0	7	12	6	11	115	#
482	837549	7	12	8	11	1	6	5	3	14	2	9	4	16	17	115	#
483	795655	3	8	2	13	7	4	14	6	9	1	11	18	0	5	115	#
484	789107	11	16	12	19	17	18	23	6	7	13	1	0	5	24	115	#
485	183461	18	19	17	23	13	116	#
486	268554	19	18	14	8	23	116	#
487	261905	18	13	12	8	19	116	#
488	216169	13	8	12	14	19	116	#
489	187242	23	18	17	22	24	116	#
490	165536	17	18	13	12	7	116	#
491	446572	19	14	18	8	17	9	12	13	22	7	117	#
492	626666	13	12	7	1	0	17	2	18	6	3	117	#
493	557999	19	18	17	13	14	9	22	12	15	21	117	#
494	542191	22	23	24	21	17	12	18	11	10	5	117	#
495	531862	9	14	19	18	23	13	22	12	17	24	117	#
496	504138	8	3	9	13	7	17	1	12	2	22	117	#
497	627258	3	8	9	2	14	13	4	18	17	23	24	118	#
498	698570	8	9	12	11	17	4	3	13	2	16	6	118	#
499	696716	13	12	0	1	8	9	7	6	5	2	17	118	#
500	677556	14	9	8	13	7	23	15	1	19	2	0	118	#
501	662727	18	23	19	14	9	16	17	15	21	8	11	118	#
502	651039	17	22	21	15	16	23	20	11	18	6	7	118	#
503	839960	4	9	14	20	8	3	19	18	7	17	12	2	11	119	#
504	760967	14	9	8	4	19	3	18	13	17	2	23	7	24	119	#
505	756878	8	7	12	17	14	3	11	2	18	9	4	22	21	119	#
506	700523	18	4	17	22	12	23	19	14	11	24	8	3	10	119	#
507	688507	7	6	1	11	8	5	12	9	0	3	16	2	10	119	#
508	675970	17	18	12	11	23	24	13	19	8	14	9	16	21	119	#
509	267167	17	18	22	23	19	24	120	#
510	390629	23	24	22	17	12	11	120	#
511	376000	19	14	8	3	2	1	120	#
512	329014	24	23	18	13	17	12	120	#
513	259880	18	13	23	17	8	0	120	#
514	240525	22	21	16	20	17	15	120	#
515	862154	12	17	13	7	22	11	18	21	6	19	20	5	15	10	16	8	14	0	23	9	4	24	1	3	2	#
516	1288255	5	6	4	3	8	7	11	9	14	0	19	2	1	12	16	21	13	17	20	15	18	10	22	23	24	#
517	35655	1	#
518	211525	13	8	12	9	7	121	#
519	278178	13	8	3	9	2	121	#
520	268086	9	8	4	3	7	121	#
521	246300	8	14	3	13	19	121	#
522	213546	12	11	4	6	17	121	#
523	122294	7	6	11	5	16	121	#
524	60079	19	18	13	122	#
525	17627	19	14	18	122	#
526	1255924	18	13	17	8	15	7	12	16	22	21	19	23	11	9	14	3	6	1	2	10	5	0	4	20	24	#
527	811393	22	23	18	24	17	13	19	12	11	21	20	6	14	9	1	15	5	8	16	123	#
528	907459	17	12	7	1	6	11	16	5	10	0	22	24	15	8	23	14	19	2	18	123	#
529	894917	18	17	23	22	12	21	19	15	20	14	9	8	11	10	16	2	6	7	24	123	#
530	890761	11	10	5	1	6	0	15	2	16	7	12	3	21	17	18	8	20	23	22	123	#
531	880134	23	24	18	22	17	19	12	14	13	11	21	20	8	3	9	4	16	15	7	123	#
532	835340	22	21	15	20	17	18	12	13	23	16	24	10	11	7	1	8	6	5	14	123	#
533	347127	5	1	0	6	11	124	#
534	355676	6	5	11	12	1	124	#
535	348955	11	6	7	5	0	124	#
536	325447	1	7	6	12	17	124	#
537	296950	0	1	6	7	8	124	#
538	259885	5	0	6	10	1	124	#
539	553371	21	22	15	16	23	17	24	10	20	5	18	125	#
540	642379	24	23	18	22	13	17	21	8	3	20	15	125	#
541	635389	21	16	15	23	22	10	18	17	24	19	13	125	#
542	626227	23	24	22	21	20	18	13	15	19	8	12	125	#
543	557804	18	17	23	13	19	12	24	14	8	22	21	125	#
544	553195	17	22	21	18	13	23	19	8	7	16	14	125	#
545	198246	0	5	126	#
546	134428	5	1	126	#
547	291058	24	23	22	18	17	12	21	13	15	10	127	#
548	404416	13	8	12	17	9	4	14	18	23	3	127	#
549	388285	17	18	23	12	11	6	22	1	5	21	127	#
550	371346	18	23	24	17	13	22	21	8	20	12	127	#
551	371190	21	22	15	23	16	11	10	17	6	5	127	#
552	365257	12	17	22	13	21	20	7	8	3	14	127	#
553	231740	2	3	128	#
554	125312	2	1	128	#
555	105621	3	4	128	#
556	358241	4	3	8	9	11	16	10	129	#
557	500051	3	4	2	8	9	0	1	129	#
558	424397	9	4	8	14	19	3	18	129	#
559	401530	4	3	9	8	2	1	14	129	#
560	378727	16	11	3	4	12	8	21	129	#
561	347124	10	5	0	1	15	2	3	129	#
562	919762	10	11	16	21	19	6	5	0	22	15	1	12	2	18	20	23	14	17	7	8	130	#
563	1071287	18	13	19	14	8	7	1	3	4	6	0	9	11	5	2	12	10	23	24	16	130	#
564	1056516	1	0	5	6	11	10	23	12	24	2	16	7	8	18	13	22	17	21	20	3	130	#
565	1045729	14	8	9	13	12	19	17	18	4	3	7	2	6	5	1	23	11	24	16	15	130	#
566	1044915	20	21	16	11	22	12	6	15	13	10	5	23	18	7	2	8	1	9	0	3	130	#
567	1044595	6	1	5	10	11	2	3	12	7	4	0	16	13	21	20	15	17	8	22	18	130	#
568	228053	23	18	17	131	#
569	210382	17	12	13	131	#
570	199814	18	19	17	131	#
571	167059	23	22	17	131	#
572	767766	14	9	4	8	7	1	0	12	19	17	3	2	5	6	10	11	18	15	132	#
573	898162	12	17	13	8	11	14	7	3	1	5	2	4	23	18	6	0	9	24	132	#
574	851007	4	9	19	14	8	18	13	7	6	3	23	2	17	1	12	0	11	10	132	#
575	838362	1	6	7	5	8	3	12	13	11	10	18	0	2	23	16	9	14	17	132	#
576	830537	9	4	14	8	7	19	18	23	13	12	3	17	1	0	6	2	22	11	132	#
577	814606	3	8	9	2	14	4	13	12	11	7	18	16	10	5	1	6	17	0	132	#
578	43076	11	#
579	148450	5	6	133	#
580	142133	5	0	133	#
581	128165	6	1	133	#
582	50082	16	#
583	37751	7	#
584	24429	22	#
585	394742	0	5	10	11	1	6	12	2	134	#
586	480253	1	6	0	2	11	3	12	17	134	#
587	473609	10	15	23	11	18	6	12	21	134	#
588	461463	0	1	15	7	8	16	6	21	134	#
589	409341	11	6	1	7	2	0	10	12	134	#
590	406150	2	1	6	5	11	0	12	13	134	#
591	184800	15	10	11	12	13	17	22	135	#
592	275853	13	18	23	22	8	14	9	135	#
593	249407	15	16	10	21	11	20	12	135	#
594	191427	10	5	6	11	1	12	7	135	#
595	191408	17	22	21	15	20	10	16	135	#
596	272179	19	14	8	9	136	#
597	284606	9	1	7	8	136	#
598	262642	19	14	8	7	136	#
599	253581	8	3	13	4	136	#
600	330049	15	21	20	16	137	#
601	219734	21	16	11	22	137	#
602	155737	5	1	0	138	#
603	199764	1	5	2	138	#
604	120430	0	5	10	138	#
605	78969	5	6	4	138	#
606	82729	19	18	139	#
607	76731	18	13	139	#
608	26143	19	14	139	#
609	100121	23	18	140	#
610	62925	18	17	140	#
611	379363	9	8	4	14	13	7	12	141	#
612	437960	8	14	13	18	23	12	9	141	#
613	397454	9	8	14	4	13	12	18	141	#
614	381661	7	12	8	1	14	9	19	141	#
615	378755	13	8	9	16	12	21	7	141	#
616	339113	4	9	14	8	13	7	1	141	#
617	205065	21	13	8	18	142	#
618	307570	8	13	9	3	142	#
619	300863	13	8	12	9	142	#
620	185767	21	16	11	22	142	#
621	118751	18	19	23	17	142	#
622	1282986	6	5	11	10	16	15	0	21	12	22	7	1	17	20	13	8	9	2	14	3	18	19	23	24	4	#
623	568482	1	5	10	0	2	7	6	15	11	16	3	21	4	143	#
624	676210	4	9	23	14	19	8	3	2	18	13	24	1	7	143	#
625	675874	3	4	9	21	2	8	15	14	13	19	12	17	18	143	#
626	615200	1	5	6	2	10	7	8	13	0	12	18	23	17	143	#
627	590371	11	16	10	6	5	1	24	0	12	21	22	7	23	143	#
628	580263	2	1	0	20	21	7	8	5	22	14	4	16	12	143	#
629	1048603	4	9	14	8	19	3	18	2	23	17	7	22	21	13	12	15	1	16	11	24	144	#
630	1076198	23	22	24	21	18	13	15	19	17	8	10	3	12	14	7	20	4	1	9	0	144	#
631	1049235	14	9	8	19	18	4	3	13	12	23	24	7	2	22	21	15	20	11	10	17	144	#
632	1046707	24	23	18	3	2	17	19	4	14	12	11	22	8	21	20	16	15	9	7	13	144	#
633	1005720	2	1	5	10	7	3	6	0	15	11	12	17	4	18	16	23	24	8	21	14	144	#
634	1004556	19	18	13	23	22	8	21	7	15	20	14	9	3	16	12	0	2	17	11	4	144	#
635	278713	12	13	11	18	6	17	145	#
636	324411	11	6	12	13	7	18	145	#
637	267716	13	12	8	14	7	11	145	#
638	259477	17	18	22	23	12	21	145	#
639	239739	6	1	11	12	17	2	145	#
640	230510	18	17	22	13	12	21	145	#
641	151257	20	21	15	146	#
642	188404	21	16	15	146	#
643	113757	15	10	11	146	#
644	1066683	23	24	18	19	14	9	22	8	13	3	17	21	4	12	6	2	7	1	0	147	#
645	1220688	23	22	17	21	7	1	0	2	24	20	6	15	8	5	16	3	12	9	4	147	#
646	1157654	3	2	1	5	4	8	6	7	0	11	9	10	16	15	13	14	12	21	19	147	#
647	1148730	19	18	7	13	12	11	16	8	10	23	21	6	1	15	2	9	24	14	3	147	#
648	1139568	9	8	14	3	4	2	19	7	6	1	5	13	18	10	15	23	12	21	0	147	#
649	1128297	7	6	11	5	16	10	15	1	21	8	0	20	9	14	2	19	12	22	3	147	#
650	993847	9	11	16	6	15	7	10	4	5	3	21	8	20	14	1	0	2	12	13	17	18	22	19	23	24	#
651	75130	6	#
652	33379	16	#
653	621328	24	23	18	13	17	12	7	19	22	21	20	1	148	#
654	714979	24	23	22	17	18	12	0	13	19	14	8	9	148	#
655	669319	23	18	1	24	19	2	3	6	17	8	22	13	148	#
656	668056	1	2	5	0	3	6	8	11	23	16	12	7	148	#
657	649797	21	15	16	10	5	0	6	11	12	20	22	1	148	#
658	646919	19	18	17	13	22	23	12	8	7	14	9	5	148	#
659	9985	13	#
660	40192	8	#
661	334698	1	2	7	5	3	6	149	#
662	342686	2	3	4	8	14	1	149	#
663	254372	3	8	2	4	13	14	149	#
664	242001	5	10	15	21	6	11	149	#
665	217149	6	7	1	5	0	8	149	#
666	197660	7	1	0	6	10	12	149	#
667	196448	23	22	18	17	24	19	150	#
668	285451	18	23	13	8	7	3	150	#
669	276444	24	23	22	21	18	16	150	#
670	194967	22	23	24	18	19	21	150	#
671	191597	23	18	13	22	17	24	150	#
672	135342	17	22	23	18	19	12	150	#
673	50749	17	#
674	389524	9	4	14	8	3	7	12	11	13	151	#
675	500966	9	8	7	1	0	5	2	6	4	151	#
676	483704	7	6	1	11	16	8	12	13	3	151	#
677	465721	4	9	8	3	7	12	13	11	10	151	#
678	455732	13	12	18	17	7	8	23	24	22	151	#
679	446767	11	16	10	12	7	6	8	18	13	151	#
680	71876	23	22	152	#
681	58158	22	21	152	#
682	1129954	5	10	15	1	21	16	0	11	20	6	7	12	22	8	13	17	14	18	23	19	24	9	2	4	3	#
683	787142	20	3	8	9	2	7	6	1	0	153	#
684	829854	1	2	3	7	6	8	9	0	11	153	#
685	646581	3	4	8	7	22	1	9	6	12	153	#
686	627263	2	1	15	10	7	3	8	12	14	153	#
687	569217	6	1	7	11	10	5	15	0	12	153	#
688	552719	9	8	4	14	3	7	13	18	23	153	#
689	50279	23	#
690	649326	11	16	6	7	12	1	13	0	5	8	17	18	2	3	154	#
691	752234	1	7	5	6	12	11	16	10	17	2	3	20	8	0	154	#
692	739069	8	9	4	7	14	12	1	2	3	19	0	18	6	17	154	#
693	733444	0	5	10	11	12	15	6	1	16	21	9	24	2	23	154	#
694	698298	18	19	13	14	23	9	8	3	12	7	1	6	24	2	154	#
695	688401	12	7	17	6	11	5	1	0	18	23	10	19	14	8	154	#
696	227240	8	14	19	3	7	4	155	#
697	293557	3	8	13	2	1	18	155	#
698	263260	19	18	17	23	22	11	155	#
699	247678	7	8	1	14	6	0	155	#
700	198481	4	9	14	3	19	2	155	#
701	155308	14	8	19	18	9	13	155	#
702	96405	2	#
703	1168318	10	5	0	11	1	6	7	16	12	8	15	9	13	4	14	19	21	20	3	22	2	23	18	17	156	#
704	1225958	7	8	9	3	12	13	18	14	4	19	17	1	21	20	6	5	2	0	15	23	22	16	11	24	156	#
705	1221964	5	1	2	3	0	6	7	4	9	8	14	19	18	13	17	23	22	12	11	16	10	15	24	21	156	#
706	1216787	3	8	7	9	1	5	6	0	2	4	11	14	13	12	17	19	10	15	18	21	16	23	20	24	156	#
707	1202978	10	15	5	1	11	12	6	16	0	17	4	7	22	23	3	21	18	24	2	13	8	20	19	14	156	#
708	1195347	0	5	1	6	11	10	12	17	16	22	7	21	23	8	15	13	18	19	14	24	20	3	2	9	156	#
709	581687	2	1	7	12	3	23	4	17	9	157	#
710	633648	3	2	1	7	12	0	13	4	8	157	#
711	632340	7	6	0	1	2	12	3	4	8	157	#
712	546853	2	1	7	8	3	4	14	13	18	157	#
713	521270	4	3	2	1	6	5	0	8	13	157	#
714	413704	9	4	3	8	19	13	2	18	14	157	#
715	117088	8	#
716	472897	21	22	16	15	17	11	12	7	10	8	13	158	#
717	669378	13	8	18	12	23	3	22	24	4	9	2	158	#
718	644873	16	11	6	1	20	21	12	5	2	0	10	158	#
719	638249	10	15	21	5	1	16	11	2	7	20	6	158	#
720	628209	17	18	23	22	24	21	12	20	13	7	8	158	#
721	621169	12	7	1	0	2	5	3	6	10	13	18	158	#
722	281494	12	7	8	159	#
723	282679	8	7	13	159	#
724	167624	7	6	1	159	#
725	89607	12	7	11	159	#
726	261931	23	24	18	160	#
727	216636	23	24	22	160	#
728	463279	12	7	17	18	11	16	13	10	161	#
729	607408	13	8	18	9	19	12	17	4	161	#
730	576070	12	7	11	1	6	17	2	0	161	#
731	568965	7	6	11	12	16	21	1	9	161	#
732	519006	17	18	13	8	19	20	21	12	161	#
733	492077	18	13	17	23	12	22	7	21	161	#
734	150546	1	2	162	#
735	175944	2	3	162	#
736	91169	1	0	162	#
737	697054	12	11	7	6	17	16	13	8	9	14	18	3	19	10	23	15	1	5	163	#
738	897969	18	17	23	24	22	13	8	9	21	12	16	7	14	19	15	20	10	11	163	#
739	881813	17	22	23	24	18	21	13	16	1	12	0	7	8	2	20	9	6	19	163	#
740	868835	13	12	7	21	20	16	1	15	0	8	18	17	3	9	23	4	6	24	163	#
741	863646	10	11	16	15	21	20	22	6	23	7	12	24	1	2	17	8	3	9	163	#
742	843905	12	7	19	13	18	14	17	11	10	23	24	6	1	9	8	3	16	15	163	#
743	216116	3	4	8	14	164	#
744	249456	4	3	9	8	164	#
745	243022	3	8	14	13	164	#
746	145606	8	13	18	19	164	#
747	142653	14	19	18	8	164	#
748	615956	14	19	18	8	23	22	9	4	24	3	165	#
749	583616	4	3	9	14	2	8	7	19	6	18	165	#
750	544381	8	14	9	4	3	2	19	13	18	17	165	#
751	530393	23	22	21	16	2	3	15	4	11	1	165	#
752	476782	22	17	21	20	15	23	16	18	12	7	165	#
753	465621	18	17	13	22	23	12	24	9	4	21	165	#
754	536161	0	1	5	7	2	3	4	10	166	#
755	626700	1	7	0	8	5	3	2	13	166	#
756	594337	2	1	0	7	5	10	3	12	166	#
757	559348	0	1	5	2	3	10	6	7	166	#
758	514608	3	2	4	9	14	1	19	0	166	#
759	489624	7	8	14	9	19	13	12	3	166	#
760	27337	13	#
761	687655	12	11	16	10	15	21	5	17	1	22	6	20	7	2	18	167	#
762	969113	6	11	10	7	16	1	8	5	12	0	21	15	2	20	17	167	#
763	903708	2	1	5	0	6	7	3	11	10	15	21	4	16	22	8	167	#
764	887496	5	1	0	6	11	12	16	7	17	18	10	13	8	2	21	167	#
765	864433	7	8	6	1	13	2	0	5	11	16	21	24	23	22	10	167	#
766	839837	1	2	5	0	6	11	3	12	22	10	7	4	17	13	8	167	#
767	419109	6	1	7	2	0	5	168	#
768	442955	0	1	2	3	5	6	168	#
769	415962	1	7	5	6	2	3	168	#
770	393434	6	1	5	10	15	0	168	#
771	324433	5	1	7	10	8	13	168	#
772	289599	2	1	7	12	13	14	168	#
773	749002	19	6	14	18	7	1	9	23	13	4	17	2	8	22	0	5	3	24	11	16	169	#
774	843950	11	10	16	6	1	15	7	8	3	23	9	21	4	0	5	2	13	12	14	24	169	#
775	824260	19	18	14	13	9	17	8	23	12	3	4	2	7	6	22	1	21	5	16	15	169	#
776	812534	8	3	13	11	7	2	18	6	23	17	1	14	4	16	21	22	15	12	0	10	169	#
777	797156	0	5	9	1	2	4	14	6	11	10	7	3	8	15	19	18	16	12	17	23	169	#
778	795203	2	1	6	3	0	4	5	7	9	8	14	19	10	11	18	16	17	12	15	21	169	#
779	784257	2	3	4	8	14	9	19	1	7	13	6	17	12	5	18	170	#
780	917210	18	17	12	11	13	6	8	23	3	4	22	14	16	2	24	170	#
781	864580	5	1	7	8	22	6	23	14	0	9	12	24	3	2	15	170	#
782	856568	6	7	8	13	14	3	21	12	5	2	17	11	18	9	4	170	#
783	811221	9	4	3	14	8	19	7	2	12	13	1	16	6	11	5	170	#
784	796015	2	1	5	10	3	4	11	12	0	17	8	7	18	9	6	170	#
785	136944	18	13	12	23	171	#
786	197725	23	22	18	7	171	#
787	155222	12	13	8	18	171	#
788	144312	13	12	17	8	171	#
789	124294	23	24	#
790	100682	17	18	12	19	22	23	13	172	#
791	124201	23	18	24	19	14	17	13	172	#
792	122589	18	23	19	17	22	21	14	172	#
793	110441	17	12	7	13	10	11	5	172	#
794	45096	13	18	17	19	22	14	21	172	#
795	624146	15	10	16	5	21	0	22	11	6	23	24	173	#
796	763370	24	23	22	21	18	17	13	8	15	12	9	173	#
797	758707	16	15	10	11	5	1	6	0	7	8	9	173	#
798	757592	10	11	12	15	6	7	8	1	13	16	3	173	#
799	732021	11	12	6	10	15	7	1	5	8	0	14	173	#
800	659224	6	1	7	12	11	2	13	8	0	17	10	173	#
801	158701	12	11	17	22	23	174	#
802	221559	17	12	22	18	19	174	#
803	187581	12	11	18	17	13	174	#
804	138695	23	22	21	20	18	174	#
805	101153	11	10	16	15	17	174	#
806	97723	22	21	15	10	11	174	#
807	431112	2	1	3	4	5	6	0	10	175	#
808	536398	4	3	6	9	1	8	2	13	175	#
809	533533	1	2	5	10	6	0	3	8	175	#
810	501234	2	3	4	9	1	0	5	6	175	#
811	442229	3	4	8	7	9	14	6	19	175	#
812	375507	10	5	6	15	0	21	1	7	175	#
813	277329	10	11	6	16	5	0	176	#
814	384922	0	5	6	10	1	7	176	#
815	341243	16	9	11	12	6	5	176	#
816	315583	6	7	12	11	1	5	176	#
817	315555	11	12	13	18	7	17	176	#
818	285684	5	0	6	1	10	11	176	#
819	384479	11	16	6	12	5	10	7	21	13	0	22	8	18	20	177	#
820	561217	22	17	11	6	21	3	16	8	18	9	7	20	1	23	177	#
821	551162	8	23	14	13	18	19	9	24	3	22	12	17	4	11	177	#
822	548673	5	0	1	6	2	7	11	12	3	13	16	10	18	23	177	#
823	532469	10	5	1	15	11	7	16	6	12	21	2	17	18	0	177	#
824	508461	7	6	11	12	8	1	5	13	10	3	15	17	18	0	177	#
825	374020	18	17	23	12	24	22	13	21	7	178	#
826	473044	13	12	7	11	16	6	1	8	5	178	#
827	424267	7	6	5	11	1	16	21	10	15	178	#
828	404868	24	23	18	19	14	17	22	8	3	178	#
829	397204	17	12	13	7	18	23	22	8	0	178	#
830	393535	23	18	13	17	24	12	7	6	11	178	#
831	289312	23	24	18	179	#
832	257350	18	23	17	179	#
833	157962	23	24	22	179	#
834	654887	10	11	12	7	6	1	16	13	8	5	21	18	180	#
835	683546	12	16	11	6	7	5	10	0	1	2	21	15	180	#
836	650061	1	5	0	10	11	6	15	16	21	12	7	22	180	#
837	626265	5	6	0	1	2	7	12	13	3	10	8	11	180	#
838	597688	6	5	1	7	12	10	15	11	0	16	17	13	180	#
839	590531	16	21	15	11	22	12	7	1	10	23	17	18	180	#
840	22043	13	18	#
841	240131	15	16	9	181	#
842	225306	9	3	4	181	#
843	159096	15	10	16	181	#
844	128199	16	21	20	181	#
845	1141069	15	10	16	5	2	21	1	0	3	7	6	4	20	9	8	14	13	12	11	22	19	23	18	17	24	#
846	35644	13	12	#
847	684074	6	1	2	3	11	12	13	16	0	18	8	182	#
848	667834	18	13	17	23	12	8	24	3	2	4	15	182	#
849	597795	3	4	2	22	20	21	16	23	1	0	15	182	#
850	587601	13	8	14	12	3	17	2	18	22	19	21	182	#
851	529318	6	7	12	11	17	8	16	1	0	14	18	182	#
852	521754	8	9	14	3	13	4	18	2	19	17	23	182	#
853	1029504	12	7	17	13	6	8	1	11	14	16	15	3	0	2	5	18	21	10	4	19	9	20	23	24	22	#
854	598876	24	23	18	19	15	22	17	14	9	4	8	3	7	183	#
855	697139	24	23	22	21	17	16	8	5	15	7	9	10	6	183	#
856	568001	7	6	5	1	12	10	2	11	3	16	15	17	8	183	#
857	565522	4	9	8	3	2	1	7	0	6	5	14	19	11	183	#
858	564445	3	2	4	8	1	0	6	13	18	9	5	12	7	183	#
859	541307	23	24	22	18	17	12	13	8	7	3	19	2	11	183	#
860	400419	14	8	13	7	18	3	9	1	184	#
861	508962	13	18	23	8	3	2	4	22	184	#
862	495706	14	19	18	13	8	23	24	3	184	#
863	487621	7	8	12	13	18	9	6	11	184	#
864	469519	9	4	8	7	14	12	19	3	184	#
865	438245	1	6	11	7	5	3	4	8	184	#
866	157313	14	19	9	4	3	185	#
867	142795	19	14	9	8	18	185	#
868	408188	10	5	11	12	17	22	21	20	23	18	15	16	24	13	186	#
869	594659	10	5	0	1	6	11	15	16	21	2	3	8	17	20	186	#
870	557935	18	17	23	24	22	21	16	12	15	7	11	8	13	1	186	#
871	556993	20	21	15	16	11	12	6	7	10	22	5	13	8	3	186	#
872	542460	24	23	22	17	18	12	13	21	20	8	19	11	16	7	186	#
873	532924	16	21	20	22	17	11	18	23	12	6	7	10	1	8	186	#
874	561396	3	4	2	1	5	9	7	12	0	14	11	187	#
875	648881	4	9	14	8	3	2	7	1	6	19	0	187	#
876	614594	1	2	6	5	7	3	8	4	0	9	13	187	#
877	607284	3	4	9	14	2	1	5	19	7	0	10	187	#
878	593613	9	4	14	8	3	19	2	7	1	11	12	187	#
879	562595	2	3	8	7	6	9	11	4	1	5	13	187	#
880	89714	2	#
881	228584	3	2	188	#
882	111904	2	1	188	#
883	244496	17	22	12	11	21	10	6	189	#
884	352548	21	20	15	22	17	16	23	189	#
885	303098	22	21	23	18	17	19	24	189	#
886	295986	12	19	9	14	8	7	13	189	#
887	282852	11	10	16	6	21	15	22	189	#
888	206153	17	12	7	1	6	11	5	189	#
889	271860	6	1	7	8	190	#
890	296456	7	12	1	8	190	#
891	270185	6	7	8	12	190	#
892	268398	1	5	0	6	190	#
893	173091	8	7	13	9	190	#
894	1036893	7	8	1	0	6	3	11	12	5	9	2	13	10	4	15	18	23	21	17	14	16	22	19	20	24	#
895	133842	19	18	191	#
896	74537	19	14	191	#
897	55910	18	17	191	#
898	680306	17	18	11	10	16	23	22	15	12	6	21	7	192	#
899	794205	10	15	5	21	22	16	1	23	2	17	0	12	192	#
900	790959	11	16	10	15	21	6	1	5	12	2	3	0	192	#
901	739766	7	6	11	12	5	16	8	3	15	10	21	17	192	#
902	690864	21	22	16	15	23	17	24	12	11	10	6	7	192	#
903	684009	15	16	11	12	17	22	10	18	21	13	8	23	192	#
904	914365	8	14	3	4	9	2	19	7	6	1	12	11	10	5	16	18	17	13	22	23	21	24	0	15	20	#
905	79354	17	12	#
906	1392741	12	11	6	7	5	17	16	10	15	21	13	8	1	18	9	2	22	14	0	3	19	4	23	24	193	#
907	1374397	2	3	13	8	4	1	18	19	9	14	7	6	17	22	5	12	11	23	21	15	0	24	16	20	193	#
908	1371502	15	16	11	21	22	12	17	20	23	10	13	7	24	8	14	3	9	19	2	1	5	0	6	4	193	#
909	1345990	17	18	22	12	13	11	16	23	15	24	8	3	2	7	10	9	14	21	1	4	6	20	0	5	193	#
910	1331607	21	16	15	22	17	23	12	7	19	8	18	13	24	3	11	6	10	14	5	2	1	9	0	20	193	#
911	1307743	5	1	10	6	7	8	9	11	0	4	3	2	14	16	19	12	13	15	18	21	22	20	23	24	193	#
912	472871	1	0	2	5	10	6	15	21	194	#
913	597508	10	3	15	2	5	4	11	21	194	#
914	552353	1	2	6	3	0	16	15	4	194	#
915	492362	21	15	10	11	12	16	7	13	194	#
916	464752	2	1	7	8	6	5	14	3	194	#
917	443816	15	16	10	21	5	11	22	1	194	#
918	175779	3	4	2	9	1	13	195	#
919	236360	9	8	14	3	7	19	195	#
920	227937	2	3	1	4	5	10	195	#
921	196198	13	8	3	7	14	9	195	#
922	172456	4	3	8	9	14	19	195	#
923	1065570	0	5	10	1	6	2	7	8	3	4	9	13	12	17	18	11	22	19	23	24	16	15	21	14	20	#
924	26289	5	#
925	529026	17	12	18	23	24	22	11	13	7	19	16	196	#
926	760310	23	22	21	17	24	16	20	15	18	10	13	196	#
927	731291	18	13	23	8	3	17	9	22	24	20	4	196	#
928	719663	24	23	22	18	17	19	21	14	8	15	12	196	#
929	715811	12	13	18	8	17	23	22	16	24	19	21	196	#
930	695743	13	21	15	22	10	17	20	16	18	12	23	196	#
931	1217069	12	11	16	10	21	17	5	4	20	6	22	3	9	13	7	8	1	15	23	18	24	0	197	#
932	1234101	4	3	9	8	13	14	19	2	21	15	18	17	10	16	5	1	0	23	11	24	12	22	197	#
933	1231799	22	23	24	21	16	15	11	2	0	10	1	6	5	18	3	13	7	17	19	8	12	4	197	#
934	1228228	24	23	22	18	17	13	8	3	9	2	4	14	1	0	21	5	7	6	12	19	16	11	197	#
935	1191422	21	16	5	11	1	9	12	14	2	10	13	22	7	8	17	23	6	24	15	4	18	3	197	#
936	1183744	23	24	18	19	17	12	22	13	7	8	21	3	4	20	9	15	16	0	1	11	6	5	197	#
937	249588	17	18	19	13	14	8	9	198	#
938	342622	18	23	24	22	17	19	21	198	#
939	329879	9	14	4	8	3	7	2	198	#
940	321575	8	3	9	13	14	2	4	198	#
941	307758	13	8	3	12	18	4	9	198	#
942	296469	17	22	12	7	18	8	9	198	#
943	69193	12	#
944	12854	19	14	#
945	799266	7	8	1	19	9	0	14	12	17	5	2	199	#
946	874525	1	0	2	3	4	9	14	8	7	12	17	199	#
947	821930	12	17	11	7	1	8	22	14	16	9	18	199	#
948	772734	5	1	13	7	2	0	8	3	9	12	4	199	#
949	737302	9	8	14	4	7	12	3	11	1	5	2	199	#
950	682118	2	1	5	0	6	7	12	11	17	18	13	199	#
951	169684	15	10	21	22	16	200	#
952	228693	16	21	22	15	23	200	#
953	178404	22	21	20	23	16	200	#
954	336819	1	7	5	6	2	0	11	3	201	#
955	437012	1	9	6	2	3	7	8	5	201	#
956	366422	3	2	4	8	13	9	18	14	201	#
957	359383	2	16	1	5	11	6	7	3	201	#
958	359034	6	5	10	7	1	8	3	4	201	#
959	323351	0	1	7	6	11	12	8	5	201	#
960	308729	16	15	10	21	202	#
961	252908	21	15	16	22	202	#
962	248320	10	15	21	20	202	#
963	238686	15	10	21	22	202	#
964	218063	16	11	6	15	202	#
965	1187450	17	18	22	21	6	7	8	16	14	15	23	12	13	19	5	20	9	0	1	11	10	2	4	24	3	#
966	786367	15	21	10	22	23	18	20	24	11	5	16	6	13	0	7	1	203	#
967	949372	21	15	20	0	5	6	11	1	7	16	8	13	9	23	24	22	203	#
968	876118	6	1	7	2	23	24	0	5	8	11	13	16	9	10	12	18	203	#
969	809105	5	0	6	1	7	2	8	12	9	11	13	14	16	10	15	18	203	#
970	736893	20	21	22	15	23	16	24	11	6	7	10	1	2	5	18	13	203	#
971	675950	22	23	18	24	13	19	8	14	7	12	6	11	9	4	5	10	203	#
972	21578	13	#
973	68843	20	#
974	557331	10	11	16	15	12	6	1	14	7	9	8	5	19	4	204	#
975	747911	5	0	1	6	7	11	10	16	15	2	12	3	21	8	204	#
976	649133	15	16	10	5	21	1	11	6	0	12	22	8	3	7	204	#
977	642839	10	5	15	0	16	21	22	1	11	2	23	7	6	12	204	#
978	601118	19	7	14	9	8	1	2	5	3	6	11	0	4	16	204	#
979	557980	16	15	10	11	21	22	5	0	1	2	12	17	7	6	204	#
980	395881	2	1	5	7	0	3	6	8	205	#
981	551306	7	8	12	3	4	2	17	9	205	#
982	519891	2	1	7	3	4	8	9	13	205	#
983	465357	3	2	4	8	14	9	7	13	205	#
984	449200	6	4	3	8	13	2	18	9	205	#
985	436117	1	2	3	5	10	15	8	11	205	#
986	1000492	14	8	3	9	4	19	2	18	13	23	12	22	11	20	16	17	7	1	5	10	21	206	#
987	1256657	23	18	22	17	19	24	13	12	11	10	6	5	1	7	15	9	8	21	3	0	16	206	#
988	1205579	9	8	3	4	13	18	23	19	17	24	14	0	2	1	5	22	7	21	6	15	16	206	#
989	1187618	18	13	23	24	19	22	21	20	15	17	16	12	8	7	1	0	11	6	5	2	3	206	#
990	1147439	16	21	22	20	11	17	18	23	10	6	1	24	5	19	13	2	12	7	0	8	3	206	#
991	1112481	21	20	16	22	23	17	11	10	15	5	18	13	24	8	9	6	19	3	1	14	7	206	#
992	150635	18	17	13	207	#
993	175794	17	12	18	207	#
994	165446	18	19	13	207	#
995	134852	13	12	11	207	#
996	1173572	4	9	3	2	14	19	5	1	18	0	6	10	7	11	8	12	13	15	17	23	21	22	20	16	24	#
997	116581	0	1	6	208	#
998	64539	0	5	10	208	#
999	763322	0	5	1	6	10	2	11	7	12	16	3	8	209	#
1000	849468	16	21	11	22	10	23	20	24	12	6	15	13	209	#
1001	804624	11	16	6	1	7	2	12	21	5	10	3	15	209	#
1002	760053	0	5	6	1	11	7	2	16	12	8	3	21	209	#
1003	712064	3	2	12	13	1	4	18	19	11	6	23	8	209	#
1004	679684	1	2	3	6	7	12	5	8	4	9	13	14	209	#
