%% File generated by CATS v.2.1Tue Aug 20 18:57:01 2019

%% The CATS webpage is http://robotics.stanford.edu/CATS

%% PARAMETER SETTINGS:
% Goods: 45; Bids: 900; Distribution: paths; Runs: 10; Seed: 1566345299
% Paths Distribution Parameters:
% Initial connections:       = 2
% Edge density:              = 3.000000
% Shipping cost factor:      = 1.500000
% Max bid set size:          = 5
% Building penalty:          = 1.700000



goods 45
bids 900
dummy 381

0	504	22	#
1	514	39	#
2	837	20	45	#
3	837	31	39	45	#
4	683	23	#
5	797	3	35	46	#
6	797	3	8	9	46	#
7	797	15	36	46	#
8	797	10	37	46	#
9	797	11	15	37	46	#
10	458	40	47	#
11	458	7	13	47	#
12	255	7	#
13	908	29	48	#
14	908	0	32	48	#
15	908	1	17	23	48	#
16	219	9	10	#
17	745	2	12	13	#
18	940	29	49	#
19	940	0	32	49	#
20	940	1	17	23	49	#
21	940	0	23	34	49	#
22	940	28	40	49	#
23	392	33	50	#
24	392	10	18	50	#
25	392	11	15	18	50	#
26	147	19	#
27	995	19	27	51	#
28	995	8	22	39	51	#
29	831	43	52	#
30	831	2	12	40	52	#
31	734	22	30	53	#
32	734	34	42	53	#
33	734	10	31	34	53	#
34	734	8	19	22	53	#
35	734	6	24	30	53	#
36	314	7	#
37	358	17	19	#
38	191	30	#
39	401	39	#
40	642	4	5	7	14	#
41	365	4	7	#
42	942	0	10	44	54	#
43	942	15	26	44	54	#
44	942	0	11	15	44	54	#
45	308	15	33	55	#
46	308	11	18	55	#
47	308	10	15	18	55	#
48	896	13	17	23	#
49	1073	17	27	56	#
50	1073	20	33	56	#
51	1073	10	18	20	56	#
52	1073	11	15	18	20	56	#
53	1073	22	38	39	56	#
54	372	0	10	57	#
55	372	15	26	57	#
56	372	0	11	15	57	#
57	248	9	10	#
58	786	15	20	#
59	807	21	58	#
60	807	3	17	19	58	#
61	433	4	5	6	#
62	176	17	#
63	314	11	34	59	#
64	314	10	15	34	59	#
65	777	14	22	30	#
66	671	24	30	#
67	326	10	34	60	#
68	326	11	15	34	60	#
69	797	3	35	61	#
70	797	3	8	9	61	#
71	797	15	36	61	#
72	797	10	37	61	#
73	797	11	15	37	61	#
74	556	4	40	62	#
75	556	4	7	13	62	#
76	940	29	63	#
77	940	0	32	63	#
78	940	1	17	23	63	#
79	940	0	23	34	63	#
80	940	28	40	63	#
81	60	10	#
82	554	11	25	64	#
83	554	10	41	64	#
84	554	10	15	25	64	#
85	554	6	42	64	#
86	554	6	10	31	64	#
87	472	4	16	#
88	775	36	65	#
89	775	15	35	3	65	#
90	775	15	9	8	3	65	#
91	775	11	37	65	#
92	775	15	10	37	65	#
93	377	34	11	66	#
94	377	34	10	15	66	#
95	377	30	9	15	66	#
96	371	5	4	#
97	512	42	67	#
98	512	10	31	67	#
99	556	22	14	#
100	723	23	17	#
101	328	5	6	#
102	792	8	24	68	#
103	792	8	22	6	68	#
104	792	35	41	68	#
105	792	35	15	25	68	#
106	792	8	9	41	68	#
107	80	4	#
108	697	44	#
109	476	31	15	#
110	666	44	15	#
111	499	1	17	19	#
112	1074	0	10	20	69	#
113	1074	28	4	16	69	#
114	1074	26	15	20	69	#
115	1074	0	11	15	20	69	#
116	1074	0	42	39	69	#
117	583	22	70	#
118	583	6	24	70	#
119	310	33	71	#
120	310	18	10	71	#
121	30	15	#
122	531	25	72	#
123	531	41	15	72	#
124	531	6	31	15	72	#
125	590	6	39	#
126	777	13	23	#
127	585	31	73	#
128	585	10	42	73	#
129	585	41	6	73	#
130	585	15	25	6	73	#
131	585	15	11	42	73	#
132	505	24	74	#
133	505	6	22	74	#
134	164	14	#
135	422	40	4	#
136	759	8	3	75	#
137	759	30	19	3	75	#
138	150	19	#
139	504	16	#
140	185	9	#
141	712	10	44	76	#
142	712	11	15	44	76	#
143	665	14	39	#
144	771	25	26	77	#
145	771	25	11	0	77	#
146	771	41	10	0	77	#
147	771	25	15	10	0	77	#
148	771	6	42	0	77	#
149	396	16	#
150	708	44	10	78	#
151	708	44	15	11	78	#
152	384	40	#
153	763	41	33	79	#
154	763	25	15	33	79	#
155	763	25	11	18	79	#
156	763	24	38	79	#
157	763	41	10	18	79	#
158	316	18	#
159	461	3	#
160	674	40	4	5	#
161	378	33	80	#
162	378	18	10	80	#
163	378	18	11	15	80	#
164	307	38	81	#
165	307	17	30	81	#
166	734	22	30	82	#
167	734	42	34	82	#
168	734	31	10	34	82	#
169	734	22	8	19	82	#
170	734	6	24	30	82	#
171	771	25	26	83	#
172	771	25	11	0	83	#
173	771	41	10	0	83	#
174	771	25	15	10	0	83	#
175	771	6	42	0	83	#
176	567	19	17	1	84	#
177	567	35	10	0	84	#
178	771	25	26	85	#
179	771	25	11	0	85	#
180	771	41	10	0	85	#
181	771	25	15	10	0	85	#
182	771	6	42	0	85	#
183	656	5	4	7	#
184	1062	5	4	40	12	86	#
185	1062	5	4	7	13	12	86	#
186	1062	31	44	86	#
187	1220	43	4	16	87	#
188	1220	2	12	40	4	16	87	#
189	771	25	26	88	#
190	771	25	11	0	88	#
191	771	41	10	0	88	#
192	771	25	15	10	0	88	#
193	771	6	42	0	88	#
194	681	22	8	#
195	328	5	4	#
196	154	14	#
197	881	13	12	2	#
198	78	4	#
199	93	11	89	#
200	93	10	15	89	#
201	456	40	90	#
202	456	7	13	90	#
203	699	22	8	#
204	394	2	#
205	597	42	91	#
206	597	31	10	91	#
207	597	31	15	11	91	#
208	597	6	25	11	91	#
209	597	6	41	10	91	#
210	793	20	#
211	205	9	#
212	767	28	#
213	871	20	92	#
214	871	39	31	92	#
215	469	39	6	#
216	483	16	4	#
217	310	38	93	#
218	310	17	30	93	#
219	976	43	94	#
220	976	2	12	40	94	#
221	976	2	12	13	7	94	#
222	473	25	#
223	758	15	20	#
224	790	37	95	#
225	790	18	21	95	#
226	790	10	35	3	95	#
227	790	10	9	8	3	95	#
228	790	34	19	3	95	#
229	775	36	96	#
230	775	15	35	3	96	#
231	775	15	9	8	3	96	#
232	775	11	37	96	#
233	775	15	10	37	96	#
234	908	6	5	4	40	12	#
235	725	12	40	4	97	#
236	725	12	13	7	4	97	#
237	805	40	4	5	6	98	#
238	805	13	7	4	5	6	98	#
239	587	3	#
240	242	30	#
241	932	43	99	#
242	932	2	12	40	99	#
243	932	2	12	13	7	99	#
244	349	33	100	#
245	349	18	10	100	#
246	349	18	11	15	100	#
247	285	0	#
248	261	1	#
249	265	1	#
250	297	26	101	#
251	297	11	0	101	#
252	297	15	10	0	101	#
253	661	10	44	#
254	966	43	102	#
255	966	2	12	40	102	#
256	966	2	12	13	7	102	#
257	900	21	1	#
258	358	33	103	#
259	358	10	18	103	#
260	358	15	11	18	103	#
261	210	30	#
262	33	15	#
263	248	7	#
264	792	24	8	104	#
265	792	6	22	8	104	#
266	792	41	35	104	#
267	792	25	15	35	104	#
268	792	41	9	8	104	#
269	673	24	30	#
270	255	30	#
271	641	22	105	#
272	641	6	24	105	#
273	641	31	9	105	#
274	448	40	4	#
275	624	39	14	#
276	131	17	#
277	929	20	15	106	#
278	929	39	31	15	106	#
279	929	20	10	11	106	#
280	929	39	6	25	106	#
281	380	35	107	#
282	380	9	8	107	#
283	165	14	#
284	584	3	#
285	180	30	#
286	741	8	22	14	#
287	32	15	#
288	951	43	108	#
289	951	2	12	40	108	#
290	951	2	12	13	7	108	#
291	483	4	5	6	#
292	364	17	1	#
293	635	5	4	7	#
294	100	4	#
295	242	12	#
296	797	35	3	109	#
297	797	9	8	3	109	#
298	797	15	36	109	#
299	797	10	37	109	#
300	797	15	11	37	109	#
301	184	19	#
302	432	13	12	#
303	876	7	28	#
304	375	13	12	#
305	842	2	12	13	#
306	465	22	#
307	420	39	#
308	344	33	15	110	#
309	344	18	11	110	#
310	344	18	10	15	110	#
311	763	41	33	111	#
312	763	25	15	33	111	#
313	763	25	11	18	111	#
314	763	24	38	111	#
315	763	41	10	18	111	#
316	1143	43	4	5	112	#
317	1143	3	8	22	112	#
318	1143	2	12	40	4	5	112	#
319	1143	3	8	24	6	112	#
320	1143	2	12	13	7	4	5	112	#
321	177	8	#
322	189	9	15	#
323	614	22	113	#
324	614	24	6	113	#
325	614	9	31	113	#
326	28	15	#
327	640	22	8	#
328	295	1	#
329	326	2	#
330	769	21	114	#
331	769	17	19	3	114	#
332	439	12	13	#
333	629	14	39	#
334	259	13	#
335	551	4	16	#
336	290	5	4	#
337	363	4	5	6	#
338	700	23	#
339	1177	43	4	5	6	115	#
340	1177	3	8	24	115	#
341	1177	3	8	22	6	115	#
342	1177	2	12	40	4	5	6	115	#
343	1177	36	25	115	#
344	605	41	116	#
345	605	25	15	116	#
346	605	6	31	116	#
347	605	25	11	10	116	#
348	605	6	42	10	116	#
349	810	0	42	117	#
350	810	0	10	31	117	#
351	810	26	15	31	117	#
352	810	0	11	15	31	117	#
353	810	26	25	6	117	#
354	930	20	15	118	#
355	930	39	31	15	118	#
356	930	20	10	11	118	#
357	930	39	6	25	118	#
358	930	39	42	11	118	#
359	1067	43	4	5	6	#
360	298	10	34	#
361	508	3	#
362	417	16	#
363	537	12	2	#
364	876	7	28	#
365	300	5	4	#
366	521	3	#
367	779	15	20	#
368	573	3	#
369	810	42	0	119	#
370	810	31	10	0	119	#
371	810	31	15	26	119	#
372	810	31	15	11	0	119	#
373	810	6	25	26	119	#
374	110	11	120	#
375	110	15	10	120	#
376	287	0	10	#
377	633	22	8	#
378	311	7	#
379	521	41	121	#
380	521	25	15	121	#
381	521	6	31	121	#
382	602	25	122	#
383	602	41	15	122	#
384	602	6	31	15	122	#
385	466	12	13	#
386	306	5	#
387	274	13	#
388	1177	6	5	4	43	123	#
389	1177	24	8	3	123	#
390	1177	6	22	8	3	123	#
391	1177	6	5	4	40	12	2	123	#
392	1177	25	36	123	#
393	571	12	40	#
394	148	19	#
395	1159	14	5	4	43	124	#
396	1159	14	22	8	3	124	#
397	1177	6	5	4	43	125	#
398	1177	24	8	3	125	#
399	1177	6	22	8	3	125	#
400	1177	6	5	4	40	12	2	125	#
401	1177	25	36	125	#
402	856	40	4	5	6	126	#
403	856	13	7	4	5	6	126	#
404	729	6	5	4	7	#
405	853	15	44	127	#
406	853	11	10	44	127	#
407	414	6	5	#
408	374	16	#
409	916	4	28	#
410	790	37	128	#
411	790	21	18	128	#
412	790	3	35	10	128	#
413	790	3	8	9	10	128	#
414	790	3	19	34	128	#
415	787	10	20	#
416	923	14	5	4	40	12	#
417	421	35	129	#
418	421	8	9	129	#
419	421	19	34	10	129	#
420	746	13	23	#
421	591	41	130	#
422	591	25	15	130	#
423	591	6	31	130	#
424	591	25	11	10	130	#
425	902	20	10	131	#
426	902	20	15	11	131	#
427	902	39	42	131	#
428	902	39	31	10	131	#
429	902	39	31	15	11	131	#
430	771	10	20	#
431	451	17	1	132	#
432	451	34	0	132	#
433	373	16	#
434	950	27	19	#
435	1073	17	27	133	#
436	1073	33	20	133	#
437	1073	18	10	20	133	#
438	1073	18	11	15	20	133	#
439	1073	38	22	39	133	#
440	989	43	134	#
441	989	40	12	2	134	#
442	989	7	13	12	2	134	#
443	602	23	#
444	557	16	4	#
445	308	33	135	#
446	308	18	10	135	#
447	647	24	136	#
448	647	6	22	136	#
449	647	41	9	136	#
450	647	25	15	9	136	#
451	261	0	#
452	1259	14	5	4	43	137	#
453	1259	14	22	8	3	137	#
454	1259	14	5	4	40	12	2	137	#
455	1259	14	6	24	8	3	137	#
456	1259	14	5	4	7	13	12	2	137	#
457	128	14	#
458	558	4	40	138	#
459	558	4	7	13	138	#
460	998	0	10	44	139	#
461	998	26	15	44	139	#
462	998	0	11	15	44	139	#
463	998	29	12	139	#
464	998	0	32	12	139	#
465	763	41	33	140	#
466	763	25	15	33	140	#
467	763	25	11	18	140	#
468	763	24	38	140	#
469	763	41	10	18	140	#
470	998	0	10	44	141	#
471	998	26	15	44	141	#
472	998	0	11	15	44	141	#
473	998	29	12	141	#
474	998	0	32	12	141	#
475	1013	27	17	142	#
476	1013	20	33	142	#
477	1013	20	10	18	142	#
478	919	7	28	#
479	97	4	#
480	336	17	19	#
481	794	42	0	143	#
482	794	31	10	0	143	#
483	794	31	15	26	143	#
484	794	31	15	11	0	143	#
485	202	9	#
486	566	39	14	#
487	446	3	#
488	568	40	4	144	#
489	568	13	7	4	144	#
490	73	6	#
491	734	30	22	145	#
492	734	34	42	145	#
493	734	34	10	31	145	#
494	734	19	8	22	145	#
495	734	30	24	6	145	#
496	905	6	5	4	40	146	#
497	905	6	5	4	7	13	146	#
498	773	36	147	#
499	773	3	35	15	147	#
500	773	3	8	9	15	147	#
501	94	6	#
502	800	23	13	#
503	906	43	148	#
504	906	40	12	2	148	#
505	906	7	13	12	2	148	#
506	150	8	#
507	246	5	#
508	600	23	#
509	546	39	#
510	336	34	#
511	238	1	#
512	1074	0	10	20	149	#
513	1074	28	4	16	149	#
514	1074	26	15	20	149	#
515	1074	0	11	15	20	149	#
516	1074	0	42	39	149	#
517	493	4	40	150	#
518	493	4	7	13	150	#
519	386	16	#
520	296	0	#
521	649	5	4	40	#
522	913	20	151	#
523	913	39	31	151	#
524	913	39	42	10	151	#
525	913	39	6	41	151	#
526	913	39	6	25	15	151	#
527	892	40	4	5	14	152	#
528	892	13	7	4	5	14	152	#
529	301	19	17	#
530	222	9	10	#
531	716	7	4	5	14	#
532	980	44	10	0	153	#
533	980	44	15	26	153	#
534	980	44	15	11	0	153	#
535	980	12	29	153	#
536	593	7	4	5	6	#
537	433	4	16	#
538	388	4	5	#
539	457	4	40	#
540	293	0	#
541	733	36	#
542	623	7	4	5	#
543	398	40	#
544	310	33	154	#
545	310	18	10	154	#
546	245	13	#
547	775	36	155	#
548	775	3	35	15	155	#
549	775	3	8	9	15	155	#
550	775	37	11	155	#
551	775	37	10	15	155	#
552	930	15	20	156	#
553	930	15	31	39	156	#
554	930	11	10	20	156	#
555	930	25	6	39	156	#
556	930	11	42	39	156	#
557	390	12	13	#
558	448	2	12	#
559	641	23	17	#
560	308	10	34	#
561	836	28	7	#
562	259	18	#
563	292	2	#
564	525	0	10	9	157	#
565	525	26	15	9	157	#
566	525	0	11	15	9	157	#
567	525	1	38	157	#
568	525	1	17	30	157	#
569	346	2	#
570	605	41	158	#
571	605	15	25	158	#
572	605	31	6	158	#
573	605	10	11	25	158	#
574	605	10	42	6	158	#
575	962	14	5	4	40	12	#
576	277	18	#
577	797	3	35	159	#
578	797	3	8	9	159	#
579	797	36	15	159	#
580	797	37	10	159	#
581	797	37	11	15	159	#
582	554	25	11	160	#
583	554	41	10	160	#
584	554	25	15	10	160	#
585	554	6	42	160	#
586	554	6	31	10	160	#
587	810	0	42	161	#
588	810	0	10	31	161	#
589	810	26	15	31	161	#
590	810	0	11	15	31	161	#
591	810	26	25	6	161	#
592	1143	43	4	5	162	#
593	1143	3	8	22	162	#
594	1143	2	12	40	4	5	162	#
595	1143	3	8	24	6	162	#
596	1143	2	12	13	7	4	5	162	#
597	757	23	13	#
598	89	6	#
599	732	22	38	163	#
600	732	31	33	163	#
601	732	42	18	163	#
602	732	31	10	18	163	#
603	732	22	30	17	163	#
604	763	33	41	164	#
605	763	33	15	25	164	#
606	763	18	11	25	164	#
607	763	38	24	164	#
608	763	18	10	41	164	#
609	505	24	165	#
610	505	22	6	165	#
611	593	5	4	7	#
612	763	33	41	166	#
613	763	33	15	25	166	#
614	763	18	11	25	166	#
615	763	38	24	166	#
616	763	18	10	41	166	#
617	507	13	12	#
618	888	1	21	#
619	732	22	38	167	#
620	732	31	33	167	#
621	732	42	18	167	#
622	732	31	10	18	167	#
623	732	22	30	17	167	#
624	669	4	40	12	168	#
625	669	4	7	13	12	168	#
626	669	17	23	#
627	704	24	8	169	#
628	704	6	22	8	169	#
629	275	18	#
630	376	2	#
631	677	22	8	#
632	277	5	#
633	234	9	15	#
634	709	12	40	4	170	#
635	709	12	13	7	4	170	#
636	670	44	#
637	447	40	171	#
638	447	7	13	171	#
639	28	15	#
640	759	28	#
641	945	27	17	#
642	318	38	172	#
643	318	30	17	172	#
644	771	26	25	173	#
645	771	0	11	25	173	#
646	771	0	10	41	173	#
647	771	0	10	15	25	173	#
648	771	0	42	6	173	#
649	922	16	4	40	12	#
650	810	42	0	174	#
651	810	31	10	0	174	#
652	810	31	15	26	174	#
653	810	31	15	11	0	174	#
654	810	6	25	26	174	#
655	374	19	17	#
656	597	42	175	#
657	597	10	31	175	#
658	597	11	15	31	175	#
659	597	11	25	6	175	#
660	597	10	41	6	175	#
661	750	28	4	#
662	235	1	#
663	641	7	4	5	#
664	313	19	17	#
665	349	38	176	#
666	349	30	17	176	#
667	395	38	177	#
668	395	30	17	177	#
669	284	0	10	#
670	213	30	#
671	913	20	178	#
672	913	39	31	178	#
673	913	39	42	10	178	#
674	913	39	6	41	178	#
675	913	39	6	25	15	178	#
676	758	8	22	14	#
677	338	33	179	#
678	338	18	10	179	#
679	338	18	11	15	179	#
680	607	19	17	1	180	#
681	607	35	10	0	180	#
682	607	8	9	10	0	180	#
683	607	19	34	0	180	#
684	607	35	15	26	180	#
685	199	13	#
686	1114	6	5	4	43	181	#
687	1114	24	8	3	181	#
688	1114	6	22	8	3	181	#
689	303	15	33	#
690	323	1	#
691	59	10	#
692	498	4	5	6	#
693	569	3	19	#
694	164	19	#
695	557	12	2	#
696	951	27	#
697	246	10	9	#
698	797	35	3	182	#
699	797	9	8	3	182	#
700	797	15	36	182	#
701	797	10	37	182	#
702	797	15	11	37	182	#
703	477	15	31	#
704	261	7	#
705	646	23	17	#
706	370	11	34	183	#
707	370	15	10	34	183	#
708	370	15	9	30	183	#
709	965	4	43	184	#
710	965	4	40	12	2	184	#
711	965	4	7	13	12	2	184	#
712	530	24	185	#
713	530	6	22	185	#
714	797	3	35	186	#
715	797	3	8	9	186	#
716	797	36	15	186	#
717	797	37	10	186	#
718	797	37	11	15	186	#
719	53	10	#
720	915	4	28	#
721	790	37	187	#
722	790	18	21	187	#
723	790	10	35	3	187	#
724	790	10	9	8	3	187	#
725	790	34	19	3	187	#
726	940	29	188	#
727	940	32	0	188	#
728	940	23	17	1	188	#
729	940	23	34	0	188	#
730	940	40	28	188	#
731	750	2	12	13	#
732	990	21	1	189	#
733	990	3	19	17	1	189	#
734	990	37	0	189	#
735	990	21	18	0	189	#
736	990	3	35	10	0	189	#
737	299	34	10	#
738	739	30	22	14	#
739	311	0	#
740	466	40	4	#
741	934	1	21	190	#
742	934	1	17	19	3	190	#
743	934	0	37	190	#
744	344	17	19	#
745	778	17	23	12	#
746	627	25	191	#
747	627	15	41	191	#
748	627	15	31	6	191	#
749	627	11	10	41	191	#
750	627	11	42	6	191	#
751	379	5	6	#
752	512	41	192	#
753	512	15	25	192	#
754	512	31	6	192	#
755	183	12	#
756	522	6	39	#
757	754	21	193	#
758	754	3	19	17	193	#
759	893	23	17	194	#
760	893	32	18	194	#
761	527	40	12	#
762	404	4	16	#
763	775	36	195	#
764	775	3	35	15	195	#
765	775	3	8	9	15	195	#
766	775	37	11	195	#
767	775	37	10	15	195	#
768	242	5	#
769	627	25	196	#
770	627	15	41	196	#
771	627	15	31	6	196	#
772	627	11	10	41	196	#
773	627	11	42	6	196	#
774	998	0	10	44	197	#
775	998	26	15	44	197	#
776	998	0	11	15	44	197	#
777	998	29	12	197	#
778	998	0	32	12	197	#
779	431	16	#
780	790	37	198	#
781	790	18	21	198	#
782	790	10	35	3	198	#
783	790	10	9	8	3	198	#
784	790	34	19	3	198	#
785	315	7	#
786	667	3	8	#
787	775	36	199	#
788	775	15	35	3	199	#
789	775	15	9	8	3	199	#
790	775	11	37	199	#
791	775	15	10	37	199	#
792	797	35	3	200	#
793	797	9	8	3	200	#
794	797	15	36	200	#
795	797	10	37	200	#
796	797	15	11	37	200	#
797	537	39	6	#
798	247	30	#
799	597	42	201	#
800	597	10	31	201	#
801	597	11	15	31	201	#
802	597	11	25	6	201	#
803	597	10	41	6	201	#
804	339	34	11	202	#
805	339	34	10	15	202	#
806	26	15	#
807	677	23	13	#
808	289	7	#
809	360	1	17	#
810	328	38	203	#
811	328	17	30	203	#
812	472	16	#
813	620	12	40	4	#
814	918	5	4	40	12	204	#
815	918	5	4	7	13	12	204	#
816	741	12	40	4	205	#
817	741	12	13	7	4	205	#
818	364	17	1	#
819	992	17	27	206	#
820	992	33	20	206	#
821	992	18	10	20	206	#
822	637	24	207	#
823	637	22	6	207	#
824	242	15	9	#
825	446	16	#
826	220	9	#
827	866	32	208	#
828	866	34	23	208	#
829	866	10	44	12	208	#
830	866	18	17	23	208	#
831	866	11	15	44	12	208	#
832	295	15	33	#
833	664	32	#
834	554	11	25	209	#
835	554	10	41	209	#
836	554	10	15	25	209	#
837	554	42	6	209	#
838	554	10	31	6	209	#
839	795	44	15	210	#
840	795	44	10	11	210	#
841	515	6	5	4	#
842	847	38	22	14	211	#
843	847	33	31	14	211	#
844	847	18	42	14	211	#
845	847	18	10	31	14	211	#
846	847	17	30	22	14	211	#
847	658	19	3	#
848	920	27	#
849	178	19	#
850	674	3	19	212	#
851	674	21	17	212	#
852	604	25	213	#
853	604	41	15	213	#
854	604	6	31	15	213	#
855	505	9	10	0	214	#
856	505	9	15	26	214	#
857	505	9	15	11	0	214	#
858	505	38	1	214	#
859	680	32	#
860	551	39	#
861	290	5	#
862	658	28	#
863	24	15	#
864	605	41	215	#
865	605	25	15	215	#
866	605	6	31	215	#
867	605	25	11	10	215	#
868	605	6	42	10	215	#
869	292	2	#
870	990	1	21	216	#
871	990	1	17	19	3	216	#
872	990	0	37	216	#
873	990	0	18	21	216	#
874	990	0	10	35	3	216	#
875	326	0	10	217	#
876	326	26	15	217	#
877	326	0	11	15	217	#
878	655	32	#
879	885	17	23	218	#
880	885	18	32	218	#
881	1094	16	4	43	#
882	751	8	22	14	#
883	288	0	#
884	775	36	219	#
885	775	3	35	15	219	#
886	775	3	8	9	15	219	#
887	775	37	11	219	#
888	775	37	10	15	219	#
889	353	6	5	#
890	401	2	#
891	801	0	42	220	#
892	801	0	10	31	220	#
893	801	26	15	31	220	#
894	801	0	11	15	31	220	#
895	585	31	221	#
896	585	10	42	221	#
897	585	41	6	221	#
898	585	15	25	6	221	#
899	585	15	11	42	221	#
