%% File generated by CATS v.2.1Tue Aug 20 18:58:11 2019

%% The CATS webpage is http://robotics.stanford.edu/CATS

%% PARAMETER SETTINGS:
% Goods: 70; Bids: 2800; Distribution: scheduling; Runs: 10; Seed: 1566345660
% Scheduling Distribution Parameters:
% max_length                = 10
% deviation                 = 0.500000
% prob_additional_deadline  = 0.700000
% additivity                = 0.200000



goods 70
bids 2839
dummy 55

0	14893	0	1	2	3	4	5	6	70	#
1	14893	1	2	3	4	5	6	7	70	#
2	14893	2	3	4	5	6	7	8	70	#
3	14893	3	4	5	6	7	8	9	70	#
4	14893	4	5	6	7	8	9	10	70	#
5	14893	5	6	7	8	9	10	11	70	#
6	14893	6	7	8	9	10	11	12	70	#
7	14893	7	8	9	10	11	12	13	70	#
8	14893	8	9	10	11	12	13	14	70	#
9	14893	9	10	11	12	13	14	15	70	#
10	14893	10	11	12	13	14	15	16	70	#
11	14893	11	12	13	14	15	16	17	70	#
12	14893	12	13	14	15	16	17	18	70	#
13	14893	13	14	15	16	17	18	19	70	#
14	14893	14	15	16	17	18	19	20	70	#
15	14893	15	16	17	18	19	20	21	70	#
16	14893	16	17	18	19	20	21	22	70	#
17	14893	17	18	19	20	21	22	23	70	#
18	14893	18	19	20	21	22	23	24	70	#
19	14893	19	20	21	22	23	24	25	70	#
20	14893	20	21	22	23	24	25	26	70	#
21	14893	21	22	23	24	25	26	27	70	#
22	14893	22	23	24	25	26	27	28	70	#
23	14893	23	24	25	26	27	28	29	70	#
24	14893	24	25	26	27	28	29	30	70	#
25	14893	25	26	27	28	29	30	31	70	#
26	14893	26	27	28	29	30	31	32	70	#
27	14893	27	28	29	30	31	32	33	70	#
28	14893	28	29	30	31	32	33	34	70	#
29	14893	29	30	31	32	33	34	35	70	#
30	14893	30	31	32	33	34	35	36	70	#
31	14893	31	32	33	34	35	36	37	70	#
32	14893	32	33	34	35	36	37	38	70	#
33	14893	33	34	35	36	37	38	39	70	#
34	14893	34	35	36	37	38	39	40	70	#
35	14893	35	36	37	38	39	40	41	70	#
36	14893	36	37	38	39	40	41	42	70	#
37	14893	37	38	39	40	41	42	43	70	#
38	14893	38	39	40	41	42	43	44	70	#
39	14893	39	40	41	42	43	44	45	70	#
40	14893	40	41	42	43	44	45	46	70	#
41	14893	41	42	43	44	45	46	47	70	#
42	14893	42	43	44	45	46	47	48	70	#
43	14893	43	44	45	46	47	48	49	70	#
44	14893	44	45	46	47	48	49	50	70	#
45	14893	45	46	47	48	49	50	51	70	#
46	14893	46	47	48	49	50	51	52	70	#
47	14893	47	48	49	50	51	52	53	70	#
48	14893	48	49	50	51	52	53	54	70	#
49	14893	49	50	51	52	53	54	55	70	#
50	14893	50	51	52	53	54	55	56	70	#
51	14893	51	52	53	54	55	56	57	70	#
52	14893	52	53	54	55	56	57	58	70	#
53	14893	53	54	55	56	57	58	59	70	#
54	14893	54	55	56	57	58	59	60	70	#
55	14893	55	56	57	58	59	60	61	70	#
56	13360	56	57	58	59	60	61	62	70	#
57	13360	57	58	59	60	61	62	63	70	#
58	13360	58	59	60	61	62	63	64	70	#
59	13360	59	60	61	62	63	64	65	70	#
60	13360	60	61	62	63	64	65	66	70	#
61	13360	61	62	63	64	65	66	67	70	#
62	13360	62	63	64	65	66	67	68	70	#
63	13166	63	64	65	66	67	68	69	70	#
64	12355	0	1	2	3	4	5	6	7	8	71	#
65	12355	1	2	3	4	5	6	7	8	9	71	#
66	12355	2	3	4	5	6	7	8	9	10	71	#
67	15526	0	1	2	3	4	5	6	7	72	#
68	15526	1	2	3	4	5	6	7	8	72	#
69	15526	2	3	4	5	6	7	8	9	72	#
70	15526	3	4	5	6	7	8	9	10	72	#
71	15526	4	5	6	7	8	9	10	11	72	#
72	15526	5	6	7	8	9	10	11	12	72	#
73	15526	6	7	8	9	10	11	12	13	72	#
74	15526	7	8	9	10	11	12	13	14	72	#
75	15526	8	9	10	11	12	13	14	15	72	#
76	15526	9	10	11	12	13	14	15	16	72	#
77	15526	10	11	12	13	14	15	16	17	72	#
78	15526	11	12	13	14	15	16	17	18	72	#
79	15526	12	13	14	15	16	17	18	19	72	#
80	15526	13	14	15	16	17	18	19	20	72	#
81	15526	14	15	16	17	18	19	20	21	72	#
82	15526	15	16	17	18	19	20	21	22	72	#
83	15526	16	17	18	19	20	21	22	23	72	#
84	15526	17	18	19	20	21	22	23	24	72	#
85	15526	18	19	20	21	22	23	24	25	72	#
86	15526	19	20	21	22	23	24	25	26	72	#
87	15526	20	21	22	23	24	25	26	27	72	#
88	15526	21	22	23	24	25	26	27	28	72	#
89	15526	22	23	24	25	26	27	28	29	72	#
90	15526	23	24	25	26	27	28	29	30	72	#
91	15526	24	25	26	27	28	29	30	31	72	#
92	15526	25	26	27	28	29	30	31	32	72	#
93	15526	26	27	28	29	30	31	32	33	72	#
94	15526	27	28	29	30	31	32	33	34	72	#
95	15526	28	29	30	31	32	33	34	35	72	#
96	15526	29	30	31	32	33	34	35	36	72	#
97	15526	30	31	32	33	34	35	36	37	72	#
98	15526	31	32	33	34	35	36	37	38	72	#
99	15526	32	33	34	35	36	37	38	39	72	#
100	15526	33	34	35	36	37	38	39	40	72	#
101	15526	34	35	36	37	38	39	40	41	72	#
102	15526	35	36	37	38	39	40	41	42	72	#
103	15526	36	37	38	39	40	41	42	43	72	#
104	15526	37	38	39	40	41	42	43	44	72	#
105	15526	38	39	40	41	42	43	44	45	72	#
106	15526	39	40	41	42	43	44	45	46	72	#
107	15526	40	41	42	43	44	45	46	47	72	#
108	15526	41	42	43	44	45	46	47	48	72	#
109	15526	42	43	44	45	46	47	48	49	72	#
110	15526	43	44	45	46	47	48	49	50	72	#
111	15526	44	45	46	47	48	49	50	51	72	#
112	15526	45	46	47	48	49	50	51	52	72	#
113	15526	46	47	48	49	50	51	52	53	72	#
114	13714	47	48	49	50	51	52	53	54	72	#
115	13714	48	49	50	51	52	53	54	55	72	#
116	13714	49	50	51	52	53	54	55	56	72	#
117	13714	50	51	52	53	54	55	56	57	72	#
118	13714	51	52	53	54	55	56	57	58	72	#
119	13714	52	53	54	55	56	57	58	59	72	#
120	13714	53	54	55	56	57	58	59	60	72	#
121	13061	54	55	56	57	58	59	60	61	72	#
122	13061	55	56	57	58	59	60	61	62	72	#
123	13061	56	57	58	59	60	61	62	63	72	#
124	12281	57	58	59	60	61	62	63	64	72	#
125	12281	58	59	60	61	62	63	64	65	72	#
126	12281	59	60	61	62	63	64	65	66	72	#
127	12281	60	61	62	63	64	65	66	67	72	#
128	11925	61	62	63	64	65	66	67	68	72	#
129	11925	62	63	64	65	66	67	68	69	72	#
130	5790	0	1	2	3	4	5	6	73	#
131	5790	1	2	3	4	5	6	7	73	#
132	5790	2	3	4	5	6	7	8	73	#
133	5790	3	4	5	6	7	8	9	73	#
134	5790	4	5	6	7	8	9	10	73	#
135	5790	5	6	7	8	9	10	11	73	#
136	5790	6	7	8	9	10	11	12	73	#
137	5790	7	8	9	10	11	12	13	73	#
138	3763	8	9	10	11	12	13	14	73	#
139	3763	9	10	11	12	13	14	15	73	#
140	3763	10	11	12	13	14	15	16	73	#
141	3763	11	12	13	14	15	16	17	73	#
142	3763	12	13	14	15	16	17	18	73	#
143	3763	13	14	15	16	17	18	19	73	#
144	3763	14	15	16	17	18	19	20	73	#
145	9619	0	1	2	3	4	5	6	74	#
146	9619	1	2	3	4	5	6	7	74	#
147	9619	2	3	4	5	6	7	8	74	#
148	9619	3	4	5	6	7	8	9	74	#
149	9619	4	5	6	7	8	9	10	74	#
150	9619	5	6	7	8	9	10	11	74	#
151	9619	6	7	8	9	10	11	12	74	#
152	9619	7	8	9	10	11	12	13	74	#
153	9619	8	9	10	11	12	13	14	74	#
154	9619	9	10	11	12	13	14	15	74	#
155	9619	10	11	12	13	14	15	16	74	#
156	9619	11	12	13	14	15	16	17	74	#
157	9619	12	13	14	15	16	17	18	74	#
158	9619	13	14	15	16	17	18	19	74	#
159	9619	14	15	16	17	18	19	20	74	#
160	9619	15	16	17	18	19	20	21	74	#
161	9619	16	17	18	19	20	21	22	74	#
162	9619	17	18	19	20	21	22	23	74	#
163	9619	18	19	20	21	22	23	24	74	#
164	9619	19	20	21	22	23	24	25	74	#
165	9619	20	21	22	23	24	25	26	74	#
166	9619	21	22	23	24	25	26	27	74	#
167	9619	22	23	24	25	26	27	28	74	#
168	9619	23	24	25	26	27	28	29	74	#
169	9619	24	25	26	27	28	29	30	74	#
170	9619	25	26	27	28	29	30	31	74	#
171	9619	26	27	28	29	30	31	32	74	#
172	9619	27	28	29	30	31	32	33	74	#
173	9619	28	29	30	31	32	33	34	74	#
174	9619	29	30	31	32	33	34	35	74	#
175	9619	30	31	32	33	34	35	36	74	#
176	9619	31	32	33	34	35	36	37	74	#
177	9619	32	33	34	35	36	37	38	74	#
178	9619	33	34	35	36	37	38	39	74	#
179	9619	34	35	36	37	38	39	40	74	#
180	9619	35	36	37	38	39	40	41	74	#
181	9619	36	37	38	39	40	41	42	74	#
182	8777	0	1	2	3	4	5	6	7	8	9	75	#
183	8777	1	2	3	4	5	6	7	8	9	10	75	#
184	8777	2	3	4	5	6	7	8	9	10	11	75	#
185	8777	3	4	5	6	7	8	9	10	11	12	75	#
186	8777	4	5	6	7	8	9	10	11	12	13	75	#
187	8777	5	6	7	8	9	10	11	12	13	14	75	#
188	8777	6	7	8	9	10	11	12	13	14	15	75	#
189	8777	7	8	9	10	11	12	13	14	15	16	75	#
190	8777	8	9	10	11	12	13	14	15	16	17	75	#
191	8777	9	10	11	12	13	14	15	16	17	18	75	#
192	8777	10	11	12	13	14	15	16	17	18	19	75	#
193	8777	11	12	13	14	15	16	17	18	19	20	75	#
194	8777	12	13	14	15	16	17	18	19	20	21	75	#
195	8777	13	14	15	16	17	18	19	20	21	22	75	#
196	8777	14	15	16	17	18	19	20	21	22	23	75	#
197	8777	15	16	17	18	19	20	21	22	23	24	75	#
198	8777	16	17	18	19	20	21	22	23	24	25	75	#
199	8777	17	18	19	20	21	22	23	24	25	26	75	#
200	3307	18	19	20	21	22	23	24	25	26	27	75	#
201	3307	19	20	21	22	23	24	25	26	27	28	75	#
202	3307	20	21	22	23	24	25	26	27	28	29	75	#
203	3307	21	22	23	24	25	26	27	28	29	30	75	#
204	3307	22	23	24	25	26	27	28	29	30	31	75	#
205	3307	23	24	25	26	27	28	29	30	31	32	75	#
206	3307	24	25	26	27	28	29	30	31	32	33	75	#
207	3307	25	26	27	28	29	30	31	32	33	34	75	#
208	3307	26	27	28	29	30	31	32	33	34	35	75	#
209	3307	27	28	29	30	31	32	33	34	35	36	75	#
210	3307	28	29	30	31	32	33	34	35	36	37	75	#
211	3307	29	30	31	32	33	34	35	36	37	38	75	#
212	3307	30	31	32	33	34	35	36	37	38	39	75	#
213	3307	31	32	33	34	35	36	37	38	39	40	75	#
214	3307	32	33	34	35	36	37	38	39	40	41	75	#
215	3307	33	34	35	36	37	38	39	40	41	42	75	#
216	3307	34	35	36	37	38	39	40	41	42	43	75	#
217	3307	35	36	37	38	39	40	41	42	43	44	75	#
218	3307	36	37	38	39	40	41	42	43	44	45	75	#
219	3307	37	38	39	40	41	42	43	44	45	46	75	#
220	3307	38	39	40	41	42	43	44	45	46	47	75	#
221	3307	39	40	41	42	43	44	45	46	47	48	75	#
222	3307	40	41	42	43	44	45	46	47	48	49	75	#
223	3307	41	42	43	44	45	46	47	48	49	50	75	#
224	3307	42	43	44	45	46	47	48	49	50	51	75	#
225	3307	43	44	45	46	47	48	49	50	51	52	75	#
226	3307	44	45	46	47	48	49	50	51	52	53	75	#
227	3307	45	46	47	48	49	50	51	52	53	54	75	#
228	3307	46	47	48	49	50	51	52	53	54	55	75	#
229	3307	47	48	49	50	51	52	53	54	55	56	75	#
230	3307	48	49	50	51	52	53	54	55	56	57	75	#
231	3307	49	50	51	52	53	54	55	56	57	58	75	#
232	3307	50	51	52	53	54	55	56	57	58	59	75	#
233	3307	51	52	53	54	55	56	57	58	59	60	75	#
234	3307	52	53	54	55	56	57	58	59	60	61	75	#
235	3307	53	54	55	56	57	58	59	60	61	62	75	#
236	3307	54	55	56	57	58	59	60	61	62	63	75	#
237	3307	55	56	57	58	59	60	61	62	63	64	75	#
238	3307	56	57	58	59	60	61	62	63	64	65	75	#
239	3307	57	58	59	60	61	62	63	64	65	66	75	#
240	3307	58	59	60	61	62	63	64	65	66	67	75	#
241	3307	59	60	61	62	63	64	65	66	67	68	75	#
242	3307	60	61	62	63	64	65	66	67	68	69	75	#
243	6730	0	1	2	3	76	#
244	6730	1	2	3	4	76	#
245	6730	2	3	4	5	76	#
246	6730	3	4	5	6	76	#
247	6730	4	5	6	7	76	#
248	6730	5	6	7	8	76	#
249	6730	6	7	8	9	76	#
250	6730	7	8	9	10	76	#
251	6730	8	9	10	11	76	#
252	6730	9	10	11	12	76	#
253	6730	10	11	12	13	76	#
254	6730	11	12	13	14	76	#
255	6730	12	13	14	15	76	#
256	6730	13	14	15	16	76	#
257	6730	14	15	16	17	76	#
258	6730	15	16	17	18	76	#
259	6730	16	17	18	19	76	#
260	6730	17	18	19	20	76	#
261	6730	18	19	20	21	76	#
262	6730	19	20	21	22	76	#
263	6730	20	21	22	23	76	#
264	6730	21	22	23	24	76	#
265	6730	22	23	24	25	76	#
266	6730	23	24	25	26	76	#
267	6730	24	25	26	27	76	#
268	6730	25	26	27	28	76	#
269	6730	26	27	28	29	76	#
270	6730	27	28	29	30	76	#
271	6730	28	29	30	31	76	#
272	6730	29	30	31	32	76	#
273	6730	30	31	32	33	76	#
274	6730	31	32	33	34	76	#
275	6730	32	33	34	35	76	#
276	6730	33	34	35	36	76	#
277	6730	34	35	36	37	76	#
278	6730	35	36	37	38	76	#
279	6730	36	37	38	39	76	#
280	6730	37	38	39	40	76	#
281	6730	38	39	40	41	76	#
282	6730	39	40	41	42	76	#
283	6730	40	41	42	43	76	#
284	6730	41	42	43	44	76	#
285	6730	42	43	44	45	76	#
286	6730	43	44	45	46	76	#
287	6730	44	45	46	47	76	#
288	6730	45	46	47	48	76	#
289	6730	46	47	48	49	76	#
290	6730	47	48	49	50	76	#
291	6730	48	49	50	51	76	#
292	6730	49	50	51	52	76	#
293	6603	50	51	52	53	76	#
294	5072	51	52	53	54	76	#
295	5072	52	53	54	55	76	#
296	5072	53	54	55	56	76	#
297	5072	54	55	56	57	76	#
298	5072	55	56	57	58	76	#
299	5072	56	57	58	59	76	#
300	5072	57	58	59	60	76	#
301	5072	58	59	60	61	76	#
302	5072	59	60	61	62	76	#
303	5072	60	61	62	63	76	#
304	5072	61	62	63	64	76	#
305	5072	62	63	64	65	76	#
306	5072	63	64	65	66	76	#
307	5072	64	65	66	67	76	#
308	5072	65	66	67	68	76	#
309	5072	66	67	68	69	76	#
310	16872	0	1	2	3	4	5	6	7	77	#
311	16872	1	2	3	4	5	6	7	8	77	#
312	16872	2	3	4	5	6	7	8	9	77	#
313	16872	3	4	5	6	7	8	9	10	77	#
314	16872	4	5	6	7	8	9	10	11	77	#
315	16872	5	6	7	8	9	10	11	12	77	#
316	16872	6	7	8	9	10	11	12	13	77	#
317	16872	7	8	9	10	11	12	13	14	77	#
318	16872	8	9	10	11	12	13	14	15	77	#
319	16872	9	10	11	12	13	14	15	16	77	#
320	16872	10	11	12	13	14	15	16	17	77	#
321	16872	11	12	13	14	15	16	17	18	77	#
322	16872	12	13	14	15	16	17	18	19	77	#
323	16872	13	14	15	16	17	18	19	20	77	#
324	16872	14	15	16	17	18	19	20	21	77	#
325	16872	15	16	17	18	19	20	21	22	77	#
326	16872	16	17	18	19	20	21	22	23	77	#
327	16872	17	18	19	20	21	22	23	24	77	#
328	16872	18	19	20	21	22	23	24	25	77	#
329	16872	19	20	21	22	23	24	25	26	77	#
330	16872	20	21	22	23	24	25	26	27	77	#
331	16872	21	22	23	24	25	26	27	28	77	#
332	16872	22	23	24	25	26	27	28	29	77	#
333	16872	23	24	25	26	27	28	29	30	77	#
334	16872	24	25	26	27	28	29	30	31	77	#
335	16872	25	26	27	28	29	30	31	32	77	#
336	16872	26	27	28	29	30	31	32	33	77	#
337	16872	27	28	29	30	31	32	33	34	77	#
338	16872	28	29	30	31	32	33	34	35	77	#
339	16872	29	30	31	32	33	34	35	36	77	#
340	16872	30	31	32	33	34	35	36	37	77	#
341	16872	31	32	33	34	35	36	37	38	77	#
342	16872	32	33	34	35	36	37	38	39	77	#
343	16872	33	34	35	36	37	38	39	40	77	#
344	3879	0	1	2	78	#
345	3879	1	2	3	78	#
346	3879	2	3	4	78	#
347	3879	3	4	5	78	#
348	3879	4	5	6	78	#
349	3879	5	6	7	78	#
350	3879	6	7	8	78	#
351	3879	7	8	9	78	#
352	3879	8	9	10	78	#
353	3879	9	10	11	78	#
354	3879	10	11	12	78	#
355	3879	11	12	13	78	#
356	3879	12	13	14	78	#
357	3879	13	14	15	78	#
358	3879	14	15	16	78	#
359	3879	15	16	17	78	#
360	3879	16	17	18	78	#
361	3879	17	18	19	78	#
362	3879	18	19	20	78	#
363	3879	19	20	21	78	#
364	3879	20	21	22	78	#
365	3879	21	22	23	78	#
366	3879	22	23	24	78	#
367	3879	23	24	25	78	#
368	3879	24	25	26	78	#
369	3879	25	26	27	78	#
370	3879	26	27	28	78	#
371	3879	27	28	29	78	#
372	3879	28	29	30	78	#
373	3879	29	30	31	78	#
374	3879	30	31	32	78	#
375	3879	31	32	33	78	#
376	3879	32	33	34	78	#
377	3879	33	34	35	78	#
378	3879	34	35	36	78	#
379	3879	35	36	37	78	#
380	3879	36	37	38	78	#
381	3879	37	38	39	78	#
382	3879	38	39	40	78	#
383	3879	39	40	41	78	#
384	3879	40	41	42	78	#
385	3879	41	42	43	78	#
386	3879	42	43	44	78	#
387	3879	43	44	45	78	#
388	3879	44	45	46	78	#
389	2624	45	46	47	78	#
390	2624	46	47	48	78	#
391	2624	47	48	49	78	#
392	2624	48	49	50	78	#
393	2624	49	50	51	78	#
394	2624	50	51	52	78	#
395	2624	51	52	53	78	#
396	2624	52	53	54	78	#
397	2624	53	54	55	78	#
398	2624	54	55	56	78	#
399	2624	55	56	57	78	#
400	2624	56	57	58	78	#
401	2624	57	58	59	78	#
402	2624	58	59	60	78	#
403	2624	59	60	61	78	#
404	2624	60	61	62	78	#
405	2624	61	62	63	78	#
406	2624	62	63	64	78	#
407	2624	63	64	65	78	#
408	2624	64	65	66	78	#
409	2624	65	66	67	78	#
410	2624	66	67	68	78	#
411	7324	0	1	2	3	4	5	79	#
412	7324	1	2	3	4	5	6	79	#
413	7324	2	3	4	5	6	7	79	#
414	7324	3	4	5	6	7	8	79	#
415	7324	4	5	6	7	8	9	79	#
416	7324	5	6	7	8	9	10	79	#
417	7324	6	7	8	9	10	11	79	#
418	7324	7	8	9	10	11	12	79	#
419	7324	8	9	10	11	12	13	79	#
420	7324	9	10	11	12	13	14	79	#
421	7324	10	11	12	13	14	15	79	#
422	7324	11	12	13	14	15	16	79	#
423	7324	12	13	14	15	16	17	79	#
424	7324	13	14	15	16	17	18	79	#
425	7324	14	15	16	17	18	19	79	#
426	7324	15	16	17	18	19	20	79	#
427	7324	16	17	18	19	20	21	79	#
428	7324	17	18	19	20	21	22	79	#
429	7324	18	19	20	21	22	23	79	#
430	7324	19	20	21	22	23	24	79	#
431	7324	20	21	22	23	24	25	79	#
432	7324	21	22	23	24	25	26	79	#
433	7324	22	23	24	25	26	27	79	#
434	7324	23	24	25	26	27	28	79	#
435	7324	24	25	26	27	28	29	79	#
436	7324	25	26	27	28	29	30	79	#
437	7324	26	27	28	29	30	31	79	#
438	7324	27	28	29	30	31	32	79	#
439	7324	28	29	30	31	32	33	79	#
440	7324	29	30	31	32	33	34	79	#
441	7324	30	31	32	33	34	35	79	#
442	7324	31	32	33	34	35	36	79	#
443	7324	32	33	34	35	36	37	79	#
444	7324	33	34	35	36	37	38	79	#
445	7324	34	35	36	37	38	39	79	#
446	7324	35	36	37	38	39	40	79	#
447	7324	36	37	38	39	40	41	79	#
448	7324	37	38	39	40	41	42	79	#
449	7324	38	39	40	41	42	43	79	#
450	7324	39	40	41	42	43	44	79	#
451	7324	40	41	42	43	44	45	79	#
452	7324	41	42	43	44	45	46	79	#
453	7324	42	43	44	45	46	47	79	#
454	7324	43	44	45	46	47	48	79	#
455	7324	44	45	46	47	48	49	79	#
456	7324	45	46	47	48	49	50	79	#
457	7324	46	47	48	49	50	51	79	#
458	6553	47	48	49	50	51	52	79	#
459	6553	48	49	50	51	52	53	79	#
460	6553	49	50	51	52	53	54	79	#
461	6553	50	51	52	53	54	55	79	#
462	6553	51	52	53	54	55	56	79	#
463	6553	52	53	54	55	56	57	79	#
464	22959	0	1	2	3	4	5	6	7	8	9	80	#
465	22959	1	2	3	4	5	6	7	8	9	10	80	#
466	22959	2	3	4	5	6	7	8	9	10	11	80	#
467	22959	3	4	5	6	7	8	9	10	11	12	80	#
468	22959	4	5	6	7	8	9	10	11	12	13	80	#
469	22959	5	6	7	8	9	10	11	12	13	14	80	#
470	22959	6	7	8	9	10	11	12	13	14	15	80	#
471	22959	7	8	9	10	11	12	13	14	15	16	80	#
472	22959	8	9	10	11	12	13	14	15	16	17	80	#
473	22959	9	10	11	12	13	14	15	16	17	18	80	#
474	22959	10	11	12	13	14	15	16	17	18	19	80	#
475	22959	11	12	13	14	15	16	17	18	19	20	80	#
476	22959	12	13	14	15	16	17	18	19	20	21	80	#
477	22959	13	14	15	16	17	18	19	20	21	22	80	#
478	22959	14	15	16	17	18	19	20	21	22	23	80	#
479	22959	15	16	17	18	19	20	21	22	23	24	80	#
480	22959	16	17	18	19	20	21	22	23	24	25	80	#
481	22959	17	18	19	20	21	22	23	24	25	26	80	#
482	22959	18	19	20	21	22	23	24	25	26	27	80	#
483	22959	19	20	21	22	23	24	25	26	27	28	80	#
484	22959	20	21	22	23	24	25	26	27	28	29	80	#
485	22959	21	22	23	24	25	26	27	28	29	30	80	#
486	22959	22	23	24	25	26	27	28	29	30	31	80	#
487	22959	23	24	25	26	27	28	29	30	31	32	80	#
488	15306	24	25	26	27	28	29	30	31	32	33	80	#
489	15306	25	26	27	28	29	30	31	32	33	34	80	#
490	15306	26	27	28	29	30	31	32	33	34	35	80	#
491	15306	27	28	29	30	31	32	33	34	35	36	80	#
492	15306	28	29	30	31	32	33	34	35	36	37	80	#
493	15306	29	30	31	32	33	34	35	36	37	38	80	#
494	15306	30	31	32	33	34	35	36	37	38	39	80	#
495	15306	31	32	33	34	35	36	37	38	39	40	80	#
496	15306	32	33	34	35	36	37	38	39	40	41	80	#
497	15306	33	34	35	36	37	38	39	40	41	42	80	#
498	15306	34	35	36	37	38	39	40	41	42	43	80	#
499	15306	35	36	37	38	39	40	41	42	43	44	80	#
500	15306	36	37	38	39	40	41	42	43	44	45	80	#
501	15306	37	38	39	40	41	42	43	44	45	46	80	#
502	15306	38	39	40	41	42	43	44	45	46	47	80	#
503	15306	39	40	41	42	43	44	45	46	47	48	80	#
504	5755	0	1	2	3	81	#
505	5755	1	2	3	4	81	#
506	5755	2	3	4	5	81	#
507	5755	3	4	5	6	81	#
508	5755	4	5	6	7	81	#
509	5755	5	6	7	8	81	#
510	5755	6	7	8	9	81	#
511	5755	7	8	9	10	81	#
512	5755	8	9	10	11	81	#
513	5755	9	10	11	12	81	#
514	5755	10	11	12	13	81	#
515	5755	11	12	13	14	81	#
516	5755	12	13	14	15	81	#
517	5755	13	14	15	16	81	#
518	5755	14	15	16	17	81	#
519	5755	15	16	17	18	81	#
520	5755	16	17	18	19	81	#
521	5755	17	18	19	20	81	#
522	1827	18	19	20	21	81	#
523	1827	19	20	21	22	81	#
524	1827	20	21	22	23	81	#
525	1827	21	22	23	24	81	#
526	1827	22	23	24	25	81	#
527	1827	23	24	25	26	81	#
528	1827	24	25	26	27	81	#
529	1827	25	26	27	28	81	#
530	1827	26	27	28	29	81	#
531	1827	27	28	29	30	81	#
532	1827	28	29	30	31	81	#
533	1827	29	30	31	32	81	#
534	1827	30	31	32	33	81	#
535	1827	31	32	33	34	81	#
536	1827	32	33	34	35	81	#
537	1827	33	34	35	36	81	#
538	1827	34	35	36	37	81	#
539	1827	35	36	37	38	81	#
540	1827	36	37	38	39	81	#
541	1827	37	38	39	40	81	#
542	1827	38	39	40	41	81	#
543	1827	39	40	41	42	81	#
544	1827	40	41	42	43	81	#
545	1827	41	42	43	44	81	#
546	1827	42	43	44	45	81	#
547	1827	43	44	45	46	81	#
548	1827	44	45	46	47	81	#
549	1827	45	46	47	48	81	#
550	1827	46	47	48	49	81	#
551	1827	47	48	49	50	81	#
552	1827	48	49	50	51	81	#
553	1827	49	50	51	52	81	#
554	1827	50	51	52	53	81	#
555	1827	51	52	53	54	81	#
556	1827	52	53	54	55	81	#
557	1827	53	54	55	56	81	#
558	1827	54	55	56	57	81	#
559	1827	55	56	57	58	81	#
560	1827	56	57	58	59	81	#
561	1827	57	58	59	60	81	#
562	1827	58	59	60	61	81	#
563	1827	59	60	61	62	81	#
564	1827	60	61	62	63	81	#
565	1693	61	62	63	64	81	#
566	1693	62	63	64	65	81	#
567	1693	63	64	65	66	81	#
568	1693	64	65	66	67	81	#
569	1693	65	66	67	68	81	#
570	1668	66	67	68	69	81	#
571	17357	0	1	2	3	4	5	6	7	8	82	#
572	17357	1	2	3	4	5	6	7	8	9	82	#
573	17357	2	3	4	5	6	7	8	9	10	82	#
574	2670	3	4	5	6	7	8	9	10	11	82	#
575	2670	4	5	6	7	8	9	10	11	12	82	#
576	2670	5	6	7	8	9	10	11	12	13	82	#
577	2670	6	7	8	9	10	11	12	13	14	82	#
578	2670	7	8	9	10	11	12	13	14	15	82	#
579	2670	8	9	10	11	12	13	14	15	16	82	#
580	2670	9	10	11	12	13	14	15	16	17	82	#
581	2670	10	11	12	13	14	15	16	17	18	82	#
582	2670	11	12	13	14	15	16	17	18	19	82	#
583	2670	12	13	14	15	16	17	18	19	20	82	#
584	2670	13	14	15	16	17	18	19	20	21	82	#
585	2670	14	15	16	17	18	19	20	21	22	82	#
586	2670	15	16	17	18	19	20	21	22	23	82	#
587	2670	16	17	18	19	20	21	22	23	24	82	#
588	2670	17	18	19	20	21	22	23	24	25	82	#
589	2670	18	19	20	21	22	23	24	25	26	82	#
590	2670	19	20	21	22	23	24	25	26	27	82	#
591	2670	20	21	22	23	24	25	26	27	28	82	#
592	2670	21	22	23	24	25	26	27	28	29	82	#
593	2670	22	23	24	25	26	27	28	29	30	82	#
594	2670	23	24	25	26	27	28	29	30	31	82	#
595	2670	24	25	26	27	28	29	30	31	32	82	#
596	2670	25	26	27	28	29	30	31	32	33	82	#
597	2670	26	27	28	29	30	31	32	33	34	82	#
598	2670	27	28	29	30	31	32	33	34	35	82	#
599	2670	28	29	30	31	32	33	34	35	36	82	#
600	2670	29	30	31	32	33	34	35	36	37	82	#
601	2670	30	31	32	33	34	35	36	37	38	82	#
602	2670	31	32	33	34	35	36	37	38	39	82	#
603	2670	32	33	34	35	36	37	38	39	40	82	#
604	2670	33	34	35	36	37	38	39	40	41	82	#
605	2670	34	35	36	37	38	39	40	41	42	82	#
606	2670	35	36	37	38	39	40	41	42	43	82	#
607	2670	36	37	38	39	40	41	42	43	44	82	#
608	2670	37	38	39	40	41	42	43	44	45	82	#
609	2670	38	39	40	41	42	43	44	45	46	82	#
610	2670	39	40	41	42	43	44	45	46	47	82	#
611	2670	40	41	42	43	44	45	46	47	48	82	#
612	2670	41	42	43	44	45	46	47	48	49	82	#
613	2670	42	43	44	45	46	47	48	49	50	82	#
614	2670	43	44	45	46	47	48	49	50	51	82	#
615	2670	44	45	46	47	48	49	50	51	52	82	#
616	2670	45	46	47	48	49	50	51	52	53	82	#
617	2670	46	47	48	49	50	51	52	53	54	82	#
618	2670	47	48	49	50	51	52	53	54	55	82	#
619	2670	48	49	50	51	52	53	54	55	56	82	#
620	2670	49	50	51	52	53	54	55	56	57	82	#
621	2670	50	51	52	53	54	55	56	57	58	82	#
622	2670	51	52	53	54	55	56	57	58	59	82	#
623	2670	52	53	54	55	56	57	58	59	60	82	#
624	2670	53	54	55	56	57	58	59	60	61	82	#
625	2670	54	55	56	57	58	59	60	61	62	82	#
626	2670	55	56	57	58	59	60	61	62	63	82	#
627	2670	56	57	58	59	60	61	62	63	64	82	#
628	2670	57	58	59	60	61	62	63	64	65	82	#
629	2553	58	59	60	61	62	63	64	65	66	82	#
630	2553	59	60	61	62	63	64	65	66	67	82	#
631	2553	60	61	62	63	64	65	66	67	68	82	#
632	2516	61	62	63	64	65	66	67	68	69	82	#
633	2941	0	1	2	83	#
634	2941	1	2	3	83	#
635	2941	2	3	4	83	#
636	2941	3	4	5	83	#
637	2941	4	5	6	83	#
638	2941	5	6	7	83	#
639	2941	6	7	8	83	#
640	2941	7	8	9	83	#
641	2941	8	9	10	83	#
642	2941	9	10	11	83	#
643	2941	10	11	12	83	#
644	2941	11	12	13	83	#
645	2941	12	13	14	83	#
646	2941	13	14	15	83	#
647	2941	14	15	16	83	#
648	8213	0	1	2	3	4	5	6	7	8	84	#
649	8213	1	2	3	4	5	6	7	8	9	84	#
650	3342	0	1	85	#
651	3342	1	2	85	#
652	3342	2	3	85	#
653	3342	3	4	85	#
654	3342	4	5	85	#
655	3342	5	6	85	#
656	3342	6	7	85	#
657	3342	7	8	85	#
658	3342	8	9	85	#
659	3342	9	10	85	#
660	3342	10	11	85	#
661	3342	11	12	85	#
662	3342	12	13	85	#
663	3342	13	14	85	#
664	3342	14	15	85	#
665	3342	15	16	85	#
666	3342	16	17	85	#
667	3342	17	18	85	#
668	3342	18	19	85	#
669	3342	19	20	85	#
670	3342	20	21	85	#
671	3342	21	22	85	#
672	3342	22	23	85	#
673	3342	23	24	85	#
674	3342	24	25	85	#
675	3342	25	26	85	#
676	3342	26	27	85	#
677	3342	27	28	85	#
678	3342	28	29	85	#
679	3342	29	30	85	#
680	3342	30	31	85	#
681	3342	31	32	85	#
682	3342	32	33	85	#
683	3342	33	34	85	#
684	3342	34	35	85	#
685	3342	35	36	85	#
686	3342	36	37	85	#
687	3342	37	38	85	#
688	3342	38	39	85	#
689	3342	39	40	85	#
690	3342	40	41	85	#
691	3342	41	42	85	#
692	3342	42	43	85	#
693	3342	43	44	85	#
694	3342	44	45	85	#
695	2180	45	46	85	#
696	2180	46	47	85	#
697	2180	47	48	85	#
698	2180	48	49	85	#
699	2180	49	50	85	#
700	2180	50	51	85	#
701	2180	51	52	85	#
702	2180	52	53	85	#
703	2180	53	54	85	#
704	2180	54	55	85	#
705	2180	55	56	85	#
706	2180	56	57	85	#
707	2180	57	58	85	#
708	2180	58	59	85	#
709	2180	59	60	85	#
710	2180	60	61	85	#
711	2180	61	62	85	#
712	2180	62	63	85	#
713	2180	63	64	85	#
714	2180	64	65	85	#
715	2180	65	66	85	#
716	2180	66	67	85	#
717	2180	67	68	85	#
718	2180	68	69	85	#
719	3510	0	1	2	3	4	86	#
720	3510	1	2	3	4	5	86	#
721	3510	2	3	4	5	6	86	#
722	3510	3	4	5	6	7	86	#
723	3510	4	5	6	7	8	86	#
724	3510	5	6	7	8	9	86	#
725	3510	6	7	8	9	10	86	#
726	3510	7	8	9	10	11	86	#
727	3510	8	9	10	11	12	86	#
728	3510	9	10	11	12	13	86	#
729	3510	10	11	12	13	14	86	#
730	3510	11	12	13	14	15	86	#
731	3510	12	13	14	15	16	86	#
732	3510	13	14	15	16	17	86	#
733	3510	14	15	16	17	18	86	#
734	3510	15	16	17	18	19	86	#
735	3510	16	17	18	19	20	86	#
736	3510	17	18	19	20	21	86	#
737	3510	18	19	20	21	22	86	#
738	3510	19	20	21	22	23	86	#
739	3510	20	21	22	23	24	86	#
740	3510	21	22	23	24	25	86	#
741	3510	22	23	24	25	26	86	#
742	3510	23	24	25	26	27	86	#
743	3510	24	25	26	27	28	86	#
744	3510	25	26	27	28	29	86	#
745	3510	26	27	28	29	30	86	#
746	3510	27	28	29	30	31	86	#
747	1876	28	29	30	31	32	86	#
748	1876	29	30	31	32	33	86	#
749	1876	30	31	32	33	34	86	#
750	1876	31	32	33	34	35	86	#
751	1876	32	33	34	35	36	86	#
752	1876	33	34	35	36	37	86	#
753	1876	34	35	36	37	38	86	#
754	1876	35	36	37	38	39	86	#
755	1876	36	37	38	39	40	86	#
756	1876	37	38	39	40	41	86	#
757	1876	38	39	40	41	42	86	#
758	1876	39	40	41	42	43	86	#
759	1876	40	41	42	43	44	86	#
760	1876	41	42	43	44	45	86	#
761	1876	42	43	44	45	46	86	#
762	1876	43	44	45	46	47	86	#
763	1876	44	45	46	47	48	86	#
764	1876	45	46	47	48	49	86	#
765	1876	46	47	48	49	50	86	#
766	1876	47	48	49	50	51	86	#
767	1876	48	49	50	51	52	86	#
768	1876	49	50	51	52	53	86	#
769	1876	50	51	52	53	54	86	#
770	1876	51	52	53	54	55	86	#
771	1876	52	53	54	55	56	86	#
772	1876	53	54	55	56	57	86	#
773	1876	54	55	56	57	58	86	#
774	1649	55	56	57	58	59	86	#
775	1649	56	57	58	59	60	86	#
776	1649	57	58	59	60	61	86	#
777	1649	58	59	60	61	62	86	#
778	1649	59	60	61	62	63	86	#
779	1649	60	61	62	63	64	86	#
780	1649	61	62	63	64	65	86	#
781	1649	62	63	64	65	66	86	#
782	1577	63	64	65	66	67	86	#
783	1577	64	65	66	67	68	86	#
784	1577	65	66	67	68	69	86	#
785	7247	0	1	2	3	4	5	87	#
786	7247	1	2	3	4	5	6	87	#
787	7247	2	3	4	5	6	7	87	#
788	7247	3	4	5	6	7	8	87	#
789	7247	4	5	6	7	8	9	87	#
790	7247	5	6	7	8	9	10	87	#
791	7247	6	7	8	9	10	11	87	#
792	7247	7	8	9	10	11	12	87	#
793	7247	8	9	10	11	12	13	87	#
794	7247	9	10	11	12	13	14	87	#
795	7247	10	11	12	13	14	15	87	#
796	7247	11	12	13	14	15	16	87	#
797	7247	12	13	14	15	16	17	87	#
798	7247	13	14	15	16	17	18	87	#
799	7247	14	15	16	17	18	19	87	#
800	7247	15	16	17	18	19	20	87	#
801	7247	16	17	18	19	20	21	87	#
802	7247	17	18	19	20	21	22	87	#
803	7247	18	19	20	21	22	23	87	#
804	7247	19	20	21	22	23	24	87	#
805	7247	20	21	22	23	24	25	87	#
806	7247	21	22	23	24	25	26	87	#
807	7247	22	23	24	25	26	27	87	#
808	7247	23	24	25	26	27	28	87	#
809	7247	24	25	26	27	28	29	87	#
810	7247	25	26	27	28	29	30	87	#
811	7247	26	27	28	29	30	31	87	#
812	7247	27	28	29	30	31	32	87	#
813	7247	28	29	30	31	32	33	87	#
814	7247	29	30	31	32	33	34	87	#
815	7247	30	31	32	33	34	35	87	#
816	7247	31	32	33	34	35	36	87	#
817	7247	32	33	34	35	36	37	87	#
818	7247	33	34	35	36	37	38	87	#
819	7247	34	35	36	37	38	39	87	#
820	7247	35	36	37	38	39	40	87	#
821	7247	36	37	38	39	40	41	87	#
822	7247	37	38	39	40	41	42	87	#
823	7247	38	39	40	41	42	43	87	#
824	4722	39	40	41	42	43	44	87	#
825	4722	40	41	42	43	44	45	87	#
826	4722	41	42	43	44	45	46	87	#
827	4722	42	43	44	45	46	47	87	#
828	4722	43	44	45	46	47	48	87	#
829	4722	44	45	46	47	48	49	87	#
830	4722	45	46	47	48	49	50	87	#
831	4722	46	47	48	49	50	51	87	#
832	4722	47	48	49	50	51	52	87	#
833	4722	48	49	50	51	52	53	87	#
834	4722	49	50	51	52	53	54	87	#
835	4722	50	51	52	53	54	55	87	#
836	4722	51	52	53	54	55	56	87	#
837	4722	52	53	54	55	56	57	87	#
838	4722	53	54	55	56	57	58	87	#
839	4722	54	55	56	57	58	59	87	#
840	4722	55	56	57	58	59	60	87	#
841	4722	56	57	58	59	60	61	87	#
842	4722	57	58	59	60	61	62	87	#
843	4722	58	59	60	61	62	63	87	#
844	4722	59	60	61	62	63	64	87	#
845	4722	60	61	62	63	64	65	87	#
846	4722	61	62	63	64	65	66	87	#
847	4651	62	63	64	65	66	67	87	#
848	4583	63	64	65	66	67	68	87	#
849	4517	64	65	66	67	68	69	87	#
850	6898	0	1	2	3	4	5	6	7	88	#
851	6898	1	2	3	4	5	6	7	8	88	#
852	6898	2	3	4	5	6	7	8	9	88	#
853	6898	3	4	5	6	7	8	9	10	88	#
854	6898	4	5	6	7	8	9	10	11	88	#
855	6898	5	6	7	8	9	10	11	12	88	#
856	6898	6	7	8	9	10	11	12	13	88	#
857	6898	7	8	9	10	11	12	13	14	88	#
858	6898	8	9	10	11	12	13	14	15	88	#
859	6898	9	10	11	12	13	14	15	16	88	#
860	6898	10	11	12	13	14	15	16	17	88	#
861	6898	11	12	13	14	15	16	17	18	88	#
862	6898	12	13	14	15	16	17	18	19	88	#
863	6898	13	14	15	16	17	18	19	20	88	#
864	6898	14	15	16	17	18	19	20	21	88	#
865	6898	15	16	17	18	19	20	21	22	88	#
866	6898	16	17	18	19	20	21	22	23	88	#
867	6898	17	18	19	20	21	22	23	24	88	#
868	6898	18	19	20	21	22	23	24	25	88	#
869	6898	19	20	21	22	23	24	25	26	88	#
870	6898	20	21	22	23	24	25	26	27	88	#
871	6898	21	22	23	24	25	26	27	28	88	#
872	6898	22	23	24	25	26	27	28	29	88	#
873	6898	23	24	25	26	27	28	29	30	88	#
874	6898	24	25	26	27	28	29	30	31	88	#
875	6898	25	26	27	28	29	30	31	32	88	#
876	6898	26	27	28	29	30	31	32	33	88	#
877	6898	27	28	29	30	31	32	33	34	88	#
878	6898	28	29	30	31	32	33	34	35	88	#
879	6898	29	30	31	32	33	34	35	36	88	#
880	6898	30	31	32	33	34	35	36	37	88	#
881	6898	31	32	33	34	35	36	37	38	88	#
882	6898	32	33	34	35	36	37	38	39	88	#
883	6898	33	34	35	36	37	38	39	40	88	#
884	6898	34	35	36	37	38	39	40	41	88	#
885	6898	35	36	37	38	39	40	41	42	88	#
886	6898	36	37	38	39	40	41	42	43	88	#
887	6898	37	38	39	40	41	42	43	44	88	#
888	6898	38	39	40	41	42	43	44	45	88	#
889	6898	39	40	41	42	43	44	45	46	88	#
890	6898	40	41	42	43	44	45	46	47	88	#
891	6898	41	42	43	44	45	46	47	48	88	#
892	6898	42	43	44	45	46	47	48	49	88	#
893	6898	43	44	45	46	47	48	49	50	88	#
894	6898	44	45	46	47	48	49	50	51	88	#
895	6898	45	46	47	48	49	50	51	52	88	#
896	5435	46	47	48	49	50	51	52	53	88	#
897	5435	47	48	49	50	51	52	53	54	88	#
898	5435	48	49	50	51	52	53	54	55	88	#
899	5435	49	50	51	52	53	54	55	56	88	#
900	5435	50	51	52	53	54	55	56	57	88	#
901	5435	51	52	53	54	55	56	57	58	88	#
902	5435	52	53	54	55	56	57	58	59	88	#
903	5435	53	54	55	56	57	58	59	60	88	#
904	5435	54	55	56	57	58	59	60	61	88	#
905	5435	55	56	57	58	59	60	61	62	88	#
906	5435	56	57	58	59	60	61	62	63	88	#
907	5435	57	58	59	60	61	62	63	64	88	#
908	5435	58	59	60	61	62	63	64	65	88	#
909	5435	59	60	61	62	63	64	65	66	88	#
910	7570	0	1	2	3	4	5	6	7	89	#
911	7570	1	2	3	4	5	6	7	8	89	#
912	7570	2	3	4	5	6	7	8	9	89	#
913	7570	3	4	5	6	7	8	9	10	89	#
914	7570	4	5	6	7	8	9	10	11	89	#
915	7570	5	6	7	8	9	10	11	12	89	#
916	7570	6	7	8	9	10	11	12	13	89	#
917	7570	7	8	9	10	11	12	13	14	89	#
918	7570	8	9	10	11	12	13	14	15	89	#
919	7570	9	10	11	12	13	14	15	16	89	#
920	7570	10	11	12	13	14	15	16	17	89	#
921	7570	11	12	13	14	15	16	17	18	89	#
922	7570	12	13	14	15	16	17	18	19	89	#
923	5137	13	14	15	16	17	18	19	20	89	#
924	5137	14	15	16	17	18	19	20	21	89	#
925	5137	15	16	17	18	19	20	21	22	89	#
926	5137	16	17	18	19	20	21	22	23	89	#
927	5137	17	18	19	20	21	22	23	24	89	#
928	5137	18	19	20	21	22	23	24	25	89	#
929	5137	19	20	21	22	23	24	25	26	89	#
930	5137	20	21	22	23	24	25	26	27	89	#
931	5137	21	22	23	24	25	26	27	28	89	#
932	18134	0	1	2	3	4	5	6	7	90	#
933	18134	1	2	3	4	5	6	7	8	90	#
934	18134	2	3	4	5	6	7	8	9	90	#
935	18134	3	4	5	6	7	8	9	10	90	#
936	18134	4	5	6	7	8	9	10	11	90	#
937	18134	5	6	7	8	9	10	11	12	90	#
938	18134	6	7	8	9	10	11	12	13	90	#
939	18134	7	8	9	10	11	12	13	14	90	#
940	18134	8	9	10	11	12	13	14	15	90	#
941	18134	9	10	11	12	13	14	15	16	90	#
942	18134	10	11	12	13	14	15	16	17	90	#
943	18134	11	12	13	14	15	16	17	18	90	#
944	18134	12	13	14	15	16	17	18	19	90	#
945	18134	13	14	15	16	17	18	19	20	90	#
946	18134	14	15	16	17	18	19	20	21	90	#
947	18134	15	16	17	18	19	20	21	22	90	#
948	18134	16	17	18	19	20	21	22	23	90	#
949	18134	17	18	19	20	21	22	23	24	90	#
950	18134	18	19	20	21	22	23	24	25	90	#
951	18134	19	20	21	22	23	24	25	26	90	#
952	18134	20	21	22	23	24	25	26	27	90	#
953	18134	21	22	23	24	25	26	27	28	90	#
954	18134	22	23	24	25	26	27	28	29	90	#
955	18134	23	24	25	26	27	28	29	30	90	#
956	18134	24	25	26	27	28	29	30	31	90	#
957	18134	25	26	27	28	29	30	31	32	90	#
958	18134	26	27	28	29	30	31	32	33	90	#
959	18134	27	28	29	30	31	32	33	34	90	#
960	18134	28	29	30	31	32	33	34	35	90	#
961	18134	29	30	31	32	33	34	35	36	90	#
962	18134	30	31	32	33	34	35	36	37	90	#
963	18134	31	32	33	34	35	36	37	38	90	#
964	18134	32	33	34	35	36	37	38	39	90	#
965	18134	33	34	35	36	37	38	39	40	90	#
966	18134	34	35	36	37	38	39	40	41	90	#
967	18134	35	36	37	38	39	40	41	42	90	#
968	18134	36	37	38	39	40	41	42	43	90	#
969	18134	37	38	39	40	41	42	43	44	90	#
970	18134	38	39	40	41	42	43	44	45	90	#
971	18134	39	40	41	42	43	44	45	46	90	#
972	18134	40	41	42	43	44	45	46	47	90	#
973	18134	41	42	43	44	45	46	47	48	90	#
974	18134	42	43	44	45	46	47	48	49	90	#
975	18134	43	44	45	46	47	48	49	50	90	#
976	18134	44	45	46	47	48	49	50	51	90	#
977	18134	45	46	47	48	49	50	51	52	90	#
978	18134	46	47	48	49	50	51	52	53	90	#
979	18134	47	48	49	50	51	52	53	54	90	#
980	18134	48	49	50	51	52	53	54	55	90	#
981	18134	49	50	51	52	53	54	55	56	90	#
982	18134	50	51	52	53	54	55	56	57	90	#
983	18134	51	52	53	54	55	56	57	58	90	#
984	18134	52	53	54	55	56	57	58	59	90	#
985	18134	53	54	55	56	57	58	59	60	90	#
986	18134	54	55	56	57	58	59	60	61	90	#
987	18134	55	56	57	58	59	60	61	62	90	#
988	18134	56	57	58	59	60	61	62	63	90	#
989	18134	57	58	59	60	61	62	63	64	90	#
990	18134	58	59	60	61	62	63	64	65	90	#
991	18134	59	60	61	62	63	64	65	66	90	#
992	18134	60	61	62	63	64	65	66	67	90	#
993	18134	61	62	63	64	65	66	67	68	90	#
994	18134	62	63	64	65	66	67	68	69	90	#
995	7461	0	1	2	3	4	91	#
996	7461	1	2	3	4	5	91	#
997	7461	2	3	4	5	6	91	#
998	7461	3	4	5	6	7	91	#
999	7461	4	5	6	7	8	91	#
1000	7461	5	6	7	8	9	91	#
1001	7461	6	7	8	9	10	91	#
1002	7461	7	8	9	10	11	91	#
1003	7461	8	9	10	11	12	91	#
1004	7461	9	10	11	12	13	91	#
1005	7461	10	11	12	13	14	91	#
1006	7461	11	12	13	14	15	91	#
1007	7461	12	13	14	15	16	91	#
1008	7461	13	14	15	16	17	91	#
1009	7461	14	15	16	17	18	91	#
1010	7461	15	16	17	18	19	91	#
1011	7461	16	17	18	19	20	91	#
1012	7461	17	18	19	20	21	91	#
1013	7461	18	19	20	21	22	91	#
1014	7461	19	20	21	22	23	91	#
1015	7461	20	21	22	23	24	91	#
1016	7461	21	22	23	24	25	91	#
1017	4550	22	23	24	25	26	91	#
1018	4550	23	24	25	26	27	91	#
1019	4550	24	25	26	27	28	91	#
1020	4550	25	26	27	28	29	91	#
1021	4550	26	27	28	29	30	91	#
1022	4550	27	28	29	30	31	91	#
1023	4550	28	29	30	31	32	91	#
1024	4550	29	30	31	32	33	91	#
1025	4550	30	31	32	33	34	91	#
1026	4550	31	32	33	34	35	91	#
1027	4550	32	33	34	35	36	91	#
1028	4550	33	34	35	36	37	91	#
1029	4550	34	35	36	37	38	91	#
1030	4550	35	36	37	38	39	91	#
1031	4550	36	37	38	39	40	91	#
1032	4550	37	38	39	40	41	91	#
1033	3731	38	39	40	41	42	91	#
1034	3731	39	40	41	42	43	91	#
1035	3731	40	41	42	43	44	91	#
1036	3731	41	42	43	44	45	91	#
1037	3731	42	43	44	45	46	91	#
1038	3731	43	44	45	46	47	91	#
1039	3731	44	45	46	47	48	91	#
1040	3731	45	46	47	48	49	91	#
1041	3731	46	47	48	49	50	91	#
1042	3520	47	48	49	50	51	91	#
1043	3520	48	49	50	51	52	91	#
1044	3520	49	50	51	52	53	91	#
1045	3162	50	51	52	53	54	91	#
1046	3162	51	52	53	54	55	91	#
1047	3162	52	53	54	55	56	91	#
1048	3162	53	54	55	56	57	91	#
1049	3162	54	55	56	57	58	91	#
1050	3162	55	56	57	58	59	91	#
1051	3009	56	57	58	59	60	91	#
1052	3009	57	58	59	60	61	91	#
1053	3009	58	59	60	61	62	91	#
1054	14329	0	1	2	3	4	5	6	92	#
1055	14329	1	2	3	4	5	6	7	92	#
1056	14329	2	3	4	5	6	7	8	92	#
1057	14329	3	4	5	6	7	8	9	92	#
1058	14329	4	5	6	7	8	9	10	92	#
1059	14329	5	6	7	8	9	10	11	92	#
1060	14329	6	7	8	9	10	11	12	92	#
1061	14329	7	8	9	10	11	12	13	92	#
1062	14329	8	9	10	11	12	13	14	92	#
1063	14329	9	10	11	12	13	14	15	92	#
1064	14329	10	11	12	13	14	15	16	92	#
1065	14329	11	12	13	14	15	16	17	92	#
1066	14329	12	13	14	15	16	17	18	92	#
1067	14329	13	14	15	16	17	18	19	92	#
1068	14329	14	15	16	17	18	19	20	92	#
1069	14329	15	16	17	18	19	20	21	92	#
1070	14329	16	17	18	19	20	21	22	92	#
1071	14329	17	18	19	20	21	22	23	92	#
1072	14329	18	19	20	21	22	23	24	92	#
1073	14329	19	20	21	22	23	24	25	92	#
1074	14329	20	21	22	23	24	25	26	92	#
1075	14329	21	22	23	24	25	26	27	92	#
1076	14329	22	23	24	25	26	27	28	92	#
1077	14329	23	24	25	26	27	28	29	92	#
1078	14329	24	25	26	27	28	29	30	92	#
1079	1186	0	93	#
1080	1186	1	93	#
1081	1186	2	93	#
1082	1186	3	93	#
1083	1186	4	93	#
1084	1186	5	93	#
1085	1186	6	93	#
1086	1186	7	93	#
1087	1186	8	93	#
1088	1186	9	93	#
1089	1186	10	93	#
1090	1186	11	93	#
1091	1186	12	93	#
1092	1186	13	93	#
1093	1186	14	93	#
1094	1186	15	93	#
1095	1186	16	93	#
1096	1186	17	93	#
1097	1186	18	93	#
1098	1186	19	93	#
1099	1186	20	93	#
1100	1186	21	93	#
1101	1186	22	93	#
1102	1186	23	93	#
1103	1186	24	93	#
1104	1186	25	93	#
1105	1186	26	93	#
1106	1186	27	93	#
1107	1186	28	93	#
1108	1186	29	93	#
1109	1186	30	93	#
1110	1186	31	93	#
1111	1186	32	93	#
1112	1186	33	93	#
1113	1186	34	93	#
1114	1186	35	93	#
1115	1186	36	93	#
1116	1186	37	93	#
1117	1186	38	93	#
1118	1186	39	93	#
1119	1186	40	93	#
1120	1186	41	93	#
1121	1186	42	93	#
1122	1186	43	93	#
1123	1186	44	93	#
1124	1186	45	93	#
1125	1186	46	93	#
1126	1186	47	93	#
1127	1186	48	93	#
1128	1054	49	93	#
1129	1054	50	93	#
1130	1054	51	93	#
1131	1054	52	93	#
1132	1054	53	93	#
1133	1054	54	93	#
1134	3016	0	1	94	#
1135	3016	1	2	94	#
1136	3016	2	3	94	#
1137	3016	3	4	94	#
1138	3016	4	5	94	#
1139	3016	5	6	94	#
1140	3016	6	7	94	#
1141	3016	7	8	94	#
1142	3016	8	9	94	#
1143	3016	9	10	94	#
1144	3016	10	11	94	#
1145	3016	11	12	94	#
1146	3016	12	13	94	#
1147	3016	13	14	94	#
1148	3016	14	15	94	#
1149	3016	15	16	94	#
1150	3016	16	17	94	#
1151	3016	17	18	94	#
1152	3016	18	19	94	#
1153	3016	19	20	94	#
1154	3016	20	21	94	#
1155	975	21	22	94	#
1156	975	22	23	94	#
1157	975	23	24	94	#
1158	975	24	25	94	#
1159	975	25	26	94	#
1160	975	26	27	94	#
1161	975	27	28	94	#
1162	975	28	29	94	#
1163	975	29	30	94	#
1164	975	30	31	94	#
1165	975	31	32	94	#
1166	975	32	33	94	#
1167	975	33	34	94	#
1168	975	34	35	94	#
1169	975	35	36	94	#
1170	975	36	37	94	#
1171	975	37	38	94	#
1172	975	38	39	94	#
1173	975	39	40	94	#
1174	975	40	41	94	#
1175	975	41	42	94	#
1176	975	42	43	94	#
1177	975	43	44	94	#
1178	975	44	45	94	#
1179	975	45	46	94	#
1180	975	46	47	94	#
1181	975	47	48	94	#
1182	975	48	49	94	#
1183	975	49	50	94	#
1184	975	50	51	94	#
1185	975	51	52	94	#
1186	975	52	53	94	#
1187	975	53	54	94	#
1188	975	54	55	94	#
1189	975	55	56	94	#
1190	975	56	57	94	#
1191	975	57	58	94	#
1192	975	58	59	94	#
1193	975	59	60	94	#
1194	975	60	61	94	#
1195	975	61	62	94	#
1196	975	62	63	94	#
1197	975	63	64	94	#
1198	975	64	65	94	#
1199	6942	0	1	2	3	4	5	95	#
1200	6942	1	2	3	4	5	6	95	#
1201	6942	2	3	4	5	6	7	95	#
1202	6942	3	4	5	6	7	8	95	#
1203	6942	4	5	6	7	8	9	95	#
1204	6942	5	6	7	8	9	10	95	#
1205	6942	6	7	8	9	10	11	95	#
1206	6942	7	8	9	10	11	12	95	#
1207	6942	8	9	10	11	12	13	95	#
1208	3610	9	10	11	12	13	14	95	#
1209	3610	10	11	12	13	14	15	95	#
1210	3610	11	12	13	14	15	16	95	#
1211	3610	12	13	14	15	16	17	95	#
1212	3610	13	14	15	16	17	18	95	#
1213	3610	14	15	16	17	18	19	95	#
1214	3610	15	16	17	18	19	20	95	#
1215	3610	16	17	18	19	20	21	95	#
1216	3610	17	18	19	20	21	22	95	#
1217	3610	18	19	20	21	22	23	95	#
1218	3610	19	20	21	22	23	24	95	#
1219	3610	20	21	22	23	24	25	95	#
1220	3008	21	22	23	24	25	26	95	#
1221	3008	22	23	24	25	26	27	95	#
1222	3008	23	24	25	26	27	28	95	#
1223	3008	24	25	26	27	28	29	95	#
1224	3008	25	26	27	28	29	30	95	#
1225	2507	26	27	28	29	30	31	95	#
1226	2507	27	28	29	30	31	32	95	#
1227	2507	28	29	30	31	32	33	95	#
1228	2507	29	30	31	32	33	34	95	#
1229	2507	30	31	32	33	34	35	95	#
1230	2507	31	32	33	34	35	36	95	#
1231	1735	32	33	34	35	36	37	95	#
1232	1735	33	34	35	36	37	38	95	#
1233	1735	34	35	36	37	38	39	95	#
1234	1735	35	36	37	38	39	40	95	#
1235	1735	36	37	38	39	40	41	95	#
1236	1735	37	38	39	40	41	42	95	#
1237	1735	38	39	40	41	42	43	95	#
1238	1735	39	40	41	42	43	44	95	#
1239	1735	40	41	42	43	44	45	95	#
1240	1735	41	42	43	44	45	46	95	#
1241	1735	42	43	44	45	46	47	95	#
1242	1735	43	44	45	46	47	48	95	#
1243	1735	44	45	46	47	48	49	95	#
1244	1735	45	46	47	48	49	50	95	#
1245	1735	46	47	48	49	50	51	95	#
1246	1735	47	48	49	50	51	52	95	#
1247	1455	48	49	50	51	52	53	95	#
1248	1455	49	50	51	52	53	54	95	#
1249	1455	50	51	52	53	54	55	95	#
1250	1455	51	52	53	54	55	56	95	#
1251	1455	52	53	54	55	56	57	95	#
1252	1455	53	54	55	56	57	58	95	#
1253	1455	54	55	56	57	58	59	95	#
1254	1455	55	56	57	58	59	60	95	#
1255	1455	56	57	58	59	60	61	95	#
1256	1455	57	58	59	60	61	62	95	#
1257	1367	58	59	60	61	62	63	95	#
1258	1367	59	60	61	62	63	64	95	#
1259	1367	60	61	62	63	64	65	95	#
1260	1367	61	62	63	64	65	66	95	#
1261	1347	62	63	64	65	66	67	95	#
1262	12478	0	1	2	3	4	5	96	#
1263	12478	1	2	3	4	5	6	96	#
1264	12478	2	3	4	5	6	7	96	#
1265	12478	3	4	5	6	7	8	96	#
1266	12478	4	5	6	7	8	9	96	#
1267	12478	5	6	7	8	9	10	96	#
1268	12478	6	7	8	9	10	11	96	#
1269	12478	7	8	9	10	11	12	96	#
1270	12478	8	9	10	11	12	13	96	#
1271	12478	9	10	11	12	13	14	96	#
1272	12478	10	11	12	13	14	15	96	#
1273	12478	11	12	13	14	15	16	96	#
1274	12478	12	13	14	15	16	17	96	#
1275	12478	13	14	15	16	17	18	96	#
1276	12478	14	15	16	17	18	19	96	#
1277	12478	15	16	17	18	19	20	96	#
1278	12478	16	17	18	19	20	21	96	#
1279	12478	17	18	19	20	21	22	96	#
1280	12478	18	19	20	21	22	23	96	#
1281	12478	19	20	21	22	23	24	96	#
1282	12478	20	21	22	23	24	25	96	#
1283	12478	21	22	23	24	25	26	96	#
1284	12478	22	23	24	25	26	27	96	#
1285	12478	23	24	25	26	27	28	96	#
1286	12478	24	25	26	27	28	29	96	#
1287	12478	25	26	27	28	29	30	96	#
1288	12478	26	27	28	29	30	31	96	#
1289	12478	27	28	29	30	31	32	96	#
1290	12478	28	29	30	31	32	33	96	#
1291	12478	29	30	31	32	33	34	96	#
1292	12478	30	31	32	33	34	35	96	#
1293	12478	31	32	33	34	35	36	96	#
1294	12478	32	33	34	35	36	37	96	#
1295	12478	33	34	35	36	37	38	96	#
1296	12478	34	35	36	37	38	39	96	#
1297	12478	35	36	37	38	39	40	96	#
1298	12478	36	37	38	39	40	41	96	#
1299	12478	37	38	39	40	41	42	96	#
1300	12478	38	39	40	41	42	43	96	#
1301	12478	39	40	41	42	43	44	96	#
1302	12478	40	41	42	43	44	45	96	#
1303	12478	41	42	43	44	45	46	96	#
1304	12478	42	43	44	45	46	47	96	#
1305	12478	43	44	45	46	47	48	96	#
1306	12478	44	45	46	47	48	49	96	#
1307	12478	45	46	47	48	49	50	96	#
1308	12478	46	47	48	49	50	51	96	#
1309	12478	47	48	49	50	51	52	96	#
1310	12478	48	49	50	51	52	53	96	#
1311	12478	49	50	51	52	53	54	96	#
1312	12478	50	51	52	53	54	55	96	#
1313	12478	51	52	53	54	55	56	96	#
1314	12478	52	53	54	55	56	57	96	#
1315	10942	53	54	55	56	57	58	96	#
1316	10942	54	55	56	57	58	59	96	#
1317	10942	55	56	57	58	59	60	96	#
1318	10942	56	57	58	59	60	61	96	#
1319	10942	57	58	59	60	61	62	96	#
1320	10942	58	59	60	61	62	63	96	#
1321	10942	59	60	61	62	63	64	96	#
1322	10942	60	61	62	63	64	65	96	#
1323	10776	61	62	63	64	65	66	96	#
1324	748	0	97	#
1325	748	1	97	#
1326	748	2	97	#
1327	748	3	97	#
1328	748	4	97	#
1329	748	5	97	#
1330	748	6	97	#
1331	748	7	97	#
1332	748	8	97	#
1333	748	9	97	#
1334	748	10	97	#
1335	748	11	97	#
1336	748	12	97	#
1337	191	13	97	#
1338	191	14	97	#
1339	191	15	97	#
1340	191	16	97	#
1341	191	17	97	#
1342	191	18	97	#
1343	191	19	97	#
1344	191	20	97	#
1345	191	21	97	#
1346	191	22	97	#
1347	191	23	97	#
1348	191	24	97	#
1349	191	25	97	#
1350	191	26	97	#
1351	191	27	97	#
1352	191	28	97	#
1353	191	29	97	#
1354	191	30	97	#
1355	191	31	97	#
1356	191	32	97	#
1357	191	33	97	#
1358	191	34	97	#
1359	191	35	97	#
1360	191	36	97	#
1361	191	37	97	#
1362	191	38	97	#
1363	191	39	97	#
1364	191	40	97	#
1365	191	41	97	#
1366	191	42	97	#
1367	191	43	97	#
1368	191	44	97	#
1369	191	45	97	#
1370	191	46	97	#
1371	191	47	97	#
1372	176	48	97	#
1373	176	49	97	#
1374	176	50	97	#
1375	176	51	97	#
1376	138	52	97	#
1377	138	53	97	#
1378	138	54	97	#
1379	138	55	97	#
1380	138	56	97	#
1381	138	57	97	#
1382	138	58	97	#
1383	138	59	97	#
1384	138	60	97	#
1385	138	61	97	#
1386	138	62	97	#
1387	138	63	97	#
1388	138	64	97	#
1389	138	65	97	#
1390	136	66	97	#
1391	134	67	97	#
1392	130	68	97	#
1393	130	69	97	#
1394	4216	0	1	2	3	4	98	#
1395	4216	1	2	3	4	5	98	#
1396	4216	2	3	4	5	6	98	#
1397	4216	3	4	5	6	7	98	#
1398	4216	4	5	6	7	8	98	#
1399	4216	5	6	7	8	9	98	#
1400	4216	6	7	8	9	10	98	#
1401	4216	7	8	9	10	11	98	#
1402	4216	8	9	10	11	12	98	#
1403	4216	9	10	11	12	13	98	#
1404	4216	10	11	12	13	14	98	#
1405	4216	11	12	13	14	15	98	#
1406	4216	12	13	14	15	16	98	#
1407	4216	13	14	15	16	17	98	#
1408	4216	14	15	16	17	18	98	#
1409	4216	15	16	17	18	19	98	#
1410	4216	16	17	18	19	20	98	#
1411	4216	17	18	19	20	21	98	#
1412	4216	18	19	20	21	22	98	#
1413	4216	19	20	21	22	23	98	#
1414	4216	20	21	22	23	24	98	#
1415	4216	21	22	23	24	25	98	#
1416	4216	22	23	24	25	26	98	#
1417	4216	23	24	25	26	27	98	#
1418	4216	24	25	26	27	28	98	#
1419	4216	25	26	27	28	29	98	#
1420	4216	26	27	28	29	30	98	#
1421	4216	27	28	29	30	31	98	#
1422	4216	28	29	30	31	32	98	#
1423	4216	29	30	31	32	33	98	#
1424	4216	30	31	32	33	34	98	#
1425	4216	31	32	33	34	35	98	#
1426	4216	32	33	34	35	36	98	#
1427	4216	33	34	35	36	37	98	#
1428	4216	34	35	36	37	38	98	#
1429	4216	35	36	37	38	39	98	#
1430	4216	36	37	38	39	40	98	#
1431	4216	37	38	39	40	41	98	#
1432	4216	38	39	40	41	42	98	#
1433	4216	39	40	41	42	43	98	#
1434	4216	40	41	42	43	44	98	#
1435	3947	41	42	43	44	45	98	#
1436	3947	42	43	44	45	46	98	#
1437	3947	43	44	45	46	47	98	#
1438	3199	44	45	46	47	48	98	#
1439	3199	45	46	47	48	49	98	#
1440	3199	46	47	48	49	50	98	#
1441	3199	47	48	49	50	51	98	#
1442	3199	48	49	50	51	52	98	#
1443	3199	49	50	51	52	53	98	#
1444	3199	50	51	52	53	54	98	#
1445	3199	51	52	53	54	55	98	#
1446	3199	52	53	54	55	56	98	#
1447	3199	53	54	55	56	57	98	#
1448	3199	54	55	56	57	58	98	#
1449	3041	55	56	57	58	59	98	#
1450	3041	56	57	58	59	60	98	#
1451	3041	57	58	59	60	61	98	#
1452	6501	0	1	2	3	99	#
1453	6501	1	2	3	4	99	#
1454	6501	2	3	4	5	99	#
1455	6501	3	4	5	6	99	#
1456	6501	4	5	6	7	99	#
1457	6501	5	6	7	8	99	#
1458	6501	6	7	8	9	99	#
1459	6501	7	8	9	10	99	#
1460	6501	8	9	10	11	99	#
1461	6501	9	10	11	12	99	#
1462	6501	10	11	12	13	99	#
1463	6501	11	12	13	14	99	#
1464	6501	12	13	14	15	99	#
1465	6501	13	14	15	16	99	#
1466	6501	14	15	16	17	99	#
1467	6501	15	16	17	18	99	#
1468	6501	16	17	18	19	99	#
1469	6501	17	18	19	20	99	#
1470	6501	18	19	20	21	99	#
1471	6501	19	20	21	22	99	#
1472	6501	20	21	22	23	99	#
1473	6501	21	22	23	24	99	#
1474	6501	22	23	24	25	99	#
1475	6501	23	24	25	26	99	#
1476	6501	24	25	26	27	99	#
1477	6501	25	26	27	28	99	#
1478	6501	26	27	28	29	99	#
1479	6501	27	28	29	30	99	#
1480	6501	28	29	30	31	99	#
1481	6501	29	30	31	32	99	#
1482	6501	30	31	32	33	99	#
1483	6501	31	32	33	34	99	#
1484	6501	32	33	34	35	99	#
1485	6501	33	34	35	36	99	#
1486	6501	34	35	36	37	99	#
1487	6501	35	36	37	38	99	#
1488	6501	36	37	38	39	99	#
1489	6501	37	38	39	40	99	#
1490	6501	38	39	40	41	99	#
1491	6501	39	40	41	42	99	#
1492	6501	40	41	42	43	99	#
1493	6501	41	42	43	44	99	#
1494	6501	42	43	44	45	99	#
1495	6501	43	44	45	46	99	#
1496	6501	44	45	46	47	99	#
1497	6501	45	46	47	48	99	#
1498	6501	46	47	48	49	99	#
1499	6501	47	48	49	50	99	#
1500	6501	48	49	50	51	99	#
1501	6501	49	50	51	52	99	#
1502	1784	0	1	100	#
1503	1784	1	2	100	#
1504	1784	2	3	100	#
1505	1784	3	4	100	#
1506	1784	4	5	100	#
1507	1784	5	6	100	#
1508	1784	6	7	100	#
1509	1784	7	8	100	#
1510	1784	8	9	100	#
1511	1784	9	10	100	#
1512	1784	10	11	100	#
1513	1784	11	12	100	#
1514	1784	12	13	100	#
1515	1784	13	14	100	#
1516	1784	14	15	100	#
1517	1784	15	16	100	#
1518	1784	16	17	100	#
1519	1784	17	18	100	#
1520	1784	18	19	100	#
1521	1784	19	20	100	#
1522	1784	20	21	100	#
1523	1784	21	22	100	#
1524	1784	22	23	100	#
1525	1784	23	24	100	#
1526	1784	24	25	100	#
1527	1784	25	26	100	#
1528	1784	26	27	100	#
1529	1784	27	28	100	#
1530	1784	28	29	100	#
1531	1784	29	30	100	#
1532	1784	30	31	100	#
1533	1784	31	32	100	#
1534	1784	32	33	100	#
1535	1784	33	34	100	#
1536	1784	34	35	100	#
1537	1784	35	36	100	#
1538	1784	36	37	100	#
1539	1784	37	38	100	#
1540	1784	38	39	100	#
1541	1784	39	40	100	#
1542	1784	40	41	100	#
1543	1784	41	42	100	#
1544	1784	42	43	100	#
1545	1784	43	44	100	#
1546	1784	44	45	100	#
1547	1784	45	46	100	#
1548	1784	46	47	100	#
1549	1375	47	48	100	#
1550	1375	48	49	100	#
1551	1375	49	50	100	#
1552	1375	50	51	100	#
1553	1375	51	52	100	#
1554	1375	52	53	100	#
1555	1375	53	54	100	#
1556	1375	54	55	100	#
1557	1375	55	56	100	#
1558	1375	56	57	100	#
1559	1375	57	58	100	#
1560	1375	58	59	100	#
1561	1375	59	60	100	#
1562	1375	60	61	100	#
1563	1251	61	62	100	#
1564	1251	62	63	100	#
1565	1251	63	64	100	#
1566	1251	64	65	100	#
1567	1251	65	66	100	#
1568	1251	66	67	100	#
1569	3213	0	1	101	#
1570	3213	1	2	101	#
1571	3213	2	3	101	#
1572	3213	3	4	101	#
1573	3213	4	5	101	#
1574	3213	5	6	101	#
1575	3213	6	7	101	#
1576	3213	7	8	101	#
1577	3213	8	9	101	#
1578	3213	9	10	101	#
1579	3213	10	11	101	#
1580	3213	11	12	101	#
1581	3213	12	13	101	#
1582	3213	13	14	101	#
1583	3213	14	15	101	#
1584	3213	15	16	101	#
1585	3213	16	17	101	#
1586	3213	17	18	101	#
1587	3213	18	19	101	#
1588	3213	19	20	101	#
1589	3213	20	21	101	#
1590	3213	21	22	101	#
1591	3213	22	23	101	#
1592	3213	23	24	101	#
1593	3213	24	25	101	#
1594	3213	25	26	101	#
1595	3213	26	27	101	#
1596	3213	27	28	101	#
1597	3213	28	29	101	#
1598	3213	29	30	101	#
1599	3213	30	31	101	#
1600	8455	0	1	2	3	4	5	6	7	102	#
1601	8455	1	2	3	4	5	6	7	8	102	#
1602	8455	2	3	4	5	6	7	8	9	102	#
1603	8455	3	4	5	6	7	8	9	10	102	#
1604	8455	4	5	6	7	8	9	10	11	102	#
1605	8455	5	6	7	8	9	10	11	12	102	#
1606	8455	6	7	8	9	10	11	12	13	102	#
1607	8455	7	8	9	10	11	12	13	14	102	#
1608	8455	8	9	10	11	12	13	14	15	102	#
1609	8455	9	10	11	12	13	14	15	16	102	#
1610	8455	10	11	12	13	14	15	16	17	102	#
1611	8455	11	12	13	14	15	16	17	18	102	#
1612	8455	12	13	14	15	16	17	18	19	102	#
1613	8455	13	14	15	16	17	18	19	20	102	#
1614	8455	14	15	16	17	18	19	20	21	102	#
1615	8455	15	16	17	18	19	20	21	22	102	#
1616	8455	16	17	18	19	20	21	22	23	102	#
1617	8455	17	18	19	20	21	22	23	24	102	#
1618	8455	18	19	20	21	22	23	24	25	102	#
1619	8455	19	20	21	22	23	24	25	26	102	#
1620	8455	20	21	22	23	24	25	26	27	102	#
1621	8455	21	22	23	24	25	26	27	28	102	#
1622	8455	22	23	24	25	26	27	28	29	102	#
1623	8455	23	24	25	26	27	28	29	30	102	#
1624	8455	24	25	26	27	28	29	30	31	102	#
1625	8455	25	26	27	28	29	30	31	32	102	#
1626	8455	26	27	28	29	30	31	32	33	102	#
1627	8455	27	28	29	30	31	32	33	34	102	#
1628	8455	28	29	30	31	32	33	34	35	102	#
1629	8455	29	30	31	32	33	34	35	36	102	#
1630	8455	30	31	32	33	34	35	36	37	102	#
1631	8455	31	32	33	34	35	36	37	38	102	#
1632	8455	32	33	34	35	36	37	38	39	102	#
1633	8455	33	34	35	36	37	38	39	40	102	#
1634	8455	34	35	36	37	38	39	40	41	102	#
1635	8455	35	36	37	38	39	40	41	42	102	#
1636	8455	36	37	38	39	40	41	42	43	102	#
1637	8455	37	38	39	40	41	42	43	44	102	#
1638	8455	38	39	40	41	42	43	44	45	102	#
1639	8455	39	40	41	42	43	44	45	46	102	#
1640	8455	40	41	42	43	44	45	46	47	102	#
1641	8455	41	42	43	44	45	46	47	48	102	#
1642	8455	42	43	44	45	46	47	48	49	102	#
1643	8455	43	44	45	46	47	48	49	50	102	#
1644	8455	44	45	46	47	48	49	50	51	102	#
1645	8455	45	46	47	48	49	50	51	52	102	#
1646	8455	46	47	48	49	50	51	52	53	102	#
1647	8455	47	48	49	50	51	52	53	54	102	#
1648	8455	48	49	50	51	52	53	54	55	102	#
1649	8455	49	50	51	52	53	54	55	56	102	#
1650	8455	50	51	52	53	54	55	56	57	102	#
1651	8455	51	52	53	54	55	56	57	58	102	#
1652	8455	52	53	54	55	56	57	58	59	102	#
1653	8455	53	54	55	56	57	58	59	60	102	#
1654	8455	54	55	56	57	58	59	60	61	102	#
1655	7585	55	56	57	58	59	60	61	62	102	#
1656	7585	56	57	58	59	60	61	62	63	102	#
1657	7585	57	58	59	60	61	62	63	64	102	#
1658	7585	58	59	60	61	62	63	64	65	102	#
1659	7585	59	60	61	62	63	64	65	66	102	#
1660	7585	60	61	62	63	64	65	66	67	102	#
1661	7585	61	62	63	64	65	66	67	68	102	#
1662	7475	62	63	64	65	66	67	68	69	102	#
1663	2650	0	1	103	#
1664	2650	1	2	103	#
1665	2650	2	3	103	#
1666	2650	3	4	103	#
1667	2650	4	5	103	#
1668	2650	5	6	103	#
1669	2650	6	7	103	#
1670	2650	7	8	103	#
1671	2650	8	9	103	#
1672	2650	9	10	103	#
1673	2650	10	11	103	#
1674	2650	11	12	103	#
1675	2650	12	13	103	#
1676	2650	13	14	103	#
1677	2650	14	15	103	#
1678	2650	15	16	103	#
1679	2650	16	17	103	#
1680	2650	17	18	103	#
1681	2650	18	19	103	#
1682	2650	19	20	103	#
1683	2650	20	21	103	#
1684	2650	21	22	103	#
1685	2650	22	23	103	#
1686	2650	23	24	103	#
1687	2650	24	25	103	#
1688	2650	25	26	103	#
1689	2650	26	27	103	#
1690	2650	27	28	103	#
1691	2650	28	29	103	#
1692	2650	29	30	103	#
1693	2650	30	31	103	#
1694	2650	31	32	103	#
1695	16230	0	1	2	3	4	5	6	7	104	#
1696	16230	1	2	3	4	5	6	7	8	104	#
1697	16230	2	3	4	5	6	7	8	9	104	#
1698	16230	3	4	5	6	7	8	9	10	104	#
1699	16230	4	5	6	7	8	9	10	11	104	#
1700	16230	5	6	7	8	9	10	11	12	104	#
1701	16230	6	7	8	9	10	11	12	13	104	#
1702	16230	7	8	9	10	11	12	13	14	104	#
1703	16230	8	9	10	11	12	13	14	15	104	#
1704	16230	9	10	11	12	13	14	15	16	104	#
1705	16230	10	11	12	13	14	15	16	17	104	#
1706	16230	11	12	13	14	15	16	17	18	104	#
1707	16230	12	13	14	15	16	17	18	19	104	#
1708	16230	13	14	15	16	17	18	19	20	104	#
1709	16230	14	15	16	17	18	19	20	21	104	#
1710	16230	15	16	17	18	19	20	21	22	104	#
1711	16230	16	17	18	19	20	21	22	23	104	#
1712	16230	17	18	19	20	21	22	23	24	104	#
1713	16230	18	19	20	21	22	23	24	25	104	#
1714	16230	19	20	21	22	23	24	25	26	104	#
1715	16230	20	21	22	23	24	25	26	27	104	#
1716	16230	21	22	23	24	25	26	27	28	104	#
1717	16230	22	23	24	25	26	27	28	29	104	#
1718	16230	23	24	25	26	27	28	29	30	104	#
1719	16230	24	25	26	27	28	29	30	31	104	#
1720	16230	25	26	27	28	29	30	31	32	104	#
1721	16230	26	27	28	29	30	31	32	33	104	#
1722	16230	27	28	29	30	31	32	33	34	104	#
1723	16230	28	29	30	31	32	33	34	35	104	#
1724	16230	29	30	31	32	33	34	35	36	104	#
1725	16230	30	31	32	33	34	35	36	37	104	#
1726	16230	31	32	33	34	35	36	37	38	104	#
1727	16230	32	33	34	35	36	37	38	39	104	#
1728	16230	33	34	35	36	37	38	39	40	104	#
1729	16230	34	35	36	37	38	39	40	41	104	#
1730	16230	35	36	37	38	39	40	41	42	104	#
1731	16230	36	37	38	39	40	41	42	43	104	#
1732	16230	37	38	39	40	41	42	43	44	104	#
1733	16230	38	39	40	41	42	43	44	45	104	#
1734	16230	39	40	41	42	43	44	45	46	104	#
1735	16230	40	41	42	43	44	45	46	47	104	#
1736	16230	41	42	43	44	45	46	47	48	104	#
1737	16230	42	43	44	45	46	47	48	49	104	#
1738	16230	43	44	45	46	47	48	49	50	104	#
1739	16230	44	45	46	47	48	49	50	51	104	#
1740	16230	45	46	47	48	49	50	51	52	104	#
1741	16230	46	47	48	49	50	51	52	53	104	#
1742	16230	47	48	49	50	51	52	53	54	104	#
1743	16230	48	49	50	51	52	53	54	55	104	#
1744	16230	49	50	51	52	53	54	55	56	104	#
1745	16230	50	51	52	53	54	55	56	57	104	#
1746	16230	51	52	53	54	55	56	57	58	104	#
1747	16230	52	53	54	55	56	57	58	59	104	#
1748	16230	53	54	55	56	57	58	59	60	104	#
1749	16230	54	55	56	57	58	59	60	61	104	#
1750	16230	55	56	57	58	59	60	61	62	104	#
1751	16230	56	57	58	59	60	61	62	63	104	#
1752	16230	57	58	59	60	61	62	63	64	104	#
1753	16230	58	59	60	61	62	63	64	65	104	#
1754	9239	0	1	2	3	4	5	105	#
1755	9239	1	2	3	4	5	6	105	#
1756	9239	2	3	4	5	6	7	105	#
1757	9239	3	4	5	6	7	8	105	#
1758	9239	4	5	6	7	8	9	105	#
1759	9239	5	6	7	8	9	10	105	#
1760	9239	6	7	8	9	10	11	105	#
1761	9239	7	8	9	10	11	12	105	#
1762	9239	8	9	10	11	12	13	105	#
1763	9239	9	10	11	12	13	14	105	#
1764	9239	10	11	12	13	14	15	105	#
1765	9239	11	12	13	14	15	16	105	#
1766	9239	12	13	14	15	16	17	105	#
1767	9239	13	14	15	16	17	18	105	#
1768	9239	14	15	16	17	18	19	105	#
1769	9239	15	16	17	18	19	20	105	#
1770	9239	16	17	18	19	20	21	105	#
1771	9239	17	18	19	20	21	22	105	#
1772	9239	18	19	20	21	22	23	105	#
1773	8500	19	20	21	22	23	24	105	#
1774	8500	20	21	22	23	24	25	105	#
1775	6250	21	22	23	24	25	26	105	#
1776	6250	22	23	24	25	26	27	105	#
1777	6250	23	24	25	26	27	28	105	#
1778	6250	24	25	26	27	28	29	105	#
1779	6250	25	26	27	28	29	30	105	#
1780	6250	26	27	28	29	30	31	105	#
1781	6250	27	28	29	30	31	32	105	#
1782	6250	28	29	30	31	32	33	105	#
1783	6250	29	30	31	32	33	34	105	#
1784	4722	30	31	32	33	34	35	105	#
1785	4722	31	32	33	34	35	36	105	#
1786	4722	32	33	34	35	36	37	105	#
1787	4722	33	34	35	36	37	38	105	#
1788	4722	34	35	36	37	38	39	105	#
1789	4722	35	36	37	38	39	40	105	#
1790	4722	36	37	38	39	40	41	105	#
1791	4722	37	38	39	40	41	42	105	#
1792	4722	38	39	40	41	42	43	105	#
1793	4722	39	40	41	42	43	44	105	#
1794	4722	40	41	42	43	44	45	105	#
1795	3728	41	42	43	44	45	46	105	#
1796	3728	42	43	44	45	46	47	105	#
1797	3728	43	44	45	46	47	48	105	#
1798	3728	44	45	46	47	48	49	105	#
1799	3728	45	46	47	48	49	50	105	#
1800	3728	46	47	48	49	50	51	105	#
1801	3728	47	48	49	50	51	52	105	#
1802	3728	48	49	50	51	52	53	105	#
1803	3728	49	50	51	52	53	54	105	#
1804	3728	50	51	52	53	54	55	105	#
1805	3728	51	52	53	54	55	56	105	#
1806	3728	52	53	54	55	56	57	105	#
1807	3664	53	54	55	56	57	58	105	#
1808	3172	54	55	56	57	58	59	105	#
1809	3172	55	56	57	58	59	60	105	#
1810	3172	56	57	58	59	60	61	105	#
1811	3172	57	58	59	60	61	62	105	#
1812	3172	58	59	60	61	62	63	105	#
1813	3172	59	60	61	62	63	64	105	#
1814	3172	60	61	62	63	64	65	105	#
1815	3172	61	62	63	64	65	66	105	#
1816	3172	62	63	64	65	66	67	105	#
1817	3125	63	64	65	66	67	68	105	#
1818	3080	64	65	66	67	68	69	105	#
1819	17978	0	1	2	3	4	5	6	7	8	106	#
1820	17978	1	2	3	4	5	6	7	8	9	106	#
1821	17978	2	3	4	5	6	7	8	9	10	106	#
1822	17978	3	4	5	6	7	8	9	10	11	106	#
1823	17978	4	5	6	7	8	9	10	11	12	106	#
1824	17978	5	6	7	8	9	10	11	12	13	106	#
1825	17978	6	7	8	9	10	11	12	13	14	106	#
1826	17978	7	8	9	10	11	12	13	14	15	106	#
1827	17978	8	9	10	11	12	13	14	15	16	106	#
1828	17978	9	10	11	12	13	14	15	16	17	106	#
1829	17978	10	11	12	13	14	15	16	17	18	106	#
1830	17978	11	12	13	14	15	16	17	18	19	106	#
1831	17978	12	13	14	15	16	17	18	19	20	106	#
1832	17978	13	14	15	16	17	18	19	20	21	106	#
1833	17978	14	15	16	17	18	19	20	21	22	106	#
1834	17978	15	16	17	18	19	20	21	22	23	106	#
1835	17978	16	17	18	19	20	21	22	23	24	106	#
1836	17978	17	18	19	20	21	22	23	24	25	106	#
1837	17978	18	19	20	21	22	23	24	25	26	106	#
1838	17978	19	20	21	22	23	24	25	26	27	106	#
1839	17978	20	21	22	23	24	25	26	27	28	106	#
1840	17978	21	22	23	24	25	26	27	28	29	106	#
1841	17978	22	23	24	25	26	27	28	29	30	106	#
1842	17978	23	24	25	26	27	28	29	30	31	106	#
1843	17978	24	25	26	27	28	29	30	31	32	106	#
1844	17978	25	26	27	28	29	30	31	32	33	106	#
1845	17978	26	27	28	29	30	31	32	33	34	106	#
1846	17978	27	28	29	30	31	32	33	34	35	106	#
1847	17978	28	29	30	31	32	33	34	35	36	106	#
1848	17978	29	30	31	32	33	34	35	36	37	106	#
1849	17978	30	31	32	33	34	35	36	37	38	106	#
1850	17978	31	32	33	34	35	36	37	38	39	106	#
1851	17978	32	33	34	35	36	37	38	39	40	106	#
1852	17978	33	34	35	36	37	38	39	40	41	106	#
1853	17978	34	35	36	37	38	39	40	41	42	106	#
1854	17978	35	36	37	38	39	40	41	42	43	106	#
1855	17978	36	37	38	39	40	41	42	43	44	106	#
1856	17978	37	38	39	40	41	42	43	44	45	106	#
1857	17978	38	39	40	41	42	43	44	45	46	106	#
1858	17978	39	40	41	42	43	44	45	46	47	106	#
1859	17978	40	41	42	43	44	45	46	47	48	106	#
1860	17978	41	42	43	44	45	46	47	48	49	106	#
1861	17978	42	43	44	45	46	47	48	49	50	106	#
1862	17978	43	44	45	46	47	48	49	50	51	106	#
1863	17978	44	45	46	47	48	49	50	51	52	106	#
1864	17978	45	46	47	48	49	50	51	52	53	106	#
1865	17978	46	47	48	49	50	51	52	53	54	106	#
1866	17978	47	48	49	50	51	52	53	54	55	106	#
1867	17978	48	49	50	51	52	53	54	55	56	106	#
1868	17978	49	50	51	52	53	54	55	56	57	106	#
1869	17978	50	51	52	53	54	55	56	57	58	106	#
1870	17978	51	52	53	54	55	56	57	58	59	106	#
1871	17978	52	53	54	55	56	57	58	59	60	106	#
1872	17978	53	54	55	56	57	58	59	60	61	106	#
1873	17978	54	55	56	57	58	59	60	61	62	106	#
1874	17978	55	56	57	58	59	60	61	62	63	106	#
1875	17978	56	57	58	59	60	61	62	63	64	106	#
1876	17978	57	58	59	60	61	62	63	64	65	106	#
1877	17978	58	59	60	61	62	63	64	65	66	106	#
1878	13413	0	1	2	3	4	5	6	7	8	9	107	#
1879	13413	1	2	3	4	5	6	7	8	9	10	107	#
1880	13413	2	3	4	5	6	7	8	9	10	11	107	#
1881	13413	3	4	5	6	7	8	9	10	11	12	107	#
1882	13413	4	5	6	7	8	9	10	11	12	13	107	#
1883	13413	5	6	7	8	9	10	11	12	13	14	107	#
1884	13413	6	7	8	9	10	11	12	13	14	15	107	#
1885	13413	7	8	9	10	11	12	13	14	15	16	107	#
1886	13413	8	9	10	11	12	13	14	15	16	17	107	#
1887	13413	9	10	11	12	13	14	15	16	17	18	107	#
1888	13413	10	11	12	13	14	15	16	17	18	19	107	#
1889	13413	11	12	13	14	15	16	17	18	19	20	107	#
1890	13413	12	13	14	15	16	17	18	19	20	21	107	#
1891	13413	13	14	15	16	17	18	19	20	21	22	107	#
1892	13413	14	15	16	17	18	19	20	21	22	23	107	#
1893	13413	15	16	17	18	19	20	21	22	23	24	107	#
1894	13413	16	17	18	19	20	21	22	23	24	25	107	#
1895	13413	17	18	19	20	21	22	23	24	25	26	107	#
1896	13413	18	19	20	21	22	23	24	25	26	27	107	#
1897	13413	19	20	21	22	23	24	25	26	27	28	107	#
1898	13413	20	21	22	23	24	25	26	27	28	29	107	#
1899	13413	21	22	23	24	25	26	27	28	29	30	107	#
1900	13413	22	23	24	25	26	27	28	29	30	31	107	#
1901	13413	23	24	25	26	27	28	29	30	31	32	107	#
1902	13413	24	25	26	27	28	29	30	31	32	33	107	#
1903	13413	25	26	27	28	29	30	31	32	33	34	107	#
1904	13413	26	27	28	29	30	31	32	33	34	35	107	#
1905	13413	27	28	29	30	31	32	33	34	35	36	107	#
1906	13413	28	29	30	31	32	33	34	35	36	37	107	#
1907	13413	29	30	31	32	33	34	35	36	37	38	107	#
1908	13413	30	31	32	33	34	35	36	37	38	39	107	#
1909	9341	31	32	33	34	35	36	37	38	39	40	107	#
1910	9341	32	33	34	35	36	37	38	39	40	41	107	#
1911	9341	33	34	35	36	37	38	39	40	41	42	107	#
1912	9341	34	35	36	37	38	39	40	41	42	43	107	#
1913	9341	35	36	37	38	39	40	41	42	43	44	107	#
1914	9341	36	37	38	39	40	41	42	43	44	45	107	#
1915	9341	37	38	39	40	41	42	43	44	45	46	107	#
1916	9341	38	39	40	41	42	43	44	45	46	47	107	#
1917	9341	39	40	41	42	43	44	45	46	47	48	107	#
1918	9341	40	41	42	43	44	45	46	47	48	49	107	#
1919	9341	41	42	43	44	45	46	47	48	49	50	107	#
1920	9341	42	43	44	45	46	47	48	49	50	51	107	#
1921	9341	43	44	45	46	47	48	49	50	51	52	107	#
1922	9341	44	45	46	47	48	49	50	51	52	53	107	#
1923	9341	45	46	47	48	49	50	51	52	53	54	107	#
1924	9341	46	47	48	49	50	51	52	53	54	55	107	#
1925	9341	47	48	49	50	51	52	53	54	55	56	107	#
1926	7926	48	49	50	51	52	53	54	55	56	57	107	#
1927	7926	49	50	51	52	53	54	55	56	57	58	107	#
1928	7926	50	51	52	53	54	55	56	57	58	59	107	#
1929	7926	51	52	53	54	55	56	57	58	59	60	107	#
1930	7926	52	53	54	55	56	57	58	59	60	61	107	#
1931	7926	53	54	55	56	57	58	59	60	61	62	107	#
1932	7926	54	55	56	57	58	59	60	61	62	63	107	#
1933	7926	55	56	57	58	59	60	61	62	63	64	107	#
1934	7926	56	57	58	59	60	61	62	63	64	65	107	#
1935	7926	57	58	59	60	61	62	63	64	65	66	107	#
1936	2432	0	1	108	#
1937	2432	1	2	108	#
1938	2432	2	3	108	#
1939	2432	3	4	108	#
1940	2432	4	5	108	#
1941	2432	5	6	108	#
1942	2432	6	7	108	#
1943	2432	7	8	108	#
1944	2432	8	9	108	#
1945	755	9	10	108	#
1946	755	10	11	108	#
1947	755	11	12	108	#
1948	755	12	13	108	#
1949	755	13	14	108	#
1950	755	14	15	108	#
1951	755	15	16	108	#
1952	755	16	17	108	#
1953	755	17	18	108	#
1954	755	18	19	108	#
1955	755	19	20	108	#
1956	755	20	21	108	#
1957	755	21	22	108	#
1958	755	22	23	108	#
1959	755	23	24	108	#
1960	755	24	25	108	#
1961	755	25	26	108	#
1962	755	26	27	108	#
1963	755	27	28	108	#
1964	755	28	29	108	#
1965	456	29	30	108	#
1966	456	30	31	108	#
1967	456	31	32	108	#
1968	456	32	33	108	#
1969	456	33	34	108	#
1970	456	34	35	108	#
1971	456	35	36	108	#
1972	456	36	37	108	#
1973	456	37	38	108	#
1974	456	38	39	108	#
1975	456	39	40	108	#
1976	456	40	41	108	#
1977	456	41	42	108	#
1978	456	42	43	108	#
1979	456	43	44	108	#
1980	456	44	45	108	#
1981	456	45	46	108	#
1982	456	46	47	108	#
1983	456	47	48	108	#
1984	384	48	49	108	#
1985	384	49	50	108	#
1986	384	50	51	108	#
1987	384	51	52	108	#
1988	384	52	53	108	#
1989	384	53	54	108	#
1990	384	54	55	108	#
1991	384	55	56	108	#
1992	384	56	57	108	#
1993	342	57	58	108	#
1994	342	58	59	108	#
1995	342	59	60	108	#
1996	342	60	61	108	#
1997	342	61	62	108	#
1998	342	62	63	108	#
1999	342	63	64	108	#
2000	317	64	65	108	#
2001	317	65	66	108	#
2002	317	66	67	108	#
2003	317	67	68	108	#
2004	317	68	69	108	#
2005	17918	0	1	2	3	4	5	6	7	8	109	#
2006	17918	1	2	3	4	5	6	7	8	9	109	#
2007	17918	2	3	4	5	6	7	8	9	10	109	#
2008	3089	3	4	5	6	7	8	9	10	11	109	#
2009	3089	4	5	6	7	8	9	10	11	12	109	#
2010	3089	5	6	7	8	9	10	11	12	13	109	#
2011	3089	6	7	8	9	10	11	12	13	14	109	#
2012	3089	7	8	9	10	11	12	13	14	15	109	#
2013	3089	8	9	10	11	12	13	14	15	16	109	#
2014	3089	9	10	11	12	13	14	15	16	17	109	#
2015	3089	10	11	12	13	14	15	16	17	18	109	#
2016	3089	11	12	13	14	15	16	17	18	19	109	#
2017	3089	12	13	14	15	16	17	18	19	20	109	#
2018	3089	13	14	15	16	17	18	19	20	21	109	#
2019	3089	14	15	16	17	18	19	20	21	22	109	#
2020	3089	15	16	17	18	19	20	21	22	23	109	#
2021	3089	16	17	18	19	20	21	22	23	24	109	#
2022	3089	17	18	19	20	21	22	23	24	25	109	#
2023	3089	18	19	20	21	22	23	24	25	26	109	#
2024	3089	19	20	21	22	23	24	25	26	27	109	#
2025	3089	20	21	22	23	24	25	26	27	28	109	#
2026	3089	21	22	23	24	25	26	27	28	29	109	#
2027	3089	22	23	24	25	26	27	28	29	30	109	#
2028	3089	23	24	25	26	27	28	29	30	31	109	#
2029	3089	24	25	26	27	28	29	30	31	32	109	#
2030	3089	25	26	27	28	29	30	31	32	33	109	#
2031	3089	26	27	28	29	30	31	32	33	34	109	#
2032	3089	27	28	29	30	31	32	33	34	35	109	#
2033	3089	28	29	30	31	32	33	34	35	36	109	#
2034	3089	29	30	31	32	33	34	35	36	37	109	#
2035	3089	30	31	32	33	34	35	36	37	38	109	#
2036	3089	31	32	33	34	35	36	37	38	39	109	#
2037	3089	32	33	34	35	36	37	38	39	40	109	#
2038	3089	33	34	35	36	37	38	39	40	41	109	#
2039	3089	34	35	36	37	38	39	40	41	42	109	#
2040	3089	35	36	37	38	39	40	41	42	43	109	#
2041	3089	36	37	38	39	40	41	42	43	44	109	#
2042	3089	37	38	39	40	41	42	43	44	45	109	#
2043	3089	38	39	40	41	42	43	44	45	46	109	#
2044	3089	39	40	41	42	43	44	45	46	47	109	#
2045	3089	40	41	42	43	44	45	46	47	48	109	#
2046	3089	41	42	43	44	45	46	47	48	49	109	#
2047	3089	42	43	44	45	46	47	48	49	50	109	#
2048	3089	43	44	45	46	47	48	49	50	51	109	#
2049	3089	44	45	46	47	48	49	50	51	52	109	#
2050	3089	45	46	47	48	49	50	51	52	53	109	#
2051	3089	46	47	48	49	50	51	52	53	54	109	#
2052	3089	47	48	49	50	51	52	53	54	55	109	#
2053	3089	48	49	50	51	52	53	54	55	56	109	#
2054	3089	49	50	51	52	53	54	55	56	57	109	#
2055	3089	50	51	52	53	54	55	56	57	58	109	#
2056	2890	51	52	53	54	55	56	57	58	59	109	#
2057	2890	52	53	54	55	56	57	58	59	60	109	#
2058	2890	53	54	55	56	57	58	59	60	61	109	#
2059	2890	54	55	56	57	58	59	60	61	62	109	#
2060	2800	55	56	57	58	59	60	61	62	63	109	#
2061	2800	56	57	58	59	60	61	62	63	64	109	#
2062	7944	0	1	2	3	4	5	6	110	#
2063	7944	1	2	3	4	5	6	7	110	#
2064	7944	2	3	4	5	6	7	8	110	#
2065	7944	3	4	5	6	7	8	9	110	#
2066	7944	4	5	6	7	8	9	10	110	#
2067	7944	5	6	7	8	9	10	11	110	#
2068	7944	6	7	8	9	10	11	12	110	#
2069	7944	7	8	9	10	11	12	13	110	#
2070	7944	8	9	10	11	12	13	14	110	#
2071	7944	9	10	11	12	13	14	15	110	#
2072	7944	10	11	12	13	14	15	16	110	#
2073	7944	11	12	13	14	15	16	17	110	#
2074	7944	12	13	14	15	16	17	18	110	#
2075	7944	13	14	15	16	17	18	19	110	#
2076	7944	14	15	16	17	18	19	20	110	#
2077	7944	15	16	17	18	19	20	21	110	#
2078	7944	16	17	18	19	20	21	22	110	#
2079	7944	17	18	19	20	21	22	23	110	#
2080	7944	18	19	20	21	22	23	24	110	#
2081	7944	19	20	21	22	23	24	25	110	#
2082	7944	20	21	22	23	24	25	26	110	#
2083	7944	21	22	23	24	25	26	27	110	#
2084	7944	22	23	24	25	26	27	28	110	#
2085	7944	23	24	25	26	27	28	29	110	#
2086	7944	24	25	26	27	28	29	30	110	#
2087	7944	25	26	27	28	29	30	31	110	#
2088	7944	26	27	28	29	30	31	32	110	#
2089	1905	0	1	111	#
2090	1905	1	2	111	#
2091	1905	2	3	111	#
2092	1905	3	4	111	#
2093	1905	4	5	111	#
2094	1905	5	6	111	#
2095	1905	6	7	111	#
2096	1905	7	8	111	#
2097	1905	8	9	111	#
2098	1905	9	10	111	#
2099	1905	10	11	111	#
2100	1905	11	12	111	#
2101	1905	12	13	111	#
2102	1905	13	14	111	#
2103	1905	14	15	111	#
2104	1905	15	16	111	#
2105	1905	16	17	111	#
2106	1905	17	18	111	#
2107	1905	18	19	111	#
2108	1905	19	20	111	#
2109	1905	20	21	111	#
2110	1905	21	22	111	#
2111	1905	22	23	111	#
2112	644	23	24	111	#
2113	644	24	25	111	#
2114	644	25	26	111	#
2115	644	26	27	111	#
2116	644	27	28	111	#
2117	644	28	29	111	#
2118	644	29	30	111	#
2119	644	30	31	111	#
2120	644	31	32	111	#
2121	644	32	33	111	#
2122	644	33	34	111	#
2123	644	34	35	111	#
2124	644	35	36	111	#
2125	644	36	37	111	#
2126	644	37	38	111	#
2127	644	38	39	111	#
2128	644	39	40	111	#
2129	644	40	41	111	#
2130	644	41	42	111	#
2131	644	42	43	111	#
2132	644	43	44	111	#
2133	644	44	45	111	#
2134	644	45	46	111	#
2135	644	46	47	111	#
2136	644	47	48	111	#
2137	644	48	49	111	#
2138	644	49	50	111	#
2139	644	50	51	111	#
2140	644	51	52	111	#
2141	644	52	53	111	#
2142	644	53	54	111	#
2143	644	54	55	111	#
2144	644	55	56	111	#
2145	644	56	57	111	#
2146	644	57	58	111	#
2147	644	58	59	111	#
2148	644	59	60	111	#
2149	644	60	61	111	#
2150	644	61	62	111	#
2151	644	62	63	111	#
2152	644	63	64	111	#
2153	644	64	65	111	#
2154	644	65	66	111	#
2155	644	66	67	111	#
2156	644	67	68	111	#
2157	1982	0	1	112	#
2158	1982	1	2	112	#
2159	1982	2	3	112	#
2160	1982	3	4	112	#
2161	1982	4	5	112	#
2162	1982	5	6	112	#
2163	1982	6	7	112	#
2164	1982	7	8	112	#
2165	1982	8	9	112	#
2166	1982	9	10	112	#
2167	1982	10	11	112	#
2168	1982	11	12	112	#
2169	1982	12	13	112	#
2170	1982	13	14	112	#
2171	1982	14	15	112	#
2172	1982	15	16	112	#
2173	1982	16	17	112	#
2174	1982	17	18	112	#
2175	1982	18	19	112	#
2176	1982	19	20	112	#
2177	1982	20	21	112	#
2178	1982	21	22	112	#
2179	1982	22	23	112	#
2180	1982	23	24	112	#
2181	1982	24	25	112	#
2182	1982	25	26	112	#
2183	1982	26	27	112	#
2184	1982	27	28	112	#
2185	1982	28	29	112	#
2186	1982	29	30	112	#
2187	1982	30	31	112	#
2188	1982	31	32	112	#
2189	1982	32	33	112	#
2190	1982	33	34	112	#
2191	1982	34	35	112	#
2192	1982	35	36	112	#
2193	1982	36	37	112	#
2194	1982	37	38	112	#
2195	1982	38	39	112	#
2196	1982	39	40	112	#
2197	1982	40	41	112	#
2198	1982	41	42	112	#
2199	1982	42	43	112	#
2200	1982	43	44	112	#
2201	1982	44	45	112	#
2202	1982	45	46	112	#
2203	1982	46	47	112	#
2204	1982	47	48	112	#
2205	1982	48	49	112	#
2206	1982	49	50	112	#
2207	1982	50	51	112	#
2208	1982	51	52	112	#
2209	1982	52	53	112	#
2210	1982	53	54	112	#
2211	1982	54	55	112	#
2212	1603	55	56	112	#
2213	1603	56	57	112	#
2214	1603	57	58	112	#
2215	1603	58	59	112	#
2216	1603	59	60	112	#
2217	1603	60	61	112	#
2218	1603	61	62	112	#
2219	1603	62	63	112	#
2220	1603	63	64	112	#
2221	1603	64	65	112	#
2222	1603	65	66	112	#
2223	1603	66	67	112	#
2224	1603	67	68	112	#
2225	1580	68	69	112	#
2226	959	0	113	#
2227	959	1	113	#
2228	959	2	113	#
2229	959	3	113	#
2230	959	4	113	#
2231	959	5	113	#
2232	959	6	113	#
2233	959	7	113	#
2234	959	8	113	#
2235	959	9	113	#
2236	959	10	113	#
2237	959	11	113	#
2238	959	12	113	#
2239	959	13	113	#
2240	959	14	113	#
2241	959	15	113	#
2242	959	16	113	#
2243	959	17	113	#
2244	959	18	113	#
2245	959	19	113	#
2246	959	20	113	#
2247	959	21	113	#
2248	959	22	113	#
2249	959	23	113	#
2250	959	24	113	#
2251	959	25	113	#
2252	959	26	113	#
2253	959	27	113	#
2254	959	28	113	#
2255	959	29	113	#
2256	959	30	113	#
2257	959	31	113	#
2258	959	32	113	#
2259	959	33	113	#
2260	959	34	113	#
2261	959	35	113	#
2262	959	36	113	#
2263	959	37	113	#
2264	959	38	113	#
2265	959	39	113	#
2266	959	40	113	#
2267	959	41	113	#
2268	959	42	113	#
2269	959	43	113	#
2270	959	44	113	#
2271	959	45	113	#
2272	959	46	113	#
2273	959	47	113	#
2274	959	48	113	#
2275	959	49	113	#
2276	959	50	113	#
2277	959	51	113	#
2278	959	52	113	#
2279	959	53	113	#
2280	959	54	113	#
2281	959	55	113	#
2282	959	56	113	#
2283	959	57	113	#
2284	959	58	113	#
2285	959	59	113	#
2286	959	60	113	#
2287	959	61	113	#
2288	959	62	113	#
2289	959	63	113	#
2290	959	64	113	#
2291	959	65	113	#
2292	959	66	113	#
2293	959	67	113	#
2294	945	68	113	#
2295	931	69	113	#
2296	4691	0	1	2	114	#
2297	4691	1	2	3	114	#
2298	4691	2	3	4	114	#
2299	4691	3	4	5	114	#
2300	4691	4	5	6	114	#
2301	4691	5	6	7	114	#
2302	4691	6	7	8	114	#
2303	4691	7	8	9	114	#
2304	4691	8	9	10	114	#
2305	4691	9	10	11	114	#
2306	4691	10	11	12	114	#
2307	4691	11	12	13	114	#
2308	4691	12	13	14	114	#
2309	4691	13	14	15	114	#
2310	4691	14	15	16	114	#
2311	4691	15	16	17	114	#
2312	4691	16	17	18	114	#
2313	4691	17	18	19	114	#
2314	4691	18	19	20	114	#
2315	4691	19	20	21	114	#
2316	4691	20	21	22	114	#
2317	4691	21	22	23	114	#
2318	4691	22	23	24	114	#
2319	4691	23	24	25	114	#
2320	4691	24	25	26	114	#
2321	4691	25	26	27	114	#
2322	4691	26	27	28	114	#
2323	4691	27	28	29	114	#
2324	4691	28	29	30	114	#
2325	4691	29	30	31	114	#
2326	4691	30	31	32	114	#
2327	4691	31	32	33	114	#
2328	4691	32	33	34	114	#
2329	4691	33	34	35	114	#
2330	4691	34	35	36	114	#
2331	4691	35	36	37	114	#
2332	4691	36	37	38	114	#
2333	4691	37	38	39	114	#
2334	4691	38	39	40	114	#
2335	4691	39	40	41	114	#
2336	4691	40	41	42	114	#
2337	4691	41	42	43	114	#
2338	4691	42	43	44	114	#
2339	4691	43	44	45	114	#
2340	4691	44	45	46	114	#
2341	4691	45	46	47	114	#
2342	4691	46	47	48	114	#
2343	4691	47	48	49	114	#
2344	4691	48	49	50	114	#
2345	4691	49	50	51	114	#
2346	4691	50	51	52	114	#
2347	4691	51	52	53	114	#
2348	4691	52	53	54	114	#
2349	4691	53	54	55	114	#
2350	4691	54	55	56	114	#
2351	4691	55	56	57	114	#
2352	4691	56	57	58	114	#
2353	4691	57	58	59	114	#
2354	4691	58	59	60	114	#
2355	4691	59	60	61	114	#
2356	4691	60	61	62	114	#
2357	4691	61	62	63	114	#
2358	4691	62	63	64	114	#
2359	4691	63	64	65	114	#
2360	4691	64	65	66	114	#
2361	4487	65	66	67	114	#
2362	4487	66	67	68	114	#
2363	4487	67	68	69	114	#
2364	4241	0	1	2	115	#
2365	4241	1	2	3	115	#
2366	4241	2	3	4	115	#
2367	4241	3	4	5	115	#
2368	4241	4	5	6	115	#
2369	4241	5	6	7	115	#
2370	4241	6	7	8	115	#
2371	4241	7	8	9	115	#
2372	4241	8	9	10	115	#
2373	4241	9	10	11	115	#
2374	4241	10	11	12	115	#
2375	4241	11	12	13	115	#
2376	4241	12	13	14	115	#
2377	4241	13	14	15	115	#
2378	4241	14	15	16	115	#
2379	4241	15	16	17	115	#
2380	4241	16	17	18	115	#
2381	4241	17	18	19	115	#
2382	4241	18	19	20	115	#
2383	4241	19	20	21	115	#
2384	4241	20	21	22	115	#
2385	4241	21	22	23	115	#
2386	4241	22	23	24	115	#
2387	4241	23	24	25	115	#
2388	4241	24	25	26	115	#
2389	4241	25	26	27	115	#
2390	4241	26	27	28	115	#
2391	4241	27	28	29	115	#
2392	4241	28	29	30	115	#
2393	4241	29	30	31	115	#
2394	4241	30	31	32	115	#
2395	4241	31	32	33	115	#
2396	4241	32	33	34	115	#
2397	4241	33	34	35	115	#
2398	4241	34	35	36	115	#
2399	4241	35	36	37	115	#
2400	4241	36	37	38	115	#
2401	4241	37	38	39	115	#
2402	4241	38	39	40	115	#
2403	4241	39	40	41	115	#
2404	4241	40	41	42	115	#
2405	4241	41	42	43	115	#
2406	4241	42	43	44	115	#
2407	4241	43	44	45	115	#
2408	4241	44	45	46	115	#
2409	4241	45	46	47	115	#
2410	4241	46	47	48	115	#
2411	4241	47	48	49	115	#
2412	4241	48	49	50	115	#
2413	4241	49	50	51	115	#
2414	4241	50	51	52	115	#
2415	3676	51	52	53	115	#
2416	3676	52	53	54	115	#
2417	3676	53	54	55	115	#
2418	3676	54	55	56	115	#
2419	3676	55	56	57	115	#
2420	3676	56	57	58	115	#
2421	3676	57	58	59	115	#
2422	3676	58	59	60	115	#
2423	3557	59	60	61	115	#
2424	3557	60	61	62	115	#
2425	3342	61	62	63	115	#
2426	3342	62	63	64	115	#
2427	3342	63	64	65	115	#
2428	3342	64	65	66	115	#
2429	3243	65	66	67	115	#
2430	3243	66	67	68	115	#
2431	3196	67	68	69	115	#
2432	10074	0	1	2	3	4	5	6	116	#
2433	10074	1	2	3	4	5	6	7	116	#
2434	10074	2	3	4	5	6	7	8	116	#
2435	10074	3	4	5	6	7	8	9	116	#
2436	10074	4	5	6	7	8	9	10	116	#
2437	10074	5	6	7	8	9	10	11	116	#
2438	10074	6	7	8	9	10	11	12	116	#
2439	10074	7	8	9	10	11	12	13	116	#
2440	10074	8	9	10	11	12	13	14	116	#
2441	10074	9	10	11	12	13	14	15	116	#
2442	10074	10	11	12	13	14	15	16	116	#
2443	10074	11	12	13	14	15	16	17	116	#
2444	10074	12	13	14	15	16	17	18	116	#
2445	10074	13	14	15	16	17	18	19	116	#
2446	10074	14	15	16	17	18	19	20	116	#
2447	10074	15	16	17	18	19	20	21	116	#
2448	10074	16	17	18	19	20	21	22	116	#
2449	10074	17	18	19	20	21	22	23	116	#
2450	10074	18	19	20	21	22	23	24	116	#
2451	10074	19	20	21	22	23	24	25	116	#
2452	10074	20	21	22	23	24	25	26	116	#
2453	10074	21	22	23	24	25	26	27	116	#
2454	10074	22	23	24	25	26	27	28	116	#
2455	10074	23	24	25	26	27	28	29	116	#
2456	10074	24	25	26	27	28	29	30	116	#
2457	10074	25	26	27	28	29	30	31	116	#
2458	10074	26	27	28	29	30	31	32	116	#
2459	10074	27	28	29	30	31	32	33	116	#
2460	10074	28	29	30	31	32	33	34	116	#
2461	10074	29	30	31	32	33	34	35	116	#
2462	10074	30	31	32	33	34	35	36	116	#
2463	10074	31	32	33	34	35	36	37	116	#
2464	10074	32	33	34	35	36	37	38	116	#
2465	10074	33	34	35	36	37	38	39	116	#
2466	10074	34	35	36	37	38	39	40	116	#
2467	10074	35	36	37	38	39	40	41	116	#
2468	10074	36	37	38	39	40	41	42	116	#
2469	10074	37	38	39	40	41	42	43	116	#
2470	10074	38	39	40	41	42	43	44	116	#
2471	10074	39	40	41	42	43	44	45	116	#
2472	10074	40	41	42	43	44	45	46	116	#
2473	10074	41	42	43	44	45	46	47	116	#
2474	10074	42	43	44	45	46	47	48	116	#
2475	10074	43	44	45	46	47	48	49	116	#
2476	10074	44	45	46	47	48	49	50	116	#
2477	10074	45	46	47	48	49	50	51	116	#
2478	10074	46	47	48	49	50	51	52	116	#
2479	10074	47	48	49	50	51	52	53	116	#
2480	10074	48	49	50	51	52	53	54	116	#
2481	10074	49	50	51	52	53	54	55	116	#
2482	10074	50	51	52	53	54	55	56	116	#
2483	10074	51	52	53	54	55	56	57	116	#
2484	10074	52	53	54	55	56	57	58	116	#
2485	10074	53	54	55	56	57	58	59	116	#
2486	10074	54	55	56	57	58	59	60	116	#
2487	10074	55	56	57	58	59	60	61	116	#
2488	10074	56	57	58	59	60	61	62	116	#
2489	10074	57	58	59	60	61	62	63	116	#
2490	10074	58	59	60	61	62	63	64	116	#
2491	9769	59	60	61	62	63	64	65	116	#
2492	9769	60	61	62	63	64	65	66	116	#
2493	9623	61	62	63	64	65	66	67	116	#
2494	9482	62	63	64	65	66	67	68	116	#
2495	1745	0	1	117	#
2496	1745	1	2	117	#
2497	1745	2	3	117	#
2498	1745	3	4	117	#
2499	1745	4	5	117	#
2500	1745	5	6	117	#
2501	1745	6	7	117	#
2502	1745	7	8	117	#
2503	1745	8	9	117	#
2504	1745	9	10	117	#
2505	1745	10	11	117	#
2506	1745	11	12	117	#
2507	1745	12	13	117	#
2508	1745	13	14	117	#
2509	1745	14	15	117	#
2510	1745	15	16	117	#
2511	1745	16	17	117	#
2512	1745	17	18	117	#
2513	1745	18	19	117	#
2514	1745	19	20	117	#
2515	1745	20	21	117	#
2516	1745	21	22	117	#
2517	1745	22	23	117	#
2518	1745	23	24	117	#
2519	1745	24	25	117	#
2520	1745	25	26	117	#
2521	1745	26	27	117	#
2522	1745	27	28	117	#
2523	1745	28	29	117	#
2524	1745	29	30	117	#
2525	1745	30	31	117	#
2526	1745	31	32	117	#
2527	1745	32	33	117	#
2528	1745	33	34	117	#
2529	1745	34	35	117	#
2530	1745	35	36	117	#
2531	1745	36	37	117	#
2532	1745	37	38	117	#
2533	1745	38	39	117	#
2534	1745	39	40	117	#
2535	1745	40	41	117	#
2536	1745	41	42	117	#
2537	1745	42	43	117	#
2538	1745	43	44	117	#
2539	1745	44	45	117	#
2540	1745	45	46	117	#
2541	1745	46	47	117	#
2542	1745	47	48	117	#
2543	1745	48	49	117	#
2544	8403	0	1	2	3	4	118	#
2545	8403	1	2	3	4	5	118	#
2546	12159	0	1	2	3	4	5	6	7	8	119	#
2547	12159	1	2	3	4	5	6	7	8	9	119	#
2548	12159	2	3	4	5	6	7	8	9	10	119	#
2549	12159	3	4	5	6	7	8	9	10	11	119	#
2550	12159	4	5	6	7	8	9	10	11	12	119	#
2551	12159	5	6	7	8	9	10	11	12	13	119	#
2552	12159	6	7	8	9	10	11	12	13	14	119	#
2553	6261	0	1	2	3	4	120	#
2554	6261	1	2	3	4	5	120	#
2555	6261	2	3	4	5	6	120	#
2556	6261	3	4	5	6	7	120	#
2557	6261	4	5	6	7	8	120	#
2558	6261	5	6	7	8	9	120	#
2559	6261	6	7	8	9	10	120	#
2560	6261	7	8	9	10	11	120	#
2561	6261	8	9	10	11	12	120	#
2562	6261	9	10	11	12	13	120	#
2563	6261	10	11	12	13	14	120	#
2564	6261	11	12	13	14	15	120	#
2565	6261	12	13	14	15	16	120	#
2566	6261	13	14	15	16	17	120	#
2567	6261	14	15	16	17	18	120	#
2568	6261	15	16	17	18	19	120	#
2569	6261	16	17	18	19	20	120	#
2570	6261	17	18	19	20	21	120	#
2571	6261	18	19	20	21	22	120	#
2572	6261	19	20	21	22	23	120	#
2573	6261	20	21	22	23	24	120	#
2574	6261	21	22	23	24	25	120	#
2575	6261	22	23	24	25	26	120	#
2576	6261	23	24	25	26	27	120	#
2577	6261	24	25	26	27	28	120	#
2578	6261	25	26	27	28	29	120	#
2579	6261	26	27	28	29	30	120	#
2580	6261	27	28	29	30	31	120	#
2581	6261	28	29	30	31	32	120	#
2582	6261	29	30	31	32	33	120	#
2583	6261	30	31	32	33	34	120	#
2584	6261	31	32	33	34	35	120	#
2585	6261	32	33	34	35	36	120	#
2586	6261	33	34	35	36	37	120	#
2587	6261	34	35	36	37	38	120	#
2588	6261	35	36	37	38	39	120	#
2589	6261	36	37	38	39	40	120	#
2590	6261	37	38	39	40	41	120	#
2591	6261	38	39	40	41	42	120	#
2592	6261	39	40	41	42	43	120	#
2593	6261	40	41	42	43	44	120	#
2594	6261	41	42	43	44	45	120	#
2595	6261	42	43	44	45	46	120	#
2596	6261	43	44	45	46	47	120	#
2597	6261	44	45	46	47	48	120	#
2598	6261	45	46	47	48	49	120	#
2599	6261	46	47	48	49	50	120	#
2600	6261	47	48	49	50	51	120	#
2601	6261	48	49	50	51	52	120	#
2602	6261	49	50	51	52	53	120	#
2603	6261	50	51	52	53	54	120	#
2604	6261	51	52	53	54	55	120	#
2605	7348	0	1	2	3	121	#
2606	7348	1	2	3	4	121	#
2607	7348	2	3	4	5	121	#
2608	7348	3	4	5	6	121	#
2609	7348	4	5	6	7	121	#
2610	7348	5	6	7	8	121	#
2611	7348	6	7	8	9	121	#
2612	7348	7	8	9	10	121	#
2613	7348	8	9	10	11	121	#
2614	7348	9	10	11	12	121	#
2615	7348	10	11	12	13	121	#
2616	7348	11	12	13	14	121	#
2617	7348	12	13	14	15	121	#
2618	7348	13	14	15	16	121	#
2619	7348	14	15	16	17	121	#
2620	7348	15	16	17	18	121	#
2621	7348	16	17	18	19	121	#
2622	7348	17	18	19	20	121	#
2623	7348	18	19	20	21	121	#
2624	7348	19	20	21	22	121	#
2625	7348	20	21	22	23	121	#
2626	7348	21	22	23	24	121	#
2627	7348	22	23	24	25	121	#
2628	7348	23	24	25	26	121	#
2629	7348	24	25	26	27	121	#
2630	7348	25	26	27	28	121	#
2631	3547	26	27	28	29	121	#
2632	3547	27	28	29	30	121	#
2633	3547	28	29	30	31	121	#
2634	3547	29	30	31	32	121	#
2635	3547	30	31	32	33	121	#
2636	3547	31	32	33	34	121	#
2637	3547	32	33	34	35	121	#
2638	3547	33	34	35	36	121	#
2639	3547	34	35	36	37	121	#
2640	3547	35	36	37	38	121	#
2641	3547	36	37	38	39	121	#
2642	3547	37	38	39	40	121	#
2643	3547	38	39	40	41	121	#
2644	3547	39	40	41	42	121	#
2645	3547	40	41	42	43	121	#
2646	3547	41	42	43	44	121	#
2647	3547	42	43	44	45	121	#
2648	3547	43	44	45	46	121	#
2649	3547	44	45	46	47	121	#
2650	3547	45	46	47	48	121	#
2651	3547	46	47	48	49	121	#
2652	3547	47	48	49	50	121	#
2653	3547	48	49	50	51	121	#
2654	3547	49	50	51	52	121	#
2655	3547	50	51	52	53	121	#
2656	3547	51	52	53	54	121	#
2657	3547	52	53	54	55	121	#
2658	3547	53	54	55	56	121	#
2659	3547	54	55	56	57	121	#
2660	3547	55	56	57	58	121	#
2661	3165	56	57	58	59	121	#
2662	3165	57	58	59	60	121	#
2663	3165	58	59	60	61	121	#
2664	3165	59	60	61	62	121	#
2665	3165	60	61	62	63	121	#
2666	3165	61	62	63	64	121	#
2667	3165	62	63	64	65	121	#
2668	2982	63	64	65	66	121	#
2669	2982	64	65	66	67	121	#
2670	2982	65	66	67	68	121	#
2671	2982	66	67	68	69	121	#
2672	13300	0	1	2	3	4	5	6	7	122	#
2673	13300	1	2	3	4	5	6	7	8	122	#
2674	13300	2	3	4	5	6	7	8	9	122	#
2675	13300	3	4	5	6	7	8	9	10	122	#
2676	13300	4	5	6	7	8	9	10	11	122	#
2677	13300	5	6	7	8	9	10	11	12	122	#
2678	13300	6	7	8	9	10	11	12	13	122	#
2679	13300	7	8	9	10	11	12	13	14	122	#
2680	13300	8	9	10	11	12	13	14	15	122	#
2681	13300	9	10	11	12	13	14	15	16	122	#
2682	13300	10	11	12	13	14	15	16	17	122	#
2683	13300	11	12	13	14	15	16	17	18	122	#
2684	13300	12	13	14	15	16	17	18	19	122	#
2685	13300	13	14	15	16	17	18	19	20	122	#
2686	13300	14	15	16	17	18	19	20	21	122	#
2687	13300	15	16	17	18	19	20	21	22	122	#
2688	13300	16	17	18	19	20	21	22	23	122	#
2689	13300	17	18	19	20	21	22	23	24	122	#
2690	13300	18	19	20	21	22	23	24	25	122	#
2691	13300	19	20	21	22	23	24	25	26	122	#
2692	13300	20	21	22	23	24	25	26	27	122	#
2693	13300	21	22	23	24	25	26	27	28	122	#
2694	13300	22	23	24	25	26	27	28	29	122	#
2695	13300	23	24	25	26	27	28	29	30	122	#
2696	13300	24	25	26	27	28	29	30	31	122	#
2697	13300	25	26	27	28	29	30	31	32	122	#
2698	13300	26	27	28	29	30	31	32	33	122	#
2699	13300	27	28	29	30	31	32	33	34	122	#
2700	13300	28	29	30	31	32	33	34	35	122	#
2701	13300	29	30	31	32	33	34	35	36	122	#
2702	13300	30	31	32	33	34	35	36	37	122	#
2703	13300	31	32	33	34	35	36	37	38	122	#
2704	13300	32	33	34	35	36	37	38	39	122	#
2705	13300	33	34	35	36	37	38	39	40	122	#
2706	13300	34	35	36	37	38	39	40	41	122	#
2707	13300	35	36	37	38	39	40	41	42	122	#
2708	6348	0	1	2	3	4	5	6	123	#
2709	6348	1	2	3	4	5	6	7	123	#
2710	6348	2	3	4	5	6	7	8	123	#
2711	6348	3	4	5	6	7	8	9	123	#
2712	6348	4	5	6	7	8	9	10	123	#
2713	6348	5	6	7	8	9	10	11	123	#
2714	6348	6	7	8	9	10	11	12	123	#
2715	1249	7	8	9	10	11	12	13	123	#
2716	1249	8	9	10	11	12	13	14	123	#
2717	1249	9	10	11	12	13	14	15	123	#
2718	1249	10	11	12	13	14	15	16	123	#
2719	1249	11	12	13	14	15	16	17	123	#
2720	1249	12	13	14	15	16	17	18	123	#
2721	1249	13	14	15	16	17	18	19	123	#
2722	1249	14	15	16	17	18	19	20	123	#
2723	1249	15	16	17	18	19	20	21	123	#
2724	1249	16	17	18	19	20	21	22	123	#
2725	1249	17	18	19	20	21	22	23	123	#
2726	1249	18	19	20	21	22	23	24	123	#
2727	1249	19	20	21	22	23	24	25	123	#
2728	1249	20	21	22	23	24	25	26	123	#
2729	1249	21	22	23	24	25	26	27	123	#
2730	1249	22	23	24	25	26	27	28	123	#
2731	1249	23	24	25	26	27	28	29	123	#
2732	1249	24	25	26	27	28	29	30	123	#
2733	1249	25	26	27	28	29	30	31	123	#
2734	1249	26	27	28	29	30	31	32	123	#
2735	1249	27	28	29	30	31	32	33	123	#
2736	1249	28	29	30	31	32	33	34	123	#
2737	1249	29	30	31	32	33	34	35	123	#
2738	1249	30	31	32	33	34	35	36	123	#
2739	1249	31	32	33	34	35	36	37	123	#
2740	1249	32	33	34	35	36	37	38	123	#
2741	1249	33	34	35	36	37	38	39	123	#
2742	1249	34	35	36	37	38	39	40	123	#
2743	1249	35	36	37	38	39	40	41	123	#
2744	1249	36	37	38	39	40	41	42	123	#
2745	1249	37	38	39	40	41	42	43	123	#
2746	1249	38	39	40	41	42	43	44	123	#
2747	1249	39	40	41	42	43	44	45	123	#
2748	1249	40	41	42	43	44	45	46	123	#
2749	1249	41	42	43	44	45	46	47	123	#
2750	1249	42	43	44	45	46	47	48	123	#
2751	1249	43	44	45	46	47	48	49	123	#
2752	1249	44	45	46	47	48	49	50	123	#
2753	1249	45	46	47	48	49	50	51	123	#
2754	1249	46	47	48	49	50	51	52	123	#
2755	1249	47	48	49	50	51	52	53	123	#
2756	1249	48	49	50	51	52	53	54	123	#
2757	1249	49	50	51	52	53	54	55	123	#
2758	1249	50	51	52	53	54	55	56	123	#
2759	1249	51	52	53	54	55	56	57	123	#
2760	1249	52	53	54	55	56	57	58	123	#
2761	1249	53	54	55	56	57	58	59	123	#
2762	1249	54	55	56	57	58	59	60	123	#
2763	1249	55	56	57	58	59	60	61	123	#
2764	1190	56	57	58	59	60	61	62	123	#
2765	1190	57	58	59	60	61	62	63	123	#
2766	1190	58	59	60	61	62	63	64	123	#
2767	1154	59	60	61	62	63	64	65	123	#
2768	1154	60	61	62	63	64	65	66	123	#
2769	530	0	124	#
2770	530	1	124	#
2771	530	2	124	#
2772	530	3	124	#
2773	530	4	124	#
2774	530	5	124	#
2775	530	6	124	#
2776	530	7	124	#
2777	530	8	124	#
2778	530	9	124	#
2779	530	10	124	#
2780	530	11	124	#
2781	530	12	124	#
2782	530	13	124	#
2783	530	14	124	#
2784	530	15	124	#
2785	530	16	124	#
2786	530	17	124	#
2787	530	18	124	#
2788	530	19	124	#
2789	530	20	124	#
2790	530	21	124	#
2791	530	22	124	#
2792	530	23	124	#
2793	530	24	124	#
2794	530	25	124	#
2795	530	26	124	#
2796	530	27	124	#
2797	530	28	124	#
2798	530	29	124	#
2799	530	30	124	#
2800	530	31	124	#
2801	530	32	124	#
2802	530	33	124	#
2803	530	34	124	#
2804	530	35	124	#
2805	530	36	124	#
2806	530	37	124	#
2807	530	38	124	#
2808	530	39	124	#
2809	530	40	124	#
2810	530	41	124	#
2811	530	42	124	#
2812	530	43	124	#
2813	530	44	124	#
2814	530	45	124	#
2815	530	46	124	#
2816	530	47	124	#
2817	530	48	124	#
2818	530	49	124	#
2819	530	50	124	#
2820	530	51	124	#
2821	530	52	124	#
2822	530	53	124	#
2823	530	54	124	#
2824	530	55	124	#
2825	530	56	124	#
2826	530	57	124	#
2827	530	58	124	#
2828	530	59	124	#
2829	530	60	124	#
2830	530	61	124	#
2831	530	62	124	#
2832	530	63	124	#
2833	530	64	124	#
2834	530	65	124	#
2835	530	66	124	#
2836	530	67	124	#
2837	530	68	124	#
2838	530	69	124	#
