%% File generated by CATS v.2.1Tue Aug 20 18:55:55 2019

%% The CATS webpage is http://robotics.stanford.edu/CATS

%% PARAMETER SETTINGS:
% Goods: 35; Bids: 700; Distribution: regions-upv; Runs: 10; Seed: 1566344964
% Regions Distribution Parameters:
% Max Substitutable Bids = 5
% Removing HV Neighbor   = 0.1
% Adding DIAG Neighbor   = 0.2
% Additional Location    = 0.9
% Jump Probability       = 0.05
% Additivity             = 0.2
% Budget Factor          = 1.5
% Resale Factor          = 0.5
% Uniform Private Value:
%   Deviation            = 0.5
%   Max Good Value       = 100



goods 35
bids 700
dummy 130

0	564820	0	5	1	6	7	2	3	4	9	26	8	13	18	19	24	35	#
1	671146	9	4	3	2	1	6	0	5	7	10	11	15	16	21	20	35	#
2	645046	8	13	14	12	9	3	4	25	18	17	19	16	21	15	20	35	#
3	631879	1	0	6	5	2	3	4	24	12	13	18	14	7	9	19	35	#
4	628920	18	14	23	24	19	22	13	21	12	11	20	17	16	15	10	35	#
5	628276	13	14	18	12	11	19	4	9	10	17	3	23	16	5	21	35	#
6	718240	1	6	7	2	8	9	0	13	4	3	18	14	17	19	5	10	16	36	#
7	1013300	5	10	11	0	6	7	1	8	2	9	15	20	21	13	16	22	14	36	#
8	887071	7	6	2	3	1	4	8	0	9	5	10	34	11	13	15	21	16	36	#
9	875529	1	2	3	8	13	9	7	6	0	14	4	12	17	22	11	21	10	36	#
10	853156	18	13	17	8	19	7	24	6	22	33	1	14	21	3	9	0	15	36	#
11	844793	0	1	6	2	7	8	9	3	13	4	14	5	10	15	21	11	16	36	#
12	68980	8	#
13	586494	24	19	23	18	13	8	9	14	4	3	22	12	21	11	10	15	7	37	#
14	763164	23	22	21	16	18	20	15	19	10	14	24	6	11	12	0	1	3	37	#
15	760979	24	9	23	22	21	15	4	3	10	2	14	19	1	29	6	7	8	37	#
16	756987	4	3	2	8	7	6	1	0	5	9	10	15	21	20	27	16	11	37	#
17	715350	15	21	22	2	33	23	24	20	3	19	18	8	4	10	5	7	14	37	#
18	697747	11	10	12	18	23	22	5	14	21	19	24	16	26	13	15	20	0	37	#
19	105483	8	7	38	#
20	103595	7	2	38	#
21	480718	9	8	13	18	14	19	7	2	3	4	6	1	39	#
22	597861	19	18	14	13	8	17	9	7	22	2	21	16	39	#
23	586890	8	3	9	4	2	7	1	0	13	6	14	18	39	#
24	584636	6	0	1	2	3	8	9	7	5	13	14	18	39	#
25	579544	3	2	7	6	1	0	5	29	4	9	10	15	39	#
26	545562	18	6	14	1	11	2	13	10	7	16	12	15	39	#
27	123790	4	8	3	13	14	18	23	19	12	40	#
28	180169	4	8	13	3	14	9	18	23	12	40	#
29	76798	8	9	4	3	13	12	17	2	18	40	#
30	65225	3	8	7	4	13	18	9	12	21	40	#
31	53654	29	#
32	104790	18	14	19	41	#
33	132382	14	13	12	41	#
34	78136	19	24	17	41	#
35	800841	13	8	7	14	4	3	18	12	2	23	22	21	20	11	24	19	16	15	6	1	27	0	42	#
36	857065	27	2	1	7	3	6	0	5	10	11	15	21	4	22	16	23	20	9	17	24	8	19	42	#
37	841847	3	2	7	6	0	1	4	5	9	10	11	8	15	20	21	13	12	22	33	23	17	24	42	#
38	829578	20	15	10	21	11	22	16	23	24	19	5	0	1	2	7	13	3	12	4	14	6	17	42	#
39	811010	19	24	23	26	22	21	17	20	12	11	16	8	7	6	4	3	9	0	15	5	1	2	42	#
40	805243	13	14	12	11	10	16	21	17	15	20	5	0	1	6	2	22	3	7	8	4	23	24	42	#
41	744938	23	18	13	12	11	19	24	14	34	22	16	21	15	10	43	#
42	924367	22	21	23	24	15	10	20	16	11	5	19	18	0	14	43	#
43	851223	21	14	16	20	15	13	28	18	23	12	22	11	10	19	43	#
44	828904	16	11	21	22	15	23	10	18	13	20	14	12	5	19	43	#
45	812242	13	18	23	0	6	19	5	24	7	22	14	21	20	12	43	#
46	783336	10	5	0	26	15	16	6	7	11	21	22	8	13	9	43	#
47	623003	22	23	21	16	15	20	17	18	14	12	13	8	3	2	4	7	11	1	44	#
48	790493	17	12	22	21	13	16	8	14	20	15	6	11	0	4	18	33	3	23	44	#
49	785990	12	13	8	3	2	7	1	14	0	6	4	17	32	5	22	16	21	15	44	#
50	764040	21	15	16	17	20	22	11	10	5	0	12	1	2	23	3	8	13	7	44	#
51	761117	18	17	16	14	13	12	22	15	21	8	3	20	4	2	1	0	6	11	44	#
52	754026	2	3	4	8	1	0	13	7	14	6	5	18	17	22	16	21	15	9	44	#
53	64584	16	21	#
54	903271	33	8	9	3	13	6	2	14	4	7	0	5	18	17	19	24	23	12	1	10	11	16	15	20	22	21	45	#
55	1022934	14	13	12	17	22	23	24	19	21	20	11	16	15	18	10	33	5	0	1	2	32	25	3	4	6	9	45	#
56	889990	5	10	15	24	20	21	16	0	11	23	1	19	32	6	22	27	17	2	3	7	18	14	13	8	9	12	45	#
57	874422	4	3	9	2	8	1	0	7	5	10	13	6	15	20	21	11	16	17	22	14	23	24	19	18	12	26	45	#
58	872904	18	17	23	24	22	19	14	16	13	21	20	11	12	8	3	2	1	15	9	10	5	4	6	7	0	25	45	#
59	861986	10	11	5	16	17	0	2	3	1	21	12	20	13	30	14	6	7	15	18	8	9	19	34	24	23	4	45	#
60	31876	34	#
61	69550	31	#
62	317614	4	3	2	1	9	46	#
63	381640	1	0	2	24	14	46	#
64	317422	4	9	3	2	7	46	#
65	271147	2	21	1	7	22	46	#
66	255970	3	2	1	0	6	46	#
67	239415	9	4	8	7	13	46	#
68	1023764	24	19	18	23	22	17	14	12	16	21	11	10	20	15	13	8	9	26	4	47	#
69	999025	18	23	19	12	13	8	11	17	24	10	14	22	33	9	16	15	4	21	20	47	#
70	987246	19	18	14	23	12	17	24	22	21	13	20	11	16	15	8	9	10	5	0	47	#
71	967835	8	9	4	13	12	11	16	6	7	14	10	0	1	21	26	2	5	15	20	47	#
72	965518	21	20	16	22	11	17	23	12	18	24	2	10	19	14	15	1	6	5	0	47	#
73	915293	24	19	23	22	17	18	21	20	25	12	14	16	11	15	13	8	9	10	3	47	#
74	75253	22	21	16	11	48	#
75	56351	21	22	17	15	48	#
76	570352	1	6	7	2	3	4	32	0	8	13	49	#
77	530868	7	2	3	1	6	0	8	4	13	18	49	#
78	527881	6	1	2	7	3	4	0	8	13	5	49	#
79	524724	1	6	0	7	5	2	10	3	26	8	49	#
80	506010	0	5	1	6	2	10	7	3	15	8	49	#
81	500027	3	2	7	4	8	1	13	6	0	12	49	#
82	1176247	24	23	22	19	17	21	15	1	20	6	7	18	0	16	10	13	12	14	8	4	3	11	9	2	5	32	31	50	#
83	1283243	14	13	12	17	22	18	21	20	23	16	11	19	24	10	8	3	4	5	0	7	1	6	15	26	2	9	27	50	#
84	1271526	12	11	16	13	17	10	21	14	18	22	5	0	1	6	7	8	4	20	2	9	3	15	19	23	24	28	26	50	#
85	1265591	31	14	13	12	11	16	22	18	17	8	10	26	4	9	23	3	24	21	19	20	0	1	6	7	32	2	15	50	#
86	1264858	3	2	7	4	1	6	8	0	13	12	18	14	23	24	11	22	21	17	9	20	16	19	10	5	15	27	34	50	#
87	1242744	22	5	23	10	11	18	12	17	13	14	0	16	1	21	20	8	4	24	3	19	6	9	2	7	15	33	27	50	#
88	128270	33	#
89	318263	10	5	11	0	12	18	13	51	#
90	399894	5	4	9	8	13	18	14	51	#
91	359194	11	16	10	17	12	13	14	51	#
92	326693	13	8	14	4	18	23	17	51	#
93	279169	18	14	19	17	12	13	22	51	#
94	273280	10	5	0	1	7	2	8	51	#
95	53819	7	#
96	190564	20	15	#
97	717294	19	18	23	22	21	24	13	20	8	15	17	10	52	#
98	836071	23	22	24	18	19	13	21	10	27	20	8	15	52	#
99	816860	10	15	21	20	5	22	0	1	11	2	23	12	52	#
100	655394	20	21	22	15	23	10	18	12	13	24	11	17	52	#
101	625029	18	12	13	23	24	11	22	16	19	21	8	10	52	#
102	621227	22	23	18	12	17	13	11	10	19	5	24	34	52	#
103	122602	26	#
104	872401	7	8	2	1	4	0	3	5	9	6	10	15	21	20	22	16	23	53	#
105	882482	16	29	15	10	20	5	11	0	1	32	2	7	6	17	12	22	18	53	#
106	881991	9	8	4	3	7	2	6	1	0	5	10	15	20	11	21	16	22	53	#
107	871173	6	0	7	5	1	2	10	8	11	16	17	18	15	19	21	12	9	53	#
108	861144	1	2	3	4	8	7	9	6	0	5	10	15	16	28	21	22	11	53	#
109	855119	22	17	16	23	18	19	11	15	10	12	21	5	24	20	0	1	14	53	#
110	81322	28	#
111	352596	33	12	18	14	19	25	54	#
112	310510	19	18	23	14	22	24	54	#
113	304416	33	20	21	22	23	15	54	#
114	222874	25	7	8	9	3	6	54	#
115	187706	12	18	17	22	21	19	54	#
116	166655	14	18	23	13	12	11	54	#
117	15118	7	8	55	#
118	19730	8	3	55	#
119	107453	33	#
120	89505	26	#
121	331331	12	17	22	21	13	20	14	15	56	#
122	380743	21	12	16	11	22	20	23	15	56	#
123	327020	17	18	12	28	23	22	16	24	56	#
124	241995	22	17	16	15	20	21	18	13	56	#
125	217443	13	18	12	17	23	22	11	10	56	#
126	217417	12	17	13	18	16	15	23	10	56	#
127	295673	13	8	9	18	3	19	57	#
128	435176	3	4	8	2	9	33	57	#
129	375086	8	9	3	4	2	1	57	#
130	296166	9	29	8	3	2	7	57	#
131	262266	18	13	19	8	14	1	57	#
132	196742	19	24	23	22	18	17	57	#
133	49904	17	18	58	#
134	74790	18	23	58	#
135	4846	17	16	58	#
136	1133651	16	19	24	17	23	11	15	10	21	33	18	20	14	13	5	22	9	8	3	31	7	0	6	2	59	#
137	1197187	8	3	24	9	19	28	18	17	2	14	1	23	0	13	4	7	16	6	21	15	11	10	5	20	59	#
138	1185745	33	20	21	16	11	2	15	1	3	6	10	8	9	0	17	18	7	4	5	23	14	13	24	19	59	#
139	1166302	16	15	11	17	10	21	22	23	5	0	24	19	30	4	6	7	18	8	14	13	20	3	32	9	59	#
140	1149668	13	16	8	17	15	21	20	18	9	7	14	19	6	0	1	2	11	4	24	22	23	3	33	10	59	#
141	1122907	15	10	21	5	11	0	16	1	20	17	18	13	14	6	23	24	8	19	7	3	4	9	2	22	59	#
142	46059	31	#
143	866095	24	23	18	12	14	22	17	19	13	21	8	7	2	5	20	4	0	1	60	#
144	917202	12	18	13	14	17	22	8	4	9	7	6	2	1	0	23	21	5	20	60	#
145	896938	1	0	6	7	2	8	4	5	10	11	13	9	14	25	12	18	17	22	60	#
146	873419	4	9	8	7	6	1	2	0	5	10	13	12	17	22	18	23	14	24	60	#
147	837912	13	14	21	12	18	17	22	8	4	24	9	19	20	15	32	10	33	7	60	#
148	832659	7	2	30	1	6	0	5	8	4	9	10	3	22	13	14	12	21	18	60	#
149	456135	24	19	18	14	13	17	16	8	3	7	12	28	61	#
150	672207	17	26	22	12	18	24	14	16	15	20	13	23	61	#
151	664084	24	23	18	19	12	22	25	14	13	8	7	9	61	#
152	606038	3	8	13	9	18	14	12	4	23	24	22	19	61	#
153	603902	16	17	18	19	14	12	23	13	22	15	24	10	61	#
154	572761	13	19	8	24	18	12	1	6	17	9	7	23	61	#
155	98710	18	12	62	#
156	88952	12	17	62	#
157	227334	3	2	4	8	7	9	63	#
158	302648	2	1	0	3	6	4	63	#
159	258619	4	9	3	8	13	14	63	#
160	253748	9	4	3	8	7	6	63	#
161	215412	8	13	3	14	4	7	63	#
162	878172	6	1	30	2	7	0	5	10	15	20	21	11	8	16	22	17	12	3	18	14	4	64	#
163	1007894	20	15	21	10	16	2	5	25	1	11	6	22	0	12	17	7	18	14	23	8	24	64	#
164	992096	1	2	0	7	5	6	8	4	10	15	20	21	16	17	22	12	18	27	11	24	23	64	#
165	987223	11	10	12	5	20	18	17	21	22	16	15	0	19	1	24	2	7	6	14	8	9	64	#
166	972689	22	21	30	15	20	23	24	17	12	18	16	11	14	10	5	0	1	19	2	9	25	64	#
167	942870	16	17	21	15	22	18	14	20	11	1	23	10	5	6	0	12	24	19	2	7	8	64	#
168	47545	21	#
169	247155	18	12	14	17	13	65	#
170	241774	18	13	14	12	8	65	#
171	234196	12	13	17	22	18	65	#
172	231196	13	18	14	8	17	65	#
173	211295	14	18	19	13	12	65	#
174	184206	17	12	18	11	13	65	#
175	243043	11	16	15	10	12	21	17	66	#
176	307722	10	5	11	12	15	17	18	66	#
177	281243	11	16	17	15	10	20	12	66	#
178	275992	16	15	11	10	5	12	17	66	#
179	266755	17	18	23	12	11	10	15	66	#
180	236946	12	17	16	11	21	18	10	66	#
181	433205	15	21	10	2	1	22	23	67	#
182	382580	22	21	23	24	15	34	17	67	#
183	319882	2	1	6	0	5	3	8	67	#
184	312316	15	21	22	16	11	12	10	67	#
185	305648	23	18	14	13	8	24	12	67	#
186	264451	1	6	2	3	8	33	7	67	#
187	73983	34	#
188	117940	14	13	8	68	#
189	149487	14	13	12	68	#
190	217674	4	3	6	9	69	#
191	243261	6	1	7	0	69	#
192	200069	9	8	4	13	69	#
193	168634	4	3	8	7	69	#
194	152105	34	27	#
195	564106	19	24	23	18	22	17	14	12	16	13	8	7	4	11	3	70	#
196	789416	13	14	18	19	12	23	24	8	4	11	22	10	15	16	20	70	#
197	751211	18	19	23	24	14	12	22	11	17	10	15	20	21	16	5	70	#
198	727448	11	10	16	15	20	17	12	22	13	21	14	23	8	24	5	70	#
199	685320	24	19	23	22	25	18	14	12	17	16	11	15	13	8	20	70	#
200	662321	16	11	17	22	12	15	18	14	10	21	19	13	8	20	23	70	#
201	262882	2	1	7	8	13	71	#
202	303892	7	2	8	13	14	71	#
203	270387	2	7	8	13	4	71	#
204	261944	8	4	7	2	1	71	#
205	234864	1	6	7	2	0	71	#
206	208209	13	14	8	12	17	71	#
207	1354526	34	27	2	7	8	3	6	4	0	1	9	13	14	12	18	11	17	16	5	10	15	21	20	22	23	24	19	72	#
208	1389568	19	18	14	23	22	12	25	11	21	10	16	17	20	15	5	0	13	8	7	4	2	9	3	24	6	32	1	72	#
209	1385888	16	15	21	20	22	10	11	5	12	0	18	17	19	14	1	6	2	8	7	3	24	13	9	23	4	34	32	72	#
210	1384116	1	0	2	7	6	3	5	10	11	15	13	14	12	18	19	8	4	28	17	16	21	20	22	23	24	9	33	72	#
211	1377490	6	7	8	3	1	2	4	0	5	13	14	12	11	28	17	22	23	18	16	15	19	10	21	32	20	9	24	72	#
212	1375149	23	24	22	21	15	16	11	6	17	19	20	18	12	7	10	2	5	0	14	13	8	3	4	1	9	32	26	72	#
213	413869	21	20	15	10	2	16	73	#
214	343776	15	20	21	16	17	18	73	#
215	304669	16	11	17	21	10	15	73	#
216	297043	20	21	8	22	4	15	73	#
217	288458	10	5	11	16	23	29	73	#
218	283933	21	22	23	17	16	24	73	#
219	490364	19	24	23	18	14	22	21	27	12	74	#
220	630405	18	14	19	13	1	0	2	7	24	74	#
221	449197	23	18	6	0	14	17	16	1	7	74	#
222	410809	27	16	11	21	22	17	18	13	14	74	#
223	393217	22	23	24	21	17	16	18	14	13	74	#
224	363810	24	17	19	16	11	18	13	14	23	74	#
225	243490	1	6	2	0	7	3	75	#
226	268135	0	6	1	2	3	4	75	#
227	256039	1	6	0	2	3	8	75	#
228	204080	7	2	6	1	8	9	75	#
229	167154	2	3	4	9	1	8	75	#
230	150886	9	8	#
231	666048	5	0	6	1	2	7	10	8	15	16	13	11	3	76	#
232	871011	15	34	10	20	16	11	2	17	5	22	21	0	12	76	#
233	806232	1	0	6	5	2	10	15	3	20	11	8	13	4	76	#
234	752020	10	15	20	11	16	17	12	18	19	22	24	21	23	76	#
235	737850	16	15	11	20	17	22	10	21	18	13	12	5	8	76	#
236	734036	5	18	13	0	17	8	16	12	22	7	10	6	11	76	#
237	245196	19	24	23	18	12	77	#
238	334643	18	19	24	14	13	77	#
239	278355	19	24	18	13	8	77	#
240	273027	23	18	13	14	17	77	#
241	242429	24	23	19	22	17	77	#
242	229308	12	13	18	14	11	77	#
243	98809	25	#
244	336863	0	5	1	6	7	2	3	78	#
245	369597	5	0	1	28	2	6	7	78	#
246	325747	7	2	1	23	24	19	8	78	#
247	283698	2	7	6	8	0	25	1	78	#
248	83123	34	#
249	355716	0	6	5	10	1	2	7	79	#
250	403280	2	7	6	8	0	1	9	79	#
251	401090	0	5	1	10	6	7	8	79	#
252	395050	5	10	15	20	21	0	6	79	#
253	352763	6	0	7	8	2	31	1	79	#
254	321916	1	2	3	6	7	8	0	79	#
255	77783	25	#
256	1136446	24	19	18	13	23	22	21	20	14	17	15	16	11	8	4	7	12	6	1	0	5	34	10	3	2	9	80	#
257	1200124	1	6	0	7	5	8	4	10	3	15	21	22	16	17	20	26	23	11	18	24	34	12	13	14	19	2	80	#
258	1148847	34	31	8	4	3	13	7	18	23	24	33	14	17	16	15	22	11	21	19	12	20	6	1	0	5	2	80	#
259	1132925	24	19	18	13	14	17	8	7	23	16	15	21	26	4	22	11	3	2	1	0	20	6	10	5	12	9	80	#
260	1124448	19	18	17	16	22	21	23	15	14	24	13	8	7	11	6	1	20	0	10	5	4	3	12	2	9	27	80	#
261	1107766	21	15	20	22	16	11	23	24	18	17	12	14	13	19	8	7	4	3	6	0	5	1	2	10	9	25	80	#
262	594913	18	14	23	13	19	24	17	8	7	16	2	21	15	22	20	11	81	#
263	676051	2	3	7	8	9	6	0	4	13	18	19	23	14	5	24	22	81	#
264	675847	14	18	19	13	24	23	8	7	3	6	2	1	22	0	9	5	81	#
265	675463	7	27	8	2	9	13	18	19	17	23	24	14	6	3	0	1	81	#
266	665641	23	18	19	6	24	17	0	13	5	1	7	8	14	2	33	12	81	#
267	630577	15	16	21	17	11	22	23	33	18	24	19	12	20	13	8	9	81	#
268	64028	6	7	82	#
269	85949	7	2	82	#
270	36021	6	1	82	#
271	364932	11	12	16	17	13	24	15	22	18	19	23	8	3	83	#
272	511570	13	12	18	14	11	16	21	15	17	10	20	28	8	83	#
273	492775	19	24	18	23	12	13	17	16	22	15	11	20	10	83	#
274	484990	24	23	19	22	18	13	12	21	17	20	15	16	11	83	#
275	475397	18	23	33	24	19	17	12	8	13	11	16	21	15	83	#
276	466012	8	7	9	3	6	2	4	0	1	5	13	10	15	83	#
277	49967	32	#
278	39804	5	#
279	987626	24	19	18	14	13	23	17	8	7	3	6	4	1	12	11	2	16	0	21	20	15	22	10	9	5	29	28	84	#
280	1131429	8	13	18	9	7	23	4	14	6	3	17	2	1	12	26	24	19	0	11	16	10	15	5	20	21	22	27	84	#
281	1117310	15	10	21	16	20	11	5	22	17	0	23	24	18	19	1	2	3	14	13	7	4	8	9	6	12	26	33	84	#
282	1104651	21	16	15	20	10	5	11	0	1	6	7	8	3	9	4	17	18	19	24	13	14	23	22	2	12	27	34	84	#
283	1079056	3	8	4	13	7	20	9	6	2	15	14	16	10	0	18	1	11	21	23	5	24	19	12	22	17	33	32	84	#
284	1076322	13	8	7	3	2	4	1	6	9	0	14	18	17	23	16	24	19	11	5	10	15	20	26	21	22	28	12	84	#
285	111256	27	#
286	49203	30	#
287	82219	16	11	85	#
288	113651	16	21	85	#
289	93164	11	10	85	#
290	468813	8	13	3	23	10	12	18	4	2	11	17	15	22	86	#
291	691011	2	3	1	0	8	7	5	13	14	4	12	11	9	86	#
292	675538	17	16	22	12	11	13	18	21	19	20	8	23	24	86	#
293	652058	8	13	9	3	18	2	1	4	12	14	0	5	17	86	#
294	628493	3	4	8	13	2	14	9	1	7	0	5	6	18	86	#
295	612342	12	32	13	14	18	8	17	3	7	2	16	10	11	86	#
296	37525	30	#
297	68607	16	21	87	#
298	9754	16	11	87	#
299	159867	27	13	18	20	88	#
300	186498	13	8	14	3	88	#
301	161984	18	13	8	14	88	#
302	134629	20	15	16	11	88	#
303	32659	27	17	12	16	88	#
304	241158	15	14	20	18	21	89	#
305	349058	21	20	22	15	10	89	#
306	265471	20	15	21	16	11	89	#
307	542679	29	8	7	2	3	4	13	18	23	12	17	14	24	19	31	90	#
308	812020	24	23	18	13	19	12	14	5	17	10	0	22	6	15	20	90	#
309	773018	23	22	18	13	12	21	19	17	14	15	10	24	20	16	5	90	#
310	743601	13	12	18	19	17	23	22	21	20	16	14	15	11	10	5	90	#
311	742122	19	18	17	23	12	28	14	16	15	13	20	21	11	8	7	90	#
312	736872	12	17	18	11	23	19	13	16	14	22	21	15	20	24	10	90	#
313	868752	31	24	23	22	17	16	11	21	15	10	12	19	20	5	13	8	4	9	91	#
314	886788	15	16	11	21	22	25	17	12	10	13	20	5	23	24	14	8	3	9	91	#
315	860504	10	15	11	16	21	22	23	17	12	7	13	20	28	5	8	6	9	4	91	#
316	802457	9	4	3	8	2	7	1	0	6	5	10	15	21	22	23	16	11	20	91	#
317	791411	8	9	30	4	3	13	12	17	11	23	22	10	16	18	15	20	21	24	91	#
318	783382	12	11	17	13	10	22	21	16	23	15	20	5	8	3	4	9	18	2	91	#
319	800675	22	21	29	15	10	20	34	18	5	11	13	16	8	17	14	9	92	#
320	852667	34	6	1	2	0	5	10	15	3	4	8	21	16	9	20	13	92	#
321	847409	10	11	15	5	21	20	16	12	0	13	6	18	17	34	1	14	92	#
322	812824	5	10	11	15	21	20	22	16	0	1	2	25	6	17	12	13	92	#
323	806535	21	20	16	11	15	10	17	22	5	12	13	18	14	8	9	2	92	#
324	743223	9	8	4	13	12	14	5	11	10	17	0	18	22	21	23	15	92	#
325	179416	3	4	8	7	93	#
326	227872	7	2	3	4	93	#
327	94759	26	#
328	814299	13	18	14	19	23	12	24	17	11	16	10	15	5	0	21	1	2	20	6	7	8	94	#
329	889291	6	0	7	8	4	5	3	2	13	9	12	18	19	17	1	14	23	11	24	20	15	94	#
330	876385	8	7	18	2	14	12	9	6	4	13	17	11	21	16	23	24	19	15	0	5	3	94	#
331	875729	14	18	17	16	11	13	19	8	9	21	23	12	24	7	15	6	4	3	20	2	0	94	#
332	874303	23	24	18	14	19	13	17	16	12	21	11	15	20	10	5	8	7	9	2	6	1	94	#
333	852673	19	24	23	18	17	13	12	14	11	16	15	8	10	9	7	25	6	20	21	4	1	94	#
334	56351	8	7	95	#
335	23204	7	6	95	#
336	267083	30	11	16	15	10	5	21	96	#
337	380176	10	15	20	26	21	22	11	96	#
338	377357	5	0	1	2	6	3	4	96	#
339	334255	30	32	18	14	13	19	24	96	#
340	290126	16	21	15	10	22	11	5	96	#
341	248967	21	22	15	16	11	20	23	96	#
342	307472	23	24	33	22	97	#
343	283238	22	23	24	19	97	#
344	268993	24	19	23	18	97	#
345	236776	23	24	22	18	97	#
346	183469	33	1	0	5	97	#
347	701601	13	14	8	9	12	18	3	23	22	24	19	11	4	21	16	20	15	10	5	98	#
348	862990	4	3	9	34	8	2	13	1	14	12	11	0	18	5	6	7	23	22	24	98	#
349	841093	11	16	15	21	10	12	5	0	1	2	6	20	22	23	18	13	14	24	8	98	#
350	820961	16	21	22	15	19	20	11	24	23	18	14	10	17	12	13	5	8	9	0	98	#
351	787393	21	15	16	22	20	11	23	18	24	12	14	13	10	19	5	0	17	1	6	98	#
352	783955	18	23	14	19	24	13	12	22	11	10	21	5	15	0	16	8	4	3	9	98	#
353	40184	18	12	99	#
354	22077	18	23	99	#
355	653036	28	3	2	8	9	1	13	4	14	0	12	7	18	19	24	6	17	100	#
356	732134	1	2	6	0	5	10	15	16	21	20	11	12	22	3	4	9	8	100	#
357	730456	28	31	5	10	0	1	2	15	21	16	11	6	20	12	18	17	13	100	#
358	708300	2	7	1	6	8	0	5	10	3	11	9	12	15	13	18	20	21	100	#
359	705505	0	6	1	2	3	8	7	15	20	4	21	16	10	9	11	5	12	100	#
360	700090	19	18	24	12	17	14	13	11	10	16	23	5	15	21	20	8	9	100	#
361	44651	1	#
362	48924	32	#
363	50757	27	#
364	341675	12	17	22	23	24	21	16	15	13	20	101	#
365	467216	24	23	22	21	15	16	10	5	17	20	101	#
366	368969	22	23	24	17	16	11	12	21	15	20	101	#
367	360205	20	21	15	16	23	22	10	17	11	5	101	#
368	334833	21	17	22	20	12	23	15	11	10	5	101	#
369	295914	16	17	21	20	22	15	12	11	10	5	101	#
370	589629	14	13	18	8	4	3	12	11	21	17	15	20	102	#
371	606597	15	21	20	22	10	23	17	18	12	11	24	16	102	#
372	603020	21	20	22	17	15	12	13	11	8	18	14	23	102	#
373	590871	11	12	17	16	21	22	15	18	20	13	14	8	102	#
374	575276	20	15	21	16	22	17	12	18	14	23	24	13	102	#
375	571444	17	22	16	12	21	20	11	23	18	13	14	15	102	#
376	77306	5	#
377	160042	0	6	1	103	#
378	145572	0	6	5	103	#
379	505308	14	13	8	3	18	17	23	9	24	4	22	30	12	19	7	11	104	#
380	747369	13	27	14	8	12	3	11	10	15	20	9	21	18	17	22	23	104	#
381	724971	23	22	18	17	21	14	24	12	16	20	2	15	11	13	10	8	104	#
382	718545	22	17	18	14	13	16	12	15	23	11	10	20	21	24	8	19	104	#
383	713269	30	14	18	23	22	24	28	17	13	8	9	7	19	6	21	20	104	#
384	702356	24	23	18	14	12	13	17	22	21	8	9	11	20	4	16	19	104	#
385	552216	8	3	7	9	2	1	6	0	4	5	13	12	17	11	16	105	#
386	759411	17	12	16	11	22	21	20	15	13	32	18	8	14	7	19	105	#
387	724352	13	14	8	7	12	11	16	15	2	20	17	22	18	4	9	105	#
388	704882	16	17	11	12	22	21	20	15	18	14	19	25	13	8	6	105	#
389	690689	12	17	11	22	18	19	13	8	14	3	7	16	2	1	0	105	#
390	683340	11	17	22	16	21	15	12	13	20	14	18	19	8	7	6	105	#
391	110188	25	#
392	58350	29	#
393	79447	8	7	106	#
394	103897	7	6	106	#
395	64262	31	#
396	50183	21	#
397	91147	10	#
398	613631	22	23	21	16	15	17	10	20	5	18	34	14	0	107	#
399	678992	15	10	21	0	20	6	22	7	23	2	24	16	1	107	#
400	646483	34	9	4	8	7	2	23	13	24	12	6	22	14	107	#
401	636430	22	23	21	15	9	8	16	7	26	10	5	2	13	107	#
402	622892	5	10	15	21	0	20	6	12	1	16	18	14	13	107	#
403	568320	0	6	7	5	1	2	8	4	30	10	9	15	16	107	#
404	193762	23	24	22	108	#
405	135201	24	6	19	108	#
406	300320	9	8	3	7	13	18	109	#
407	402028	7	8	6	0	5	9	109	#
408	330637	9	8	4	3	21	7	109	#
409	309458	13	8	9	3	14	7	109	#
410	283614	8	3	9	4	7	6	109	#
411	268068	18	12	11	19	14	24	109	#
412	99601	23	22	17	18	110	#
413	18886	18	19	12	17	110	#
414	46124	15	#
415	103832	34	#
416	217978	8	4	9	13	3	7	111	#
417	272747	13	18	34	8	14	7	111	#
418	262335	7	8	13	18	4	14	111	#
419	253646	3	8	4	7	9	2	111	#
420	448801	4	8	26	7	6	0	5	112	#
421	498842	7	6	8	0	4	5	10	112	#
422	427756	6	7	8	9	4	0	5	112	#
423	406979	0	6	7	8	5	10	3	112	#
424	402882	5	10	15	0	6	20	21	112	#
425	364218	26	6	7	8	4	3	0	112	#
426	365011	9	8	3	2	7	4	13	1	12	31	6	0	14	5	113	#
427	503909	1	2	6	7	0	5	10	8	9	13	23	24	18	3	113	#
428	499614	8	7	13	6	9	1	0	14	3	2	18	23	24	17	113	#
429	493419	9	8	13	14	4	0	18	1	6	2	3	23	24	17	113	#
430	444916	7	2	1	6	8	0	13	34	5	3	9	14	31	4	113	#
431	422584	14	13	18	23	24	22	17	12	8	9	3	21	2	29	113	#
432	227912	14	13	12	8	9	30	3	2	18	114	#
433	323953	8	4	9	3	7	2	13	1	0	114	#
434	321436	12	13	17	8	9	14	22	16	21	114	#
435	279902	14	13	18	21	20	15	8	7	6	114	#
436	272961	9	8	3	4	13	14	18	23	17	114	#
437	271848	30	5	0	1	6	2	3	8	7	114	#
438	89038	26	#
439	464694	10	5	11	12	0	21	20	16	115	#
440	502420	5	0	6	1	7	2	8	10	115	#
441	481792	20	15	10	5	16	11	0	6	115	#
442	456876	0	6	1	5	10	2	7	15	115	#
443	444334	21	20	16	15	10	5	22	0	115	#
444	359165	10	5	11	16	15	20	21	22	115	#
445	120697	4	3	8	9	116	#
446	178969	3	4	2	7	116	#
447	152464	8	13	14	7	116	#
448	773741	8	13	14	18	17	23	19	22	12	11	3	24	9	10	4	21	16	15	20	117	#
449	850335	22	17	20	21	23	18	13	24	15	19	8	26	10	11	14	12	7	3	9	117	#
450	820128	18	13	12	8	17	4	9	23	3	22	24	11	10	21	15	19	20	14	2	117	#
451	813781	15	21	20	10	22	11	5	23	18	13	8	12	24	19	14	4	9	7	6	117	#
452	796658	14	18	13	17	19	12	8	23	11	22	24	10	15	21	20	4	5	3	9	117	#
453	786466	24	23	22	18	21	15	19	14	13	17	10	12	20	11	16	5	0	8	4	117	#
454	312147	14	18	13	23	22	21	118	#
455	467930	23	22	21	15	20	10	118	#
456	328063	14	18	19	23	24	22	118	#
457	314051	22	21	16	23	18	13	118	#
458	307366	21	15	10	16	5	17	118	#
459	162433	13	8	9	7	18	17	118	#
460	798932	13	8	9	26	7	3	2	14	12	11	1	10	17	4	0	6	18	19	22	23	24	21	16	119	#
461	941072	18	13	19	5	24	14	8	10	20	3	2	23	0	11	9	22	1	6	4	21	17	29	7	119	#
462	883413	10	11	12	13	8	14	3	2	27	4	25	1	17	21	9	20	6	22	0	16	7	23	18	119	#
463	881770	8	3	13	24	14	2	1	7	6	0	28	30	9	18	4	19	23	17	22	21	20	15	10	119	#
464	881091	14	13	8	9	3	20	4	21	2	1	0	12	6	11	7	5	22	10	17	16	23	24	19	119	#
465	880411	3	2	8	1	13	6	9	14	4	0	7	5	18	19	21	23	24	17	20	22	10	16	11	119	#
466	893300	19	24	18	23	12	17	14	11	16	21	22	10	13	31	15	5	8	4	3	9	2	120	#
467	1257736	3	21	2	20	19	18	23	14	1	15	24	0	12	6	7	11	8	4	10	5	9	120	#
468	1170565	31	8	9	4	3	2	7	6	1	0	5	10	24	19	18	11	23	14	12	17	16	120	#
469	1137113	12	11	10	16	17	15	21	18	5	13	20	14	19	23	0	1	6	24	8	2	9	120	#
470	1132157	11	12	10	5	16	21	20	15	0	18	1	14	19	17	6	2	3	7	8	4	9	120	#
471	1131351	17	12	11	23	24	18	16	19	14	21	10	20	15	5	0	6	7	8	4	3	9	120	#
472	513812	16	21	20	22	17	15	10	5	23	121	#
473	649248	15	16	11	10	21	20	22	23	24	121	#
474	615793	5	0	10	11	16	17	22	21	6	121	#
475	569503	20	21	22	16	23	15	17	24	19	121	#
476	552130	10	5	23	18	0	6	22	14	1	121	#
477	483291	17	22	23	21	20	12	11	18	16	121	#
478	442637	5	0	1	6	10	7	11	16	21	8	18	15	122	#
479	610152	21	22	23	18	13	24	8	16	3	17	4	11	122	#
480	596610	5	10	11	0	6	1	7	8	3	16	21	33	122	#
481	561978	16	11	10	21	22	5	0	1	17	18	20	6	122	#
482	516081	10	5	11	16	0	6	1	21	22	23	15	17	122	#
483	511176	15	16	21	22	20	17	23	24	18	10	5	0	122	#
484	146098	6	1	7	123	#
485	193239	1	6	0	123	#
486	150928	6	7	8	123	#
487	1077649	23	22	18	13	17	14	16	19	21	20	12	24	11	10	15	8	9	4	3	2	7	6	0	1	124	#
488	1251281	6	7	2	0	8	13	3	9	18	14	4	12	23	17	16	11	19	24	10	21	20	22	26	1	124	#
489	1232582	14	13	18	23	24	22	17	21	16	20	19	12	11	10	15	8	3	4	26	7	6	0	2	9	124	#
490	1158518	17	22	16	18	23	24	21	13	19	11	12	10	14	27	20	15	8	3	0	7	4	5	2	9	124	#
491	1154482	12	13	3	2	18	19	17	14	24	23	34	16	22	21	11	4	20	7	9	10	8	6	0	15	124	#
492	1113188	4	3	2	9	7	8	13	14	6	30	12	0	18	17	19	16	15	22	11	23	21	10	24	20	124	#
493	67518	27	#
494	283679	17	16	22	21	125	#
495	340119	22	23	21	20	125	#
496	245820	21	22	23	18	125	#
497	235763	17	16	12	22	125	#
498	192937	16	15	21	31	125	#
499	106494	25	#
500	557262	32	7	24	19	6	18	14	13	23	12	8	17	2	22	3	9	126	#
501	733055	9	4	34	16	15	3	2	21	8	22	11	12	17	20	13	18	126	#
502	725088	13	12	17	18	19	16	32	24	21	20	11	15	14	8	4	3	126	#
503	704916	2	7	6	0	8	25	1	3	5	4	9	13	12	17	14	18	126	#
504	665774	24	19	18	14	12	23	17	22	11	13	8	21	3	9	4	2	126	#
505	664876	7	2	8	3	9	4	6	13	14	12	11	17	18	16	15	21	126	#
506	57505	33	#
507	70257	7	6	127	#
508	56814	6	1	127	#
509	26748	5	#
510	916632	19	18	24	13	17	12	14	23	8	11	9	22	16	21	15	20	128	#
511	964521	24	19	23	18	14	12	0	9	13	5	17	8	16	11	1	22	128	#
512	899386	8	13	14	9	7	18	3	12	11	16	2	15	19	20	6	28	128	#
513	892190	16	15	20	11	18	12	21	13	22	17	8	14	23	19	3	9	128	#
514	889640	17	16	15	18	19	10	11	23	20	5	22	0	1	12	13	14	128	#
515	877234	23	24	22	19	18	13	17	16	14	21	12	6	15	0	20	8	128	#
516	1061300	1	6	0	7	5	10	8	4	9	11	3	16	2	17	15	20	12	13	18	19	129	#
517	1123948	20	15	16	10	11	17	26	18	22	12	19	7	8	34	2	6	4	1	3	0	129	#
518	1059064	8	9	4	7	3	13	2	6	1	0	12	17	16	18	15	19	20	5	22	10	129	#
519	1057411	19	18	17	2	7	24	3	6	22	4	0	1	12	16	11	5	14	15	9	8	129	#
520	1048261	0	1	6	7	5	10	15	20	2	21	3	11	22	4	8	16	17	12	9	18	129	#
521	1047314	4	3	8	2	9	1	0	7	6	5	10	11	16	17	18	12	15	21	22	19	129	#
522	192318	27	26	30	130	#
523	229645	27	25	14	130	#
524	163075	26	5	10	130	#
525	146079	30	9	4	130	#
526	45300	27	#
527	294012	7	2	1	8	4	6	3	131	#
528	439498	6	1	0	5	10	2	11	131	#
529	398346	3	8	2	1	0	4	6	131	#
530	366885	2	1	0	6	5	7	8	131	#
531	353013	7	2	1	6	0	8	3	131	#
532	296403	4	3	9	2	7	1	8	131	#
533	235089	20	15	21	16	132	#
534	292084	20	21	15	10	132	#
535	284407	16	21	20	11	132	#
536	244276	21	22	20	12	132	#
537	44406	10	#
538	124469	8	13	4	133	#
539	117648	13	8	7	133	#
540	112715	4	8	7	133	#
541	83239	22	#
542	90656	17	12	11	134	#
543	70955	17	18	23	134	#
544	60468	22	#
545	47599	13	#
546	154868	28	31	135	#
547	129882	31	22	135	#
548	91223	28	16	135	#
549	906373	11	16	21	20	15	17	10	22	18	19	12	13	8	14	24	7	23	136	#
550	1089231	12	13	18	19	11	23	14	22	17	26	8	16	21	15	9	4	20	136	#
551	1041839	22	17	21	16	23	18	13	11	12	8	15	14	10	20	19	4	9	136	#
552	1011485	14	13	12	18	17	22	21	16	32	11	8	15	20	10	23	19	9	136	#
553	1009094	10	5	15	21	20	16	11	12	18	22	17	19	13	0	14	8	6	136	#
554	1008850	15	21	20	16	17	18	14	13	23	22	19	11	24	8	12	10	9	136	#
555	44338	3	#
556	336721	13	14	18	19	17	24	137	#
557	351598	19	24	23	18	22	26	137	#
558	337553	17	20	16	2	21	3	137	#
559	313242	18	3	2	14	7	4	137	#
560	299333	14	18	12	23	24	19	137	#
561	283432	13	12	14	18	17	22	137	#
562	91969	26	#
563	109739	26	#
564	842293	24	19	18	17	23	22	14	21	15	12	20	13	16	8	4	11	10	9	32	138	#
565	972629	4	3	2	8	1	0	9	7	6	13	20	14	31	18	23	24	21	15	22	138	#
566	907080	20	15	21	22	17	16	23	18	11	10	5	24	0	14	1	2	19	3	7	138	#
567	889680	17	9	22	23	8	21	3	18	4	16	24	15	13	14	19	7	20	2	1	138	#
568	851374	10	11	16	0	1	15	21	5	20	12	22	23	2	24	18	19	14	17	7	138	#
569	846167	22	23	21	24	15	18	10	17	16	11	7	2	19	20	13	8	4	14	9	138	#
570	1288035	3	29	2	4	1	8	13	9	0	14	7	6	5	10	15	20	21	22	11	16	17	12	18	19	24	23	139	#
571	1428573	1	6	2	0	7	8	3	9	13	32	12	14	4	5	17	16	22	15	10	28	21	20	18	11	19	24	139	#
572	1414561	19	24	18	13	14	8	12	11	10	7	2	3	15	5	23	22	0	17	20	1	21	16	6	4	9	33	139	#
573	1403569	9	8	3	13	12	14	7	6	11	27	4	2	10	1	18	19	16	17	22	24	21	15	20	0	5	23	139	#
574	1394437	2	1	3	8	7	13	24	0	12	5	18	17	11	10	16	6	14	22	19	4	15	21	20	23	9	26	139	#
575	1388096	23	18	19	14	13	12	8	22	21	7	16	24	15	17	11	10	3	20	2	1	6	0	4	5	32	9	139	#
576	148224	10	5	15	20	140	#
577	209281	20	21	22	15	140	#
578	138319	15	16	21	22	140	#
579	127419	5	10	11	12	140	#
580	85637	10	11	12	17	140	#
581	161080	18	23	22	141	#
582	226684	22	23	21	141	#
583	226055	23	24	22	141	#
584	157684	18	23	12	141	#
585	72491	1	#
586	93108	33	#
587	279647	9	4	8	7	3	2	1	13	14	142	#
588	382660	4	8	9	13	18	19	17	23	22	142	#
589	377197	14	18	17	13	25	19	12	11	24	142	#
590	368191	8	7	9	4	13	18	14	12	19	142	#
591	349207	1	6	0	5	10	11	7	8	2	142	#
592	338608	3	2	8	4	9	1	7	0	5	142	#
593	92049	28	#
594	122011	24	#
595	395828	20	21	15	16	10	17	18	23	143	#
596	390570	17	16	15	12	13	8	20	9	143	#
597	381925	20	15	16	17	18	12	23	13	143	#
598	358542	21	16	15	17	22	18	20	13	143	#
599	336702	16	21	17	12	13	8	18	2	143	#
600	331768	15	16	10	12	17	18	14	13	143	#
601	200309	23	24	144	#
602	160334	24	32	144	#
603	183879	28	25	145	#
604	130496	25	30	145	#
605	89584	28	8	145	#
606	89469	21	16	15	17	146	#
607	130096	17	18	16	13	146	#
608	118736	16	17	12	13	146	#
609	51142	15	10	16	11	146	#
610	391331	13	18	14	8	17	19	24	9	23	4	3	12	147	#
611	539214	14	18	13	12	23	24	11	8	3	10	9	4	147	#
612	515844	13	8	18	4	14	9	23	24	3	2	7	6	147	#
613	511128	9	4	8	13	18	3	23	7	32	24	14	6	147	#
614	501259	8	13	14	9	18	17	16	4	22	23	24	15	147	#
615	470844	4	9	8	13	18	12	7	6	0	17	19	5	147	#
616	77233	22	21	15	17	148	#
617	101416	17	18	22	21	148	#
618	477280	22	17	9	12	23	18	30	8	7	24	6	21	13	149	#
619	652321	13	12	8	7	9	2	4	16	6	21	3	14	26	149	#
620	577874	12	11	13	16	21	22	15	17	20	8	14	3	9	149	#
621	574975	22	23	24	21	1	19	2	6	13	8	9	7	15	149	#
622	546475	6	7	0	8	2	9	5	4	13	12	14	3	17	149	#
623	545937	21	15	20	16	11	12	22	17	13	8	23	3	32	149	#
624	176754	34	18	12	150	#
625	168512	34	23	22	150	#
626	161826	12	18	11	150	#
627	153874	18	23	17	150	#
628	114279	28	#
629	137741	28	11	151	#
630	89706	11	10	151	#
631	329425	33	6	0	1	2	152	#
632	230204	2	1	0	7	6	152	#
633	172796	33	17	16	11	15	152	#
634	83724	3	4	2	7	153	#
635	86939	7	2	3	8	153	#
636	14865	4	3	8	7	153	#
637	25774	19	#
638	217893	34	3	8	13	14	7	154	#
639	272887	13	8	7	18	19	9	154	#
640	259826	14	13	18	19	24	23	154	#
641	257409	34	20	15	10	16	17	154	#
642	174495	7	2	8	13	6	1	154	#
643	150818	3	2	7	8	4	9	154	#
644	144674	20	15	16	155	#
645	130265	16	15	11	155	#
646	109926	20	15	19	155	#
647	67367	15	10	21	155	#
648	714399	31	14	13	8	4	9	3	7	6	2	1	0	5	18	17	156	#
649	886879	8	3	7	4	9	2	6	1	0	5	13	10	15	21	20	156	#
650	825081	18	23	14	13	1	2	19	21	7	20	8	0	4	6	3	156	#
651	806296	0	1	2	6	7	8	3	5	9	4	13	14	18	17	34	156	#
652	792766	17	16	21	20	11	10	15	22	5	0	6	7	23	8	2	156	#
653	789047	3	4	8	7	2	1	9	6	0	13	5	10	11	16	17	156	#
654	101430	0	#
655	53127	30	#
656	165837	15	21	22	157	#
657	236394	22	23	24	157	#
658	178197	15	10	21	157	#
659	236656	25	30	17	16	21	11	158	#
660	325391	30	20	3	21	16	11	158	#
661	279407	21	20	22	16	15	11	158	#
662	230988	11	16	12	28	18	14	158	#
663	201518	25	2	3	8	13	7	158	#
664	110631	16	11	2	7	17	12	158	#
665	320848	13	18	31	8	9	12	14	4	159	#
666	408276	14	13	12	8	11	4	3	2	159	#
667	404494	8	4	18	9	7	14	17	2	159	#
668	391196	13	9	14	8	7	12	0	4	159	#
669	331540	12	11	13	8	4	9	17	3	159	#
670	254041	31	24	19	18	17	22	13	14	159	#
671	134886	14	13	12	18	160	#
672	108024	18	13	8	19	160	#
673	74036	12	18	19	30	160	#
674	76823	27	#
675	731366	0	5	9	1	2	6	8	3	7	13	18	14	161	#
676	745440	5	0	6	7	1	2	3	4	10	8	9	11	161	#
677	733381	1	0	5	6	7	8	9	4	3	2	13	14	161	#
678	723508	9	8	13	7	14	6	1	4	0	18	3	5	161	#
679	689808	3	8	4	9	2	7	13	1	18	14	6	0	161	#
680	683903	2	1	0	6	7	3	8	4	5	9	13	10	161	#
681	552089	4	3	2	1	7	6	9	8	13	14	18	12	17	11	16	162	#
682	790378	11	12	17	16	21	13	22	10	20	32	18	14	23	19	5	162	#
683	767782	18	17	12	13	11	23	19	22	16	10	21	1	20	6	5	162	#
684	763466	14	13	18	23	17	12	22	21	16	11	19	10	5	20	24	162	#
685	758327	1	2	6	7	3	4	9	0	5	10	11	12	16	21	17	162	#
686	725687	8	3	7	13	12	2	14	21	4	18	22	11	1	10	23	162	#
687	713303	5	0	1	6	7	2	3	10	8	11	9	4	15	20	16	21	163	#
688	854337	11	16	17	22	21	10	23	5	24	19	15	20	18	0	1	14	163	#
689	809447	1	2	0	5	27	7	3	6	10	11	16	15	21	22	20	23	163	#
690	805956	16	15	20	21	17	18	10	22	5	19	23	0	6	1	24	11	163	#
691	735910	2	16	21	7	22	23	1	20	6	17	24	10	8	15	5	4	163	#
692	735277	5	10	15	11	16	21	9	22	20	17	23	18	13	19	0	6	163	#
693	350500	0	6	7	1	8	4	164	#
694	398756	8	24	3	4	9	2	164	#
695	382006	0	5	10	11	6	1	164	#
696	341774	6	0	1	2	25	7	164	#
697	328281	1	6	0	5	10	7	164	#
698	287600	4	3	8	9	13	7	164	#
699	113695	27	#
