%% File generated by CATS v.2.1Tue Aug 20 18:54:53 2019

%% The CATS webpage is http://robotics.stanford.edu/CATS

%% PARAMETER SETTINGS:
% Goods: 45; Bids: 450; Distribution: regions-npv; Runs: 10; Seed: 1566344701
% Regions Distribution Parameters:
% Max Substitutable Bids = 5
% Removing HV Neighbor   = 0.1
% Adding DIAG Neighbor   = 0.2
% Additional Location    = 0.9
% Jump Probability       = 0.05
% Additivity             = 0.2
% Budget Factor          = 1.5
% Resale Factor          = 0.5
% Normal Private Value:
%   Mean                 = 0
%   Standard Deviation   = 30



goods 45
bids 450
dummy 84

0	84125	36	#
1	239442	7	6	45	#
2	184136	6	13	45	#
3	181563	7	0	45	#
4	124837	42	#
5	789066	19	20	21	18	22	25	26	12	23	14	29	16	36	28	46	#
6	882650	20	27	14	19	13	25	21	22	26	6	28	7	12	33	46	#
7	878584	19	25	20	13	27	6	12	18	26	21	0	22	28	33	46	#
8	865748	14	20	21	8	19	18	12	9	43	3	13	7	5	4	46	#
9	862458	25	19	18	12	6	20	26	14	21	0	22	13	16	17	46	#
10	861243	18	12	6	7	19	25	0	1	20	14	13	27	24	8	46	#
11	440026	7	13	1	6	8	47	#
12	437982	8	2	1	0	7	47	#
13	393662	7	1	13	2	14	47	#
14	386547	13	7	6	15	12	47	#
15	369304	1	2	8	32	33	47	#
16	339277	6	12	13	14	15	47	#
17	245160	2	3	8	9	15	48	#
18	313537	8	2	7	13	1	48	#
19	252023	3	4	8	2	9	48	#
20	219224	15	8	14	13	3	48	#
21	139450	2	34	3	29	9	48	#
22	170782	12	6	13	49	#
23	186456	6	13	7	49	#
24	251365	28	22	23	17	50	#
25	248636	22	28	34	23	50	#
26	233501	17	23	11	22	50	#
27	183855	28	23	29	34	50	#
28	111952	30	31	32	26	25	51	#
29	143837	32	31	33	28	30	51	#
30	134208	26	20	25	21	31	51	#
31	103193	31	32	26	20	14	51	#
32	326493	19	18	25	12	31	52	#
33	325043	12	18	6	7	13	52	#
34	291160	19	20	14	8	3	52	#
35	261501	18	24	12	19	13	52	#
36	260796	31	25	19	24	20	52	#
37	236013	25	26	19	24	18	52	#
38	110862	43	#
39	167383	25	31	32	26	53	#
40	224621	32	33	26	34	53	#
41	160319	25	19	20	14	53	#
42	129349	26	20	19	18	53	#
43	727204	30	8	7	14	15	40	1	0	6	12	21	54	#
44	777261	40	21	22	16	17	20	19	13	25	31	7	54	#
45	731752	14	15	13	12	8	2	6	0	1	7	21	54	#
46	708878	21	12	22	15	14	20	19	8	27	26	2	54	#
47	706043	7	1	0	6	12	8	2	13	15	14	19	54	#
48	691821	15	14	13	21	8	9	3	7	12	19	20	54	#
49	52854	10	#
50	314811	29	34	23	35	22	33	28	21	55	#
51	424781	34	33	28	22	21	15	8	9	55	#
52	422999	29	0	34	35	28	22	7	33	55	#
53	319810	23	28	17	33	29	34	22	11	55	#
54	314174	28	33	23	22	32	34	21	26	55	#
55	189629	33	28	22	23	16	32	31	29	55	#
56	65427	31	#
57	114400	37	#
58	3224	38	#
59	134507	2	3	1	8	56	#
60	184500	3	4	2	8	56	#
61	83369	2	3	9	1	56	#
62	1726658	0	7	1	6	12	18	2	13	8	3	24	15	4	14	9	20	30	19	27	26	25	21	5	31	32	22	10	33	16	11	17	23	29	35	34	28	39	57	#
63	1832316	30	31	25	24	19	8	9	15	3	2	7	20	0	14	43	26	13	6	32	12	18	1	4	5	11	21	10	22	17	23	16	33	28	27	34	40	35	57	#
64	1748354	19	13	14	20	8	7	15	1	2	0	27	6	3	12	18	4	9	24	5	26	21	25	10	11	30	17	31	23	22	32	28	29	34	36	33	16	35	57	#
65	1742102	7	6	13	14	0	12	28	1	8	22	15	2	20	33	34	35	26	21	3	18	32	29	17	23	27	25	11	10	4	24	5	9	30	19	31	38	40	57	#
66	1728559	39	21	22	42	15	16	20	14	28	17	11	10	24	25	4	26	18	33	30	23	3	8	34	13	12	5	9	29	32	6	7	0	35	19	2	1	31	57	#
67	1721408	6	7	0	13	14	37	12	1	20	26	15	21	8	3	9	4	2	18	22	28	16	34	29	27	10	35	19	25	30	31	23	17	11	33	32	24	5	57	#
68	10547	44	#
69	73046	42	#
70	85689	38	39	#
71	424656	29	23	35	34	33	28	22	17	11	21	58	#
72	620780	11	10	4	5	3	9	17	8	7	23	58	#
73	597040	21	20	19	15	25	13	6	14	7	12	58	#
74	550154	33	32	28	34	29	26	23	25	35	27	58	#
75	451580	23	28	33	32	34	22	31	17	30	35	58	#
76	415580	34	35	33	28	29	23	17	32	26	16	58	#
77	369558	6	7	12	8	13	2	59	#
78	466614	7	6	8	0	1	3	59	#
79	439853	2	3	8	4	7	10	59	#
80	438027	6	0	1	2	7	8	59	#
81	381325	8	7	1	14	29	13	59	#
82	317594	13	14	8	9	15	6	59	#
83	24022	29	#
84	98960	36	#
85	1412665	12	13	19	7	6	25	20	0	27	8	31	21	18	24	15	1	14	30	2	3	9	4	26	22	16	28	23	5	34	60	#
86	1532648	28	23	22	21	33	34	17	20	19	13	44	35	27	6	32	15	0	16	29	12	25	31	7	8	26	1	11	9	2	60	#
87	1530585	3	9	8	2	1	34	4	0	15	10	5	14	7	16	13	6	11	21	19	25	20	17	12	33	35	23	24	22	26	60	#
88	1509734	24	30	25	18	26	32	19	31	12	13	20	7	27	8	14	6	0	1	33	34	21	15	17	28	9	42	11	16	3	60	#
89	1496546	26	20	21	19	32	22	16	37	33	27	25	23	28	34	31	24	17	13	6	12	38	35	7	29	18	0	1	2	3	60	#
90	1496233	19	18	12	13	6	25	7	24	1	0	38	8	2	20	3	15	9	4	26	36	32	35	27	5	29	31	34	30	33	60	#
91	914722	23	22	17	28	34	11	16	25	33	10	21	18	26	29	24	20	32	15	5	14	19	4	8	61	#
92	1366141	26	25	31	24	30	20	32	33	27	18	12	21	14	15	19	34	13	8	6	35	0	9	7	61	#
93	1364650	19	18	20	23	17	29	12	16	26	14	15	34	24	25	13	32	40	35	31	27	11	6	8	61	#
94	1330730	10	11	5	4	17	3	16	22	28	23	2	8	9	14	1	13	15	39	31	12	6	7	0	61	#
95	1328362	32	33	31	30	25	26	20	34	29	23	14	21	15	8	24	35	42	7	2	0	3	18	4	61	#
96	1327200	24	25	30	31	26	20	39	28	23	21	14	33	15	34	17	19	27	32	18	12	35	13	8	61	#
97	1208848	2	8	3	4	9	14	1	10	7	13	0	15	11	6	5	12	17	20	21	22	16	28	26	62	#
98	1540252	0	7	8	6	13	37	1	19	25	12	14	24	20	9	26	18	3	27	39	2	4	15	32	62	#
99	1479886	2	1	0	7	6	8	3	4	13	12	14	10	19	41	20	9	26	15	25	5	27	32	24	62	#
100	1472469	15	21	20	14	19	26	13	18	12	8	32	2	16	33	7	25	6	22	0	34	1	27	24	62	#
101	1416889	1	2	3	7	9	4	0	13	8	6	12	18	16	14	23	42	15	17	44	24	22	19	5	62	#
102	1401970	13	12	6	7	0	8	14	2	19	3	1	15	9	20	18	21	24	25	27	26	32	22	23	62	#
103	309543	32	26	20	27	14	15	63	#
104	448193	15	14	13	20	12	7	63	#
105	396166	27	20	19	25	21	24	63	#
106	386573	32	33	26	25	34	29	63	#
107	380905	14	8	3	9	20	7	63	#
108	316894	20	27	21	14	22	8	63	#
109	888468	32	33	26	25	24	30	34	29	11	19	20	23	21	17	16	10	18	22	35	64	#
110	997934	24	18	30	19	25	26	12	20	27	6	21	13	31	32	7	0	22	16	1	64	#
111	991658	23	22	21	29	28	35	16	20	27	26	34	33	32	17	25	19	24	13	11	64	#
112	954197	17	11	10	4	16	34	35	28	23	29	22	5	3	40	33	21	9	15	8	64	#
113	935548	32	26	31	30	24	33	18	11	25	19	13	7	12	1	17	6	34	0	10	64	#
114	928388	19	38	18	25	12	24	26	6	30	20	7	13	21	0	22	40	15	37	23	64	#
115	727756	8	4	2	15	9	7	1	10	14	11	20	21	65	#
116	934333	7	1	0	8	6	13	14	9	12	42	2	19	65	#
117	921596	8	7	2	14	13	20	26	12	25	6	1	0	65	#
118	894596	21	22	20	27	26	16	14	17	15	25	19	8	65	#
119	807331	1	11	10	17	5	7	13	4	16	12	19	0	65	#
120	717304	20	44	21	27	19	26	22	32	15	8	13	34	65	#
121	240261	9	8	7	3	1	2	15	66	#
122	272988	3	9	8	7	15	13	1	66	#
123	253871	2	3	43	8	4	10	11	66	#
124	244538	15	21	8	7	1	2	0	66	#
125	233890	1	7	8	9	3	4	2	66	#
126	215469	9	8	3	2	4	5	7	66	#
127	73435	37	#
128	85788	15	#
129	408037	18	19	13	25	24	6	14	67	#
130	481097	14	13	19	7	6	25	20	67	#
131	429257	19	18	20	25	14	21	8	67	#
132	425251	13	7	38	14	8	6	16	67	#
133	404537	18	12	6	0	1	7	13	67	#
134	359049	6	13	19	20	12	14	40	67	#
135	86158	3	2	68	#
136	126521	3	8	68	#
137	719950	8	3	4	5	10	11	9	14	13	7	15	6	69	#
138	972443	15	40	5	4	14	8	13	6	10	7	35	0	69	#
139	909523	13	19	3	25	6	31	7	40	1	0	11	18	69	#
140	885562	9	8	3	15	21	14	7	6	40	13	0	12	69	#
141	840993	8	6	22	0	28	1	21	23	7	3	13	4	69	#
142	839299	6	13	7	19	12	2	18	24	8	40	9	0	69	#
143	1443967	14	13	20	12	15	21	27	8	9	19	18	22	6	3	24	23	2	26	17	28	25	31	33	0	32	7	16	70	#
144	1570645	15	21	22	28	8	7	2	14	20	13	10	19	9	3	25	16	31	27	17	4	26	23	32	12	34	33	0	70	#
145	1468027	26	25	24	19	30	18	12	20	6	13	27	21	31	32	14	7	33	22	23	15	17	34	16	0	28	1	8	70	#
146	1461649	23	22	17	6	29	42	16	35	12	21	0	18	24	1	7	8	13	44	19	34	3	25	9	28	20	26	27	70	#
147	1434163	25	24	26	32	30	31	33	19	20	21	27	15	13	12	18	14	22	28	16	34	29	35	6	23	17	0	8	70	#
148	1434100	9	8	3	37	14	15	13	19	7	20	25	4	21	1	12	36	26	32	31	23	0	18	22	2	17	30	16	70	#
149	174672	30	17	24	18	12	71	#
150	252005	30	31	32	26	20	71	#
151	198327	24	25	26	32	31	71	#
152	742725	20	21	26	15	22	19	32	31	14	8	25	30	72	#
153	874566	19	20	25	14	15	31	13	8	21	30	27	9	72	#
154	798747	31	30	24	7	1	13	32	12	6	25	0	19	72	#
155	760440	26	25	19	24	20	27	13	32	31	41	12	14	72	#
156	752868	14	8	9	20	21	15	19	25	27	3	26	22	72	#
157	705619	30	31	25	26	24	19	13	6	12	41	14	20	72	#
158	47649	28	#
159	28446	21	#
160	268033	3	2	9	1	7	73	#
161	272246	2	3	9	8	7	73	#
162	269508	3	21	8	9	22	73	#
163	172694	9	3	8	14	20	73	#
164	89351	11	10	74	#
165	126086	10	4	74	#
166	3404	11	5	74	#
167	695626	35	29	34	33	28	23	22	16	32	21	20	19	75	#
168	796571	20	14	27	8	42	9	2	3	19	21	4	25	75	#
169	781686	28	33	32	34	31	29	35	30	25	23	19	13	75	#
170	737519	19	18	13	24	7	8	3	6	9	12	25	14	75	#
171	666808	33	34	3	29	8	35	9	28	32	2	14	23	75	#
172	665937	35	34	29	28	33	23	22	32	16	21	17	11	75	#
173	476785	24	30	31	18	19	12	32	13	6	14	25	76	#
174	590149	14	8	15	21	7	1	13	12	9	2	27	76	#
175	557479	13	6	7	14	8	19	15	1	12	9	2	76	#
176	547503	31	32	30	33	34	28	29	24	22	27	23	76	#
177	546478	6	0	12	18	7	13	19	24	20	25	14	76	#
178	528085	12	6	13	7	18	14	19	1	24	8	15	76	#
179	159591	28	33	#
180	841340	29	23	34	22	33	35	16	21	17	15	28	20	26	27	14	77	#
181	973731	26	32	33	25	31	34	29	20	27	14	24	13	8	19	43	77	#
182	968602	21	20	22	23	19	15	16	29	34	33	32	25	26	14	8	77	#
183	951098	17	16	11	23	29	22	21	34	35	20	14	27	8	15	9	77	#
184	933458	35	29	23	22	16	34	21	17	33	20	11	28	15	27	8	77	#
185	885065	22	23	28	16	21	34	33	35	29	32	17	20	31	25	26	77	#
186	1602293	26	25	31	20	19	30	32	21	22	14	18	27	15	13	24	8	33	6	12	16	7	34	0	1	9	28	23	17	35	29	11	3	5	2	43	4	10	78	#
187	1644996	19	25	20	14	21	22	26	31	13	32	16	8	24	30	15	33	17	7	28	11	23	3	5	27	18	6	4	1	34	35	12	10	9	0	29	2	40	78	#
188	1637862	35	29	34	23	33	32	31	17	25	26	28	22	19	30	24	13	7	21	16	15	8	14	11	9	2	5	1	12	0	18	3	10	20	6	4	27	36	78	#
189	1609225	22	28	23	34	29	33	35	32	21	31	15	30	26	24	16	25	14	8	6	20	2	13	7	1	0	19	9	27	17	18	12	3	11	4	5	10	37	78	#
190	1606880	14	13	20	8	7	15	26	6	1	0	32	3	4	12	25	19	21	5	31	2	24	33	22	16	39	18	28	30	34	23	27	17	9	35	29	11	10	78	#
191	1594068	27	20	26	21	4	5	15	25	11	32	17	22	23	16	31	19	28	34	8	33	14	13	9	35	7	3	24	6	39	2	30	0	44	1	29	10	18	78	#
192	1596811	26	20	41	32	27	19	37	21	33	14	18	42	28	22	24	23	17	11	30	13	10	5	15	3	29	4	34	7	79	#
193	1737174	3	4	5	10	9	8	14	15	7	1	13	21	12	19	33	18	24	37	11	30	2	0	31	17	20	23	6	44	79	#
194	1676250	41	36	11	10	4	3	5	2	8	17	1	7	16	13	19	9	22	28	33	23	21	14	18	24	6	29	35	34	79	#
195	1654584	22	16	17	21	20	23	28	14	13	15	7	6	33	8	34	9	19	29	35	18	12	11	5	24	32	26	4	10	79	#
196	1629692	24	7	30	31	8	14	2	18	12	9	3	4	1	5	13	19	11	15	32	21	33	0	34	17	28	6	29	38	79	#
197	1615774	13	14	8	2	7	1	12	15	9	3	20	0	6	21	26	32	4	31	19	18	11	30	33	10	27	5	17	24	79	#
198	1080616	25	26	31	21	15	8	14	32	33	34	29	9	35	3	20	30	28	24	18	23	4	2	1	7	80	#
199	1558506	7	1	0	6	13	9	8	12	3	4	14	20	27	19	15	2	10	21	11	17	25	23	5	28	80	#
200	1537503	1	2	8	3	4	7	5	6	13	0	14	19	11	10	17	12	16	39	15	20	27	9	18	25	80	#
201	1487711	8	9	14	20	3	7	26	13	19	15	40	18	4	5	11	10	12	6	21	0	27	25	1	2	80	#
202	1464723	20	27	21	14	13	19	25	6	22	15	8	24	16	12	18	9	3	28	33	0	2	44	7	34	80	#
203	1462543	35	7	6	13	29	8	1	2	20	0	12	14	27	18	9	15	21	3	34	33	19	32	25	28	80	#
204	433269	40	18	12	24	25	81	#
205	306174	40	26	25	32	19	81	#
206	296857	24	30	18	12	19	81	#
207	228481	25	26	24	30	18	81	#
208	191079	12	2	3	1	9	81	#
209	895579	28	34	29	35	33	19	25	18	20	21	22	27	16	12	26	23	82	#
210	1078172	12	6	7	13	8	3	9	14	15	19	21	20	25	27	0	2	82	#
211	1027498	29	35	23	17	22	28	16	33	11	21	34	20	14	10	13	27	82	#
212	1013661	22	19	23	29	35	18	12	13	17	25	14	20	34	28	33	21	82	#
213	990427	34	33	25	28	35	32	22	16	21	10	11	23	20	27	19	29	82	#
214	942790	35	29	18	23	12	22	6	28	34	33	7	40	0	13	14	15	82	#
215	205519	0	1	83	#
216	173621	0	6	83	#
217	412307	17	16	23	34	28	35	39	11	84	#
218	554616	28	33	2	32	26	8	15	7	84	#
219	498514	35	29	34	14	15	20	27	19	84	#
220	365527	16	2	22	3	8	14	1	9	84	#
221	297746	34	28	29	33	35	32	31	23	84	#
222	279579	23	28	17	22	34	29	16	33	84	#
223	791401	15	8	14	9	21	3	7	4	6	12	13	19	20	27	85	#
224	927333	13	19	25	14	20	12	31	27	21	15	22	32	7	0	85	#
225	894598	14	15	8	7	13	20	0	19	3	4	12	18	6	44	85	#
226	830279	20	14	8	3	9	19	37	15	4	13	7	10	11	18	85	#
227	823434	8	3	14	0	7	13	15	4	19	12	21	24	18	9	85	#
228	792499	21	15	14	22	20	19	16	27	28	26	25	24	34	18	85	#
229	1277743	23	17	16	29	34	35	22	28	21	11	32	5	15	20	4	26	33	10	25	14	12	8	9	3	2	19	13	86	#
230	1407490	11	5	4	10	17	3	9	2	16	23	28	8	15	34	21	22	29	33	35	1	7	32	31	25	13	14	12	86	#
231	1361894	16	22	28	33	23	21	20	34	32	31	26	17	27	19	25	15	35	13	6	11	14	30	8	0	29	37	5	86	#
232	1335851	34	35	29	33	28	22	23	21	20	19	32	16	17	31	25	15	26	6	0	1	12	30	14	7	13	8	27	86	#
233	1334750	22	28	21	33	34	32	31	29	23	16	25	26	15	20	27	30	14	17	19	35	11	18	42	13	7	1	8	86	#
234	1332471	3	2	8	9	1	14	15	7	13	0	4	12	21	10	18	20	19	6	5	24	25	39	31	27	26	11	17	86	#
235	1208409	34	35	28	29	23	22	33	16	32	26	20	25	27	31	19	21	17	18	87	#
236	1358125	19	20	14	13	12	27	6	26	7	8	15	21	25	1	31	18	0	3	87	#
237	1333259	21	22	20	23	26	19	7	28	13	29	32	34	8	27	40	16	33	35	87	#
238	1296297	20	21	19	13	18	27	14	6	25	15	26	24	12	8	7	0	2	3	87	#
239	1237135	27	35	20	26	29	14	15	25	13	21	8	3	34	33	28	2	24	30	87	#
240	1230464	29	35	23	34	33	28	22	16	21	15	32	26	20	14	8	25	2	3	87	#
241	166338	28	33	23	88	#
242	214498	23	28	34	88	#
243	139393	33	32	26	88	#
244	126350	28	22	23	88	#
245	348709	36	4	10	11	17	16	3	2	5	89	#
246	498520	17	16	23	34	28	22	33	35	21	89	#
247	468252	3	9	4	8	15	21	7	1	2	89	#
248	454218	11	5	4	10	3	30	17	24	8	89	#
249	431637	36	4	3	10	8	9	2	14	15	89	#
250	422914	5	11	17	23	28	34	29	33	10	89	#
251	211600	44	6	7	12	13	90	#
252	188285	44	23	29	28	35	90	#
253	185841	13	14	6	20	21	90	#
254	144943	12	13	6	14	18	90	#
255	39572	38	#
256	461655	9	8	21	2	15	1	7	91	#
257	514024	7	6	13	12	42	19	18	91	#
258	405445	15	14	8	3	7	1	6	91	#
259	404172	1	7	8	2	13	6	9	91	#
260	368058	2	1	8	3	15	14	0	91	#
261	350731	21	22	15	20	26	8	14	91	#
262	114081	35	29	23	92	#
263	155456	23	17	11	92	#
264	147670	35	29	34	92	#
265	914532	28	23	33	34	22	29	35	17	11	5	16	21	32	31	14	30	2	20	27	26	15	3	93	#
266	1356397	22	21	20	19	26	23	32	28	31	33	25	34	27	30	29	18	35	13	12	39	15	24	93	#
267	1318412	28	33	32	34	26	44	23	7	6	13	0	1	12	31	22	16	20	35	30	29	14	17	93	#
268	1309325	15	21	8	7	0	3	13	9	6	1	22	2	12	4	19	16	25	14	20	23	27	31	93	#
269	1294432	21	20	27	26	25	19	13	14	7	15	8	0	1	2	6	3	31	12	32	4	18	22	93	#
270	1290444	17	23	28	34	22	33	16	29	21	35	20	15	14	13	19	25	27	12	18	32	24	8	93	#
271	69331	24	#
272	38889	44	#
273	1272631	21	15	14	20	13	6	8	2	12	7	19	9	25	3	18	26	1	0	24	4	30	31	10	32	94	#
274	1493562	2	39	1	7	6	13	19	12	25	24	20	3	0	30	26	31	8	4	27	14	32	15	9	10	94	#
275	1435021	4	10	5	3	11	2	1	8	7	9	15	6	13	12	14	21	19	25	17	20	0	18	27	22	94	#
276	1407835	8	3	15	21	2	9	14	7	35	1	6	13	20	27	12	26	19	0	25	32	18	34	29	33	94	#
277	1399606	6	13	7	14	19	20	1	27	0	2	25	26	32	24	3	12	21	9	4	15	31	18	8	33	94	#
278	1395299	1	7	8	29	2	3	9	0	23	15	6	4	28	22	14	33	26	20	32	13	25	17	12	11	94	#
279	859010	26	32	31	30	33	20	19	25	13	14	6	28	18	34	24	95	#
280	993653	25	19	31	13	39	32	26	20	14	12	15	8	18	7	33	95	#
281	922539	33	28	7	34	8	9	2	14	3	15	1	13	19	20	12	95	#
282	880934	18	24	19	30	31	25	26	13	20	32	33	12	34	28	14	95	#
283	872581	19	20	27	25	31	14	13	26	32	30	21	15	18	8	24	95	#
284	865254	24	18	12	19	13	14	6	20	7	8	0	26	27	15	25	95	#
285	721183	10	11	4	3	2	5	8	15	7	6	0	96	#
286	859785	15	14	21	20	8	27	19	7	13	1	0	96	#
287	857178	3	8	9	15	14	2	7	0	1	6	4	96	#
288	824924	2	1	8	0	14	6	15	3	7	9	20	96	#
289	770367	7	6	12	0	18	8	2	1	13	19	15	96	#
290	766473	8	3	4	10	2	7	14	12	1	6	15	96	#
291	138387	8	#
292	186701	35	34	97	#
293	110041	34	28	97	#
294	412663	2	3	8	14	20	25	27	98	#
295	534489	27	20	14	15	8	7	6	98	#
296	513804	3	4	9	8	2	5	7	98	#
297	477495	2	8	1	15	7	0	3	98	#
298	387645	14	8	3	13	2	7	1	98	#
299	332588	20	27	21	19	14	18	13	98	#
300	188168	41	36	40	99	#
301	254389	40	44	13	99	#
302	212890	36	26	25	99	#
303	1001963	6	0	13	12	7	1	2	8	19	14	15	3	9	20	21	26	100	#
304	1090062	12	18	6	27	0	24	33	35	25	19	26	13	28	7	32	20	100	#
305	1002543	2	1	3	0	4	7	8	14	15	13	20	10	21	19	6	25	100	#
306	991385	0	6	7	13	1	19	12	18	2	20	25	8	24	30	3	27	100	#
307	991355	6	0	1	13	12	7	19	20	8	2	9	21	14	15	25	18	100	#
308	983857	21	20	27	19	25	18	12	6	26	7	31	13	1	24	0	2	100	#
309	433478	35	29	23	34	17	33	101	#
310	401197	34	29	28	17	33	23	101	#
311	400659	29	23	35	34	28	33	101	#
312	383172	33	32	28	34	35	29	101	#
313	331557	35	29	23	34	28	22	101	#
314	325330	17	11	23	28	22	16	101	#
315	249903	28	33	22	23	16	21	15	102	#
316	359877	22	23	17	16	28	11	33	102	#
317	310152	28	33	32	31	34	22	30	102	#
318	257338	16	17	22	21	40	23	15	102	#
319	229527	21	22	16	17	11	23	20	102	#
320	538255	28	23	17	29	42	33	34	22	16	103	#
321	649901	17	11	10	5	4	23	3	8	2	103	#
322	630728	42	11	17	10	23	29	22	13	16	103	#
323	538124	28	22	23	16	34	33	17	32	21	103	#
324	517655	23	39	29	35	17	11	22	21	15	103	#
325	502130	33	32	31	26	28	20	34	27	37	103	#
326	1087975	29	23	0	28	17	33	6	32	31	34	16	22	12	35	21	20	25	7	14	15	1	104	#
327	1323072	12	18	6	7	23	29	28	22	8	0	2	3	14	15	9	13	34	19	16	35	25	104	#
328	1302438	7	6	1	0	13	2	19	8	12	3	18	9	14	20	27	21	15	26	32	31	25	104	#
329	1291276	21	20	15	22	23	27	28	33	16	17	32	26	19	18	8	12	34	3	14	25	2	104	#
330	1290928	25	19	13	31	32	7	18	0	6	26	12	20	14	27	8	1	15	9	2	21	30	104	#
331	1280351	0	6	1	2	12	8	18	7	9	13	14	16	3	24	19	25	30	17	23	4	26	104	#
332	197856	9	8	14	105	#
333	183890	14	8	20	105	#
334	182454	8	14	15	105	#
335	134428	9	8	3	105	#
336	39021	38	#
337	115396	17	16	106	#
338	171620	17	23	106	#
339	306210	35	29	23	34	107	#
340	284454	34	29	33	35	107	#
341	264330	29	34	23	33	107	#
342	243330	35	29	23	17	107	#
343	180982	23	29	34	28	107	#
344	1014137	35	29	34	23	28	17	33	16	11	40	24	22	32	21	5	25	4	31	26	30	10	3	18	15	20	108	#
345	1367941	22	16	17	21	15	11	28	14	20	13	33	5	8	4	9	27	19	10	7	1	6	34	26	0	3	108	#
346	1308599	35	34	29	28	22	23	21	15	17	16	33	14	13	20	26	11	5	10	32	31	25	19	7	4	27	108	#
347	1283255	23	22	16	28	17	33	11	34	5	21	32	26	27	4	3	9	29	8	7	1	35	25	13	15	20	108	#
348	1277726	21	22	20	16	17	19	13	12	15	27	7	11	6	10	1	26	0	18	43	4	8	3	2	5	14	108	#
349	1237674	20	19	13	14	15	27	25	21	26	18	6	17	7	8	11	5	3	4	24	9	30	0	1	31	29	108	#
350	360656	0	7	1	8	14	2	109	#
351	432453	0	6	1	13	12	7	109	#
352	413052	7	8	0	15	2	9	109	#
353	388481	2	8	3	4	28	34	109	#
354	346138	1	7	13	12	6	40	109	#
355	271035	8	3	23	9	2	28	109	#
356	443667	11	5	17	16	4	39	10	3	22	110	#
357	576877	39	13	19	18	7	1	6	0	20	110	#
358	568199	16	22	28	40	34	33	35	17	20	110	#
359	512947	3	9	2	1	8	4	0	6	14	110	#
360	510428	11	10	17	4	5	16	3	2	8	110	#
361	502323	22	16	28	34	23	29	17	33	11	110	#
362	45426	3	#
363	742073	33	1	32	26	20	31	30	14	13	25	21	0	8	6	9	19	3	15	2	24	111	#
364	948049	32	31	25	19	12	6	13	30	14	0	7	1	15	18	33	8	20	21	27	26	111	#
365	929621	25	31	26	32	19	20	18	12	27	6	30	33	21	15	8	24	9	0	43	13	111	#
366	915084	20	14	26	32	25	8	19	15	9	31	40	24	13	18	6	27	30	7	2	1	111	#
367	905119	0	1	7	8	14	15	10	2	6	11	3	20	26	13	32	31	9	25	19	4	111	#
368	875773	13	6	12	19	7	18	1	0	8	9	2	14	20	3	15	25	26	21	24	5	111	#
369	240180	33	32	31	34	112	#
370	229155	33	28	34	32	112	#
371	221401	34	28	23	22	112	#
372	188316	32	31	26	25	112	#
373	683049	10	4	3	11	5	2	8	15	14	9	7	0	13	113	#
374	796075	7	0	13	8	14	6	19	11	18	3	12	20	25	113	#
375	791522	2	39	3	1	4	7	8	15	0	14	10	9	13	113	#
376	781233	8	14	20	15	7	2	13	26	21	19	25	27	3	113	#
377	768301	15	14	20	19	8	21	13	0	22	6	16	7	25	113	#
378	762006	14	13	6	20	12	26	15	19	8	43	25	2	7	113	#
379	129312	24	30	25	18	19	114	#
380	97784	30	24	18	25	31	114	#
381	51309	24	30	31	18	32	114	#
382	94107	42	#
383	423332	20	34	19	26	33	14	115	#
384	593717	19	20	13	7	6	0	115	#
385	480980	14	8	13	20	19	9	115	#
386	411748	20	21	19	22	16	13	115	#
387	390477	33	28	23	17	32	34	115	#
388	286778	26	32	20	14	27	33	115	#
389	47708	26	20	116	#
390	61186	26	25	116	#
391	231682	30	24	18	25	117	#
392	226173	24	18	25	26	117	#
393	208114	30	24	25	26	117	#
394	177620	25	26	24	20	117	#
395	134146	18	19	13	20	117	#
396	69898	36	#
397	505658	36	37	35	34	33	28	29	23	118	#
398	472262	34	29	28	35	23	33	19	13	118	#
399	431044	36	34	35	33	28	32	29	23	118	#
400	410419	28	23	34	33	32	26	35	20	118	#
401	375668	37	16	22	28	23	21	34	29	118	#
402	369239	29	34	33	28	22	23	17	35	118	#
403	426289	17	23	11	29	34	33	22	28	16	119	#
404	564522	29	35	34	28	23	33	22	32	17	119	#
405	533807	17	23	28	33	32	34	26	16	19	119	#
406	487126	11	10	4	17	3	9	5	2	23	119	#
407	465251	34	29	23	28	17	11	33	35	5	119	#
408	439124	23	22	21	28	17	34	11	5	29	119	#
409	356912	20	26	19	18	14	21	15	44	120	#
410	532246	19	20	27	25	18	31	26	12	120	#
411	525583	20	27	14	19	26	25	15	31	120	#
412	490240	18	24	12	19	30	8	20	21	120	#
413	477763	14	13	19	25	20	26	22	16	120	#
414	411052	15	14	21	20	19	26	18	32	120	#
415	191062	13	7	121	#
416	117880	13	14	121	#
417	595080	41	34	28	22	23	33	17	29	16	21	35	11	5	4	20	122	#
418	800638	20	26	14	15	8	3	9	25	4	31	7	21	30	27	19	122	#
419	752520	23	22	16	17	28	11	33	5	10	24	36	34	30	9	31	122	#
420	737476	5	4	3	11	8	2	7	10	0	9	6	14	15	20	1	122	#
421	705569	16	17	11	5	10	23	4	22	28	21	15	33	34	8	7	122	#
422	666032	11	17	5	16	22	1	0	21	2	20	7	6	14	23	28	122	#
423	470640	18	24	25	12	19	31	123	#
424	485514	25	31	24	19	20	18	123	#
425	448585	19	20	27	14	26	18	123	#
426	428595	31	30	32	25	19	24	123	#
427	417931	18	12	19	20	21	38	123	#
428	403633	24	25	30	26	19	31	123	#
429	46397	9	#
430	121239	33	34	124	#
431	119063	33	32	124	#
432	107645	34	29	124	#
433	163329	27	20	19	21	125	#
434	171501	20	14	21	27	125	#
435	157098	27	20	14	44	125	#
436	142392	21	15	14	20	125	#
437	313195	14	13	7	6	12	1	126	#
438	393790	13	6	14	7	15	19	126	#
439	366372	12	30	24	31	32	13	126	#
440	343824	6	12	18	24	19	13	126	#
441	187844	14	20	13	41	26	17	126	#
442	2034360	2	8	1	3	7	15	36	21	20	9	14	4	27	6	25	11	22	23	26	12	24	17	13	28	19	30	10	18	16	31	5	34	0	29	32	33	35	37	127	#
443	2124543	23	17	29	35	16	11	34	22	26	28	44	32	20	5	33	25	24	40	21	10	4	9	18	31	27	8	19	7	12	13	6	14	30	15	3	0	1	39	127	#
444	2119906	3	8	15	7	6	9	2	14	20	13	0	39	21	19	12	25	27	18	24	26	30	22	23	1	32	28	33	31	4	16	34	10	11	5	17	35	29	42	127	#
445	2108947	19	18	24	13	14	6	30	20	12	25	26	27	21	31	8	32	0	3	2	4	10	7	15	1	33	34	9	28	35	11	29	23	22	5	17	16	39	43	127	#
446	2094816	30	24	18	12	25	19	6	13	7	8	0	31	1	14	32	20	33	2	4	10	3	34	29	28	23	22	42	27	35	21	16	15	26	17	11	5	9	43	127	#
447	2089499	18	24	25	19	12	20	14	26	8	30	13	6	7	15	31	0	21	1	9	32	27	22	33	2	28	3	4	5	34	23	10	11	16	17	35	29	40	39	127	#
448	103471	32	31	26	30	20	128	#
449	99975	30	24	18	31	19	128	#
