%% File generated by CATS v.2.1Mon Aug 19 19:13:42 2019

%% The CATS webpage is http://robotics.stanford.edu/CATS

%% PARAMETER SETTINGS:
% Goods: 25; Bids: 250; Distribution: paths; Runs: 10; Seed: 1566251287
% Paths Distribution Parameters:
% Initial connections:       = 2
% Edge density:              = 3.000000
% Shipping cost factor:      = 1.500000
% Max bid set size:          = 5
% Building penalty:          = 1.700000



goods 25
bids 252
dummy 66

0	752	20	26	#
1	752	1	5	21	26	#
2	531	6	11	27	#
3	531	5	18	27	#
4	531	5	10	11	27	#
5	368	4	5	#
6	502	16	28	#
7	502	3	9	28	#
8	166	2	#
9	871	6	11	12	29	#
10	871	16	21	29	#
11	871	3	23	29	#
12	871	5	14	29	#
13	871	5	12	18	29	#
14	871	6	11	12	30	#
15	871	16	21	30	#
16	871	3	23	30	#
17	871	5	14	30	#
18	871	5	12	18	30	#
19	235	6	#
20	993	15	31	#
21	993	1	14	31	#
22	993	1	12	18	31	#
23	993	11	12	24	31	#
24	993	1	10	11	12	31	#
25	834	25	32	#
26	834	11	19	32	#
27	834	2	17	32	#
28	834	7	11	12	32	#
29	798	11	12	33	#
30	798	3	17	33	#
31	256	1	#
32	917	2	22	34	#
33	917	18	19	34	#
34	917	10	25	34	#
35	917	10	11	19	34	#
36	917	2	10	17	34	#
37	279	7	#
38	235	6	#
39	556	8	9	35	#
40	556	3	12	35	#
41	493	21	#
42	294	1	#
43	434	6	11	#
44	641	17	#
45	553	8	9	36	#
46	553	3	12	36	#
47	803	1	18	37	#
48	803	11	24	37	#
49	803	1	10	11	37	#
50	803	1	5	6	11	37	#
51	803	0	13	37	#
52	251	7	#
53	301	8	#
54	547	10	4	38	#
55	547	24	0	38	#
56	526	9	2	#
57	306	1	#
58	1088	12	13	39	#
59	1088	14	4	39	#
60	1088	12	18	4	39	#
61	1088	12	11	10	4	39	#
62	1088	15	0	39	#
63	471	9	#
64	648	1	18	40	#
65	648	24	11	40	#
66	648	1	10	11	40	#
67	228	7	#
68	1061	4	22	41	#
69	1061	4	10	17	41	#
70	1061	4	5	23	41	#
71	1061	0	20	9	41	#
72	1061	4	5	21	9	41	#
73	166	2	#
74	513	12	#
75	350	4	#
76	1167	2	22	4	42	#
77	1167	19	13	42	#
78	1167	19	18	4	42	#
79	1167	25	10	4	42	#
80	1167	19	11	10	4	42	#
81	919	2	23	43	#
82	919	2	9	21	43	#
83	919	25	6	43	#
84	919	19	11	6	43	#
85	919	2	17	6	43	#
86	889	22	44	#
87	889	17	10	44	#
88	889	23	5	44	#
89	889	9	21	5	44	#
90	889	17	6	5	44	#
91	825	23	2	#
92	840	20	45	#
93	840	21	5	1	45	#
94	840	8	18	1	45	#
95	840	8	11	24	45	#
96	141	2	#
97	140	2	#
98	190	10	#
99	394	24	#
100	1167	2	22	4	46	#
101	1167	19	13	46	#
102	1167	19	18	4	46	#
103	1167	25	10	4	46	#
104	1167	19	11	10	4	46	#
105	788	20	47	#
106	788	21	5	1	47	#
107	281	4	#
108	321	8	#
109	1167	4	22	2	48	#
110	1167	13	19	48	#
111	1167	4	18	19	48	#
112	1167	4	10	25	48	#
113	1167	4	10	11	19	48	#
114	1088	12	13	49	#
115	1088	14	4	49	#
116	1088	12	18	4	49	#
117	1088	12	11	10	4	49	#
118	1088	15	0	49	#
119	232	7	#
120	743	12	11	#
121	211	6	#
122	1071	2	9	20	#
123	167	0	#
124	520	16	50	#
125	520	3	9	50	#
126	159	0	#
127	671	1	18	51	#
128	671	24	11	51	#
129	671	1	10	11	51	#
130	626	20	#
131	585	10	4	52	#
132	585	24	0	52	#
133	585	10	1	0	52	#
134	585	6	5	4	52	#
135	919	23	2	53	#
136	919	21	9	2	53	#
137	919	6	25	53	#
138	919	6	11	19	53	#
139	919	6	17	2	53	#
140	1119	20	9	2	54	#
141	1119	1	22	2	54	#
142	1119	1	18	19	54	#
143	1119	24	25	54	#
144	1119	24	11	19	54	#
145	784	18	1	55	#
146	784	11	24	55	#
147	784	11	10	1	55	#
148	784	11	6	5	1	55	#
149	536	21	#
150	430	21	#
151	720	23	56	#
152	720	21	9	56	#
153	561	21	#
154	669	5	21	57	#
155	669	18	8	57	#
156	669	10	11	8	57	#
157	400	18	#
158	189	2	#
159	595	11	12	#
160	1167	4	22	2	58	#
161	1167	13	19	58	#
162	1167	4	18	19	58	#
163	1167	4	10	25	58	#
164	1167	4	10	11	19	58	#
165	766	13	59	#
166	766	18	4	59	#
167	766	11	10	4	59	#
168	766	18	1	0	59	#
169	766	11	24	0	59	#
170	551	18	60	#
171	551	10	11	60	#
172	551	5	6	11	60	#
173	202	3	#
174	1061	22	4	61	#
175	1061	17	10	4	61	#
176	1061	23	5	4	61	#
177	1061	9	20	0	61	#
178	1061	9	21	5	4	61	#
179	1167	2	22	4	62	#
180	1167	19	13	62	#
181	1167	19	18	4	62	#
182	1167	25	10	4	62	#
183	1167	19	11	10	4	62	#
184	316	4	#
185	420	6	11	#
186	115	5	#
187	572	18	63	#
188	572	10	11	63	#
189	572	5	6	11	63	#
190	503	8	11	#
191	199	0	#
192	244	10	#
193	242	11	#
194	145	5	#
195	898	25	64	#
196	898	19	11	64	#
197	898	2	17	64	#
198	898	7	12	11	64	#
199	898	2	9	8	11	64	#
200	471	18	65	#
201	471	10	11	65	#
202	917	2	22	66	#
203	917	19	18	66	#
204	917	25	10	66	#
205	917	19	11	10	66	#
206	917	2	17	10	66	#
207	190	0	#
208	412	12	#
209	1088	12	13	67	#
210	1088	14	4	67	#
211	1088	12	18	4	67	#
212	1088	12	11	10	4	67	#
213	1088	15	0	67	#
214	123	5	#
215	193	3	#
216	734	23	68	#
217	734	9	21	68	#
218	221	6	#
219	108	5	#
220	195	0	#
221	605	20	#
222	229	8	#
223	919	2	23	69	#
224	919	2	9	21	69	#
225	919	25	6	69	#
226	919	19	11	6	69	#
227	919	2	17	6	69	#
228	641	9	2	70	#
229	641	16	7	70	#
230	256	10	#
231	120	5	#
232	224	7	#
233	481	21	#
234	584	21	5	#
235	186	6	#
236	678	17	#
237	874	20	0	71	#
238	874	21	5	4	71	#
239	874	21	5	1	0	71	#
240	874	8	13	71	#
241	874	8	18	4	71	#
242	919	23	2	72	#
243	919	21	9	2	72	#
244	919	6	25	72	#
245	919	6	11	19	72	#
246	919	6	17	2	72	#
247	1119	20	9	2	73	#
248	1119	1	22	2	73	#
249	1119	1	18	19	73	#
250	1119	24	25	73	#
251	1119	24	11	19	73	#
