%% File generated by CATS v.2.1Mon Aug 19 19:13:42 2019

%% The CATS webpage is http://robotics.stanford.edu/CATS

%% PARAMETER SETTINGS:
% Goods: 30; Bids: 300; Distribution: paths; Runs: 10; Seed: 1566251291
% Paths Distribution Parameters:
% Initial connections:       = 2
% Edge density:              = 3.000000
% Shipping cost factor:      = 1.500000
% Max bid set size:          = 5
% Building penalty:          = 1.700000



goods 30
bids 301
dummy 117

0	745	26	#
1	1023	25	30	#
2	1023	6	20	30	#
3	1023	1	28	30	#
4	1023	16	29	30	#
5	1023	1	8	16	30	#
6	485	12	#
7	772	8	18	31	#
8	772	6	28	31	#
9	772	6	8	16	31	#
10	972	25	#
11	63	7	#
12	80	9	#
13	441	1	#
14	1093	18	21	32	#
15	1093	11	19	32	#
16	1093	5	11	18	32	#
17	1093	6	16	21	32	#
18	1093	6	11	14	32	#
19	891	23	33	#
20	891	10	27	33	#
21	882	9	14	34	#
22	882	7	19	34	#
23	882	5	7	18	34	#
24	882	5	9	16	34	#
25	882	4	9	28	34	#
26	520	17	35	#
27	520	3	4	35	#
28	520	2	5	35	#
29	520	2	4	8	35	#
30	520	3	5	8	35	#
31	882	9	14	36	#
32	882	7	19	36	#
33	882	5	7	18	36	#
34	882	5	9	16	36	#
35	882	4	9	28	36	#
36	198	5	#
37	1062	7	20	37	#
38	1062	9	25	37	#
39	1062	6	9	20	37	#
40	1062	6	7	25	37	#
41	1062	1	9	28	37	#
42	53	6	#
43	426	4	11	#
44	106	8	#
45	247	2	#
46	775	9	28	38	#
47	775	7	8	18	38	#
48	775	8	9	16	38	#
49	775	3	24	38	#
50	775	6	7	28	38	#
51	1070	13	39	#
52	1070	0	27	39	#
53	693	15	40	#
54	693	2	12	40	#
55	1023	25	41	#
56	1023	6	20	41	#
57	1023	1	28	41	#
58	1023	16	29	41	#
59	1023	1	8	16	41	#
60	931	4	26	42	#
61	931	10	22	42	#
62	227	2	#
63	486	11	4	#
64	775	9	28	43	#
65	775	7	18	8	43	#
66	775	9	16	8	43	#
67	775	24	3	43	#
68	775	7	6	28	43	#
69	217	5	#
70	931	26	4	44	#
71	931	10	22	44	#
72	931	10	12	17	44	#
73	931	10	12	3	4	44	#
74	931	10	15	5	44	#
75	708	2	21	45	#
76	708	17	11	45	#
77	708	3	4	11	45	#
78	708	2	5	11	45	#
79	708	2	8	4	11	45	#
80	1083	21	16	46	#
81	1083	11	14	46	#
82	1083	11	5	16	46	#
83	1083	21	18	6	46	#
84	1083	11	4	28	46	#
85	558	10	12	#
86	171	4	#
87	850	19	47	#
88	850	5	18	47	#
89	850	14	6	47	#
90	850	5	16	6	47	#
91	850	4	8	18	47	#
92	684	24	#
93	1104	7	18	21	48	#
94	1104	9	16	21	48	#
95	1104	9	14	11	48	#
96	1104	7	19	11	48	#
97	118	8	#
98	63	6	#
99	975	13	#
100	560	21	49	#
101	560	11	5	49	#
102	560	11	4	8	49	#
103	55	6	#
104	204	5	#
105	698	12	10	#
106	555	29	50	#
107	555	8	1	50	#
108	480	29	51	#
109	480	1	8	51	#
110	298	3	#
111	195	4	#
112	882	9	14	52	#
113	882	7	19	52	#
114	882	7	18	5	52	#
115	882	9	16	5	52	#
116	882	9	28	4	52	#
117	584	24	#
118	796	15	10	53	#
119	796	2	12	10	53	#
120	796	8	26	53	#
121	412	17	54	#
122	412	4	3	54	#
123	412	5	2	54	#
124	1003	23	55	#
125	1003	27	10	55	#
126	1003	1	3	12	55	#
127	489	4	11	#
128	636	16	#
129	1047	20	56	#
130	1047	25	6	56	#
131	1047	29	18	56	#
132	1047	1	8	18	56	#
133	1047	25	9	7	56	#
134	854	10	15	57	#
135	854	10	12	2	57	#
136	854	26	8	57	#
137	1083	16	21	58	#
138	1083	14	11	58	#
139	1083	16	5	11	58	#
140	1083	6	18	21	58	#
141	1083	28	4	11	58	#
142	53	7	#
143	631	24	7	59	#
144	631	24	9	6	59	#
145	1063	0	23	60	#
146	1063	13	10	60	#
147	1063	21	15	60	#
148	1063	21	2	12	60	#
149	1063	11	22	60	#
150	634	24	9	61	#
151	634	24	7	6	61	#
152	1017	0	23	#
153	269	2	#
154	848	14	62	#
155	848	16	5	62	#
156	848	28	4	62	#
157	848	16	8	4	62	#
158	848	6	19	62	#
159	49	6	#
160	1043	16	21	#
161	1069	21	18	63	#
162	1069	11	19	63	#
163	1069	11	5	18	63	#
164	1069	21	16	6	63	#
165	882	14	9	64	#
166	882	19	7	64	#
167	882	5	18	7	64	#
168	882	5	16	9	64	#
169	882	4	28	9	64	#
170	55	6	#
171	1047	20	65	#
172	1047	6	25	65	#
173	1047	18	29	65	#
174	1047	18	8	1	65	#
175	1047	7	9	25	65	#
176	256	0	#
177	520	17	66	#
178	520	4	3	66	#
179	520	5	2	66	#
180	520	4	8	2	66	#
181	520	5	8	3	66	#
182	775	9	28	67	#
183	775	7	18	8	67	#
184	775	9	16	8	67	#
185	775	24	3	67	#
186	775	7	6	28	67	#
187	848	14	68	#
188	848	5	16	68	#
189	848	4	28	68	#
190	848	4	8	16	68	#
191	848	19	6	68	#
192	944	3	12	69	#
193	944	8	15	69	#
194	944	8	2	12	69	#
195	944	26	10	69	#
196	484	1	4	70	#
197	484	0	11	70	#
198	538	12	#
199	934	10	15	71	#
200	934	10	12	2	71	#
201	934	26	8	71	#
202	934	10	12	3	8	71	#
203	1093	18	21	72	#
204	1093	19	11	72	#
205	1093	18	5	11	72	#
206	1093	6	16	21	72	#
207	1093	6	14	11	72	#
208	708	21	2	73	#
209	708	11	17	73	#
210	708	11	4	3	73	#
211	708	11	5	2	73	#
212	708	11	4	8	2	73	#
213	604	3	1	#
214	150	4	#
215	1062	7	20	74	#
216	1062	9	25	74	#
217	1062	9	6	20	74	#
218	1062	7	6	25	74	#
219	1062	9	28	1	74	#
220	931	26	4	75	#
221	931	10	22	75	#
222	931	10	12	17	75	#
223	931	10	12	3	4	75	#
224	931	10	15	5	75	#
225	328	2	#
226	791	10	15	76	#
227	791	10	12	2	76	#
228	791	26	8	76	#
229	1151	13	77	#
230	1151	0	27	77	#
231	1151	0	23	10	77	#
232	1151	11	4	26	77	#
233	1151	21	15	10	77	#
234	430	12	#
235	270	3	#
236	666	24	#
237	637	24	#
238	1151	13	78	#
239	1151	0	27	78	#
240	1151	0	23	10	78	#
241	1151	11	4	26	78	#
242	1151	21	15	10	78	#
243	798	8	18	79	#
244	798	28	6	79	#
245	798	8	16	6	79	#
246	798	28	9	7	79	#
247	798	8	16	9	7	79	#
248	1062	7	20	80	#
249	1062	9	25	80	#
250	1062	9	6	20	80	#
251	1062	7	6	25	80	#
252	1062	9	28	1	80	#
253	738	26	#
254	58	6	#
255	80	9	#
256	555	24	#
257	798	18	8	81	#
258	798	6	28	81	#
259	798	6	16	8	81	#
260	798	7	9	28	81	#
261	798	7	9	16	8	81	#
262	81	9	#
263	810	19	82	#
264	810	5	18	82	#
265	568	10	12	#
266	653	9	24	83	#
267	653	6	7	24	83	#
268	294	0	#
269	148	10	#
270	1083	21	16	84	#
271	1083	11	14	84	#
272	1083	11	5	16	84	#
273	1083	21	18	6	84	#
274	1083	11	4	28	84	#
275	848	14	85	#
276	848	16	5	85	#
277	848	28	4	85	#
278	848	16	8	4	85	#
279	848	6	19	85	#
280	1084	27	86	#
281	1084	10	23	86	#
282	1084	26	1	86	#
283	684	9	24	87	#
284	684	6	7	24	87	#
285	66	9	#
286	1132	27	88	#
287	1132	10	23	88	#
288	1132	26	1	88	#
289	1132	10	12	3	1	88	#
290	49	7	#
291	1083	21	16	89	#
292	1083	11	14	89	#
293	1083	11	5	16	89	#
294	1083	21	18	6	89	#
295	1083	11	4	28	89	#
296	848	14	90	#
297	848	16	5	90	#
298	848	28	4	90	#
299	848	16	8	4	90	#
300	848	6	19	90	#
