%% File generated by CATS v.2.1Mon Aug 19 19:13:43 2019

%% The CATS webpage is http://robotics.stanford.edu/CATS

%% PARAMETER SETTINGS:
% Goods: 50; Bids: 4000; Distribution: paths; Runs: 10; Seed: 1566251311
% Paths Distribution Parameters:
% Initial connections:       = 2
% Edge density:              = 3.000000
% Shipping cost factor:      = 1.500000
% Max bid set size:          = 5
% Building penalty:          = 1.700000



goods 50
bids 4002
dummy 1833

0	122	12	#
1	934	19	45	#
2	870	6	49	#
3	483	12	32	50	#
4	483	11	12	15	50	#
5	694	0	31	51	#
6	694	10	17	34	51	#
7	694	0	1	10	34	51	#
8	694	15	16	17	51	#
9	694	0	1	15	16	51	#
10	920	6	29	52	#
11	920	6	11	16	40	52	#
12	920	6	12	19	40	52	#
13	120	11	#
14	669	12	46	53	#
15	669	11	16	17	53	#
16	669	0	1	11	16	53	#
17	669	12	17	19	53	#
18	669	0	1	12	19	53	#
19	519	18	24	54	#
20	519	3	18	23	54	#
21	906	44	55	#
22	906	10	30	55	#
23	906	10	14	38	55	#
24	906	10	14	32	40	55	#
25	906	10	11	14	15	40	55	#
26	365	7	56	#
27	365	6	14	56	#
28	380	1	19	#
29	923	35	57	#
30	923	31	43	57	#
31	868	22	26	58	#
32	868	20	21	26	58	#
33	868	9	33	58	#
34	222	2	21	#
35	687	5	11	37	#
36	971	1	14	29	59	#
37	971	1	19	47	59	#
38	702	9	18	21	23	60	#
39	702	2	18	21	24	60	#
40	702	2	3	18	21	23	60	#
41	305	32	61	#
42	305	11	15	61	#
43	584	39	62	#
44	584	7	18	62	#
45	360	36	63	#
46	360	8	9	63	#
47	360	2	3	8	63	#
48	80	2	#
49	487	1	16	#
50	544	12	40	#
51	281	32	64	#
52	281	11	15	64	#
53	546	10	13	65	#
54	546	4	5	10	65	#
55	958	9	10	22	23	43	#
56	756	15	43	#
57	414	10	32	66	#
58	414	10	11	15	66	#
59	538	11	40	#
60	462	1	34	#
61	339	9	23	67	#
62	339	2	24	67	#
63	339	2	3	23	67	#
64	264	16	#
65	402	17	68	#
66	402	0	1	68	#
67	284	5	#
68	223	5	#
69	1176	0	42	69	#
70	1176	45	46	69	#
71	1176	2	21	41	69	#
72	1176	0	2	22	35	69	#
73	1176	0	2	22	31	43	69	#
74	543	11	37	70	#
75	543	4	10	32	70	#
76	543	4	10	11	15	70	#
77	988	3	42	#
78	900	27	71	#
79	900	6	22	48	71	#
80	900	2	22	28	71	#
81	900	6	20	21	48	71	#
82	900	9	22	23	39	71	#
83	660	39	72	#
84	660	7	18	72	#
85	660	6	14	18	72	#
86	649	4	19	34	73	#
87	649	11	12	37	73	#
88	649	4	10	12	32	73	#
89	649	4	10	11	12	15	73	#
90	658	29	#
91	634	15	43	#
92	372	40	#
93	1159	5	25	#
94	303	32	74	#
95	303	11	15	74	#
96	600	29	#
97	738	18	23	9	22	75	#
98	738	18	24	2	22	75	#
99	738	18	23	3	2	22	75	#
100	738	18	23	9	21	20	75	#
101	365	34	4	#
102	845	35	76	#
103	845	31	43	76	#
104	1135	13	44	77	#
105	1135	13	10	30	77	#
106	1135	5	4	44	77	#
107	1135	5	4	10	30	77	#
108	1135	33	23	18	77	#
109	912	6	49	78	#
110	912	6	48	8	78	#
111	932	18	47	79	#
112	932	24	45	79	#
113	932	23	3	45	79	#
114	932	18	14	40	12	79	#
115	240	16	#
116	716	48	2	80	#
117	716	14	18	24	80	#
118	716	14	18	23	3	80	#
119	673	6	40	11	#
120	800	43	32	81	#
121	800	43	15	11	81	#
122	760	48	82	#
123	760	14	18	23	9	82	#
124	760	14	18	24	2	82	#
125	482	10	13	83	#
126	482	10	4	5	83	#
127	1038	14	29	1	84	#
128	1038	47	19	1	84	#
129	1038	14	40	11	16	1	84	#
130	1038	30	31	84	#
131	1038	14	40	12	19	1	84	#
132	670	40	14	#
133	994	10	38	6	85	#
134	994	10	32	40	6	85	#
135	994	10	15	11	40	6	85	#
136	994	34	29	6	85	#
137	994	4	25	85	#
138	493	12	40	#
139	927	2	22	26	86	#
140	927	3	33	86	#
141	927	2	21	20	26	86	#
142	232	8	#
143	783	26	#
144	84	2	#
145	735	26	#
146	636	5	37	87	#
147	636	13	10	15	87	#
148	636	5	4	10	15	87	#
149	407	9	23	88	#
150	407	2	24	88	#
151	407	2	3	23	88	#
152	706	17	16	89	#
153	706	0	1	16	89	#
154	706	46	12	11	89	#
155	706	0	31	15	89	#
156	946	33	90	#
157	946	9	22	26	90	#
158	946	3	2	22	26	90	#
159	946	9	21	20	26	90	#
160	310	7	#
161	240	5	#
162	785	14	40	11	#
163	863	49	91	#
164	863	8	48	91	#
165	337	23	9	92	#
166	337	24	2	92	#
167	337	23	3	2	92	#
168	818	48	21	93	#
169	818	48	22	20	93	#
170	711	47	94	#
171	711	14	40	12	94	#
172	97	2	#
173	986	35	95	#
174	986	31	43	95	#
175	986	1	34	10	43	95	#
176	986	1	16	15	43	95	#
177	986	42	2	22	95	#
178	545	20	43	#
179	707	48	21	96	#
180	707	48	22	20	96	#
181	396	17	97	#
182	396	1	0	97	#
183	639	6	40	11	#
184	948	42	3	#
185	108	20	#
186	426	31	#
187	494	22	9	23	98	#
188	494	22	2	24	98	#
189	494	22	2	3	23	98	#
190	494	20	21	9	23	98	#
191	494	20	21	2	24	98	#
192	726	20	26	#
193	735	48	22	99	#
194	735	48	21	20	99	#
195	1166	42	24	100	#
196	1166	42	3	23	100	#
197	461	19	1	#
198	816	44	101	#
199	816	10	30	101	#
200	1035	25	102	#
201	1035	4	10	38	6	102	#
202	1035	37	11	40	6	102	#
203	1035	4	10	32	40	6	102	#
204	1035	4	10	15	11	40	6	102	#
205	282	11	12	#
206	646	43	#
207	1035	25	103	#
208	1035	6	38	10	4	103	#
209	1035	6	40	11	37	103	#
210	1035	6	40	32	10	4	103	#
211	1035	6	40	11	15	10	4	103	#
212	563	43	#
213	241	6	#
214	870	32	43	104	#
215	870	11	15	43	104	#
216	679	47	105	#
217	679	12	40	14	105	#
218	175	4	#
219	900	27	106	#
220	900	22	48	6	106	#
221	900	22	2	28	106	#
222	900	20	21	48	6	106	#
223	900	22	9	23	39	106	#
224	689	14	40	11	#
225	928	38	10	4	107	#
226	928	40	11	37	107	#
227	928	40	32	10	4	107	#
228	928	40	11	15	10	4	107	#
229	928	29	34	4	107	#
230	893	29	6	108	#
231	893	16	11	40	6	108	#
232	893	19	12	40	6	108	#
233	675	18	23	9	109	#
234	675	18	24	2	109	#
235	675	18	23	3	2	109	#
236	972	21	2	45	110	#
237	972	20	22	2	45	110	#
238	972	20	43	32	12	110	#
239	972	20	43	15	11	12	110	#
240	972	21	9	3	45	110	#
241	986	35	111	#
242	986	43	31	111	#
243	986	43	10	34	1	111	#
244	986	43	15	16	1	111	#
245	986	22	2	42	111	#
246	573	0	31	#
247	875	14	29	112	#
248	875	47	19	112	#
249	875	14	40	11	16	112	#
250	875	14	40	12	19	112	#
251	744	48	22	113	#
252	744	48	21	20	113	#
253	827	45	2	#
254	956	47	18	114	#
255	956	45	24	114	#
256	956	45	3	23	114	#
257	956	12	40	14	18	114	#
258	303	8	22	#
259	888	33	23	#
260	461	10	13	115	#
261	461	10	4	5	115	#
262	1119	6	29	17	116	#
263	1119	6	29	1	0	116	#
264	1119	6	40	12	46	116	#
265	825	19	34	13	117	#
266	825	19	34	4	5	117	#
267	825	12	11	37	5	117	#
268	825	12	32	10	13	117	#
269	825	12	11	15	10	13	117	#
270	112	11	#
271	1043	42	3	118	#
272	1043	42	2	9	118	#
273	600	11	37	119	#
274	600	32	10	4	119	#
275	600	11	15	10	4	119	#
276	341	7	#
277	301	23	9	#
278	527	43	#
279	789	26	22	2	#
280	781	2	22	26	#
281	300	7	#
282	631	23	36	120	#
283	631	23	9	8	120	#
284	631	24	2	8	120	#
285	631	23	3	2	8	120	#
286	723	6	48	#
287	353	13	121	#
288	353	5	4	121	#
289	695	28	#
290	236	1	#
291	132	22	#
292	884	23	33	#
293	1137	46	47	122	#
294	1137	17	29	14	122	#
295	1137	0	1	29	14	122	#
296	1137	46	12	40	14	122	#
297	1137	17	19	47	122	#
298	931	42	#
299	154	11	#
300	541	1	16	11	123	#
301	541	1	19	12	123	#
302	916	4	10	38	124	#
303	916	37	11	40	124	#
304	916	4	10	32	40	124	#
305	916	4	10	15	11	40	124	#
306	380	4	34	#
307	286	22	9	125	#
308	286	22	2	3	125	#
309	243	6	#
310	368	34	4	#
311	671	43	#
312	873	2	22	26	126	#
313	873	3	33	126	#
314	873	2	21	20	26	126	#
315	827	6	48	127	#
316	827	28	2	127	#
317	827	39	23	9	127	#
318	827	39	24	2	127	#
319	917	38	6	128	#
320	917	32	40	6	128	#
321	917	15	11	40	6	128	#
322	933	25	#
323	576	43	10	#
324	370	18	#
325	612	43	#
326	210	5	#
327	551	11	37	129	#
328	551	32	10	4	129	#
329	551	11	15	10	4	129	#
330	346	7	#
331	605	2	48	#
332	991	49	6	130	#
333	991	8	48	6	130	#
334	991	8	2	28	130	#
335	991	36	23	39	130	#
336	619	34	13	131	#
337	619	34	4	5	131	#
338	97	2	#
339	727	16	17	132	#
340	727	16	1	0	132	#
341	727	11	12	46	132	#
342	727	15	31	0	132	#
343	177	2	21	#
344	741	18	23	36	#
345	837	6	48	133	#
346	837	28	2	133	#
347	837	39	23	9	133	#
348	837	39	24	2	133	#
349	837	39	23	3	2	133	#
350	696	43	15	#
351	830	48	21	134	#
352	830	48	22	20	134	#
353	377	8	2	#
354	456	12	32	135	#
355	456	12	11	15	135	#
356	124	21	#
357	1047	44	4	136	#
358	1047	30	10	4	136	#
359	1047	14	38	10	4	136	#
360	1047	14	40	11	37	136	#
361	1047	14	40	32	10	4	136	#
362	1047	44	4	137	#
363	1047	30	10	4	137	#
364	1047	14	38	10	4	137	#
365	1047	14	40	11	37	137	#
366	1047	14	40	32	10	4	137	#
367	380	40	#
368	140	12	#
369	1165	42	0	138	#
370	1165	45	46	138	#
371	1165	2	21	41	138	#
372	188	23	#
373	672	48	22	#
374	278	16	#
375	605	34	17	139	#
376	605	34	1	0	139	#
377	101	22	#
378	717	11	40	6	#
379	999	49	6	140	#
380	999	8	48	6	140	#
381	999	8	2	28	140	#
382	999	36	23	39	140	#
383	999	8	9	23	39	140	#
384	1027	35	20	141	#
385	1027	31	43	20	141	#
386	1027	42	2	21	141	#
387	1027	35	22	21	141	#
388	1027	31	43	22	21	141	#
389	492	17	142	#
390	492	0	1	142	#
391	1067	38	10	13	143	#
392	1067	38	10	4	5	143	#
393	1067	40	11	37	5	143	#
394	1067	40	32	10	13	143	#
395	1067	40	11	15	10	13	143	#
396	593	36	23	144	#
397	593	8	9	23	144	#
398	593	8	2	24	144	#
399	593	8	2	3	23	144	#
400	533	6	40	#
401	615	2	48	#
402	825	10	38	6	#
403	511	36	23	145	#
404	511	8	9	23	145	#
405	511	8	2	24	145	#
406	1176	42	0	146	#
407	1176	45	46	146	#
408	1176	2	21	41	146	#
409	1176	2	22	35	0	146	#
410	1176	2	22	43	31	0	146	#
411	232	23	#
412	737	33	#
413	213	15	#
414	745	18	23	9	21	147	#
415	745	18	24	2	21	147	#
416	745	18	23	3	2	21	147	#
417	745	18	23	9	22	20	147	#
418	745	18	24	2	22	20	147	#
419	792	43	10	34	#
420	782	43	32	148	#
421	782	43	15	11	148	#
422	164	15	#
423	1116	41	21	149	#
424	1116	0	42	2	149	#
425	1116	0	35	22	149	#
426	1116	0	31	43	22	149	#
427	1116	41	20	22	149	#
428	1182	25	5	150	#
429	1182	6	38	10	13	150	#
430	1182	6	38	10	4	5	150	#
431	882	35	151	#
432	882	31	43	151	#
433	745	30	152	#
434	745	14	38	152	#
435	538	46	#
436	484	32	12	153	#
437	484	15	11	12	153	#
438	538	1	16	11	154	#
439	538	1	19	12	154	#
440	1019	42	2	155	#
441	1019	35	22	155	#
442	1019	31	43	22	155	#
443	1019	35	20	21	155	#
444	1019	31	43	20	21	155	#
445	223	14	#
446	137	22	#
447	621	5	37	156	#
448	621	13	10	15	156	#
449	621	5	4	10	15	156	#
450	954	45	2	21	157	#
451	954	45	2	22	20	157	#
452	954	12	32	43	20	157	#
453	954	12	11	15	43	20	157	#
454	906	44	158	#
455	906	10	30	158	#
456	906	10	38	14	158	#
457	906	10	32	40	14	158	#
458	906	10	15	11	40	14	158	#
459	1043	41	#
460	745	18	23	9	21	159	#
461	745	18	24	2	21	159	#
462	745	18	23	3	2	21	159	#
463	745	18	23	9	22	20	159	#
464	745	18	24	2	22	20	159	#
465	254	9	21	#
466	825	19	34	13	160	#
467	825	19	34	4	5	160	#
468	825	12	11	37	5	160	#
469	825	12	32	10	13	160	#
470	825	12	11	15	10	13	160	#
471	900	27	161	#
472	900	22	48	6	161	#
473	900	22	2	28	161	#
474	900	20	21	48	6	161	#
475	900	22	9	23	39	161	#
476	826	47	162	#
477	826	12	40	14	162	#
478	906	6	48	21	163	#
479	906	28	2	21	163	#
480	906	27	20	163	#
481	906	6	48	22	20	163	#
482	906	39	23	9	21	163	#
483	811	14	40	11	164	#
484	811	30	15	164	#
485	1231	5	25	165	#
486	1231	13	10	38	6	165	#
487	1231	5	4	10	38	6	165	#
488	1231	5	37	11	40	6	165	#
489	1231	13	10	32	40	6	165	#
490	879	45	3	166	#
491	879	45	2	9	166	#
492	953	42	#
493	664	18	23	9	22	167	#
494	664	18	24	2	22	167	#
495	1115	41	168	#
496	1115	20	35	0	168	#
497	1115	20	43	31	0	168	#
498	326	8	2	#
499	845	2	45	#
500	906	21	48	6	169	#
501	906	21	2	28	169	#
502	906	20	27	169	#
503	906	20	22	48	6	169	#
504	906	21	9	23	39	169	#
505	207	8	#
506	865	35	170	#
507	865	31	43	170	#
508	687	48	#
509	443	23	18	#
510	488	23	9	21	171	#
511	488	24	2	21	171	#
512	488	23	3	2	21	171	#
513	488	23	9	22	20	171	#
514	488	24	2	22	20	171	#
515	1042	23	33	172	#
516	1042	23	9	22	26	172	#
517	1042	24	2	22	26	172	#
518	1042	23	3	2	22	26	172	#
519	1042	24	3	33	172	#
520	898	42	#
521	901	4	44	173	#
522	901	4	10	30	173	#
523	574	38	#
524	636	46	174	#
525	636	19	17	174	#
526	636	19	1	0	174	#
527	77	2	#
528	899	45	2	22	175	#
529	899	12	32	43	175	#
530	899	12	11	15	43	175	#
531	77	2	#
532	257	22	9	#
533	673	19	34	4	176	#
534	673	12	11	37	176	#
535	673	12	32	10	4	176	#
536	673	12	11	15	10	4	176	#
537	1202	0	42	3	177	#
538	1202	41	21	9	177	#
539	1202	46	45	3	177	#
540	1202	0	42	2	9	177	#
541	1202	41	21	2	3	177	#
542	994	10	38	6	178	#
543	994	10	32	40	6	178	#
544	994	10	15	11	40	6	178	#
545	994	34	29	6	178	#
546	994	4	25	178	#
547	522	40	11	#
548	631	46	179	#
549	631	19	17	179	#
550	631	19	1	0	179	#
551	728	39	23	180	#
552	728	7	18	23	180	#
553	544	13	10	181	#
554	544	5	4	10	181	#
555	930	38	6	182	#
556	930	32	40	6	182	#
557	930	15	11	40	6	182	#
558	1202	3	42	0	183	#
559	1202	9	21	41	183	#
560	1202	3	45	46	183	#
561	1202	9	2	42	0	183	#
562	1202	3	2	21	41	183	#
563	742	11	40	14	#
564	800	36	23	18	184	#
565	800	8	9	23	18	184	#
566	800	8	2	24	18	184	#
567	800	8	2	3	23	18	184	#
568	800	49	14	184	#
569	417	9	23	185	#
570	417	2	24	185	#
571	417	2	3	23	185	#
572	774	43	32	186	#
573	774	43	15	11	186	#
574	1035	25	187	#
575	1035	6	38	10	4	187	#
576	1035	6	40	11	37	187	#
577	1035	6	40	32	10	4	187	#
578	1035	6	40	11	15	10	4	187	#
579	480	23	36	#
580	339	24	188	#
581	339	3	23	188	#
582	519	11	40	#
583	675	47	189	#
584	675	12	40	14	189	#
585	796	26	22	190	#
586	796	26	20	21	190	#
587	1067	13	10	38	191	#
588	1067	5	4	10	38	191	#
589	1067	5	37	11	40	191	#
590	1067	13	10	32	40	191	#
591	1067	13	10	15	11	40	191	#
592	599	2	48	#
593	847	21	48	192	#
594	847	20	22	48	192	#
595	847	21	9	23	18	14	192	#
596	847	21	2	24	18	14	192	#
597	723	29	193	#
598	723	40	11	16	193	#
599	723	40	12	19	193	#
600	207	4	#
601	716	47	194	#
602	716	14	40	12	194	#
603	989	23	9	22	43	10	195	#
604	989	24	2	22	43	10	195	#
605	989	23	3	2	22	43	10	195	#
606	906	44	196	#
607	906	30	10	196	#
608	906	14	38	10	196	#
609	906	14	40	32	10	196	#
610	906	14	40	11	15	10	196	#
611	712	11	37	5	197	#
612	712	32	10	13	197	#
613	712	11	15	10	13	197	#
614	712	32	10	4	5	197	#
615	712	11	15	10	4	5	197	#
616	849	6	49	#
617	351	9	23	198	#
618	351	2	24	198	#
619	351	2	3	23	198	#
620	276	9	21	199	#
621	276	3	2	21	199	#
622	551	22	43	#
623	597	23	36	200	#
624	597	23	9	8	200	#
625	597	24	2	8	200	#
626	597	23	3	2	8	200	#
627	209	4	#
628	108	20	#
629	1336	0	42	24	201	#
630	1336	0	42	3	23	201	#
631	1336	46	47	18	201	#
632	1336	46	45	24	201	#
633	1336	41	21	9	23	201	#
634	625	14	40	#
635	214	16	#
636	982	35	202	#
637	982	43	31	202	#
638	982	43	10	34	1	202	#
639	982	43	15	16	1	202	#
640	664	48	22	#
641	774	1	29	#
642	572	10	43	#
643	109	11	#
644	97	2	#
645	208	8	#
646	1047	44	4	203	#
647	1047	30	10	4	203	#
648	1047	14	38	10	4	203	#
649	1047	14	40	11	37	203	#
650	1047	14	40	32	10	4	203	#
651	114	3	#
652	165	10	#
653	1135	13	44	204	#
654	1135	13	10	30	204	#
655	1135	5	4	44	204	#
656	1135	5	4	10	30	204	#
657	1135	33	23	18	204	#
658	687	39	23	#
659	276	34	#
660	512	13	205	#
661	512	4	5	205	#
662	974	1	29	206	#
663	974	1	16	11	40	206	#
664	974	1	19	12	40	206	#
665	974	31	38	206	#
666	783	48	207	#
667	783	14	18	23	9	207	#
668	783	14	18	24	2	207	#
669	783	14	18	23	3	2	207	#
670	1202	0	42	3	208	#
671	1202	41	21	9	208	#
672	1202	46	45	3	208	#
673	1202	0	42	2	9	208	#
674	1202	41	21	2	3	208	#
675	768	14	40	209	#
676	768	47	12	209	#
677	134	10	#
678	734	15	43	#
679	437	40	#
680	317	21	9	210	#
681	317	21	2	3	210	#
682	317	20	22	9	210	#
683	1038	14	29	1	211	#
684	1038	47	19	1	211	#
685	1038	14	40	11	16	1	211	#
686	1038	30	31	211	#
687	1038	14	40	12	19	1	211	#
688	324	2	8	#
689	354	13	212	#
690	354	5	4	212	#
691	616	36	23	213	#
692	616	8	9	23	213	#
693	616	8	2	24	213	#
694	616	8	2	3	23	213	#
695	100	22	#
696	790	28	214	#
697	790	24	39	214	#
698	790	3	23	39	214	#
699	790	2	48	6	214	#
700	790	24	18	7	214	#
701	698	13	34	215	#
702	698	5	4	34	215	#
703	120	10	#
704	834	26	#
705	1038	14	29	1	216	#
706	1038	47	19	1	216	#
707	1038	14	40	11	16	1	216	#
708	1038	30	31	216	#
709	1038	14	40	12	19	1	216	#
710	458	34	4	#
711	718	45	#
712	807	49	6	#
713	235	9	21	#
714	866	45	2	21	#
715	417	19	34	#
716	828	32	43	217	#
717	828	11	15	43	217	#
718	978	17	29	218	#
719	978	0	1	29	218	#
720	978	46	12	40	218	#
721	839	43	10	34	219	#
722	839	43	15	16	219	#
723	128	10	#
724	306	18	#
725	329	21	9	220	#
726	329	21	2	3	220	#
727	329	20	22	9	220	#
728	1116	21	41	221	#
729	1116	2	42	0	221	#
730	1116	22	35	0	221	#
731	1116	22	43	31	0	221	#
732	1116	22	20	41	221	#
733	393	7	222	#
734	393	6	14	222	#
735	799	38	6	223	#
736	799	32	40	6	223	#
737	799	15	11	40	6	223	#
738	632	14	40	#
739	1038	14	29	1	224	#
740	1038	47	19	1	224	#
741	1038	14	40	11	16	1	224	#
742	1038	30	31	224	#
743	1038	14	40	12	19	1	224	#
744	906	6	48	21	225	#
745	906	28	2	21	225	#
746	906	27	20	225	#
747	906	6	48	22	20	225	#
748	906	39	23	9	21	225	#
749	478	1	34	#
750	255	9	22	#
751	744	48	226	#
752	744	9	23	18	14	226	#
753	762	4	34	19	227	#
754	762	37	11	12	227	#
755	762	4	10	32	12	227	#
756	762	4	10	15	11	12	227	#
757	762	37	16	19	227	#
758	702	13	34	228	#
759	702	5	4	34	228	#
760	792	6	29	#
761	308	10	4	#
762	414	1	19	#
763	321	11	16	#
764	505	11	16	1	229	#
765	505	12	19	1	229	#
766	157	10	#
767	189	1	#
768	877	25	#
769	760	36	23	18	230	#
770	760	8	9	23	18	230	#
771	760	8	2	24	18	230	#
772	739	48	231	#
773	739	14	18	23	9	231	#
774	87	20	#
775	837	6	48	232	#
776	837	28	2	232	#
777	837	39	23	9	232	#
778	837	39	24	2	232	#
779	837	39	23	3	2	232	#
780	246	14	#
781	701	20	26	#
782	834	48	22	233	#
783	834	48	21	20	233	#
784	834	14	18	23	9	22	233	#
785	989	23	33	#
786	305	24	234	#
787	305	23	3	234	#
788	456	37	235	#
789	456	15	10	4	235	#
790	619	43	22	2	#
791	217	6	#
792	822	26	#
793	117	10	#
794	999	49	6	236	#
795	999	8	48	6	236	#
796	999	8	2	28	236	#
797	999	36	23	39	236	#
798	999	8	9	23	39	236	#
799	561	38	#
800	810	20	43	32	237	#
801	810	20	43	15	11	237	#
802	1047	4	44	238	#
803	1047	4	10	30	238	#
804	1047	4	10	38	14	238	#
805	1047	37	11	40	14	238	#
806	1047	4	10	32	40	14	238	#
807	214	1	#
808	846	29	14	239	#
809	846	19	47	239	#
810	839	1	29	#
811	760	5	37	240	#
812	760	13	10	15	240	#
813	760	5	4	10	15	240	#
814	760	13	34	16	240	#
815	760	5	4	34	16	240	#
816	655	43	15	#
817	873	17	34	4	241	#
818	873	0	1	34	4	241	#
819	873	0	31	10	4	241	#
820	577	18	23	9	242	#
821	577	18	24	2	242	#
822	536	13	10	243	#
823	536	5	4	10	243	#
824	1035	25	244	#
825	1035	4	10	38	6	244	#
826	1035	37	11	40	6	244	#
827	1035	4	10	32	40	6	244	#
828	1035	4	10	15	11	40	6	244	#
829	967	13	34	17	245	#
830	967	13	34	1	0	245	#
831	967	5	4	34	17	245	#
832	967	5	4	34	1	0	245	#
833	673	34	17	246	#
834	673	34	1	0	246	#
835	391	1	16	#
836	159	12	#
837	761	49	247	#
838	761	8	48	247	#
839	852	30	248	#
840	852	14	38	248	#
841	852	14	40	32	248	#
842	852	14	40	11	15	248	#
843	1011	1	29	6	#
844	745	4	34	17	249	#
845	745	4	34	1	0	249	#
846	723	38	10	#
847	338	21	9	250	#
848	338	21	2	3	250	#
849	338	20	22	9	250	#
850	865	6	29	251	#
851	865	6	40	11	16	251	#
852	865	6	40	12	19	251	#
853	633	18	24	252	#
854	633	18	23	3	252	#
855	633	18	23	9	2	252	#
856	411	1	19	#
857	430	32	10	253	#
858	430	11	15	10	253	#
859	517	46	#
860	456	13	254	#
861	456	4	5	254	#
862	1035	25	255	#
863	1035	4	10	38	6	255	#
864	1035	37	11	40	6	255	#
865	1035	4	10	32	40	6	255	#
866	1035	4	10	15	11	40	6	255	#
867	253	9	21	#
868	986	35	256	#
869	986	31	43	256	#
870	986	1	34	10	43	256	#
871	986	1	16	15	43	256	#
872	986	42	2	22	256	#
873	1116	41	21	257	#
874	1116	0	42	2	257	#
875	1116	0	35	22	257	#
876	1116	0	31	43	22	257	#
877	1116	41	20	22	257	#
878	837	6	48	258	#
879	837	28	2	258	#
880	837	39	23	9	258	#
881	837	39	24	2	258	#
882	837	39	23	3	2	258	#
883	781	26	20	#
884	1095	42	259	#
885	1095	2	22	35	259	#
886	1095	2	22	43	31	259	#
887	1095	45	19	1	259	#
888	1095	2	21	20	35	259	#
889	114	3	#
890	399	9	23	260	#
891	399	2	24	260	#
892	399	2	3	23	260	#
893	825	23	39	261	#
894	825	23	18	7	261	#
895	825	3	28	261	#
896	825	23	18	14	6	261	#
897	825	9	48	6	261	#
898	825	19	34	13	262	#
899	825	19	34	4	5	262	#
900	825	12	11	37	5	262	#
901	825	12	32	10	13	262	#
902	825	12	11	15	10	13	262	#
903	782	26	#
904	517	1	16	11	263	#
905	517	1	19	12	263	#
906	731	40	14	264	#
907	731	12	47	264	#
908	529	6	40	#
909	248	1	#
910	267	4	10	#
911	294	10	4	#
912	122	21	#
913	649	46	265	#
914	649	19	17	265	#
915	649	19	1	0	265	#
916	825	19	34	13	266	#
917	825	19	34	4	5	266	#
918	825	12	11	37	5	266	#
919	825	12	32	10	13	266	#
920	825	12	11	15	10	13	266	#
921	863	48	21	267	#
922	863	48	22	20	267	#
923	863	14	18	23	9	21	267	#
924	863	14	18	24	2	21	267	#
925	863	14	18	23	3	2	21	267	#
926	1118	35	0	268	#
927	1118	43	31	0	268	#
928	1118	20	41	268	#
929	1118	43	10	34	17	268	#
930	1118	43	10	34	1	0	268	#
931	761	19	34	13	269	#
932	761	19	34	4	5	269	#
933	232	1	#
934	588	38	#
935	603	43	15	#
936	174	12	#
937	579	24	18	270	#
938	579	3	23	18	270	#
939	703	11	40	6	#
940	509	34	4	#
941	798	23	39	271	#
942	798	23	18	7	271	#
943	798	3	28	271	#
944	798	23	18	14	6	271	#
945	208	16	#
946	488	23	9	21	272	#
947	488	24	2	21	272	#
948	488	23	3	2	21	272	#
949	488	23	9	22	20	272	#
950	488	24	2	22	20	272	#
951	921	29	6	273	#
952	921	16	11	40	6	273	#
953	921	19	12	40	6	273	#
954	726	43	15	#
955	1035	25	274	#
956	1035	6	38	10	4	274	#
957	1035	6	40	11	37	274	#
958	1035	6	40	32	10	4	274	#
959	1035	6	40	11	15	10	4	274	#
960	471	32	10	275	#
961	471	11	15	10	275	#
962	866	30	276	#
963	866	38	14	276	#
964	866	32	40	14	276	#
965	866	15	11	40	14	276	#
966	866	10	44	276	#
967	587	40	6	#
968	732	18	23	9	21	277	#
969	732	18	24	2	21	277	#
970	732	18	23	3	2	21	277	#
971	130	12	#
972	544	43	#
973	323	9	23	278	#
974	323	2	24	278	#
975	1198	41	279	#
976	1198	0	35	20	279	#
977	1198	0	31	43	20	279	#
978	1198	0	42	2	21	279	#
979	1198	17	34	10	43	20	279	#
980	275	15	10	#
981	920	17	34	13	280	#
982	920	0	1	34	13	280	#
983	920	17	34	4	5	280	#
984	920	0	1	34	4	5	280	#
985	98	3	#
986	845	47	281	#
987	845	12	40	14	281	#
988	540	20	43	#
989	411	9	23	282	#
990	411	2	24	282	#
991	411	2	3	23	282	#
992	820	48	6	283	#
993	820	2	28	283	#
994	820	9	23	39	283	#
995	632	21	48	#
996	886	35	284	#
997	886	31	43	284	#
998	103	2	#
999	962	29	14	285	#
1000	962	19	47	285	#
1001	962	16	11	40	14	285	#
1002	962	19	12	40	14	285	#
1003	962	34	44	285	#
1004	682	48	2	286	#
1005	682	14	18	24	286	#
1006	289	5	#
1007	817	45	#
1008	692	11	37	5	#
1009	1024	23	33	287	#
1010	1024	23	9	22	26	287	#
1011	1024	24	2	22	26	287	#
1012	143	12	#
1013	252	22	9	#
1014	1198	41	288	#
1015	1198	0	35	20	288	#
1016	1198	0	31	43	20	288	#
1017	1198	0	42	2	21	288	#
1018	1198	17	34	10	43	20	288	#
1019	300	11	12	#
1020	227	1	#
1021	559	1	16	11	289	#
1022	559	1	19	12	289	#
1023	365	36	290	#
1024	365	8	9	290	#
1025	365	8	2	3	290	#
1026	123	3	#
1027	999	49	6	291	#
1028	999	8	48	6	291	#
1029	999	8	2	28	291	#
1030	999	36	23	39	291	#
1031	999	8	9	23	39	291	#
1032	372	37	#
1033	844	38	6	292	#
1034	844	32	40	6	292	#
1035	844	15	11	40	6	292	#
1036	898	20	43	10	34	293	#
1037	898	20	43	15	16	293	#
1038	665	38	294	#
1039	665	32	40	294	#
1040	665	15	11	40	294	#
1041	718	30	295	#
1042	718	38	14	295	#
1043	439	37	296	#
1044	439	15	10	4	296	#
1045	1042	33	23	297	#
1046	1042	26	22	9	23	297	#
1047	1042	26	22	2	24	297	#
1048	1042	26	22	2	3	23	297	#
1049	1042	33	3	24	297	#
1050	998	1	29	298	#
1051	998	1	16	11	40	298	#
1052	998	1	19	12	40	298	#
1053	998	31	38	298	#
1054	998	31	32	40	298	#
1055	337	7	#
1056	946	20	35	299	#
1057	946	20	43	31	299	#
1058	899	35	300	#
1059	899	43	31	300	#
1060	441	36	301	#
1061	441	8	9	301	#
1062	441	8	2	3	301	#
1063	418	1	34	#
1064	1094	3	42	302	#
1065	1094	9	2	42	302	#
1066	1094	9	22	35	302	#
1067	1094	9	22	43	31	302	#
1068	661	43	10	#
1069	906	6	48	21	303	#
1070	906	28	2	21	303	#
1071	906	27	20	303	#
1072	906	6	48	22	20	303	#
1073	906	39	23	9	21	303	#
1074	1064	6	29	1	304	#
1075	1064	6	40	11	16	1	304	#
1076	1064	6	40	12	19	1	304	#
1077	949	29	14	305	#
1078	949	19	47	305	#
1079	949	16	11	40	14	305	#
1080	949	19	12	40	14	305	#
1081	572	34	17	306	#
1082	572	34	1	0	306	#
1083	117	3	#
1084	1027	20	35	307	#
1085	1027	20	43	31	307	#
1086	1027	21	2	42	307	#
1087	1027	21	22	35	307	#
1088	1027	21	22	43	31	307	#
1089	578	19	34	4	#
1090	204	9	308	#
1091	204	2	3	308	#
1092	622	4	34	19	309	#
1093	622	37	11	12	309	#
1094	1336	24	42	0	310	#
1095	1336	23	3	42	0	310	#
1096	1336	18	47	46	310	#
1097	1336	24	45	46	310	#
1098	1336	23	9	21	41	310	#
1099	712	5	37	11	311	#
1100	712	13	10	32	311	#
1101	712	13	10	15	11	311	#
1102	712	5	4	10	32	311	#
1103	712	5	4	10	15	11	311	#
1104	755	4	34	19	312	#
1105	755	37	11	12	312	#
1106	755	4	10	32	12	312	#
1107	755	4	10	15	11	12	312	#
1108	715	6	48	#
1109	832	2	45	#
1110	273	18	#
1111	307	24	313	#
1112	307	3	23	313	#
1113	826	4	10	38	314	#
1114	826	37	11	40	314	#
1115	893	4	10	38	315	#
1116	893	37	11	40	315	#
1117	893	4	10	32	40	315	#
1118	893	4	10	15	11	40	315	#
1119	136	12	#
1120	1067	13	10	38	316	#
1121	1067	5	4	10	38	316	#
1122	1067	5	37	11	40	316	#
1123	1067	13	10	32	40	316	#
1124	1067	13	10	15	11	40	316	#
1125	293	2	8	#
1126	943	6	38	10	317	#
1127	943	6	40	32	10	317	#
1128	943	6	40	11	15	10	317	#
1129	201	6	#
1130	1336	24	42	0	318	#
1131	1336	23	3	42	0	318	#
1132	1336	18	47	46	318	#
1133	1336	24	45	46	318	#
1134	1336	23	9	21	41	318	#
1135	666	18	23	9	22	319	#
1136	666	18	24	2	22	319	#
1137	702	23	39	#
1138	755	11	40	14	#
1139	194	23	#
1140	845	6	49	#
1141	694	0	31	320	#
1142	694	17	34	10	320	#
1143	694	0	1	34	10	320	#
1144	694	17	16	15	320	#
1145	694	0	1	16	15	320	#
1146	163	10	#
1147	223	6	#
1148	1176	42	0	321	#
1149	1176	45	46	321	#
1150	1176	2	21	41	321	#
1151	1176	2	22	35	0	321	#
1152	1176	2	22	43	31	0	321	#
1153	436	10	32	322	#
1154	436	10	15	11	322	#
1155	887	34	10	43	323	#
1156	887	16	15	43	323	#
1157	240	5	#
1158	941	1	29	324	#
1159	941	1	16	11	40	324	#
1160	941	1	19	12	40	324	#
1161	941	31	38	324	#
1162	159	4	#
1163	918	49	325	#
1164	918	8	48	325	#
1165	918	36	23	18	14	325	#
1166	745	21	9	23	18	326	#
1167	745	21	2	24	18	326	#
1168	745	21	2	3	23	18	326	#
1169	745	20	22	9	23	18	326	#
1170	745	20	22	2	24	18	326	#
1171	817	30	327	#
1172	817	14	38	327	#
1173	817	14	40	32	327	#
1174	817	14	40	11	15	327	#
1175	289	16	#
1176	694	0	31	328	#
1177	694	17	34	10	328	#
1178	694	0	1	34	10	328	#
1179	694	17	16	15	328	#
1180	694	0	1	16	15	328	#
1181	313	10	15	#
1182	473	21	9	23	329	#
1183	473	21	2	24	329	#
1184	473	21	2	3	23	329	#
1185	220	1	#
1186	800	18	23	36	330	#
1187	800	18	23	9	8	330	#
1188	800	18	24	2	8	330	#
1189	800	18	23	3	2	8	330	#
1190	800	14	49	330	#
1191	144	21	#
1192	693	48	22	#
1193	829	29	331	#
1194	829	16	11	40	331	#
1195	829	19	12	40	331	#
1196	286	11	12	#
1197	358	2	8	#
1198	183	14	#
1199	1118	35	0	332	#
1200	1118	43	31	0	332	#
1201	1118	20	41	332	#
1202	1118	43	10	34	17	332	#
1203	1118	43	10	34	1	0	332	#
1204	782	12	45	#
1205	887	49	333	#
1206	887	8	48	333	#
1207	821	48	6	334	#
1208	821	2	28	334	#
1209	821	9	23	39	334	#
1210	821	2	24	39	334	#
1211	386	19	1	#
1212	317	18	#
1213	581	11	40	#
1214	378	37	#
1215	525	10	13	335	#
1216	525	10	4	5	335	#
1217	330	15	10	#
1218	689	43	15	#
1219	493	18	23	#
1220	745	38	336	#
1221	745	32	40	336	#
1222	745	15	11	40	336	#
1223	640	43	#
1224	730	29	337	#
1225	730	16	11	40	337	#
1226	730	19	12	40	337	#
1227	539	19	34	338	#
1228	539	12	32	10	338	#
1229	539	12	11	15	10	338	#
1230	273	19	#
1231	462	22	9	23	339	#
1232	462	22	2	24	339	#
1233	462	22	2	3	23	339	#
1234	183	0	#
1235	743	39	340	#
1236	743	18	7	340	#
1237	743	18	14	6	340	#
1238	405	10	32	341	#
1239	405	10	15	11	341	#
1240	197	9	342	#
1241	197	2	3	342	#
1242	420	21	9	23	343	#
1243	420	21	2	24	343	#
1244	444	17	344	#
1245	444	1	0	344	#
1246	378	37	#
1247	1135	44	13	345	#
1248	1135	30	10	13	345	#
1249	1135	44	4	5	345	#
1250	1135	30	10	4	5	345	#
1251	1135	18	23	33	345	#
1252	986	35	346	#
1253	986	31	43	346	#
1254	986	1	34	10	43	346	#
1255	986	1	16	15	43	346	#
1256	986	42	2	22	346	#
1257	413	34	19	#
1258	434	4	34	#
1259	418	13	347	#
1260	418	4	5	347	#
1261	305	8	2	#
1262	665	24	18	348	#
1263	665	3	23	18	348	#
1264	665	2	9	23	18	348	#
1265	386	23	9	349	#
1266	386	24	2	349	#
1267	386	23	3	2	349	#
1268	642	46	350	#
1269	642	17	19	350	#
1270	642	0	1	19	350	#
1271	745	21	9	23	18	351	#
1272	745	21	2	24	18	351	#
1273	745	21	2	3	23	18	351	#
1274	745	20	22	9	23	18	351	#
1275	745	20	22	2	24	18	351	#
1276	392	32	10	352	#
1277	392	11	15	10	352	#
1278	1058	3	42	353	#
1279	1058	9	2	42	353	#
1280	1116	41	21	354	#
1281	1116	0	42	2	354	#
1282	1116	0	35	22	354	#
1283	1116	0	31	43	22	354	#
1284	1116	41	20	22	354	#
1285	1149	42	24	355	#
1286	1149	42	3	23	355	#
1287	171	15	#
1288	153	12	#
1289	703	34	17	356	#
1290	703	34	1	0	356	#
1291	703	10	31	0	356	#
1292	495	12	32	357	#
1293	495	12	11	15	357	#
1294	669	19	34	4	358	#
1295	669	12	11	37	358	#
1296	669	12	32	10	4	358	#
1297	669	12	11	15	10	4	358	#
1298	315	9	21	359	#
1299	315	3	2	21	359	#
1300	315	9	22	20	359	#
1301	1137	47	46	360	#
1302	1137	14	29	17	360	#
1303	1137	14	29	1	0	360	#
1304	1137	14	40	12	46	360	#
1305	1137	47	19	17	360	#
1306	689	34	17	361	#
1307	689	34	1	0	361	#
1308	689	10	31	0	361	#
1309	166	12	#
1310	276	5	#
1311	205	8	#
1312	432	13	362	#
1313	432	5	4	362	#
1314	741	10	43	#
1315	789	10	43	22	2	#
1316	704	20	26	#
1317	752	2	22	43	10	#
1318	849	4	34	17	363	#
1319	849	4	34	1	0	363	#
1320	849	4	10	31	0	363	#
1321	117	10	#
1322	190	9	364	#
1323	190	3	2	364	#
1324	589	17	34	365	#
1325	589	0	1	34	365	#
1326	966	44	4	366	#
1327	966	30	10	4	366	#
1328	664	43	#
1329	724	26	20	#
1330	833	14	29	367	#
1331	833	47	19	367	#
1332	1095	42	368	#
1333	1095	35	22	2	368	#
1334	1095	31	43	22	2	368	#
1335	1095	1	19	45	368	#
1336	1095	35	20	21	2	368	#
1337	308	8	2	#
1338	863	44	369	#
1339	863	30	10	369	#
1340	863	14	38	10	369	#
1341	760	37	5	370	#
1342	760	15	10	13	370	#
1343	760	15	10	4	5	370	#
1344	760	16	34	13	370	#
1345	760	16	34	4	5	370	#
1346	1118	35	0	371	#
1347	1118	43	31	0	371	#
1348	1118	20	41	371	#
1349	1118	43	10	34	17	371	#
1350	1118	43	10	34	1	0	371	#
1351	711	16	17	372	#
1352	711	16	1	0	372	#
1353	711	11	12	46	372	#
1354	711	15	31	0	372	#
1355	367	8	2	#
1356	919	1	29	6	#
1357	693	2	48	373	#
1358	693	24	18	14	373	#
1359	693	3	23	18	14	373	#
1360	266	22	9	374	#
1361	266	22	2	3	374	#
1362	1072	1	29	6	375	#
1363	1072	1	16	11	40	6	375	#
1364	1072	1	19	12	40	6	375	#
1365	292	34	#
1366	880	26	22	2	376	#
1367	880	33	3	376	#
1368	880	26	20	21	2	376	#
1369	823	2	22	26	377	#
1370	823	3	33	377	#
1371	452	43	#
1372	77	2	#
1373	694	47	378	#
1374	694	14	40	12	378	#
1375	473	34	1	#
1376	880	10	38	379	#
1377	880	10	32	40	379	#
1378	880	10	15	11	40	379	#
1379	880	34	29	379	#
1380	880	34	16	11	40	379	#
1381	790	28	380	#
1382	790	39	24	380	#
1383	790	39	23	3	380	#
1384	790	6	48	2	380	#
1385	790	7	18	24	380	#
1386	484	12	40	#
1387	332	2	8	#
1388	126	20	#
1389	857	32	43	381	#
1390	857	11	15	43	381	#
1391	473	43	#
1392	1047	44	4	382	#
1393	1047	30	10	4	382	#
1394	1047	14	38	10	4	382	#
1395	1047	14	40	11	37	382	#
1396	1047	14	40	32	10	4	382	#
1397	751	22	9	23	18	383	#
1398	751	22	2	24	18	383	#
1399	751	22	2	3	23	18	383	#
1400	751	20	21	9	23	18	383	#
1401	751	20	21	2	24	18	383	#
1402	762	4	34	19	384	#
1403	762	37	11	12	384	#
1404	762	4	10	32	12	384	#
1405	762	4	10	15	11	12	384	#
1406	762	37	16	19	384	#
1407	689	22	43	10	#
1408	778	26	22	#
1409	788	6	38	385	#
1410	788	6	40	32	385	#
1411	788	6	40	11	15	385	#
1412	1118	35	0	386	#
1413	1118	43	31	0	386	#
1414	1118	20	41	386	#
1415	1118	43	10	34	17	386	#
1416	1118	43	10	34	1	0	386	#
1417	360	18	#
1418	986	35	387	#
1419	986	31	43	387	#
1420	986	1	34	10	43	387	#
1421	986	1	16	15	43	387	#
1422	986	42	2	22	387	#
1423	923	14	29	388	#
1424	923	47	19	388	#
1425	923	14	40	11	16	388	#
1426	923	14	40	12	19	388	#
1427	115	22	#
1428	928	26	22	2	389	#
1429	928	33	3	389	#
1430	928	26	20	21	2	389	#
1431	928	33	9	2	389	#
1432	745	18	23	9	21	390	#
1433	745	18	24	2	21	390	#
1434	745	18	23	3	2	21	390	#
1435	745	18	23	9	22	20	390	#
1436	745	18	24	2	22	20	390	#
1437	207	5	#
1438	751	18	23	9	22	391	#
1439	751	18	24	2	22	391	#
1440	751	18	23	3	2	22	391	#
1441	751	18	23	9	21	20	391	#
1442	751	18	24	2	21	20	391	#
1443	906	44	392	#
1444	906	10	30	392	#
1445	906	10	38	14	392	#
1446	906	10	32	40	14	392	#
1447	906	10	15	11	40	14	392	#
1448	144	11	#
1449	686	21	48	#
1450	883	33	23	#
1451	803	29	14	393	#
1452	803	19	47	393	#
1453	908	33	394	#
1454	908	9	22	26	394	#
1455	908	3	2	22	26	394	#
1456	694	0	31	395	#
1457	694	17	34	10	395	#
1458	694	0	1	34	10	395	#
1459	694	17	16	15	395	#
1460	694	0	1	16	15	395	#
1461	578	48	#
1462	623	24	18	396	#
1463	623	3	23	18	396	#
1464	1017	17	29	397	#
1465	1017	0	1	29	397	#
1466	1017	46	12	40	397	#
1467	1017	17	16	11	40	397	#
1468	1017	0	1	16	11	40	397	#
1469	474	17	398	#
1470	474	1	0	398	#
1471	1156	6	29	17	399	#
1472	1156	6	29	1	0	399	#
1473	1156	6	40	12	46	399	#
1474	1137	46	47	400	#
1475	1137	17	29	14	400	#
1476	1137	0	1	29	14	400	#
1477	1137	46	12	40	14	400	#
1478	1137	17	19	47	400	#
1479	790	28	401	#
1480	790	24	39	401	#
1481	790	3	23	39	401	#
1482	790	2	48	6	401	#
1483	790	24	18	7	401	#
1484	409	13	402	#
1485	409	5	4	402	#
1486	389	17	403	#
1487	389	0	1	403	#
1488	204	8	#
1489	328	21	9	404	#
1490	328	21	2	3	404	#
1491	328	20	22	9	404	#
1492	187	15	#
1493	310	8	22	#
1494	998	1	29	405	#
1495	998	1	16	11	40	405	#
1496	998	1	19	12	40	405	#
1497	998	31	38	405	#
1498	998	31	32	40	405	#
1499	208	0	#
1500	744	43	15	#
1501	472	32	12	406	#
1502	472	15	11	12	406	#
1503	737	47	407	#
1504	737	12	40	14	407	#
1505	1118	35	0	408	#
1506	1118	43	31	0	408	#
1507	1118	20	41	408	#
1508	1118	43	10	34	17	408	#
1509	1118	43	10	34	1	0	408	#
1510	834	10	38	409	#
1511	834	10	32	40	409	#
1512	834	10	15	11	40	409	#
1513	834	34	29	409	#
1514	1019	2	42	410	#
1515	1019	22	35	410	#
1516	1019	22	43	31	410	#
1517	1019	21	20	35	410	#
1518	1019	21	20	43	31	410	#
1519	154	10	#
1520	775	6	29	#
1521	674	28	#
1522	107	22	#
1523	137	22	#
1524	999	49	6	411	#
1525	999	8	48	6	411	#
1526	999	8	2	28	411	#
1527	999	36	23	39	411	#
1528	999	8	9	23	39	411	#
1529	872	44	412	#
1530	872	10	30	412	#
1531	872	10	38	14	412	#
1532	826	48	21	413	#
1533	826	48	22	20	413	#
1534	252	1	#
1535	794	10	38	414	#
1536	794	10	32	40	414	#
1537	794	10	15	11	40	414	#
1538	794	34	29	414	#
1539	1118	35	0	415	#
1540	1118	43	31	0	415	#
1541	1118	20	41	415	#
1542	1118	43	10	34	17	415	#
1543	1118	43	10	34	1	0	415	#
1544	614	23	18	14	#
1545	333	10	15	#
1546	101	3	#
1547	630	17	16	416	#
1548	630	0	1	16	416	#
1549	496	13	417	#
1550	496	4	5	417	#
1551	779	26	22	#
1552	268	10	4	#
1553	281	9	22	418	#
1554	281	3	2	22	418	#
1555	862	6	29	419	#
1556	862	6	40	11	16	419	#
1557	862	6	40	12	19	419	#
1558	906	6	48	21	420	#
1559	906	28	2	21	420	#
1560	906	27	20	420	#
1561	906	6	48	22	20	420	#
1562	906	39	23	9	21	420	#
1563	1047	44	4	421	#
1564	1047	30	10	4	421	#
1565	1047	14	38	10	4	421	#
1566	1047	14	40	11	37	421	#
1567	1047	14	40	32	10	4	421	#
1568	1116	21	41	422	#
1569	1116	2	42	0	422	#
1570	1116	22	35	0	422	#
1571	1116	22	43	31	0	422	#
1572	1116	22	20	41	422	#
1573	386	23	9	423	#
1574	386	24	2	423	#
1575	386	23	3	2	423	#
1576	255	5	#
1577	939	35	424	#
1578	939	43	31	424	#
1579	863	48	21	425	#
1580	863	48	22	20	425	#
1581	863	14	18	23	9	21	425	#
1582	863	14	18	24	2	21	425	#
1583	863	14	18	23	3	2	21	425	#
1584	236	23	#
1585	273	12	11	#
1586	986	35	426	#
1587	986	43	31	426	#
1588	986	43	10	34	1	426	#
1589	986	43	15	16	1	426	#
1590	986	22	2	42	426	#
1591	220	19	#
1592	238	9	22	#
1593	499	46	#
1594	157	12	#
1595	915	33	23	#
1596	192	0	#
1597	157	12	#
1598	460	21	9	23	427	#
1599	460	21	2	24	427	#
1600	460	21	2	3	23	427	#
1601	667	0	31	428	#
1602	667	17	34	10	428	#
1603	809	4	34	17	429	#
1604	809	4	34	1	0	429	#
1605	203	1	#
1606	999	49	6	430	#
1607	999	8	48	6	430	#
1608	999	8	2	28	430	#
1609	999	36	23	39	430	#
1610	999	8	9	23	39	430	#
1611	940	38	6	431	#
1612	940	32	40	6	431	#
1613	940	15	11	40	6	431	#
1614	940	30	7	431	#
1615	825	13	34	19	432	#
1616	825	5	4	34	19	432	#
1617	825	5	37	11	12	432	#
1618	825	13	10	32	12	432	#
1619	825	13	10	15	11	12	432	#
1620	719	9	23	18	433	#
1621	719	2	24	18	433	#
1622	719	2	3	23	18	433	#
1623	719	48	14	433	#
1624	719	9	3	24	18	433	#
1625	552	46	434	#
1626	552	17	19	434	#
1627	552	0	1	19	434	#
1628	791	2	45	#
1629	736	14	40	435	#
1630	736	47	12	435	#
1631	1017	17	29	436	#
1632	1017	0	1	29	436	#
1633	1017	46	12	40	436	#
1634	1017	17	16	11	40	436	#
1635	1017	0	1	16	11	40	436	#
1636	900	27	437	#
1637	900	6	48	22	437	#
1638	900	28	2	22	437	#
1639	900	6	48	21	20	437	#
1640	900	39	23	9	22	437	#
1641	729	43	10	4	#
1642	164	15	#
1643	118	10	#
1644	1027	20	35	438	#
1645	1027	20	43	31	438	#
1646	1027	21	2	42	438	#
1647	1027	21	22	35	438	#
1648	1027	21	22	43	31	438	#
1649	899	26	#
1650	1094	3	42	439	#
1651	1094	9	2	42	439	#
1652	1094	9	22	35	439	#
1653	1094	9	22	43	31	439	#
1654	1094	3	2	22	35	439	#
1655	466	21	9	23	440	#
1656	466	21	2	24	440	#
1657	466	21	2	3	23	440	#
1658	771	48	441	#
1659	771	9	23	18	14	441	#
1660	771	2	24	18	14	441	#
1661	771	2	3	23	18	14	441	#
1662	858	45	3	#
1663	246	6	#
1664	670	5	37	11	#
1665	122	20	#
1666	740	48	2	442	#
1667	740	14	18	24	442	#
1668	740	14	18	23	3	442	#
1669	680	39	443	#
1670	680	7	18	443	#
1671	680	6	14	18	443	#
1672	179	6	#
1673	845	38	6	444	#
1674	845	32	40	6	444	#
1675	845	15	11	40	6	444	#
1676	1336	0	42	24	445	#
1677	1336	0	42	3	23	445	#
1678	1336	46	47	18	445	#
1679	1336	46	45	24	445	#
1680	1336	41	21	9	23	445	#
1681	1055	47	46	#
1682	704	22	48	#
1683	299	8	2	#
1684	669	46	12	446	#
1685	669	17	16	11	446	#
1686	669	0	1	16	11	446	#
1687	669	17	19	12	446	#
1688	669	0	1	19	12	446	#
1689	822	13	34	1	447	#
1690	822	5	4	34	1	447	#
1691	127	10	#
1692	1135	13	44	448	#
1693	1135	13	10	30	448	#
1694	1135	5	4	44	448	#
1695	1135	5	4	10	30	448	#
1696	1135	33	23	18	448	#
1697	794	45	3	#
1698	354	17	449	#
1699	354	1	0	449	#
1700	1116	21	41	450	#
1701	1116	2	42	0	450	#
1702	1116	22	35	0	450	#
1703	1116	22	43	31	0	450	#
1704	1116	22	20	41	450	#
1705	1336	24	42	0	451	#
1706	1336	23	3	42	0	451	#
1707	1336	18	47	46	451	#
1708	1336	24	45	46	451	#
1709	1336	23	9	21	41	451	#
1710	276	24	452	#
1711	276	23	3	452	#
1712	733	1	34	13	453	#
1713	733	1	34	4	5	453	#
1714	837	6	48	454	#
1715	837	28	2	454	#
1716	837	39	23	9	454	#
1717	837	39	24	2	454	#
1718	837	39	23	3	2	454	#
1719	879	22	2	45	455	#
1720	879	43	32	12	455	#
1721	879	43	15	11	12	455	#
1722	446	13	456	#
1723	446	5	4	456	#
1724	323	7	#
1725	248	8	#
1726	1035	25	457	#
1727	1035	6	38	10	4	457	#
1728	1035	6	40	11	37	457	#
1729	1035	6	40	32	10	4	457	#
1730	1035	6	40	11	15	10	4	457	#
1731	224	1	#
1732	756	43	10	#
1733	568	13	34	458	#
1734	568	5	4	34	458	#
1735	493	18	23	#
1736	156	15	#
1737	573	23	36	459	#
1738	573	23	9	8	459	#
1739	573	24	2	8	459	#
1740	573	23	3	2	8	459	#
1741	215	8	#
1742	328	23	9	460	#
1743	328	24	2	460	#
1744	328	23	3	2	460	#
1745	938	35	461	#
1746	938	43	31	461	#
1747	742	21	48	462	#
1748	742	20	22	48	462	#
1749	1041	41	#
1750	1067	13	10	38	463	#
1751	1067	5	4	10	38	463	#
1752	1067	5	37	11	40	463	#
1753	1067	13	10	32	40	463	#
1754	1067	13	10	15	11	40	463	#
1755	392	4	34	#
1756	770	48	6	464	#
1757	770	2	28	464	#
1758	697	16	17	465	#
1759	697	16	1	0	465	#
1760	697	11	12	46	465	#
1761	363	37	#
1762	305	34	#
1763	527	36	23	466	#
1764	527	8	9	23	466	#
1765	527	8	2	24	466	#
1766	527	8	2	3	23	466	#
1767	416	22	9	23	467	#
1768	416	22	2	24	467	#
1769	148	12	#
1770	921	35	20	468	#
1771	921	31	43	20	468	#
1772	868	38	10	469	#
1773	868	40	32	10	469	#
1774	868	40	11	15	10	469	#
1775	868	29	34	469	#
1776	649	45	#
1777	237	8	#
1778	379	36	470	#
1779	379	8	9	470	#
1780	379	8	2	3	470	#
1781	488	1	16	11	#
1782	1066	0	35	471	#
1783	1066	0	31	43	471	#
1784	1066	41	20	471	#
1785	686	11	40	6	#
1786	427	1	34	#
1787	595	19	34	4	472	#
1788	595	12	11	37	472	#
1789	118	21	#
1790	710	38	6	#
1791	458	31	#
1792	1226	42	24	473	#
1793	1226	42	3	23	473	#
1794	1226	1	29	14	18	473	#
1795	1226	42	2	9	23	473	#
1796	1226	1	19	47	18	473	#
1797	388	40	#
1798	831	33	#
1799	257	9	22	#
1800	1118	35	0	474	#
1801	1118	43	31	0	474	#
1802	1118	20	41	474	#
1803	1118	43	10	34	17	474	#
1804	1118	43	10	34	1	0	474	#
1805	687	34	17	475	#
1806	687	34	1	0	475	#
1807	687	10	31	0	475	#
1808	945	1	29	14	#
1809	715	48	21	476	#
1810	715	48	22	20	476	#
1811	760	45	2	#
1812	532	36	23	477	#
1813	532	8	9	23	477	#
1814	532	8	2	24	477	#
1815	532	8	2	3	23	477	#
1816	567	43	#
1817	999	6	49	478	#
1818	999	6	48	8	478	#
1819	999	28	2	8	478	#
1820	999	39	23	36	478	#
1821	999	39	23	9	8	478	#
1822	772	20	26	#
1823	1231	25	5	479	#
1824	1231	6	38	10	13	479	#
1825	1231	6	38	10	4	5	479	#
1826	1231	6	40	11	37	5	479	#
1827	1231	6	40	32	10	13	479	#
1828	774	13	34	1	480	#
1829	774	5	4	34	1	480	#
1830	684	48	#
1831	418	7	481	#
1832	418	14	6	481	#
1833	1116	21	41	482	#
1834	1116	2	42	0	482	#
1835	1116	22	35	0	482	#
1836	1116	22	43	31	0	482	#
1837	1116	22	20	41	482	#
1838	646	48	#
1839	222	1	#
1840	858	45	#
1841	206	15	#
1842	305	5	#
1843	117	20	#
1844	131	11	#
1845	220	1	#
1846	1047	4	44	483	#
1847	1047	4	10	30	483	#
1848	1047	4	10	38	14	483	#
1849	1047	37	11	40	14	483	#
1850	1047	4	10	32	40	14	483	#
1851	766	29	6	#
1852	424	23	9	484	#
1853	424	24	2	484	#
1854	424	23	3	2	484	#
1855	459	1	34	#
1856	516	4	34	#
1857	1017	29	17	485	#
1858	1017	29	1	0	485	#
1859	1017	40	12	46	485	#
1860	1017	40	11	16	17	485	#
1861	1017	40	11	16	1	0	485	#
1862	361	37	#
1863	830	13	34	1	486	#
1864	830	5	4	34	1	486	#
1865	226	19	#
1866	162	12	#
1867	473	13	487	#
1868	473	5	4	487	#
1869	105	22	#
1870	966	10	43	22	9	23	488	#
1871	966	10	43	22	2	24	488	#
1872	928	38	10	4	489	#
1873	928	40	11	37	489	#
1874	928	40	32	10	4	489	#
1875	928	40	11	15	10	4	489	#
1876	928	29	34	4	489	#
1877	631	39	490	#
1878	631	18	7	490	#
1879	631	18	14	6	490	#
1880	906	21	48	6	491	#
1881	906	21	2	28	491	#
1882	906	20	27	491	#
1883	906	20	22	48	6	491	#
1884	906	21	9	23	39	491	#
1885	505	46	#
1886	1135	44	13	492	#
1887	1135	30	10	13	492	#
1888	1135	44	4	5	492	#
1889	1135	30	10	4	5	492	#
1890	1135	18	23	33	492	#
1891	691	43	10	#
1892	999	49	6	493	#
1893	999	8	48	6	493	#
1894	999	8	2	28	493	#
1895	999	36	23	39	493	#
1896	999	8	9	23	39	493	#
1897	324	15	10	#
1898	258	10	4	#
1899	105	3	#
1900	837	6	48	494	#
1901	837	28	2	494	#
1902	837	39	23	9	494	#
1903	837	39	24	2	494	#
1904	837	39	23	3	2	494	#
1905	104	21	#
1906	246	19	#
1907	117	10	#
1908	101	20	#
1909	210	23	#
1910	516	10	13	495	#
1911	516	10	4	5	495	#
1912	507	17	496	#
1913	507	1	0	496	#
1914	477	17	497	#
1915	477	0	1	497	#
1916	962	14	29	498	#
1917	962	47	19	498	#
1918	962	14	40	11	16	498	#
1919	962	14	40	12	19	498	#
1920	962	44	34	498	#
1921	433	18	23	#
1922	723	26	22	#
1923	875	38	10	4	499	#
1924	875	40	11	37	499	#
1925	875	40	32	10	4	499	#
1926	875	40	11	15	10	4	499	#
1927	692	11	40	14	#
1928	752	2	45	#
1929	801	38	10	500	#
1930	801	40	32	10	500	#
1931	801	40	11	15	10	500	#
1932	801	29	34	500	#
1933	969	41	#
1934	373	40	#
1935	362	7	501	#
1936	362	14	6	501	#
1937	486	43	#
1938	204	0	#
1939	488	21	9	23	502	#
1940	488	21	2	24	502	#
1941	488	21	2	3	23	502	#
1942	488	20	22	9	23	502	#
1943	488	20	22	2	24	502	#
1944	1135	44	13	503	#
1945	1135	30	10	13	503	#
1946	1135	44	4	5	503	#
1947	1135	30	10	4	5	503	#
1948	1135	18	23	33	503	#
1949	789	10	38	504	#
1950	789	10	32	40	504	#
1951	789	10	15	11	40	504	#
1952	789	34	29	504	#
1953	1137	46	47	505	#
1954	1137	17	29	14	505	#
1955	1137	0	1	29	14	505	#
1956	1137	46	12	40	14	505	#
1957	1137	17	19	47	505	#
1958	994	6	38	10	506	#
1959	994	6	40	32	10	506	#
1960	994	6	40	11	15	10	506	#
1961	994	6	29	34	506	#
1962	994	25	4	506	#
1963	223	23	#
1964	132	22	#
1965	928	38	10	4	507	#
1966	928	40	11	37	507	#
1967	928	40	32	10	4	507	#
1968	928	40	11	15	10	4	507	#
1969	928	29	34	4	507	#
1970	177	2	21	#
1971	574	46	508	#
1972	574	17	19	508	#
1973	574	0	1	19	508	#
1974	964	6	49	509	#
1975	964	6	48	8	509	#
1976	964	28	2	8	509	#
1977	469	11	40	#
1978	764	38	510	#
1979	764	32	40	510	#
1980	764	15	11	40	510	#
1981	188	6	#
1982	805	3	45	#
1983	377	32	12	511	#
1984	377	15	11	12	511	#
1985	868	45	2	22	512	#
1986	868	12	32	43	512	#
1987	868	12	11	15	43	512	#
1988	1079	41	#
1989	1118	0	35	513	#
1990	1118	0	31	43	513	#
1991	1118	41	20	513	#
1992	1118	17	34	10	43	513	#
1993	1118	0	1	34	10	43	513	#
1994	139	9	#
1995	444	1	19	#
1996	450	13	514	#
1997	450	5	4	514	#
1998	411	13	515	#
1999	411	5	4	515	#
2000	156	9	#
2001	439	23	9	22	516	#
2002	439	24	2	22	516	#
2003	439	23	3	2	22	516	#
2004	161	10	#
2005	1202	3	42	0	517	#
2006	1202	9	21	41	517	#
2007	1202	3	45	46	517	#
2008	1202	9	2	42	0	517	#
2009	1202	3	2	21	41	517	#
2010	730	38	518	#
2011	730	32	40	518	#
2012	730	15	11	40	518	#
2013	821	29	519	#
2014	821	40	11	16	519	#
2015	821	40	12	19	519	#
2016	150	10	#
2017	549	34	19	520	#
2018	549	10	32	12	520	#
2019	549	10	15	11	12	520	#
2020	649	34	17	521	#
2021	649	34	1	0	521	#
2022	130	10	#
2023	604	19	34	4	522	#
2024	604	12	11	37	522	#
2025	880	38	10	523	#
2026	880	40	32	10	523	#
2027	880	40	11	15	10	523	#
2028	880	29	34	523	#
2029	880	40	11	16	34	523	#
2030	755	38	6	#
2031	510	13	524	#
2032	510	5	4	524	#
2033	310	9	23	#
2034	1017	17	29	525	#
2035	1017	0	1	29	525	#
2036	1017	46	12	40	525	#
2037	1017	17	16	11	40	525	#
2038	1017	0	1	16	11	40	525	#
2039	750	2	22	43	10	#
2040	931	2	22	26	526	#
2041	931	3	33	526	#
2042	931	2	21	20	26	526	#
2043	931	2	9	33	526	#
2044	931	3	9	22	26	526	#
2045	518	37	11	527	#
2046	518	4	10	32	527	#
2047	518	4	10	15	11	527	#
2048	1027	35	20	528	#
2049	1027	31	43	20	528	#
2050	1027	42	2	21	528	#
2051	1027	35	22	21	528	#
2052	1027	31	43	22	21	528	#
2053	994	6	38	10	529	#
2054	994	6	40	32	10	529	#
2055	994	6	40	11	15	10	529	#
2056	994	6	29	34	529	#
2057	994	25	4	529	#
2058	585	43	10	#
2059	130	10	#
2060	926	34	10	43	530	#
2061	926	16	15	43	530	#
2062	343	32	531	#
2063	343	15	11	531	#
2064	423	37	532	#
2065	423	4	10	15	532	#
2066	856	22	26	533	#
2067	856	21	20	26	533	#
2068	856	9	33	533	#
2069	775	14	40	11	#
2070	766	48	21	534	#
2071	766	48	22	20	534	#
2072	920	42	3	#
2073	653	34	17	535	#
2074	653	34	1	0	535	#
2075	184	15	#
2076	158	12	#
2077	818	39	23	536	#
2078	818	7	18	23	536	#
2079	818	28	3	536	#
2080	818	6	14	18	23	536	#
2081	932	22	2	45	537	#
2082	932	43	32	12	537	#
2083	932	43	15	11	12	537	#
2084	932	20	21	2	45	537	#
2085	720	37	5	538	#
2086	720	15	10	13	538	#
2087	720	15	10	4	5	538	#
2088	718	37	5	539	#
2089	718	15	10	13	539	#
2090	718	15	10	4	5	539	#
2091	240	21	2	#
2092	502	13	540	#
2093	502	5	4	540	#
2094	461	18	14	#
2095	472	14	18	#
2096	1184	41	541	#
2097	1184	0	35	20	541	#
2098	1184	0	31	43	20	541	#
2099	1184	0	42	2	21	541	#
2100	754	38	6	#
2101	755	21	48	542	#
2102	755	20	22	48	542	#
2103	1035	25	543	#
2104	1035	4	10	38	6	543	#
2105	1035	37	11	40	6	543	#
2106	1035	4	10	32	40	6	543	#
2107	1035	4	10	15	11	40	6	543	#
2108	117	3	#
2109	280	19	#
2110	93	2	#
2111	106	21	#
2112	487	46	#
2113	960	33	544	#
2114	960	9	22	26	544	#
2115	960	3	2	22	26	544	#
2116	960	9	21	20	26	544	#
2117	960	3	2	21	20	26	544	#
2118	951	43	10	34	545	#
2119	951	43	15	16	545	#
2120	1040	44	4	546	#
2121	1040	30	10	4	546	#
2122	1040	14	38	10	4	546	#
2123	1040	14	40	11	37	546	#
2124	1042	33	23	547	#
2125	1042	26	22	9	23	547	#
2126	1042	26	22	2	24	547	#
2127	1042	26	22	2	3	23	547	#
2128	1042	33	3	24	547	#
2129	499	11	37	#
2130	759	1	29	#
2131	643	12	46	#
2132	475	37	11	#
2133	281	34	#
2134	825	23	39	548	#
2135	825	23	18	7	548	#
2136	825	3	28	548	#
2137	825	23	18	14	6	548	#
2138	825	9	48	6	548	#
2139	701	21	9	23	18	549	#
2140	701	21	2	24	18	549	#
2141	701	21	2	3	23	18	549	#
2142	845	29	550	#
2143	845	40	11	16	550	#
2144	845	40	12	19	550	#
2145	906	21	48	6	551	#
2146	906	21	2	28	551	#
2147	906	20	27	551	#
2148	906	20	22	48	6	551	#
2149	906	21	9	23	39	551	#
2150	972	21	2	45	552	#
2151	972	20	22	2	45	552	#
2152	972	20	43	32	12	552	#
2153	972	20	43	15	11	12	552	#
2154	972	21	9	3	45	552	#
2155	656	16	17	553	#
2156	656	16	1	0	553	#
2157	441	34	1	#
2158	159	15	#
2159	694	13	34	554	#
2160	694	5	4	34	554	#
2161	452	10	32	555	#
2162	452	10	15	11	555	#
2163	733	17	34	4	556	#
2164	733	0	1	34	4	556	#
2165	837	6	48	557	#
2166	837	28	2	557	#
2167	837	39	23	9	557	#
2168	837	39	24	2	557	#
2169	837	39	23	3	2	557	#
2170	164	15	#
2171	696	13	34	558	#
2172	696	5	4	34	558	#
2173	712	4	10	43	#
2174	151	15	#
2175	360	23	9	559	#
2176	360	24	2	559	#
2177	360	23	3	2	559	#
2178	621	12	46	#
2179	138	9	#
2180	896	38	10	4	560	#
2181	896	40	11	37	560	#
2182	896	40	32	10	4	560	#
2183	896	40	11	15	10	4	560	#
2184	1047	4	44	561	#
2185	1047	4	10	30	561	#
2186	1047	4	10	38	14	561	#
2187	1047	37	11	40	14	561	#
2188	1047	4	10	32	40	14	561	#
2189	861	45	#
2190	553	13	34	#
2191	1045	4	44	562	#
2192	1045	4	10	30	562	#
2193	1045	4	10	38	14	562	#
2194	1045	37	11	40	14	562	#
2195	205	8	#
2196	423	10	32	563	#
2197	423	10	15	11	563	#
2198	928	4	10	38	564	#
2199	928	37	11	40	564	#
2200	928	4	10	32	40	564	#
2201	928	4	10	15	11	40	564	#
2202	928	4	34	29	564	#
2203	868	10	38	6	#
2204	1073	41	#
2205	1226	42	24	565	#
2206	1226	42	3	23	565	#
2207	1226	1	29	14	18	565	#
2208	1226	42	2	9	23	565	#
2209	1226	1	19	47	18	565	#
2210	497	23	18	#
2211	1101	3	42	0	#
2212	546	1	34	4	#
2213	211	34	#
2214	712	5	37	11	566	#
2215	712	13	10	32	566	#
2216	712	13	10	15	11	566	#
2217	712	5	4	10	32	566	#
2218	712	5	4	10	15	11	566	#
2219	1184	6	29	17	567	#
2220	1184	6	29	1	0	567	#
2221	1184	6	40	12	46	567	#
2222	1184	6	40	11	16	17	567	#
2223	1184	6	40	11	16	1	0	567	#
2224	318	8	2	#
2225	760	19	34	13	#
2226	828	30	568	#
2227	828	14	38	568	#
2228	828	14	40	32	568	#
2229	828	14	40	11	15	568	#
2230	432	23	18	#
2231	743	13	34	569	#
2232	743	5	4	34	569	#
2233	455	31	#
2234	853	3	45	#
2235	710	22	9	23	18	570	#
2236	710	22	2	24	18	570	#
2237	710	22	2	3	23	18	570	#
2238	142	9	#
2239	409	21	9	23	#
2240	829	45	#
2241	232	34	#
2242	405	22	9	23	571	#
2243	405	22	2	24	571	#
2244	331	8	22	#
2245	385	2	8	#
2246	322	4	10	#
2247	162	12	#
2248	315	24	572	#
2249	315	3	23	572	#
2250	168	10	#
2251	902	49	6	573	#
2252	902	8	48	6	573	#
2253	1017	17	29	574	#
2254	1017	0	1	29	574	#
2255	1017	46	12	40	574	#
2256	1017	17	16	11	40	574	#
2257	1017	0	1	16	11	40	574	#
2258	801	45	3	#
2259	172	6	#
2260	472	37	575	#
2261	472	15	10	4	575	#
2262	906	44	576	#
2263	906	30	10	576	#
2264	906	14	38	10	576	#
2265	906	14	40	32	10	576	#
2266	906	14	40	11	15	10	576	#
2267	919	43	10	34	577	#
2268	919	43	15	16	577	#
2269	332	8	22	#
2270	399	9	23	578	#
2271	399	2	24	578	#
2272	399	2	3	23	578	#
2273	276	21	9	579	#
2274	276	21	2	3	579	#
2275	870	44	580	#
2276	870	10	30	580	#
2277	870	10	38	14	580	#
2278	393	13	581	#
2279	393	5	4	581	#
2280	239	0	#
2281	677	10	43	20	#
2282	640	26	#
2283	906	6	48	21	582	#
2284	906	28	2	21	582	#
2285	906	27	20	582	#
2286	906	6	48	22	20	582	#
2287	906	39	23	9	21	582	#
2288	569	46	583	#
2289	569	19	17	583	#
2290	569	19	1	0	583	#
2291	171	9	584	#
2292	171	2	3	584	#
2293	569	13	34	585	#
2294	569	5	4	34	585	#
2295	609	39	586	#
2296	609	7	18	586	#
2297	609	6	14	18	586	#
2298	296	5	#
2299	257	10	4	#
2300	714	48	#
2301	1135	44	13	587	#
2302	1135	30	10	13	587	#
2303	1135	44	4	5	587	#
2304	1135	30	10	4	5	587	#
2305	1135	18	23	33	587	#
2306	1004	13	10	38	588	#
2307	1004	5	4	10	38	588	#
2308	906	44	589	#
2309	906	10	30	589	#
2310	906	10	38	14	589	#
2311	906	10	32	40	14	589	#
2312	906	10	15	11	40	14	589	#
2313	420	34	4	#
2314	348	7	590	#
2315	348	14	6	590	#
2316	465	16	1	#
2317	114	20	#
2318	401	23	9	591	#
2319	401	24	2	591	#
2320	401	23	3	2	591	#
2321	572	40	11	#
2322	436	31	#
2323	135	12	#
2324	360	37	#
2325	101	20	#
2326	826	33	#
2327	744	32	43	592	#
2328	744	11	15	43	592	#
2329	698	43	10	#
2330	809	6	48	21	#
2331	627	16	17	593	#
2332	627	16	1	0	593	#
2333	428	1	34	#
2334	602	14	40	#
2335	446	16	1	#
2336	568	12	40	#
2337	471	13	10	594	#
2338	471	5	4	10	594	#
2339	369	8	2	#
2340	906	44	595	#
2341	906	10	30	595	#
2342	906	10	38	14	595	#
2343	906	10	32	40	14	595	#
2344	906	10	15	11	40	14	595	#
2345	1067	38	10	13	596	#
2346	1067	38	10	4	5	596	#
2347	1067	40	11	37	5	596	#
2348	1067	40	32	10	13	596	#
2349	1067	40	11	15	10	13	596	#
2350	826	48	6	597	#
2351	826	2	28	597	#
2352	826	9	23	39	597	#
2353	826	2	24	39	597	#
2354	705	18	23	9	21	598	#
2355	705	18	24	2	21	598	#
2356	705	18	23	3	2	21	598	#
2357	149	11	#
2358	1116	41	21	599	#
2359	1116	0	42	2	599	#
2360	1116	0	35	22	599	#
2361	1116	0	31	43	22	599	#
2362	1116	41	20	22	599	#
2363	986	35	600	#
2364	986	43	31	600	#
2365	986	43	10	34	1	600	#
2366	986	43	15	16	1	600	#
2367	986	22	2	42	600	#
2368	468	34	1	#
2369	825	19	34	13	601	#
2370	825	19	34	4	5	601	#
2371	825	12	11	37	5	601	#
2372	825	12	32	10	13	601	#
2373	825	12	11	15	10	13	601	#
2374	880	10	38	602	#
2375	880	10	32	40	602	#
2376	880	10	15	11	40	602	#
2377	880	34	29	602	#
2378	880	34	16	11	40	602	#
2379	439	36	603	#
2380	439	9	8	603	#
2381	439	3	2	8	603	#
2382	549	10	13	604	#
2383	549	10	4	5	604	#
2384	568	43	20	#
2385	256	34	#
2386	660	6	40	11	#
2387	496	36	23	605	#
2388	496	8	9	23	605	#
2389	1135	13	44	606	#
2390	1135	13	10	30	606	#
2391	1135	5	4	44	606	#
2392	1135	5	4	10	30	606	#
2393	1135	33	23	18	606	#
2394	138	22	#
2395	931	26	22	2	607	#
2396	931	33	3	607	#
2397	931	26	20	21	2	607	#
2398	931	33	9	2	607	#
2399	931	26	22	9	3	607	#
2400	1135	44	13	608	#
2401	1135	30	10	13	608	#
2402	1135	44	4	5	608	#
2403	1135	30	10	4	5	608	#
2404	1135	18	23	33	608	#
2405	574	43	#
2406	998	1	29	609	#
2407	998	1	16	11	40	609	#
2408	998	1	19	12	40	609	#
2409	998	31	38	609	#
2410	998	31	32	40	609	#
2411	821	6	38	610	#
2412	821	6	40	32	610	#
2413	821	6	40	11	15	610	#
2414	928	35	611	#
2415	928	31	43	611	#
2416	289	19	#
2417	287	10	4	#
2418	706	21	48	612	#
2419	706	20	22	48	612	#
2420	904	35	613	#
2421	904	31	43	613	#
2422	876	33	614	#
2423	876	9	22	26	614	#
2424	876	3	2	22	26	614	#
2425	941	42	2	615	#
2426	941	35	22	615	#
2427	941	31	43	22	615	#
2428	728	26	#
2429	774	47	616	#
2430	774	12	40	14	616	#
2431	1095	42	617	#
2432	1095	35	22	2	617	#
2433	1095	31	43	22	2	617	#
2434	1095	1	19	45	617	#
2435	1095	35	20	21	2	617	#
2436	706	49	#
2437	910	25	#
2438	119	10	#
2439	552	11	37	618	#
2440	552	32	10	4	618	#
2441	552	11	15	10	4	618	#
2442	1198	41	619	#
2443	1198	0	35	20	619	#
2444	1198	0	31	43	20	619	#
2445	1198	0	42	2	21	619	#
2446	1198	17	34	10	43	20	619	#
2447	176	2	21	#
2448	693	48	#
2449	189	23	#
2450	912	38	6	620	#
2451	912	32	40	6	620	#
2452	912	15	11	40	6	620	#
2453	1137	46	47	621	#
2454	1137	17	29	14	621	#
2455	1137	0	1	29	14	621	#
2456	1137	46	12	40	14	621	#
2457	1137	17	19	47	621	#
2458	343	24	622	#
2459	343	23	3	622	#
2460	411	4	34	#
2461	629	48	#
2462	252	8	#
2463	646	14	40	#
2464	761	20	26	#
2465	966	17	34	13	623	#
2466	966	0	1	34	13	623	#
2467	966	17	34	4	5	623	#
2468	966	0	1	34	4	5	623	#
2469	712	5	37	11	624	#
2470	712	13	10	32	624	#
2471	712	13	10	15	11	624	#
2472	712	5	4	10	32	624	#
2473	712	5	4	10	15	11	624	#
2474	906	6	48	21	625	#
2475	906	28	2	21	625	#
2476	906	27	20	625	#
2477	906	6	48	22	20	625	#
2478	906	39	23	9	21	625	#
2479	164	23	#
2480	265	10	15	#
2481	257	11	12	#
2482	968	1	29	14	#
2483	275	22	9	626	#
2484	275	22	2	3	626	#
2485	374	40	#
2486	810	48	22	627	#
2487	810	48	21	20	627	#
2488	519	39	#
2489	203	8	#
2490	794	2	22	26	#
2491	1038	14	29	1	628	#
2492	1038	47	19	1	628	#
2493	1038	14	40	11	16	1	628	#
2494	1038	30	31	628	#
2495	1038	14	40	12	19	1	628	#
2496	181	6	#
2497	491	12	40	#
2498	526	40	#
2499	285	24	629	#
2500	285	23	3	629	#
2501	240	22	9	#
2502	394	13	630	#
2503	394	5	4	630	#
2504	1004	6	29	1	#
2505	124	3	#
2506	414	32	10	631	#
2507	414	11	15	10	631	#
2508	346	7	#
2509	278	34	#
2510	785	47	632	#
2511	785	14	40	12	632	#
2512	117	11	#
2513	322	8	2	#
2514	694	0	31	633	#
2515	694	17	34	10	633	#
2516	694	0	1	34	10	633	#
2517	694	17	16	15	633	#
2518	694	0	1	16	15	633	#
2519	966	45	2	22	634	#
2520	966	12	32	43	634	#
2521	966	12	11	15	43	634	#
2522	966	45	2	21	20	634	#
2523	966	45	3	9	22	634	#
2524	1116	41	21	635	#
2525	1116	0	42	2	635	#
2526	1116	0	35	22	635	#
2527	1116	0	31	43	22	635	#
2528	1116	41	20	22	635	#
2529	557	23	18	#
2530	1067	13	10	38	636	#
2531	1067	5	4	10	38	636	#
2532	1067	5	37	11	40	636	#
2533	1067	13	10	32	40	636	#
2534	1067	13	10	15	11	40	636	#
2535	207	0	#
2536	615	48	#
2537	462	23	9	22	637	#
2538	462	24	2	22	637	#
2539	462	23	3	2	22	637	#
2540	946	45	#
2541	394	16	1	#
2542	1202	3	42	0	638	#
2543	1202	9	21	41	638	#
2544	1202	3	45	46	638	#
2545	1202	9	2	42	0	638	#
2546	1202	3	2	21	41	638	#
2547	1040	41	21	#
2548	932	22	2	45	639	#
2549	932	43	32	12	639	#
2550	932	43	15	11	12	639	#
2551	932	20	21	2	45	639	#
2552	284	19	#
2553	332	36	640	#
2554	332	8	9	640	#
2555	642	48	22	#
2556	643	43	10	#
2557	313	15	10	#
2558	133	21	#
2559	497	19	34	641	#
2560	497	12	32	10	641	#
2561	497	12	11	15	10	641	#
2562	446	32	12	642	#
2563	446	15	11	12	642	#
2564	123	10	#
2565	1038	14	29	1	643	#
2566	1038	47	19	1	643	#
2567	1038	14	40	11	16	1	643	#
2568	1038	30	31	643	#
2569	1038	14	40	12	19	1	643	#
2570	849	10	38	644	#
2571	849	10	32	40	644	#
2572	849	10	15	11	40	644	#
2573	849	34	29	644	#
2574	126	3	#
2575	619	48	22	#
2576	232	21	2	#
2577	820	1	34	13	645	#
2578	820	1	34	4	5	645	#
2579	972	23	33	#
2580	800	18	23	36	646	#
2581	800	18	23	9	8	646	#
2582	800	18	24	2	8	646	#
2583	800	18	23	3	2	8	646	#
2584	800	14	49	646	#
2585	210	1	#
2586	784	23	39	647	#
2587	784	23	18	7	647	#
2588	784	3	28	647	#
2589	784	23	18	14	6	647	#
2590	875	47	648	#
2591	875	12	40	14	648	#
2592	242	23	#
2593	468	43	#
2594	747	33	#
2595	672	14	40	#
2596	893	49	649	#
2597	893	48	8	649	#
2598	886	45	#
2599	95	20	#
2600	1117	42	24	650	#
2601	1117	42	3	23	650	#
2602	597	40	12	#
2603	118	22	#
2604	562	31	0	#
2605	810	1	29	#
2606	834	14	29	651	#
2607	834	47	19	651	#
2608	440	1	34	#
2609	608	12	40	#
2610	757	6	48	652	#
2611	757	28	2	652	#
2612	417	16	1	#
2613	1038	14	29	1	653	#
2614	1038	47	19	1	653	#
2615	1038	14	40	11	16	1	653	#
2616	1038	30	31	653	#
2617	1038	14	40	12	19	1	653	#
2618	287	15	10	#
2619	682	18	23	9	22	654	#
2620	682	18	24	2	22	654	#
2621	682	18	23	3	2	22	654	#
2622	104	21	#
2623	857	6	38	10	#
2624	194	23	#
2625	850	38	10	655	#
2626	850	40	32	10	655	#
2627	850	40	11	15	10	655	#
2628	850	29	34	655	#
2629	108	2	#
2630	894	44	656	#
2631	894	30	10	656	#
2632	894	14	38	10	656	#
2633	1017	29	17	657	#
2634	1017	29	1	0	657	#
2635	1017	40	12	46	657	#
2636	1017	40	11	16	17	657	#
2637	1017	40	11	16	1	0	657	#
2638	1067	38	10	13	658	#
2639	1067	38	10	4	5	658	#
2640	1067	40	11	37	5	658	#
2641	1067	40	32	10	13	658	#
2642	1067	40	11	15	10	13	658	#
2643	880	10	38	659	#
2644	880	10	32	40	659	#
2645	880	10	15	11	40	659	#
2646	880	34	29	659	#
2647	880	34	16	11	40	659	#
2648	151	4	#
2649	414	7	660	#
2650	414	6	14	660	#
2651	791	29	6	#
2652	846	26	#
2653	725	2	48	661	#
2654	725	24	18	14	661	#
2655	725	3	23	18	14	661	#
2656	255	0	#
2657	876	49	662	#
2658	876	8	48	662	#
2659	906	44	663	#
2660	906	30	10	663	#
2661	906	14	38	10	663	#
2662	906	14	40	32	10	663	#
2663	906	14	40	11	15	10	663	#
2664	660	18	23	9	22	#
2665	171	15	#
2666	1027	20	35	664	#
2667	1027	20	43	31	664	#
2668	1027	21	2	42	664	#
2669	1027	21	22	35	664	#
2670	1027	21	22	43	31	664	#
2671	169	9	665	#
2672	169	2	3	665	#
2673	519	23	18	#
2674	131	22	#
2675	1137	46	47	666	#
2676	1137	17	29	14	666	#
2677	1137	0	1	29	14	666	#
2678	1137	46	12	40	14	666	#
2679	1137	17	19	47	666	#
2680	709	15	43	#
2681	362	32	667	#
2682	362	15	11	667	#
2683	751	18	23	9	22	668	#
2684	751	18	24	2	22	668	#
2685	751	18	23	3	2	22	668	#
2686	751	18	23	9	21	20	668	#
2687	751	18	24	2	21	20	668	#
2688	304	19	#
2689	523	40	11	#
2690	113	3	#
2691	663	29	#
2692	712	5	37	11	669	#
2693	712	13	10	32	669	#
2694	712	13	10	15	11	669	#
2695	712	5	4	10	32	669	#
2696	712	5	4	10	15	11	669	#
2697	362	4	34	#
2698	286	32	670	#
2699	286	15	11	670	#
2700	917	38	10	4	671	#
2701	917	40	11	37	671	#
2702	917	40	32	10	4	671	#
2703	917	40	11	15	10	4	671	#
2704	947	34	10	43	672	#
2705	947	16	15	43	672	#
2706	302	16	#
2707	486	13	673	#
2708	486	5	4	673	#
2709	596	37	11	674	#
2710	596	4	10	32	674	#
2711	596	4	10	15	11	674	#
2712	416	16	1	#
2713	994	10	38	6	675	#
2714	994	10	32	40	6	675	#
2715	994	10	15	11	40	6	675	#
2716	994	34	29	6	675	#
2717	994	4	25	675	#
2718	188	23	#
2719	751	22	26	#
2720	448	16	1	#
2721	679	11	40	14	#
2722	835	21	2	45	#
2723	634	2	22	43	#
2724	271	19	#
2725	857	18	47	#
2726	479	18	23	#
2727	512	23	18	#
2728	538	48	#
2729	866	30	676	#
2730	866	14	38	676	#
2731	866	14	40	32	676	#
2732	866	14	40	11	15	676	#
2733	866	44	10	676	#
2734	505	13	677	#
2735	505	5	4	677	#
2736	566	31	678	#
2737	566	1	34	10	678	#
2738	566	1	16	15	678	#
2739	670	13	34	679	#
2740	670	5	4	34	679	#
2741	267	8	#
2742	683	22	9	23	18	680	#
2743	683	22	2	24	18	680	#
2744	683	22	2	3	23	18	680	#
2745	462	40	#
2746	570	20	43	#
2747	198	23	#
2748	212	6	#
2749	166	10	#
2750	259	1	#
2751	712	16	17	681	#
2752	712	16	1	0	681	#
2753	712	11	12	46	681	#
2754	712	15	31	0	681	#
2755	480	40	12	#
2756	195	15	#
2757	133	12	#
2758	752	13	34	682	#
2759	752	5	4	34	682	#
2760	407	4	34	#
2761	193	4	#
2762	857	48	22	683	#
2763	857	48	21	20	683	#
2764	857	14	18	23	9	22	683	#
2765	857	14	18	24	2	22	683	#
2766	857	14	18	23	3	2	22	683	#
2767	587	46	684	#
2768	587	17	19	684	#
2769	587	0	1	19	684	#
2770	256	8	#
2771	930	45	#
2772	642	43	#
2773	1113	21	41	685	#
2774	1113	2	42	0	685	#
2775	1113	22	35	0	685	#
2776	1113	22	43	31	0	685	#
2777	467	36	686	#
2778	467	9	8	686	#
2779	467	3	2	8	686	#
2780	339	9	21	687	#
2781	339	3	2	21	687	#
2782	339	9	22	20	687	#
2783	305	7	#
2784	121	3	#
2785	768	38	688	#
2786	768	32	40	688	#
2787	768	15	11	40	688	#
2788	308	32	689	#
2789	308	11	15	689	#
2790	292	9	21	690	#
2791	292	3	2	21	690	#
2792	857	22	48	691	#
2793	857	20	21	48	691	#
2794	857	22	9	23	18	14	691	#
2795	857	22	2	24	18	14	691	#
2796	857	22	2	3	23	18	14	691	#
2797	880	38	10	692	#
2798	880	40	32	10	692	#
2799	880	40	11	15	10	692	#
2800	880	29	34	692	#
2801	880	40	11	16	34	692	#
2802	641	39	693	#
2803	641	18	7	693	#
2804	641	18	14	6	693	#
2805	636	23	36	694	#
2806	636	23	9	8	694	#
2807	636	24	2	8	694	#
2808	636	23	3	2	8	694	#
2809	1147	17	29	6	695	#
2810	1147	0	1	29	6	695	#
2811	1147	46	12	40	6	695	#
2812	983	29	1	696	#
2813	983	40	11	16	1	696	#
2814	983	40	12	19	1	696	#
2815	983	38	31	696	#
2816	464	10	32	697	#
2817	464	10	15	11	697	#
2818	701	5	37	698	#
2819	701	13	10	15	698	#
2820	701	5	4	10	15	698	#
2821	106	2	#
2822	519	36	23	699	#
2823	519	8	9	23	699	#
2824	519	8	2	24	699	#
2825	519	8	2	3	23	699	#
2826	498	1	16	#
2827	369	10	32	700	#
2828	369	10	15	11	700	#
2829	445	18	23	#
2830	774	29	701	#
2831	774	16	11	40	701	#
2832	774	19	12	40	701	#
2833	277	16	#
2834	100	3	#
2835	295	19	#
2836	580	24	18	702	#
2837	580	3	23	18	702	#
2838	1176	0	42	703	#
2839	1176	46	45	703	#
2840	1176	41	21	2	703	#
2841	1176	0	35	22	2	703	#
2842	1176	0	31	43	22	2	703	#
2843	532	13	10	704	#
2844	532	5	4	10	704	#
2845	859	43	32	705	#
2846	859	43	15	11	705	#
2847	742	43	10	#
2848	868	6	38	10	#
2849	360	9	23	706	#
2850	360	2	24	706	#
2851	360	2	3	23	706	#
2852	109	21	#
2853	770	1	34	13	707	#
2854	770	1	34	4	5	707	#
2855	1118	35	0	708	#
2856	1118	43	31	0	708	#
2857	1118	20	41	708	#
2858	1118	43	10	34	17	708	#
2859	1118	43	10	34	1	0	708	#
2860	565	12	40	#
2861	567	37	11	709	#
2862	567	4	10	32	709	#
2863	567	4	10	15	11	709	#
2864	371	4	34	#
2865	719	9	23	18	710	#
2866	719	2	24	18	710	#
2867	719	2	3	23	18	710	#
2868	719	48	14	710	#
2869	719	9	3	24	18	710	#
2870	1095	42	711	#
2871	1095	35	22	2	711	#
2872	1095	31	43	22	2	711	#
2873	1095	1	19	45	711	#
2874	1095	35	20	21	2	711	#
2875	203	8	#
2876	480	36	23	#
2877	712	28	#
2878	672	18	23	9	21	712	#
2879	672	18	24	2	21	712	#
2880	1118	35	0	713	#
2881	1118	43	31	0	713	#
2882	1118	20	41	713	#
2883	1118	43	10	34	17	713	#
2884	1118	43	10	34	1	0	713	#
2885	292	22	9	714	#
2886	292	22	2	3	714	#
2887	754	28	715	#
2888	754	39	24	715	#
2889	927	2	42	#
2890	731	30	716	#
2891	731	38	14	716	#
2892	279	12	11	#
2893	793	43	32	717	#
2894	793	43	15	11	717	#
2895	294	21	9	718	#
2896	294	21	2	3	718	#
2897	994	6	38	10	719	#
2898	994	6	40	32	10	719	#
2899	994	6	40	11	15	10	719	#
2900	994	6	29	34	719	#
2901	994	25	4	719	#
2902	352	7	720	#
2903	352	6	14	720	#
2904	346	36	721	#
2905	346	9	8	721	#
2906	699	48	21	#
2907	790	28	722	#
2908	790	39	24	722	#
2909	790	39	23	3	722	#
2910	790	6	48	2	722	#
2911	790	7	18	24	722	#
2912	175	2	21	#
2913	137	21	#
2914	701	11	40	14	#
2915	340	24	723	#
2916	340	3	23	723	#
2917	1038	14	29	1	724	#
2918	1038	47	19	1	724	#
2919	1038	14	40	11	16	1	724	#
2920	1038	30	31	724	#
2921	1038	14	40	12	19	1	724	#
2922	947	4	44	725	#
2923	947	4	10	30	725	#
2924	752	4	10	43	#
2925	837	14	29	726	#
2926	837	47	19	726	#
2927	986	35	727	#
2928	986	43	31	727	#
2929	986	43	10	34	1	727	#
2930	986	43	15	16	1	727	#
2931	986	22	2	42	727	#
2932	890	45	2	21	#
2933	1231	25	5	728	#
2934	1231	6	38	10	13	728	#
2935	1231	6	38	10	4	5	728	#
2936	1231	6	40	11	37	5	728	#
2937	1231	6	40	32	10	13	728	#
2938	1035	25	729	#
2939	1035	4	10	38	6	729	#
2940	1035	37	11	40	6	729	#
2941	1035	4	10	32	40	6	729	#
2942	1035	4	10	15	11	40	6	729	#
2943	115	11	#
2944	440	1	19	#
2945	960	33	730	#
2946	960	26	22	9	730	#
2947	960	26	22	2	3	730	#
2948	960	26	20	21	9	730	#
2949	960	26	20	21	2	3	730	#
2950	1095	42	731	#
2951	1095	2	22	35	731	#
2952	1095	2	22	43	31	731	#
2953	1095	45	19	1	731	#
2954	1095	2	21	20	35	731	#
2955	657	10	43	#
2956	1118	0	35	732	#
2957	1118	0	31	43	732	#
2958	1118	41	20	732	#
2959	1118	17	34	10	43	732	#
2960	1118	0	1	34	10	43	732	#
2961	230	14	#
2962	843	22	2	45	733	#
2963	843	43	32	12	733	#
2964	843	43	15	11	12	733	#
2965	282	24	734	#
2966	282	23	3	734	#
2967	863	21	48	735	#
2968	863	20	22	48	735	#
2969	863	21	9	23	18	14	735	#
2970	863	21	2	24	18	14	735	#
2971	863	21	2	3	23	18	14	735	#
2972	825	19	34	13	736	#
2973	825	19	34	4	5	736	#
2974	825	12	11	37	5	736	#
2975	825	12	32	10	13	736	#
2976	825	12	11	15	10	13	736	#
2977	559	48	#
2978	772	34	13	737	#
2979	772	34	4	5	737	#
2980	772	16	37	5	737	#
2981	306	32	738	#
2982	306	15	11	738	#
2983	426	34	19	#
2984	487	16	1	#
2985	1129	46	47	739	#
2986	1129	17	29	14	739	#
2987	1129	0	1	29	14	739	#
2988	1129	46	12	40	14	739	#
2989	999	49	6	740	#
2990	999	8	48	6	740	#
2991	999	8	2	28	740	#
2992	999	36	23	39	740	#
2993	999	8	9	23	39	740	#
2994	1035	25	741	#
2995	1035	4	10	38	6	741	#
2996	1035	37	11	40	6	741	#
2997	1035	4	10	32	40	6	741	#
2998	1035	4	10	15	11	40	6	741	#
2999	1135	44	13	742	#
3000	1135	30	10	13	742	#
3001	1135	44	4	5	742	#
3002	1135	30	10	4	5	742	#
3003	1135	18	23	33	742	#
3004	602	12	40	#
3005	144	12	#
3006	190	6	#
3007	561	24	18	743	#
3008	561	3	23	18	743	#
3009	632	43	10	#
3010	1094	3	42	744	#
3011	1094	9	2	42	744	#
3012	1094	9	22	35	744	#
3013	1094	9	22	43	31	744	#
3014	1094	3	2	22	35	744	#
3015	292	12	11	#
3016	421	13	745	#
3017	421	4	5	745	#
3018	712	5	37	11	746	#
3019	712	13	10	32	746	#
3020	712	13	10	15	11	746	#
3021	712	5	4	10	32	746	#
3022	712	5	4	10	15	11	746	#
3023	707	39	23	#
3024	946	29	1	747	#
3025	946	40	11	16	1	747	#
3026	946	40	12	19	1	747	#
3027	946	38	31	747	#
3028	406	17	748	#
3029	406	0	1	748	#
3030	697	48	22	#
3031	627	40	12	#
3032	800	36	23	18	749	#
3033	800	8	9	23	18	749	#
3034	800	8	2	24	18	749	#
3035	800	8	2	3	23	18	749	#
3036	800	49	14	749	#
3037	800	18	23	36	750	#
3038	800	18	23	9	8	750	#
3039	800	18	24	2	8	750	#
3040	800	18	23	3	2	8	750	#
3041	800	14	49	750	#
3042	579	48	#
3043	492	43	#
3044	238	21	2	#
3045	123	22	#
3046	837	6	38	751	#
3047	837	6	40	32	751	#
3048	837	6	40	11	15	751	#
3049	470	19	1	#
3050	277	22	9	752	#
3051	277	22	2	3	752	#
3052	1176	0	42	753	#
3053	1176	46	45	753	#
3054	1176	41	21	2	753	#
3055	1176	0	35	22	2	753	#
3056	1176	0	31	43	22	2	753	#
3057	217	8	#
3058	584	18	23	9	754	#
3059	584	18	24	2	754	#
3060	493	12	40	#
3061	284	8	2	#
3062	634	47	#
3063	281	5	#
3064	1129	41	755	#
3065	1129	0	35	20	755	#
3066	1129	0	31	43	20	755	#
3067	857	22	48	756	#
3068	857	20	21	48	756	#
3069	857	22	9	23	18	14	756	#
3070	857	22	2	24	18	14	756	#
3071	857	22	2	3	23	18	14	756	#
3072	314	4	10	#
3073	906	44	757	#
3074	906	10	30	757	#
3075	906	10	38	14	757	#
3076	906	10	32	40	14	757	#
3077	906	10	15	11	40	14	757	#
3078	906	44	758	#
3079	906	10	30	758	#
3080	906	10	38	14	758	#
3081	906	10	32	40	14	758	#
3082	906	10	15	11	40	14	758	#
3083	962	23	33	#
3084	819	45	2	22	759	#
3085	819	12	32	43	759	#
3086	819	12	11	15	43	759	#
3087	393	23	9	760	#
3088	393	24	2	760	#
3089	393	23	3	2	760	#
3090	825	19	34	13	761	#
3091	825	19	34	4	5	761	#
3092	825	12	11	37	5	761	#
3093	825	12	32	10	13	761	#
3094	825	12	11	15	10	13	761	#
3095	698	48	#
3096	1219	42	24	762	#
3097	1219	42	3	23	762	#
3098	1219	1	29	14	18	762	#
3099	1219	42	2	9	23	762	#
3100	634	4	34	1	#
3101	280	9	22	763	#
3102	280	3	2	22	763	#
3103	1116	41	21	764	#
3104	1116	0	42	2	764	#
3105	1116	0	35	22	764	#
3106	1116	0	31	43	22	764	#
3107	1116	41	20	22	764	#
3108	669	0	31	765	#
3109	669	17	34	10	765	#
3110	1176	0	42	766	#
3111	1176	46	45	766	#
3112	1176	41	21	2	766	#
3113	1176	0	35	22	2	766	#
3114	1176	0	31	43	22	2	766	#
3115	101	20	#
3116	483	1	34	#
3117	276	24	767	#
3118	276	3	23	767	#
3119	919	23	33	#
3120	648	18	24	768	#
3121	648	18	23	3	768	#
3122	648	18	23	9	2	768	#
3123	658	49	#
3124	385	10	32	769	#
3125	385	10	15	11	769	#
3126	685	31	0	770	#
3127	685	10	34	17	770	#
3128	685	10	34	1	0	770	#
3129	392	4	34	#
3130	1024	0	42	#
3131	772	13	34	771	#
3132	772	5	4	34	771	#
3133	772	5	37	16	771	#
3134	136	10	#
3135	488	23	9	21	772	#
3136	488	24	2	21	772	#
3137	488	23	3	2	21	772	#
3138	488	23	9	22	20	772	#
3139	488	24	2	22	20	772	#
3140	298	10	4	#
3141	810	10	38	773	#
3142	810	10	32	40	773	#
3143	810	10	15	11	40	773	#
3144	810	34	29	773	#
3145	156	12	#
3146	519	1	16	11	774	#
3147	519	1	19	12	774	#
3148	125	3	#
3149	148	11	#
3150	565	34	13	775	#
3151	565	34	4	5	775	#
3152	571	6	40	#
3153	256	34	#
3154	1095	42	776	#
3155	1095	35	22	2	776	#
3156	1095	31	43	22	2	776	#
3157	1095	1	19	45	776	#
3158	1095	35	20	21	2	776	#
3159	516	40	11	#
3160	275	10	4	#
3161	153	15	#
3162	602	34	17	777	#
3163	602	34	1	0	777	#
3164	790	28	778	#
3165	790	24	39	778	#
3166	790	3	23	39	778	#
3167	790	2	48	6	778	#
3168	790	24	18	7	778	#
3169	256	0	#
3170	842	29	779	#
3171	842	40	11	16	779	#
3172	842	40	12	19	779	#
3173	845	4	10	38	780	#
3174	845	37	11	40	780	#
3175	906	21	48	6	781	#
3176	906	21	2	28	781	#
3177	906	20	27	781	#
3178	906	20	22	48	6	781	#
3179	906	21	9	23	39	781	#
3180	833	48	21	782	#
3181	833	48	22	20	782	#
3182	198	0	#
3183	183	15	#
3184	752	26	20	#
3185	561	17	16	783	#
3186	561	0	1	16	783	#
3187	717	34	17	784	#
3188	717	34	1	0	784	#
3189	717	10	31	0	784	#
3190	121	22	#
3191	309	10	15	#
3192	472	13	10	785	#
3193	472	5	4	10	785	#
3194	689	9	23	18	786	#
3195	689	2	24	18	786	#
3196	689	2	3	23	18	786	#
3197	1198	41	787	#
3198	1198	0	35	20	787	#
3199	1198	0	31	43	20	787	#
3200	1198	0	42	2	21	787	#
3201	1198	17	34	10	43	20	787	#
3202	719	15	43	#
3203	446	32	12	788	#
3204	446	15	11	12	788	#
3205	226	34	#
3206	226	11	12	#
3207	648	48	2	#
3208	179	23	#
3209	994	10	38	6	789	#
3210	994	10	32	40	6	789	#
3211	994	10	15	11	40	6	789	#
3212	994	34	29	6	789	#
3213	994	4	25	789	#
3214	652	16	17	790	#
3215	652	16	1	0	790	#
3216	887	21	48	6	791	#
3217	887	21	2	28	791	#
3218	887	20	27	791	#
3219	887	20	22	48	6	791	#
3220	415	22	9	23	792	#
3221	415	22	2	24	792	#
3222	341	36	793	#
3223	341	9	8	793	#
3224	243	0	#
3225	1017	6	29	1	794	#
3226	1017	6	40	11	16	1	794	#
3227	704	38	795	#
3228	704	32	40	795	#
3229	704	15	11	40	795	#
3230	648	48	#
3231	1067	13	10	38	796	#
3232	1067	5	4	10	38	796	#
3233	1067	5	37	11	40	796	#
3234	1067	13	10	32	40	796	#
3235	1067	13	10	15	11	40	796	#
3236	760	44	797	#
3237	760	10	30	797	#
3238	112	2	#
3239	453	36	798	#
3240	453	9	8	798	#
3241	453	3	2	8	798	#
3242	789	18	23	36	799	#
3243	789	18	23	9	8	799	#
3244	789	18	24	2	8	799	#
3245	789	18	23	3	2	8	799	#
3246	596	11	37	800	#
3247	596	32	10	4	800	#
3248	596	11	15	10	4	800	#
3249	1135	44	13	801	#
3250	1135	30	10	13	801	#
3251	1135	44	4	5	801	#
3252	1135	30	10	4	5	801	#
3253	1135	18	23	33	801	#
3254	1140	0	42	802	#
3255	1140	46	45	802	#
3256	1140	41	21	2	802	#
3257	300	21	9	803	#
3258	300	21	2	3	803	#
3259	95	22	#
3260	685	18	23	9	21	804	#
3261	685	18	24	2	21	804	#
3262	685	18	23	3	2	21	804	#
3263	117	10	#
3264	114	10	#
3265	219	34	#
3266	1336	0	42	24	805	#
3267	1336	0	42	3	23	805	#
3268	1336	46	47	18	805	#
3269	1336	46	45	24	805	#
3270	1336	41	21	9	23	805	#
3271	508	14	18	#
3272	725	26	#
3273	488	23	9	21	806	#
3274	488	24	2	21	806	#
3275	488	23	3	2	21	806	#
3276	488	23	9	22	20	806	#
3277	488	24	2	22	20	806	#
3278	448	17	807	#
3279	448	1	0	807	#
3280	906	21	48	6	808	#
3281	906	21	2	28	808	#
3282	906	20	27	808	#
3283	906	20	22	48	6	808	#
3284	906	21	9	23	39	808	#
3285	539	46	#
3286	792	45	2	#
3287	1027	35	20	809	#
3288	1027	31	43	20	809	#
3289	1027	42	2	21	809	#
3290	1027	35	22	21	809	#
3291	1027	31	43	22	21	809	#
3292	966	22	2	45	810	#
3293	966	43	32	12	810	#
3294	966	43	15	11	12	810	#
3295	966	20	21	2	45	810	#
3296	966	22	9	3	45	810	#
3297	736	49	811	#
3298	736	8	48	811	#
3299	573	18	23	9	812	#
3300	573	18	24	2	812	#
3301	776	27	#
3302	651	22	48	#
3303	726	28	#
3304	754	19	34	4	813	#
3305	754	12	11	37	813	#
3306	754	12	32	10	4	813	#
3307	754	12	11	15	10	4	813	#
3308	675	6	40	11	#
3309	452	1	16	#
3310	953	42	#
3311	303	16	#
3312	793	45	3	#
3313	611	16	17	814	#
3314	611	16	1	0	814	#
3315	906	6	48	21	815	#
3316	906	28	2	21	815	#
3317	906	27	20	815	#
3318	906	6	48	22	20	815	#
3319	906	39	23	9	21	815	#
3320	561	1	34	4	#
3321	1231	25	5	816	#
3322	1231	6	38	10	13	816	#
3323	1231	6	38	10	4	5	816	#
3324	1231	6	40	11	37	5	816	#
3325	1231	6	40	32	10	13	816	#
3326	1017	17	29	817	#
3327	1017	0	1	29	817	#
3328	1017	46	12	40	817	#
3329	1017	17	16	11	40	817	#
3330	1017	0	1	16	11	40	817	#
3331	251	32	#
3332	857	48	22	818	#
3333	857	48	21	20	818	#
3334	857	14	18	23	9	22	818	#
3335	857	14	18	24	2	22	818	#
3336	664	10	43	20	#
3337	212	21	2	#
3338	137	21	#
3339	359	18	#
3340	904	10	38	6	819	#
3341	904	10	32	40	6	819	#
3342	904	10	15	11	40	6	819	#
3343	446	32	10	820	#
3344	446	11	15	10	820	#
3345	574	5	37	#
3346	1038	1	29	14	821	#
3347	1038	1	19	47	821	#
3348	1038	1	16	11	40	14	821	#
3349	1038	31	30	821	#
3350	1038	1	19	12	40	14	821	#
3351	229	1	#
3352	928	4	10	38	822	#
3353	928	37	11	40	822	#
3354	928	4	10	32	40	822	#
3355	928	4	10	15	11	40	822	#
3356	928	4	34	29	822	#
3357	883	3	45	823	#
3358	883	9	2	45	823	#
3359	837	6	48	824	#
3360	837	28	2	824	#
3361	837	39	23	9	824	#
3362	837	39	24	2	824	#
3363	837	39	23	3	2	824	#
3364	780	28	825	#
3365	780	39	24	825	#
3366	780	39	23	3	825	#
3367	780	6	48	2	825	#
3368	719	9	23	18	826	#
3369	719	2	24	18	826	#
3370	719	2	3	23	18	826	#
3371	719	48	14	826	#
3372	719	9	3	24	18	826	#
3373	1065	42	3	827	#
3374	1065	42	2	9	827	#
3375	1065	35	22	9	827	#
3376	1065	31	43	22	9	827	#
3377	534	1	34	4	#
3378	94	22	#
3379	776	11	40	14	#
3380	762	33	#
3381	667	10	38	#
3382	1038	1	29	14	828	#
3383	1038	1	19	47	828	#
3384	1038	1	16	11	40	14	828	#
3385	1038	31	30	828	#
3386	1038	1	19	12	40	14	828	#
3387	708	30	#
3388	565	10	13	829	#
3389	565	10	4	5	829	#
3390	565	12	40	#
3391	220	8	#
3392	637	47	#
3393	987	42	#
3394	970	10	43	22	9	23	830	#
3395	970	10	43	22	2	24	830	#
3396	385	36	831	#
3397	385	9	8	831	#
3398	385	3	2	8	831	#
3399	904	45	#
3400	1063	41	21	#
3401	561	11	16	1	832	#
3402	561	12	19	1	832	#
3403	488	19	34	833	#
3404	488	12	32	10	833	#
3405	488	12	11	15	10	833	#
3406	1095	42	834	#
3407	1095	2	22	35	834	#
3408	1095	2	22	43	31	834	#
3409	1095	45	19	1	834	#
3410	1095	2	21	20	35	834	#
3411	939	23	33	#
3412	280	18	#
3413	866	49	835	#
3414	866	48	8	835	#
3415	1038	14	29	1	836	#
3416	1038	47	19	1	836	#
3417	1038	14	40	11	16	1	836	#
3418	1038	30	31	836	#
3419	1038	14	40	12	19	1	836	#
3420	1017	29	17	837	#
3421	1017	29	1	0	837	#
3422	1017	40	12	46	837	#
3423	1017	40	11	16	17	837	#
3424	1017	40	11	16	1	0	837	#
3425	1231	5	25	838	#
3426	1231	13	10	38	6	838	#
3427	1231	5	4	10	38	6	838	#
3428	1231	5	37	11	40	6	838	#
3429	1231	13	10	32	40	6	838	#
3430	121	20	#
3431	395	9	23	839	#
3432	395	2	24	839	#
3433	395	2	3	23	839	#
3434	112	22	#
3435	811	43	10	34	840	#
3436	811	43	15	16	840	#
3437	1117	42	24	841	#
3438	1117	42	3	23	841	#
3439	253	19	#
3440	1019	14	29	1	842	#
3441	1019	47	19	1	842	#
3442	1025	14	29	1	843	#
3443	1025	47	19	1	843	#
3444	946	6	38	10	844	#
3445	946	6	40	32	10	844	#
3446	946	6	40	11	15	10	844	#
3447	863	21	48	845	#
3448	863	20	22	48	845	#
3449	863	21	9	23	18	14	845	#
3450	863	21	2	24	18	14	845	#
3451	863	21	2	3	23	18	14	845	#
3452	390	9	23	846	#
3453	390	2	24	846	#
3454	390	2	3	23	846	#
3455	684	11	40	6	#
3456	328	21	9	847	#
3457	328	21	2	3	847	#
3458	328	20	22	9	847	#
3459	694	31	0	848	#
3460	694	10	34	17	848	#
3461	694	10	34	1	0	848	#
3462	694	15	16	17	848	#
3463	694	15	16	1	0	848	#
3464	658	12	46	849	#
3465	658	11	16	17	849	#
3466	658	11	16	1	0	849	#
3467	299	18	#
3468	399	23	9	850	#
3469	399	24	2	850	#
3470	399	23	3	2	850	#
3471	262	34	#
3472	488	21	9	23	851	#
3473	488	21	2	24	851	#
3474	488	21	2	3	23	851	#
3475	488	20	22	9	23	851	#
3476	488	20	22	2	24	851	#
3477	464	19	34	#
3478	642	9	23	18	852	#
3479	642	2	24	18	852	#
3480	642	2	3	23	18	852	#
3481	638	36	23	853	#
3482	638	8	9	23	853	#
3483	638	8	2	24	853	#
3484	638	8	2	3	23	853	#
3485	638	36	3	24	853	#
3486	694	0	31	854	#
3487	694	17	34	10	854	#
3488	694	0	1	34	10	854	#
3489	694	17	16	15	854	#
3490	694	0	1	16	15	854	#
3491	243	6	#
3492	725	48	2	855	#
3493	725	14	18	24	855	#
3494	725	14	18	23	3	855	#
3495	775	3	45	#
3496	986	35	856	#
3497	986	43	31	856	#
3498	986	43	10	34	1	856	#
3499	986	43	15	16	1	856	#
3500	986	22	2	42	856	#
3501	960	33	857	#
3502	960	9	22	26	857	#
3503	960	3	2	22	26	857	#
3504	960	9	21	20	26	857	#
3505	960	3	2	21	20	26	857	#
3506	789	48	6	858	#
3507	789	2	28	858	#
3508	1094	42	3	859	#
3509	1094	42	2	9	859	#
3510	1094	35	22	9	859	#
3511	1094	31	43	22	9	859	#
3512	1094	35	22	2	3	859	#
3513	569	43	#
3514	115	3	#
3515	443	16	1	#
3516	837	6	48	860	#
3517	837	28	2	860	#
3518	837	39	23	9	860	#
3519	837	39	24	2	860	#
3520	837	39	23	3	2	860	#
3521	742	14	40	11	#
3522	679	10	38	#
3523	875	35	861	#
3524	875	43	31	861	#
3525	736	11	40	6	#
3526	737	6	38	#
3527	183	0	#
3528	164	4	#
3529	357	17	862	#
3530	357	1	0	862	#
3531	1105	3	42	0	#
3532	370	32	863	#
3533	370	15	11	863	#
3534	618	34	13	864	#
3535	618	34	4	5	864	#
3536	562	6	40	#
3537	775	19	34	13	865	#
3538	775	19	34	4	5	865	#
3539	245	12	11	#
3540	595	38	#
3541	410	19	1	#
3542	318	32	866	#
3543	318	15	11	866	#
3544	638	23	36	867	#
3545	638	23	9	8	867	#
3546	638	24	2	8	867	#
3547	638	23	3	2	8	867	#
3548	638	24	3	36	867	#
3549	998	29	1	868	#
3550	998	40	11	16	1	868	#
3551	998	40	12	19	1	868	#
3552	998	38	31	868	#
3553	998	40	32	31	868	#
3554	763	48	869	#
3555	763	14	18	23	9	869	#
3556	763	14	18	24	2	869	#
3557	746	48	6	870	#
3558	746	2	28	870	#
3559	272	5	#
3560	800	36	23	18	871	#
3561	800	8	9	23	18	871	#
3562	800	8	2	24	18	871	#
3563	800	8	2	3	23	18	871	#
3564	800	49	14	871	#
3565	857	49	872	#
3566	857	8	48	872	#
3567	1013	18	14	29	#
3568	406	32	12	873	#
3569	406	15	11	12	873	#
3570	947	29	17	874	#
3571	947	29	1	0	874	#
3572	947	40	12	46	874	#
3573	505	40	#
3574	908	14	29	875	#
3575	908	47	19	875	#
3576	908	14	40	11	16	875	#
3577	908	14	40	12	19	875	#
3578	103	22	#
3579	987	41	#
3580	670	43	10	#
3581	413	23	9	876	#
3582	413	24	2	876	#
3583	413	23	3	2	876	#
3584	806	38	10	877	#
3585	806	40	32	10	877	#
3586	806	40	11	15	10	877	#
3587	806	29	34	877	#
3588	581	6	40	#
3589	452	17	878	#
3590	452	1	0	878	#
3591	1114	47	46	879	#
3592	1114	14	29	17	879	#
3593	1114	14	29	1	0	879	#
3594	1114	14	40	12	46	879	#
3595	1019	2	42	880	#
3596	1019	22	35	880	#
3597	1019	22	43	31	880	#
3598	1019	21	20	35	880	#
3599	1019	21	20	43	31	880	#
3600	906	44	881	#
3601	906	30	10	881	#
3602	906	14	38	10	881	#
3603	906	14	40	32	10	881	#
3604	906	14	40	11	15	10	881	#
3605	770	11	40	14	#
3606	669	6	40	11	#
3607	522	34	19	882	#
3608	522	10	32	12	882	#
3609	522	10	15	11	12	882	#
3610	949	33	883	#
3611	949	26	22	9	883	#
3612	949	26	22	2	3	883	#
3613	949	26	20	21	9	883	#
3614	710	26	#
3615	344	13	#
3616	740	3	45	#
3617	762	13	34	1	884	#
3618	762	5	4	34	1	884	#
3619	421	17	885	#
3620	421	0	1	885	#
3621	379	13	886	#
3622	379	4	5	886	#
3623	497	43	#
3624	866	30	887	#
3625	866	14	38	887	#
3626	866	14	40	32	887	#
3627	866	14	40	11	15	887	#
3628	866	44	10	887	#
3629	287	9	22	888	#
3630	287	3	2	22	888	#
3631	255	0	#
3632	729	15	43	#
3633	351	18	#
3634	470	34	4	#
3635	848	38	10	4	889	#
3636	848	40	11	37	889	#
3637	855	42	#
3638	559	38	#
3639	584	17	16	890	#
3640	584	0	1	16	890	#
3641	205	5	#
3642	694	40	14	#
3643	1067	13	10	38	891	#
3644	1067	5	4	10	38	891	#
3645	1067	5	37	11	40	891	#
3646	1067	13	10	32	40	891	#
3647	1067	13	10	15	11	40	891	#
3648	300	19	#
3649	116	22	#
3650	158	11	#
3651	265	9	21	892	#
3652	265	3	2	21	892	#
3653	660	48	#
3654	856	19	45	#
3655	488	23	9	22	893	#
3656	488	24	2	22	893	#
3657	488	23	3	2	22	893	#
3658	488	23	9	21	20	893	#
3659	1035	25	894	#
3660	1035	4	10	38	6	894	#
3661	1035	37	11	40	6	894	#
3662	1035	4	10	32	40	6	894	#
3663	1035	4	10	15	11	40	6	894	#
3664	669	12	46	895	#
3665	669	11	16	17	895	#
3666	669	11	16	1	0	895	#
3667	669	12	19	17	895	#
3668	669	12	19	1	0	895	#
3669	181	6	#
3670	224	34	#
3671	486	17	896	#
3672	486	1	0	896	#
3673	278	34	#
3674	164	10	#
3675	210	16	#
3676	853	26	22	2	897	#
3677	853	33	3	897	#
3678	798	2	22	26	#
3679	107	3	#
3680	1042	23	33	898	#
3681	1042	23	9	22	26	898	#
3682	1042	24	2	22	26	898	#
3683	1042	23	3	2	22	26	898	#
3684	1042	24	3	33	898	#
3685	650	17	34	899	#
3686	650	0	1	34	899	#
3687	397	4	34	#
3688	539	12	40	#
3689	316	22	8	#
3690	610	15	43	#
3691	986	35	900	#
3692	986	43	31	900	#
3693	986	43	10	34	1	900	#
3694	986	43	15	16	1	900	#
3695	986	22	2	42	900	#
3696	241	34	#
3697	363	32	10	#
3698	873	14	29	901	#
3699	873	47	19	901	#
3700	873	14	40	11	16	901	#
3701	873	14	40	12	19	901	#
3702	667	21	48	#
3703	235	23	#
3704	282	24	902	#
3705	282	3	23	902	#
3706	148	4	#
3707	814	43	32	903	#
3708	814	43	15	11	903	#
3709	299	16	#
3710	316	32	904	#
3711	316	15	11	904	#
3712	765	30	905	#
3713	765	14	38	905	#
3714	140	10	#
3715	781	43	32	906	#
3716	781	43	15	11	906	#
3717	1047	44	4	907	#
3718	1047	30	10	4	907	#
3719	1047	14	38	10	4	907	#
3720	1047	14	40	11	37	907	#
3721	1047	14	40	32	10	4	907	#
3722	674	38	908	#
3723	674	32	40	908	#
3724	674	15	11	40	908	#
3725	931	26	22	2	909	#
3726	931	33	3	909	#
3727	931	26	20	21	2	909	#
3728	931	33	9	2	909	#
3729	931	26	22	9	3	909	#
3730	639	12	46	#
3731	906	44	910	#
3732	906	10	30	910	#
3733	906	10	38	14	910	#
3734	906	10	32	40	14	910	#
3735	906	10	15	11	40	14	910	#
3736	921	33	23	#
3737	114	22	#
3738	127	21	#
3739	197	14	#
3740	694	0	31	911	#
3741	694	17	34	10	911	#
3742	694	0	1	34	10	911	#
3743	694	17	16	15	911	#
3744	694	0	1	16	15	911	#
3745	1017	35	20	912	#
3746	1017	31	43	20	912	#
3747	1017	42	2	21	912	#
3748	604	19	34	4	913	#
3749	604	12	11	37	913	#
3750	366	7	914	#
3751	366	6	14	914	#
3752	367	32	915	#
3753	367	11	15	915	#
3754	115	20	#
3755	116	3	#
3756	1019	42	2	916	#
3757	1019	35	22	916	#
3758	1019	31	43	22	916	#
3759	1019	35	20	21	916	#
3760	1019	31	43	20	21	916	#
3761	669	0	31	917	#
3762	669	17	34	10	917	#
3763	144	21	#
3764	729	6	48	#
3765	670	11	40	6	#
3766	862	6	38	918	#
3767	862	6	40	32	918	#
3768	862	6	40	11	15	918	#
3769	364	7	919	#
3770	364	14	6	919	#
3771	862	6	38	10	#
3772	296	16	#
3773	825	13	34	19	920	#
3774	825	5	4	34	19	920	#
3775	825	5	37	11	12	920	#
3776	825	13	10	32	12	920	#
3777	825	13	10	15	11	12	920	#
3778	689	43	10	#
3779	627	18	24	921	#
3780	627	18	23	3	921	#
3781	801	14	29	922	#
3782	801	47	19	922	#
3783	833	49	923	#
3784	833	48	8	923	#
3785	801	43	32	924	#
3786	801	43	15	11	924	#
3787	543	46	#
3788	826	22	26	925	#
3789	826	21	20	26	925	#
3790	808	2	45	#
3791	728	32	43	926	#
3792	728	11	15	43	926	#
3793	102	22	#
3794	832	38	6	927	#
3795	832	32	40	6	927	#
3796	832	15	11	40	6	927	#
3797	887	26	22	928	#
3798	887	26	20	21	928	#
3799	887	33	9	928	#
3800	887	33	3	2	928	#
3801	1035	25	929	#
3802	1035	4	10	38	6	929	#
3803	1035	37	11	40	6	929	#
3804	1035	4	10	32	40	6	929	#
3805	1035	4	10	15	11	40	6	929	#
3806	488	23	9	21	930	#
3807	488	24	2	21	930	#
3808	488	23	3	2	21	930	#
3809	488	23	9	22	20	930	#
3810	488	24	2	22	20	930	#
3811	190	1	#
3812	758	1	34	13	931	#
3813	758	1	34	4	5	931	#
3814	906	44	932	#
3815	906	30	10	932	#
3816	906	14	38	10	932	#
3817	906	14	40	32	10	932	#
3818	906	14	40	11	15	10	932	#
3819	879	42	#
3820	498	18	23	#
3821	1137	47	46	933	#
3822	1137	14	29	17	933	#
3823	1137	14	29	1	0	933	#
3824	1137	14	40	12	46	933	#
3825	1137	47	19	17	933	#
3826	801	27	934	#
3827	801	6	48	22	934	#
3828	123	3	#
3829	906	21	48	6	935	#
3830	906	21	2	28	935	#
3831	906	20	27	935	#
3832	906	20	22	48	6	935	#
3833	906	21	9	23	39	935	#
3834	581	23	36	936	#
3835	581	23	9	8	936	#
3836	581	24	2	8	936	#
3837	581	23	3	2	8	936	#
3838	608	11	40	#
3839	1017	29	17	937	#
3840	1017	29	1	0	937	#
3841	1017	40	12	46	937	#
3842	1017	40	11	16	17	937	#
3843	1017	40	11	16	1	0	937	#
3844	385	12	32	938	#
3845	385	12	11	15	938	#
3846	986	35	939	#
3847	986	43	31	939	#
3848	986	43	10	34	1	939	#
3849	986	43	15	16	1	939	#
3850	986	22	2	42	939	#
3851	291	32	940	#
3852	291	15	11	940	#
3853	887	26	#
3854	533	37	11	941	#
3855	533	4	10	32	941	#
3856	533	4	10	15	11	941	#
3857	141	11	#
3858	1068	42	24	#
3859	144	9	#
3860	1028	25	942	#
3861	1028	4	10	38	6	942	#
3862	1028	37	11	40	6	942	#
3863	252	32	943	#
3864	252	15	11	943	#
3865	468	23	9	22	944	#
3866	468	24	2	22	944	#
3867	468	23	3	2	22	944	#
3868	122	10	#
3869	638	23	36	945	#
3870	638	23	9	8	945	#
3871	638	24	2	8	945	#
3872	638	23	3	2	8	945	#
3873	638	24	3	36	945	#
3874	90	2	#
3875	226	6	#
3876	1169	25	5	946	#
3877	1169	6	38	10	13	946	#
3878	1169	6	38	10	4	5	946	#
3879	1123	47	46	947	#
3880	1123	14	29	17	947	#
3881	1123	14	29	1	0	947	#
3882	1123	14	40	12	46	947	#
3883	692	11	40	6	#
3884	906	21	48	6	948	#
3885	906	21	2	28	948	#
3886	906	20	27	948	#
3887	906	20	22	48	6	948	#
3888	906	21	9	23	39	948	#
3889	393	34	1	#
3890	580	43	#
3891	712	38	949	#
3892	712	32	40	949	#
3893	712	15	11	40	949	#
3894	580	39	950	#
3895	580	7	18	950	#
3896	302	7	#
3897	493	46	#
3898	532	37	951	#
3899	532	4	10	15	951	#
3900	751	18	23	9	22	952	#
3901	751	18	24	2	22	952	#
3902	751	18	23	3	2	22	952	#
3903	751	18	23	9	21	20	952	#
3904	751	18	24	2	21	20	952	#
3905	154	10	#
3906	645	48	21	#
3907	664	16	17	953	#
3908	664	16	1	0	953	#
3909	630	18	23	9	954	#
3910	630	18	24	2	954	#
3911	630	18	23	3	2	954	#
3912	616	26	#
3913	225	19	#
3914	790	28	955	#
3915	790	24	39	955	#
3916	790	3	23	39	955	#
3917	790	2	48	6	955	#
3918	790	24	18	7	955	#
3919	620	47	#
3920	1025	44	4	956	#
3921	1025	30	10	4	956	#
3922	1025	14	38	10	4	956	#
3923	1025	14	40	11	37	956	#
3924	374	37	#
3925	447	19	34	#
3926	1045	13	10	38	957	#
3927	1045	5	4	10	38	957	#
3928	1045	5	37	11	40	957	#
3929	1036	38	10	13	958	#
3930	1036	38	10	4	5	958	#
3931	1036	40	11	37	5	958	#
3932	755	48	22	959	#
3933	755	48	21	20	959	#
3934	906	44	960	#
3935	906	30	10	960	#
3936	906	14	38	10	960	#
3937	906	14	40	32	10	960	#
3938	906	14	40	11	15	10	960	#
3939	653	13	34	961	#
3940	653	5	4	34	961	#
3941	760	48	22	962	#
3942	760	48	21	20	962	#
3943	764	38	6	#
3944	433	19	1	#
3945	325	8	22	#
3946	1135	6	29	17	963	#
3947	1135	6	29	1	0	963	#
3948	1135	6	40	12	46	963	#
3949	653	34	13	964	#
3950	653	34	4	5	964	#
3951	269	34	#
3952	1116	41	21	965	#
3953	1116	0	42	2	965	#
3954	1116	0	35	22	965	#
3955	1116	0	31	43	22	965	#
3956	1116	41	20	22	965	#
3957	141	12	#
3958	760	37	5	966	#
3959	760	15	10	13	966	#
3960	760	15	10	4	5	966	#
3961	760	16	34	13	966	#
3962	760	16	34	4	5	966	#
3963	520	19	34	967	#
3964	520	12	32	10	967	#
3965	520	12	11	15	10	967	#
3966	478	37	11	#
3967	913	17	34	13	968	#
3968	913	0	1	34	13	968	#
3969	913	17	34	4	5	968	#
3970	913	0	1	34	4	5	968	#
3971	785	29	6	#
3972	182	4	#
3973	1027	35	20	969	#
3974	1027	31	43	20	969	#
3975	1027	42	2	21	969	#
3976	1027	35	22	21	969	#
3977	1027	31	43	22	21	969	#
3978	139	11	#
3979	652	18	24	970	#
3980	652	18	23	3	970	#
3981	652	18	23	9	2	970	#
3982	219	34	#
3983	897	6	29	971	#
3984	897	6	40	11	16	971	#
3985	897	6	40	12	19	971	#
3986	229	11	12	#
3987	274	12	11	#
3988	435	1	19	#
3989	1047	4	44	972	#
3990	1047	4	10	30	972	#
3991	1047	4	10	38	14	972	#
3992	1047	37	11	40	14	972	#
3993	1047	4	10	32	40	14	972	#
3994	618	2	22	43	#
3995	803	4	34	17	973	#
3996	803	4	34	1	0	973	#
3997	712	5	37	11	974	#
3998	712	13	10	32	974	#
3999	712	13	10	15	11	974	#
4000	712	5	4	10	32	974	#
4001	712	5	4	10	15	11	974	#
