%% File generated by CATS v.2.1Mon Aug 19 19:13:44 2019

%% The CATS webpage is http://robotics.stanford.edu/CATS

%% PARAMETER SETTINGS:
% Goods: 75; Bids: 1500; Distribution: paths; Runs: 10; Seed: 1566251332
% Paths Distribution Parameters:
% Initial connections:       = 2
% Edge density:              = 3.000000
% Shipping cost factor:      = 1.500000
% Max bid set size:          = 5
% Building penalty:          = 1.700000



goods 75
bids 1503
dummy 693

0	1108	5	45	75	#
1	1108	4	24	41	75	#
2	1108	5	10	40	75	#
3	1108	4	6	45	75	#
4	1108	5	25	46	64	75	#
5	434	0	21	#
6	488	30	35	#
7	506	29	42	76	#
8	506	10	29	56	76	#
9	506	30	32	42	76	#
10	506	10	30	32	56	76	#
11	506	2	3	30	42	76	#
12	407	0	21	#
13	794	14	58	77	#
14	794	27	28	38	72	77	#
15	794	11	23	27	28	38	77	#
16	794	13	17	58	77	#
17	794	21	28	71	77	#
18	589	12	66	78	#
19	589	11	36	66	78	#
20	589	11	31	56	63	78	#
21	589	10	12	64	78	#
22	589	22	23	66	78	#
23	975	30	55	79	#
24	975	2	19	29	67	79	#
25	975	29	32	55	79	#
26	975	2	3	29	55	79	#
27	975	3	19	30	67	79	#
28	64	37	#
29	329	32	42	80	#
30	329	10	32	56	80	#
31	863	28	52	81	#
32	863	10	69	81	#
33	863	27	28	36	66	81	#
34	863	11	12	27	28	66	81	#
35	732	55	#
36	600	36	64	82	#
37	600	10	36	66	82	#
38	600	11	12	64	82	#
39	600	10	11	12	66	82	#
40	600	31	42	63	82	#
41	970	43	57	83	#
42	970	22	38	57	83	#
43	970	12	23	38	57	83	#
44	970	21	44	57	83	#
45	970	0	21	60	83	#
46	649	49	84	#
47	649	1	11	37	63	84	#
48	649	1	2	11	31	63	84	#
49	805	2	67	85	#
50	805	18	31	59	85	#
51	805	15	16	31	59	85	#
52	805	31	37	67	85	#
53	805	3	32	67	85	#
54	506	5	42	86	#
55	506	5	10	56	86	#
56	506	4	7	56	86	#
57	506	4	6	42	86	#
58	506	4	6	10	56	86	#
59	1034	19	48	#
60	953	2	29	67	87	#
61	953	3	30	67	87	#
62	953	18	29	31	59	87	#
63	953	15	16	29	31	59	87	#
64	953	19	30	55	87	#
65	980	19	33	51	#
66	734	37	59	88	#
67	734	2	31	59	88	#
68	734	3	31	32	59	88	#
69	960	8	43	57	89	#
70	960	8	22	38	57	89	#
71	757	3	67	#
72	760	46	64	90	#
73	760	10	46	66	90	#
74	760	1	12	64	90	#
75	760	1	10	12	66	90	#
76	760	1	11	36	64	90	#
77	880	55	91	#
78	880	3	19	67	91	#
79	880	2	19	32	67	91	#
80	880	3	16	20	37	59	91	#
81	880	16	20	31	32	59	91	#
82	907	43	57	92	#
83	907	22	38	57	92	#
84	439	33	47	#
85	816	11	50	#
86	634	27	62	93	#
87	634	3	27	37	63	93	#
88	634	27	31	32	63	93	#
89	634	2	3	27	31	63	93	#
90	634	2	27	32	37	63	93	#
91	388	30	34	#
92	855	40	94	#
93	855	25	46	66	94	#
94	855	12	65	66	94	#
95	855	24	44	66	94	#
96	855	1	12	25	66	94	#
97	821	17	33	61	#
98	583	6	33	47	#
99	1218	26	70	95	#
100	1218	8	19	48	95	#
101	1218	18	26	59	74	95	#
102	1218	15	16	26	59	74	95	#
103	1218	26	37	67	74	95	#
104	243	34	#
105	358	30	34	#
106	805	2	67	96	#
107	805	18	31	59	96	#
108	805	15	16	31	59	96	#
109	805	31	37	67	96	#
110	805	3	32	67	96	#
111	759	5	36	64	97	#
112	759	5	10	36	66	97	#
113	759	5	11	12	64	97	#
114	759	5	10	11	12	66	97	#
115	759	4	6	36	64	97	#
116	1092	11	27	28	50	98	#
117	1092	16	39	98	#
118	528	6	64	99	#
119	528	7	66	99	#
120	528	6	10	66	99	#
121	632	11	54	63	100	#
122	632	11	34	62	100	#
123	632	3	11	34	37	63	100	#
124	632	11	31	32	34	63	100	#
125	632	2	3	11	31	34	63	100	#
126	854	37	59	101	#
127	854	2	31	59	101	#
128	854	3	31	32	59	101	#
129	854	18	67	101	#
130	887	13	28	52	102	#
131	887	10	13	69	102	#
132	887	13	27	28	36	66	102	#
133	218	72	103	#
134	218	11	23	103	#
135	1223	39	104	#
136	1223	14	53	104	#
137	1223	13	17	53	104	#
138	1223	11	16	27	28	50	104	#
139	1223	27	28	59	63	104	#
140	206	56	#
141	887	8	22	57	105	#
142	887	23	26	68	105	#
143	887	8	12	23	57	105	#
144	887	9	22	26	57	105	#
145	887	8	36	57	72	105	#
146	301	31	42	106	#
147	301	10	31	56	106	#
148	791	26	31	56	74	107	#
149	791	2	26	37	56	74	107	#
150	381	6	47	#
151	600	36	64	108	#
152	600	10	36	66	108	#
153	600	11	12	64	108	#
154	600	10	11	12	66	108	#
155	600	31	42	63	108	#
156	609	23	65	109	#
157	609	1	23	25	109	#
158	245	4	#
159	112	20	#
160	473	6	64	110	#
161	473	7	66	110	#
162	473	6	10	66	110	#
163	426	6	47	#
164	947	27	28	73	#
165	1058	65	68	111	#
166	1058	25	1	68	111	#
167	1058	25	60	9	111	#
168	1058	73	11	68	111	#
169	805	2	67	112	#
170	805	31	59	18	112	#
171	805	31	59	16	15	112	#
172	805	31	37	67	112	#
173	805	32	3	67	112	#
174	476	63	37	113	#
175	476	63	31	2	113	#
176	476	62	3	113	#
177	476	63	31	32	3	113	#
178	476	62	32	2	113	#
179	235	34	#
180	801	27	11	68	#
181	930	5	64	46	114	#
182	930	5	10	66	46	114	#
183	930	5	64	12	1	114	#
184	930	5	10	66	12	1	114	#
185	930	4	6	64	46	114	#
186	953	13	69	6	115	#
187	953	17	61	47	6	115	#
188	953	17	14	69	6	115	#
189	840	34	3	49	116	#
190	840	54	63	11	1	116	#
191	840	34	62	11	1	116	#
192	840	34	32	2	49	116	#
193	840	34	3	37	63	11	1	116	#
194	759	59	#
195	1084	65	68	117	#
196	1084	25	1	68	117	#
197	1084	25	60	9	117	#
198	1084	73	11	68	117	#
199	1084	25	60	8	26	117	#
200	747	35	62	11	118	#
201	747	33	54	63	11	118	#
202	747	33	34	62	11	118	#
203	747	35	3	37	63	11	118	#
204	747	35	32	31	63	11	118	#
205	842	16	59	31	119	#
206	842	16	59	37	2	119	#
207	842	15	67	2	119	#
208	842	15	18	59	31	119	#
209	842	16	59	37	3	32	119	#
210	175	33	#
211	1140	20	16	53	120	#
212	1140	19	18	53	120	#
213	1140	19	15	16	53	120	#
214	1212	28	27	11	50	121	#
215	1212	39	16	121	#
216	1212	14	53	16	121	#
217	1212	13	17	53	16	121	#
218	1212	39	18	15	121	#
219	601	57	36	#
220	187	27	#
221	203	26	#
222	891	33	61	17	122	#
223	891	33	61	14	13	122	#
224	1087	9	74	59	#
225	90	10	#
226	724	50	#
227	1098	35	62	72	38	123	#
228	1098	35	62	11	23	38	123	#
229	1098	33	47	64	43	123	#
230	1098	33	47	64	22	38	123	#
231	1098	33	54	63	72	38	123	#
232	752	12	64	5	124	#
233	752	12	66	10	5	124	#
234	752	12	64	6	4	124	#
235	752	12	66	7	4	124	#
236	752	12	66	10	6	4	124	#
237	526	12	64	125	#
238	526	12	66	10	125	#
239	668	50	#
240	850	7	56	31	74	26	126	#
241	850	6	42	31	74	26	126	#
242	850	6	10	56	31	74	26	126	#
243	297	24	#
244	294	1	#
245	102	15	#
246	196	26	#
247	1229	48	19	127	#
248	1229	48	20	15	127	#
249	1229	9	70	127	#
250	1229	8	26	70	127	#
251	1229	57	12	50	15	127	#
252	758	54	63	27	128	#
253	758	34	62	27	128	#
254	758	34	3	37	63	27	128	#
255	758	34	32	31	63	27	128	#
256	758	34	3	2	31	63	27	128	#
257	314	34	32	129	#
258	314	34	3	2	129	#
259	314	54	31	129	#
260	163	26	#
261	547	62	27	#
262	501	64	130	#
263	501	66	10	130	#
264	788	57	44	131	#
265	788	60	0	131	#
266	806	66	44	132	#
267	806	66	46	0	132	#
268	806	10	64	44	132	#
269	806	66	12	1	0	132	#
270	806	7	41	132	#
271	787	0	49	3	#
272	760	64	46	133	#
273	760	10	66	46	133	#
274	760	64	12	1	133	#
275	760	10	66	12	1	133	#
276	760	64	36	11	1	133	#
277	759	15	50	11	#
278	304	47	#
279	388	3	35	134	#
280	388	3	34	33	134	#
281	388	2	32	35	134	#
282	855	40	135	#
283	855	66	46	25	135	#
284	855	66	12	65	135	#
285	855	66	44	24	135	#
286	855	66	12	1	25	135	#
287	216	1	#
288	424	35	136	#
289	424	34	33	136	#
290	92	32	137	#
291	92	3	2	137	#
292	233	2	29	138	#
293	233	3	30	138	#
294	1205	17	53	16	20	139	#
295	1205	17	53	18	19	139	#
296	1205	13	28	27	11	50	20	139	#
297	1205	17	53	16	15	19	139	#
298	1205	13	28	27	11	50	15	19	139	#
299	960	15	50	11	27	#
300	733	52	140	#
301	733	27	36	66	140	#
302	733	27	11	12	66	140	#
303	733	27	63	31	56	140	#
304	733	27	63	37	2	56	140	#
305	634	27	62	141	#
306	634	27	63	37	3	141	#
307	634	27	63	31	32	141	#
308	634	27	63	31	2	3	141	#
309	634	27	63	37	2	32	141	#
310	1094	35	3	49	0	142	#
311	1094	35	62	11	1	0	142	#
312	1094	33	34	3	49	0	142	#
313	1094	33	47	64	44	142	#
314	1094	35	32	2	49	0	142	#
315	638	27	63	#
316	833	22	57	8	143	#
317	833	23	68	26	143	#
318	833	23	12	57	8	143	#
319	111	16	#
320	825	50	11	#
321	610	3	49	#
322	764	23	68	144	#
323	764	22	57	9	144	#
324	145	37	3	145	#
325	145	31	32	145	#
326	145	31	2	3	145	#
327	771	59	16	#
328	818	33	61	17	#
329	196	56	#
330	835	3	67	146	#
331	835	55	19	146	#
332	835	32	2	67	146	#
333	835	3	37	59	18	146	#
334	835	32	31	59	18	146	#
335	641	1	11	63	147	#
336	641	49	37	147	#
337	641	49	2	31	147	#
338	378	27	36	148	#
339	378	27	11	12	148	#
340	845	63	73	149	#
341	845	63	11	65	149	#
342	845	63	11	1	25	149	#
343	845	37	49	25	149	#
344	845	31	2	49	25	149	#
345	221	3	34	#
346	835	67	3	150	#
347	835	19	55	150	#
348	835	67	2	32	150	#
349	835	18	59	37	3	150	#
350	835	18	59	31	32	150	#
351	810	59	16	20	151	#
352	810	59	18	19	151	#
353	810	59	16	15	19	151	#
354	810	37	67	19	151	#
355	810	31	2	67	19	151	#
356	945	69	6	152	#
357	945	28	52	7	152	#
358	945	28	52	10	6	152	#
359	374	37	63	153	#
360	374	2	31	63	153	#
361	632	54	63	11	154	#
362	632	34	62	11	154	#
363	632	34	3	37	63	11	154	#
364	632	34	32	31	63	11	154	#
365	632	34	3	2	31	63	11	154	#
366	754	46	64	6	#
367	1098	25	60	8	155	#
368	1098	25	46	57	8	155	#
369	1098	65	68	26	155	#
370	1098	25	1	68	26	155	#
371	1098	65	12	57	8	155	#
372	733	52	156	#
373	733	27	36	66	156	#
374	733	27	11	12	66	156	#
375	733	27	63	31	56	156	#
376	733	27	63	37	2	56	156	#
377	428	11	1	0	#
378	496	34	30	157	#
379	496	34	32	29	157	#
380	496	34	3	2	29	157	#
381	496	54	31	29	157	#
382	496	54	37	2	29	157	#
383	725	54	63	27	158	#
384	725	34	62	27	158	#
385	795	49	25	#
386	899	11	50	20	159	#
387	899	11	50	15	19	159	#
388	752	5	64	12	160	#
389	752	5	10	66	12	160	#
390	752	4	6	64	12	160	#
391	752	4	7	66	12	160	#
392	752	4	6	10	66	12	160	#
393	752	5	64	12	161	#
394	752	5	10	66	12	161	#
395	752	4	6	64	12	161	#
396	752	4	7	66	12	161	#
397	752	4	6	10	66	12	161	#
398	831	0	49	3	162	#
399	831	0	1	11	62	162	#
400	831	0	49	2	32	162	#
401	831	0	1	11	63	37	3	162	#
402	831	0	1	11	63	31	32	162	#
403	700	61	#
404	74	3	#
405	789	68	26	163	#
406	789	12	57	8	163	#
407	789	11	36	57	8	163	#
408	1064	0	49	3	35	#
409	466	62	164	#
410	466	63	37	3	164	#
411	466	63	31	32	164	#
412	466	63	31	2	3	164	#
413	466	63	37	2	32	164	#
414	783	2	49	0	165	#
415	783	31	63	11	1	0	165	#
416	1083	26	74	59	#
417	293	10	5	#
418	72	13	#
419	1020	73	63	54	166	#
420	1020	73	62	34	166	#
421	1020	25	49	3	34	166	#
422	1020	65	11	63	54	166	#
423	1020	25	1	11	63	54	166	#
424	872	35	62	27	167	#
425	872	33	54	63	27	167	#
426	872	33	34	62	27	167	#
427	872	35	3	37	63	27	167	#
428	872	35	32	31	63	27	167	#
429	483	24	21	#
430	954	69	6	168	#
431	954	28	52	7	168	#
432	954	28	52	10	6	168	#
433	954	28	27	36	64	6	168	#
434	954	14	61	47	6	168	#
435	456	27	36	169	#
436	456	27	11	12	169	#
437	794	14	58	170	#
438	794	28	27	72	38	170	#
439	794	28	27	11	23	38	170	#
440	794	13	17	58	170	#
441	794	28	71	21	170	#
442	256	42	171	#
443	256	10	56	171	#
444	409	7	56	31	172	#
445	409	6	42	31	172	#
446	409	6	10	56	31	172	#
447	759	46	64	6	#
448	249	30	#
449	109	8	#
450	342	56	7	173	#
451	342	42	6	173	#
452	342	56	10	6	173	#
453	448	27	28	#
454	516	31	63	27	#
455	387	27	36	174	#
456	387	27	11	12	174	#
457	391	63	#
458	1205	17	53	18	175	#
459	1205	17	53	16	15	175	#
460	1205	13	28	27	11	50	15	175	#
461	1205	13	39	18	175	#
462	1205	13	39	16	15	175	#
463	736	59	37	3	176	#
464	736	59	31	32	176	#
465	736	59	31	2	3	176	#
466	736	59	37	2	32	176	#
467	246	27	#
468	371	35	32	177	#
469	371	35	3	2	177	#
470	357	2	42	178	#
471	357	2	56	10	178	#
472	357	37	31	42	178	#
473	357	37	31	56	10	178	#
474	861	3	37	59	179	#
475	861	32	31	59	179	#
476	861	3	2	31	59	179	#
477	861	32	2	37	59	179	#
478	615	68	11	#
479	685	11	50	#
480	255	38	#
481	186	56	#
482	26	2	#
483	620	72	62	180	#
484	620	23	11	62	180	#
485	620	72	63	37	3	180	#
486	620	23	11	63	37	3	180	#
487	620	72	63	31	32	180	#
488	590	63	54	181	#
489	590	62	34	181	#
490	590	63	37	3	34	181	#
491	590	63	31	32	34	181	#
492	590	63	31	2	3	34	181	#
493	752	5	64	12	182	#
494	752	5	10	66	12	182	#
495	752	4	6	64	12	182	#
496	752	4	7	66	12	182	#
497	752	4	6	10	66	12	182	#
498	705	35	62	183	#
499	705	33	54	63	183	#
500	705	33	34	62	183	#
501	705	35	3	37	63	183	#
502	705	35	32	31	63	183	#
503	1212	28	27	11	50	184	#
504	1212	39	16	184	#
505	1212	14	53	16	184	#
506	1212	13	17	53	16	184	#
507	1212	39	18	15	184	#
508	354	11	63	#
509	295	11	27	#
510	1082	13	69	5	185	#
511	1082	17	61	47	5	185	#
512	1082	13	69	6	4	185	#
513	1082	17	61	47	6	4	185	#
514	1082	17	14	69	5	185	#
515	595	36	57	#
516	1266	8	48	186	#
517	1266	26	70	19	186	#
518	1266	26	9	48	186	#
519	1266	26	74	59	16	20	186	#
520	1266	26	74	59	18	19	186	#
521	303	38	#
522	590	12	64	187	#
523	590	12	66	10	187	#
524	590	11	36	64	187	#
525	590	11	36	66	10	187	#
526	859	58	#
527	1084	65	68	188	#
528	1084	25	1	68	188	#
529	1084	25	60	9	188	#
530	1084	73	11	68	188	#
531	1084	25	60	8	26	188	#
532	1205	18	53	17	189	#
533	1205	15	16	53	17	189	#
534	1205	15	50	11	27	28	13	189	#
535	1205	18	39	13	189	#
536	1205	15	16	39	13	189	#
537	1163	17	53	16	190	#
538	1163	13	28	27	11	50	190	#
539	1163	13	39	16	190	#
540	1163	13	14	53	16	190	#
541	1163	17	14	28	27	11	50	190	#
542	622	22	57	#
543	58	11	#
544	612	36	64	6	191	#
545	612	36	66	7	191	#
546	612	36	66	10	6	191	#
547	612	11	12	64	6	191	#
548	612	11	12	66	7	191	#
549	1259	16	59	74	26	192	#
550	1259	20	48	8	192	#
551	1259	15	70	26	192	#
552	1259	15	19	48	8	192	#
553	1259	50	68	26	192	#
554	930	73	27	28	193	#
555	930	24	71	28	193	#
556	930	65	11	27	28	193	#
557	930	25	1	11	27	28	193	#
558	1033	8	57	44	194	#
559	1033	8	60	0	194	#
560	1033	8	57	46	0	194	#
561	1033	26	68	1	0	194	#
562	1033	8	57	12	1	0	194	#
563	759	36	64	5	195	#
564	759	36	66	10	5	195	#
565	759	11	12	64	5	195	#
566	759	11	12	66	10	5	195	#
567	759	36	64	6	4	195	#
568	1170	28	27	11	50	15	196	#
569	1170	39	18	196	#
570	1170	39	16	15	196	#
571	1170	14	53	18	196	#
572	1170	14	53	16	15	196	#
573	84	10	#
574	246	31	29	#
575	990	8	60	25	#
576	252	29	197	#
577	252	32	30	197	#
578	235	54	#
579	215	27	#
580	928	5	64	46	198	#
581	928	5	10	66	46	198	#
582	928	5	64	12	1	198	#
583	928	5	10	66	12	1	198	#
584	429	13	28	27	#
585	1056	48	8	#
586	677	68	#
587	295	13	28	#
588	1033	8	57	44	199	#
589	1033	8	60	0	199	#
590	1033	8	57	46	0	199	#
591	1033	26	68	1	0	199	#
592	1033	8	57	12	1	0	199	#
593	561	27	63	37	200	#
594	561	27	63	31	2	200	#
595	1127	35	62	73	201	#
596	1127	35	3	49	25	201	#
597	232	2	29	202	#
598	232	3	30	202	#
599	320	6	47	#
600	217	28	#
601	886	58	203	#
602	886	14	28	27	72	38	203	#
603	886	14	28	27	11	23	38	203	#
604	886	17	13	28	27	72	38	203	#
605	886	17	13	28	27	11	23	38	203	#
606	716	68	26	204	#
607	716	12	57	8	204	#
608	390	74	#
609	252	72	205	#
610	252	11	23	205	#
611	471	42	5	206	#
612	471	56	10	5	206	#
613	743	61	33	#
614	917	45	207	#
615	917	10	40	207	#
616	917	64	46	25	207	#
617	917	64	12	65	207	#
618	917	64	44	24	207	#
619	733	59	18	208	#
620	733	59	16	15	208	#
621	431	37	63	209	#
622	431	2	31	63	209	#
623	431	3	62	209	#
624	426	7	56	2	210	#
625	426	6	42	2	210	#
626	426	6	10	56	2	210	#
627	426	7	56	31	37	210	#
628	426	6	42	31	37	210	#
629	1004	29	31	63	73	211	#
630	1004	29	2	49	25	211	#
631	1004	29	31	63	11	65	211	#
632	1004	29	31	63	11	1	25	211	#
633	1004	30	62	73	211	#
634	1222	8	48	212	#
635	1222	26	70	19	212	#
636	253	24	#
637	462	37	63	213	#
638	462	2	31	63	213	#
639	462	3	62	213	#
640	1223	39	214	#
641	1223	53	14	214	#
642	1223	53	17	13	214	#
643	1223	16	50	11	27	28	214	#
644	1223	59	63	27	28	214	#
645	218	21	#
646	529	73	215	#
647	529	11	65	215	#
648	529	11	1	25	215	#
649	426	33	54	216	#
650	426	35	3	37	216	#
651	426	35	32	31	216	#
652	426	35	3	2	31	216	#
653	214	9	#
654	607	64	22	217	#
655	607	10	66	22	217	#
656	705	62	35	218	#
657	705	63	54	33	218	#
658	705	62	34	33	218	#
659	705	63	37	3	35	218	#
660	705	63	31	32	35	218	#
661	975	41	24	219	#
662	975	6	45	219	#
663	975	7	40	219	#
664	975	6	10	40	219	#
665	975	6	64	46	25	219	#
666	781	6	64	46	220	#
667	781	7	66	46	220	#
668	781	6	10	66	46	220	#
669	781	6	64	12	1	220	#
670	781	7	66	12	1	220	#
671	738	16	59	#
672	153	22	#
673	506	29	42	221	#
674	506	29	56	10	221	#
675	506	30	32	42	221	#
676	506	30	32	56	10	221	#
677	506	30	3	2	42	221	#
678	1071	8	57	43	222	#
679	1071	8	57	22	38	222	#
680	1071	26	68	23	38	222	#
681	1071	8	57	12	23	38	222	#
682	1071	8	57	44	21	222	#
683	424	74	#
684	458	11	62	#
685	361	42	32	223	#
686	361	10	56	32	223	#
687	361	42	2	3	223	#
688	361	10	56	2	3	223	#
689	997	60	25	224	#
690	997	57	46	25	224	#
691	997	57	12	65	224	#
692	997	57	44	24	224	#
693	997	60	0	24	224	#
694	753	74	31	56	7	225	#
695	753	74	31	42	6	225	#
696	753	74	31	56	10	6	225	#
697	753	74	37	2	56	7	225	#
698	753	74	37	2	42	6	225	#
699	253	18	226	#
700	253	16	15	226	#
701	984	39	#
702	202	26	#
703	527	22	66	#
704	429	33	54	227	#
705	429	35	3	37	227	#
706	429	35	32	31	227	#
707	429	35	3	2	31	227	#
708	429	33	34	3	37	227	#
709	590	63	54	228	#
710	590	62	34	228	#
711	590	63	37	3	34	228	#
712	590	63	31	32	34	228	#
713	590	63	31	2	3	34	228	#
714	1217	59	74	26	229	#
715	1217	59	74	9	8	229	#
716	828	19	67	2	230	#
717	828	55	32	230	#
718	828	55	3	2	230	#
719	828	20	16	59	31	230	#
720	828	19	18	59	31	230	#
721	904	3	37	59	231	#
722	904	32	31	59	231	#
723	904	3	2	31	59	231	#
724	904	32	2	37	59	231	#
725	904	3	67	18	231	#
726	491	42	5	232	#
727	491	56	10	5	232	#
728	752	12	64	5	233	#
729	752	12	66	10	5	233	#
730	752	12	64	6	4	233	#
731	752	12	66	7	4	233	#
732	752	12	66	10	6	4	233	#
733	737	2	49	0	#
734	766	55	#
735	794	58	14	234	#
736	794	38	72	27	28	234	#
737	794	38	23	11	27	28	234	#
738	794	58	17	13	234	#
739	794	21	71	28	234	#
740	187	18	235	#
741	187	15	16	235	#
742	948	29	31	59	16	236	#
743	948	29	2	37	59	16	236	#
744	948	30	3	37	59	16	236	#
745	948	30	32	31	59	16	236	#
746	948	30	3	2	31	59	16	236	#
747	930	5	64	46	237	#
748	930	5	10	66	46	237	#
749	930	5	64	12	1	237	#
750	930	5	10	66	12	1	237	#
751	930	4	6	64	46	237	#
752	513	27	63	#
753	219	56	#
754	135	37	3	238	#
755	135	31	32	238	#
756	135	31	2	3	238	#
757	562	46	25	#
758	1055	15	51	33	239	#
759	1055	16	59	54	33	239	#
760	1055	16	59	37	3	35	239	#
761	1055	16	59	31	32	35	239	#
762	1055	16	59	31	2	3	35	239	#
763	429	33	54	240	#
764	429	35	3	37	240	#
765	429	35	32	31	240	#
766	429	35	3	2	31	240	#
767	429	33	34	3	37	240	#
768	830	67	19	241	#
769	830	3	55	241	#
770	830	2	32	55	241	#
771	830	37	59	16	20	241	#
772	830	2	31	59	16	20	241	#
773	948	4	41	242	#
774	948	5	64	44	242	#
775	948	5	10	66	44	242	#
776	948	5	6	41	242	#
777	948	4	6	64	44	242	#
778	247	56	#
779	1163	17	53	16	243	#
780	1163	13	28	27	11	50	243	#
781	1163	13	39	16	243	#
782	1163	13	14	53	16	243	#
783	1163	17	14	28	27	11	50	243	#
784	887	69	244	#
785	887	28	52	10	244	#
786	887	28	27	36	64	244	#
787	887	14	61	47	244	#
788	887	13	17	61	47	244	#
789	508	47	33	#
790	570	61	#
791	1055	15	51	33	245	#
792	1055	16	59	54	33	245	#
793	1055	16	59	37	3	35	245	#
794	1055	16	59	31	32	35	245	#
795	1055	16	59	31	2	3	35	245	#
796	1266	48	8	246	#
797	1266	19	70	26	246	#
798	1266	48	9	26	246	#
799	1266	20	16	59	74	26	246	#
800	1266	19	18	59	74	26	246	#
801	225	5	#
802	391	1	0	#
803	726	49	247	#
804	726	1	11	63	37	247	#
805	726	1	11	63	31	2	247	#
806	726	1	11	62	3	247	#
807	726	1	11	63	31	32	3	247	#
808	845	73	63	248	#
809	845	65	11	63	248	#
810	845	25	1	11	63	248	#
811	845	25	49	37	248	#
812	845	25	49	2	31	248	#
813	487	71	#
814	523	64	249	#
815	523	66	10	249	#
816	523	66	7	6	249	#
817	953	29	2	67	250	#
818	953	30	3	67	250	#
819	953	29	31	59	18	250	#
820	953	29	31	59	16	15	250	#
821	953	30	55	19	250	#
822	828	2	67	19	251	#
823	828	32	55	251	#
824	828	2	3	55	251	#
825	828	31	59	16	20	251	#
826	828	31	59	18	19	251	#
827	367	2	42	252	#
828	367	2	56	10	252	#
829	367	37	31	42	252	#
830	367	37	31	56	10	252	#
831	803	11	50	15	#
832	583	6	64	36	#
833	299	32	56	253	#
834	299	3	2	56	253	#
835	849	60	8	#
836	298	1	#
837	1154	48	#
838	224	56	31	#
839	73	37	254	#
840	73	2	31	254	#
841	1055	15	51	33	255	#
842	1055	16	59	54	33	255	#
843	1055	16	59	37	3	35	255	#
844	1055	16	59	31	32	35	255	#
845	1055	16	59	31	2	3	35	255	#
846	85	10	#
847	292	72	256	#
848	292	11	23	256	#
849	841	31	63	73	257	#
850	841	2	49	25	257	#
851	841	31	63	11	65	257	#
852	841	31	63	11	1	25	257	#
853	841	2	37	63	73	257	#
854	430	66	12	#
855	678	15	50	#
856	110	32	258	#
857	110	2	3	258	#
858	1067	39	259	#
859	1067	53	14	259	#
860	1067	53	17	13	259	#
861	917	45	260	#
862	917	10	40	260	#
863	917	64	46	25	260	#
864	917	64	12	65	260	#
865	917	64	44	24	260	#
866	632	54	63	11	261	#
867	632	34	62	11	261	#
868	632	34	3	37	63	11	261	#
869	632	34	32	31	63	11	261	#
870	632	34	3	2	31	63	11	261	#
871	267	27	11	#
872	466	62	262	#
873	466	63	37	3	262	#
874	466	63	31	32	262	#
875	466	63	31	2	3	262	#
876	466	63	37	2	32	262	#
877	237	47	#
878	603	56	31	74	263	#
879	603	56	2	37	74	263	#
880	626	26	74	264	#
881	626	8	9	74	264	#
882	227	56	2	#
883	728	64	46	265	#
884	728	10	66	46	265	#
885	728	64	12	1	265	#
886	728	10	66	12	1	265	#
887	1082	19	51	33	266	#
888	1082	55	35	266	#
889	1082	55	34	33	266	#
890	1082	20	15	51	33	266	#
891	1082	19	67	3	35	266	#
892	1084	68	65	267	#
893	1084	68	1	25	267	#
894	1084	9	60	25	267	#
895	1084	68	11	73	267	#
896	1084	26	8	60	25	267	#
897	840	49	3	34	268	#
898	840	1	11	63	54	268	#
899	840	1	11	62	34	268	#
900	840	49	2	32	34	268	#
901	840	1	11	63	37	3	34	268	#
902	208	29	#
903	173	33	#
904	371	0	1	#
905	235	54	#
906	900	61	47	269	#
907	900	14	69	269	#
908	900	17	13	69	269	#
909	636	59	37	270	#
910	636	59	31	2	270	#
911	590	54	63	271	#
912	590	34	62	271	#
913	590	34	3	37	63	271	#
914	590	34	32	31	63	271	#
915	590	34	3	2	31	63	271	#
916	1040	65	68	272	#
917	1040	25	1	68	272	#
918	1040	25	60	9	272	#
919	1040	73	11	68	272	#
920	955	51	273	#
921	955	67	3	34	273	#
922	955	19	55	34	273	#
923	955	67	2	32	34	273	#
924	955	18	59	54	273	#
925	656	50	#
926	869	62	73	274	#
927	869	3	49	25	274	#
928	869	62	11	65	274	#
929	869	62	11	1	25	274	#
930	869	3	37	63	73	274	#
931	852	37	59	16	275	#
932	852	2	31	59	16	275	#
933	852	67	15	275	#
934	852	3	32	31	59	16	275	#
935	852	37	59	18	15	275	#
936	212	11	27	#
937	846	49	25	276	#
938	846	37	63	73	276	#
939	846	2	31	63	73	276	#
940	846	37	63	11	65	276	#
941	846	2	31	63	11	65	276	#
942	643	50	11	#
943	943	35	3	49	277	#
944	943	35	62	11	1	277	#
945	943	33	34	3	49	277	#
946	943	35	32	2	49	277	#
947	943	33	54	63	11	1	277	#
948	75	15	#
949	1055	15	51	33	278	#
950	1055	16	59	54	33	278	#
951	1055	16	59	37	3	35	278	#
952	1055	16	59	31	32	35	278	#
953	1055	16	59	31	2	3	35	278	#
954	271	38	#
955	421	31	74	#
956	453	31	74	279	#
957	453	2	37	74	279	#
958	760	46	64	280	#
959	760	46	66	10	280	#
960	760	1	12	64	280	#
961	760	1	12	66	10	280	#
962	760	1	11	36	64	280	#
963	401	7	56	32	281	#
964	401	6	42	32	281	#
965	401	6	10	56	32	281	#
966	401	7	56	2	3	281	#
967	401	6	42	2	3	281	#
968	604	64	6	282	#
969	604	66	7	282	#
970	604	66	10	6	282	#
971	604	64	10	7	282	#
972	34	2	#
973	92	32	283	#
974	92	2	3	283	#
975	71	37	284	#
976	71	31	2	284	#
977	173	36	285	#
978	173	11	12	285	#
979	1205	18	53	17	286	#
980	1205	15	16	53	17	286	#
981	1205	15	50	11	27	28	13	286	#
982	1205	18	39	13	286	#
983	1205	15	16	39	13	286	#
984	862	52	28	287	#
985	862	10	69	287	#
986	862	66	36	27	28	287	#
987	862	66	12	11	27	28	287	#
988	1069	27	11	50	16	288	#
989	1069	27	63	59	288	#
990	1069	27	11	50	15	18	288	#
991	316	5	10	#
992	731	0	49	#
993	752	5	64	12	289	#
994	752	5	10	66	12	289	#
995	752	4	6	64	12	289	#
996	752	4	7	66	12	289	#
997	752	4	6	10	66	12	289	#
998	464	64	6	290	#
999	464	66	7	290	#
1000	464	66	10	6	290	#
1001	255	56	2	#
1002	70	15	#
1003	846	49	25	291	#
1004	846	37	63	73	291	#
1005	846	2	31	63	73	291	#
1006	846	37	63	11	65	291	#
1007	846	2	31	63	11	65	291	#
1008	309	66	#
1009	846	25	49	292	#
1010	846	73	63	37	292	#
1011	846	73	63	31	2	292	#
1012	846	65	11	63	37	292	#
1013	846	65	11	63	31	2	292	#
1014	910	1	50	15	#
1015	1038	50	65	293	#
1016	1038	50	1	25	293	#
1017	1174	53	17	294	#
1018	1174	39	13	294	#
1019	1174	53	14	13	294	#
1020	1174	39	14	17	294	#
1021	1174	16	50	11	27	28	13	294	#
1022	488	35	30	#
1023	1163	16	53	17	295	#
1024	1163	50	11	27	28	13	295	#
1025	1163	16	39	13	295	#
1026	1163	16	53	14	13	295	#
1027	1163	50	11	27	28	14	17	295	#
1028	272	1	#
1029	908	49	3	35	#
1030	573	71	#
1031	285	42	2	296	#
1032	285	10	56	2	296	#
1033	846	52	28	297	#
1034	846	10	69	297	#
1035	846	66	36	27	28	297	#
1036	846	66	12	11	27	28	297	#
1037	775	59	#
1038	518	31	42	5	298	#
1039	518	31	56	10	5	298	#
1040	831	0	49	3	299	#
1041	831	0	1	11	62	299	#
1042	831	0	49	2	32	299	#
1043	831	0	1	11	63	37	3	299	#
1044	831	0	1	11	63	31	32	299	#
1045	572	12	57	#
1046	590	54	63	300	#
1047	590	34	62	300	#
1048	590	34	3	37	63	300	#
1049	590	34	32	31	63	300	#
1050	590	34	3	2	31	63	300	#
1051	346	42	301	#
1052	346	56	10	301	#
1053	549	27	63	31	#
1054	964	19	51	302	#
1055	964	55	34	302	#
1056	964	20	15	51	302	#
1057	732	15	50	11	#
1058	814	68	23	303	#
1059	814	9	57	22	303	#
1060	814	68	11	72	303	#
1061	814	68	12	22	303	#
1062	814	26	8	57	22	303	#
1063	429	54	33	304	#
1064	429	37	3	35	304	#
1065	429	31	32	35	304	#
1066	429	31	2	3	35	304	#
1067	429	37	3	34	33	304	#
1068	334	7	56	305	#
1069	334	6	42	305	#
1070	334	6	10	56	305	#
1071	545	31	42	5	306	#
1072	545	31	56	10	5	306	#
1073	545	37	2	42	5	306	#
1074	545	37	2	56	10	5	306	#
1075	545	31	56	7	4	306	#
1076	794	58	14	307	#
1077	794	38	72	27	28	307	#
1078	794	38	23	11	27	28	307	#
1079	794	58	17	13	307	#
1080	794	21	71	28	307	#
1081	190	4	#
1082	525	64	22	308	#
1083	525	10	66	22	308	#
1084	746	0	49	#
1085	1212	28	27	11	50	309	#
1086	1212	39	16	309	#
1087	1212	14	53	16	309	#
1088	1212	13	17	53	16	309	#
1089	1212	39	18	15	309	#
1090	196	0	#
1091	428	44	#
1092	81	37	310	#
1093	81	31	2	310	#
1094	853	58	17	311	#
1095	853	58	14	13	311	#
1096	853	38	72	27	28	13	311	#
1097	853	38	23	11	27	28	13	311	#
1098	853	21	71	28	13	311	#
1099	221	16	20	#
1100	828	19	67	2	312	#
1101	828	55	32	312	#
1102	828	55	3	2	312	#
1103	828	20	16	59	31	312	#
1104	828	19	18	59	31	312	#
1105	726	26	74	31	56	#
1106	466	62	313	#
1107	466	3	37	63	313	#
1108	466	32	31	63	313	#
1109	466	3	2	31	63	313	#
1110	466	32	2	37	63	313	#
1111	1075	48	20	314	#
1112	1075	48	19	15	314	#
1113	508	36	66	315	#
1114	508	11	12	66	315	#
1115	595	27	62	316	#
1116	595	27	63	37	3	316	#
1117	595	27	63	31	32	316	#
1118	595	27	63	31	2	3	316	#
1119	810	59	16	20	317	#
1120	810	59	18	19	317	#
1121	810	59	16	15	19	317	#
1122	810	37	67	19	317	#
1123	810	31	2	67	19	317	#
1124	49	31	#
1125	462	28	27	#
1126	751	28	27	72	318	#
1127	751	28	27	11	23	318	#
1128	751	28	27	36	22	318	#
1129	751	28	27	11	12	22	318	#
1130	539	26	74	37	#
1131	471	36	66	319	#
1132	471	11	12	66	319	#
1133	506	5	42	320	#
1134	506	5	10	56	320	#
1135	506	4	7	56	320	#
1136	506	4	6	42	320	#
1137	506	4	6	10	56	320	#
1138	63	3	#
1139	902	29	31	59	16	#
1140	440	11	63	#
1141	622	64	5	321	#
1142	622	66	10	5	321	#
1143	622	64	6	4	321	#
1144	622	66	7	4	321	#
1145	622	66	10	6	4	321	#
1146	1059	53	#
1147	842	59	31	29	322	#
1148	842	59	37	2	29	322	#
1149	842	59	37	3	30	322	#
1150	842	59	31	32	30	322	#
1151	842	59	31	2	3	30	322	#
1152	174	36	323	#
1153	174	12	11	323	#
1154	190	56	#
1155	894	46	64	5	#
1156	788	59	31	324	#
1157	788	59	37	2	324	#
1158	788	59	37	3	32	324	#
1159	758	46	66	325	#
1160	758	1	12	66	325	#
1161	758	1	11	36	66	325	#
1162	758	49	2	56	325	#
1163	758	46	64	10	325	#
1164	652	28	71	#
1165	888	33	61	14	326	#
1166	888	33	61	17	13	326	#
1167	833	50	1	#
1168	1035	70	#
1169	418	64	327	#
1170	418	10	66	327	#
1171	200	22	#
1172	556	62	27	#
1173	805	67	2	328	#
1174	805	18	59	31	328	#
1175	805	15	16	59	31	328	#
1176	805	67	37	31	328	#
1177	805	67	3	32	328	#
1178	703	46	64	329	#
1179	703	46	66	10	329	#
1180	703	1	12	64	329	#
1181	1082	5	69	13	330	#
1182	1082	5	47	61	17	330	#
1183	1082	4	6	69	13	330	#
1184	1082	4	6	47	61	17	330	#
1185	1082	5	69	14	17	330	#
1186	590	63	54	331	#
1187	590	62	34	331	#
1188	590	63	37	3	34	331	#
1189	590	63	31	32	34	331	#
1190	590	63	31	2	3	34	331	#
1191	116	14	332	#
1192	116	17	13	332	#
1193	27	2	#
1194	728	8	57	36	333	#
1195	728	26	68	11	333	#
1196	728	8	57	12	11	333	#
1197	918	33	61	#
1198	94	15	#
1199	612	6	64	36	334	#
1200	612	7	66	36	334	#
1201	612	6	10	66	36	334	#
1202	612	6	64	12	11	334	#
1203	612	7	66	12	11	334	#
1204	884	28	27	73	335	#
1205	884	28	71	24	335	#
1206	884	28	27	11	65	335	#
1207	884	28	27	11	1	25	335	#
1208	1076	28	27	11	50	336	#
1209	1076	39	16	336	#
1210	921	60	8	337	#
1211	921	46	57	8	337	#
1212	921	1	68	26	337	#
1213	921	1	12	57	8	337	#
1214	921	60	9	26	337	#
1215	576	29	56	7	338	#
1216	576	29	42	6	338	#
1217	576	29	56	10	6	338	#
1218	576	30	32	56	7	338	#
1219	576	30	32	42	6	338	#
1220	862	3	37	59	339	#
1221	862	32	31	59	339	#
1222	862	3	2	31	59	339	#
1223	862	32	2	37	59	339	#
1224	98	32	340	#
1225	98	2	3	340	#
1226	796	59	54	#
1227	1118	27	11	50	20	341	#
1228	1118	27	11	50	15	19	341	#
1229	317	25	#
1230	917	45	342	#
1231	917	40	10	342	#
1232	917	25	46	64	342	#
1233	917	65	12	64	342	#
1234	917	24	44	64	342	#
1235	733	52	343	#
1236	733	66	36	27	343	#
1237	733	66	12	11	27	343	#
1238	733	56	31	63	27	343	#
1239	733	56	2	37	63	27	343	#
1240	954	69	6	344	#
1241	954	28	52	7	344	#
1242	954	28	52	10	6	344	#
1243	954	28	27	36	64	6	344	#
1244	954	14	61	47	6	344	#
1245	430	63	11	#
1246	394	33	54	#
1247	1188	18	53	345	#
1248	1188	15	16	53	345	#
1249	1188	19	20	16	53	345	#
1250	1188	15	50	11	27	28	14	345	#
1251	1188	15	50	11	27	28	13	17	345	#
1252	504	22	66	#
1253	437	6	47	#
1254	602	46	25	346	#
1255	602	12	65	346	#
1256	602	44	24	346	#
1257	602	12	1	25	346	#
1258	602	36	73	346	#
1259	789	67	347	#
1260	789	37	59	18	347	#
1261	789	2	31	59	18	347	#
1262	789	37	59	16	15	347	#
1263	789	2	31	59	16	15	347	#
1264	762	7	52	348	#
1265	762	6	10	52	348	#
1266	762	6	64	36	27	348	#
1267	762	7	66	36	27	348	#
1268	762	6	10	66	36	27	348	#
1269	110	32	349	#
1270	110	3	2	349	#
1271	840	49	3	34	350	#
1272	840	1	11	63	54	350	#
1273	840	1	11	62	34	350	#
1274	840	49	2	32	34	350	#
1275	840	1	11	63	37	3	34	350	#
1276	583	56	31	74	#
1277	449	27	36	351	#
1278	449	27	11	12	351	#
1279	674	27	72	38	352	#
1280	674	27	11	23	38	352	#
1281	674	71	21	352	#
1282	674	27	36	43	352	#
1283	674	27	36	22	38	352	#
1284	228	21	#
1285	635	6	64	12	353	#
1286	635	7	66	12	353	#
1287	635	6	10	66	12	353	#
1288	635	6	64	36	11	353	#
1289	635	7	66	36	11	353	#
1290	440	44	#
1291	948	4	41	354	#
1292	948	5	64	44	354	#
1293	948	5	10	66	44	354	#
1294	948	5	6	41	354	#
1295	948	4	6	64	44	354	#
1296	168	9	#
1297	835	3	67	355	#
1298	835	55	19	355	#
1299	835	32	2	67	355	#
1300	835	3	37	59	18	355	#
1301	835	32	31	59	18	355	#
1302	247	28	#
1303	758	46	66	356	#
1304	758	1	12	66	356	#
1305	758	1	11	36	66	356	#
1306	758	49	2	56	356	#
1307	758	46	64	10	356	#
1308	805	67	2	357	#
1309	805	18	59	31	357	#
1310	805	15	16	59	31	357	#
1311	805	67	37	31	357	#
1312	805	67	3	32	357	#
1313	752	12	64	5	358	#
1314	752	12	66	10	5	358	#
1315	752	12	64	6	4	358	#
1316	752	12	66	7	4	358	#
1317	752	12	66	10	6	4	358	#
1318	600	36	64	359	#
1319	600	36	66	10	359	#
1320	600	11	12	64	359	#
1321	600	11	12	66	10	359	#
1322	600	63	31	42	359	#
1323	30	2	#
1324	879	69	360	#
1325	879	28	52	10	360	#
1326	879	28	27	36	64	360	#
1327	86	32	361	#
1328	86	3	2	361	#
1329	914	5	10	52	362	#
1330	914	5	64	36	27	362	#
1331	914	5	10	66	36	27	362	#
1332	914	5	64	12	11	27	362	#
1333	914	5	10	66	12	11	27	362	#
1334	785	41	363	#
1335	785	6	64	44	363	#
1336	785	7	66	44	363	#
1337	785	6	10	66	44	363	#
1338	779	41	364	#
1339	779	44	64	6	364	#
1340	290	28	#
1341	217	28	#
1342	1259	16	59	74	26	365	#
1343	1259	20	48	8	365	#
1344	1259	15	70	26	365	#
1345	1259	15	19	48	8	365	#
1346	1259	50	68	26	365	#
1347	646	28	27	11	1	#
1348	727	23	68	#
1349	833	57	44	366	#
1350	833	60	0	366	#
1351	712	64	46	367	#
1352	712	10	66	46	367	#
1353	712	64	12	1	367	#
1354	712	10	66	12	1	367	#
1355	253	34	32	368	#
1356	253	34	3	2	368	#
1357	177	18	369	#
1358	177	15	16	369	#
1359	994	13	69	6	370	#
1360	994	17	61	47	6	370	#
1361	994	17	14	69	6	370	#
1362	994	13	28	52	7	370	#
1363	994	13	28	52	10	6	370	#
1364	862	1	50	#
1365	683	13	28	71	#
1366	389	63	#
1367	323	6	47	#
1368	781	46	64	6	371	#
1369	781	46	66	7	371	#
1370	781	46	66	10	6	371	#
1371	781	1	12	64	6	371	#
1372	781	1	12	66	7	371	#
1373	321	1	11	#
1374	457	27	72	372	#
1375	457	27	11	23	372	#
1376	449	11	63	#
1377	970	57	43	373	#
1378	970	57	22	38	373	#
1379	970	57	12	23	38	373	#
1380	970	57	44	21	373	#
1381	970	60	0	21	373	#
1382	794	58	14	374	#
1383	794	38	72	27	28	374	#
1384	794	38	23	11	27	28	374	#
1385	794	58	17	13	374	#
1386	794	21	71	28	374	#
1387	674	27	72	38	375	#
1388	674	27	11	23	38	375	#
1389	674	71	21	375	#
1390	674	27	36	43	375	#
1391	674	27	36	22	38	375	#
1392	1183	70	26	376	#
1393	1183	19	48	8	376	#
1394	1047	53	#
1395	996	60	25	377	#
1396	996	57	46	25	377	#
1397	996	57	12	65	377	#
1398	996	57	44	24	377	#
1399	753	60	#
1400	1094	0	49	3	35	378	#
1401	1094	0	1	11	62	35	378	#
1402	1094	0	49	3	34	33	378	#
1403	1094	44	64	47	33	378	#
1404	1094	0	49	2	32	35	378	#
1405	675	17	61	#
1406	341	35	379	#
1407	341	34	33	379	#
1408	614	59	#
1409	679	68	#
1410	1142	35	62	73	380	#
1411	1142	35	3	49	25	380	#
1412	1142	35	62	11	65	380	#
1413	1142	33	54	63	73	380	#
1414	1142	35	62	11	1	25	380	#
1415	816	14	61	381	#
1416	816	13	17	61	381	#
1417	243	27	#
1418	60	11	#
1419	751	42	31	74	382	#
1420	751	10	56	31	74	382	#
1421	751	42	2	37	74	382	#
1422	751	10	56	2	37	74	382	#
1423	848	64	44	383	#
1424	848	10	66	44	383	#
1425	848	6	41	383	#
1426	848	64	46	0	383	#
1427	391	31	56	7	384	#
1428	391	31	42	6	384	#
1429	391	31	56	10	6	384	#
1430	758	54	63	27	385	#
1431	758	34	62	27	385	#
1432	758	34	3	37	63	27	385	#
1433	758	34	32	31	63	27	385	#
1434	758	34	3	2	31	63	27	385	#
1435	325	5	10	#
1436	121	20	#
1437	137	8	#
1438	167	3	37	386	#
1439	167	32	31	386	#
1440	167	3	2	31	386	#
1441	167	32	2	37	386	#
1442	887	8	57	22	387	#
1443	887	26	68	23	387	#
1444	887	8	57	12	23	387	#
1445	887	26	9	57	22	387	#
1446	887	8	57	36	72	387	#
1447	506	64	6	388	#
1448	506	66	7	388	#
1449	506	66	10	6	388	#
1450	762	7	52	389	#
1451	762	6	10	52	389	#
1452	762	6	64	36	27	389	#
1453	762	7	66	36	27	389	#
1454	762	6	10	66	36	27	389	#
1455	493	12	66	390	#
1456	493	11	36	66	390	#
1457	203	4	#
1458	592	13	28	27	36	#
1459	888	26	74	31	56	7	391	#
1460	888	26	74	31	42	6	391	#
1461	888	26	74	31	56	10	6	391	#
1462	888	26	74	37	2	56	7	391	#
1463	888	26	74	37	2	42	6	391	#
1464	855	40	392	#
1465	855	66	46	25	392	#
1466	855	66	12	65	392	#
1467	855	66	44	24	392	#
1468	855	66	12	1	25	392	#
1469	975	55	30	393	#
1470	975	19	67	2	29	393	#
1471	975	55	32	29	393	#
1472	975	55	3	2	29	393	#
1473	975	19	67	3	30	393	#
1474	721	50	16	#
1475	181	0	#
1476	96	32	394	#
1477	96	3	2	394	#
1478	975	55	30	395	#
1479	975	19	67	2	29	395	#
1480	975	55	32	29	395	#
1481	975	55	3	2	29	395	#
1482	975	19	67	3	30	395	#
1483	423	35	32	396	#
1484	423	35	3	2	396	#
1485	423	33	34	32	396	#
1486	423	33	34	3	2	396	#
1487	423	33	54	31	396	#
1488	840	49	3	34	397	#
1489	840	1	11	63	54	397	#
1490	840	1	11	62	34	397	#
1491	840	49	2	32	34	397	#
1492	840	1	11	63	37	3	34	397	#
1493	1094	0	49	3	35	398	#
1494	1094	0	1	11	62	35	398	#
1495	1094	0	49	3	34	33	398	#
1496	1094	44	64	47	33	398	#
1497	1094	0	49	2	32	35	398	#
1498	874	6	64	57	399	#
1499	874	7	66	57	399	#
1500	874	6	10	66	57	399	#
1501	874	7	56	31	74	9	399	#
1502	874	6	42	31	74	9	399	#
