%% File generated by CATS v.2.1Mon Aug 19 19:13:42 2019

%% The CATS webpage is http://robotics.stanford.edu/CATS

%% PARAMETER SETTINGS:
% Goods: 30; Bids: 1200; Distribution: paths; Runs: 10; Seed: 1566251293
% Paths Distribution Parameters:
% Initial connections:       = 2
% Edge density:              = 3.000000
% Shipping cost factor:      = 1.500000
% Max bid set size:          = 5
% Building penalty:          = 1.700000



goods 30
bids 1200
dummy 460

0	660	3	20	30	#
1	660	9	29	30	#
2	660	3	9	22	30	#
3	656	2	31	#
4	656	1	4	31	#
5	605	15	32	#
6	605	10	16	32	#
7	1023	24	33	#
8	1023	20	21	33	#
9	1023	9	25	33	#
10	1023	9	21	22	33	#
11	1023	4	5	25	33	#
12	583	7	8	#
13	761	0	15	#
14	636	7	8	#
15	483	11	#
16	244	0	#
17	604	18	34	#
18	604	3	16	34	#
19	1040	11	12	35	#
20	1040	8	10	12	35	#
21	1040	6	7	11	35	#
22	997	6	25	36	#
23	997	22	23	36	#
24	997	6	21	22	36	#
25	997	4	26	36	#
26	997	27	29	36	#
27	1015	15	29	37	#
28	1015	3	15	22	37	#
29	1015	10	14	37	#
30	1015	10	18	22	37	#
31	1015	10	16	29	37	#
32	1167	8	17	38	#
33	1167	9	19	38	#
34	1167	8	18	20	38	#
35	1167	3	8	16	20	38	#
36	1167	4	5	19	38	#
37	1035	26	39	#
38	1035	4	6	25	39	#
39	1035	4	22	23	39	#
40	1035	4	6	21	22	39	#
41	1035	4	27	29	39	#
42	1498	11	13	40	#
43	1498	0	15	28	40	#
44	1045	25	4	41	#
45	1045	21	22	4	41	#
46	320	5	42	#
47	320	4	9	42	#
48	860	0	27	#
49	1035	26	43	#
50	1035	4	25	6	43	#
51	1035	4	22	23	43	#
52	1035	4	22	21	6	43	#
53	1035	4	29	27	43	#
54	990	14	4	44	#
55	990	18	22	4	44	#
56	990	16	29	4	44	#
57	990	16	3	22	4	44	#
58	990	17	5	44	#
59	1160	13	#
60	532	2	45	#
61	532	1	4	45	#
62	990	14	4	46	#
63	990	18	22	4	46	#
64	990	16	29	4	46	#
65	990	16	3	22	4	46	#
66	990	17	5	46	#
67	1051	28	#
68	1066	4	19	47	#
69	1066	4	14	8	47	#
70	1066	4	22	18	8	47	#
71	1066	4	29	16	8	47	#
72	1066	4	22	3	16	8	47	#
73	368	5	48	#
74	368	9	4	48	#
75	304	6	#
76	1035	26	49	#
77	1035	4	25	6	49	#
78	1035	4	22	23	49	#
79	1035	4	22	21	6	49	#
80	1035	4	29	27	49	#
81	1165	20	23	50	#
82	1165	24	6	50	#
83	1165	20	21	6	50	#
84	1165	20	3	27	50	#
85	1165	9	25	6	50	#
86	1028	19	51	#
87	1028	14	8	51	#
88	1028	22	18	8	51	#
89	1028	29	16	8	51	#
90	1028	22	3	16	8	51	#
91	389	4	22	#
92	729	12	8	#
93	1071	4	25	52	#
94	1071	4	22	21	52	#
95	785	8	12	#
96	1128	13	#
97	997	25	6	53	#
98	997	22	23	53	#
99	997	22	21	6	53	#
100	997	4	26	53	#
101	997	29	27	53	#
102	915	7	11	54	#
103	915	7	8	10	54	#
104	1165	23	20	55	#
105	1165	6	24	55	#
106	1165	6	21	20	55	#
107	1165	27	3	20	55	#
108	1165	6	25	9	55	#
109	900	11	12	56	#
110	900	10	8	12	56	#
111	509	1	#
112	1091	17	8	#
113	977	26	#
114	630	16	8	#
115	856	25	57	#
116	856	21	22	57	#
117	731	12	8	#
118	946	0	28	58	#
119	946	29	2	58	#
120	946	3	22	2	58	#
121	946	29	4	1	58	#
122	946	3	22	4	1	58	#
123	42	4	#
124	216	9	#
125	268	10	#
126	990	14	4	59	#
127	990	18	22	4	59	#
128	990	16	29	4	59	#
129	990	16	3	22	4	59	#
130	990	17	5	59	#
131	902	1	5	60	#
132	902	2	9	60	#
133	902	1	4	9	60	#
134	902	2	4	5	60	#
135	606	11	61	#
136	606	8	10	61	#
137	842	18	8	62	#
138	842	3	16	8	62	#
139	842	21	7	62	#
140	707	20	3	63	#
141	707	9	29	63	#
142	707	9	22	3	63	#
143	707	5	4	29	63	#
144	707	5	4	22	3	63	#
145	997	6	25	64	#
146	997	23	22	64	#
147	997	6	21	22	64	#
148	997	26	4	64	#
149	997	27	29	64	#
150	170	3	#
151	321	12	#
152	1165	20	23	65	#
153	1165	24	6	65	#
154	1165	20	21	6	65	#
155	1165	20	3	27	65	#
156	1165	9	25	6	65	#
157	1066	4	19	66	#
158	1066	4	14	8	66	#
159	1066	4	22	18	8	66	#
160	1066	4	29	16	8	66	#
161	1066	4	22	3	16	8	66	#
162	618	29	4	67	#
163	618	3	22	4	67	#
164	946	25	4	68	#
165	946	21	22	4	68	#
166	171	3	#
167	434	7	#
168	430	7	#
169	990	14	4	69	#
170	990	18	22	4	69	#
171	990	16	29	4	69	#
172	990	16	3	22	4	69	#
173	990	17	5	69	#
174	583	3	20	#
175	872	14	70	#
176	872	22	18	70	#
177	872	29	16	70	#
178	872	22	3	16	70	#
179	989	25	71	#
180	989	21	22	71	#
181	1028	19	72	#
182	1028	14	8	72	#
183	1028	22	18	8	72	#
184	1028	29	16	8	72	#
185	1028	22	3	16	8	72	#
186	1028	19	73	#
187	1028	8	14	73	#
188	1028	8	18	22	73	#
189	1028	8	16	29	73	#
190	1028	8	16	3	22	73	#
191	533	29	4	74	#
192	533	3	22	4	74	#
193	379	4	22	#
194	881	11	7	75	#
195	881	10	8	7	75	#
196	642	2	76	#
197	642	1	4	76	#
198	328	22	#
199	311	6	#
200	502	21	#
201	822	18	8	77	#
202	822	3	16	8	77	#
203	822	21	7	77	#
204	1165	20	23	78	#
205	1165	24	6	78	#
206	1165	20	21	6	78	#
207	1165	20	3	27	78	#
208	1165	9	25	6	78	#
209	860	8	18	79	#
210	860	8	16	3	79	#
211	860	7	21	79	#
212	577	29	80	#
213	577	3	22	80	#
214	1066	4	19	81	#
215	1066	4	14	8	81	#
216	1066	4	22	18	8	81	#
217	1066	4	29	16	8	81	#
218	1066	4	22	3	16	8	81	#
219	625	29	4	82	#
220	625	3	22	4	82	#
221	312	8	#
222	315	7	#
223	833	27	0	#
224	337	10	#
225	644	15	83	#
226	644	16	10	83	#
227	702	15	84	#
228	702	16	10	84	#
229	51	4	#
230	330	10	#
231	590	8	12	#
232	400	16	#
233	315	22	#
234	256	0	#
235	622	27	#
236	512	18	85	#
237	512	16	3	85	#
238	458	12	#
239	1112	20	23	86	#
240	1112	24	6	86	#
241	1112	20	21	6	86	#
242	1112	20	3	27	86	#
243	1082	28	#
244	728	8	12	#
245	634	11	87	#
246	634	10	8	87	#
247	368	10	#
248	167	3	#
249	864	12	11	88	#
250	864	12	8	10	88	#
251	1046	5	1	89	#
252	1046	9	2	89	#
253	1046	9	4	1	89	#
254	1046	5	4	2	89	#
255	997	25	6	90	#
256	997	22	23	90	#
257	997	22	21	6	90	#
258	997	4	26	90	#
259	997	29	27	90	#
260	404	12	#
261	882	17	91	#
262	882	20	18	91	#
263	882	20	3	16	91	#
264	886	24	92	#
265	886	20	21	92	#
266	529	1	#
267	955	5	1	93	#
268	955	9	2	93	#
269	955	9	4	1	93	#
270	955	5	4	2	93	#
271	1053	15	29	4	94	#
272	1053	15	3	22	4	94	#
273	1053	10	14	4	94	#
274	1053	10	18	22	4	94	#
275	1053	10	16	29	4	94	#
276	761	23	95	#
277	761	21	6	95	#
278	761	3	27	95	#
279	38	4	#
280	1148	17	10	96	#
281	1148	20	3	15	96	#
282	1148	20	18	10	96	#
283	1148	20	3	16	10	96	#
284	679	18	97	#
285	679	3	16	97	#
286	735	15	3	98	#
287	735	10	18	98	#
288	549	3	20	#
289	274	6	#
290	679	8	16	#
291	997	6	25	99	#
292	997	23	22	99	#
293	997	6	21	22	99	#
294	997	26	4	99	#
295	997	27	29	99	#
296	453	12	#
297	285	8	#
298	839	8	18	100	#
299	839	8	16	3	100	#
300	839	7	21	100	#
301	599	29	4	101	#
302	599	3	22	4	101	#
303	751	27	#
304	889	8	18	102	#
305	889	8	16	3	102	#
306	889	7	21	102	#
307	569	18	103	#
308	569	3	16	103	#
309	1015	29	15	104	#
310	1015	22	3	15	104	#
311	1015	14	10	104	#
312	1015	22	18	10	104	#
313	1015	29	16	10	104	#
314	594	21	#
315	1015	15	29	105	#
316	1015	15	3	22	105	#
317	1015	10	14	105	#
318	1015	10	18	22	105	#
319	1015	10	16	29	105	#
320	970	24	106	#
321	970	21	20	106	#
322	970	25	9	106	#
323	762	27	#
324	997	25	6	107	#
325	997	22	23	107	#
326	997	22	21	6	107	#
327	997	4	26	107	#
328	997	29	27	107	#
329	805	14	108	#
330	805	22	18	108	#
331	805	29	16	108	#
332	805	22	3	16	108	#
333	304	8	#
334	220	6	#
335	1047	25	109	#
336	1047	22	21	109	#
337	608	18	110	#
338	608	3	16	110	#
339	251	5	#
340	1035	26	111	#
341	1035	6	25	4	111	#
342	1035	23	22	4	111	#
343	1035	6	21	22	4	111	#
344	1035	27	29	4	111	#
345	642	8	12	#
346	1165	20	23	112	#
347	1165	24	6	112	#
348	1165	20	21	6	112	#
349	1165	20	3	27	112	#
350	1165	9	25	6	112	#
351	1148	23	20	113	#
352	1148	6	24	113	#
353	1148	6	21	20	113	#
354	1148	27	3	20	113	#
355	587	15	#
356	40	4	#
357	253	6	#
358	594	3	20	#
359	793	11	12	#
360	1165	20	23	114	#
361	1165	24	6	114	#
362	1165	20	21	6	114	#
363	1165	20	3	27	114	#
364	1165	9	25	6	114	#
365	251	9	#
366	1035	26	115	#
367	1035	4	25	6	115	#
368	1035	4	22	23	115	#
369	1035	4	22	21	6	115	#
370	1035	4	29	27	115	#
371	1028	19	116	#
372	1028	14	8	116	#
373	1028	22	18	8	116	#
374	1028	29	16	8	116	#
375	1028	22	3	16	8	116	#
376	845	27	#
377	971	25	4	117	#
378	971	21	22	4	117	#
379	416	8	#
380	683	11	118	#
381	683	8	10	118	#
382	1113	11	12	119	#
383	1113	10	8	12	119	#
384	1113	11	7	6	119	#
385	1113	10	8	7	6	119	#
386	857	25	4	120	#
387	857	21	22	4	120	#
388	601	21	#
389	1023	24	121	#
390	1023	21	20	121	#
391	1023	25	9	121	#
392	1023	21	22	9	121	#
393	1023	25	4	5	121	#
394	1086	25	4	122	#
395	1086	21	22	4	122	#
396	1049	11	12	123	#
397	1049	10	8	12	123	#
398	1049	11	7	6	123	#
399	886	14	124	#
400	886	22	18	124	#
401	886	29	16	124	#
402	886	22	3	16	124	#
403	469	29	125	#
404	469	3	22	125	#
405	958	14	126	#
406	958	18	22	126	#
407	958	16	29	126	#
408	958	16	3	22	126	#
409	958	17	9	126	#
410	652	8	16	#
411	52	4	#
412	963	14	4	127	#
413	963	18	22	4	127	#
414	963	16	29	4	127	#
415	963	16	3	22	4	127	#
416	860	8	16	0	#
417	551	2	128	#
418	551	1	4	128	#
419	175	3	#
420	224	0	#
421	1024	25	129	#
422	1024	22	21	129	#
423	650	29	4	130	#
424	650	3	22	4	130	#
425	973	23	131	#
426	973	21	6	131	#
427	973	3	27	131	#
428	565	1	132	#
429	565	2	4	132	#
430	488	11	#
431	521	21	#
432	531	29	4	133	#
433	531	3	22	4	133	#
434	1028	19	134	#
435	1028	8	14	134	#
436	1028	8	18	22	134	#
437	1028	8	16	29	134	#
438	1028	8	16	3	22	134	#
439	243	9	#
440	770	1	5	135	#
441	770	2	9	135	#
442	770	1	4	9	135	#
443	372	10	#
444	526	18	136	#
445	526	16	3	136	#
446	46	4	#
447	383	4	22	#
448	582	21	#
449	1023	24	137	#
450	1023	20	21	137	#
451	1023	9	25	137	#
452	1023	9	22	21	137	#
453	1023	5	4	25	137	#
454	1015	15	29	138	#
455	1015	15	3	22	138	#
456	1015	10	14	138	#
457	1015	10	18	22	138	#
458	1015	10	16	29	138	#
459	1272	13	#
460	1194	17	10	139	#
461	1194	20	3	15	139	#
462	1194	20	18	10	139	#
463	1194	20	3	16	10	139	#
464	1194	9	29	15	139	#
465	1023	24	140	#
466	1023	20	21	140	#
467	1023	9	25	140	#
468	1023	9	22	21	140	#
469	1023	5	4	25	140	#
470	786	7	11	#
471	991	27	0	#
472	1167	8	17	141	#
473	1167	19	9	141	#
474	1167	8	18	20	141	#
475	1167	8	16	3	20	141	#
476	1167	19	4	5	141	#
477	1069	28	#
478	862	8	16	0	#
479	820	0	16	8	#
480	1339	13	#
481	352	12	#
482	362	4	22	#
483	1066	4	19	142	#
484	1066	4	14	8	142	#
485	1066	4	22	18	8	142	#
486	1066	4	29	16	8	142	#
487	1066	4	22	3	16	8	142	#
488	932	4	25	143	#
489	932	4	22	21	143	#
490	616	8	16	#
491	875	18	8	144	#
492	875	3	16	8	144	#
493	875	21	7	144	#
494	779	8	18	145	#
495	779	8	16	3	145	#
496	626	27	#
497	899	25	146	#
498	899	22	21	146	#
499	997	25	6	147	#
500	997	22	23	147	#
501	997	22	21	6	147	#
502	997	4	26	147	#
503	997	29	27	147	#
504	960	24	148	#
505	960	21	20	148	#
506	960	25	9	148	#
507	990	14	4	149	#
508	990	18	22	4	149	#
509	990	16	29	4	149	#
510	990	16	3	22	4	149	#
511	990	17	5	149	#
512	910	14	4	150	#
513	910	18	22	4	150	#
514	910	16	29	4	150	#
515	910	16	3	22	4	150	#
516	1056	13	#
517	1028	19	151	#
518	1028	14	8	151	#
519	1028	22	18	8	151	#
520	1028	29	16	8	151	#
521	1028	22	3	16	8	151	#
522	1028	19	152	#
523	1028	14	8	152	#
524	1028	22	18	8	152	#
525	1028	29	16	8	152	#
526	1028	22	3	16	8	152	#
527	650	1	153	#
528	650	2	4	153	#
529	872	11	7	154	#
530	872	10	8	7	154	#
531	1023	24	155	#
532	1023	21	20	155	#
533	1023	25	9	155	#
534	1023	21	22	9	155	#
535	1023	25	4	5	155	#
536	797	2	22	156	#
537	797	1	4	22	156	#
538	1251	14	2	157	#
539	1251	14	4	1	157	#
540	1251	18	22	2	157	#
541	1251	16	0	28	157	#
542	1251	18	22	4	1	157	#
543	898	19	#
544	705	12	8	#
545	632	12	8	#
546	942	17	158	#
547	942	20	18	158	#
548	942	20	3	16	158	#
549	942	9	14	158	#
550	942	9	22	18	158	#
551	1055	17	8	#
552	1023	24	159	#
553	1023	20	21	159	#
554	1023	9	25	159	#
555	1023	9	22	21	159	#
556	1023	5	4	25	159	#
557	1045	28	#
558	492	18	160	#
559	492	16	3	160	#
560	602	2	161	#
561	602	4	1	161	#
562	398	10	#
563	262	6	#
564	302	7	#
565	1053	15	29	4	162	#
566	1053	15	3	22	4	162	#
567	1053	10	14	4	162	#
568	1053	10	18	22	4	162	#
569	1053	10	16	29	4	162	#
570	192	0	#
571	1015	15	29	163	#
572	1015	15	3	22	163	#
573	1015	10	14	163	#
574	1015	10	18	22	163	#
575	1015	10	16	29	163	#
576	496	1	#
577	1066	19	4	164	#
578	1066	8	14	4	164	#
579	1066	8	18	22	4	164	#
580	1066	8	16	29	4	164	#
581	1066	8	16	3	22	4	164	#
582	649	8	12	#
583	243	9	#
584	673	18	165	#
585	673	16	3	165	#
586	999	19	4	#
587	776	23	166	#
588	776	6	21	166	#
589	776	27	3	166	#
590	980	0	27	#
591	997	25	6	167	#
592	997	22	23	167	#
593	997	22	21	6	167	#
594	997	4	26	167	#
595	997	29	27	167	#
596	906	18	8	168	#
597	906	3	16	8	168	#
598	906	21	7	168	#
599	1021	0	27	#
600	1035	26	169	#
601	1035	4	25	6	169	#
602	1035	4	22	23	169	#
603	1035	4	22	21	6	169	#
604	1035	4	29	27	169	#
605	611	27	#
606	955	3	15	170	#
607	955	18	10	170	#
608	955	3	16	10	170	#
609	460	16	#
610	1455	13	171	#
611	1455	19	2	171	#
612	1455	19	4	1	171	#
613	706	27	#
614	249	9	#
615	1024	13	#
616	43	4	#
617	315	6	#
618	293	6	#
619	257	0	#
620	1082	11	12	172	#
621	1082	10	8	12	172	#
622	1082	11	7	6	172	#
623	1082	10	8	7	6	172	#
624	504	29	173	#
625	504	3	22	173	#
626	241	9	#
627	635	29	4	174	#
628	635	3	22	4	174	#
629	489	11	#
630	862	8	18	175	#
631	862	8	16	3	175	#
632	862	7	21	175	#
633	1167	8	17	176	#
634	1167	19	9	176	#
635	1167	8	18	20	176	#
636	1167	8	16	3	20	176	#
637	1167	19	4	5	176	#
638	885	11	7	177	#
639	885	10	8	7	177	#
640	414	12	#
641	320	10	#
642	734	14	178	#
643	734	18	22	178	#
644	765	15	179	#
645	765	16	10	179	#
646	765	14	180	#
647	765	22	18	180	#
648	765	29	16	180	#
649	765	22	3	16	180	#
650	990	14	4	181	#
651	990	18	22	4	181	#
652	990	16	29	4	181	#
653	990	16	3	22	4	181	#
654	990	17	5	181	#
655	453	20	#
656	1015	15	29	182	#
657	1015	15	3	22	182	#
658	1015	10	14	182	#
659	1015	10	18	22	182	#
660	1015	10	16	29	182	#
661	580	29	4	183	#
662	580	3	22	4	183	#
663	720	2	184	#
664	720	4	1	184	#
665	970	6	25	#
666	708	27	#
667	1023	24	185	#
668	1023	21	20	185	#
669	1023	25	9	185	#
670	1023	21	22	9	185	#
671	1023	25	4	5	185	#
672	1179	17	10	186	#
673	1179	20	3	15	186	#
674	1179	20	18	10	186	#
675	1179	20	3	16	10	186	#
676	992	19	#
677	810	0	16	8	#
678	601	27	#
679	915	11	12	187	#
680	915	10	8	12	187	#
681	1251	2	14	188	#
682	1251	1	4	14	188	#
683	1251	2	22	18	188	#
684	1251	28	0	16	188	#
685	1251	1	4	22	18	188	#
686	915	4	14	189	#
687	915	4	22	18	189	#
688	915	4	29	16	189	#
689	915	4	22	3	16	189	#
690	557	18	190	#
691	557	3	16	190	#
692	280	5	191	#
693	280	9	4	191	#
694	439	29	192	#
695	439	22	3	192	#
696	1075	0	27	193	#
697	1075	0	3	23	193	#
698	1075	0	3	21	6	193	#
699	759	17	#
700	363	4	22	#
701	580	20	3	#
702	871	8	16	0	#
703	768	15	3	194	#
704	768	10	18	194	#
705	768	10	16	3	194	#
706	1167	17	8	195	#
707	1167	9	19	195	#
708	1167	20	18	8	195	#
709	1167	20	3	16	8	195	#
710	1167	5	4	19	195	#
711	798	25	4	#
712	1502	11	13	196	#
713	1502	15	0	28	196	#
714	1502	15	29	2	196	#
715	1502	15	3	22	2	196	#
716	1502	10	14	2	196	#
717	316	6	#
718	190	0	#
719	1066	4	19	197	#
720	1066	4	14	8	197	#
721	1066	4	22	18	8	197	#
722	1066	4	29	16	8	197	#
723	1066	4	22	3	16	8	197	#
724	394	8	#
725	317	6	#
726	213	0	#
727	875	14	198	#
728	875	22	18	198	#
729	875	29	16	198	#
730	875	22	3	16	198	#
731	845	14	199	#
732	845	18	22	199	#
733	845	16	29	199	#
734	845	16	3	22	199	#
735	958	14	200	#
736	958	22	18	200	#
737	958	29	16	200	#
738	958	22	3	16	200	#
739	958	9	17	200	#
740	1023	24	201	#
741	1023	20	21	201	#
742	1023	9	25	201	#
743	1023	9	22	21	201	#
744	1023	5	4	25	201	#
745	997	6	25	202	#
746	997	23	22	202	#
747	997	6	21	22	202	#
748	997	26	4	202	#
749	997	27	29	202	#
750	670	1	203	#
751	670	2	4	203	#
752	261	0	#
753	618	18	204	#
754	618	3	16	204	#
755	988	25	205	#
756	988	21	22	205	#
757	281	5	206	#
758	281	9	4	206	#
759	1165	23	20	207	#
760	1165	6	24	207	#
761	1165	6	21	20	207	#
762	1165	27	3	20	207	#
763	1165	6	25	9	207	#
764	634	15	208	#
765	634	10	16	208	#
766	292	22	#
767	992	13	#
768	887	17	209	#
769	887	18	20	209	#
770	887	16	3	20	209	#
771	925	5	1	210	#
772	925	9	2	210	#
773	925	9	4	1	210	#
774	925	5	4	2	210	#
775	902	14	211	#
776	902	18	22	211	#
777	902	16	29	211	#
778	902	16	3	22	211	#
779	606	20	3	#
780	762	3	15	212	#
781	762	18	10	212	#
782	762	3	16	10	212	#
783	512	20	213	#
784	512	22	9	213	#
785	636	11	214	#
786	636	10	8	214	#
787	862	0	27	#
788	485	11	#
789	1165	23	20	215	#
790	1165	6	24	215	#
791	1165	6	21	20	215	#
792	1165	27	3	20	215	#
793	1165	6	25	9	215	#
794	697	15	216	#
795	697	16	10	216	#
796	692	21	#
797	990	4	14	217	#
798	990	4	22	18	217	#
799	990	4	29	16	217	#
800	990	4	22	3	16	217	#
801	990	5	17	217	#
802	527	1	#
803	290	9	218	#
804	290	5	4	218	#
805	350	7	#
806	784	23	219	#
807	784	6	21	219	#
808	784	27	3	219	#
809	1066	4	19	220	#
810	1066	4	14	8	220	#
811	1066	4	22	18	8	220	#
812	1066	4	29	16	8	220	#
813	1066	4	22	3	16	8	220	#
814	438	12	#
815	233	6	#
816	42	4	#
817	316	10	#
818	207	0	#
819	942	17	221	#
820	942	20	18	221	#
821	942	20	3	16	221	#
822	942	9	14	221	#
823	942	9	22	18	221	#
824	665	8	16	#
825	573	15	#
826	684	1	222	#
827	684	4	2	222	#
828	789	17	#
829	289	22	#
830	526	4	29	223	#
831	526	4	22	3	223	#
832	469	20	#
833	535	20	224	#
834	535	22	9	224	#
835	404	16	#
836	1034	25	4	225	#
837	1034	21	22	4	225	#
838	927	23	226	#
839	927	6	21	226	#
840	927	27	3	226	#
841	664	18	227	#
842	664	16	3	227	#
843	291	9	228	#
844	291	5	4	228	#
845	845	28	#
846	428	4	22	#
847	997	6	25	229	#
848	997	23	22	229	#
849	997	6	21	22	229	#
850	997	26	4	229	#
851	997	27	29	229	#
852	1066	4	19	230	#
853	1066	4	14	8	230	#
854	1066	4	22	18	8	230	#
855	1066	4	29	16	8	230	#
856	1066	4	22	3	16	8	230	#
857	448	16	#
858	621	16	8	#
859	967	11	7	231	#
860	967	10	8	7	231	#
861	1181	17	10	232	#
862	1181	20	3	15	232	#
863	1181	20	18	10	232	#
864	1181	20	3	16	10	232	#
865	563	20	233	#
866	563	22	9	233	#
867	563	22	4	5	233	#
868	353	12	#
869	603	18	234	#
870	603	3	16	234	#
871	331	10	#
872	627	8	16	#
873	843	0	27	#
874	930	17	235	#
875	930	18	20	235	#
876	930	16	3	20	235	#
877	930	14	9	235	#
878	1053	15	29	4	236	#
879	1053	15	3	22	4	236	#
880	1053	10	14	4	236	#
881	1053	10	18	22	4	236	#
882	1053	10	16	29	4	236	#
883	748	27	#
884	879	7	11	237	#
885	879	7	8	10	237	#
886	467	16	#
887	997	6	25	238	#
888	997	23	22	238	#
889	997	6	21	22	238	#
890	997	26	4	238	#
891	997	27	29	238	#
892	641	20	3	239	#
893	641	9	29	239	#
894	641	9	22	3	239	#
895	695	21	#
896	894	8	18	240	#
897	894	8	16	3	240	#
898	894	7	21	240	#
899	677	12	8	#
900	221	3	#
901	1167	8	17	241	#
902	1167	19	9	241	#
903	1167	8	18	20	241	#
904	1167	8	16	3	20	241	#
905	1167	19	4	5	241	#
906	1015	15	29	242	#
907	1015	15	3	22	242	#
908	1015	10	14	242	#
909	1015	10	18	22	242	#
910	1015	10	16	29	242	#
911	249	6	#
912	797	11	7	#
913	667	18	243	#
914	667	3	16	243	#
915	293	9	244	#
916	293	4	5	244	#
917	1023	24	245	#
918	1023	21	20	245	#
919	1023	25	9	245	#
920	1023	21	22	9	245	#
921	1023	25	4	5	245	#
922	505	29	246	#
923	505	22	3	246	#
924	534	2	247	#
925	534	1	4	247	#
926	404	4	22	#
927	1066	19	4	248	#
928	1066	8	14	4	248	#
929	1066	8	18	22	4	248	#
930	1066	8	16	29	4	248	#
931	1066	8	16	3	22	4	248	#
932	228	9	#
933	225	9	#
934	1165	23	20	249	#
935	1165	6	24	249	#
936	1165	6	21	20	249	#
937	1165	27	3	20	249	#
938	1165	6	25	9	249	#
939	244	9	#
940	1066	4	19	250	#
941	1066	4	14	8	250	#
942	1066	4	22	18	8	250	#
943	1066	4	29	16	8	250	#
944	1066	4	22	3	16	8	250	#
945	1053	15	29	4	251	#
946	1053	15	3	22	4	251	#
947	1053	10	14	4	251	#
948	1053	10	18	22	4	251	#
949	1053	10	16	29	4	251	#
950	424	29	252	#
951	424	22	3	252	#
952	49	4	#
953	1248	13	#
954	1345	13	#
955	355	22	4	#
956	903	7	11	253	#
957	903	7	8	10	253	#
958	1055	17	8	#
959	718	23	254	#
960	718	21	6	254	#
961	347	12	#
962	340	10	#
963	607	2	255	#
964	607	1	4	255	#
965	1032	25	256	#
966	1032	22	21	256	#
967	1259	13	#
968	852	0	27	#
969	219	3	#
970	1167	8	17	257	#
971	1167	19	9	257	#
972	1167	8	18	20	257	#
973	1167	8	16	3	20	257	#
974	1167	19	4	5	257	#
975	1165	20	23	258	#
976	1165	24	6	258	#
977	1165	20	21	6	258	#
978	1165	20	3	27	258	#
979	1165	9	25	6	258	#
980	1082	17	10	#
981	943	28	0	259	#
982	943	2	29	259	#
983	943	2	22	3	259	#
984	1502	13	11	260	#
985	1502	28	0	15	260	#
986	1502	2	29	15	260	#
987	1502	2	22	3	15	260	#
988	1502	2	14	10	260	#
989	529	21	#
990	853	28	#
991	808	8	12	261	#
992	808	8	7	6	261	#
993	861	17	262	#
994	861	20	18	262	#
995	861	20	3	16	262	#
996	188	3	#
997	925	0	27	#
998	382	10	#
999	752	15	263	#
1000	752	10	16	263	#
1001	1167	17	8	264	#
1002	1167	9	19	264	#
1003	1167	20	18	8	264	#
1004	1167	20	3	16	8	264	#
1005	1167	5	4	19	264	#
1006	847	27	#
1007	378	10	#
1008	779	0	15	#
1009	594	15	265	#
1010	594	16	10	265	#
1011	318	6	#
1012	1057	11	12	266	#
1013	1057	10	8	12	266	#
1014	1057	11	7	6	266	#
1015	997	25	6	267	#
1016	997	22	23	267	#
1017	997	22	21	6	267	#
1018	997	4	26	267	#
1019	997	29	27	267	#
1020	997	6	25	268	#
1021	997	23	22	268	#
1022	997	6	21	22	268	#
1023	997	26	4	268	#
1024	997	27	29	268	#
1025	391	12	#
1026	642	2	269	#
1027	642	4	1	269	#
1028	742	23	270	#
1029	742	21	6	270	#
1030	742	3	27	270	#
1031	1165	20	23	271	#
1032	1165	24	6	271	#
1033	1165	20	21	6	271	#
1034	1165	20	3	27	271	#
1035	1165	9	25	6	271	#
1036	896	25	272	#
1037	896	21	22	272	#
1038	997	25	6	273	#
1039	997	22	23	273	#
1040	997	22	21	6	273	#
1041	997	4	26	273	#
1042	997	29	27	273	#
1043	1064	27	0	274	#
1044	1064	23	3	0	274	#
1045	1064	6	21	3	0	274	#
1046	815	14	275	#
1047	815	18	22	275	#
1048	815	16	29	275	#
1049	815	16	3	22	275	#
1050	832	27	#
1051	549	11	276	#
1052	549	10	8	276	#
1053	1165	20	23	277	#
1054	1165	24	6	277	#
1055	1165	20	21	6	277	#
1056	1165	20	3	27	277	#
1057	1165	9	25	6	277	#
1058	598	7	8	#
1059	1502	11	13	278	#
1060	1502	15	0	28	278	#
1061	1502	15	29	2	278	#
1062	1502	15	3	22	2	278	#
1063	1502	10	14	2	278	#
1064	1020	19	279	#
1065	1020	14	8	279	#
1066	1020	22	18	8	279	#
1067	1008	25	4	280	#
1068	1008	21	22	4	280	#
1069	687	21	#
1070	955	11	7	281	#
1071	955	10	8	7	281	#
1072	511	20	282	#
1073	511	9	22	282	#
1074	1251	2	14	283	#
1075	1251	1	4	14	283	#
1076	1251	2	22	18	283	#
1077	1251	28	0	16	283	#
1078	1251	1	4	22	18	283	#
1079	635	15	284	#
1080	635	10	16	284	#
1081	209	3	#
1082	932	0	27	#
1083	1023	24	285	#
1084	1023	20	21	285	#
1085	1023	9	25	285	#
1086	1023	9	22	21	285	#
1087	1023	5	4	25	285	#
1088	403	7	#
1089	997	6	25	286	#
1090	997	23	22	286	#
1091	997	6	21	22	286	#
1092	997	26	4	286	#
1093	997	27	29	286	#
1094	997	6	25	287	#
1095	997	23	22	287	#
1096	997	6	21	22	287	#
1097	997	26	4	287	#
1098	997	27	29	287	#
1099	1066	4	19	288	#
1100	1066	4	14	8	288	#
1101	1066	4	22	18	8	288	#
1102	1066	4	29	16	8	288	#
1103	1066	4	22	3	16	8	288	#
1104	812	1	5	289	#
1105	812	2	9	289	#
1106	812	1	4	9	289	#
1107	812	2	4	5	289	#
1108	779	17	#
1109	298	5	290	#
1110	298	9	4	290	#
1111	529	20	291	#
1112	529	9	22	291	#
1113	1502	13	11	292	#
1114	1502	28	0	15	292	#
1115	1502	2	29	15	292	#
1116	1502	2	22	3	15	292	#
1117	1502	2	14	10	292	#
1118	986	4	25	293	#
1119	986	4	22	21	293	#
1120	788	1	5	294	#
1121	788	2	9	294	#
1122	788	1	4	9	294	#
1123	340	8	#
1124	549	29	4	295	#
1125	549	3	22	4	295	#
1126	605	29	4	296	#
1127	605	3	22	4	296	#
1128	1066	4	19	297	#
1129	1066	4	14	8	297	#
1130	1066	4	22	18	8	297	#
1131	1066	4	29	16	8	297	#
1132	1066	4	22	3	16	8	297	#
1133	840	25	298	#
1134	840	21	22	298	#
1135	712	21	#
1136	993	19	4	#
1137	599	21	#
1138	1012	0	27	#
1139	990	4	14	299	#
1140	990	4	22	18	299	#
1141	990	4	29	16	299	#
1142	990	4	22	3	16	299	#
1143	990	5	17	299	#
1144	315	6	#
1145	942	11	12	300	#
1146	942	10	8	12	300	#
1147	672	21	#
1148	887	19	#
1149	860	4	25	301	#
1150	860	4	22	21	301	#
1151	875	25	302	#
1152	875	22	21	302	#
1153	1296	13	12	#
1154	844	23	303	#
1155	844	21	6	303	#
1156	844	3	27	303	#
1157	775	4	14	304	#
1158	775	4	22	18	304	#
1159	235	6	#
1160	748	3	15	305	#
1161	748	18	10	305	#
1162	748	3	16	10	305	#
1163	312	22	#
1164	293	9	306	#
1165	293	5	4	306	#
1166	664	15	307	#
1167	664	16	10	307	#
1168	792	27	#
1169	1165	23	20	308	#
1170	1165	6	24	308	#
1171	1165	6	21	20	308	#
1172	1165	27	3	20	308	#
1173	1165	6	25	9	308	#
1174	1251	14	2	309	#
1175	1251	14	4	1	309	#
1176	1251	18	22	2	309	#
1177	1251	16	0	28	309	#
1178	1251	18	22	4	1	309	#
1179	1165	23	20	310	#
1180	1165	6	24	310	#
1181	1165	6	21	20	310	#
1182	1165	27	3	20	310	#
1183	1165	6	25	9	310	#
1184	803	25	4	#
1185	1026	19	311	#
1186	1026	14	8	311	#
1187	1026	22	18	8	311	#
1188	312	4	22	#
1189	551	2	312	#
1190	551	1	4	312	#
1191	733	27	#
1192	924	0	27	#
1193	258	6	#
1194	311	6	#
1195	874	1	5	313	#
1196	874	2	9	313	#
1197	874	1	4	9	313	#
1198	874	2	4	5	313	#
1199	39	4	#
