%% File generated by CATS v.2.1Mon Aug 19 19:13:42 2019

%% The CATS webpage is http://robotics.stanford.edu/CATS

%% PARAMETER SETTINGS:
% Goods: 10; Bids: 100; Distribution: paths; Runs: 10; Seed: 1566251275
% Paths Distribution Parameters:
% Initial connections:       = 2
% Edge density:              = 3.000000
% Shipping cost factor:      = 1.500000
% Max bid set size:          = 5
% Building penalty:          = 1.700000



goods 10
bids 100
dummy 74

0	524	6	10	#
1	524	1	5	10	#
2	601	4	#
3	507	6	#
4	646	0	1	#
5	1036	2	8	11	#
6	1036	7	11	#
7	1036	5	9	11	#
8	1036	4	6	11	#
9	1036	1	4	5	11	#
10	622	0	1	#
11	314	5	#
12	79	2	#
13	220	5	#
14	995	8	12	#
15	995	3	9	12	#
16	1005	8	13	#
17	1005	3	9	13	#
18	1005	2	7	13	#
19	1005	2	5	9	13	#
20	1005	3	1	4	13	#
21	350	3	14	#
22	350	2	5	14	#
23	292	5	#
24	714	1	3	15	#
25	714	6	2	15	#
26	714	1	5	2	15	#
27	663	3	1	16	#
28	663	2	6	16	#
29	663	2	5	1	16	#
30	481	4	#
31	594	6	17	#
32	594	1	5	17	#
33	1036	7	18	#
34	1036	5	9	18	#
35	1036	6	4	18	#
36	1036	5	1	4	18	#
37	1036	2	8	18	#
38	568	0	5	#
39	616	5	0	#
40	752	3	1	19	#
41	752	2	6	19	#
42	752	2	5	1	19	#
43	347	3	20	#
44	347	2	5	20	#
45	950	9	21	#
46	950	4	1	21	#
47	255	5	#
48	1036	7	22	#
49	1036	5	9	22	#
50	1036	6	4	22	#
51	1036	5	1	4	22	#
52	1036	2	8	22	#
53	652	1	0	#
54	579	0	3	#
55	362	1	#
56	611	4	#
57	290	5	#
58	367	1	#
59	106	2	#
60	1005	8	23	#
61	1005	9	3	23	#
62	1005	7	2	23	#
63	1005	9	5	2	23	#
64	1005	4	1	3	23	#
65	794	1	3	24	#
66	794	6	2	24	#
67	794	1	5	2	24	#
68	1036	7	25	#
69	1036	9	5	25	#
70	1036	4	6	25	#
71	1036	4	1	5	25	#
72	1036	8	2	25	#
73	1005	8	26	#
74	1005	3	9	26	#
75	1005	2	7	26	#
76	1005	2	5	9	26	#
77	1005	3	1	4	26	#
78	645	4	#
79	842	9	27	#
80	842	4	1	27	#
81	1035	7	28	#
82	1035	5	9	28	#
83	1035	6	4	28	#
84	1035	5	1	4	28	#
85	569	4	#
86	358	3	29	#
87	358	5	2	29	#
88	1088	0	9	30	#
89	1088	0	1	4	30	#
90	226	5	#
91	104	2	#
92	733	9	#
93	673	6	31	#
94	673	1	5	31	#
95	673	1	3	2	31	#
96	219	5	#
97	670	4	#
98	338	3	32	#
99	338	5	2	32	#
