%% File generated by CATS v.2.1Mon Aug 19 19:13:42 2019

%% The CATS webpage is http://robotics.stanford.edu/CATS

%% PARAMETER SETTINGS:
% Goods: 25; Bids: 250; Distribution: paths; Runs: 10; Seed: 1566251287
% Paths Distribution Parameters:
% Initial connections:       = 2
% Edge density:              = 3.000000
% Shipping cost factor:      = 1.500000
% Max bid set size:          = 5
% Building penalty:          = 1.700000



goods 25
bids 250
dummy 84

0	400	1	#
1	306	6	#
2	499	4	6	#
3	962	23	25	#
4	962	0	21	25	#
5	363	6	#
6	758	15	#
7	467	16	26	#
8	467	4	5	26	#
9	1064	2	23	27	#
10	1064	0	17	27	#
11	1064	0	2	21	27	#
12	1064	20	22	27	#
13	1064	7	15	27	#
14	694	19	#
15	1002	17	28	#
16	1002	2	21	28	#
17	1002	1	22	28	#
18	1239	4	11	29	#
19	1239	4	6	15	29	#
20	1239	4	12	19	29	#
21	1239	2	13	15	29	#
22	1239	2	3	4	15	29	#
23	999	0	21	35	#
24	416	3	30	#
25	416	2	6	30	#
26	602	4	12	#
27	699	22	31	#
28	699	6	12	31	#
29	383	0	#
30	691	19	#
31	601	13	32	#
32	601	3	4	32	#
33	601	2	4	6	32	#
34	999	23	35	#
35	548	22	#
36	978	14	33	#
37	978	8	20	33	#
38	978	0	1	8	33	#
39	604	1	8	#
40	825	20	34	#
41	825	0	1	34	#
42	585	22	#
43	647	1	8	#
44	695	21	#
45	504	7	#
46	546	13	36	#
47	546	3	4	36	#
48	546	2	4	6	36	#
49	554	4	6	#
50	849	6	16	37	#
51	849	2	24	37	#
52	849	4	5	6	37	#
53	849	8	22	37	#
54	849	2	3	16	37	#
55	432	1	#
56	469	5	#
57	1102	10	38	#
58	1102	9	13	38	#
59	1102	4	18	38	#
60	643	9	#
61	1056	8	19	#
62	404	6	#
63	741	19	#
64	575	13	39	#
65	575	3	4	39	#
66	575	2	6	4	39	#
67	604	22	#
68	1105	12	20	40	#
69	1105	12	1	0	40	#
70	1105	3	23	40	#
71	1058	17	41	#
72	1058	2	21	41	#
73	1058	22	1	41	#
74	1058	6	12	1	41	#
75	353	0	#
76	953	9	2	#
77	1001	2	9	#
78	1018	11	42	#
79	1018	15	6	42	#
80	294	6	#
81	842	23	#
82	160	2	#
83	420	3	43	#
84	420	6	2	43	#
85	577	16	44	#
86	577	5	4	44	#
87	420	6	4	#
88	1101	12	20	45	#
89	1101	12	1	0	45	#
90	1101	3	23	45	#
91	489	12	#
92	413	12	#
93	992	2	9	#
94	828	23	#
95	1168	20	12	4	46	#
96	1168	0	1	12	4	46	#
97	1168	14	5	46	#
98	1168	20	8	5	46	#
99	1168	23	13	46	#
100	1385	24	9	47	#
101	1385	16	18	47	#
102	1385	16	3	9	47	#
103	1172	18	48	#
104	1172	9	3	48	#
105	1172	9	2	6	48	#
106	1172	10	4	48	#
107	1172	9	13	4	48	#
108	744	21	#
109	682	20	49	#
110	682	0	1	49	#
111	361	1	#
112	982	17	50	#
113	982	2	21	50	#
114	982	22	1	50	#
115	793	23	#
116	559	6	4	51	#
117	559	2	13	51	#
118	366	0	#
119	674	21	#
120	457	5	#
121	1168	4	12	20	52	#
122	1168	4	12	1	0	52	#
123	1168	5	14	52	#
124	1168	5	8	20	52	#
125	1168	13	23	52	#
126	347	6	#
127	583	13	53	#
128	583	4	3	53	#
129	583	4	6	2	53	#
130	685	9	#
131	773	24	54	#
132	773	3	16	54	#
133	486	12	#
134	1253	19	8	55	#
135	1253	7	14	55	#
136	1253	7	20	8	55	#
137	1253	7	0	1	8	55	#
138	1253	11	16	55	#
139	664	21	#
140	849	6	16	56	#
141	849	2	24	56	#
142	849	6	4	5	56	#
143	849	22	8	56	#
144	849	2	3	16	56	#
145	940	17	57	#
146	940	2	21	57	#
147	940	22	1	57	#
148	173	4	#
149	979	11	58	#
150	979	15	6	58	#
151	593	12	#
152	958	18	59	#
153	958	3	9	59	#
154	1185	20	12	60	#
155	1185	0	1	12	60	#
156	1185	23	3	60	#
157	1185	23	2	6	60	#
158	1185	14	16	60	#
159	1064	2	23	61	#
160	1064	17	0	61	#
161	1064	2	21	0	61	#
162	1064	22	20	61	#
163	1064	15	7	61	#
164	307	8	#
165	592	24	#
166	690	9	#
167	748	24	62	#
168	748	16	3	62	#
169	954	8	19	#
170	924	9	#
171	408	16	#
172	849	6	16	63	#
173	849	2	24	63	#
174	849	6	4	5	63	#
175	849	22	8	63	#
176	849	2	3	16	63	#
177	320	8	#
178	1138	10	64	#
179	1138	9	13	64	#
180	1138	18	4	64	#
181	1138	9	3	4	64	#
182	1138	9	2	6	4	64	#
183	625	22	#
184	554	16	65	#
185	554	4	5	65	#
186	294	0	#
187	1138	10	66	#
188	1138	13	9	66	#
189	1138	4	18	66	#
190	1138	4	3	9	66	#
191	1138	4	6	2	9	66	#
192	756	23	#
193	1185	12	20	67	#
194	1185	12	1	0	67	#
195	1185	3	23	67	#
196	1185	6	2	23	67	#
197	1185	16	14	67	#
198	387	8	#
199	478	6	4	#
200	311	0	#
201	322	0	#
202	364	0	#
203	1218	19	8	68	#
204	1218	7	14	68	#
205	1218	7	20	8	68	#
206	435	13	#
207	859	9	#
208	1172	18	69	#
209	1172	9	3	69	#
210	1172	9	2	6	69	#
211	1172	10	4	69	#
212	1172	9	13	4	69	#
213	669	20	70	#
214	669	0	1	70	#
215	865	15	#
216	762	24	71	#
217	762	3	16	71	#
218	994	18	72	#
219	994	9	3	72	#
220	1030	4	12	1	73	#
221	1030	5	8	1	73	#
222	1394	9	24	74	#
223	1394	18	16	74	#
224	1394	9	3	16	74	#
225	1394	10	5	74	#
226	1172	18	75	#
227	1172	9	3	75	#
228	1172	9	2	6	75	#
229	1172	10	4	75	#
230	1172	9	13	4	75	#
231	1248	24	9	#
232	475	16	76	#
233	475	5	4	76	#
234	498	5	#
235	278	0	#
236	409	16	#
237	394	6	#
238	467	3	77	#
239	467	6	2	77	#
240	1064	23	2	78	#
241	1064	0	17	78	#
242	1064	0	21	2	78	#
243	1064	20	22	78	#
244	1064	7	15	78	#
245	280	8	#
246	116	4	#
247	138	2	#
248	685	15	#
249	396	3	#
