%% File generated by CATS v.2.1Mon Aug 19 19:13:43 2019

%% The CATS webpage is http://robotics.stanford.edu/CATS

%% PARAMETER SETTINGS:
% Goods: 45; Bids: 900; Distribution: paths; Runs: 10; Seed: 1566251305
% Paths Distribution Parameters:
% Initial connections:       = 2
% Edge density:              = 3.000000
% Shipping cost factor:      = 1.500000
% Max bid set size:          = 5
% Building penalty:          = 1.700000



goods 45
bids 902
dummy 313

0	386	12	20	#
1	173	19	#
2	188	17	#
3	181	20	#
4	307	43	#
5	41	9	#
6	263	6	#
7	758	42	45	#
8	758	11	17	37	45	#
9	758	9	10	17	37	45	#
10	758	11	15	19	44	45	#
11	191	0	#
12	959	7	33	46	#
13	959	7	9	27	29	46	#
14	959	8	11	27	29	46	#
15	959	8	10	33	46	#
16	959	8	9	10	27	29	46	#
17	686	11	37	47	#
18	686	9	10	37	47	#
19	462	5	9	29	#
20	151	0	#
21	299	41	#
22	884	13	23	39	48	#
23	884	21	38	39	48	#
24	884	10	20	21	39	48	#
25	884	4	9	13	15	23	48	#
26	884	4	11	15	20	21	48	#
27	693	33	49	#
28	693	9	27	29	49	#
29	990	18	42	#
30	699	9	13	23	50	#
31	699	11	20	21	50	#
32	699	9	21	38	50	#
33	699	9	10	20	21	50	#
34	699	11	12	13	20	50	#
35	178	0	#
36	985	34	51	#
37	985	18	19	44	51	#
38	985	4	25	43	51	#
39	985	4	6	18	19	43	51	#
40	985	16	17	18	44	51	#
41	185	14	#
42	1015	2	36	52	#
43	1015	2	24	41	52	#
44	1015	3	17	24	52	#
45	1015	2	14	17	24	52	#
46	1015	3	16	19	24	52	#
47	52	9	#
48	730	28	53	#
49	730	6	30	53	#
50	336	0	1	54	#
51	336	5	43	54	#
52	151	20	#
53	680	4	32	#
54	654	31	55	#
55	654	12	35	55	#
56	654	7	23	55	#
57	654	8	12	20	55	#
58	654	7	12	38	55	#
59	623	32	#
60	172	20	#
61	987	20	21	40	56	#
62	440	5	6	19	#
63	987	22	24	56	#
64	755	0	1	27	57	#
65	755	5	27	43	57	#
66	755	6	14	19	43	57	#
67	755	4	14	19	44	57	#
68	258	7	9	#
69	175	19	#
70	884	13	23	39	58	#
71	884	21	38	39	58	#
72	884	10	20	21	39	58	#
73	884	4	9	13	15	23	58	#
74	884	4	11	15	20	21	58	#
75	1022	26	32	#
76	578	27	2	#
77	590	21	59	#
78	590	12	13	59	#
79	468	19	3	60	#
80	468	19	14	2	60	#
81	452	44	#
82	382	27	#
83	348	35	#
84	110	10	#
85	485	40	61	#
86	485	0	39	10	61	#
87	485	0	4	15	11	61	#
88	485	0	4	15	9	10	61	#
89	485	0	39	9	11	61	#
90	388	6	19	#
91	631	19	6	43	62	#
92	631	19	44	4	62	#
93	420	29	#
94	699	9	23	13	63	#
95	699	11	20	21	63	#
96	699	9	38	21	63	#
97	699	9	10	20	21	63	#
98	699	11	20	12	13	63	#
99	248	20	11	#
100	426	6	5	1	#
101	744	37	9	7	#
102	809	33	64	#
103	809	9	29	27	64	#
104	809	10	11	29	27	64	#
105	809	9	37	41	64	#
106	809	39	0	1	27	64	#
107	731	44	19	65	#
108	731	4	43	6	19	65	#
109	731	44	16	17	65	#
110	617	19	18	66	#
111	617	16	17	18	66	#
112	202	15	#
113	766	24	16	67	#
114	766	24	17	19	67	#
115	627	1	27	2	#
116	447	27	#
117	827	13	23	39	#
118	942	36	2	68	#
119	942	24	41	2	68	#
120	942	24	17	3	68	#
121	654	31	69	#
122	654	12	35	69	#
123	654	23	7	69	#
124	654	12	20	8	69	#
125	654	12	38	7	69	#
126	505	22	#
127	306	8	70	#
128	306	7	10	70	#
129	546	2	41	71	#
130	546	3	17	71	#
131	546	2	14	17	71	#
132	988	2	27	5	30	72	#
133	988	32	15	11	20	72	#
134	988	32	15	9	38	72	#
135	988	32	15	9	10	20	72	#
136	988	3	19	28	72	#
137	712	37	17	73	#
138	712	15	44	19	73	#
139	712	29	5	6	19	73	#
140	712	37	16	19	73	#
141	712	11	42	73	#
142	467	39	38	74	#
143	467	39	10	20	74	#
144	467	4	15	11	20	74	#
145	467	4	15	9	38	74	#
146	467	4	15	9	10	20	74	#
147	363	7	9	75	#
148	363	8	11	75	#
149	363	8	10	9	75	#
150	92	4	#
151	500	26	76	#
152	500	15	9	7	76	#
153	500	15	11	8	76	#
154	500	15	9	10	8	76	#
155	500	4	39	7	76	#
156	644	18	3	77	#
157	644	18	14	2	77	#
158	682	23	13	78	#
159	682	38	21	78	#
160	682	10	20	21	78	#
161	682	38	12	13	78	#
162	682	10	20	12	13	78	#
163	1060	26	32	79	#
164	1060	7	9	15	32	79	#
165	1060	7	33	2	79	#
166	1060	7	9	29	27	2	79	#
167	1060	8	11	15	32	79	#
168	765	42	80	#
169	765	17	37	11	80	#
170	765	17	37	9	10	80	#
171	765	19	44	15	11	80	#
172	765	19	44	15	9	10	80	#
173	663	24	16	#
174	872	37	9	7	81	#
175	872	37	11	8	81	#
176	872	37	9	10	8	81	#
177	872	37	11	10	7	81	#
178	872	16	44	26	81	#
179	467	11	29	82	#
180	467	10	9	29	82	#
181	418	29	9	#
182	153	19	#
183	664	5	27	2	83	#
184	664	6	19	3	83	#
185	664	6	19	14	2	83	#
186	413	15	11	20	84	#
187	413	15	9	38	84	#
188	413	15	9	10	20	84	#
189	494	23	85	#
190	494	38	12	85	#
191	494	10	20	12	85	#
192	494	9	11	20	12	85	#
193	716	19	6	43	86	#
194	716	19	44	4	86	#
195	716	19	6	5	1	0	86	#
196	667	44	15	9	87	#
197	667	6	5	29	9	87	#
198	667	16	37	9	87	#
199	667	6	43	39	87	#
200	667	44	4	39	87	#
201	432	6	5	1	#
202	997	18	17	24	#
203	305	12	#
204	357	10	39	88	#
205	357	11	15	4	88	#
206	357	10	9	15	4	88	#
207	357	11	9	39	88	#
208	970	1	5	25	89	#
209	970	1	5	6	19	18	89	#
210	970	22	17	18	89	#
211	970	1	27	14	18	89	#
212	970	22	16	19	18	89	#
213	958	26	32	#
214	709	4	32	#
215	812	27	29	90	#
216	812	33	9	90	#
217	812	41	37	90	#
218	812	14	17	37	90	#
219	812	27	1	0	4	15	90	#
220	467	39	38	91	#
221	467	39	10	20	91	#
222	467	4	15	11	20	91	#
223	467	4	15	9	38	91	#
224	467	4	15	9	10	20	91	#
225	654	31	92	#
226	654	35	12	92	#
227	654	7	23	92	#
228	654	8	20	12	92	#
229	654	7	38	12	92	#
230	450	27	#
231	699	13	23	9	93	#
232	699	21	20	11	93	#
233	699	21	38	9	93	#
234	699	21	20	10	9	93	#
235	699	13	12	20	11	93	#
236	914	8	42	94	#
237	914	26	44	19	94	#
238	914	7	9	37	17	94	#
239	914	7	9	15	44	19	94	#
240	914	7	10	42	94	#
241	340	29	9	#
242	622	18	17	95	#
243	622	18	19	16	95	#
244	502	22	#
245	667	18	3	96	#
246	667	18	14	2	96	#
247	90	5	#
248	663	29	9	7	97	#
249	663	29	11	8	97	#
250	663	29	9	10	8	97	#
251	987	22	24	98	#
252	987	40	20	21	98	#
253	987	1	5	6	16	24	98	#
254	987	0	39	23	13	98	#
255	987	40	20	12	13	98	#
256	669	7	39	0	99	#
257	669	26	4	0	99	#
258	669	7	9	15	4	0	99	#
259	669	8	40	99	#
260	669	8	10	39	0	99	#
261	575	14	18	#
262	262	4	15	100	#
263	262	39	9	100	#
264	442	15	4	0	101	#
265	442	9	39	0	101	#
266	328	11	20	102	#
267	328	9	38	102	#
268	328	9	10	20	102	#
269	298	13	#
270	369	26	#
271	161	0	#
272	579	28	103	#
273	579	30	6	103	#
274	988	30	5	27	2	104	#
275	988	20	11	15	32	104	#
276	988	38	9	15	32	104	#
277	988	20	10	9	15	32	104	#
278	988	28	19	3	104	#
279	801	5	25	105	#
280	801	5	6	19	18	105	#
281	801	27	14	18	105	#
282	420	29	#
283	227	9	15	#
284	959	7	33	106	#
285	959	7	9	29	27	106	#
286	959	8	11	29	27	106	#
287	959	8	10	33	106	#
288	959	8	10	9	29	27	106	#
289	46	9	#
290	980	36	107	#
291	980	24	41	107	#
292	980	24	17	14	107	#
293	980	24	16	19	14	107	#
294	306	0	1	#
295	354	29	9	#
296	906	36	108	#
297	906	41	24	108	#
298	906	14	17	24	108	#
299	906	14	19	16	24	108	#
300	524	14	18	#
301	801	25	109	#
302	801	6	19	18	109	#
303	801	6	16	17	18	109	#
304	226	6	#
305	357	13	#
306	334	3	110	#
307	334	14	2	110	#
308	611	40	20	111	#
309	611	0	39	38	111	#
310	611	0	39	10	20	111	#
311	611	0	4	15	11	20	111	#
312	611	0	4	15	9	38	111	#
313	107	10	#
314	535	37	#
315	763	16	24	112	#
316	763	19	17	24	112	#
317	409	29	5	#
318	629	30	5	113	#
319	629	20	11	29	113	#
320	629	38	9	29	113	#
321	629	20	10	9	29	113	#
322	456	35	114	#
323	456	20	8	114	#
324	456	38	7	114	#
325	456	20	10	7	114	#
326	837	15	9	23	13	115	#
327	837	15	11	20	21	115	#
328	837	15	9	38	21	115	#
329	837	15	9	10	20	21	115	#
330	837	15	11	20	12	13	115	#
331	680	28	19	#
332	711	29	27	116	#
333	711	9	33	116	#
334	384	29	#
335	785	27	29	11	117	#
336	785	33	10	117	#
337	785	27	29	9	10	117	#
338	785	33	9	11	117	#
339	785	14	42	117	#
340	821	6	16	24	#
341	461	19	3	118	#
342	461	19	14	2	118	#
343	583	22	0	119	#
344	583	16	6	43	119	#
345	583	16	44	4	119	#
346	574	22	0	120	#
347	574	16	6	43	120	#
348	318	35	#
349	1218	18	42	8	121	#
350	1218	34	26	121	#
351	1218	18	19	44	26	121	#
352	1218	18	17	37	9	7	121	#
353	1218	34	15	9	7	121	#
354	514	44	#
355	464	35	122	#
356	464	20	8	122	#
357	464	38	7	122	#
358	464	20	10	7	122	#
359	669	22	0	123	#
360	669	16	6	43	123	#
361	669	16	44	4	123	#
362	669	16	6	5	1	0	123	#
363	669	37	15	4	123	#
364	636	7	9	29	5	#
365	699	13	23	9	124	#
366	699	21	20	11	124	#
367	699	21	38	9	124	#
368	699	21	20	10	9	124	#
369	699	13	12	20	11	124	#
370	272	7	#
371	360	3	125	#
372	360	14	2	125	#
373	380	5	6	16	#
374	695	27	1	0	4	126	#
375	695	14	19	44	126	#
376	651	21	20	127	#
377	651	13	12	20	127	#
378	987	24	22	128	#
379	987	21	20	40	128	#
380	987	24	16	6	5	1	128	#
381	987	13	23	39	0	128	#
382	987	13	12	20	40	128	#
383	431	22	#
384	509	18	17	#
385	772	28	129	#
386	772	6	30	129	#
387	772	44	15	11	20	129	#
388	535	22	130	#
389	535	1	5	6	16	130	#
390	601	21	20	#
391	313	20	11	131	#
392	313	38	9	131	#
393	313	20	10	9	131	#
394	755	7	9	37	#
395	245	39	#
396	627	25	132	#
397	627	18	19	6	132	#
398	893	5	6	16	24	#
399	490	17	18	#
400	856	28	19	133	#
401	856	30	6	19	133	#
402	856	20	42	133	#
403	856	28	16	17	133	#
404	672	44	15	11	134	#
405	672	44	15	9	10	134	#
406	672	6	5	29	11	134	#
407	672	6	5	29	9	10	134	#
408	672	16	37	11	134	#
409	217	6	#
410	304	11	15	135	#
411	304	10	9	15	135	#
412	332	43	#
413	284	1	5	#
414	156	15	#
415	1218	18	42	8	136	#
416	1218	34	26	136	#
417	1218	18	19	44	26	136	#
418	1218	18	17	37	9	7	136	#
419	1218	34	15	9	7	136	#
420	602	37	#
421	900	9	15	32	137	#
422	900	33	2	137	#
423	900	9	29	27	2	137	#
424	900	39	4	32	137	#
425	900	10	11	15	32	137	#
426	344	29	#
427	502	44	#
428	258	8	#
429	478	15	11	20	138	#
430	478	15	9	38	138	#
431	478	15	9	10	20	138	#
432	914	8	42	139	#
433	914	26	44	19	139	#
434	914	7	9	37	17	139	#
435	914	7	9	15	44	19	139	#
436	914	7	10	42	139	#
437	435	9	23	#
438	837	13	23	9	15	140	#
439	837	21	20	11	15	140	#
440	837	21	38	9	15	140	#
441	837	21	20	10	9	15	140	#
442	837	13	12	20	11	15	140	#
443	621	0	22	141	#
444	621	43	6	16	141	#
445	621	4	44	16	141	#
446	985	36	142	#
447	985	24	41	142	#
448	985	24	17	14	142	#
449	985	24	16	19	14	142	#
450	786	24	17	143	#
451	786	24	16	19	143	#
452	812	27	29	144	#
453	812	33	9	144	#
454	812	41	37	144	#
455	812	14	17	37	144	#
456	812	27	1	0	4	15	144	#
457	543	44	16	#
458	863	5	6	16	24	#
459	465	1	5	6	#
460	454	18	19	#
461	626	37	9	#
462	550	9	37	#
463	872	37	9	7	145	#
464	872	37	11	8	145	#
465	872	37	9	10	8	145	#
466	872	37	11	10	7	145	#
467	872	16	44	26	145	#
468	448	11	29	146	#
469	448	10	9	29	146	#
470	785	11	29	27	147	#
471	785	10	33	147	#
472	785	10	9	29	27	147	#
473	785	11	9	33	147	#
474	785	42	14	147	#
475	195	20	#
476	306	1	5	#
477	237	12	#
478	696	27	29	148	#
479	696	33	9	148	#
480	259	6	5	#
481	500	19	3	149	#
482	500	19	14	2	149	#
483	354	9	29	#
484	638	44	15	150	#
485	638	6	5	29	150	#
486	638	16	37	150	#
487	246	20	11	#
488	646	29	9	7	151	#
489	646	29	11	8	151	#
490	175	16	#
491	502	18	19	#
492	345	9	29	#
493	352	10	39	152	#
494	352	11	15	4	152	#
495	352	10	9	15	4	152	#
496	352	11	9	39	152	#
497	712	37	17	153	#
498	712	15	44	19	153	#
499	712	29	5	6	19	153	#
500	712	37	16	19	153	#
501	712	11	42	153	#
502	662	43	6	19	154	#
503	662	4	44	19	154	#
504	664	9	37	155	#
505	664	10	11	37	155	#
506	445	19	18	#
507	784	6	16	24	#
508	674	19	6	5	1	156	#
509	674	17	22	156	#
510	674	14	27	1	156	#
511	674	19	16	22	156	#
512	200	2	#
513	785	11	29	27	157	#
514	785	10	33	157	#
515	785	10	9	29	27	157	#
516	785	11	9	33	157	#
517	785	42	14	157	#
518	396	26	158	#
519	396	7	9	15	158	#
520	1023	18	19	28	159	#
521	1023	25	30	159	#
522	1023	18	19	6	30	159	#
523	539	27	1	#
524	412	0	4	15	160	#
525	412	0	39	9	160	#
526	238	12	#
527	376	43	161	#
528	376	5	1	0	161	#
529	439	9	23	#
530	222	38	162	#
531	222	10	20	162	#
532	412	5	27	#
533	900	9	15	32	163	#
534	900	33	2	163	#
535	900	9	29	27	2	163	#
536	900	39	4	32	163	#
537	900	10	11	15	32	163	#
538	692	19	28	#
539	484	40	164	#
540	484	10	39	0	164	#
541	484	11	15	4	0	164	#
542	484	10	9	15	4	0	164	#
543	171	15	#
544	279	38	165	#
545	279	10	20	165	#
546	279	9	11	20	165	#
547	161	0	#
548	630	5	29	9	7	#
549	1181	8	42	18	#
550	637	18	19	166	#
551	637	18	17	16	166	#
552	603	24	16	#
553	852	7	9	37	167	#
554	852	8	11	37	167	#
555	852	8	10	9	37	167	#
556	852	7	10	11	37	167	#
557	185	9	15	#
558	425	9	29	#
559	1139	18	19	28	168	#
560	1139	25	30	168	#
561	1139	18	19	6	30	168	#
562	1139	18	42	20	168	#
563	1139	18	17	16	28	168	#
564	709	42	#
565	181	19	#
566	110	10	#
567	187	2	#
568	228	14	#
569	95	10	#
570	452	27	#
571	217	4	15	#
572	488	7	39	169	#
573	488	26	4	169	#
574	488	7	9	15	4	169	#
575	933	18	42	#
576	247	5	1	#
577	578	44	15	170	#
578	578	6	5	29	170	#
579	578	16	37	170	#
580	489	24	#
581	900	32	15	9	171	#
582	900	2	33	171	#
583	900	2	27	29	9	171	#
584	900	32	4	39	171	#
585	900	32	15	11	10	171	#
586	82	4	#
587	873	8	42	#
588	317	8	172	#
589	317	10	7	172	#
590	157	15	#
591	621	19	6	43	173	#
592	621	19	44	4	173	#
593	313	7	#
594	156	15	#
595	179	2	#
596	306	43	#
597	140	20	#
598	517	37	#
599	155	0	#
600	441	39	7	174	#
601	441	4	26	174	#
602	959	7	33	175	#
603	959	7	9	29	27	175	#
604	959	8	11	29	27	175	#
605	959	8	10	33	175	#
606	959	8	10	9	29	27	175	#
607	153	20	#
608	740	17	37	9	176	#
609	740	19	44	15	9	176	#
610	740	42	10	176	#
611	740	19	6	5	29	9	176	#
612	740	19	16	37	9	176	#
613	335	11	15	177	#
614	335	10	9	15	177	#
615	610	22	0	178	#
616	610	16	6	43	178	#
617	610	16	44	4	178	#
618	234	4	0	#
619	311	38	179	#
620	311	10	20	179	#
621	311	9	11	20	179	#
622	451	19	6	#
623	294	38	180	#
624	294	10	20	180	#
625	294	9	11	20	180	#
626	475	5	30	#
627	852	24	17	181	#
628	852	24	16	19	181	#
629	481	17	18	#
630	229	2	#
631	235	14	#
632	206	0	#
633	599	37	11	182	#
634	599	37	9	10	182	#
635	580	44	15	9	#
636	662	17	37	183	#
637	662	19	44	15	183	#
638	409	27	#
639	779	28	184	#
640	779	6	30	184	#
641	779	44	15	11	20	184	#
642	779	44	15	9	38	184	#
643	779	44	15	9	10	20	184	#
644	181	19	#
645	507	6	5	1	#
646	443	30	#
647	566	44	15	185	#
648	566	6	5	29	185	#
649	984	43	25	186	#
650	984	43	6	19	18	186	#
651	984	4	34	186	#
652	984	4	44	19	18	186	#
653	984	0	1	5	25	186	#
654	878	32	15	9	187	#
655	878	2	33	187	#
656	878	2	27	29	9	187	#
657	878	32	4	39	187	#
658	884	11	15	32	188	#
659	884	10	9	15	32	188	#
660	884	11	29	27	2	188	#
661	884	10	33	2	188	#
662	884	10	9	29	27	2	188	#
663	460	35	189	#
664	460	20	8	189	#
665	460	38	7	189	#
666	460	20	10	7	189	#
667	609	32	#
668	394	3	190	#
669	394	14	2	190	#
670	378	9	29	#
671	744	16	24	191	#
672	744	19	17	24	191	#
673	573	22	192	#
674	573	1	5	6	16	192	#
675	524	37	9	#
676	540	30	#
677	584	37	9	#
678	338	0	1	193	#
679	338	43	5	193	#
680	457	39	0	194	#
681	457	9	15	4	0	194	#
682	529	23	195	#
683	529	38	12	195	#
684	529	10	20	12	195	#
685	529	9	11	20	12	195	#
686	204	0	#
687	502	39	7	196	#
688	502	4	26	196	#
689	502	4	15	9	7	196	#
690	858	30	5	27	197	#
691	858	28	19	14	197	#
692	858	20	11	29	27	197	#
693	858	38	33	197	#
694	858	20	10	33	197	#
695	1187	18	42	8	#
696	476	7	39	198	#
697	476	26	4	198	#
698	476	7	9	15	4	198	#
699	563	28	#
700	1036	36	199	#
701	1036	24	41	199	#
702	1036	24	17	14	199	#
703	1036	24	16	19	14	199	#
704	336	1	0	200	#
705	336	5	43	200	#
706	655	37	17	201	#
707	655	15	44	19	201	#
708	738	0	39	23	#
709	765	42	202	#
710	765	17	37	11	202	#
711	765	17	37	9	10	202	#
712	765	19	44	15	11	202	#
713	765	19	44	15	9	10	202	#
714	597	19	44	#
715	745	32	#
716	453	19	18	#
717	530	44	16	#
718	884	39	23	13	203	#
719	884	39	38	21	203	#
720	884	39	10	20	21	203	#
721	884	4	15	9	23	13	203	#
722	884	4	15	11	20	21	203	#
723	284	43	#
724	344	35	#
725	619	28	204	#
726	619	30	6	204	#
727	332	13	#
728	984	43	25	205	#
729	984	43	6	19	18	205	#
730	984	4	34	205	#
731	984	4	44	19	18	205	#
732	984	0	1	5	25	205	#
733	900	9	15	32	206	#
734	900	33	2	206	#
735	900	9	29	27	2	206	#
736	900	39	4	32	206	#
737	900	10	11	15	32	206	#
738	401	12	20	#
739	864	24	17	207	#
740	864	24	16	19	207	#
741	884	11	15	32	208	#
742	884	10	9	15	32	208	#
743	884	11	29	27	2	208	#
744	884	10	33	2	208	#
745	884	10	9	29	27	2	208	#
746	492	11	29	5	209	#
747	492	10	9	29	5	209	#
748	959	7	33	210	#
749	959	7	9	29	27	210	#
750	959	8	11	29	27	210	#
751	959	8	10	33	210	#
752	959	8	10	9	29	27	210	#
753	326	7	211	#
754	326	8	10	211	#
755	459	0	39	212	#
756	459	0	4	15	9	212	#
757	1026	9	37	17	18	213	#
758	1026	9	15	34	213	#
759	1026	9	15	44	19	18	213	#
760	1026	10	42	18	213	#
761	1026	9	29	5	25	213	#
762	453	30	#
763	691	11	37	214	#
764	691	10	9	37	214	#
765	97	10	#
766	188	1	#
767	222	15	4	#
768	699	27	29	215	#
769	699	33	9	215	#
770	647	30	5	216	#
771	647	20	11	29	216	#
772	647	38	9	29	216	#
773	647	20	10	9	29	216	#
774	269	5	6	#
775	914	42	8	217	#
776	914	19	44	26	217	#
777	914	17	37	9	7	217	#
778	914	19	44	15	9	7	217	#
779	914	42	10	7	217	#
780	556	21	218	#
781	556	13	12	218	#
782	370	35	#
783	984	43	25	219	#
784	984	43	6	19	18	219	#
785	984	4	34	219	#
786	984	4	44	19	18	219	#
787	984	0	1	5	25	219	#
788	227	14	#
789	699	9	23	13	220	#
790	699	11	20	21	220	#
791	699	9	38	21	220	#
792	699	9	10	20	21	220	#
793	699	11	20	12	13	220	#
794	670	5	27	2	221	#
795	670	6	19	3	221	#
796	670	6	19	14	2	221	#
797	740	9	37	17	222	#
798	740	9	15	44	19	222	#
799	740	10	42	222	#
800	740	9	29	5	6	19	222	#
801	740	9	37	16	19	222	#
802	433	5	6	19	#
803	407	40	#
804	687	44	19	223	#
805	687	4	43	6	19	223	#
806	687	44	16	17	223	#
807	45	9	#
808	914	42	8	224	#
809	914	19	44	26	224	#
810	914	17	37	9	7	224	#
811	914	19	44	15	9	7	224	#
812	914	42	10	7	224	#
813	236	2	#
814	256	4	15	225	#
815	256	39	9	225	#
816	700	4	32	#
817	458	44	#
818	591	24	#
819	104	5	#
820	220	17	#
821	387	29	5	#
822	682	19	44	226	#
823	682	19	6	43	4	226	#
824	682	17	16	44	226	#
825	1022	32	26	227	#
826	1022	32	15	9	7	227	#
827	139	11	228	#
828	139	10	9	228	#
829	807	32	#
830	371	29	9	#
831	646	28	229	#
832	646	30	6	229	#
833	467	38	39	230	#
834	467	20	10	39	230	#
835	467	20	11	15	4	230	#
836	467	38	9	15	4	230	#
837	467	20	10	9	15	4	230	#
838	837	21	35	231	#
839	837	13	31	231	#
840	837	13	12	35	231	#
841	837	21	20	8	231	#
842	837	13	23	7	231	#
843	913	32	15	232	#
844	913	2	27	29	232	#
845	913	2	33	9	232	#
846	913	32	4	39	9	232	#
847	913	2	41	37	232	#
848	1060	32	26	233	#
849	1060	32	15	9	7	233	#
850	1060	2	33	7	233	#
851	1060	2	27	29	9	7	233	#
852	1060	32	15	11	8	233	#
853	646	42	#
854	401	41	234	#
855	401	14	17	234	#
856	566	43	6	235	#
857	566	4	44	235	#
858	566	0	1	5	6	235	#
859	254	12	#
860	408	23	#
861	658	18	3	236	#
862	658	18	14	2	236	#
863	145	20	#
864	366	29	#
865	472	21	237	#
866	472	12	13	237	#
867	417	18	#
868	872	37	9	7	238	#
869	872	37	11	8	238	#
870	872	37	9	10	8	238	#
871	872	37	11	10	7	238	#
872	872	16	44	26	238	#
873	1002	42	18	#
874	573	16	44	#
875	884	11	15	32	239	#
876	884	10	9	15	32	239	#
877	884	11	29	27	2	239	#
878	884	10	33	2	239	#
879	884	10	9	29	27	2	239	#
880	300	5	1	#
881	676	27	1	0	240	#
882	676	27	5	43	240	#
883	467	38	39	241	#
884	467	20	10	39	241	#
885	467	20	11	15	4	241	#
886	467	38	9	15	4	241	#
887	467	20	10	9	15	4	241	#
888	467	38	39	242	#
889	467	20	10	39	242	#
890	467	20	11	15	4	242	#
891	467	38	9	15	4	242	#
892	467	20	10	9	15	4	242	#
893	410	29	#
894	168	1	#
895	578	16	44	#
896	814	37	9	7	243	#
897	814	37	11	8	243	#
898	814	37	9	10	8	243	#
899	978	18	17	37	244	#
900	978	34	15	244	#
901	978	18	19	44	15	244	#
