%% File generated by CATS v.2.1Mon Aug 19 19:13:42 2019

%% The CATS webpage is http://robotics.stanford.edu/CATS

%% PARAMETER SETTINGS:
% Goods: 15; Bids: 1200; Distribution: paths; Runs: 10; Seed: 1566251282
% Paths Distribution Parameters:
% Initial connections:       = 2
% Edge density:              = 3.000000
% Shipping cost factor:      = 1.500000
% Max bid set size:          = 5
% Building penalty:          = 1.700000



goods 15
bids 1201
dummy 686

0	933	3	5	7	16	#
1	933	0	13	16	#
2	575	12	15	#
3	575	0	2	15	#
4	933	6	16	#
5	933	8	11	16	#
6	933	4	7	16	#
7	633	2	3	9	18	#
8	933	6	17	#
9	933	8	11	17	#
10	933	4	7	17	#
11	933	3	5	7	17	#
12	933	0	13	17	#
13	633	13	18	#
14	633	2	10	18	#
15	633	3	14	18	#
16	341	1	5	#
17	933	6	19	#
18	933	11	8	19	#
19	933	7	4	19	#
20	933	7	5	3	19	#
21	933	0	13	19	#
22	578	10	20	#
23	578	3	9	20	#
24	506	8	21	#
25	506	1	4	21	#
26	506	1	5	3	21	#
27	363	0	#
28	220	3	#
29	488	0	#
30	781	5	7	#
31	187	3	#
32	643	7	22	#
33	643	1	11	22	#
34	811	7	5	23	#
35	811	11	1	5	23	#
36	811	0	14	23	#
37	811	12	9	23	#
38	811	0	2	9	23	#
39	668	7	24	#
40	668	11	1	24	#
41	933	6	25	#
42	933	8	11	25	#
43	933	4	7	25	#
44	933	3	5	7	25	#
45	933	13	0	25	#
46	55	1	#
47	815	7	26	#
48	815	1	11	26	#
49	653	10	27	#
50	653	9	3	27	#
51	522	8	28	#
52	522	1	4	28	#
53	522	1	5	3	28	#
54	611	10	29	#
55	611	9	3	29	#
56	57	1	#
57	219	5	#
58	614	12	30	#
59	614	2	0	30	#
60	136	2	#
61	462	14	31	#
62	462	2	9	31	#
63	51	1	#
64	811	7	5	32	#
65	811	11	1	5	32	#
66	811	0	14	32	#
67	811	12	9	32	#
68	811	0	2	9	32	#
69	637	11	33	#
70	637	7	1	33	#
71	300	5	#
72	60	1	#
73	238	5	#
74	627	14	34	#
75	627	2	9	34	#
76	641	13	35	#
77	641	10	2	35	#
78	641	3	14	35	#
79	641	3	9	2	35	#
80	811	5	7	36	#
81	811	5	1	11	36	#
82	811	14	0	36	#
83	811	9	12	36	#
84	811	9	2	0	36	#
85	521	8	37	#
86	521	4	1	37	#
87	521	3	5	1	37	#
88	811	7	5	38	#
89	811	11	1	5	38	#
90	811	0	14	38	#
91	811	12	9	38	#
92	811	0	2	9	38	#
93	290	5	#
94	403	8	#
95	559	11	#
96	844	13	39	#
97	844	10	2	39	#
98	844	3	14	39	#
99	844	3	9	2	39	#
100	54	1	#
101	689	10	40	#
102	689	3	9	40	#
103	689	13	2	40	#
104	702	7	41	#
105	702	1	11	41	#
106	452	14	#
107	654	10	42	#
108	654	3	9	42	#
109	375	4	43	#
110	375	5	3	43	#
111	811	5	7	44	#
112	811	5	1	11	44	#
113	811	14	0	44	#
114	811	9	12	44	#
115	811	9	2	0	44	#
116	461	4	45	#
117	461	3	5	45	#
118	461	8	1	45	#
119	305	1	5	#
120	811	7	5	46	#
121	811	11	1	5	46	#
122	811	0	14	46	#
123	811	12	9	46	#
124	811	0	2	9	46	#
125	518	10	47	#
126	518	9	3	47	#
127	844	13	48	#
128	844	10	2	48	#
129	844	3	14	48	#
130	844	3	9	2	48	#
131	811	5	7	49	#
132	811	5	1	11	49	#
133	811	14	0	49	#
134	811	9	12	49	#
135	811	9	2	0	49	#
136	182	3	#
137	542	10	50	#
138	542	3	9	50	#
139	771	7	51	#
140	771	1	11	51	#
141	811	5	7	52	#
142	811	5	1	11	52	#
143	811	14	0	52	#
144	811	9	12	52	#
145	811	9	2	0	52	#
146	696	13	53	#
147	696	2	10	53	#
148	696	14	3	53	#
149	696	2	9	3	53	#
150	505	14	54	#
151	505	9	2	54	#
152	223	5	#
153	623	10	55	#
154	623	9	3	55	#
155	559	10	56	#
156	559	3	9	56	#
157	524	10	57	#
158	524	3	9	57	#
159	484	9	#
160	676	7	58	#
161	676	1	11	58	#
162	933	6	59	#
163	933	11	8	59	#
164	933	7	4	59	#
165	933	7	5	3	59	#
166	933	0	13	59	#
167	185	3	#
168	486	10	#
169	502	9	#
170	557	10	60	#
171	557	3	9	60	#
172	657	7	61	#
173	657	1	11	61	#
174	660	14	62	#
175	660	2	9	62	#
176	46	1	#
177	933	6	63	#
178	933	8	11	63	#
179	933	4	7	63	#
180	933	3	5	7	63	#
181	933	13	0	63	#
182	218	3	#
183	139	2	#
184	472	0	#
185	492	4	64	#
186	492	3	5	64	#
187	492	8	1	64	#
188	803	7	65	#
189	803	11	1	65	#
190	397	4	66	#
191	397	5	3	66	#
192	126	2	#
193	388	4	67	#
194	388	5	3	67	#
195	933	6	68	#
196	933	8	11	68	#
197	933	4	7	68	#
198	933	3	5	7	68	#
199	933	13	0	68	#
200	398	4	69	#
201	398	3	5	69	#
202	501	9	#
203	474	0	#
204	702	10	70	#
205	702	3	9	70	#
206	702	13	2	70	#
207	702	3	14	2	70	#
208	634	7	71	#
209	634	11	1	71	#
210	170	3	#
211	699	11	72	#
212	699	1	7	72	#
213	810	7	5	73	#
214	810	11	1	5	73	#
215	810	0	14	73	#
216	810	12	9	73	#
217	112	2	#
218	622	14	74	#
219	622	2	9	74	#
220	471	4	75	#
221	471	3	5	75	#
222	471	8	1	75	#
223	933	6	76	#
224	933	8	11	76	#
225	933	4	7	76	#
226	933	3	5	7	76	#
227	933	13	0	76	#
228	660	10	77	#
229	660	9	3	77	#
230	571	8	78	#
231	571	4	1	78	#
232	571	3	5	1	78	#
233	106	2	#
234	762	13	79	#
235	762	10	2	79	#
236	762	3	14	79	#
237	762	3	9	2	79	#
238	61	1	#
239	278	1	5	#
240	228	3	#
241	476	4	80	#
242	476	3	5	80	#
243	476	8	1	80	#
244	302	5	#
245	182	3	#
246	676	13	81	#
247	676	10	2	81	#
248	676	3	14	81	#
249	676	3	9	2	81	#
250	811	5	7	82	#
251	811	5	1	11	82	#
252	811	14	0	82	#
253	811	9	12	82	#
254	811	9	2	0	82	#
255	361	0	#
256	722	13	83	#
257	722	10	2	83	#
258	722	3	14	83	#
259	722	3	9	2	83	#
260	355	5	1	#
261	556	10	84	#
262	556	3	9	84	#
263	653	14	85	#
264	653	2	9	85	#
265	440	0	#
266	475	9	#
267	221	3	#
268	443	8	86	#
269	443	4	1	86	#
270	443	3	5	1	86	#
271	592	11	#
272	446	14	#
273	534	9	#
274	127	2	#
275	522	8	87	#
276	522	1	4	87	#
277	522	1	5	3	87	#
278	424	4	88	#
279	424	5	3	88	#
280	612	14	89	#
281	612	2	9	89	#
282	729	13	90	#
283	729	10	2	90	#
284	729	3	14	90	#
285	729	3	9	2	90	#
286	811	7	5	91	#
287	811	11	1	5	91	#
288	811	0	14	91	#
289	811	12	9	91	#
290	811	0	2	9	91	#
291	576	7	92	#
292	576	1	11	92	#
293	718	13	93	#
294	718	10	2	93	#
295	718	3	14	93	#
296	718	3	9	2	93	#
297	486	14	94	#
298	486	9	2	94	#
299	933	6	95	#
300	933	11	8	95	#
301	933	7	4	95	#
302	933	7	5	3	95	#
303	933	0	13	95	#
304	490	4	96	#
305	490	5	3	96	#
306	490	1	8	96	#
307	588	10	97	#
308	588	9	3	97	#
309	494	9	#
310	461	12	98	#
311	461	0	2	98	#
312	428	9	#
313	256	5	#
314	485	8	99	#
315	485	4	1	99	#
316	485	3	5	1	99	#
317	662	12	100	#
318	662	2	0	100	#
319	574	14	101	#
320	574	9	2	101	#
321	453	0	#
322	434	8	102	#
323	434	1	4	102	#
324	434	1	5	3	102	#
325	628	12	103	#
326	628	2	0	103	#
327	404	0	#
328	243	5	#
329	563	12	104	#
330	563	2	0	104	#
331	627	11	105	#
332	627	7	1	105	#
333	297	5	1	#
334	813	13	106	#
335	813	10	2	106	#
336	813	3	14	106	#
337	813	3	9	2	106	#
338	53	1	#
339	799	7	5	107	#
340	799	11	1	5	107	#
341	423	9	#
342	531	9	#
343	373	9	#
344	377	9	#
345	473	9	#
346	405	9	#
347	372	9	#
348	189	3	#
349	811	7	5	108	#
350	811	11	1	5	108	#
351	811	0	14	108	#
352	811	12	9	108	#
353	811	0	2	9	108	#
354	283	5	1	#
355	158	3	#
356	261	5	#
357	317	1	5	#
358	466	8	109	#
359	466	4	1	109	#
360	466	3	5	1	109	#
361	933	6	110	#
362	933	8	11	110	#
363	933	4	7	110	#
364	933	3	5	7	110	#
365	933	13	0	110	#
366	705	13	111	#
367	705	10	2	111	#
368	705	3	14	111	#
369	705	3	9	2	111	#
370	775	7	5	#
371	385	9	#
372	44	1	#
373	639	13	112	#
374	639	10	2	112	#
375	639	3	14	112	#
376	639	3	9	2	112	#
377	43	1	#
378	667	12	113	#
379	667	2	0	113	#
380	446	9	#
381	727	13	114	#
382	727	10	2	114	#
383	727	3	14	114	#
384	727	3	9	2	114	#
385	468	0	#
386	570	12	115	#
387	570	2	0	115	#
388	126	2	#
389	714	13	116	#
390	714	10	2	116	#
391	714	3	14	116	#
392	714	3	9	2	116	#
393	776	11	117	#
394	776	1	7	117	#
395	576	13	#
396	486	10	#
397	758	11	118	#
398	758	7	1	118	#
399	530	0	#
400	311	1	5	#
401	407	8	#
402	811	5	7	119	#
403	811	5	1	11	119	#
404	811	14	0	119	#
405	811	9	12	119	#
406	811	9	2	0	119	#
407	199	3	#
408	811	5	7	120	#
409	811	5	1	11	120	#
410	811	14	0	120	#
411	811	9	12	120	#
412	811	9	2	0	120	#
413	324	5	1	#
414	591	11	#
415	447	4	121	#
416	447	3	5	121	#
417	447	8	1	121	#
418	806	13	122	#
419	806	2	10	122	#
420	806	14	3	122	#
421	806	2	9	3	122	#
422	453	0	#
423	933	6	123	#
424	933	8	11	123	#
425	933	4	7	123	#
426	933	3	5	7	123	#
427	933	13	0	123	#
428	486	12	124	#
429	486	0	2	124	#
430	396	4	125	#
431	396	5	3	125	#
432	933	6	126	#
433	933	11	8	126	#
434	933	7	4	126	#
435	933	7	5	3	126	#
436	933	0	13	126	#
437	531	10	127	#
438	531	9	3	127	#
439	564	14	128	#
440	564	9	2	128	#
441	190	3	#
442	438	9	#
443	508	12	129	#
444	508	0	2	129	#
445	548	8	130	#
446	548	1	4	130	#
447	548	1	5	3	130	#
448	273	5	#
449	762	7	131	#
450	762	11	1	131	#
451	812	13	132	#
452	812	2	10	132	#
453	812	14	3	132	#
454	812	2	9	3	132	#
455	534	14	133	#
456	534	2	9	133	#
457	602	14	134	#
458	602	9	2	134	#
459	401	0	#
460	811	5	7	135	#
461	811	5	1	11	135	#
462	811	14	0	135	#
463	811	9	12	135	#
464	811	9	2	0	135	#
465	933	6	136	#
466	933	11	8	136	#
467	933	7	4	136	#
468	933	7	5	3	136	#
469	933	0	13	136	#
470	168	3	#
471	509	12	137	#
472	509	0	2	137	#
473	844	13	138	#
474	844	2	10	138	#
475	844	14	3	138	#
476	844	2	9	3	138	#
477	221	5	#
478	717	10	139	#
479	717	3	9	139	#
480	717	13	2	139	#
481	717	3	14	2	139	#
482	529	14	140	#
483	529	2	9	140	#
484	431	4	141	#
485	431	3	5	141	#
486	721	13	142	#
487	721	2	10	142	#
488	721	14	3	142	#
489	721	2	9	3	142	#
490	455	0	#
491	531	8	143	#
492	531	1	4	143	#
493	531	1	5	3	143	#
494	480	9	#
495	43	1	#
496	606	14	144	#
497	606	9	2	144	#
498	451	9	#
499	134	2	#
500	667	12	145	#
501	667	0	2	145	#
502	757	7	146	#
503	757	1	11	146	#
504	467	14	147	#
505	467	2	9	147	#
506	105	2	#
507	811	5	7	148	#
508	811	5	1	11	148	#
509	811	14	0	148	#
510	811	9	12	148	#
511	811	9	2	0	148	#
512	502	4	149	#
513	502	3	5	149	#
514	502	8	1	149	#
515	51	1	#
516	475	9	#
517	486	12	150	#
518	486	0	2	150	#
519	577	8	151	#
520	577	4	1	151	#
521	577	3	5	1	151	#
522	104	2	#
523	800	5	7	152	#
524	800	5	1	11	152	#
525	933	6	153	#
526	933	8	11	153	#
527	933	4	7	153	#
528	933	3	5	7	153	#
529	933	13	0	153	#
530	58	1	#
531	181	3	#
532	503	8	154	#
533	503	4	1	154	#
534	503	3	5	1	154	#
535	56	1	#
536	439	8	155	#
537	439	4	1	155	#
538	439	3	5	1	155	#
539	418	0	#
540	101	2	#
541	469	0	#
542	757	11	156	#
543	757	7	1	156	#
544	219	3	#
545	360	0	#
546	447	8	157	#
547	447	4	1	157	#
548	447	3	5	1	157	#
549	642	11	158	#
550	642	1	7	158	#
551	199	3	#
552	41	1	#
553	521	0	#
554	133	2	#
555	272	1	5	#
556	500	4	159	#
557	500	3	5	159	#
558	500	8	1	159	#
559	55	1	#
560	694	10	160	#
561	694	9	3	160	#
562	694	2	13	160	#
563	446	0	#
564	101	2	#
565	95	2	#
566	311	5	1	#
567	466	0	#
568	391	4	161	#
569	391	5	3	161	#
570	565	10	162	#
571	565	9	3	162	#
572	221	3	#
573	283	5	1	#
574	596	12	163	#
575	596	2	0	163	#
576	608	7	164	#
577	608	1	11	164	#
578	486	8	165	#
579	486	4	1	165	#
580	486	3	5	1	165	#
581	811	7	5	166	#
582	811	11	1	5	166	#
583	811	0	14	166	#
584	811	12	9	166	#
585	811	0	2	9	166	#
586	106	2	#
587	811	7	5	167	#
588	811	11	1	5	167	#
589	811	0	14	167	#
590	811	12	9	167	#
591	811	0	2	9	167	#
592	126	2	#
593	239	5	#
594	119	2	#
595	305	5	1	#
596	284	1	5	#
597	583	7	168	#
598	583	11	1	168	#
599	625	10	169	#
600	625	9	3	169	#
601	804	13	170	#
602	804	2	10	170	#
603	804	14	3	170	#
604	804	2	9	3	170	#
605	190	3	#
606	933	6	171	#
607	933	8	11	171	#
608	933	4	7	171	#
609	933	3	5	7	171	#
610	933	13	0	171	#
611	322	1	5	#
612	566	8	172	#
613	566	1	4	172	#
614	566	1	5	3	172	#
615	50	1	#
616	933	6	173	#
617	933	11	8	173	#
618	933	7	4	173	#
619	933	7	5	3	173	#
620	933	0	13	173	#
621	468	14	174	#
622	468	2	9	174	#
623	605	10	175	#
624	605	9	3	175	#
625	193	3	#
626	933	6	176	#
627	933	11	8	176	#
628	933	7	4	176	#
629	933	7	5	3	176	#
630	933	0	13	176	#
631	360	9	#
632	629	13	177	#
633	629	2	10	177	#
634	629	14	3	177	#
635	629	2	9	3	177	#
636	549	12	178	#
637	549	2	0	178	#
638	116	2	#
639	252	5	#
640	562	8	179	#
641	562	4	1	179	#
642	562	3	5	1	179	#
643	702	10	180	#
644	702	3	9	180	#
645	702	13	2	180	#
646	702	3	14	2	180	#
647	54	1	#
648	664	10	181	#
649	664	3	9	181	#
650	746	11	182	#
651	746	1	7	182	#
652	503	0	#
653	195	3	#
654	689	11	183	#
655	689	7	1	183	#
656	261	5	1	#
657	657	14	184	#
658	657	2	9	184	#
659	591	13	185	#
660	591	10	2	185	#
661	49	1	#
662	811	5	7	186	#
663	811	5	1	11	186	#
664	811	14	0	186	#
665	811	9	12	186	#
666	811	9	2	0	186	#
667	41	1	#
668	489	4	187	#
669	489	5	3	187	#
670	489	1	8	187	#
671	197	3	#
672	756	7	188	#
673	756	11	1	188	#
674	48	1	#
675	557	8	189	#
676	557	4	1	189	#
677	557	3	5	1	189	#
678	322	1	5	#
679	215	3	#
680	717	10	190	#
681	717	3	9	190	#
682	717	13	2	190	#
683	717	3	14	2	190	#
684	241	5	#
685	52	1	#
686	811	5	7	191	#
687	811	5	1	11	191	#
688	811	14	0	191	#
689	811	9	12	191	#
690	811	9	2	0	191	#
691	281	5	#
692	173	3	#
693	571	10	192	#
694	571	9	3	192	#
695	562	12	193	#
696	562	2	0	193	#
697	171	3	#
698	453	12	#
699	413	4	194	#
700	413	5	3	194	#
701	214	3	#
702	855	13	195	#
703	855	10	2	195	#
704	855	3	14	195	#
705	855	3	9	2	195	#
706	604	10	196	#
707	604	9	3	196	#
708	604	10	197	#
709	604	3	9	197	#
710	51	1	#
711	524	12	198	#
712	524	2	0	198	#
713	162	3	#
714	171	3	#
715	676	12	199	#
716	676	0	2	199	#
717	602	11	200	#
718	602	7	1	200	#
719	199	3	#
720	933	6	201	#
721	933	11	8	201	#
722	933	7	4	201	#
723	933	7	5	3	201	#
724	933	0	13	201	#
725	577	13	202	#
726	577	10	2	202	#
727	261	5	#
728	491	10	#
729	933	6	203	#
730	933	11	8	203	#
731	933	7	4	203	#
732	933	7	5	3	203	#
733	933	0	13	203	#
734	843	13	204	#
735	843	2	10	204	#
736	843	14	3	204	#
737	843	2	9	3	204	#
738	449	0	#
739	632	12	205	#
740	632	0	2	205	#
741	688	7	206	#
742	688	1	11	206	#
743	505	10	#
744	634	7	207	#
745	634	1	11	207	#
746	429	8	208	#
747	429	4	1	208	#
748	429	3	5	1	208	#
749	208	3	#
750	661	13	209	#
751	661	2	10	209	#
752	661	14	3	209	#
753	661	2	9	3	209	#
754	328	5	1	#
755	933	6	210	#
756	933	11	8	210	#
757	933	7	4	210	#
758	933	7	5	3	210	#
759	933	0	13	210	#
760	933	6	211	#
761	933	11	8	211	#
762	933	7	4	211	#
763	933	7	5	3	211	#
764	933	0	13	211	#
765	108	2	#
766	284	5	#
767	811	7	5	212	#
768	811	11	1	5	212	#
769	811	0	14	212	#
770	811	12	9	212	#
771	811	0	2	9	212	#
772	536	10	213	#
773	536	9	3	213	#
774	133	2	#
775	526	8	214	#
776	526	4	1	214	#
777	526	3	5	1	214	#
778	420	0	#
779	537	9	#
780	668	10	215	#
781	668	3	9	215	#
782	56	1	#
783	545	14	216	#
784	545	2	9	216	#
785	210	3	#
786	233	5	#
787	488	0	#
788	359	0	#
789	212	3	#
790	679	13	217	#
791	679	2	10	217	#
792	679	14	3	217	#
793	679	2	9	3	217	#
794	453	8	218	#
795	453	4	1	218	#
796	453	3	5	1	218	#
797	580	10	219	#
798	580	9	3	219	#
799	565	14	220	#
800	565	2	9	220	#
801	43	1	#
802	356	1	5	#
803	644	14	221	#
804	644	2	9	221	#
805	739	11	222	#
806	739	1	7	222	#
807	933	6	223	#
808	933	8	11	223	#
809	933	4	7	223	#
810	933	3	5	7	223	#
811	933	13	0	223	#
812	616	10	224	#
813	616	9	3	224	#
814	527	12	225	#
815	527	2	0	225	#
816	334	1	5	#
817	603	14	226	#
818	603	2	9	226	#
819	592	12	227	#
820	592	0	2	227	#
821	330	1	5	#
822	117	2	#
823	537	4	228	#
824	537	3	5	228	#
825	537	8	1	228	#
826	651	14	229	#
827	651	2	9	229	#
828	933	6	230	#
829	933	8	11	230	#
830	933	4	7	230	#
831	933	3	5	7	230	#
832	933	13	0	230	#
833	667	10	231	#
834	667	3	9	231	#
835	117	2	#
836	683	10	232	#
837	683	3	9	232	#
838	683	13	2	232	#
839	509	9	#
840	484	8	233	#
841	484	1	4	233	#
842	484	1	5	3	233	#
843	401	9	#
844	933	6	234	#
845	933	11	8	234	#
846	933	7	4	234	#
847	933	7	5	3	234	#
848	933	0	13	234	#
849	503	9	#
850	762	11	235	#
851	762	1	7	235	#
852	184	3	#
853	55	1	#
854	272	5	#
855	541	12	236	#
856	541	0	2	236	#
857	618	13	237	#
858	618	2	10	237	#
859	618	14	3	237	#
860	618	2	9	3	237	#
861	815	7	238	#
862	815	1	11	238	#
863	440	0	#
864	785	7	239	#
865	785	11	1	239	#
866	110	2	#
867	59	1	#
868	441	4	240	#
869	441	3	5	240	#
870	441	8	1	240	#
871	395	9	#
872	232	5	#
873	59	1	#
874	456	8	241	#
875	456	4	1	241	#
876	456	3	5	1	241	#
877	621	13	242	#
878	621	10	2	242	#
879	621	3	14	242	#
880	621	3	9	2	242	#
881	660	12	243	#
882	660	2	0	243	#
883	705	10	244	#
884	705	3	9	244	#
885	705	13	2	244	#
886	705	3	14	2	244	#
887	100	2	#
888	45	1	#
889	613	12	245	#
890	613	2	0	245	#
891	627	14	246	#
892	627	2	9	246	#
893	596	12	247	#
894	596	2	0	247	#
895	430	9	#
896	811	7	5	248	#
897	811	11	1	5	248	#
898	811	0	14	248	#
899	811	12	9	248	#
900	811	0	2	9	248	#
901	361	5	1	#
902	465	14	249	#
903	465	9	2	249	#
904	443	9	#
905	396	9	#
906	626	11	250	#
907	626	1	7	250	#
908	514	0	#
909	492	12	251	#
910	492	0	2	251	#
911	199	3	#
912	133	2	#
913	933	6	252	#
914	933	11	8	252	#
915	933	7	4	252	#
916	933	7	5	3	252	#
917	933	0	13	252	#
918	756	13	253	#
919	756	2	10	253	#
920	756	14	3	253	#
921	756	2	9	3	253	#
922	503	14	254	#
923	503	9	2	254	#
924	412	9	#
925	719	11	255	#
926	719	1	7	255	#
927	580	7	256	#
928	580	1	11	256	#
929	727	7	257	#
930	727	1	11	257	#
931	53	1	#
932	811	7	5	258	#
933	811	11	1	5	258	#
934	811	0	14	258	#
935	811	12	9	258	#
936	811	0	2	9	258	#
937	551	11	#
938	933	6	259	#
939	933	11	8	259	#
940	933	7	4	259	#
941	933	7	5	3	259	#
942	933	0	13	259	#
943	811	7	5	260	#
944	811	11	1	5	260	#
945	811	0	14	260	#
946	811	12	9	260	#
947	811	0	2	9	260	#
948	528	9	#
949	332	5	1	#
950	405	9	#
951	488	10	#
952	811	7	5	261	#
953	811	11	1	5	261	#
954	811	0	14	261	#
955	811	12	9	261	#
956	811	0	2	9	261	#
957	412	4	262	#
958	412	5	3	262	#
959	512	4	263	#
960	512	5	3	263	#
961	512	1	8	263	#
962	694	11	264	#
963	694	7	1	264	#
964	696	10	265	#
965	696	3	9	265	#
966	696	13	2	265	#
967	696	3	14	2	265	#
968	428	4	266	#
969	428	5	3	266	#
970	749	13	267	#
971	749	10	2	267	#
972	749	3	14	267	#
973	749	3	9	2	267	#
974	672	10	268	#
975	672	9	3	268	#
976	672	2	13	268	#
977	128	2	#
978	592	12	269	#
979	592	0	2	269	#
980	553	10	270	#
981	553	9	3	270	#
982	771	7	271	#
983	771	11	1	271	#
984	530	10	272	#
985	530	3	9	272	#
986	403	9	#
987	482	4	273	#
988	482	3	5	273	#
989	482	8	1	273	#
990	685	13	274	#
991	685	2	10	274	#
992	685	14	3	274	#
993	685	2	9	3	274	#
994	134	2	#
995	100	2	#
996	811	7	5	275	#
997	811	11	1	5	275	#
998	811	0	14	275	#
999	811	12	9	275	#
1000	811	0	2	9	275	#
1001	657	11	276	#
1002	657	7	1	276	#
1003	139	2	#
1004	780	7	277	#
1005	780	11	1	277	#
1006	645	13	278	#
1007	645	2	10	278	#
1008	645	14	3	278	#
1009	645	2	9	3	278	#
1010	739	13	279	#
1011	739	10	2	279	#
1012	739	3	14	279	#
1013	739	3	9	2	279	#
1014	691	13	280	#
1015	691	10	2	280	#
1016	691	3	14	280	#
1017	691	3	9	2	280	#
1018	471	14	281	#
1019	471	9	2	281	#
1020	554	14	282	#
1021	554	9	2	282	#
1022	190	3	#
1023	48	1	#
1024	469	14	283	#
1025	469	2	9	283	#
1026	427	9	#
1027	129	2	#
1028	55	1	#
1029	933	6	284	#
1030	933	8	11	284	#
1031	933	4	7	284	#
1032	933	3	5	7	284	#
1033	933	13	0	284	#
1034	500	12	285	#
1035	500	0	2	285	#
1036	226	5	#
1037	761	11	286	#
1038	761	1	7	286	#
1039	245	5	#
1040	677	10	287	#
1041	677	3	9	287	#
1042	677	13	2	287	#
1043	360	0	#
1044	185	3	#
1045	164	3	#
1046	433	0	#
1047	811	7	5	288	#
1048	811	11	1	5	288	#
1049	811	0	14	288	#
1050	811	12	9	288	#
1051	811	0	2	9	288	#
1052	661	12	289	#
1053	661	0	2	289	#
1054	566	11	#
1055	41	1	#
1056	811	5	7	290	#
1057	811	5	1	11	290	#
1058	811	14	0	290	#
1059	811	9	12	290	#
1060	811	9	2	0	290	#
1061	398	8	#
1062	296	5	1	#
1063	297	5	1	#
1064	761	11	291	#
1065	761	1	7	291	#
1066	458	9	#
1067	681	13	292	#
1068	681	10	2	292	#
1069	681	3	14	292	#
1070	681	3	9	2	292	#
1071	107	2	#
1072	503	4	293	#
1073	503	3	5	293	#
1074	503	8	1	293	#
1075	811	5	7	294	#
1076	811	5	1	11	294	#
1077	811	14	0	294	#
1078	811	9	12	294	#
1079	811	9	2	0	294	#
1080	933	6	295	#
1081	933	11	8	295	#
1082	933	7	4	295	#
1083	933	7	5	3	295	#
1084	933	0	13	295	#
1085	650	13	296	#
1086	650	2	10	296	#
1087	650	14	3	296	#
1088	650	2	9	3	296	#
1089	570	8	297	#
1090	570	1	4	297	#
1091	570	1	5	3	297	#
1092	41	1	#
1093	360	5	1	#
1094	641	10	298	#
1095	641	3	9	298	#
1096	50	1	#
1097	459	8	299	#
1098	459	1	4	299	#
1099	459	1	5	3	299	#
1100	526	12	300	#
1101	526	0	2	300	#
1102	933	6	301	#
1103	933	8	11	301	#
1104	933	4	7	301	#
1105	933	3	5	7	301	#
1106	933	13	0	301	#
1107	260	1	5	#
1108	544	11	#
1109	335	1	5	#
1110	450	4	302	#
1111	450	5	3	302	#
1112	450	1	8	302	#
1113	933	6	303	#
1114	933	8	11	303	#
1115	933	4	7	303	#
1116	933	3	5	7	303	#
1117	933	13	0	303	#
1118	462	4	304	#
1119	462	5	3	304	#
1120	462	1	8	304	#
1121	279	5	1	#
1122	457	9	#
1123	489	14	305	#
1124	489	9	2	305	#
1125	495	10	#
1126	396	8	#
1127	811	7	5	306	#
1128	811	11	1	5	306	#
1129	811	0	14	306	#
1130	811	12	9	306	#
1131	811	0	2	9	306	#
1132	192	3	#
1133	385	9	#
1134	409	4	307	#
1135	409	3	5	307	#
1136	361	9	#
1137	44	1	#
1138	680	7	308	#
1139	680	1	11	308	#
1140	289	5	#
1141	518	8	309	#
1142	518	1	4	309	#
1143	518	1	5	3	309	#
1144	104	2	#
1145	209	3	#
1146	537	14	310	#
1147	537	9	2	310	#
1148	172	3	#
1149	457	9	#
1150	811	5	7	311	#
1151	811	5	1	11	311	#
1152	811	14	0	311	#
1153	811	9	12	311	#
1154	811	9	2	0	311	#
1155	792	7	312	#
1156	792	1	11	312	#
1157	42	1	#
1158	709	13	313	#
1159	709	10	2	313	#
1160	709	3	14	313	#
1161	709	3	9	2	313	#
1162	468	14	314	#
1163	468	9	2	314	#
1164	811	7	5	315	#
1165	811	11	1	5	315	#
1166	811	0	14	315	#
1167	811	12	9	315	#
1168	811	0	2	9	315	#
1169	122	2	#
1170	126	2	#
1171	555	10	316	#
1172	555	9	3	316	#
1173	542	12	317	#
1174	542	2	0	317	#
1175	447	8	318	#
1176	447	4	1	318	#
1177	447	3	5	1	318	#
1178	811	7	5	319	#
1179	811	11	1	5	319	#
1180	811	0	14	319	#
1181	811	12	9	319	#
1182	811	0	2	9	319	#
1183	324	5	#
1184	933	6	320	#
1185	933	8	11	320	#
1186	933	4	7	320	#
1187	933	3	5	7	320	#
1188	933	13	0	320	#
1189	194	3	#
1190	190	3	#
1191	525	8	321	#
1192	525	1	4	321	#
1193	525	1	5	3	321	#
1194	659	10	322	#
1195	659	3	9	322	#
1196	248	5	#
1197	810	13	323	#
1198	810	2	10	323	#
1199	810	14	3	323	#
1200	810	2	9	3	323	#
