%% File generated by CATS v.2.1Mon Aug 19 19:13:42 2019

%% The CATS webpage is http://robotics.stanford.edu/CATS

%% PARAMETER SETTINGS:
% Goods: 15; Bids: 150; Distribution: paths; Runs: 10; Seed: 1566251279
% Paths Distribution Parameters:
% Initial connections:       = 2
% Edge density:              = 3.000000
% Shipping cost factor:      = 1.500000
% Max bid set size:          = 5
% Building penalty:          = 1.700000



goods 15
bids 150
dummy 82

0	307	7	15	#
1	307	0	3	15	#
2	707	3	9	16	#
3	707	2	3	10	16	#
4	707	7	8	16	#
5	707	1	2	7	16	#
6	707	0	3	8	16	#
7	460	5	17	#
8	460	4	6	17	#
9	173	4	#
10	962	14	18	#
11	962	6	12	18	#
12	962	1	13	18	#
13	962	2	11	18	#
14	590	12	#
15	880	13	#
16	160	4	#
17	427	8	19	#
18	427	1	2	19	#
19	561	8	20	#
20	561	1	2	20	#
21	561	0	9	20	#
22	561	0	10	2	20	#
23	396	10	21	#
24	396	0	1	21	#
25	707	9	3	22	#
26	707	2	10	3	22	#
27	707	8	7	22	#
28	707	2	1	7	22	#
29	707	8	0	3	22	#
30	1067	13	23	#
31	1067	1	14	23	#
32	1067	1	12	6	23	#
33	1067	0	10	14	23	#
34	612	8	24	#
35	612	1	2	24	#
36	612	0	9	24	#
37	612	0	10	2	24	#
38	1089	11	25	#
39	1089	2	14	25	#
40	1089	2	12	6	25	#
41	394	10	26	#
42	394	1	0	26	#
43	651	3	10	27	#
44	651	7	1	27	#
45	651	3	0	1	27	#
46	651	7	0	10	27	#
47	300	10	28	#
48	300	1	0	28	#
49	540	3	10	29	#
50	540	7	1	29	#
51	540	3	0	1	29	#
52	515	5	30	#
53	515	6	4	30	#
54	684	1	12	#
55	344	7	31	#
56	344	0	3	31	#
57	981	14	32	#
58	981	12	6	32	#
59	981	1	13	32	#
60	981	2	11	32	#
61	981	12	5	4	32	#
62	982	0	13	#
63	707	9	3	33	#
64	707	2	10	3	33	#
65	707	8	7	33	#
66	707	2	1	7	33	#
67	707	8	0	3	33	#
68	448	5	#
69	89	0	#
70	319	1	#
71	261	1	#
72	385	7	34	#
73	385	0	3	34	#
74	725	1	12	#
75	707	3	9	35	#
76	707	3	10	2	35	#
77	707	7	8	35	#
78	707	7	1	2	35	#
79	707	3	0	8	35	#
80	283	7	36	#
81	283	0	3	36	#
82	315	3	#
83	231	1	#
84	811	13	#
85	378	7	37	#
86	378	0	3	37	#
87	475	5	38	#
88	475	4	6	38	#
89	857	4	14	39	#
90	857	5	12	39	#
91	260	3	#
92	1016	14	4	40	#
93	1016	12	5	40	#
94	1016	12	6	4	40	#
95	717	12	10	#
96	327	10	41	#
97	327	1	0	41	#
98	220	2	#
99	617	3	10	42	#
100	617	7	1	42	#
101	617	3	0	1	42	#
102	617	7	0	10	42	#
103	354	6	#
104	497	8	43	#
105	497	2	1	43	#
106	532	12	#
107	347	7	44	#
108	347	0	3	44	#
109	83	0	#
110	665	3	10	45	#
111	665	7	1	45	#
112	665	3	0	1	45	#
113	665	7	0	10	45	#
114	495	10	3	#
115	491	9	46	#
116	491	2	10	46	#
117	491	8	0	46	#
118	491	2	1	0	46	#
119	410	6	#
120	914	4	13	#
121	622	9	47	#
122	622	10	2	47	#
123	622	0	8	47	#
124	622	0	1	2	47	#
125	929	13	#
126	915	14	48	#
127	915	12	6	48	#
128	359	10	49	#
129	359	1	0	49	#
130	817	13	#
131	694	9	50	#
132	694	10	2	50	#
133	694	0	8	50	#
134	694	0	1	2	50	#
135	270	2	#
136	707	3	9	51	#
137	707	3	10	2	51	#
138	707	7	8	51	#
139	707	7	1	2	51	#
140	707	3	0	8	51	#
141	655	9	52	#
142	655	10	2	52	#
143	655	0	8	52	#
144	655	0	1	2	52	#
145	989	0	13	4	#
146	73	0	#
147	894	11	#
148	488	5	53	#
149	488	4	6	53	#
