%% File generated by CATS v.2.1Mon Aug 19 19:13:44 2019

%% The CATS webpage is http://robotics.stanford.edu/CATS

%% PARAMETER SETTINGS:
% Goods: 75; Bids: 1500; Distribution: paths; Runs: 10; Seed: 1566251332
% Paths Distribution Parameters:
% Initial connections:       = 2
% Edge density:              = 3.000000
% Shipping cost factor:      = 1.500000
% Max bid set size:          = 5
% Building penalty:          = 1.700000



goods 75
bids 1504
dummy 603

0	874	27	66	75	#
1	874	32	33	66	75	#
2	874	26	27	29	31	71	75	#
3	874	17	18	26	27	31	71	75	#
4	874	31	33	54	75	#
5	812	19	22	65	69	76	#
6	812	55	62	76	#
7	812	7	26	29	55	76	#
8	812	8	18	26	55	76	#
9	812	7	17	18	26	55	76	#
10	589	23	28	38	77	#
11	589	15	16	23	38	77	#
12	589	22	25	28	38	77	#
13	589	15	16	22	25	38	77	#
14	427	15	39	#
15	259	21	24	78	#
16	259	19	20	78	#
17	822	4	12	44	#
18	916	19	51	69	79	#
19	916	19	23	50	69	79	#
20	916	19	22	25	50	69	79	#
21	916	3	19	22	42	69	79	#
22	916	19	22	32	42	67	69	79	#
23	329	25	53	#
24	1104	41	80	#
25	1104	37	63	71	80	#
26	74	18	81	#
27	74	17	29	81	#
28	762	19	51	69	#
29	656	7	29	55	82	#
30	656	8	18	55	82	#
31	656	7	17	18	55	82	#
32	656	8	17	29	55	82	#
33	656	19	22	29	68	69	82	#
34	287	19	69	#
35	393	1	83	#
36	393	0	6	83	#
37	754	7	37	71	84	#
38	754	8	17	37	71	84	#
39	1056	2	31	35	74	#
40	77	7	#
41	715	0	11	44	#
42	699	8	24	43	85	#
43	699	7	17	24	43	85	#
44	699	17	20	22	68	69	85	#
45	699	8	20	22	53	69	85	#
46	699	7	17	20	22	53	69	85	#
47	392	71	#
48	975	2	15	56	86	#
49	975	28	52	86	#
50	975	15	16	52	86	#
51	975	2	28	38	51	86	#
52	975	2	23	28	38	50	86	#
53	1198	15	60	87	#
54	1198	0	15	48	87	#
55	1198	1	2	15	56	87	#
56	1198	1	28	52	87	#
57	1198	0	15	40	56	87	#
58	925	4	12	44	88	#
59	925	5	12	29	44	88	#
60	925	5	12	17	18	44	88	#
61	925	4	11	26	44	88	#
62	438	26	31	#
63	465	25	53	61	#
64	318	42	#
65	795	9	72	89	#
66	795	61	73	89	#
67	795	10	12	29	71	89	#
68	795	10	12	17	18	71	89	#
69	795	12	29	61	70	89	#
70	574	25	50	90	#
71	574	3	42	90	#
72	1035	57	64	91	#
73	1035	13	21	57	91	#
74	1035	13	37	47	91	#
75	1035	13	27	37	59	91	#
76	1035	14	21	24	57	91	#
77	628	2	3	33	92	#
78	628	2	27	67	92	#
79	628	2	3	27	32	92	#
80	628	2	32	33	67	92	#
81	628	2	9	10	67	92	#
82	331	29	68	93	#
83	331	17	18	68	93	#
84	120	15	#
85	1208	41	94	#
86	1208	37	63	71	94	#
87	1208	22	46	49	94	#
88	1208	22	32	37	42	49	94	#
89	1208	30	37	66	94	#
90	624	45	95	#
91	624	15	30	36	95	#
92	931	21	57	96	#
93	931	37	47	96	#
94	931	27	37	59	96	#
95	931	32	33	37	59	96	#
96	931	34	58	59	96	#
97	894	32	66	97	#
98	894	54	31	97	#
99	894	32	71	29	26	31	97	#
100	894	32	71	17	18	26	31	97	#
101	894	3	74	31	97	#
102	301	12	#
103	1090	46	22	38	28	98	#
104	1090	46	22	38	16	15	98	#
105	1090	37	32	42	22	38	28	98	#
106	1090	37	32	42	22	38	16	15	98	#
107	1090	46	25	23	38	28	98	#
108	384	42	#
109	341	42	32	#
110	988	24	43	7	29	12	99	#
111	988	24	43	8	18	12	99	#
112	988	24	43	7	17	18	12	99	#
113	988	24	43	8	17	29	12	99	#
114	988	20	69	22	68	29	12	99	#
115	123	15	#
116	439	42	22	100	#
117	439	42	25	23	100	#
118	863	32	66	101	#
119	863	54	31	101	#
120	863	32	71	29	26	31	101	#
121	863	32	71	17	18	26	31	101	#
122	653	12	29	68	22	102	#
123	653	12	18	17	68	22	102	#
124	653	12	29	7	53	22	102	#
125	653	12	18	8	53	22	102	#
126	653	12	18	17	7	53	22	102	#
127	160	34	#
128	307	19	69	#
129	318	12	18	103	#
130	318	12	29	17	103	#
131	291	53	#
132	903	74	31	#
133	391	29	70	104	#
134	391	18	17	70	104	#
135	391	29	68	25	104	#
136	391	18	17	68	25	104	#
137	1140	69	51	2	1	105	#
138	1140	69	51	40	0	105	#
139	1140	69	23	50	2	1	105	#
140	1140	69	23	50	40	0	105	#
141	1140	69	22	25	50	2	1	105	#
142	763	25	65	31	106	#
143	763	70	29	26	31	106	#
144	763	70	17	18	26	31	106	#
145	763	23	49	30	106	#
146	763	25	68	29	26	31	106	#
147	229	21	24	#
148	481	53	22	69	#
149	233	21	#
150	516	31	62	107	#
151	516	31	26	29	7	107	#
152	516	31	26	18	8	107	#
153	516	31	26	18	17	7	107	#
154	516	31	26	29	17	8	107	#
155	331	26	4	#
156	284	35	#
157	518	38	22	68	108	#
158	518	38	22	53	7	108	#
159	528	55	#
160	148	5	#
161	491	28	38	22	109	#
162	491	15	16	38	22	109	#
163	293	69	22	#
164	880	52	110	#
165	880	2	51	38	110	#
166	880	2	50	23	38	110	#
167	880	2	50	25	22	38	110	#
168	880	2	3	42	22	38	110	#
169	647	7	43	24	#
170	736	2	51	111	#
171	736	2	50	23	111	#
172	736	2	50	25	22	111	#
173	736	2	3	42	22	111	#
174	1034	57	64	112	#
175	1034	57	21	13	112	#
176	1034	37	47	13	112	#
177	1034	37	27	59	13	112	#
178	1011	58	59	24	113	#
179	1011	34	57	21	24	113	#
180	1011	34	37	47	24	113	#
181	1011	34	37	27	59	24	113	#
182	1011	34	57	19	20	113	#
183	267	21	24	114	#
184	267	19	20	114	#
185	542	65	22	#
186	703	72	#
187	204	17	5	115	#
188	204	18	4	115	#
189	204	17	29	4	115	#
190	824	1	2	3	33	116	#
191	824	1	2	67	27	116	#
192	824	1	2	3	32	27	116	#
193	824	0	40	3	33	116	#
194	824	0	40	67	27	116	#
195	993	19	69	49	30	117	#
196	993	21	39	45	117	#
197	993	21	39	15	36	30	117	#
198	824	1	2	3	33	118	#
199	824	1	2	67	27	118	#
200	824	1	2	3	32	27	118	#
201	824	0	40	3	33	118	#
202	824	0	40	67	27	118	#
203	1137	31	11	44	0	119	#
204	1137	31	74	2	1	119	#
205	1137	31	74	40	0	119	#
206	1137	31	74	2	6	0	119	#
207	1137	31	26	12	44	0	119	#
208	773	23	61	9	58	#
209	746	1	2	3	120	#
210	746	0	40	3	120	#
211	746	0	6	2	3	120	#
212	746	1	2	67	32	120	#
213	746	0	40	67	32	120	#
214	199	10	121	#
215	199	27	9	121	#
216	455	53	22	69	#
217	521	2	67	122	#
218	521	2	3	32	122	#
219	461	64	123	#
220	461	21	13	123	#
221	461	21	24	14	123	#
222	461	19	20	14	123	#
223	461	19	20	24	13	123	#
224	948	56	2	124	#
225	948	16	52	124	#
226	948	16	38	51	2	124	#
227	948	16	38	23	50	2	124	#
228	948	16	38	22	25	50	2	124	#
229	1011	58	59	24	125	#
230	1011	34	57	21	24	125	#
231	1011	34	37	47	24	125	#
232	1011	34	37	27	59	24	125	#
233	1011	34	57	19	20	125	#
234	600	63	17	126	#
235	600	63	29	18	126	#
236	600	63	7	8	126	#
237	600	30	31	26	18	126	#
238	263	11	#
239	161	13	#
240	178	5	17	#
241	134	34	#
242	120	15	#
243	141	23	127	#
244	141	22	25	127	#
245	948	49	69	19	128	#
246	948	36	15	39	21	128	#
247	948	36	28	38	69	19	128	#
248	948	36	15	16	38	69	19	128	#
249	948	36	15	39	24	20	19	128	#
250	553	24	47	#
251	973	2	67	47	24	129	#
252	973	2	3	32	47	24	129	#
253	973	2	51	69	20	129	#
254	973	2	3	33	59	24	129	#
255	973	2	67	27	59	24	129	#
256	797	72	130	#
257	797	12	29	71	27	130	#
258	797	12	18	17	71	27	130	#
259	797	12	29	71	32	33	130	#
260	797	12	18	17	71	32	33	130	#
261	880	52	131	#
262	880	2	51	38	131	#
263	880	2	50	23	38	131	#
264	880	2	50	25	22	38	131	#
265	880	2	3	42	22	38	131	#
266	583	38	23	61	9	132	#
267	583	38	22	25	61	9	132	#
268	396	70	133	#
269	396	68	25	133	#
270	396	7	53	25	133	#
271	396	17	8	53	25	133	#
272	528	0	44	#
273	927	12	44	0	134	#
274	927	26	11	44	0	134	#
275	318	25	53	#
276	857	44	12	4	135	#
277	857	44	12	29	5	135	#
278	857	44	12	18	17	5	135	#
279	599	53	22	69	136	#
280	599	53	25	23	69	136	#
281	599	55	19	136	#
282	599	7	68	22	69	136	#
283	599	8	17	68	22	69	136	#
284	541	29	71	32	137	#
285	541	18	17	71	32	137	#
286	556	63	#
287	317	62	138	#
288	317	26	29	7	138	#
289	317	26	18	8	138	#
290	317	26	18	17	7	138	#
291	317	26	29	17	8	138	#
292	810	38	51	139	#
293	810	38	23	50	139	#
294	810	38	22	25	50	139	#
295	810	38	22	42	3	139	#
296	810	16	56	139	#
297	145	16	#
298	1021	2	51	69	19	140	#
299	1021	2	50	23	69	19	140	#
300	1021	2	50	25	22	69	19	140	#
301	1021	2	3	42	22	69	19	140	#
302	430	22	68	17	141	#
303	430	22	53	8	141	#
304	430	22	53	7	17	141	#
305	430	23	70	17	141	#
306	430	23	25	68	17	141	#
307	731	47	13	142	#
308	731	27	59	13	142	#
309	731	47	24	14	142	#
310	731	27	59	24	14	142	#
311	157	17	5	#
312	398	29	71	143	#
313	398	18	17	71	143	#
314	537	47	144	#
315	537	27	59	144	#
316	941	4	12	44	145	#
317	941	5	29	12	44	145	#
318	941	5	17	18	12	44	145	#
319	941	4	26	11	44	145	#
320	642	42	22	38	16	#
321	836	0	44	12	#
322	1091	52	1	146	#
323	1091	52	6	0	146	#
324	1091	38	51	2	1	146	#
325	1091	38	51	40	0	146	#
326	1091	38	23	50	2	1	146	#
327	543	50	2	#
328	1177	24	47	67	40	147	#
329	1177	24	47	32	3	40	147	#
330	1177	20	69	51	40	147	#
331	1177	24	59	33	3	40	147	#
332	1177	24	59	27	67	40	147	#
333	766	59	13	148	#
334	766	59	24	14	148	#
335	637	16	45	149	#
336	637	28	36	30	149	#
337	637	16	15	36	30	149	#
338	573	49	#
339	344	69	38	#
340	736	28	38	22	42	150	#
341	736	15	16	38	22	42	150	#
342	646	43	#
343	354	32	42	#
344	834	19	57	#
345	578	69	22	68	29	151	#
346	578	69	22	68	17	18	151	#
347	578	69	22	53	7	29	151	#
348	578	69	22	53	8	18	151	#
349	578	69	22	53	7	17	18	151	#
350	948	38	22	46	152	#
351	948	38	22	42	32	37	152	#
352	948	38	23	25	46	152	#
353	948	38	23	25	42	32	37	152	#
354	948	38	23	61	10	37	152	#
355	607	22	69	20	14	#
356	77	29	153	#
357	77	17	18	153	#
358	608	54	154	#
359	608	32	71	29	26	154	#
360	608	32	71	17	18	26	154	#
361	578	29	68	22	69	155	#
362	578	18	17	68	22	69	155	#
363	578	29	7	53	22	69	155	#
364	578	18	8	53	22	69	155	#
365	578	18	17	7	53	22	69	155	#
366	187	30	#
367	843	57	#
368	792	57	#
369	251	21	24	#
370	1088	44	11	31	30	#
371	575	69	22	68	17	156	#
372	575	69	22	53	8	156	#
373	575	69	22	53	7	17	156	#
374	575	69	23	70	17	156	#
375	264	53	#
376	120	15	#
377	196	30	#
378	362	6	#
379	933	50	40	157	#
380	933	50	2	6	157	#
381	933	25	42	3	40	157	#
382	933	23	51	40	157	#
383	933	50	2	1	0	157	#
384	376	3	158	#
385	376	32	67	158	#
386	489	71	29	159	#
387	489	71	17	18	159	#
388	1000	38	23	61	9	58	160	#
389	1000	38	22	46	34	160	#
390	1000	38	22	25	61	9	58	160	#
391	1000	38	22	42	32	37	34	160	#
392	1000	52	35	160	#
393	496	37	10	#
394	861	58	9	61	23	161	#
395	861	34	46	22	161	#
396	861	58	9	61	25	22	161	#
397	861	34	37	32	42	22	161	#
398	861	34	46	25	23	161	#
399	797	2	74	31	#
400	1000	38	23	61	9	58	162	#
401	1000	38	22	46	34	162	#
402	1000	38	22	25	61	9	58	162	#
403	1000	38	22	42	32	37	34	162	#
404	1000	52	35	162	#
405	509	38	23	61	163	#
406	509	38	22	25	61	163	#
407	376	18	12	164	#
408	376	17	29	12	164	#
409	812	65	22	69	19	165	#
410	812	62	55	165	#
411	812	26	29	7	55	165	#
412	812	26	18	8	55	165	#
413	812	26	18	17	7	55	165	#
414	311	36	#
415	861	58	9	61	23	166	#
416	861	34	46	22	166	#
417	861	58	9	61	25	22	166	#
418	861	34	37	32	42	22	166	#
419	861	34	46	25	23	166	#
420	1123	41	167	#
421	1123	63	71	37	167	#
422	383	70	168	#
423	383	68	25	168	#
424	383	7	53	25	168	#
425	383	17	8	53	25	168	#
426	656	55	7	29	169	#
427	656	55	8	18	169	#
428	656	55	7	17	18	169	#
429	656	55	8	17	29	169	#
430	656	19	69	22	68	29	169	#
431	70	25	#
432	251	10	32	170	#
433	251	9	33	170	#
434	251	9	27	32	170	#
435	711	15	39	21	171	#
436	711	28	38	69	19	171	#
437	711	15	16	38	69	19	171	#
438	711	15	39	24	20	19	171	#
439	513	63	#
440	760	67	2	1	172	#
441	760	32	3	2	1	172	#
442	760	67	40	0	172	#
443	760	32	3	40	0	172	#
444	760	67	2	6	0	172	#
445	120	16	#
446	351	19	69	22	#
447	1092	13	47	67	2	173	#
448	1092	13	47	32	3	2	173	#
449	1092	13	59	33	3	2	173	#
450	1092	13	59	27	67	2	173	#
451	1092	13	59	27	32	3	2	173	#
452	453	20	14	174	#
453	453	20	24	13	174	#
454	453	19	64	174	#
455	453	19	21	13	174	#
456	382	22	69	19	#
457	313	68	175	#
458	313	53	7	175	#
459	313	53	8	17	175	#
460	292	69	22	#
461	488	34	37	#
462	450	24	39	15	#
463	663	71	29	26	176	#
464	663	71	17	18	26	176	#
465	663	32	54	176	#
466	376	23	69	19	#
467	409	67	177	#
468	409	32	3	177	#
469	675	65	31	#
470	248	53	#
471	578	69	22	68	29	178	#
472	578	69	22	68	17	18	178	#
473	578	69	22	53	7	29	178	#
474	578	69	22	53	8	18	178	#
475	578	69	22	53	7	17	18	178	#
476	574	65	22	#
477	1155	2	74	31	30	179	#
478	1155	2	51	49	179	#
479	1155	2	50	23	49	179	#
480	1155	2	56	15	36	179	#
481	1155	52	28	36	179	#
482	759	31	45	180	#
483	759	31	30	36	15	180	#
484	507	61	25	53	#
485	496	63	#
486	757	69	22	65	181	#
487	757	69	22	68	29	26	181	#
488	757	69	22	68	17	18	26	181	#
489	757	69	22	53	62	181	#
490	757	69	22	53	7	29	26	181	#
491	170	7	29	182	#
492	170	8	18	182	#
493	170	7	17	18	182	#
494	170	8	17	29	182	#
495	1032	2	51	69	19	183	#
496	1032	2	50	23	69	19	183	#
497	1032	2	50	25	22	69	19	183	#
498	1032	2	3	42	22	69	19	183	#
499	1032	35	34	57	183	#
500	1008	37	71	5	184	#
501	1008	37	71	29	4	184	#
502	1008	37	71	17	18	4	184	#
503	1008	46	68	5	184	#
504	1008	37	71	7	8	18	4	184	#
505	613	8	55	185	#
506	613	17	7	55	185	#
507	613	17	68	22	69	19	185	#
508	613	8	53	22	69	19	185	#
509	613	17	7	53	22	69	19	185	#
510	751	52	#
511	512	65	186	#
512	512	26	29	68	186	#
513	512	26	18	17	68	186	#
514	512	62	53	186	#
515	512	26	29	7	53	186	#
516	394	17	71	32	#
517	1093	0	44	11	31	187	#
518	1093	1	2	74	31	187	#
519	1093	0	40	74	31	187	#
520	602	17	68	22	69	188	#
521	602	8	53	22	69	188	#
522	602	17	7	53	22	69	188	#
523	602	17	70	23	69	188	#
524	602	17	68	25	23	69	188	#
525	810	47	67	189	#
526	810	47	32	3	189	#
527	810	59	33	3	189	#
528	810	59	27	67	189	#
529	810	59	27	32	3	189	#
530	688	61	9	58	#
531	746	3	2	1	190	#
532	746	3	40	0	190	#
533	746	3	2	6	0	190	#
534	746	32	67	2	1	190	#
535	746	32	67	40	0	190	#
536	953	57	191	#
537	953	19	69	22	46	191	#
538	1135	47	67	40	192	#
539	1135	47	32	3	40	192	#
540	1135	59	33	3	40	192	#
541	1135	59	27	67	40	192	#
542	1135	59	27	32	3	40	192	#
543	425	68	22	193	#
544	425	7	53	22	193	#
545	425	17	8	53	22	193	#
546	425	70	23	193	#
547	425	68	25	23	193	#
548	401	22	68	17	194	#
549	401	22	53	8	194	#
550	401	22	53	7	17	194	#
551	401	23	70	17	194	#
552	791	31	74	#
553	1092	16	38	23	61	9	58	195	#
554	1092	16	38	22	46	34	195	#
555	1092	16	38	22	25	61	9	58	195	#
556	1092	16	38	22	42	32	37	34	195	#
557	1092	56	2	35	195	#
558	960	24	39	45	196	#
559	960	24	39	15	36	30	196	#
560	1223	47	67	2	1	197	#
561	1223	47	32	3	2	1	197	#
562	1223	47	67	40	0	197	#
563	1223	47	32	3	40	0	197	#
564	1223	59	33	3	2	1	197	#
565	148	2	#
566	213	38	#
567	708	13	59	9	198	#
568	708	14	24	59	9	198	#
569	400	70	17	199	#
570	400	25	68	17	199	#
571	400	25	53	8	199	#
572	400	25	53	7	17	199	#
573	400	70	29	18	199	#
574	1054	40	51	69	200	#
575	1054	40	50	23	69	200	#
576	1054	6	2	51	69	200	#
577	1054	40	50	25	22	69	200	#
578	1054	6	2	50	23	69	200	#
579	344	26	4	#
580	412	15	39	#
581	844	11	44	201	#
582	844	74	40	201	#
583	844	74	2	6	201	#
584	844	26	12	44	201	#
585	729	8	43	202	#
586	729	17	7	43	202	#
587	729	18	29	7	43	202	#
588	196	28	#
589	1161	31	74	2	35	203	#
590	1161	66	37	34	203	#
591	190	38	#
592	563	63	#
593	1208	41	204	#
594	1208	37	71	63	204	#
595	1208	46	22	49	204	#
596	1208	37	32	42	22	49	204	#
597	1208	37	66	30	204	#
598	798	51	38	205	#
599	798	50	23	38	205	#
600	798	50	25	22	38	205	#
601	798	3	42	22	38	205	#
602	1218	31	74	2	35	206	#
603	1218	66	37	34	206	#
604	1218	31	26	29	71	37	34	206	#
605	1218	31	26	18	17	71	37	34	206	#
606	1218	31	54	32	37	34	206	#
607	588	25	50	207	#
608	588	42	3	207	#
609	588	22	51	207	#
610	588	42	32	67	207	#
611	588	22	23	50	207	#
612	512	65	208	#
613	512	26	29	68	208	#
614	512	26	18	17	68	208	#
615	512	62	53	208	#
616	512	26	29	7	53	208	#
617	870	74	31	#
618	449	30	36	#
619	593	43	#
620	763	25	65	31	209	#
621	763	70	29	26	31	209	#
622	763	70	17	18	26	31	209	#
623	763	23	49	30	209	#
624	763	25	68	29	26	31	209	#
625	680	12	29	71	32	210	#
626	680	12	18	17	71	32	210	#
627	486	32	37	34	#
628	111	8	211	#
629	111	17	7	211	#
630	680	9	59	13	212	#
631	680	9	59	24	14	212	#
632	684	49	69	#
633	425	22	68	213	#
634	425	22	53	7	213	#
635	425	22	53	8	17	213	#
636	425	23	70	213	#
637	425	23	25	68	213	#
638	910	49	69	214	#
639	910	36	28	38	69	214	#
640	910	36	15	16	38	69	214	#
641	910	36	15	39	24	20	214	#
642	910	36	15	39	21	19	214	#
643	799	28	38	22	42	32	215	#
644	799	15	16	38	22	42	32	215	#
645	799	28	38	23	25	42	32	215	#
646	799	28	38	23	61	10	215	#
647	799	28	38	23	61	9	27	215	#
648	538	71	29	216	#
649	538	71	17	18	216	#
650	538	71	7	8	18	216	#
651	516	31	62	217	#
652	516	31	26	29	7	217	#
653	516	31	26	18	8	217	#
654	516	31	26	18	17	7	217	#
655	516	31	26	29	17	8	217	#
656	216	30	#
657	194	33	218	#
658	194	27	32	218	#
659	626	47	32	219	#
660	626	59	33	219	#
661	626	59	27	32	219	#
662	440	14	20	220	#
663	440	13	24	20	220	#
664	440	64	19	220	#
665	440	13	21	19	220	#
666	213	26	#
667	582	5	71	27	#
668	157	4	#
669	440	70	221	#
670	440	68	25	221	#
671	440	7	53	25	221	#
672	440	17	8	53	25	221	#
673	440	68	22	23	221	#
674	931	5	71	37	222	#
675	931	4	29	71	37	222	#
676	931	4	18	17	71	37	222	#
677	757	65	22	69	223	#
678	757	26	29	68	22	69	223	#
679	757	26	18	17	68	22	69	223	#
680	757	62	53	22	69	223	#
681	757	26	29	7	53	22	69	223	#
682	692	31	45	#
683	293	69	23	#
684	803	11	44	224	#
685	803	74	40	224	#
686	803	74	2	6	224	#
687	299	53	#
688	295	36	#
689	711	74	2	#
690	396	64	225	#
691	396	21	13	225	#
692	396	21	24	14	225	#
693	786	10	67	40	226	#
694	786	10	32	3	40	226	#
695	786	9	33	3	40	226	#
696	786	9	27	67	40	226	#
697	786	9	27	32	3	40	226	#
698	573	38	22	68	17	227	#
699	573	38	22	53	8	227	#
700	573	38	22	53	7	17	227	#
701	573	38	23	70	17	227	#
702	647	38	22	42	32	228	#
703	647	38	23	25	42	32	228	#
704	647	38	23	61	10	228	#
705	647	38	23	61	9	27	228	#
706	647	38	22	25	61	10	228	#
707	1141	0	44	11	31	30	#
708	379	12	18	229	#
709	379	12	29	17	229	#
710	216	24	20	#
711	285	12	#
712	77	22	#
713	968	1	2	51	230	#
714	968	0	40	51	230	#
715	968	1	2	50	23	230	#
716	968	0	40	50	23	230	#
717	968	1	2	50	25	22	230	#
718	698	47	231	#
719	698	27	59	231	#
720	698	32	33	59	231	#
721	698	10	9	59	231	#
722	360	38	28	232	#
723	360	38	16	15	232	#
724	825	63	71	#
725	516	62	31	233	#
726	516	7	29	26	31	233	#
727	516	8	18	26	31	233	#
728	516	7	17	18	26	31	233	#
729	516	8	17	29	26	31	233	#
730	544	29	71	234	#
731	544	18	17	71	234	#
732	544	18	8	7	71	234	#
733	576	12	29	68	235	#
734	576	12	18	17	68	235	#
735	812	34	46	236	#
736	812	58	9	61	25	236	#
737	812	34	37	32	42	236	#
738	812	58	33	42	236	#
739	812	58	27	32	42	236	#
740	361	35	#
741	105	7	237	#
742	105	8	17	237	#
743	565	25	65	238	#
744	565	70	29	26	238	#
745	565	70	17	18	26	238	#
746	565	25	68	29	26	238	#
747	565	25	68	17	18	26	238	#
748	894	66	32	239	#
749	894	31	54	239	#
750	894	31	26	29	71	32	239	#
751	894	31	26	18	17	71	32	239	#
752	894	31	74	3	239	#
753	874	66	27	240	#
754	874	66	32	33	240	#
755	874	31	26	29	71	27	240	#
756	874	31	26	18	17	71	27	240	#
757	874	31	54	33	240	#
758	933	36	30	31	11	241	#
759	933	15	45	31	11	241	#
760	7	17	#
761	799	28	38	22	42	32	242	#
762	799	15	16	38	22	42	32	242	#
763	799	28	38	23	25	42	32	242	#
764	799	28	38	23	61	10	242	#
765	799	28	38	23	61	9	27	242	#
766	1054	69	51	40	243	#
767	1054	69	23	50	40	243	#
768	1054	69	51	2	6	243	#
769	1054	69	22	25	50	40	243	#
770	1054	69	23	50	2	6	243	#
771	659	69	38	28	244	#
772	659	69	38	16	15	244	#
773	659	20	24	39	15	244	#
774	659	19	21	39	15	244	#
775	734	72	#
776	614	30	31	11	#
777	925	30	49	69	245	#
778	925	31	65	22	69	245	#
779	925	45	16	38	69	245	#
780	397	40	246	#
781	397	6	2	246	#
782	189	26	#
783	1017	30	31	11	44	#
784	527	36	30	#
785	1014	2	74	31	30	#
786	420	69	38	#
787	1145	30	31	74	2	247	#
788	1145	49	51	2	247	#
789	1145	49	23	50	2	247	#
790	414	71	29	248	#
791	414	71	17	18	248	#
792	391	29	70	249	#
793	391	18	17	70	249	#
794	391	29	68	25	249	#
795	391	18	17	68	25	249	#
796	391	29	7	53	25	249	#
797	388	36	15	#
798	631	46	250	#
799	631	42	32	37	250	#
800	609	49	251	#
801	609	38	28	36	251	#
802	469	17	71	27	#
803	744	72	252	#
804	744	12	29	71	27	252	#
805	744	12	18	17	71	27	252	#
806	541	17	71	10	253	#
807	541	17	70	61	253	#
808	541	17	71	27	9	253	#
809	541	17	68	25	61	253	#
810	541	8	53	25	61	253	#
811	674	54	254	#
812	674	32	71	29	26	254	#
813	674	32	71	17	18	26	254	#
814	496	17	71	255	#
815	496	18	29	71	255	#
816	496	8	7	71	255	#
817	53	24	#
818	449	26	31	#
819	901	37	71	29	256	#
820	901	37	71	17	18	256	#
821	901	37	71	7	8	18	256	#
822	218	11	#
823	429	71	29	257	#
824	429	71	17	18	257	#
825	408	71	17	#
826	602	49	23	#
827	271	31	#
828	914	36	30	31	11	#
829	993	59	58	258	#
830	993	21	57	34	258	#
831	993	47	37	34	258	#
832	993	59	27	37	34	258	#
833	712	74	31	#
834	444	63	#
835	350	1	259	#
836	350	6	0	259	#
837	523	36	28	260	#
838	523	36	15	16	260	#
839	408	39	15	#
840	384	61	23	261	#
841	384	61	25	22	261	#
842	1177	40	67	47	24	262	#
843	1177	40	3	32	47	24	262	#
844	1177	40	51	69	20	262	#
845	1177	40	3	33	59	24	262	#
846	1177	40	67	27	59	24	262	#
847	1000	58	9	61	23	38	263	#
848	1000	34	46	22	38	263	#
849	1000	58	9	61	25	22	38	263	#
850	1000	34	37	32	42	22	38	263	#
851	1000	35	52	263	#
852	1384	1	2	67	47	13	264	#
853	1384	1	2	3	32	47	13	264	#
854	1384	0	40	67	47	13	264	#
855	1384	0	40	3	32	47	13	264	#
856	1384	1	2	3	33	59	13	264	#
857	1384	13	47	67	2	1	265	#
858	1384	13	47	32	3	2	1	265	#
859	1384	13	47	67	40	0	265	#
860	1384	13	47	32	3	40	0	265	#
861	1384	13	59	33	3	2	1	265	#
862	730	43	266	#
863	730	53	22	69	20	24	266	#
864	730	55	21	266	#
865	730	53	22	69	19	21	266	#
866	196	20	#
867	336	40	#
868	320	1	#
869	633	54	267	#
870	633	32	71	29	26	267	#
871	633	32	71	17	18	26	267	#
872	1035	64	57	268	#
873	1035	13	21	57	268	#
874	1035	13	47	37	268	#
875	1035	13	59	27	37	268	#
876	1035	14	24	21	57	268	#
877	751	71	29	12	269	#
878	751	71	17	18	12	269	#
879	751	71	29	26	11	269	#
880	751	71	17	18	26	11	269	#
881	751	32	54	11	269	#
882	967	74	31	30	#
883	1090	46	22	38	28	270	#
884	1090	46	22	38	16	15	270	#
885	1090	37	32	42	22	38	28	270	#
886	1090	37	32	42	22	38	16	15	270	#
887	1090	46	25	23	38	28	270	#
888	864	13	43	7	29	271	#
889	864	13	43	8	18	271	#
890	864	13	43	7	17	18	271	#
891	864	13	43	8	17	29	271	#
892	864	14	24	43	7	29	271	#
893	1223	47	67	2	1	272	#
894	1223	47	32	3	2	1	272	#
895	1223	47	67	40	0	272	#
896	1223	47	32	3	40	0	272	#
897	1223	59	33	3	2	1	272	#
898	830	11	31	30	36	#
899	1000	13	43	62	273	#
900	1000	13	43	7	29	26	273	#
901	1000	13	43	8	18	26	273	#
902	1000	13	43	7	17	18	26	273	#
903	1000	13	43	8	17	29	26	273	#
904	541	17	71	10	274	#
905	541	17	70	61	274	#
906	541	17	71	27	9	274	#
907	541	17	68	25	61	274	#
908	541	8	53	25	61	274	#
909	425	22	68	275	#
910	425	22	53	7	275	#
911	425	22	53	8	17	275	#
912	425	23	70	275	#
913	425	23	25	68	275	#
914	589	39	15	#
915	726	71	37	#
916	776	21	39	15	276	#
917	776	19	69	38	28	276	#
918	776	19	69	38	16	15	276	#
919	776	19	20	24	39	15	276	#
920	377	36	#
921	631	32	47	277	#
922	631	33	59	277	#
923	631	32	27	59	277	#
924	752	0	44	#
925	730	27	71	29	26	278	#
926	730	27	71	17	18	26	278	#
927	730	33	54	278	#
928	730	27	32	54	278	#
929	730	33	32	71	29	26	278	#
930	185	13	#
931	1230	0	44	11	31	30	279	#
932	1230	1	2	74	31	30	279	#
933	1230	0	40	74	31	30	279	#
934	1230	0	44	12	29	63	279	#
935	1230	0	44	12	18	17	63	279	#
936	95	23	#
937	536	11	31	#
938	407	29	68	22	280	#
939	407	18	17	68	22	280	#
940	407	29	7	53	22	280	#
941	407	18	8	53	22	280	#
942	407	18	17	7	53	22	280	#
943	526	17	71	10	281	#
944	526	17	70	61	281	#
945	526	17	71	27	9	281	#
946	710	71	29	12	282	#
947	710	71	17	18	12	282	#
948	387	68	283	#
949	387	53	7	283	#
950	387	53	8	17	283	#
951	387	25	70	283	#
952	387	53	8	18	29	283	#
953	362	4	26	#
954	962	30	31	11	44	#
955	755	5	7	55	284	#
956	755	5	17	8	55	284	#
957	755	5	68	22	69	19	284	#
958	755	5	7	53	22	69	19	284	#
959	755	5	17	8	53	22	69	19	284	#
960	1135	40	67	47	285	#
961	1135	40	3	32	47	285	#
962	1135	40	3	33	59	285	#
963	1135	40	67	27	59	285	#
964	1135	40	3	32	27	59	285	#
965	138	0	#
966	258	31	#
967	902	12	29	7	55	286	#
968	902	12	18	8	55	286	#
969	902	12	18	17	7	55	286	#
970	902	12	29	17	8	55	286	#
971	902	12	29	68	22	69	19	286	#
972	194	38	#
973	1035	74	2	35	287	#
974	1035	26	29	71	37	34	287	#
975	1035	26	18	17	71	37	34	287	#
976	1035	54	32	37	34	287	#
977	1192	15	60	288	#
978	1192	15	48	0	288	#
979	635	2	50	25	#
980	481	74	#
981	757	65	22	69	289	#
982	757	26	29	68	22	69	289	#
983	757	26	18	17	68	22	69	289	#
984	757	62	53	22	69	289	#
985	757	26	29	7	53	22	69	289	#
986	600	14	20	69	22	#
987	321	6	#
988	630	9	61	23	38	16	#
989	824	57	21	#
990	746	1	2	3	290	#
991	746	0	40	3	290	#
992	746	0	6	2	3	290	#
993	746	1	2	67	32	290	#
994	746	0	40	67	32	290	#
995	302	22	53	#
996	353	67	291	#
997	353	3	32	291	#
998	100	19	#
999	509	51	#
1000	525	34	35	#
1001	310	69	19	#
1002	483	23	38	28	292	#
1003	483	23	38	16	15	292	#
1004	483	25	22	38	28	292	#
1005	426	50	#
1006	207	61	#
1007	221	11	#
1008	431	12	4	#
1009	435	71	29	293	#
1010	435	71	17	18	293	#
1011	391	23	61	294	#
1012	391	22	25	61	294	#
1013	1264	1	2	67	47	24	295	#
1014	1264	1	2	3	32	47	24	295	#
1015	1264	0	40	67	47	24	295	#
1016	1264	0	40	3	32	47	24	295	#
1017	1264	1	2	51	69	20	295	#
1018	347	36	15	#
1019	1161	41	296	#
1020	1161	63	71	37	296	#
1021	264	28	297	#
1022	264	15	16	297	#
1023	444	2	3	#
1024	1091	52	1	298	#
1025	1091	52	6	0	298	#
1026	1091	38	51	2	1	298	#
1027	1091	38	51	40	0	298	#
1028	1091	38	23	50	2	1	298	#
1029	1092	16	38	23	61	9	58	299	#
1030	1092	16	38	22	46	34	299	#
1031	1092	16	38	22	25	61	9	58	299	#
1032	1092	16	38	22	42	32	37	34	299	#
1033	1092	56	2	35	299	#
1034	401	38	16	#
1035	105	7	300	#
1036	105	17	8	300	#
1037	820	7	71	37	301	#
1038	820	8	17	71	37	301	#
1039	820	53	46	301	#
1040	1063	16	38	22	46	302	#
1041	1063	16	38	22	42	32	37	302	#
1042	1063	16	38	23	25	46	302	#
1043	1063	16	38	23	25	42	32	37	302	#
1044	1063	16	38	23	61	10	37	302	#
1045	426	19	69	22	303	#
1046	426	19	69	23	25	303	#
1047	714	71	29	26	304	#
1048	714	71	17	18	26	304	#
1049	714	32	54	304	#
1050	714	71	7	62	304	#
1051	714	71	7	8	18	26	304	#
1052	212	28	305	#
1053	212	16	15	305	#
1054	507	38	22	42	#
1055	357	23	69	19	#
1056	1092	58	9	61	23	38	16	306	#
1057	1092	34	46	22	38	16	306	#
1058	1092	58	9	61	25	22	38	16	306	#
1059	1092	34	37	32	42	22	38	16	306	#
1060	1092	35	2	56	306	#
1061	751	56	#
1062	136	16	#
1063	445	58	#
1064	1085	30	31	11	44	#
1065	1003	19	69	49	30	307	#
1066	1003	21	39	45	307	#
1067	1003	21	39	15	36	30	307	#
1068	1003	19	69	22	65	31	307	#
1069	1003	19	69	38	16	45	307	#
1070	900	31	11	44	0	#
1071	423	22	38	16	#
1072	789	50	40	308	#
1073	789	50	2	6	308	#
1074	677	46	309	#
1075	677	37	32	42	309	#
1076	795	72	9	310	#
1077	795	73	61	310	#
1078	795	12	29	71	10	310	#
1079	795	12	18	17	71	10	310	#
1080	795	12	29	70	61	310	#
1081	948	38	22	46	311	#
1082	948	38	22	42	32	37	311	#
1083	948	38	23	25	46	311	#
1084	948	38	23	25	42	32	37	311	#
1085	948	38	23	61	10	37	311	#
1086	946	38	23	61	9	58	312	#
1087	946	38	22	46	34	312	#
1088	711	65	31	313	#
1089	711	68	29	26	31	313	#
1090	711	68	17	18	26	31	313	#
1091	711	53	62	31	313	#
1092	711	53	7	29	26	31	313	#
1093	594	16	38	22	53	#
1094	931	21	57	314	#
1095	931	47	37	314	#
1096	931	59	27	37	314	#
1097	931	59	33	32	37	314	#
1098	931	59	58	34	314	#
1099	418	29	12	315	#
1100	418	17	18	12	315	#
1101	418	29	26	11	315	#
1102	418	17	18	26	11	315	#
1103	930	2	67	47	316	#
1104	930	2	3	32	47	316	#
1105	930	2	3	33	59	316	#
1106	930	2	67	27	59	316	#
1107	930	2	3	32	27	59	316	#
1108	1296	40	67	47	13	317	#
1109	1296	40	3	32	47	13	317	#
1110	1296	40	3	33	59	13	317	#
1111	1296	40	67	27	59	13	317	#
1112	1296	40	3	32	27	59	13	317	#
1113	493	31	26	18	318	#
1114	493	31	26	29	17	318	#
1115	813	4	12	44	#
1116	1230	30	31	11	44	0	319	#
1117	1230	30	31	74	2	1	319	#
1118	1230	30	31	74	40	0	319	#
1119	1230	63	29	12	44	0	319	#
1120	1230	63	17	18	12	44	0	319	#
1121	902	55	7	29	12	320	#
1122	902	55	8	18	12	320	#
1123	902	55	7	17	18	12	320	#
1124	902	55	8	17	29	12	320	#
1125	902	19	69	22	68	29	12	320	#
1126	333	68	29	321	#
1127	333	68	17	18	321	#
1128	333	53	7	29	321	#
1129	333	53	8	18	321	#
1130	333	53	7	17	18	321	#
1131	752	72	322	#
1132	752	27	71	29	12	322	#
1133	752	27	71	17	18	12	322	#
1134	656	55	7	29	323	#
1135	656	55	8	18	323	#
1136	656	55	7	17	18	323	#
1137	656	55	8	17	29	323	#
1138	656	19	69	22	68	29	323	#
1139	503	35	34	#
1140	491	3	33	324	#
1141	491	67	27	324	#
1142	491	3	32	27	324	#
1143	491	67	32	33	324	#
1144	516	62	31	325	#
1145	516	7	29	26	31	325	#
1146	516	8	18	26	31	325	#
1147	516	7	17	18	26	31	325	#
1148	516	8	17	29	26	31	325	#
1149	359	23	38	326	#
1150	359	25	22	38	326	#
1151	406	26	31	#
1152	691	69	38	28	327	#
1153	691	69	38	16	15	327	#
1154	691	20	24	39	15	327	#
1155	691	19	21	39	15	327	#
1156	708	25	50	2	328	#
1157	708	42	3	2	328	#
1158	708	22	51	2	328	#
1159	708	42	32	67	2	328	#
1160	708	22	23	50	2	328	#
1161	59	9	#
1162	1105	48	329	#
1163	1105	40	56	329	#
1164	1105	6	2	56	329	#
1165	1105	6	52	16	329	#
1166	1105	40	51	38	16	329	#
1167	298	61	25	#
1168	246	18	26	330	#
1169	246	17	29	26	330	#
1170	1110	13	43	7	29	12	331	#
1171	1110	13	43	8	18	12	331	#
1172	1110	13	43	7	17	18	12	331	#
1173	1110	13	43	8	17	29	12	331	#
1174	1110	14	24	43	7	29	12	331	#
1175	622	32	42	22	38	332	#
1176	622	32	42	25	23	38	332	#
1177	622	10	61	23	38	332	#
1178	622	27	9	61	23	38	332	#
1179	318	25	53	#
1180	659	51	333	#
1181	659	23	50	333	#
1182	659	22	25	50	333	#
1183	659	22	42	3	333	#
1184	659	22	42	32	67	333	#
1185	623	2	3	33	334	#
1186	623	2	67	27	334	#
1187	623	2	3	32	27	334	#
1188	623	2	67	32	33	334	#
1189	687	45	31	#
1190	454	71	17	335	#
1191	454	71	29	18	335	#
1192	579	68	29	12	336	#
1193	579	68	17	18	12	336	#
1194	579	53	7	29	12	336	#
1195	579	53	8	18	12	336	#
1196	579	53	7	17	18	12	336	#
1197	858	7	43	13	337	#
1198	858	17	8	43	13	337	#
1199	858	7	43	24	14	337	#
1200	858	17	8	43	24	14	337	#
1201	858	68	22	69	20	14	337	#
1202	207	30	#
1203	133	2	#
1204	248	12	#
1205	615	2	50	#
1206	810	67	47	338	#
1207	810	3	32	47	338	#
1208	810	3	33	59	338	#
1209	810	67	27	59	338	#
1210	810	3	32	27	59	338	#
1211	691	47	339	#
1212	691	59	27	339	#
1213	691	59	33	32	339	#
1214	691	59	9	10	339	#
1215	1183	60	15	340	#
1216	1183	0	48	15	340	#
1217	581	69	22	53	341	#
1218	581	69	23	25	53	341	#
1219	1264	1	2	67	47	24	342	#
1220	1264	1	2	3	32	47	24	342	#
1221	1264	0	40	67	47	24	342	#
1222	1264	0	40	3	32	47	24	342	#
1223	1264	1	2	51	69	20	342	#
1224	515	59	24	#
1225	62	29	343	#
1226	62	18	17	343	#
1227	1063	46	22	38	16	344	#
1228	1063	37	32	42	22	38	16	344	#
1229	1063	46	25	23	38	16	344	#
1230	1063	37	32	42	25	23	38	16	344	#
1231	1063	37	10	61	23	38	16	344	#
1232	711	49	23	345	#
1233	711	49	22	25	345	#
1234	711	36	28	38	23	345	#
1235	711	36	15	16	38	23	345	#
1236	711	63	70	345	#
1237	413	35	#
1238	757	69	22	65	346	#
1239	757	69	22	68	29	26	346	#
1240	757	69	22	68	17	18	26	346	#
1241	757	69	22	53	62	346	#
1242	757	69	22	53	7	29	26	346	#
1243	693	2	51	347	#
1244	693	2	50	23	347	#
1245	693	2	50	25	22	347	#
1246	765	2	50	348	#
1247	765	2	3	42	25	348	#
1248	765	2	51	23	348	#
1249	765	2	51	22	25	348	#
1250	765	2	67	32	42	25	348	#
1251	843	37	71	#
1252	632	5	71	10	349	#
1253	632	5	70	61	349	#
1254	233	20	24	#
1255	375	19	69	22	#
1256	807	23	61	9	58	350	#
1257	807	22	46	34	350	#
1258	807	22	25	61	9	58	350	#
1259	627	38	23	61	351	#
1260	627	38	22	25	61	351	#
1261	831	51	69	352	#
1262	831	50	23	69	352	#
1263	831	50	25	22	69	352	#
1264	831	3	42	22	69	352	#
1265	831	67	32	42	22	69	352	#
1266	1108	15	48	353	#
1267	1108	15	56	40	353	#
1268	1019	57	34	354	#
1269	1019	21	59	58	354	#
1270	297	69	19	#
1271	1063	46	22	38	16	355	#
1272	1063	37	32	42	22	38	16	355	#
1273	1063	46	25	23	38	16	355	#
1274	1063	37	32	42	25	23	38	16	355	#
1275	1063	37	10	61	23	38	16	355	#
1276	642	51	356	#
1277	642	23	50	356	#
1278	642	22	25	50	356	#
1279	642	22	42	3	356	#
1280	1007	1	2	50	357	#
1281	1007	0	40	50	357	#
1282	1007	0	6	2	50	357	#
1283	1007	1	2	3	42	25	357	#
1284	1007	0	40	3	42	25	357	#
1285	692	7	43	358	#
1286	692	17	8	43	358	#
1287	1091	1	52	359	#
1288	1091	0	6	52	359	#
1289	1091	1	2	51	38	359	#
1290	1091	0	40	51	38	359	#
1291	1091	1	2	50	23	38	359	#
1292	239	21	24	#
1293	679	46	360	#
1294	679	42	32	37	360	#
1295	565	65	25	361	#
1296	565	26	29	70	361	#
1297	565	26	18	17	70	361	#
1298	565	26	29	68	25	361	#
1299	565	26	18	17	68	25	361	#
1300	1025	46	22	38	16	362	#
1301	1025	37	32	42	22	38	16	362	#
1302	86	9	#
1303	493	36	30	#
1304	690	47	32	363	#
1305	690	59	33	363	#
1306	690	59	27	32	363	#
1307	690	59	9	10	32	363	#
1308	1105	48	364	#
1309	1105	40	56	364	#
1310	1105	6	2	56	364	#
1311	1105	6	52	16	364	#
1312	1105	40	51	38	16	364	#
1313	107	19	#
1314	360	28	38	365	#
1315	360	15	16	38	365	#
1316	438	29	71	366	#
1317	438	18	17	71	366	#
1318	506	50	25	#
1319	293	69	19	#
1320	376	1	367	#
1321	376	0	6	367	#
1322	1177	24	47	67	40	368	#
1323	1177	24	47	32	3	40	368	#
1324	1177	20	69	51	40	368	#
1325	1177	24	59	33	3	40	368	#
1326	1177	24	59	27	67	40	368	#
1327	534	53	25	61	#
1328	894	32	66	369	#
1329	894	54	31	369	#
1330	894	32	71	29	26	31	369	#
1331	894	32	71	17	18	26	31	369	#
1332	894	3	74	31	369	#
1333	1384	13	47	67	2	1	370	#
1334	1384	13	47	32	3	2	1	370	#
1335	1384	13	47	67	40	0	370	#
1336	1384	13	47	32	3	40	0	370	#
1337	1384	13	59	33	3	2	1	370	#
1338	333	68	29	371	#
1339	333	68	17	18	371	#
1340	333	53	7	29	371	#
1341	333	53	8	18	371	#
1342	333	53	7	17	18	371	#
1343	250	22	69	#
1344	1035	64	57	372	#
1345	1035	13	21	57	372	#
1346	1035	13	47	37	372	#
1347	1035	13	59	27	37	372	#
1348	1035	14	24	21	57	372	#
1349	247	69	#
1350	667	9	59	13	#
1351	425	68	22	373	#
1352	425	7	53	22	373	#
1353	425	17	8	53	22	373	#
1354	425	70	23	373	#
1355	425	68	25	23	373	#
1356	948	56	2	374	#
1357	948	16	52	374	#
1358	948	16	38	51	2	374	#
1359	948	16	38	23	50	2	374	#
1360	948	16	38	22	25	50	2	374	#
1361	482	7	29	12	375	#
1362	482	8	18	12	375	#
1363	482	7	17	18	12	375	#
1364	482	8	17	29	12	375	#
1365	482	62	11	375	#
1366	971	67	47	13	376	#
1367	971	3	32	47	13	376	#
1368	971	3	33	59	13	376	#
1369	971	67	27	59	13	376	#
1370	971	3	32	27	59	13	376	#
1371	471	32	37	#
1372	736	55	7	5	377	#
1373	736	55	8	17	5	377	#
1374	760	1	2	67	378	#
1375	760	1	2	3	32	378	#
1376	760	0	40	67	378	#
1377	760	0	40	3	32	378	#
1378	760	0	6	2	67	378	#
1379	452	22	42	32	379	#
1380	452	23	25	42	32	379	#
1381	452	23	61	10	379	#
1382	929	12	44	0	380	#
1383	929	26	11	44	0	380	#
1384	1091	1	52	381	#
1385	1091	0	6	52	381	#
1386	1091	1	2	51	38	381	#
1387	1091	0	40	51	38	381	#
1388	1091	1	2	50	23	38	381	#
1389	311	29	26	382	#
1390	311	17	18	26	382	#
1391	834	28	38	23	61	383	#
1392	834	15	16	38	23	61	383	#
1393	834	28	38	22	25	61	383	#
1394	834	15	16	38	22	25	61	383	#
1395	97	15	#
1396	981	1	2	50	384	#
1397	981	0	40	50	384	#
1398	981	0	6	2	50	384	#
1399	699	43	24	385	#
1400	699	53	22	69	20	385	#
1401	552	10	71	29	386	#
1402	552	10	71	17	18	386	#
1403	552	61	70	29	386	#
1404	552	61	70	17	18	386	#
1405	552	9	27	71	29	386	#
1406	680	71	29	26	387	#
1407	680	71	17	18	26	387	#
1408	680	32	54	387	#
1409	473	63	#
1410	441	67	388	#
1411	441	3	32	388	#
1412	397	17	70	389	#
1413	397	17	68	25	389	#
1414	397	8	53	25	389	#
1415	397	17	7	53	25	389	#
1416	504	71	27	390	#
1417	504	71	32	33	390	#
1418	943	12	29	7	43	391	#
1419	943	12	18	8	43	391	#
1420	943	12	18	17	7	43	391	#
1421	943	12	29	17	8	43	391	#
1422	446	40	392	#
1423	446	6	2	392	#
1424	57	18	#
1425	797	66	32	393	#
1426	797	31	54	393	#
1427	797	31	26	29	71	32	393	#
1428	797	31	26	18	17	71	32	393	#
1429	975	57	34	#
1430	328	61	23	#
1431	171	30	#
1432	902	12	29	7	55	394	#
1433	902	12	18	8	55	394	#
1434	902	12	18	17	7	55	394	#
1435	902	12	29	17	8	55	394	#
1436	902	12	29	68	22	69	19	394	#
1437	516	31	62	395	#
1438	516	31	26	29	7	395	#
1439	516	31	26	18	8	395	#
1440	516	31	26	18	17	7	395	#
1441	516	31	26	29	17	8	395	#
1442	1105	48	396	#
1443	1105	56	40	396	#
1444	1105	56	2	6	396	#
1445	1105	16	52	6	396	#
1446	1105	16	38	51	40	396	#
1447	333	68	29	397	#
1448	333	68	17	18	397	#
1449	333	53	7	29	397	#
1450	333	53	8	18	397	#
1451	333	53	7	17	18	397	#
1452	622	21	39	398	#
1453	622	19	69	38	16	398	#
1454	622	19	20	24	39	398	#
1455	165	4	#
1456	574	38	22	68	399	#
1457	574	38	22	53	7	399	#
1458	574	38	22	53	8	17	399	#
1459	574	38	23	70	399	#
1460	254	22	69	#
1461	59	18	#
1462	566	2	1	400	#
1463	566	40	0	400	#
1464	566	2	6	0	400	#
1465	5	17	#
1466	808	40	67	401	#
1467	808	40	3	32	401	#
1468	808	6	2	67	401	#
1469	808	6	2	3	32	401	#
1470	808	0	1	2	67	401	#
1471	598	6	35	#
1472	1208	41	402	#
1473	1208	63	71	37	402	#
1474	1208	49	22	46	402	#
1475	1208	49	22	42	32	37	402	#
1476	1208	30	66	37	402	#
1477	837	37	71	#
1478	541	10	71	17	403	#
1479	541	61	70	17	403	#
1480	541	9	27	71	17	403	#
1481	541	61	25	68	17	403	#
1482	541	61	25	53	8	403	#
1483	480	28	38	22	404	#
1484	480	15	16	38	22	404	#
1485	817	39	45	405	#
1486	817	39	15	36	30	405	#
1487	435	17	71	#
1488	87	25	#
1489	317	62	406	#
1490	317	26	29	7	406	#
1491	317	26	18	8	406	#
1492	317	26	18	17	7	406	#
1493	317	26	29	17	8	406	#
1494	478	9	59	#
1495	893	11	31	45	407	#
1496	893	11	31	30	36	15	407	#
1497	482	71	29	408	#
1498	482	71	17	18	408	#
1499	1140	1	2	51	69	409	#
1500	1140	0	40	51	69	409	#
1501	1140	1	2	50	23	69	409	#
1502	1140	0	40	50	23	69	409	#
1503	1140	1	2	50	25	22	69	409	#
