%% File generated by CATS v.2.1Mon Aug 19 18:51:09 2019

%% The CATS webpage is http://robotics.stanford.edu/CATS

%% PARAMETER SETTINGS:
% Goods: 20; Bids: 800; Distribution: regions-upv; Runs: 10; Seed: 1566246921
% Regions Distribution Parameters:
% Max Substitutable Bids = 5
% Removing HV Neighbor   = 0.1
% Adding DIAG Neighbor   = 0.2
% Additional Location    = 0.9
% Jump Probability       = 0.05
% Additivity             = 0.2
% Budget Factor          = 1.5
% Resale Factor          = 0.5
% Uniform Private Value:
%   Deviation            = 0.5
%   Max Good Value       = 100



goods 20
bids 804
dummy 168

0	1001076	0	1	2	3	4	5	6	7	8	9	10	11	12	13	14	15	20	#
1	1087057	0	1	3	4	5	6	7	8	9	10	11	12	14	15	16	17	20	#
2	981231	0	1	2	3	4	5	6	7	9	10	11	12	13	14	15	19	20	#
3	1039757	0	1	2	3	4	5	6	7	8	9	10	11	12	13	15	19	21	#
4	1039600	0	1	2	3	4	5	6	7	8	10	11	12	13	14	15	19	21	#
5	1024705	0	1	2	3	4	5	6	7	8	9	10	11	12	14	15	19	21	#
6	1012456	0	1	2	3	4	5	6	7	8	9	10	11	12	13	14	15	21	#
7	994573	0	1	2	3	4	5	6	7	8	9	10	11	12	13	14	17	21	#
8	993416	0	1	2	3	4	5	6	7	8	9	10	11	12	14	15	18	21	#
9	119725	5	#
10	109814	8	#
11	110008	19	#
12	248140	10	14	15	22	#
13	223603	9	10	13	22	#
14	120892	11	14	15	22	#
15	132442	8	19	23	#
16	190878	10	19	23	#
17	134013	8	12	#
18	149956	14	15	19	24	#
19	158591	10	14	15	24	#
20	107455	11	14	15	24	#
21	108849	16	#
22	103787	3	#
23	573593	2	3	5	6	7	10	11	25	#
24	580726	2	3	7	10	11	15	16	25	#
25	547491	2	3	6	7	10	11	15	25	#
26	541327	1	3	4	5	6	7	11	25	#
27	521788	5	7	9	10	11	14	15	25	#
28	497540	0	1	4	5	9	10	11	25	#
29	81382	2	6	26	#
30	86053	2	9	26	#
31	79258	6	#
32	254416	6	10	11	14	15	27	#
33	303928	7	10	11	14	15	27	#
34	270188	9	10	11	14	15	27	#
35	77721	17	#
36	1052533	0	1	2	3	4	5	6	7	8	9	10	11	12	13	14	15	28	#
37	1060245	0	1	2	3	4	5	6	8	9	10	11	12	13	14	16	19	28	#
38	1051698	0	1	2	3	4	5	6	7	8	9	10	11	12	13	15	18	28	#
39	997501	0	1	2	3	4	5	6	8	9	10	11	12	13	14	15	18	28	#
40	976633	0	1	2	3	4	5	6	7	8	9	10	11	12	13	14	18	28	#
41	390446	3	7	10	11	14	15	29	#
42	431154	3	7	9	10	11	15	29	#
43	402753	2	3	7	10	11	15	29	#
44	377131	1	2	3	6	7	10	29	#
45	285101	6	7	10	11	14	15	29	#
46	228255	6	9	10	11	13	14	29	#
47	684836	0	4	5	6	7	8	9	10	11	13	14	30	#
48	754728	0	2	3	4	6	7	8	11	12	13	15	30	#
49	701077	0	2	5	6	7	8	9	10	11	12	13	30	#
50	670343	0	1	4	5	6	7	8	9	11	12	13	30	#
51	631662	4	5	6	7	8	9	10	11	12	13	15	30	#
52	629734	2	4	5	6	7	8	9	10	11	12	13	30	#
53	262733	1	5	6	10	31	#
54	372200	3	7	10	11	31	#
55	292644	1	5	6	7	31	#
56	262705	0	1	5	6	31	#
57	792620	0	1	2	3	4	5	6	7	10	11	14	15	32	#
58	844097	0	1	2	3	4	5	7	8	11	12	13	18	32	#
59	801950	0	1	2	3	4	5	7	9	10	11	14	15	32	#
60	798760	0	1	2	3	4	5	6	7	9	10	11	15	32	#
61	794104	0	1	2	3	4	5	7	8	9	10	12	13	32	#
62	792050	0	1	2	3	4	5	6	7	8	10	11	12	32	#
63	68833	14	#
64	463812	0	1	4	5	6	9	10	14	33	#
65	574194	0	1	4	5	6	8	10	11	33	#
66	560077	0	1	4	5	6	7	10	11	33	#
67	535828	0	1	4	5	6	10	11	14	33	#
68	519202	0	1	4	5	6	8	10	14	33	#
69	515543	0	1	4	5	9	10	13	14	33	#
70	284820	4	5	8	12	34	#
71	274609	4	5	6	8	34	#
72	232447	0	4	8	12	34	#
73	216480	4	8	12	13	34	#
74	998897	0	1	2	3	4	5	6	7	8	9	10	11	12	13	14	15	16	35	#
75	1047026	1	2	3	4	5	6	7	8	9	10	11	12	13	14	15	18	19	35	#
76	1033188	0	1	2	3	4	5	6	7	8	9	10	11	12	13	14	15	19	35	#
77	1012735	1	2	3	4	5	6	7	8	9	10	11	12	13	14	15	16	18	35	#
78	991099	0	1	2	3	4	5	6	7	8	9	10	11	12	13	14	15	18	35	#
79	974248	0	1	2	3	4	5	6	7	8	9	10	11	12	13	14	15	17	35	#
80	50973	18	#
81	613684	0	1	2	4	5	8	9	10	12	13	15	36	#
82	656547	0	1	2	4	5	6	7	8	10	11	12	36	#
83	652885	1	2	5	7	8	9	10	11	12	13	14	36	#
84	638571	0	1	3	4	5	8	9	10	11	12	13	36	#
85	636180	0	1	2	3	4	5	7	8	9	12	13	36	#
86	614034	0	1	2	4	5	8	9	10	11	12	13	36	#
87	128231	4	#
88	217728	1	5	6	9	37	#
89	297951	5	6	7	11	37	#
90	234298	1	5	9	13	37	#
91	1075021	0	1	2	3	4	5	6	7	8	9	10	11	12	13	14	15	16	38	#
92	1030494	0	1	2	3	5	6	7	8	9	10	11	12	13	15	16	17	18	38	#
93	1009072	0	1	2	3	4	5	6	7	8	9	10	11	12	13	14	15	19	38	#
94	987083	0	1	2	3	4	5	6	7	8	9	10	11	12	13	14	15	17	38	#
95	936443	0	1	2	3	4	5	6	7	8	9	10	11	12	13	14	15	18	38	#
96	912230	0	1	2	4	5	6	7	8	9	10	11	12	13	14	15	18	19	38	#
97	823794	0	1	2	3	4	5	6	8	9	10	11	39	#
98	858078	0	1	2	3	4	5	6	9	10	11	13	39	#
99	834529	0	1	2	3	5	6	9	10	11	14	15	39	#
100	827805	0	1	2	3	4	5	6	8	9	10	13	39	#
101	825282	0	1	2	3	5	6	9	10	11	13	14	39	#
102	824265	1	2	3	5	6	9	10	11	13	14	15	39	#
103	263571	1	6	7	16	40	#
104	225460	0	1	5	6	40	#
105	190615	5	9	16	18	40	#
106	172450	1	6	7	10	40	#
107	161074	6	7	11	15	40	#
108	203983	9	12	13	41	#
109	234166	9	10	13	41	#
110	185575	6	9	10	41	#
111	370891	1	5	6	10	14	15	42	#
112	387096	1	2	3	6	10	11	42	#
113	384630	5	6	9	10	11	15	42	#
114	342679	2	6	10	14	15	19	42	#
115	336215	2	6	10	11	14	15	42	#
116	329949	5	6	10	11	14	17	42	#
117	144840	2	17	43	#
118	131435	3	17	43	#
119	124467	1	2	43	#
120	1025062	0	1	2	3	4	5	6	7	8	9	10	11	12	13	14	15	17	19	44	#
121	1045451	0	1	2	3	4	5	6	7	8	9	10	11	12	13	14	15	16	17	44	#
122	1032879	0	1	2	3	4	5	6	7	8	9	10	11	12	13	14	15	16	19	44	#
123	978851	0	1	2	3	4	5	6	7	8	9	10	11	12	13	14	15	17	18	44	#
124	966279	0	1	2	3	4	5	6	7	8	9	10	11	12	13	14	15	18	19	44	#
125	100180	13	#
126	839965	0	1	2	3	4	5	6	7	8	9	10	11	12	13	14	15	45	#
127	960890	0	1	2	3	4	5	6	7	8	9	10	11	13	14	15	19	45	#
128	805027	0	1	2	4	5	6	7	8	9	10	11	12	13	14	15	18	45	#
129	288443	1	6	9	10	11	12	13	46	#
130	400923	4	6	7	9	10	11	15	46	#
131	382801	7	8	9	10	11	12	13	46	#
132	345839	1	6	8	9	10	12	13	46	#
133	111284	10	17	#
134	747069	0	1	2	4	5	6	7	9	10	11	12	13	14	15	48	#
135	831123	0	1	2	3	4	6	7	8	9	10	11	12	13	15	48	#
136	808208	1	2	3	4	5	6	7	8	9	10	12	13	14	15	48	#
137	806000	0	1	2	4	5	6	7	8	9	10	11	12	13	15	48	#
138	793358	0	1	4	5	6	7	8	9	10	11	12	13	14	15	48	#
139	783881	0	1	2	3	4	5	6	7	9	10	11	13	14	15	48	#
140	921435	0	1	2	3	4	5	6	7	8	10	11	14	15	49	#
141	867846	0	1	2	3	4	5	6	7	9	10	11	14	15	49	#
142	857149	0	1	2	3	5	6	7	9	10	11	13	14	15	49	#
143	812733	0	1	2	3	4	5	6	8	10	11	12	13	14	49	#
144	794767	0	1	2	3	4	5	6	7	8	10	11	12	13	49	#
145	790945	0	1	2	4	5	6	8	10	11	12	13	14	15	49	#
146	195775	9	10	12	13	50	#
147	234867	6	9	10	13	50	#
148	216502	4	8	12	13	50	#
149	163643	10	12	13	14	50	#
150	230642	7	11	15	51	#
151	216512	10	14	15	51	#
152	197868	6	7	11	51	#
153	196931	10	11	15	51	#
154	859278	0	1	2	3	4	5	6	7	8	9	10	11	12	13	14	15	52	#
155	881151	1	2	3	4	5	6	7	8	9	10	11	12	13	14	15	16	52	#
156	261504	2	3	6	7	11	14	15	53	#
157	271505	5	6	9	10	11	14	15	53	#
158	233145	6	9	10	11	13	14	15	53	#
159	351614	0	1	2	3	5	6	54	#
160	473684	0	1	2	3	4	15	54	#
161	408708	0	1	2	3	4	8	54	#
162	336099	4	5	9	12	13	19	54	#
163	328365	2	3	6	12	13	18	54	#
164	298060	1	2	3	6	7	11	54	#
165	164902	4	8	#
166	829343	0	1	3	4	5	6	7	8	9	10	11	12	13	14	178	#
167	180111	0	4	8	12	#
168	43327	12	#
169	1215641	0	1	2	3	4	5	6	7	8	9	10	11	12	13	14	15	16	17	19	56	#
170	1131075	0	1	2	3	4	5	6	7	8	9	10	11	12	13	14	15	16	17	18	56	#
171	1128051	0	1	2	3	4	5	6	7	8	9	10	11	12	13	14	15	16	18	19	56	#
172	1098856	0	1	2	3	4	5	6	7	8	9	10	11	12	13	14	15	17	18	19	56	#
173	471118	1	2	6	9	10	11	13	14	57	#
174	652857	0	1	2	3	4	8	9	13	57	#
175	597931	2	6	7	9	10	13	14	15	57	#
176	574030	2	3	5	6	9	10	13	14	57	#
177	562669	0	1	2	4	6	8	10	11	57	#
178	533431	0	1	2	6	9	10	13	14	57	#
179	901300	0	1	2	3	4	5	6	7	8	9	10	11	12	13	14	15	58	#
180	915163	0	1	2	3	4	5	6	7	9	10	11	12	13	14	15	16	58	#
181	884654	0	1	2	3	4	5	6	7	8	9	10	12	13	14	15	18	58	#
182	475030	0	1	6	7	10	11	14	15	59	#
183	674407	1	3	5	7	9	10	11	13	59	#
184	623270	0	1	2	3	6	9	10	13	59	#
185	585432	3	7	9	10	11	13	14	15	59	#
186	579062	0	1	2	4	5	6	9	13	59	#
187	524519	1	2	3	4	5	6	7	16	59	#
188	113670	7	#
189	951920	0	1	2	3	4	5	6	7	8	9	10	11	12	13	14	15	60	#
190	1001536	0	1	2	3	4	5	6	7	8	9	10	11	13	14	15	18	60	#
191	961984	0	1	3	4	5	6	7	8	9	10	11	12	13	14	15	17	60	#
192	902724	0	1	2	3	4	5	6	7	8	9	10	11	12	13	14	18	60	#
193	237761	3	7	#
194	375818	1	2	3	5	7	11	61	#
195	449901	1	2	3	4	5	8	61	#
196	312912	0	1	2	3	5	6	61	#
197	311116	1	4	5	8	9	12	61	#
198	289711	0	1	5	9	10	11	61	#
199	237328	6	9	10	11	14	15	61	#
200	927642	0	1	2	3	4	5	6	7	9	10	11	12	13	14	15	62	#
201	984688	0	1	3	4	5	6	7	9	10	11	12	13	14	15	19	62	#
202	957916	0	1	2	3	4	5	6	7	9	10	11	13	14	15	17	62	#
203	938732	0	1	3	4	5	6	7	8	9	10	11	12	13	14	15	62	#
204	831158	0	1	2	3	4	5	6	9	10	11	12	13	14	18	19	62	#
205	468781	4	5	9	10	12	13	63	#
206	489986	4	5	9	10	13	14	63	#
207	435331	0	1	2	4	5	9	63	#
208	418642	0	4	8	9	12	13	63	#
209	388216	5	9	10	12	13	14	63	#
210	327902	9	11	12	13	14	15	63	#
211	528842	1	2	3	4	5	6	8	9	10	12	13	64	#
212	632224	1	2	3	4	5	6	7	8	9	11	15	64	#
213	598656	0	4	5	6	8	9	10	11	12	14	15	64	#
214	589461	0	1	2	3	4	5	6	7	11	14	15	64	#
215	586912	1	2	3	4	5	6	7	8	9	10	11	64	#
216	584167	1	2	3	4	5	6	8	9	10	12	14	64	#
217	1023325	0	1	2	3	4	5	6	7	8	9	10	11	12	13	14	15	65	#
218	1111425	0	1	2	3	4	5	6	7	8	9	10	11	12	13	15	19	65	#
219	1089059	0	1	2	3	4	5	6	7	8	9	10	11	12	14	15	16	65	#
220	1014072	0	1	2	3	4	5	6	7	9	10	11	12	13	14	15	17	65	#
221	920619	0	1	2	3	4	5	6	7	8	9	10	11	12	13	14	15	16	17	18	19	#
222	1072182	0	1	2	3	4	5	6	7	8	9	10	11	12	13	14	15	17	66	#
223	1164383	0	1	2	3	4	5	6	7	9	10	11	12	13	14	15	16	17	66	#
224	1105334	0	1	2	3	4	5	6	7	8	9	10	11	12	13	14	15	16	66	#
225	1061924	0	1	2	3	4	5	6	7	8	9	10	11	12	13	14	15	19	66	#
226	977248	0	1	2	3	4	5	6	7	8	9	10	11	12	13	14	15	18	66	#
227	925107	0	1	2	3	4	5	6	7	8	9	10	11	12	13	14	15	19	67	#
228	954694	0	1	2	3	4	5	6	7	8	9	10	11	12	13	14	15	16	67	#
229	927830	0	1	2	3	4	5	6	7	8	9	10	11	12	13	14	15	17	67	#
230	851454	0	1	2	3	4	5	6	7	8	9	10	11	12	13	14	15	18	67	#
231	453282	0	1	2	5	6	7	68	#
232	490197	1	2	3	5	6	7	68	#
233	469879	0	1	5	6	7	9	68	#
234	429593	0	2	3	6	7	11	68	#
235	427260	0	1	5	9	12	13	68	#
236	422221	0	1	2	5	6	9	68	#
237	349250	0	1	2	3	5	69	#
238	354966	2	3	7	11	15	69	#
239	340759	0	1	2	5	9	69	#
240	271825	0	1	5	6	10	69	#
241	250084	1	2	5	6	9	69	#
242	249135	0	1	2	4	6	69	#
243	1025535	0	1	2	3	4	5	6	7	8	9	10	11	12	13	14	15	17	70	#
244	1009505	0	1	2	3	4	5	6	7	8	9	10	11	12	13	14	15	16	70	#
245	1007680	0	1	2	3	4	5	6	7	8	9	10	11	12	13	14	15	18	70	#
246	1002757	0	1	2	3	4	5	6	7	8	9	10	11	12	13	14	15	19	70	#
247	979933	1	2	3	5	6	7	8	9	10	11	12	13	14	15	16	17	19	70	#
248	438199	1	4	5	6	9	12	13	71	#
249	570449	1	2	3	4	5	6	10	71	#
250	560789	0	1	2	4	6	8	10	71	#
251	541611	0	1	2	4	5	6	8	71	#
252	526287	0	1	4	5	6	9	13	71	#
253	495370	0	4	5	8	9	12	13	71	#
254	239948	0	1	4	72	#
255	297188	4	5	8	72	#
256	262459	1	5	9	72	#
257	203770	0	1	2	72	#
258	749410	0	1	2	3	4	5	6	7	8	9	10	11	12	13	14	15	18	19	73	#
259	851250	0	1	2	3	4	5	6	7	8	9	10	11	12	13	14	15	16	19	73	#
260	842173	0	1	2	3	4	5	6	7	8	9	10	11	12	13	14	15	16	17	73	#
261	802713	0	1	2	3	4	5	6	7	8	9	10	11	12	13	14	15	17	19	73	#
262	788869	0	1	2	3	4	5	6	7	8	9	10	11	12	13	14	15	16	18	73	#
263	740333	0	1	2	3	4	5	6	7	8	9	10	11	12	13	14	15	17	18	73	#
264	889658	0	1	2	3	4	5	6	7	8	9	10	11	12	13	14	15	74	#
265	976142	0	1	2	3	4	5	6	7	8	9	10	12	13	14	15	17	74	#
266	228472	1	2	6	9	75	#
267	336493	2	3	6	7	75	#
268	294155	5	6	7	10	75	#
269	294017	2	5	6	9	75	#
270	223996	1	2	5	6	75	#
271	1056659	0	1	2	3	4	5	6	7	8	9	10	11	12	13	14	15	18	19	76	#
272	1200897	0	1	3	4	5	6	7	8	9	10	11	12	13	14	15	16	17	19	76	#
273	1158803	0	1	2	3	4	5	6	7	8	9	10	11	12	13	14	15	16	19	76	#
274	1138060	0	1	2	3	4	5	6	7	8	9	10	11	12	13	14	15	16	17	76	#
275	1104444	0	1	2	3	4	5	6	7	8	9	10	11	12	13	14	15	17	19	76	#
276	1090276	0	1	2	3	4	5	6	7	8	9	10	11	12	13	14	15	16	18	76	#
277	483749	1	2	3	6	7	9	10	11	77	#
278	538792	3	6	7	9	10	11	14	15	77	#
279	537704	2	3	6	7	9	10	11	14	77	#
280	533704	2	3	6	9	10	11	14	15	77	#
281	532731	1	2	3	6	7	9	10	14	77	#
282	521856	2	3	6	7	10	11	14	15	77	#
283	970944	0	1	2	3	4	5	6	7	8	9	10	11	12	13	14	15	18	19	78	#
284	1073307	0	1	2	3	4	5	6	7	8	9	10	11	12	13	14	15	16	19	78	#
285	1032638	0	1	2	3	4	5	6	7	8	9	10	11	12	13	14	15	17	19	78	#
286	1014843	0	1	2	3	4	5	6	7	8	9	10	11	12	13	14	15	16	18	78	#
287	974174	0	1	2	3	4	5	6	7	8	9	10	11	12	13	14	15	17	18	78	#
288	420973	1	2	3	6	7	11	15	79	#
289	485763	0	1	2	3	5	6	7	79	#
290	473823	1	3	6	7	11	14	15	79	#
291	468879	0	1	2	4	5	6	7	79	#
292	450557	3	6	7	10	11	13	14	79	#
293	277819	5	6	10	11	12	14	15	79	#
294	905710	0	1	2	3	4	5	6	7	8	9	10	11	12	13	14	15	80	#
295	1014194	0	1	2	3	4	5	7	8	9	10	11	12	13	14	15	16	80	#
296	1005799	0	1	2	3	4	5	7	8	9	10	11	12	13	14	15	19	80	#
297	932522	0	1	2	3	5	6	7	8	9	10	11	12	13	14	15	16	80	#
298	909653	0	1	2	3	4	5	7	8	9	10	11	12	13	14	15	18	80	#
299	151294	11	15	81	#
300	137676	10	11	81	#
301	83191	14	15	81	#
302	923974	0	1	3	4	5	6	7	8	9	10	11	12	13	14	82	#
303	917398	0	1	3	4	6	7	8	9	10	11	12	13	14	15	82	#
304	891941	0	1	2	3	4	5	6	7	8	9	10	11	12	13	82	#
305	890987	0	1	2	3	4	6	7	8	9	10	11	12	14	15	82	#
306	889832	0	1	2	3	4	6	7	8	9	10	11	12	13	14	82	#
307	839065	0	1	2	3	6	7	8	9	10	11	12	13	14	15	82	#
308	884456	0	1	2	3	4	5	6	7	8	9	10	11	12	13	14	15	83	#
309	870241	0	1	2	3	4	5	6	7	9	10	11	12	13	14	15	18	83	#
310	339997	0	1	2	5	6	9	84	#
311	459407	0	1	6	7	11	15	84	#
312	407000	0	1	2	5	6	7	84	#
313	350487	0	1	2	5	9	13	84	#
314	327250	1	2	6	7	9	10	84	#
315	278820	1	4	5	8	12	13	84	#
316	187494	2	5	6	85	#
317	207246	5	6	9	85	#
318	206096	2	6	9	85	#
319	298366	2	3	5	6	86	#
320	306337	5	6	9	10	86	#
321	256431	3	7	9	11	86	#
322	246774	2	6	9	10	86	#
323	233581	5	6	10	11	86	#
324	666411	0	1	2	3	4	5	6	7	8	9	10	11	12	13	14	15	87	#
325	688201	0	1	2	3	4	5	6	7	8	9	11	12	13	14	15	17	87	#
326	671356	0	1	2	3	4	5	6	7	8	9	10	11	12	13	14	16	87	#
327	101298	10	#
328	1065431	0	1	2	3	4	5	6	7	8	9	10	11	13	15	88	#
329	1075586	0	1	3	4	5	6	7	9	10	11	12	13	15	19	88	#
330	1064615	0	1	3	4	5	6	7	8	9	10	11	12	13	15	88	#
331	1055456	0	1	2	3	4	5	6	7	8	9	10	11	12	15	88	#
332	1032032	0	1	2	3	4	5	6	7	9	10	11	12	13	15	88	#
333	1028195	0	1	2	3	4	5	6	8	9	10	11	12	13	15	88	#
334	933978	0	1	2	3	4	5	6	7	8	9	10	11	14	15	89	#
335	1022801	0	1	2	3	4	5	6	7	9	10	12	13	14	15	89	#
336	1019985	0	1	2	3	4	5	6	7	8	9	10	13	14	15	89	#
337	988133	0	1	2	3	4	5	6	7	9	10	11	13	14	15	89	#
338	968645	0	1	2	3	4	5	6	7	8	9	10	12	14	15	89	#
339	952824	0	1	2	3	5	6	7	9	10	11	12	13	14	15	89	#
340	85892	9	#
341	826369	0	1	2	3	4	5	6	7	8	9	10	11	12	13	14	15	16	90	#
342	900248	0	1	2	3	4	5	6	7	8	9	10	11	12	13	15	16	18	90	#
343	875385	0	1	2	3	4	5	6	7	8	9	10	11	12	13	15	16	19	90	#
344	800982	0	1	2	3	4	5	6	7	8	9	10	11	12	13	14	15	18	90	#
345	787189	0	1	2	3	4	5	6	7	8	9	10	11	12	13	14	15	17	90	#
346	776118	0	1	2	3	4	5	6	7	8	9	10	11	12	13	14	15	19	90	#
347	60504	2	#
348	509537	1	2	5	6	9	12	13	14	15	91	#
349	711612	1	2	3	4	5	6	8	9	13	91	#
350	711429	1	2	4	5	6	7	8	12	13	91	#
351	694317	0	1	2	3	4	5	6	8	9	91	#
352	692657	0	1	2	4	5	6	8	9	13	91	#
353	691870	0	4	5	6	7	8	9	12	13	91	#
354	425821	6	7	9	10	11	14	15	92	#
355	522715	4	5	6	9	10	13	14	92	#
356	518019	6	7	10	11	14	15	16	92	#
357	481617	2	3	6	7	10	11	14	92	#
358	468986	2	3	6	7	9	10	14	92	#
359	458894	5	7	9	10	11	14	15	92	#
360	256288	2	3	16	93	#
361	266050	2	3	7	93	#
362	252243	0	4	16	93	#
363	868479	0	1	2	3	4	5	6	7	8	9	10	11	12	13	14	15	19	94	#
364	908838	0	1	2	3	4	5	6	7	8	9	11	12	13	14	15	17	19	94	#
365	904432	0	1	2	3	4	5	6	7	8	9	10	11	12	13	14	15	16	94	#
366	888086	0	1	2	3	4	5	6	7	8	9	10	11	12	13	14	15	17	94	#
367	829568	0	1	2	3	4	5	6	7	8	9	10	11	12	13	14	15	18	94	#
368	453708	0	1	4	5	6	8	12	13	95	#
369	531565	1	4	5	6	8	9	10	17	95	#
370	500418	0	1	4	5	6	8	9	10	95	#
371	490514	1	2	3	4	5	6	7	8	95	#
372	465175	1	4	5	6	8	9	12	13	95	#
373	427538	1	2	4	5	6	8	12	13	95	#
374	117570	8	15	#
375	629453	1	4	5	6	7	9	10	11	14	15	97	#
376	824151	0	3	4	5	7	8	10	11	14	15	97	#
377	750634	0	4	5	8	9	10	12	13	14	15	97	#
378	716714	4	5	6	7	9	10	11	13	14	15	97	#
379	706618	0	1	4	5	8	9	10	11	12	13	97	#
380	692961	0	1	4	5	7	9	10	11	14	15	97	#
381	392330	5	9	10	12	13	14	98	#
382	413372	4	8	10	11	12	15	98	#
383	411692	4	8	9	12	13	17	98	#
384	389654	4	5	6	8	9	10	98	#
385	350997	1	4	5	6	9	10	98	#
386	266299	2	6	10	11	14	15	98	#
387	140504	16	19	99	#
388	201387	13	16	99	#
389	161093	3	19	99	#
390	424574	7	9	10	11	13	14	15	18	100	#
391	617470	0	1	2	3	4	7	8	18	100	#
392	570640	0	1	4	5	9	10	14	15	100	#
393	533150	4	5	7	9	10	11	14	15	100	#
394	495747	1	2	6	7	9	10	14	15	100	#
395	474150	1	2	4	5	9	10	12	13	100	#
396	221917	10	11	15	101	#
397	227124	8	11	15	101	#
398	216376	6	10	14	101	#
399	153778	11	14	15	101	#
400	1038861	0	1	2	3	4	5	6	7	8	9	10	11	12	13	14	15	19	102	#
401	1046257	0	1	2	3	4	5	6	7	8	9	10	11	12	13	15	17	19	102	#
402	1043179	0	1	2	3	4	5	6	7	8	9	10	11	12	13	14	15	18	102	#
403	1031497	0	1	2	3	4	5	6	7	8	9	10	11	12	13	14	15	17	102	#
404	1027354	0	1	2	3	4	5	6	7	8	9	10	11	12	13	14	15	16	102	#
405	392212	3	7	10	11	103	#
406	398906	3	7	11	15	103	#
407	367942	7	10	11	15	103	#
408	309692	3	6	7	11	103	#
409	842549	0	1	2	3	4	5	6	7	8	9	10	11	12	13	14	15	18	104	#
410	997400	0	1	2	3	4	5	6	7	8	9	10	11	12	13	14	15	16	104	#
411	902374	0	1	2	3	4	5	6	7	8	9	10	11	12	13	14	15	19	104	#
412	880878	0	1	2	3	4	5	6	7	8	9	10	11	12	13	14	15	17	104	#
413	846267	0	1	2	3	4	5	6	7	8	9	10	11	12	13	14	18	19	104	#
414	1067687	0	1	2	3	4	5	6	7	8	9	10	11	12	13	14	15	16	105	#
415	1135194	0	1	2	3	4	5	6	7	8	9	10	11	12	13	14	15	19	105	#
416	1040115	0	1	2	3	4	5	6	7	8	9	10	11	12	13	14	15	17	105	#
417	1033270	0	1	2	3	4	5	6	7	8	9	10	11	12	13	14	15	18	105	#
418	730658	0	3	4	6	7	8	9	10	11	14	15	106	#
419	837916	0	1	2	3	4	5	6	7	9	10	13	106	#
420	794994	1	2	3	4	5	6	7	9	10	14	15	106	#
421	781566	1	2	3	4	5	6	7	9	10	11	13	106	#
422	772814	1	2	3	4	5	6	7	9	10	12	13	106	#
423	767137	0	1	2	4	5	6	7	8	9	10	13	106	#
424	675781	0	1	2	3	4	5	6	7	8	9	10	11	12	13	15	107	#
425	734522	0	1	2	3	4	5	7	8	9	10	11	12	13	15	19	107	#
426	672330	0	1	2	3	4	5	6	7	8	9	10	11	12	13	19	107	#
427	663601	0	1	2	3	4	5	6	7	8	9	10	12	13	14	15	107	#
428	662619	0	1	2	3	4	5	7	8	9	10	11	12	13	14	15	107	#
429	614871	0	1	2	3	4	6	7	8	9	10	11	12	13	14	15	107	#
430	65201	0	#
431	473204	0	1	4	5	8	12	108	#
432	482606	0	1	4	5	6	7	108	#
433	451967	0	1	6	7	10	14	108	#
434	439481	0	1	4	6	8	12	108	#
435	409404	0	1	6	7	10	11	108	#
436	331819	4	5	8	9	12	13	108	#
437	479552	0	1	4	5	8	9	10	109	#
438	480629	0	1	4	5	8	12	13	109	#
439	479975	0	4	5	8	9	12	13	109	#
440	479305	0	1	4	5	8	9	13	109	#
441	474935	0	1	4	5	8	9	12	109	#
442	468765	0	1	2	4	5	8	9	109	#
443	747726	0	1	4	5	8	9	10	11	12	13	14	15	16	110	#
444	747168	0	1	3	5	7	8	9	10	11	12	13	14	15	110	#
445	740263	0	1	3	5	6	7	8	9	10	11	12	13	15	110	#
446	729476	0	1	2	3	4	5	7	8	9	10	11	12	13	110	#
447	708120	0	1	5	9	10	11	12	13	14	15	16	17	18	110	#
448	706161	0	1	3	4	5	6	7	9	10	11	13	14	15	110	#
449	982364	0	1	2	3	4	5	6	7	8	9	10	11	12	13	14	15	16	18	111	#
450	1008506	0	1	2	3	4	5	6	7	8	9	10	11	12	13	14	15	16	19	111	#
451	997525	0	1	2	3	4	5	6	7	8	9	11	12	13	14	15	16	17	19	111	#
452	971117	0	1	2	3	4	5	6	7	8	9	10	11	12	13	14	15	16	17	111	#
453	935295	0	1	2	3	4	5	6	7	8	9	10	11	12	13	14	15	18	19	111	#
454	924047	0	1	2	3	4	5	6	7	8	9	10	11	12	13	14	15	17	19	111	#
455	279171	0	1	4	112	#
456	287217	0	4	5	112	#
457	163760	1	6	7	112	#
458	849893	0	1	2	3	4	5	6	7	8	9	10	11	12	13	14	15	17	113	#
459	926584	0	1	2	3	4	5	6	7	8	9	10	11	12	13	14	15	16	113	#
460	829779	0	1	2	3	4	5	6	7	8	9	10	11	12	13	14	15	19	113	#
461	769560	0	1	2	3	4	5	6	7	8	9	10	11	12	13	14	15	18	113	#
462	749194	0	1	2	4	5	6	7	9	10	13	14	114	#
463	850560	0	1	2	3	4	5	7	8	9	10	14	114	#
464	846477	0	1	2	4	5	8	9	10	11	14	15	114	#
465	834975	0	1	2	4	5	6	7	9	10	14	15	114	#
466	803514	0	1	2	3	4	5	7	9	10	11	14	114	#
467	794298	0	1	2	4	5	8	9	10	12	13	14	114	#
468	449128	8	9	10	11	12	13	15	115	#
469	506117	3	6	7	10	11	14	15	115	#
470	469186	0	6	7	9	10	11	13	115	#
471	466518	0	4	5	8	12	13	16	115	#
472	455611	5	6	9	10	11	13	15	115	#
473	359947	8	9	10	12	13	14	15	115	#
474	989107	0	1	2	3	4	5	6	7	8	9	10	11	14	15	116	#
475	1005007	0	1	2	3	4	5	6	7	8	9	10	11	13	14	116	#
476	996150	0	1	2	3	4	5	6	7	8	9	10	11	14	17	116	#
477	952302	0	1	2	3	4	5	6	7	8	9	10	11	12	14	116	#
478	945299	0	1	2	3	4	5	6	7	8	9	10	11	12	13	116	#
479	940760	0	1	2	3	4	5	6	7	9	10	11	13	14	15	116	#
480	601193	1	2	3	5	6	7	9	10	11	12	13	14	15	117	#
481	813454	1	3	4	5	7	8	9	10	11	12	14	15	16	117	#
482	755434	1	2	3	4	5	6	8	10	11	12	14	15	16	117	#
483	715736	1	2	3	4	5	7	8	9	10	11	12	14	15	117	#
484	657161	0	1	2	3	4	5	6	7	9	10	11	14	15	117	#
485	644737	1	2	4	5	6	7	8	9	10	11	14	15	17	117	#
486	711550	0	2	3	4	5	6	7	8	9	10	11	12	13	14	15	118	#
487	817272	0	2	3	4	5	6	7	8	9	10	11	12	13	15	17	118	#
488	780493	0	2	3	4	5	6	7	8	9	10	11	12	13	17	18	118	#
489	733769	0	2	3	4	5	6	7	8	9	10	11	12	13	15	18	118	#
490	731248	0	1	2	3	4	5	6	7	8	9	10	11	12	13	15	118	#
491	677355	0	2	3	4	5	6	7	9	10	11	12	13	14	15	18	118	#
492	921606	0	1	2	3	4	5	6	7	8	9	10	11	12	13	14	15	17	119	#
493	984013	0	1	2	3	4	5	6	7	8	9	10	12	13	14	15	16	17	119	#
494	936440	0	1	2	3	4	5	6	7	8	9	10	11	12	13	14	15	18	119	#
495	926889	0	1	2	3	4	5	6	7	8	9	10	11	12	13	14	15	16	119	#
496	902781	0	1	2	3	4	5	6	7	8	9	10	11	12	13	14	15	19	119	#
497	129926	6	7	120	#
498	130290	2	6	120	#
499	232977	10	11	15	121	#
500	215571	3	9	10	121	#
501	163608	6	10	11	121	#
502	604627	1	3	4	5	6	7	9	10	11	13	14	15	122	#
503	736442	0	1	3	4	6	7	8	9	10	11	14	15	122	#
504	669961	0	1	4	6	7	8	9	10	11	14	15	19	122	#
505	665664	0	1	3	4	5	6	7	9	10	11	14	15	122	#
506	653282	0	1	3	6	7	9	10	11	13	14	15	17	122	#
507	634406	0	1	4	5	6	8	9	10	11	14	15	16	122	#
508	787857	0	1	2	3	4	5	6	7	8	9	10	11	12	13	14	15	123	#
509	854181	0	1	2	4	5	6	7	8	9	10	11	12	14	15	16	17	123	#
510	847267	0	1	2	3	4	5	6	7	8	9	11	12	13	14	15	17	123	#
511	823069	0	1	2	3	4	5	6	7	9	10	11	12	13	14	15	19	123	#
512	802502	0	1	2	3	4	5	6	7	8	9	10	11	14	15	16	18	123	#
513	782804	0	1	2	4	5	6	7	8	9	10	11	12	13	14	15	16	123	#
514	973876	0	1	2	3	4	5	6	7	8	9	10	11	12	13	14	15	124	#
515	1063807	0	1	2	3	4	5	6	8	9	10	11	12	13	14	15	16	124	#
516	1039489	0	1	2	3	4	5	6	7	8	9	10	11	12	13	14	19	124	#
517	1029128	0	1	2	3	4	5	6	8	9	10	11	12	13	14	15	19	124	#
518	1021677	0	1	2	3	4	5	6	7	8	9	10	11	13	14	15	19	124	#
519	1008853	0	1	2	3	4	5	6	8	9	10	11	12	13	14	17	19	124	#
520	245586	1	2	3	6	125	#
521	334714	2	3	6	7	125	#
522	275219	1	2	3	7	125	#
523	272129	0	1	2	6	125	#
524	266364	3	6	7	11	125	#
525	241299	2	3	7	126	#
526	216863	3	7	18	126	#
527	212999	2	6	10	126	#
528	1093015	0	1	2	3	4	5	6	7	8	9	10	11	12	13	14	15	127	#
529	1155571	0	1	2	3	4	5	6	7	8	9	10	11	13	14	15	16	127	#
530	1063921	0	1	2	3	4	5	6	7	8	9	10	11	12	13	14	16	127	#
531	1046683	1	2	3	4	5	6	7	8	9	10	11	12	13	14	15	19	127	#
532	1043551	0	1	2	3	5	6	7	8	9	10	11	12	13	14	15	19	127	#
533	1006142	0	1	2	4	5	6	7	8	9	10	11	12	13	14	15	17	127	#
534	159406	7	11	128	#
535	130421	10	11	128	#
536	1060561	0	1	2	3	4	5	6	7	8	9	10	11	12	13	14	15	19	129	#
537	1071065	0	1	2	3	4	5	6	7	8	9	10	11	12	13	14	15	16	129	#
538	989817	0	1	2	3	4	5	6	7	8	9	10	11	12	13	14	15	17	129	#
539	957315	0	1	2	3	4	5	6	7	8	9	10	11	12	13	14	15	18	129	#
540	500455	0	1	3	4	5	6	7	11	14	15	130	#
541	534292	0	1	2	3	4	5	6	7	11	15	130	#
542	499323	0	1	3	4	5	6	7	8	11	12	130	#
543	491651	0	1	2	3	4	5	6	8	12	13	130	#
544	480399	0	1	4	5	6	8	9	12	13	16	130	#
545	463658	1	2	3	5	6	7	9	11	13	15	130	#
546	843638	1	2	3	4	5	6	7	8	9	10	11	12	14	15	178	#
547	234651	0	1	4	5	131	#
548	986173	0	1	2	4	5	6	7	8	9	10	11	14	15	160	#
549	96011	8	9	12	13	131	#
550	494335	1	2	3	6	7	11	14	15	132	#
551	491966	1	2	3	6	7	10	11	15	132	#
552	475709	2	3	6	9	10	11	14	15	132	#
553	460201	1	2	3	6	7	9	10	13	132	#
554	434789	1	2	3	5	6	7	10	11	132	#
555	389728	1	5	9	10	11	13	14	15	132	#
556	127793	6	10	14	133	#
557	171920	10	11	14	133	#
558	147938	1	6	10	133	#
559	374450	3	6	7	11	14	15	134	#
560	398134	0	1	2	3	5	6	134	#
561	390334	0	1	2	3	6	7	134	#
562	355666	0	4	5	6	7	9	134	#
563	354102	0	1	2	11	14	15	134	#
564	340599	6	7	10	11	14	15	134	#
565	958143	0	1	2	3	4	5	6	7	8	9	10	11	12	13	14	15	135	#
566	1014229	0	1	2	3	4	5	6	7	8	9	10	11	13	14	15	17	135	#
567	993237	0	1	2	3	4	5	6	7	8	9	10	11	12	14	15	16	135	#
568	969603	0	1	2	3	4	5	6	7	8	9	10	11	12	13	15	16	135	#
569	918489	0	1	2	3	6	7	9	10	11	12	13	14	15	17	18	19	135	#
570	656053	0	1	2	3	6	7	9	10	12	13	14	136	#
571	669555	0	1	2	3	4	5	6	8	9	10	14	136	#
572	668482	0	1	2	3	4	5	6	9	10	12	13	136	#
573	666246	0	1	2	3	6	8	9	10	12	13	14	136	#
574	659177	0	4	6	8	9	10	11	12	13	14	15	136	#
575	653088	1	2	3	6	9	10	11	12	13	14	15	136	#
576	763256	0	1	2	3	4	5	6	7	8	9	10	11	12	13	14	15	137	#
577	873938	0	2	3	4	5	7	8	9	10	11	12	13	14	15	17	19	137	#
578	852511	0	1	2	3	4	5	7	8	9	10	11	12	13	14	15	19	137	#
579	826278	0	1	2	3	4	5	6	7	8	9	10	11	13	14	15	17	137	#
580	804807	0	1	2	3	4	5	7	8	9	10	11	12	13	14	15	17	137	#
581	800474	0	1	2	3	4	5	6	7	8	9	10	11	13	14	15	18	137	#
582	117951	2	3	#
583	972639	0	1	2	3	4	5	6	7	8	9	10	11	12	19	139	#
584	1054640	0	1	2	3	4	5	6	7	8	9	10	11	15	19	139	#
585	1010188	0	1	3	4	5	6	7	8	9	10	11	12	13	15	139	#
586	1003968	0	1	2	3	4	5	6	7	8	9	10	11	12	15	139	#
587	982338	0	1	2	3	4	5	6	7	8	10	11	12	14	15	139	#
588	979965	0	1	2	3	4	6	7	8	9	10	11	12	13	15	139	#
589	254007	1	3	6	7	11	14	140	#
590	341661	0	1	2	3	6	7	140	#
591	324995	1	2	3	7	10	11	140	#
592	300420	3	4	7	10	11	14	140	#
593	278350	2	3	6	7	10	11	140	#
594	246521	1	6	9	10	14	15	140	#
595	267603	1	5	6	10	141	#
596	261772	9	10	11	14	141	#
597	196509	1	5	6	9	141	#
598	180123	1	5	9	13	141	#
599	161916	1	2	6	7	141	#
600	170358	12	16	17	142	#
601	164851	14	15	17	142	#
602	111559	9	12	13	142	#
603	673573	1	3	6	7	9	10	11	13	14	15	143	#
604	713359	1	4	5	7	9	10	11	13	14	15	143	#
605	709894	1	3	4	5	6	7	10	11	14	15	143	#
606	705888	1	3	4	5	6	7	9	10	11	14	143	#
607	700962	1	2	3	4	5	6	7	9	10	11	143	#
608	695906	1	4	5	6	7	9	10	11	14	15	143	#
609	359743	0	4	5	6	8	9	144	#
610	444421	0	1	2	3	6	7	144	#
611	389058	0	1	4	5	8	9	144	#
612	337306	0	1	4	5	8	12	144	#
613	317811	0	1	5	6	9	13	144	#
614	261131	1	2	5	6	7	9	144	#
615	307533	10	11	14	15	145	#
616	353291	10	11	14	16	145	#
617	284059	6	10	11	14	145	#
618	251791	9	10	11	15	145	#
619	824450	0	1	2	4	5	6	7	8	10	11	12	13	14	15	18	146	#
620	895454	0	1	2	3	4	5	6	7	8	9	10	13	14	15	18	146	#
621	886041	0	1	2	3	4	5	6	7	8	9	10	11	13	14	15	146	#
622	859255	0	1	2	3	4	5	6	7	8	10	11	12	13	14	15	146	#
623	839502	0	1	2	3	4	5	6	7	8	10	11	12	14	18	19	146	#
624	828074	0	1	2	3	4	5	6	7	8	10	11	12	14	15	18	146	#
625	985617	0	1	2	3	4	5	6	7	8	9	10	11	12	13	14	15	16	147	#
626	1016145	0	1	2	3	4	5	6	7	8	10	11	12	13	14	15	16	18	147	#
627	1000404	0	1	2	3	4	5	6	7	8	9	10	11	12	13	14	15	19	147	#
628	988920	0	1	2	3	4	5	6	7	8	9	10	11	12	13	14	15	18	147	#
629	968673	0	1	2	3	4	5	6	7	8	9	10	11	12	14	15	17	18	147	#
630	962274	0	1	2	3	4	5	6	7	8	9	10	11	12	13	14	15	17	147	#
631	670402	1	2	3	5	6	7	9	10	11	14	17	148	#
632	670613	1	2	5	6	7	9	10	11	14	15	16	148	#
633	648788	1	2	3	5	6	7	9	10	11	14	15	148	#
634	629424	0	1	2	3	5	6	7	9	10	11	14	148	#
635	619309	0	1	2	5	6	7	9	10	11	14	15	148	#
636	595940	0	1	2	3	6	7	10	11	14	15	18	148	#
637	1007356	0	1	2	3	4	5	6	7	8	9	10	11	12	13	14	15	149	#
638	996868	0	1	2	3	4	5	6	8	9	10	11	12	13	14	15	19	149	#
639	969900	0	1	2	3	4	5	6	7	8	9	10	11	12	13	14	17	149	#
640	947030	0	1	2	3	4	5	6	7	8	9	10	11	12	14	15	19	149	#
641	941035	0	1	2	3	4	5	6	7	8	9	10	11	12	13	14	18	149	#
642	240609	9	10	11	13	14	151	#
643	340785	3	7	10	11	14	151	#
644	286956	5	6	9	10	13	151	#
645	262134	6	9	10	11	13	151	#
646	262115	7	9	10	11	14	151	#
647	809023	0	1	2	3	6	7	9	10	11	13	14	15	152	#
648	912765	0	1	2	3	4	5	7	8	10	11	12	13	152	#
649	884577	0	1	2	3	4	7	8	10	11	14	15	18	152	#
650	869330	0	1	2	3	4	6	7	8	10	11	12	13	152	#
651	837040	0	1	2	3	4	5	6	7	10	11	14	15	152	#
652	799460	0	1	2	3	4	6	7	9	10	11	14	15	152	#
653	265132	5	9	13	19	153	#
654	267534	4	5	9	13	153	#
655	264180	1	5	6	19	153	#
656	247570	5	9	10	14	153	#
657	231414	1	5	6	14	153	#
658	173697	1	2	5	6	154	#
659	245218	2	3	5	6	154	#
660	239787	5	6	10	11	154	#
661	273271	0	1	6	7	155	#
662	324891	0	4	8	9	155	#
663	315424	6	7	10	13	155	#
664	279662	5	6	7	10	155	#
665	257417	0	1	2	4	155	#
666	197855	3	16	156	#
667	186611	2	3	156	#
668	171685	5	16	156	#
669	194620	6	10	11	157	#
670	256356	10	11	15	157	#
671	252030	11	14	15	157	#
672	142259	2	6	7	157	#
673	796071	0	1	2	3	4	5	6	7	8	9	10	11	12	13	14	15	158	#
674	914792	0	1	2	3	4	5	6	7	8	9	10	12	13	14	15	17	158	#
675	864413	0	1	2	3	4	5	6	7	8	9	10	11	12	13	14	17	158	#
676	177570	7	11	15	159	#
677	166385	6	7	11	159	#
678	126537	10	11	15	159	#
679	73853	11	#
680	912292	0	1	2	3	5	6	7	9	10	11	13	14	15	160	#
681	1025294	0	1	2	4	6	7	9	10	11	13	14	15	19	160	#
682	1024259	0	1	2	4	6	7	8	9	10	11	13	14	15	160	#
683	1000143	0	1	2	3	4	6	7	8	9	10	11	14	15	160	#
684	995507	0	1	2	3	4	5	6	7	8	9	10	13	14	160	#
685	463935	7	9	10	11	14	15	161	#
686	491243	3	7	10	11	14	15	161	#
687	476715	5	9	10	11	14	15	161	#
688	427582	9	10	11	13	14	15	161	#
689	769568	0	1	2	3	4	5	6	7	8	9	10	11	12	13	14	15	17	162	#
690	883620	0	1	2	3	4	5	6	7	8	9	10	11	12	13	14	15	16	162	#
691	812844	0	1	2	3	4	5	6	7	8	10	11	12	14	15	16	17	19	162	#
692	798194	0	1	2	3	4	5	6	7	8	9	10	11	12	13	14	15	19	162	#
693	787643	0	1	2	3	4	5	6	7	8	9	10	11	12	13	14	15	18	162	#
694	699009	0	1	2	3	4	5	6	7	8	9	10	11	12	14	15	17	18	162	#
695	895367	1	2	3	5	6	7	8	9	10	11	12	13	14	15	16	163	#
696	925794	0	1	2	3	4	5	6	7	8	9	10	11	13	14	15	163	#
697	920922	0	1	2	3	4	5	6	7	8	9	10	11	14	15	17	163	#
698	900951	0	2	3	4	5	6	7	8	9	10	11	12	13	14	15	163	#
699	880286	1	2	3	5	6	7	8	9	10	11	12	13	14	15	17	163	#
700	856432	0	1	2	3	4	5	6	7	8	9	11	12	13	14	15	163	#
701	617669	1	2	4	5	6	8	9	13	164	#
702	640698	0	1	2	5	6	7	9	10	164	#
703	602066	1	2	3	4	5	6	9	17	164	#
704	600864	0	1	2	4	5	6	8	12	164	#
705	582538	1	4	5	6	9	10	12	13	164	#
706	570326	1	2	5	6	9	10	11	13	164	#
707	943655	0	1	2	3	4	5	6	7	8	9	10	11	12	13	14	15	17	165	#
708	997359	0	1	2	3	4	5	6	7	8	9	10	11	12	13	14	15	16	165	#
709	961689	0	1	2	3	4	5	6	7	8	9	10	11	12	13	14	15	19	165	#
710	902628	0	1	2	3	4	5	6	7	8	9	10	11	12	13	14	15	18	165	#
711	223351	8	12	13	166	#
712	177050	9	12	13	166	#
713	127853	2	6	12	166	#
714	535818	1	2	4	5	6	7	8	9	10	167	#
715	562428	1	4	5	6	7	8	9	10	13	167	#
716	550229	1	4	5	8	9	10	12	13	14	167	#
717	549501	0	1	4	5	6	7	9	10	14	167	#
718	528089	1	2	3	4	5	6	7	9	10	167	#
719	496207	1	2	4	5	6	7	8	9	12	167	#
720	763315	0	1	2	3	5	6	7	9	10	11	14	15	168	#
721	834463	0	1	2	3	4	5	6	7	9	10	13	15	168	#
722	830973	0	1	2	3	4	5	6	7	9	10	14	15	168	#
723	782207	0	2	3	4	5	6	7	9	10	11	13	19	168	#
724	760359	1	2	3	4	5	6	7	9	10	11	13	15	168	#
725	756868	1	2	3	4	5	6	7	9	10	11	14	15	168	#
726	352425	6	9	10	11	12	13	171	#
727	516531	4	8	9	10	12	13	171	#
728	483145	4	5	8	9	12	13	171	#
729	467880	4	5	9	10	13	14	171	#
730	428049	1	5	9	10	11	13	171	#
731	374095	5	6	9	10	11	14	171	#
732	56056	1	#
733	732819	0	1	6	7	9	10	11	13	14	15	18	172	#
734	849870	0	1	3	4	6	7	8	10	11	14	15	172	#
735	841954	0	1	3	4	5	6	7	9	10	11	15	172	#
736	826778	0	1	3	4	6	7	9	10	11	14	15	172	#
737	823950	3	4	6	7	8	9	10	11	12	13	15	172	#
738	817044	0	1	4	6	7	8	10	11	12	14	15	172	#
739	851606	0	1	2	3	4	5	6	7	9	10	14	173	#
740	893464	0	1	2	3	4	5	6	7	9	10	13	173	#
741	888764	0	1	2	3	4	5	6	7	9	12	13	173	#
742	867409	0	1	2	3	4	5	6	7	8	9	10	173	#
743	845728	0	1	2	3	5	6	7	9	10	13	14	173	#
744	834951	1	2	3	4	5	6	7	9	10	13	18	173	#
745	589068	1	2	3	5	6	7	11	15	174	#
746	634324	0	1	2	3	5	6	7	14	174	#
747	631622	0	1	5	6	7	10	14	15	174	#
748	602740	2	3	5	6	7	10	11	14	174	#
749	574577	2	3	6	7	10	11	14	15	174	#
750	550239	1	2	3	6	7	10	11	14	174	#
751	924720	0	1	2	3	4	5	6	7	8	9	10	11	12	13	14	15	16	175	#
752	1028578	0	1	2	3	4	5	6	7	8	9	10	11	12	13	15	17	19	175	#
753	987140	0	1	2	3	4	5	6	7	8	9	11	12	13	14	15	17	19	175	#
754	952350	0	1	2	3	4	5	6	7	8	9	10	11	12	13	14	15	17	175	#
755	918870	0	1	2	3	4	5	6	7	8	9	10	11	12	13	14	15	19	175	#
756	847341	0	1	2	3	4	5	6	7	8	9	10	11	12	13	14	15	18	175	#
757	584117	1	2	3	4	5	6	7	9	12	13	176	#
758	704830	0	1	2	3	4	5	6	7	11	15	176	#
759	649931	1	2	3	5	6	7	9	11	13	15	176	#
760	627478	2	3	5	6	7	9	10	11	14	15	176	#
761	622499	1	2	3	4	5	6	7	9	11	13	176	#
762	619235	1	2	3	5	6	7	10	11	14	15	176	#
763	197840	4	5	#
764	917314	1	2	3	4	5	6	7	8	9	10	11	13	14	15	178	#
765	983751	1	2	3	4	5	6	7	8	9	10	11	14	15	19	178	#
766	966176	0	1	3	4	5	6	7	8	9	10	11	13	14	15	178	#
767	933655	0	1	2	3	4	5	6	7	8	9	10	11	14	15	178	#
768	513852	4	8	9	10	12	13	14	179	#
769	660727	0	4	5	8	9	12	13	179	#
770	659225	0	4	5	6	7	8	9	179	#
771	646237	0	1	4	5	8	12	13	179	#
772	575363	4	6	8	9	10	12	13	179	#
773	526444	4	5	6	9	11	12	13	179	#
774	862361	0	1	2	3	4	5	6	7	8	9	10	11	12	13	14	15	180	#
775	905335	0	1	2	3	4	5	6	7	8	9	11	12	13	14	15	16	180	#
776	901073	0	1	2	3	4	5	6	7	8	9	10	11	12	14	15	16	180	#
777	112243	9	12	13	181	#
778	154661	6	9	10	181	#
779	517851	1	2	3	6	7	10	14	182	#
780	639961	0	1	2	3	5	6	10	182	#
781	612781	1	2	3	5	6	7	10	182	#
782	595693	0	1	2	3	4	5	9	182	#
783	575500	0	1	5	6	7	10	11	182	#
784	549233	1	2	3	5	6	9	10	182	#
785	127746	5	9	183	#
786	170203	4	8	183	#
787	121936	9	10	184	#
788	102092	6	10	184	#
789	149204	7	11	185	#
790	200880	3	7	185	#
791	120425	10	11	185	#
792	642241	0	1	2	3	4	5	6	7	9	10	11	14	186	#
793	802332	0	1	2	3	4	6	7	8	11	12	13	16	186	#
794	797508	0	2	3	4	5	6	7	8	9	11	12	13	186	#
795	768379	0	1	2	3	4	5	6	7	8	10	11	12	186	#
796	761749	1	2	3	4	6	7	8	9	10	11	12	13	186	#
797	748743	1	2	3	4	5	6	7	8	9	10	11	12	186	#
798	906505	0	1	2	3	4	5	6	7	8	9	10	11	12	13	14	15	16	187	#
799	928077	0	1	2	4	5	6	7	8	9	10	11	13	14	15	16	17	19	187	#
800	833967	0	1	2	3	4	5	6	7	8	9	10	11	12	13	14	15	19	187	#
801	812561	0	1	2	3	4	5	6	7	8	9	10	11	12	13	14	15	17	187	#
802	785268	0	1	2	3	4	5	6	7	8	9	10	11	12	13	14	15	18	187	#
803	754252	0	1	2	4	5	6	7	8	9	10	11	12	13	14	15	17	18	187	#
