%% File generated by CATS v.2.1Mon Aug 19 18:21:27 2019

%% The CATS webpage is http://robotics.stanford.edu/CATS

%% PARAMETER SETTINGS:
% Goods: 45; Bids: 450; Distribution: regions-npv; Runs: 10; Seed: 1566241589
% Regions Distribution Parameters:
% Max Substitutable Bids = 5
% Removing HV Neighbor   = 0.1
% Adding DIAG Neighbor   = 0.2
% Additional Location    = 0.9
% Jump Probability       = 0.05
% Additivity             = 0.2
% Budget Factor          = 1.5
% Resale Factor          = 0.5
% Normal Private Value:
%   Mean                 = 0
%   Standard Deviation   = 30



goods 45
bids 454
dummy 83

0	5990	19	#
1	29186	13	#
2	3749	40	#
3	82269	37	#
4	1015835	0	1	2	3	6	7	8	11	13	14	19	20	25	26	27	45	#
5	1100356	0	1	2	3	4	6	7	8	9	10	14	16	25	26	43	45	#
6	1097577	0	1	3	4	6	7	8	9	10	13	14	15	16	21	22	45	#
7	1078058	0	1	2	3	6	7	8	12	14	19	20	22	25	26	37	45	#
8	1071052	8	14	15	16	19	20	21	23	25	26	27	29	33	34	35	45	#
9	1008713	1	2	3	4	5	7	8	9	10	11	15	16	17	23	26	45	#
10	226061	21	26	27	46	#
11	197734	19	26	27	46	#
12	174183	15	21	27	46	#
13	151004	21	27	28	46	#
14	83492	44	#
15	773390	13	14	19	20	21	22	24	25	26	27	28	33	47	#
16	907350	0	6	7	9	10	12	13	14	15	16	21	27	47	#
17	857789	0	6	13	14	15	16	19	20	21	26	27	28	47	#
18	815069	3	4	5	9	10	16	21	22	27	28	33	34	47	#
19	786127	6	13	18	19	20	21	22	24	25	26	28	32	47	#
20	732823	9	13	15	18	19	21	22	25	26	32	33	41	47	#
21	121106	39	#
22	499278	7	13	14	18	19	20	24	44	48	#
23	597818	8	9	14	15	27	28	29	34	48	#
24	572132	1	6	7	8	13	14	15	18	48	#
25	537780	0	1	6	7	12	13	18	44	48	#
26	470703	18	24	28	30	31	32	33	34	48	#
27	438907	7	13	14	19	22	26	27	28	48	#
28	136080	26	32	49	#
29	182787	20	26	49	#
30	107314	32	33	49	#
31	1076353	2	3	4	8	9	10	11	14	16	17	21	22	36	41	50	#
32	1128021	2	3	5	7	8	9	10	11	14	16	17	20	21	22	50	#
33	1051552	0	1	2	3	4	8	9	10	13	14	15	16	18	20	50	#
34	1041241	2	5	7	8	9	10	11	16	17	21	22	26	27	28	50	#
35	1033777	0	1	2	6	7	8	12	13	14	15	16	18	19	24	50	#
36	1026377	0	1	2	3	6	7	8	9	13	14	18	19	20	25	50	#
37	2079426	0	1	2	3	4	5	6	7	8	9	10	11	12	13	14	15	16	17	18	19	20	21	22	23	24	25	26	27	28	29	30	31	32	33	34	35	37	38	51	#
38	2233480	0	1	2	3	4	5	6	7	8	9	10	11	12	13	14	15	16	17	18	19	20	21	22	23	24	25	26	27	28	29	30	31	32	33	34	35	41	42	51	#
39	2227808	0	1	2	3	4	5	6	7	8	9	10	11	12	13	14	15	16	17	18	19	20	21	22	23	24	25	26	27	28	29	30	31	32	33	34	35	42	44	51	#
40	2211579	0	1	2	3	4	5	6	7	8	9	10	11	12	13	14	15	16	17	18	19	20	21	22	23	24	25	26	27	28	29	30	31	32	33	34	35	39	44	51	#
41	2207736	0	1	2	3	4	5	6	7	8	9	10	11	12	13	14	15	16	17	18	19	20	21	22	23	24	25	26	27	28	29	30	31	32	33	34	35	37	39	51	#
42	2204215	0	1	2	3	4	5	6	7	8	9	10	11	12	13	14	15	16	17	18	19	20	21	22	23	24	25	26	27	28	29	30	31	32	33	34	35	36	42	51	#
43	891167	9	14	15	16	17	19	20	21	22	23	25	26	27	28	52	#
44	1108399	3	4	5	8	9	10	11	14	15	16	17	20	21	22	52	#
45	1079550	1	2	7	8	13	14	15	18	20	21	22	24	27	33	52	#
46	1012530	8	14	18	19	20	21	24	25	26	27	28	30	33	34	52	#
47	1007041	10	13	14	15	16	18	19	20	21	22	24	25	26	28	52	#
48	990719	0	1	2	3	4	8	9	10	11	14	15	16	17	22	52	#
49	577454	13	19	20	21	24	25	26	27	30	31	32	33	53	#
50	710401	6	15	16	19	20	21	22	23	25	27	29	42	53	#
51	688998	16	19	20	21	22	26	27	28	29	32	33	34	53	#
52	679153	19	20	21	22	24	25	26	27	28	30	32	34	53	#
53	674461	6	8	12	13	14	19	20	21	26	32	33	34	53	#
54	673726	2	8	13	14	15	19	20	21	24	25	26	30	53	#
55	66836	28	29	54	#
56	66881	21	28	54	#
57	363274	15	16	21	22	23	27	28	55	#
58	488908	20	21	26	27	28	33	34	55	#
59	488794	14	20	21	22	28	31	34	55	#
60	460857	4	5	9	10	11	16	17	55	#
61	439985	21	24	25	26	27	28	30	55	#
62	423040	15	20	21	22	27	28	29	55	#
63	74795	36	#
64	97703	22	#
65	904300	2	3	4	5	9	10	11	14	15	16	20	22	23	28	29	56	#
66	988655	1	2	3	4	7	8	9	13	14	15	16	19	20	22	23	56	#
67	943999	3	4	8	9	14	16	17	21	22	23	27	28	29	34	35	56	#
68	940133	0	1	7	8	9	12	13	14	15	16	19	20	21	22	27	56	#
69	922248	14	15	16	17	19	20	21	22	23	26	28	29	34	35	41	56	#
70	843939	1	2	3	4	9	10	16	19	20	21	22	23	26	27	28	56	#
71	1309829	6	7	9	11	13	14	15	16	17	18	20	21	22	28	29	32	33	34	35	57	#
72	1262876	4	9	10	11	16	17	19	20	21	22	23	26	27	28	29	32	33	34	35	57	#
73	1226495	4	5	9	10	11	15	16	17	19	20	21	22	23	27	28	29	33	34	35	57	#
74	1212679	4	5	9	10	11	15	16	19	20	21	22	23	24	26	27	28	29	34	35	57	#
75	1199613	9	15	16	17	20	21	22	23	24	26	27	28	29	30	31	32	33	34	35	57	#
76	1191452	3	4	5	7	10	11	14	15	16	17	21	22	23	27	28	29	33	34	35	57	#
77	2149468	0	1	2	3	4	5	6	7	8	9	10	11	12	13	14	15	16	17	18	19	20	21	22	23	24	25	26	27	28	29	30	31	32	33	34	35	36	37	38	58	#
78	2340853	0	1	2	3	4	5	6	7	8	9	10	11	12	13	14	15	16	17	18	19	20	21	22	23	24	25	26	27	28	29	30	31	32	33	34	35	36	39	44	58	#
79	2319491	0	1	2	3	4	5	6	7	8	9	10	11	12	13	14	15	16	17	18	19	20	21	22	23	24	25	26	27	28	29	30	31	32	33	34	35	39	43	44	58	#
80	2304805	0	1	2	3	4	5	6	7	8	9	10	11	12	13	14	15	16	17	18	19	20	21	22	23	24	25	26	27	28	29	30	31	32	33	34	35	36	39	42	58	#
81	2279369	0	1	2	3	4	5	6	7	8	9	10	11	12	13	14	15	16	17	18	19	20	21	22	23	24	25	26	27	28	29	30	31	32	33	34	35	41	42	44	58	#
82	2277952	0	1	2	3	4	5	6	7	8	9	10	11	12	13	14	15	16	17	18	19	20	21	22	23	24	25	26	27	28	29	30	31	32	33	34	35	36	39	41	58	#
83	482132	4	5	9	10	11	16	17	22	59	#
84	627667	9	16	17	21	22	26	27	28	59	#
85	604309	16	20	21	22	23	25	26	34	59	#
86	561692	5	11	16	17	20	21	22	23	59	#
87	535958	4	5	11	15	16	17	22	23	59	#
88	525040	3	5	9	14	15	16	17	20	59	#
89	1086378	1	7	8	9	12	13	14	15	16	18	19	20	21	24	25	26	27	33	60	#
90	1469559	0	1	2	3	5	6	7	8	9	10	11	13	14	15	16	17	22	23	60	#
91	1323787	6	7	8	13	14	15	18	19	20	21	22	24	27	30	31	32	33	34	60	#
92	1313506	0	6	7	8	9	10	12	13	14	15	16	18	19	20	21	24	25	26	60	#
93	1267591	7	8	9	11	12	13	14	15	16	17	18	19	23	24	25	30	40	44	60	#
94	1243337	4	6	7	8	9	10	13	14	16	18	19	20	21	22	23	27	28	34	60	#
95	7939	3	#
96	710654	0	6	7	8	12	13	14	20	61	#
97	673102	6	7	8	12	13	14	18	31	61	#
98	653574	6	7	8	12	13	18	19	25	61	#
99	583519	1	2	3	6	7	8	9	13	61	#
100	579465	1	2	3	6	7	8	13	14	61	#
101	564049	0	1	2	6	7	8	13	19	61	#
102	337462	10	15	16	22	23	62	#
103	420640	15	20	21	22	28	62	#
104	315494	21	22	27	28	29	62	#
105	272892	10	11	16	17	23	62	#
106	270494	16	22	23	28	34	62	#
107	229641	2	10	11	16	43	62	#
108	784605	0	1	6	7	12	13	14	19	20	21	28	63	#
109	835754	1	7	8	13	14	15	19	20	21	26	27	63	#
110	778816	7	8	12	13	14	15	18	19	20	21	42	63	#
111	776264	6	7	12	13	18	19	20	26	27	33	34	63	#
112	751672	14	15	16	19	20	21	22	23	26	27	28	63	#
113	747219	0	1	6	7	8	9	12	13	18	19	20	63	#
114	362849	5	9	10	11	16	21	22	28	29	64	#
115	490572	2	3	4	9	10	16	22	23	36	64	#
116	449971	4	10	11	16	21	22	28	33	34	64	#
117	439483	2	3	4	5	9	10	11	16	17	64	#
118	430044	4	5	10	11	16	17	22	23	29	64	#
119	409351	10	11	15	16	17	21	22	23	28	64	#
120	1757712	1	3	4	5	7	8	9	10	11	14	15	16	17	18	19	20	21	22	23	24	26	27	28	29	33	34	41	65	#
121	1902624	0	1	7	8	9	13	14	16	18	19	20	21	22	23	24	25	26	27	28	29	30	31	32	34	35	41	42	65	#
122	1773485	0	1	2	3	4	5	7	8	11	13	14	15	16	18	19	20	21	22	24	25	26	27	28	29	33	34	39	65	#
123	1731859	2	3	4	5	8	9	10	11	13	14	16	19	20	21	22	24	25	26	27	28	29	30	31	32	33	34	35	65	#
124	1724390	0	1	6	7	8	12	13	14	15	16	18	19	20	21	22	23	24	25	26	27	28	29	30	31	32	33	35	65	#
125	1708340	4	8	9	10	12	13	14	15	16	18	19	20	21	22	23	24	25	26	27	28	29	30	31	32	33	34	35	65	#
126	209199	7	26	32	66	#
127	271058	20	26	27	66	#
128	173185	7	12	13	66	#
129	117954	19	26	32	66	#
130	72643	2	#
131	1301883	1	4	6	7	8	10	12	13	14	15	16	18	19	20	21	22	26	27	28	34	67	#
132	1342110	4	10	11	14	15	16	19	20	21	22	26	27	28	29	30	31	32	33	34	35	67	#
133	1306688	0	1	2	3	6	7	8	9	10	13	14	15	16	17	19	20	21	26	27	33	67	#
134	1302475	4	7	11	13	14	15	18	19	20	21	22	24	25	26	27	28	30	31	32	34	67	#
135	1237268	3	6	7	8	9	11	13	14	15	17	20	21	26	27	28	29	32	33	34	35	67	#
136	1237165	4	10	14	15	16	17	18	19	20	21	23	26	27	28	29	31	32	33	34	35	67	#
137	448642	7	12	13	18	19	24	25	27	30	31	68	#
138	667280	0	2	6	7	8	12	13	14	18	19	68	#
139	599541	0	6	7	12	13	18	19	24	26	27	68	#
140	575243	14	19	20	25	26	27	30	31	32	33	68	#
141	573779	20	24	25	26	27	30	31	32	33	34	68	#
142	555353	0	6	7	13	14	15	18	19	23	39	68	#
143	856745	4	5	6	7	11	12	13	17	18	19	20	24	25	26	30	31	69	#
144	1268776	1	3	4	8	9	10	11	14	15	16	17	20	21	22	23	27	69	#
145	1261156	1	2	7	8	9	13	14	18	20	21	22	23	26	27	28	32	69	#
146	1244005	0	1	2	3	4	5	6	7	8	9	10	12	14	15	16	17	69	#
147	1156283	4	5	9	10	11	14	15	16	17	20	21	22	23	26	27	28	69	#
148	1110567	2	3	4	5	7	8	9	10	11	14	15	16	17	22	23	28	69	#
149	244986	13	19	24	25	70	#
150	271705	13	18	24	30	70	#
151	253948	24	25	26	30	70	#
152	246857	13	18	19	25	70	#
153	202953	6	7	12	13	70	#
154	1539612	2	3	4	5	8	9	10	11	13	14	15	16	17	18	19	20	21	22	23	24	25	26	27	28	29	31	32	33	34	35	71	#
155	1678478	1	2	3	4	5	7	9	10	11	13	14	15	16	17	20	21	22	23	24	25	26	27	28	29	30	32	33	34	35	42	71	#
156	1660595	0	1	2	3	6	7	8	9	10	11	12	13	14	15	16	17	18	19	20	21	22	23	24	25	26	27	28	29	33	39	71	#
157	1655801	0	1	2	3	4	6	7	8	9	10	11	12	13	14	15	16	18	19	20	21	22	24	25	27	28	31	32	33	34	35	71	#
158	1647538	1	2	3	4	7	9	10	11	12	13	15	16	17	18	19	21	22	23	24	25	26	27	28	29	30	31	32	33	34	35	71	#
159	1645366	0	1	2	3	4	5	7	8	9	10	11	12	13	14	15	16	17	18	21	22	23	26	27	28	29	31	32	33	34	35	71	#
160	307994	1	6	7	72	#
161	304009	0	6	7	72	#
162	151540	3	9	18	73	#
163	170061	3	9	16	73	#
164	151615	2	3	9	73	#
165	1220499	1	2	6	7	8	9	12	13	14	15	18	19	20	21	22	25	26	27	28	31	32	34	74	#
166	1489855	0	1	4	6	7	8	9	10	13	14	15	16	18	19	20	22	24	25	26	30	31	32	74	#
167	1451847	0	1	2	3	6	7	8	9	13	14	15	16	17	18	19	20	22	23	26	28	29	35	74	#
168	1442633	0	1	2	3	4	6	7	8	9	10	12	13	14	15	16	17	18	19	22	23	25	26	74	#
169	1422185	0	1	2	3	4	5	6	7	8	9	10	11	12	13	14	15	16	18	19	20	22	27	74	#
170	1393749	0	1	2	3	4	5	6	7	8	9	10	11	12	13	14	15	16	18	20	21	22	23	74	#
171	1150397	2	3	4	8	9	10	11	13	14	15	16	17	19	22	23	24	25	26	27	30	31	32	75	#
172	1423360	4	6	7	8	12	13	14	15	16	18	19	20	21	22	24	25	26	27	30	31	32	33	75	#
173	1421398	2	3	4	7	8	9	10	12	13	14	15	16	18	19	20	24	25	26	27	32	33	34	75	#
174	1357213	8	9	10	11	14	15	16	19	20	21	22	23	24	25	26	27	30	31	32	33	34	35	75	#
175	1331412	2	8	9	14	15	16	18	19	20	21	22	23	24	25	26	27	28	29	32	33	34	35	75	#
176	1315772	1	2	6	7	8	9	10	12	13	14	16	18	19	22	23	24	29	30	31	32	33	34	75	#
177	151106	16	17	76	#
178	132238	10	16	76	#
179	114339	17	23	76	#
180	505419	14	15	20	21	24	25	26	37	77	#
181	591914	6	7	8	13	14	18	19	26	77	#
182	570101	7	8	9	10	14	15	16	37	77	#
183	508371	7	8	13	14	15	19	20	26	77	#
184	506178	8	10	14	15	16	21	22	23	77	#
185	473540	6	13	18	19	24	25	26	27	77	#
186	380458	3	4	10	11	16	17	23	78	#
187	500099	4	11	17	22	23	34	35	78	#
188	459132	4	10	11	16	17	22	23	78	#
189	456522	4	8	9	10	11	16	17	78	#
190	408286	15	16	17	23	29	35	36	78	#
191	380637	4	5	9	10	11	16	17	78	#
192	714264	0	1	2	3	6	7	8	9	16	79	#
193	765032	3	4	8	9	10	11	14	16	20	79	#
194	716285	9	10	11	15	16	17	22	23	29	79	#
195	686493	0	1	2	3	6	7	8	9	10	79	#
196	678001	8	9	10	15	16	17	22	27	28	79	#
197	645468	0	1	6	7	12	13	14	15	19	79	#
198	87374	41	#
199	972634	4	8	9	10	11	14	15	16	17	18	21	22	23	80	#
200	989044	0	2	6	7	8	13	14	15	18	19	20	24	25	80	#
201	981460	2	8	14	15	20	21	22	23	26	27	33	34	42	80	#
202	912016	6	7	8	9	10	11	13	14	15	16	17	19	20	80	#
203	893176	4	5	8	9	10	11	13	14	15	16	17	20	23	80	#
204	869471	2	3	7	8	9	10	11	14	15	16	22	23	29	80	#
205	368055	0	1	2	6	7	13	81	#
206	453887	0	6	12	13	14	20	81	#
207	431732	0	1	2	6	7	12	81	#
208	414882	0	1	6	7	12	13	81	#
209	414258	1	6	7	13	14	15	81	#
210	337368	1	7	8	9	12	13	81	#
211	1614280	2	3	7	8	9	10	11	12	13	14	15	16	17	18	19	20	21	22	23	24	25	26	27	28	30	32	33	39	82	#
212	1747074	0	3	4	6	7	8	9	11	12	13	14	15	17	18	19	20	21	22	23	24	25	26	27	28	29	33	34	35	82	#
213	1736966	0	1	2	3	6	7	8	9	10	11	12	13	14	16	17	19	20	21	22	23	24	25	28	29	33	34	35	39	82	#
214	1716703	1	2	3	4	8	9	10	11	12	14	15	16	17	19	21	22	23	24	25	26	27	28	29	32	33	34	35	44	82	#
215	1690214	0	2	3	6	8	9	13	14	15	16	18	19	20	21	22	23	24	25	26	27	28	29	30	32	33	34	35	38	82	#
216	1665405	0	1	2	3	4	6	7	8	9	10	12	13	14	16	17	18	19	20	23	24	25	26	27	29	32	33	34	35	82	#
217	76173	1	#
218	1935934	0	1	2	4	6	7	8	9	10	11	13	14	15	16	17	18	19	20	21	22	23	24	25	26	28	83	#
219	1928938	0	1	4	6	7	9	10	11	12	13	14	15	16	17	19	20	21	22	23	25	26	27	28	29	34	83	#
220	1915509	0	1	4	5	6	7	8	9	10	11	13	14	15	16	17	18	19	20	21	22	23	25	26	28	29	83	#
221	1896606	0	1	2	6	7	8	9	10	11	12	13	14	15	16	17	18	19	20	21	22	24	25	26	27	33	83	#
222	1841950	6	7	8	9	10	12	13	14	15	16	17	18	19	20	21	22	23	24	25	26	27	28	29	34	35	83	#
223	1801227	0	4	6	7	8	12	13	14	15	16	18	19	20	21	22	24	25	26	27	28	31	32	33	34	44	83	#
224	121633	3	4	13	84	#
225	106770	12	13	18	84	#
226	116807	22	23	85	#
227	143638	16	22	85	#
228	72948	16	23	85	#
229	1005230	4	5	10	11	15	16	17	18	19	22	23	25	26	27	28	29	32	33	34	35	86	#
230	1243788	2	3	4	8	9	14	15	16	18	19	20	21	22	23	24	25	26	27	30	32	86	#
231	1187691	4	6	11	12	13	14	15	18	19	20	21	22	24	25	26	27	30	31	32	33	86	#
232	1167669	3	4	5	6	7	8	9	10	11	14	16	17	21	22	23	24	28	29	35	43	86	#
233	1160457	6	7	13	14	18	19	20	21	22	23	24	25	26	27	28	29	32	33	34	35	86	#
234	1122624	0	3	4	8	9	10	11	14	15	16	19	20	21	22	23	27	28	29	33	35	86	#
235	307575	26	27	31	32	33	87	#
236	352466	25	26	27	32	33	87	#
237	324587	19	25	26	27	28	87	#
238	250857	25	26	30	31	32	87	#
239	244411	4	5	11	32	33	87	#
240	163813	13	18	24	30	31	87	#
241	111324	28	34	88	#
242	157968	33	34	88	#
243	857665	7	8	9	10	14	15	16	17	21	22	23	27	28	89	#
244	865910	3	4	8	9	10	11	14	20	21	22	23	24	30	89	#
245	839641	3	8	9	10	11	15	16	17	20	21	22	23	28	89	#
246	837803	4	10	11	13	14	15	16	17	20	21	23	26	29	89	#
247	791687	7	8	12	13	14	15	18	19	20	21	22	25	26	89	#
248	756492	10	13	14	15	16	17	21	22	23	27	28	33	34	89	#
249	700644	6	12	13	14	18	19	20	21	25	26	90	#
250	856566	0	6	7	12	13	14	18	20	24	30	90	#
251	814197	7	8	9	14	15	16	17	20	22	23	90	#
252	742501	6	8	13	14	18	19	20	24	25	26	90	#
253	740725	13	14	18	19	20	24	25	26	30	31	90	#
254	720553	6	9	10	12	13	15	16	21	22	23	90	#
255	239077	4	5	10	11	16	91	#
256	287992	16	17	21	22	28	91	#
257	225257	4	5	9	10	16	91	#
258	175809	5	10	11	16	17	91	#
259	142577	4	10	11	17	23	91	#
260	925014	1	2	6	7	8	9	12	13	14	15	20	24	92	#
261	973313	1	3	4	6	7	8	9	10	14	15	16	20	92	#
262	913775	0	1	6	7	8	9	12	13	14	18	19	20	92	#
263	898970	0	1	2	7	8	9	12	13	16	18	19	22	92	#
264	853659	0	1	2	6	7	8	12	13	14	18	19	20	92	#
265	843634	0	1	2	6	7	8	9	12	13	18	19	42	92	#
266	372302	16	17	22	23	28	93	#
267	488584	9	15	16	21	22	93	#
268	425070	10	14	15	16	22	93	#
269	403969	11	16	17	22	23	93	#
270	297295	16	17	23	29	43	93	#
271	254960	28	29	33	34	38	93	#
272	272081	4	11	17	23	94	#
273	289031	4	11	17	26	94	#
274	250204	4	5	11	17	94	#
275	196874	22	23	28	29	94	#
276	794986	9	16	17	19	20	21	22	23	27	28	29	34	35	95	#
277	934284	4	9	10	11	14	15	16	17	22	23	28	29	34	95	#
278	839722	4	10	14	15	16	19	20	21	22	23	28	29	34	95	#
279	835901	4	5	9	10	11	16	17	21	22	23	28	29	34	95	#
280	832418	4	5	9	10	11	15	16	17	21	22	23	28	29	95	#
281	775121	3	9	14	15	16	21	22	23	26	27	28	29	34	95	#
282	714175	2	3	4	5	9	10	11	15	16	17	22	23	96	#
283	945917	0	1	2	3	4	5	7	8	9	10	11	16	96	#
284	860218	1	7	8	9	10	13	14	15	16	17	21	22	96	#
285	848788	3	4	5	9	10	11	14	15	16	17	19	20	96	#
286	848735	0	1	2	6	7	8	11	12	13	14	17	18	96	#
287	828741	0	6	9	10	12	13	14	15	16	18	19	21	96	#
288	724875	11	14	20	26	32	33	39	44	97	#
289	657583	14	15	18	19	20	21	25	26	97	#
290	594852	15	19	25	26	27	32	33	42	97	#
291	580412	7	8	14	27	32	33	34	35	97	#
292	502427	20	26	27	28	31	32	33	34	97	#
293	455746	1	2	3	4	5	9	10	11	97	#
294	706942	9	16	21	22	23	27	28	29	34	35	41	98	#
295	773580	3	9	11	15	16	17	21	22	23	28	29	98	#
296	772313	13	14	18	19	20	21	22	25	26	27	32	98	#
297	755777	14	15	21	22	26	27	28	29	32	34	35	98	#
298	752695	13	14	15	16	20	21	22	23	27	28	29	98	#
299	736462	9	15	16	17	21	22	23	27	28	29	33	98	#
300	955052	1	2	3	4	5	8	9	10	14	16	18	19	20	23	26	38	99	#
301	1089836	0	6	12	13	14	16	18	19	20	21	22	24	26	27	32	33	99	#
302	1017550	2	3	4	5	8	9	10	11	14	15	16	17	20	22	23	29	99	#
303	1012796	0	1	2	3	4	5	6	7	8	10	11	15	16	17	22	23	99	#
304	1009174	8	14	15	16	18	19	20	21	22	26	27	28	32	33	34	35	99	#
305	1009138	2	3	4	5	8	9	10	11	14	15	16	17	20	22	23	39	99	#
306	302144	15	21	22	23	28	100	#
307	416893	14	15	16	20	21	100	#
308	411340	21	22	27	33	34	100	#
309	362340	20	21	26	27	28	100	#
310	345649	21	22	23	29	35	100	#
311	326842	5	21	27	28	29	100	#
312	1932901	0	2	3	4	6	7	8	9	10	12	13	14	15	16	18	19	20	21	22	23	24	25	26	27	28	29	30	31	32	33	34	101	#
313	2045065	0	1	2	3	4	6	7	8	9	10	11	12	13	14	15	16	17	19	20	21	22	23	24	25	26	27	28	29	32	33	34	101	#
314	2020213	0	1	2	3	4	6	7	8	9	10	11	12	13	14	15	16	17	18	19	20	21	22	23	25	26	27	28	29	32	33	37	101	#
315	2004520	0	1	2	3	4	5	6	7	8	9	10	11	12	13	14	15	16	17	18	19	20	21	22	23	25	26	27	28	33	39	41	101	#
316	1968337	0	1	2	3	4	5	6	7	9	10	11	12	13	14	15	16	17	18	19	20	21	22	23	24	25	26	27	28	29	33	34	101	#
317	1948934	0	1	2	3	4	5	6	7	8	9	10	11	12	13	14	15	16	17	18	19	20	21	22	23	24	25	26	27	28	30	39	101	#
318	141530	4	11	#
319	242184	2	8	14	102	#
320	290393	7	8	9	102	#
321	146111	2	3	8	102	#
322	111443	13	14	18	102	#
323	1097977	4	10	11	16	17	20	21	22	23	25	26	27	28	29	31	32	33	34	35	103	#
324	1422933	3	4	8	9	10	11	14	15	16	17	20	21	22	23	24	26	28	29	32	103	#
325	1278189	2	3	8	9	10	14	15	16	20	21	22	23	27	28	29	32	33	34	35	103	#
326	1261158	6	7	8	12	14	20	21	22	23	26	27	28	29	31	32	33	34	35	42	103	#
327	1253373	4	7	8	10	14	15	16	17	20	21	22	23	24	25	26	27	28	29	33	103	#
328	1161360	7	8	13	14	15	16	18	20	21	22	23	26	27	28	29	32	33	34	35	103	#
329	532816	15	16	21	22	23	28	29	33	34	104	#
330	734131	2	4	5	7	8	9	10	14	16	104	#
331	686878	9	10	13	16	19	20	21	22	27	104	#
332	644875	15	16	17	20	21	22	23	27	28	104	#
333	636993	9	14	15	20	21	27	28	29	34	104	#
334	523964	16	17	21	22	23	29	33	34	35	104	#
335	37192	19	25	26	105	#
336	48608	24	25	33	105	#
337	592578	0	1	2	3	4	6	8	9	10	11	17	106	#
338	677045	1	2	3	6	7	8	14	15	20	26	40	106	#
339	637303	2	3	9	10	15	20	21	26	27	28	34	106	#
340	622992	2	3	4	9	10	11	15	16	20	21	28	106	#
341	618336	0	1	2	6	7	8	9	12	13	18	24	106	#
342	582918	1	6	7	12	13	18	19	20	24	25	26	106	#
343	234863	4	5	9	10	107	#
344	268149	4	9	10	16	107	#
345	250948	3	4	5	11	107	#
346	244072	9	10	16	23	107	#
347	228648	4	5	24	30	107	#
348	692865	0	1	6	7	12	13	18	19	20	21	28	33	34	108	#
349	854857	4	9	10	11	13	14	16	17	21	22	23	29	31	108	#
350	819194	6	7	9	12	13	14	15	16	18	19	20	21	22	108	#
351	799049	0	1	6	7	8	12	13	14	15	19	20	21	26	108	#
352	758062	1	6	7	8	9	10	11	12	13	16	17	23	29	108	#
353	748725	11	13	14	15	19	20	21	22	23	26	27	28	34	108	#
354	120905	18	19	25	29	109	#
355	146875	17	23	29	35	109	#
356	138432	13	18	24	25	109	#
357	478455	2	9	10	11	15	16	110	#
358	530459	4	9	10	11	16	22	110	#
359	515146	4	11	16	17	23	29	110	#
360	510862	9	10	11	16	17	23	110	#
361	455460	1	2	18	24	25	30	110	#
362	378511	9	15	16	21	22	28	110	#
363	208106	16	17	23	29	34	35	38	111	#
364	272627	8	9	16	23	29	34	35	111	#
365	175914	21	27	28	32	33	34	35	111	#
366	368527	15	21	26	27	28	32	36	112	#
367	531644	20	25	26	27	28	33	34	112	#
368	500332	3	9	10	15	16	17	36	112	#
369	435879	14	19	20	21	26	27	28	112	#
370	387006	1	2	3	7	26	27	28	112	#
371	354546	24	25	27	30	31	32	33	112	#
372	182494	2	8	113	#
373	160484	8	9	113	#
374	313313	7	8	9	12	28	34	35	114	#
375	464824	0	1	27	32	33	34	35	114	#
376	434866	21	22	27	28	29	32	33	114	#
377	400586	2	4	8	9	10	11	34	114	#
378	394253	7	8	9	13	14	18	24	114	#
379	360251	17	21	23	28	29	34	35	114	#
380	364345	12	13	18	19	20	21	26	115	#
381	419621	18	19	20	24	25	26	27	115	#
382	385408	1	7	13	14	18	19	24	115	#
383	350096	13	19	20	21	26	27	28	115	#
384	332306	13	19	20	21	25	26	27	115	#
385	326542	0	6	12	13	14	18	19	115	#
386	2122546	0	1	2	3	4	5	6	7	8	9	10	11	12	13	14	15	16	17	18	19	20	21	22	23	24	25	26	27	28	29	30	31	32	33	34	35	36	39	41	116	#
387	2137908	0	1	2	3	4	5	6	7	8	9	10	11	12	13	14	15	16	17	18	19	20	21	22	23	24	25	26	27	28	29	30	31	32	33	34	35	36	41	42	116	#
388	2130090	0	1	2	3	4	5	6	7	8	9	10	11	12	13	14	15	16	17	18	19	20	21	22	23	24	25	26	27	28	29	30	31	32	33	34	35	36	38	42	116	#
389	2129758	0	1	2	3	4	5	6	7	8	9	10	11	12	13	14	15	16	17	18	19	20	21	22	23	24	25	26	27	28	29	30	31	32	33	34	35	36	38	41	116	#
390	2115340	0	1	2	3	4	5	6	7	8	9	10	11	12	13	14	15	16	17	18	19	20	21	22	23	24	25	26	27	28	29	30	31	32	33	34	35	36	41	44	116	#
391	2107523	0	1	2	3	4	5	6	7	8	9	10	11	12	13	14	15	16	17	18	19	20	21	22	23	24	25	26	27	28	29	30	31	32	33	34	35	36	38	44	116	#
392	633091	14	20	21	22	26	27	28	33	117	#
393	614704	6	7	13	14	19	20	21	28	117	#
394	562088	12	13	14	15	18	20	21	27	117	#
395	530890	1	2	15	19	21	26	27	33	117	#
396	529662	4	9	11	16	17	22	23	28	117	#
397	526816	19	20	25	26	31	32	33	34	117	#
398	103016	14	#
399	360551	16	22	23	29	118	#
400	321401	22	27	28	34	118	#
401	317560	10	16	22	23	118	#
402	302846	17	23	29	35	118	#
403	258608	11	16	17	23	118	#
404	139859	8	32	119	#
405	158834	2	8	119	#
406	98689	32	33	119	#
407	281877	0	6	12	13	120	#
408	376028	0	1	6	7	120	#
409	337255	0	6	7	13	120	#
410	320649	0	1	6	12	120	#
411	219361	13	19	20	26	120	#
412	765031	15	16	21	22	23	25	26	27	28	29	30	31	32	33	34	35	121	#
413	1116005	6	12	13	14	16	19	20	21	22	23	25	26	27	32	33	37	121	#
414	1087068	6	7	13	18	19	20	21	22	25	26	27	28	32	33	34	35	121	#
415	1083497	1	7	8	12	13	14	15	18	19	20	21	25	26	27	32	33	121	#
416	1074545	6	7	12	13	18	19	20	21	24	25	26	27	30	31	32	37	121	#
417	1058711	0	6	9	11	12	13	14	15	16	17	19	20	22	23	26	29	121	#
418	993220	0	1	2	3	7	8	9	10	12	13	14	20	21	26	27	32	38	122	#
419	1156917	1	3	4	5	6	7	8	9	10	12	14	15	16	20	24	25	26	122	#
420	1138364	0	8	9	10	14	15	16	17	20	21	22	23	25	26	27	28	29	122	#
421	1081949	0	1	6	7	9	10	11	12	13	14	15	16	17	21	22	26	27	122	#
422	1074971	0	1	2	3	6	7	12	13	15	16	18	19	20	21	24	26	32	122	#
423	1057079	2	3	4	5	8	9	10	11	14	15	16	17	20	21	22	23	29	122	#
424	552934	3	7	8	9	15	16	21	22	23	28	123	#
425	743968	4	9	10	16	17	18	22	23	28	29	123	#
426	681748	1	2	3	4	8	9	10	11	16	17	123	#
427	654300	11	16	17	22	23	28	29	33	34	35	123	#
428	650985	1	3	4	6	7	8	9	10	11	17	123	#
429	626647	14	15	16	17	21	22	27	28	33	34	123	#
430	1089262	0	1	2	3	6	7	8	9	12	13	14	15	16	20	21	22	23	27	36	124	#
431	1230772	0	1	2	3	4	5	7	8	9	10	11	13	14	15	16	17	20	23	35	124	#
432	1191242	7	8	9	13	14	15	16	17	18	20	21	22	23	28	29	32	33	34	35	124	#
433	1176606	3	4	5	8	9	10	11	14	15	16	17	21	22	23	26	27	29	32	33	124	#
434	1133906	0	1	2	6	7	8	9	13	14	15	16	18	19	22	23	25	26	27	29	124	#
435	1131069	3	8	9	10	11	13	14	15	16	17	20	21	22	23	27	28	29	34	35	124	#
436	1568933	0	6	9	10	12	13	14	15	16	17	18	19	20	21	22	23	24	25	26	27	28	29	30	31	32	33	34	35	36	125	#
437	1926001	2	3	4	7	8	9	10	11	14	15	16	17	18	19	20	21	22	23	24	25	26	27	28	29	31	32	33	34	35	125	#
438	1922970	0	4	6	7	8	9	10	11	12	13	14	15	16	17	18	19	20	21	22	24	25	26	28	29	31	32	33	34	35	125	#
439	1890183	1	3	4	5	6	7	8	9	10	11	12	14	15	16	17	18	19	20	21	22	23	25	26	27	28	29	34	35	36	125	#
440	1872314	1	2	4	5	7	8	9	10	14	15	16	17	18	19	20	21	22	23	24	25	26	27	28	29	31	32	33	34	35	125	#
441	1850031	0	1	4	5	6	7	8	10	11	14	15	16	17	18	19	20	21	22	23	25	26	27	28	29	32	33	34	35	40	125	#
442	813609	2	3	4	5	10	11	14	15	16	17	21	22	23	27	28	33	126	#
443	1037539	0	1	2	3	4	6	7	8	9	12	13	14	15	20	21	22	126	#
444	1001196	3	8	9	15	16	21	22	26	27	28	29	32	33	34	35	36	126	#
445	982624	9	15	16	17	19	20	21	22	26	27	28	29	32	33	34	35	126	#
446	930211	2	3	4	5	8	9	10	11	17	20	21	22	23	28	29	42	126	#
447	907395	10	14	15	16	17	20	21	22	23	27	28	29	32	33	34	35	126	#
448	331416	16	21	22	23	28	29	35	127	#
449	435907	1	7	13	22	28	33	34	127	#
450	368443	21	22	27	28	29	34	35	127	#
451	360688	11	14	16	17	22	23	28	127	#
452	353618	9	10	13	14	15	16	23	127	#
453	338605	20	21	25	26	27	28	29	127	#
