%% File generated by CATS v.2.1Mon Aug 19 18:51:02 2019

%% The CATS webpage is http://robotics.stanford.edu/CATS

%% PARAMETER SETTINGS:
% Goods: 15; Bids: 600; Distribution: regions-upv; Runs: 10; Seed: 1566246896
% Regions Distribution Parameters:
% Max Substitutable Bids = 5
% Removing HV Neighbor   = 0.1
% Adding DIAG Neighbor   = 0.2
% Additional Location    = 0.9
% Jump Probability       = 0.05
% Additivity             = 0.2
% Budget Factor          = 1.5
% Resale Factor          = 0.5
% Uniform Private Value:
%   Deviation            = 0.5
%   Max Good Value       = 100



goods 15
bids 602
dummy 172

0	179631	2	14	15	#
1	181031	13	14	15	#
2	132528	2	5	15	#
3	55586	10	#
4	78347	1	2	#
5	348861	0	1	2	3	4	5	6	7	16	#
6	385105	0	1	2	3	4	5	7	10	16	#
7	372580	0	1	2	4	5	6	7	8	16	#
8	599081	0	1	2	3	4	5	6	7	8	17	#
9	583320	0	1	2	4	5	6	7	8	10	17	#
10	562027	0	1	2	4	5	6	7	8	12	17	#
11	582658	0	1	2	3	4	5	6	7	8	#
12	609622	0	1	2	3	4	5	6	7	8	13	14	18	#
13	595112	0	1	2	3	4	5	6	7	8	9	14	18	#
14	333030	0	1	2	3	4	5	6	7	12	146	#
15	390126	0	1	2	3	4	5	6	8	12	146	#
16	542999	0	2	3	4	5	6	7	8	9	146	#
17	137495	2	3	6	145	#
18	596268	0	1	2	3	4	5	7	8	14	19	#
19	538374	0	1	3	4	5	6	7	8	13	19	#
20	462799	0	1	2	3	4	5	6	7	12	19	#
21	133863	4	5	20	#
22	194763	2	5	20	#
23	629460	0	1	2	3	4	5	6	7	8	14	21	#
24	603771	0	1	2	3	4	5	6	7	8	12	21	#
25	598009	0	1	2	3	4	5	6	7	9	14	21	#
26	595608	0	1	2	3	4	5	6	7	8	9	21	#
27	593548	0	1	2	3	4	5	6	7	8	13	21	#
28	509530	0	1	3	4	5	6	7	8	22	#
29	585504	0	2	3	4	5	6	7	8	22	#
30	540246	1	2	3	4	5	6	7	8	22	#
31	502057	0	1	2	3	4	5	7	8	22	#
32	499651	0	1	2	4	5	6	7	8	22	#
33	487873	0	1	2	3	4	6	7	8	22	#
34	118156	1	3	4	145	#
35	328838	0	1	2	3	4	6	7	143	#
36	369411	0	1	2	3	4	5	6	143	#
37	420066	1	2	4	5	6	7	8	143	#
38	505874	0	1	2	3	5	6	8	143	#
39	211854	0	1	2	24	#
40	277801	0	3	8	24	#
41	130643	11	#
42	536020	0	2	3	5	6	7	8	143	#
43	532829	0	1	2	3	4	6	7	8	10	#
44	111422	14	#
45	194302	11	13	26	#
46	262670	7	13	26	#
47	254291	1	2	3	4	5	6	7	8	10	48	#
48	150882	4	7	9	27	#
49	183877	0	3	9	27	#
50	686498	0	1	3	4	6	7	8	9	11	13	14	#
51	147031	7	#
52	564350	0	1	2	5	6	7	8	28	#
53	522143	0	1	2	3	5	6	8	28	#
54	506792	1	2	4	6	7	8	14	28	#
55	490641	1	2	4	5	6	7	8	28	#
56	458473	0	1	2	4	5	6	8	28	#
57	659030	0	1	2	3	4	5	6	7	8	10	11	29	#
58	717653	0	1	2	3	4	5	6	7	8	11	13	29	#
59	696586	0	1	2	3	4	5	6	7	8	9	13	29	#
60	656952	0	1	2	3	4	5	6	7	8	10	13	29	#
61	647202	0	1	2	3	4	5	6	7	8	9	14	29	#
62	607568	0	1	2	3	4	5	6	7	8	10	14	29	#
63	52908	12	#
64	486930	0	1	2	3	5	6	7	143	#
65	410696	0	1	3	4	5	6	7	8	13	#
66	97002	9	#
67	42611	6	#
68	775479	0	1	2	3	4	5	6	7	8	11	13	14	31	#
69	760399	0	1	2	3	4	5	6	7	8	10	11	14	31	#
70	752277	0	1	2	3	4	5	6	7	8	11	12	14	31	#
71	697608	0	1	2	3	4	5	6	7	8	10	11	13	31	#
72	689486	0	1	2	3	4	5	6	7	8	11	12	13	31	#
73	679804	0	1	2	3	4	5	6	7	8	10	12	13	31	#
74	262655	1	2	3	4	5	32	#
75	356183	2	3	4	5	7	32	#
76	292658	0	1	2	3	11	32	#
77	279336	1	2	4	5	7	32	#
78	193253	0	1	3	4	5	32	#
79	163855	12	14	33	#
80	173728	12	13	33	#
81	165820	3	14	33	#
82	217297	3	6	7	34	#
83	255807	0	3	7	34	#
84	226458	4	5	7	34	#
85	213190	4	6	7	34	#
86	163112	3	6	#
87	135625	9	14	35	#
88	185866	9	13	35	#
89	169496	8	14	35	#
90	288757	1	4	6	7	36	#
91	355122	4	5	6	7	36	#
92	215217	0	1	3	4	36	#
93	86393	1	4	#
94	130473	13	#
95	502321	3	4	5	6	7	8	13	37	#
96	474102	0	3	4	5	6	7	8	37	#
97	431407	2	3	4	5	6	7	8	37	#
98	412137	1	3	4	5	6	7	8	37	#
99	400829	0	2	3	4	5	6	7	37	#
100	381558	0	1	3	4	5	6	7	37	#
101	638542	0	1	2	3	4	5	6	7	8	11	38	#
102	657626	0	1	2	3	4	5	6	7	8	14	38	#
103	601812	0	1	2	3	4	5	6	7	8	9	38	#
104	587430	0	1	2	3	4	5	6	7	13	142	#
105	239558	0	1	2	5	11	39	#
106	343789	2	5	8	11	14	39	#
107	280910	0	1	2	5	8	39	#
108	266082	0	1	2	3	6	39	#
109	193471	1	2	3	4	6	39	#
110	181409	1	2	4	5	7	39	#
111	40097	1	#
112	183693	10	11	40	#
113	199513	3	11	40	#
114	163947	11	14	41	#
115	187811	8	14	41	#
116	662176	0	1	2	3	4	5	6	7	8	11	42	#
117	658641	0	1	2	3	4	5	6	7	8	13	42	#
118	640547	0	1	2	3	4	5	6	7	8	14	42	#
119	626769	0	1	2	3	4	5	6	7	8	9	42	#
120	601035	0	1	2	3	4	5	6	7	8	12	42	#
121	640269	0	1	2	3	4	5	6	7	11	142	#
122	350288	1	2	4	5	8	43	#
123	440124	2	4	5	7	8	43	#
124	382480	2	5	7	8	10	43	#
125	261608	0	1	3	4	7	43	#
126	244740	0	1	2	3	4	43	#
127	229961	0	1	2	4	5	43	#
128	599180	0	1	2	3	4	5	6	7	8	142	#
129	582028	0	1	2	3	4	5	7	8	13	44	#
130	542289	0	1	2	3	4	5	7	8	9	44	#
131	476070	0	1	3	4	5	6	7	8	12	44	#
132	586674	0	1	2	3	4	5	6	7	8	10	12	45	#
133	844095	0	1	2	3	4	5	6	7	8	11	14	45	#
134	777180	0	1	2	3	4	5	6	7	8	9	11	45	#
135	747818	0	1	2	3	4	5	6	7	8	10	13	45	#
136	746635	0	1	2	3	4	5	6	7	8	9	14	45	#
137	680401	0	1	2	3	4	5	6	7	8	12	14	45	#
138	104929	0	1	2	3	#
139	343381	0	1	4	5	6	7	8	9	10	46	#
140	437445	0	1	2	3	4	5	8	10	11	46	#
141	401774	0	1	2	3	4	5	8	9	13	46	#
142	327715	0	1	2	3	4	6	10	141	#
143	612636	0	1	2	3	4	5	6	7	8	47	#
144	568732	0	2	3	4	5	6	7	8	10	47	#
145	527287	0	1	2	3	4	5	6	8	12	47	#
146	344545	0	1	2	3	4	5	6	141	#
147	370556	0	1	2	4	5	6	7	8	11	48	#
148	340044	0	1	2	4	5	6	7	8	14	48	#
149	319351	0	1	2	4	5	6	7	8	12	48	#
150	324827	0	1	2	3	4	6	7	10	49	#
151	368107	0	1	2	3	4	5	6	7	49	#
152	356571	0	1	2	3	4	6	7	8	49	#
153	351878	0	1	2	4	5	6	7	9	49	#
154	300978	0	1	2	3	4	5	6	10	49	#
155	357608	1	2	3	4	5	6	7	8	50	#
156	424431	2	3	4	5	6	7	8	14	50	#
157	406958	0	2	3	4	5	6	7	8	50	#
158	396312	2	3	4	5	6	7	8	12	50	#
159	350249	0	1	2	4	5	6	7	8	50	#
160	320242	0	1	3	4	5	6	7	8	50	#
161	272505	0	1	3	4	5	51	#
162	307406	2	4	5	6	7	51	#
163	296098	0	1	3	4	7	51	#
164	291711	3	4	5	6	7	51	#
165	287977	0	1	2	3	4	51	#
166	278828	1	2	3	4	5	51	#
167	619178	0	1	2	3	4	5	6	7	8	52	#
168	711340	1	2	3	4	5	6	7	8	11	52	#
169	657946	1	2	3	4	5	6	7	8	13	52	#
170	670994	0	1	2	3	4	5	6	7	8	9	53	#
171	665141	0	1	2	3	4	5	6	7	8	11	53	#
172	636998	0	1	2	3	4	5	6	7	8	14	53	#
173	609197	0	1	2	3	4	5	6	7	8	13	53	#
174	645883	0	1	2	3	4	5	6	7	8	54	#
175	626517	0	1	2	3	4	5	6	8	14	54	#
176	584929	1	2	3	4	5	6	7	8	12	54	#
177	184616	7	14	55	#
178	164294	6	7	55	#
179	677219	0	1	2	3	4	5	6	7	8	56	#
180	719751	0	2	3	4	5	6	7	8	12	56	#
181	673667	1	2	3	4	5	6	7	8	14	56	#
182	194394	3	13	57	#
183	149204	2	13	57	#
184	612821	2	4	5	6	7	8	13	58	#
185	621160	2	4	5	6	7	11	13	58	#
186	539865	2	3	4	5	6	7	8	58	#
187	490171	1	2	4	5	6	7	8	58	#
188	460282	1	2	3	4	5	7	8	58	#
189	324714	0	1	2	4	5	59	#
190	367957	0	1	2	3	4	59	#
191	311136	1	2	4	5	8	59	#
192	301827	0	1	3	4	6	59	#
193	235222	7	8	60	#
194	201190	5	8	#
195	167971	6	7	60	#
196	532891	1	2	4	7	8	11	13	61	#
197	515590	0	3	4	6	7	8	11	61	#
198	515231	0	1	2	4	5	7	8	61	#
199	482872	1	2	4	5	6	7	8	61	#
200	450849	1	2	3	4	6	7	8	61	#
201	450771	0	1	3	4	6	7	8	61	#
202	102716	0	3	62	#
203	103655	3	4	62	#
204	65794	0	1	62	#
205	403987	2	4	5	6	7	8	63	#
206	506785	2	3	5	6	7	8	63	#
207	434071	3	5	6	7	8	12	63	#
208	409257	3	4	5	6	7	8	63	#
209	404838	1	2	5	6	7	8	63	#
210	345926	0	1	2	3	4	6	8	141	#
211	639687	0	1	2	4	5	6	7	8	14	64	#
212	549447	0	1	2	3	4	5	6	7	9	64	#
213	798072	0	1	2	3	4	5	6	7	8	11	65	#
214	866679	0	1	2	3	4	5	6	7	8	14	65	#
215	802073	0	1	2	3	4	5	6	7	8	13	65	#
216	792634	0	1	2	3	4	5	6	7	8	9	65	#
217	777112	0	1	2	3	4	5	6	7	8	12	65	#
218	742396	3	4	5	6	7	8	9	10	11	13	65	#
219	433590	0	1	3	4	5	6	7	8	12	66	#
220	561396	0	3	4	5	6	7	8	11	12	66	#
221	363060	0	1	2	3	4	6	7	141	#
222	420885	0	3	4	6	7	10	11	12	13	66	#
223	372896	1	2	3	4	6	7	8	141	#
224	605438	1	2	3	4	5	6	7	8	9	14	139	#
225	632782	0	1	2	3	4	5	6	7	8	13	139	#
226	385569	1	2	3	4	6	7	8	126	#
227	384667	0	1	3	4	6	7	138	#
228	394670	2	3	4	5	6	8	138	#
229	400738	1	3	4	5	6	7	138	#
230	587253	0	1	2	3	4	5	6	7	8	14	#
231	404493	0	3	4	5	6	7	138	#
232	247546	4	5	6	7	8	69	#
233	361322	2	5	6	7	8	69	#
234	342197	2	4	5	7	8	69	#
235	278432	3	4	6	7	8	69	#
236	257601	3	4	5	6	7	69	#
237	246085	0	3	4	6	7	69	#
238	406468	0	1	2	3	4	5	138	#
239	363916	0	1	2	3	4	6	138	#
240	603241	0	1	2	3	4	5	6	7	8	13	137	#
241	395541	0	1	3	4	6	7	8	126	#
242	645259	0	1	3	4	5	6	7	8	11	14	137	#
243	205253	1	2	3	4	5	6	7	136	#
244	251888	0	1	3	4	5	6	7	136	#
245	259033	0	1	2	4	5	6	7	136	#
246	290009	2	3	4	5	6	7	8	136	#
247	336644	0	3	4	5	6	7	8	136	#
248	316740	0	2	3	4	5	6	7	136	#
249	633801	0	1	2	3	4	5	6	7	8	12	72	#
250	797617	0	1	2	3	4	5	6	7	8	11	72	#
251	743290	0	1	2	3	4	5	6	7	8	14	72	#
252	739147	0	1	2	3	4	5	6	7	8	13	72	#
253	726722	0	1	2	3	4	5	6	7	8	10	72	#
254	611049	1	2	3	4	5	6	7	8	12	13	72	#
255	597404	0	1	2	3	4	5	6	7	8	12	135	#
256	443361	0	1	3	4	5	7	8	126	#
257	604450	0	1	2	3	4	5	6	7	8	9	135	#
258	647520	0	1	2	3	4	5	6	7	8	10	135	#
259	551319	0	1	2	4	5	6	7	8	9	14	73	#
260	550800	0	1	2	4	5	6	7	8	9	12	73	#
261	384911	0	1	2	3	4	5	6	7	74	#
262	435069	0	1	2	4	5	6	7	8	74	#
263	416298	0	1	3	4	5	6	7	8	74	#
264	401985	0	1	2	3	4	6	7	8	74	#
265	378816	1	2	3	4	5	6	7	8	74	#
266	204978	5	8	9	75	#
267	230105	5	7	8	75	#
268	310279	0	1	2	3	5	6	162	#
269	656695	0	1	2	3	4	5	6	7	8	14	135	#
270	563502	0	2	3	4	5	6	7	8	11	76	#
271	557003	0	1	2	4	5	6	7	8	11	76	#
272	690294	0	1	2	3	4	5	6	7	8	11	135	#
273	638652	1	2	3	4	5	6	7	8	13	77	#
274	538337	0	1	2	3	4	6	7	8	12	77	#
275	516928	0	1	3	4	5	6	7	8	10	77	#
276	241286	0	1	3	4	6	7	78	#
277	341617	1	4	5	6	7	8	78	#
278	325406	0	1	2	4	5	8	78	#
279	274368	0	1	2	3	4	5	78	#
280	258520	1	2	3	4	6	7	78	#
281	193679	0	1	4	10	11	134	#
282	637420	0	1	2	4	5	6	7	8	13	79	#
283	510888	0	1	2	3	4	5	6	8	12	79	#
284	296839	1	2	3	4	6	80	#
285	419094	4	5	6	7	8	80	#
286	383862	0	1	3	6	7	80	#
287	373621	1	2	4	5	8	80	#
288	302534	0	1	2	3	4	80	#
289	293307	0	1	3	4	6	80	#
290	208766	0	1	2	3	4	134	#
291	548473	1	2	4	5	6	7	8	10	11	81	#
292	459868	0	1	2	4	5	7	8	126	#
293	502693	1	2	3	4	5	6	7	8	14	81	#
294	22055	2	#
295	427016	3	5	6	7	8	82	#
296	400682	2	3	4	5	7	82	#
297	395097	2	4	5	6	7	82	#
298	365024	4	5	6	7	8	82	#
299	364695	0	3	4	6	7	82	#
300	309789	0	3	4	5	6	82	#
301	136010	8	#
302	216225	0	1	3	4	6	134	#
303	632805	0	2	3	4	5	6	7	8	13	83	#
304	591372	0	2	3	4	5	6	7	8	9	83	#
305	567086	0	1	3	4	5	6	7	8	13	83	#
306	332867	1	2	5	6	7	8	162	#
307	172754	7	8	#
308	220481	9	13	85	#
309	260949	7	13	85	#
310	412319	1	2	3	4	5	6	7	8	86	#
311	522059	0	1	2	3	5	7	8	14	86	#
312	512996	0	1	2	5	6	7	8	11	86	#
313	492637	1	2	3	5	6	7	8	10	86	#
314	441656	0	2	3	4	5	6	7	8	86	#
315	362204	0	1	2	3	4	5	6	7	86	#
316	248948	0	1	4	6	7	134	#
317	418213	0	1	3	4	6	7	8	10	11	#
318	704417	0	1	2	3	4	5	6	7	8	9	11	14	88	#
319	762237	0	1	2	3	4	5	6	7	8	11	13	14	88	#
320	716258	0	1	2	3	4	5	6	7	8	9	11	13	88	#
321	688619	0	1	2	3	4	5	6	7	8	11	12	14	88	#
322	641306	0	1	2	3	4	5	6	7	8	9	10	11	88	#
323	620850	0	1	2	3	4	5	6	7	8	12	13	14	88	#
324	337022	5	6	7	8	89	#
325	363972	5	7	8	13	89	#
326	356453	3	6	7	8	89	#
327	262313	4	6	7	8	89	#
328	474245	4	5	6	7	8	90	#
329	463781	2	4	5	8	13	90	#
330	213167	1	3	4	6	7	90	#
331	285983	1	3	4	6	7	134	#
332	343746	0	1	2	4	5	6	7	126	#
333	415635	0	1	2	3	4	5	6	7	9	91	#
334	318504	0	1	2	3	4	5	6	7	10	91	#
335	307372	0	1	4	7	11	134	#
336	485371	0	1	2	3	4	5	6	7	11	#
337	362043	3	4	5	6	7	8	162	#
338	631497	0	1	2	3	4	5	6	7	8	9	132	#
339	459438	0	1	2	3	4	5	6	8	12	93	#
340	430669	0	1	2	3	4	5	6	7	12	93	#
341	291958	0	1	3	4	6	7	9	112	#
342	84836	3	#
343	204648	3	4	6	95	#
344	204975	4	6	7	95	#
345	188705	4	5	6	95	#
346	389388	3	4	5	7	8	12	96	#
347	380274	3	4	5	6	7	9	96	#
348	371167	3	4	5	6	7	8	96	#
349	361855	4	7	8	11	12	14	96	#
350	264178	0	1	4	6	7	8	96	#
351	241250	1	2	3	4	5	6	96	#
352	459683	0	1	2	3	4	7	8	97	#
353	439651	0	1	2	4	6	7	8	97	#
354	401657	1	2	4	5	6	7	8	97	#
355	341002	0	1	2	3	4	6	7	97	#
356	344090	2	5	8	14	98	#
357	324908	4	5	7	8	98	#
358	272680	2	4	5	11	98	#
359	158964	1	4	13	14	98	#
360	516142	0	1	4	5	6	7	8	99	#
361	561690	0	1	3	4	6	7	8	99	#
362	500063	1	3	4	5	6	7	8	99	#
363	243656	0	1	4	6	7	100	#
364	292815	4	5	6	7	8	100	#
365	275651	0	3	4	6	7	100	#
366	240647	1	4	6	7	8	100	#
367	204423	0	1	2	3	4	100	#
368	151832	0	1	3	4	6	100	#
369	673025	0	1	2	3	4	5	6	7	8	14	132	#
370	589122	0	1	2	3	4	5	7	8	13	101	#
371	510435	0	1	2	3	4	5	7	8	10	101	#
372	430423	0	1	3	4	5	6	7	8	10	101	#
373	734391	0	1	2	3	4	5	6	7	8	11	132	#
374	853240	0	1	2	3	4	5	6	7	8	13	14	102	#
375	770418	0	1	2	3	4	5	6	7	8	9	14	102	#
376	733283	0	1	2	3	4	5	6	7	8	10	13	102	#
377	732988	0	1	2	3	4	5	6	7	8	9	11	102	#
378	720192	1	2	4	5	6	7	8	10	11	12	13	102	#
379	735508	0	1	2	3	4	5	6	7	8	13	132	#
380	420140	0	1	2	3	4	5	6	7	14	#
381	407964	0	1	2	3	4	5	6	7	104	#
382	437250	1	2	3	4	5	6	7	8	104	#
383	434156	1	2	3	4	5	6	7	9	104	#
384	433774	0	1	3	4	5	6	7	8	104	#
385	762465	0	3	4	5	6	7	8	10	11	12	132	#
386	545953	0	1	3	4	6	7	8	9	13	106	#
387	483223	0	1	2	3	4	6	7	8	13	106	#
388	672486	0	1	2	3	4	5	6	7	8	12	132	#
389	261864	0	1	2	4	5	12	131	#
390	320966	0	1	2	3	4	5	131	#
391	333121	1	2	4	5	7	8	131	#
392	370360	0	1	3	4	5	8	131	#
393	248624	1	2	5	6	8	10	108	#
394	297846	1	2	4	5	7	8	108	#
395	241893	1	2	3	4	5	8	108	#
396	233266	1	2	4	5	6	11	108	#
397	232935	1	4	5	6	7	10	108	#
398	185632	0	1	3	4	5	6	108	#
399	390538	0	1	3	4	5	7	131	#
400	552607	0	1	3	4	5	6	7	8	11	109	#
401	532633	0	1	2	3	4	5	7	8	10	109	#
402	162475	9	11	12	110	#
403	228994	5	8	9	110	#
404	168679	1	2	12	110	#
405	209828	6	7	111	#
406	266998	7	8	111	#
407	482010	1	2	3	4	5	7	8	112	#
408	488646	2	3	4	5	6	7	8	112	#
409	401542	1	2	4	5	6	7	8	112	#
410	355165	1	2	3	4	5	8	12	112	#
411	612348	0	1	2	3	4	5	6	7	8	113	#
412	706858	0	1	3	4	5	6	7	8	14	113	#
413	592381	1	2	3	4	5	6	7	8	10	113	#
414	585584	0	1	2	3	4	6	7	8	12	113	#
415	375947	0	1	3	6	7	8	162	#
416	263774	4	7	8	114	#
417	221314	2	5	8	114	#
418	132055	2	4	5	114	#
419	312695	3	4	6	7	12	115	#
420	336147	2	3	4	5	8	115	#
421	334255	0	3	4	6	7	115	#
422	230029	1	3	4	6	7	115	#
423	233516	5	8	130	#
424	446278	0	1	2	3	4	6	7	8	14	#
425	195753	7	8	130	#
426	636663	1	2	3	4	5	6	7	8	11	#
427	764490	0	1	2	3	4	5	6	7	8	11	13	14	118	#
428	802416	0	1	2	3	4	5	6	7	8	9	11	13	118	#
429	744153	0	1	2	3	4	5	6	7	8	9	11	14	118	#
430	725460	0	1	2	3	4	5	6	7	8	10	11	13	118	#
431	718260	0	1	2	3	4	5	6	7	8	9	11	12	118	#
432	706913	0	1	2	3	4	5	6	7	8	9	10	13	118	#
433	118413	0	3	119	#
434	107258	3	6	119	#
435	282992	2	5	8	120	#
436	404967	0	1	2	3	5	13	162	#
437	140977	1	2	5	120	#
438	221926	9	11	121	#
439	222471	9	13	121	#
440	167484	5	11	121	#
441	111081	0	4	6	122	#
442	139434	1	4	7	122	#
443	680530	0	1	2	3	4	5	6	7	8	14	123	#
444	662308	0	1	2	3	4	5	6	7	8	13	123	#
445	653494	0	1	2	3	4	5	6	7	8	11	123	#
446	644598	0	1	2	3	4	5	6	7	8	12	123	#
447	626214	0	1	2	3	4	5	6	7	8	9	123	#
448	592549	1	2	3	4	5	6	7	8	9	14	123	#
449	475045	2	3	4	5	6	7	8	124	#
450	548371	0	1	2	3	4	7	8	124	#
451	535041	0	1	2	4	5	7	8	124	#
452	524189	1	2	3	4	5	7	8	124	#
453	456906	1	2	3	4	6	7	8	124	#
454	398038	0	1	3	4	5	6	7	124	#
455	228337	0	1	2	3	4	129	#
456	389243	1	2	4	5	6	7	8	126	#
457	126488	5	#
458	348477	3	4	5	7	8	129	#
459	384966	1	2	4	7	8	129	#
460	652769	0	1	2	3	4	5	6	7	8	147	#
461	765538	0	1	2	3	4	5	8	11	14	147	#
462	625331	0	1	2	3	4	5	6	7	8	10	148	#
463	713363	1	2	3	4	5	6	7	8	11	13	148	#
464	690375	1	2	3	4	5	6	7	8	10	13	148	#
465	678311	0	1	2	3	4	5	6	7	8	14	148	#
466	678006	0	1	2	3	4	5	6	7	8	13	148	#
467	663567	0	1	2	3	4	5	6	7	8	9	148	#
468	512335	1	3	4	6	7	8	9	12	13	14	149	#
469	530191	0	1	2	3	4	5	6	7	8	9	149	#
470	513144	0	1	2	3	4	5	6	7	8	11	149	#
471	550128	0	2	3	4	5	6	7	8	12	150	#
472	606937	0	2	3	4	5	6	7	8	9	150	#
473	584512	0	1	2	3	4	5	6	8	151	#
474	604677	0	1	2	3	4	5	6	11	151	#
475	593812	0	1	2	4	5	6	7	8	151	#
476	586624	1	2	3	4	5	6	7	8	151	#
477	574425	0	1	2	3	4	5	7	8	151	#
478	529998	0	1	2	3	4	5	6	14	151	#
479	785117	0	1	2	3	4	5	6	7	8	11	14	152	#
480	779984	0	1	2	3	4	5	6	7	8	10	11	152	#
481	717739	0	1	2	3	4	5	6	7	8	11	12	152	#
482	716612	0	1	2	3	4	5	6	7	8	10	13	152	#
483	676594	0	1	2	3	4	5	6	7	8	9	10	152	#
484	654368	0	1	2	3	4	5	6	7	8	12	13	152	#
485	627570	0	1	2	3	4	5	6	7	8	13	153	#
486	630788	0	1	2	3	4	5	6	7	8	14	153	#
487	628649	4	5	6	7	8	9	10	11	12	13	153	#
488	594089	0	1	2	3	4	5	6	7	8	9	153	#
489	525376	0	1	2	3	4	5	6	7	8	10	153	#
490	424264	0	1	2	3	4	5	6	7	8	168	#
491	337872	0	1	2	3	5	8	162	#
492	534807	0	1	2	3	4	5	6	7	8	12	160	#
493	129547	3	4	5	#
494	147009	2	14	156	#
495	190047	2	5	156	#
496	58058	4	14	156	#
497	297917	0	1	2	3	4	5	6	8	9	157	#
498	350992	0	1	2	3	4	5	6	8	11	157	#
499	589415	0	1	2	3	4	5	7	8	9	12	14	158	#
500	685032	0	1	2	3	4	5	6	7	8	11	14	158	#
501	663125	0	1	2	3	4	5	6	7	8	13	14	158	#
502	298017	0	3	4	5	6	7	159	#
503	351186	2	4	5	6	7	8	159	#
504	307636	1	2	4	5	7	8	159	#
505	217533	0	1	2	3	4	7	159	#
506	170305	0	1	3	4	6	7	159	#
507	669529	0	1	2	3	4	5	6	7	8	11	160	#
508	646534	0	1	2	3	4	5	6	7	8	14	160	#
509	636042	0	1	2	3	4	5	6	7	8	13	160	#
510	614638	0	1	2	3	4	5	6	7	8	9	160	#
511	590941	0	1	2	3	4	5	6	7	8	10	160	#
512	605310	0	1	2	3	4	5	6	7	8	163	#
513	640842	0	1	2	3	4	5	6	8	13	163	#
514	636887	0	1	2	3	4	5	6	8	14	163	#
515	547842	0	1	3	4	5	6	7	8	12	163	#
516	537059	0	2	3	4	5	6	7	8	10	163	#
517	597787	1	2	3	4	5	6	7	8	164	#
518	609864	0	1	2	3	4	5	8	14	164	#
519	565720	1	2	3	4	6	7	8	13	164	#
520	561443	0	1	2	3	4	5	6	7	164	#
521	551470	0	1	3	4	5	6	7	8	164	#
522	527730	0	1	2	3	4	5	6	8	164	#
523	409420	2	4	5	7	8	165	#
524	427256	4	5	6	7	8	165	#
525	386244	3	4	5	6	7	165	#
526	379466	3	4	6	7	8	165	#
527	373658	3	4	5	6	8	165	#
528	177287	1	2	4	5	9	165	#
529	530362	1	2	3	4	5	6	7	8	12	#
530	502287	0	1	2	3	4	6	7	8	11	168	#
531	486000	0	1	2	3	4	5	6	8	11	168	#
532	446969	0	1	2	3	4	5	6	8	13	168	#
533	653185	0	1	2	3	4	5	6	7	8	11	169	#
534	656169	0	1	2	3	4	5	6	7	8	14	169	#
535	617238	0	1	2	3	4	5	6	7	9	11	169	#
536	567616	0	1	2	3	4	5	6	7	8	12	169	#
537	499518	0	1	2	3	4	5	6	7	8	10	169	#
538	645688	0	1	2	3	4	5	6	7	8	11	12	171	#
539	716626	0	1	2	3	4	5	6	7	8	11	13	171	#
540	652859	0	1	2	3	4	5	6	7	8	10	13	171	#
541	665199	0	2	3	4	5	7	8	11	172	#
542	647400	0	1	2	3	4	5	7	8	172	#
543	632669	0	2	3	4	5	6	7	8	172	#
544	614191	5	7	8	9	11	12	13	14	172	#
545	573007	0	1	2	3	4	6	7	8	172	#
546	509529	0	1	2	3	4	5	6	7	172	#
547	479034	1	2	4	5	6	7	8	10	11	173	#
548	626827	0	1	2	3	5	6	7	8	9	173	#
549	610299	0	1	2	5	6	7	8	10	13	173	#
550	421545	3	5	6	7	8	174	#
551	335072	0	1	3	6	7	174	#
552	328830	4	5	6	7	8	174	#
553	284081	3	4	6	7	8	174	#
554	269137	0	3	4	6	7	174	#
555	414800	0	1	3	4	6	7	8	10	13	175	#
556	432032	0	1	3	4	5	6	7	8	12	175	#
557	325586	0	1	4	5	6	176	#
558	426792	0	1	2	5	13	176	#
559	335141	3	4	5	6	7	176	#
560	303796	0	1	2	4	5	176	#
561	284667	2	3	4	5	6	176	#
562	250173	1	2	4	6	7	176	#
563	399472	2	3	4	5	6	7	8	9	10	13	177	#
564	411080	0	1	2	3	4	5	6	7	8	13	177	#
565	222104	2	13	178	#
566	135834	2	5	178	#
567	133094	6	13	178	#
568	343148	3	4	5	7	179	#
569	310859	4	5	6	7	179	#
570	265776	3	4	5	6	179	#
571	262391	1	3	4	7	179	#
572	166818	1	4	5	6	179	#
573	108389	0	1	180	#
574	148675	1	2	180	#
575	331110	2	5	14	181	#
576	255442	2	4	5	181	#
577	212657	3	4	14	181	#
578	550946	1	2	4	5	6	7	8	182	#
579	536832	2	3	4	5	6	7	8	182	#
580	522448	1	2	4	5	6	8	9	182	#
581	519136	1	3	4	5	6	7	8	182	#
582	505987	1	2	4	5	7	8	11	182	#
583	491646	0	1	2	4	5	7	8	182	#
584	616438	0	1	2	3	4	5	6	7	8	14	183	#
585	642733	1	2	3	4	5	6	7	8	9	14	183	#
586	595220	0	1	2	3	4	5	6	7	8	9	183	#
587	573835	0	1	2	3	4	5	6	7	8	11	183	#
588	571616	0	1	2	3	4	5	6	7	8	12	183	#
589	501690	0	1	2	3	4	5	6	7	8	10	183	#
590	212600	7	8	184	#
591	205361	5	8	184	#
592	151053	4	7	184	#
593	323432	0	1	2	4	5	6	7	8	10	185	#
594	526705	0	1	2	3	4	5	7	8	11	185	#
595	455016	1	2	3	4	5	6	7	8	14	185	#
596	432063	0	1	2	3	4	5	7	8	12	185	#
597	393826	0	1	2	3	4	5	6	7	14	185	#
598	588360	0	1	2	3	4	5	6	7	8	9	186	#
599	631149	0	2	3	4	5	6	7	8	9	12	186	#
600	618417	0	1	2	3	4	5	6	7	8	13	186	#
601	601807	0	1	2	3	4	5	6	7	8	11	186	#
