%% File generated by CATS v.2.1Mon Aug 19 20:37:32 2019

%% The CATS webpage is http://robotics.stanford.edu/CATS

%% PARAMETER SETTINGS:
% Goods: 65; Bids: 1300; Distribution: regions; Runs: 10; Seed: 1566265885
% Regions Distribution Parameters:
% Max Substitutable Bids = 5
% Removing HV Neighbor   = 0.1
% Adding DIAG Neighbor   = 0.2
% Additional Location    = 0.9
% Jump Probability       = 0.05
% Additivity             = 0.2
% Budget Factor          = 1.5
% Resale Factor          = 0.5
% Uniform Private Value:
%   Deviation            = 0.5
%   Max Good Value       = 100



goods 65
bids 1300
dummy 239

0	422509	18	37	44	45	46	52	53	65	#
1	557382	30	31	37	38	44	45	53	65	#
2	506991	1	9	10	11	33	38	46	65	#
3	499807	37	45	46	52	53	60	61	65	#
4	476337	1	10	11	12	18	19	20	65	#
5	465391	29	35	36	37	45	53	54	65	#
6	444156	3	4	10	11	18	19	20	28	66	#
7	549185	1	2	10	11	18	19	26	61	66	#
8	519705	3	11	18	19	20	26	27	35	66	#
9	511984	11	18	19	20	26	27	28	29	66	#
10	506645	11	18	19	20	26	27	35	36	66	#
11	489566	10	11	18	19	20	26	28	29	66	#
12	2066258	1	2	8	9	10	13	16	17	18	19	21	22	23	24	25	26	27	28	29	32	33	34	35	40	41	43	44	48	49	51	52	53	56	57	58	60	67	#
13	2213776	1	2	3	4	8	9	10	11	15	16	17	19	21	22	23	24	25	26	27	28	29	32	33	34	35	37	38	40	41	43	44	48	51	52	56	60	67	#
14	2213077	1	2	3	4	5	8	9	10	11	12	13	14	16	17	18	19	20	21	22	23	25	26	29	30	31	32	33	34	35	37	38	39	40	41	42	43	67	#
15	2186496	2	3	4	5	6	7	12	13	14	15	19	20	21	22	23	28	29	30	31	32	33	34	37	38	39	40	41	43	44	45	47	52	53	54	55	61	67	#
16	2184361	2	4	5	6	8	9	10	12	13	14	15	16	18	19	20	21	22	23	24	25	26	27	29	30	31	32	33	34	35	37	41	43	51	56	58	59	67	#
17	2180785	1	2	3	6	9	10	11	14	15	17	18	19	21	22	23	25	26	32	33	34	35	40	41	43	44	45	47	51	52	53	54	55	57	58	60	61	67	#
18	1108273	3	4	5	11	12	13	14	15	20	21	22	23	27	28	29	30	41	48	49	57	68	#
19	1467456	2	3	4	5	6	11	12	13	14	15	20	21	22	27	28	29	30	35	37	38	68	#
20	1380292	3	4	5	6	10	12	13	14	15	18	19	20	21	22	27	28	29	30	35	38	68	#
21	1377890	1	2	3	4	5	6	8	9	10	12	13	14	15	18	19	22	26	27	35	43	68	#
22	1311236	4	9	12	13	14	17	18	19	20	21	22	25	26	27	28	29	30	35	37	38	68	#
23	1284439	4	5	12	13	18	20	21	22	25	26	27	28	29	30	31	35	37	38	39	43	68	#
24	253963	45	51	52	53	54	58	59	69	#
25	331650	45	46	52	53	54	62	63	69	#
26	279867	45	51	52	53	58	59	60	69	#
27	242830	39	44	45	46	47	52	53	69	#
28	250219	36	37	45	53	70	#
29	255215	37	45	53	61	70	#
30	247427	37	45	52	53	70	#
31	223658	20	27	28	36	70	#
32	139459	43	53	54	61	70	#
33	656432	36	37	44	45	46	51	52	53	58	59	60	61	71	#
34	777606	30	38	44	45	46	52	53	54	55	59	60	61	71	#
35	744011	37	38	44	45	46	47	52	53	54	55	60	61	71	#
36	717029	30	36	37	38	44	45	46	47	52	53	54	60	71	#
37	712762	36	37	38	44	45	46	52	53	54	59	60	61	71	#
38	705729	37	45	46	51	52	53	54	55	58	59	60	61	71	#
39	154609	6	7	#
40	178584	5	6	13	14	72	#
41	154980	4	5	13	14	72	#
42	1152682	16	17	24	25	26	27	33	34	35	40	41	43	44	48	49	54	56	57	73	#
43	1420623	14	19	21	22	27	28	29	30	35	36	37	38	44	45	46	47	52	53	73	#
44	1420150	22	30	36	37	38	44	45	46	51	52	53	54	55	58	59	60	62	63	73	#
45	1370845	27	29	33	34	35	36	37	38	43	44	45	46	52	53	54	55	60	61	73	#
46	1364976	19	25	26	27	32	33	35	36	37	38	40	44	45	46	47	52	54	55	73	#
47	1351455	16	17	24	25	32	33	34	35	36	37	38	40	41	42	44	45	46	48	73	#
48	87279	35	#
49	1146058	17	24	25	26	27	32	33	34	40	41	42	43	44	48	56	57	74	#
50	1185186	22	23	30	31	32	33	34	40	41	42	43	48	51	52	56	57	74	#
51	1171869	11	16	19	24	25	26	27	32	33	34	35	36	40	48	56	57	74	#
52	1163243	3	4	11	19	27	32	33	34	40	41	42	43	48	49	56	57	74	#
53	1143144	12	19	20	28	30	34	36	37	38	43	44	45	51	52	53	60	74	#
54	1076387	8	11	16	17	19	24	25	26	27	32	33	40	41	42	43	48	74	#
55	440236	16	24	25	32	40	75	#
56	333436	32	40	41	48	56	75	#
57	316774	17	24	25	32	33	75	#
58	313355	9	16	17	18	25	75	#
59	228214	2	3	#
60	933880	0	3	8	11	16	17	18	19	20	25	26	27	35	36	43	76	#
61	1085140	2	10	17	18	19	24	25	26	27	35	36	44	45	52	60	76	#
62	1058115	10	17	18	19	20	26	27	28	35	36	37	38	45	53	61	76	#
63	1044653	1	2	3	4	10	11	12	13	17	18	19	20	21	22	25	76	#
64	1039919	16	26	27	34	35	36	37	38	40	41	42	43	44	49	50	76	#
65	1026981	2	8	9	10	11	17	18	19	20	21	25	26	27	35	36	76	#
66	456452	14	15	21	22	23	29	30	31	39	51	59	60	77	#
67	666386	12	17	18	20	21	25	26	27	28	29	36	37	77	#
68	647541	14	22	28	29	30	34	36	37	38	43	46	54	77	#
69	626644	5	6	23	31	38	39	46	47	54	55	62	63	77	#
70	577362	14	20	21	22	23	30	31	37	38	39	46	57	77	#
71	525965	28	29	36	37	44	45	51	52	53	59	60	61	77	#
72	1179099	4	5	6	12	13	14	15	20	21	22	23	30	36	37	38	45	46	78	#
73	1297061	2	3	4	5	6	12	14	15	19	20	21	22	23	30	38	46	54	78	#
74	1269669	27	30	35	36	37	38	43	44	45	46	52	53	54	55	60	61	62	78	#
75	1182017	22	23	30	34	36	37	38	43	44	45	46	47	52	53	54	55	62	78	#
76	1178310	22	23	30	33	34	35	36	42	43	44	45	46	52	53	54	60	61	78	#
77	1143687	34	35	36	37	38	39	43	44	45	46	47	52	53	54	55	61	62	78	#
78	94792	6	#
79	157269	18	19	20	79	#
80	181805	0	1	19	79	#
81	169526	9	17	18	79	#
82	91577	12	20	28	79	#
83	1753615	0	1	2	3	4	5	6	7	8	10	11	12	13	14	16	18	19	20	21	27	29	30	37	38	39	45	46	47	55	80	#
84	1985326	0	1	2	3	8	10	11	16	17	18	24	25	26	27	30	32	33	35	37	38	41	46	47	48	51	54	55	58	60	80	#
85	1855126	2	3	4	5	6	7	10	11	14	15	16	17	18	19	20	21	23	24	25	26	27	30	31	35	37	38	39	46	47	80	#
86	1801029	0	1	2	3	4	8	9	10	11	16	17	18	19	20	24	25	26	27	29	32	33	34	35	36	37	38	40	41	43	80	#
87	1791764	3	4	5	6	7	10	11	13	14	15	16	17	18	19	20	21	22	23	24	25	26	27	29	30	31	35	36	37	38	80	#
88	1789894	4	5	6	7	10	11	13	14	15	16	17	18	19	20	21	22	23	27	29	30	31	35	37	38	46	47	54	55	62	80	#
89	557618	36	44	45	52	53	60	61	81	#
90	537875	37	38	45	51	52	60	61	81	#
91	537107	29	44	45	52	53	54	61	81	#
92	532964	44	45	51	52	53	60	61	81	#
93	519127	43	44	45	52	53	54	61	81	#
94	493275	27	35	36	43	44	45	53	81	#
95	430870	39	45	46	47	54	55	62	63	82	#
96	559626	36	37	44	45	52	53	60	61	82	#
97	542438	38	39	44	45	46	47	52	55	82	#
98	462870	22	30	46	47	54	55	62	63	82	#
99	410335	38	39	45	46	47	53	54	55	82	#
100	371648	39	47	53	54	55	59	62	63	82	#
101	805941	27	35	36	37	43	44	45	52	53	60	61	83	#
102	788494	37	38	43	44	45	46	51	52	53	60	61	83	#
103	780487	37	38	43	44	45	46	52	53	59	60	61	83	#
104	776266	28	36	37	44	45	46	52	53	54	60	61	83	#
105	765700	29	35	36	37	43	44	45	51	52	60	61	83	#
106	755563	6	7	27	28	29	35	36	37	44	45	52	83	#
107	247395	23	27	28	30	31	84	#
108	359428	18	19	27	28	36	84	#
109	343954	15	22	23	30	38	84	#
110	275760	14	15	22	23	30	84	#
111	241758	15	22	23	30	31	84	#
112	935850	0	1	2	3	4	8	9	10	11	12	16	17	18	19	20	25	26	27	85	#
113	1185310	3	4	11	12	13	14	19	20	21	22	27	29	30	35	36	37	38	43	85	#
114	1184523	3	11	17	18	19	20	21	24	25	26	27	29	32	33	35	36	37	52	85	#
115	1071451	0	1	2	3	8	9	10	11	16	17	18	24	25	26	27	32	35	43	85	#
116	1063944	0	1	2	3	8	9	10	11	32	40	48	49	51	52	56	57	58	60	85	#
117	1053914	0	1	2	3	4	8	9	10	11	18	19	20	21	25	26	27	35	36	85	#
118	709905	16	17	18	24	25	26	27	28	32	33	34	36	40	42	50	86	#
119	968296	3	4	5	11	12	13	14	20	21	22	28	29	37	57	58	86	#
120	922930	3	4	5	6	12	13	19	20	21	22	25	26	27	28	35	86	#
121	847052	12	17	18	19	20	21	22	24	25	26	27	28	32	33	40	86	#
122	826769	8	11	16	17	18	19	20	24	25	26	27	32	33	40	41	86	#
123	817756	19	20	24	25	26	27	32	33	34	35	40	41	42	43	50	86	#
124	763946	21	29	30	37	38	45	46	47	53	54	61	87	#
125	845432	15	19	27	29	35	36	37	45	52	53	61	87	#
126	818463	20	21	28	29	30	35	36	37	38	45	53	87	#
127	791821	30	37	38	44	45	51	52	53	59	60	61	87	#
128	784438	29	37	45	46	47	51	52	53	54	60	61	87	#
129	759133	19	20	44	51	52	53	54	55	59	60	61	87	#
130	791781	0	2	3	8	9	10	11	16	17	18	19	24	25	26	32	44	52	88	#
131	1063598	2	3	10	11	13	19	20	21	22	28	29	34	35	36	43	44	59	88	#
132	1057915	2	3	10	11	18	19	20	21	24	25	26	27	28	33	34	35	42	88	#
133	1043680	20	25	26	27	28	29	34	35	36	37	38	42	43	44	45	46	50	88	#
134	953357	10	11	17	18	19	20	21	24	25	26	27	28	32	33	35	40	48	88	#
135	941930	10	11	19	20	21	24	25	26	27	28	32	33	34	40	42	43	50	88	#
136	1004253	16	17	18	19	26	36	38	43	44	45	46	51	52	53	58	59	60	61	89	#
137	1247263	30	34	36	37	38	43	44	45	46	49	51	52	53	56	57	58	60	61	89	#
138	1220051	33	34	38	41	42	45	46	47	49	51	52	53	56	57	58	59	60	61	89	#
139	1166969	3	8	11	16	24	36	41	44	45	49	51	52	53	57	58	59	60	61	89	#
140	1135034	30	36	37	38	42	43	44	45	46	51	52	53	54	57	58	60	61	62	89	#
141	1126140	33	34	41	42	43	44	45	46	49	51	52	53	56	57	58	59	60	61	89	#
142	247872	44	45	51	52	90	#
143	368584	36	37	44	45	90	#
144	265141	1	2	44	52	90	#
145	174658	51	52	58	59	90	#
146	1104434	0	1	8	9	10	11	16	17	18	19	26	27	33	34	35	40	43	48	91	#
147	1149844	10	18	32	33	34	35	36	40	41	42	43	44	45	48	50	51	52	53	91	#
148	1132144	0	1	9	10	11	17	18	19	26	27	34	35	36	43	44	45	52	53	91	#
149	1127478	11	18	19	26	27	33	34	35	36	40	41	43	44	45	48	51	52	59	91	#
150	1102774	25	26	27	28	32	33	34	35	36	37	40	43	44	45	48	51	52	60	91	#
151	1098566	1	10	18	19	20	21	26	27	28	29	34	35	36	37	42	43	44	45	91	#
152	473539	28	36	37	43	44	45	53	54	92	#
153	560657	27	28	29	35	36	37	44	45	92	#
154	546820	28	35	36	37	41	42	43	44	92	#
155	500820	44	45	46	51	52	53	54	60	92	#
156	491685	22	39	44	45	46	47	53	54	92	#
157	468671	45	46	51	52	53	54	55	63	92	#
158	553973	2	4	8	9	10	16	17	25	26	93	#
159	777979	20	24	25	26	27	28	29	33	41	93	#
160	746924	2	3	4	11	17	19	25	26	27	93	#
161	649110	11	18	19	20	24	25	26	27	28	93	#
162	594711	2	3	10	11	18	19	20	21	27	93	#
163	569710	3	4	5	11	12	13	20	21	28	93	#
164	372382	33	34	42	43	44	50	94	#
165	495187	25	33	34	35	43	44	94	#
166	456751	16	17	18	25	33	41	94	#
167	393574	33	34	41	42	49	50	94	#
168	363398	28	34	35	36	43	44	94	#
169	318042	35	36	41	42	43	48	94	#
170	1002884	21	24	25	28	29	32	33	34	37	42	45	46	53	95	#
171	995004	19	20	28	30	35	36	38	44	45	46	52	53	54	95	#
172	986364	12	13	14	16	20	21	24	25	27	28	29	32	33	95	#
173	962397	2	17	24	25	32	33	45	51	52	53	59	60	61	95	#
174	957221	12	20	21	26	27	28	29	35	36	37	38	46	47	95	#
175	940239	0	8	9	17	24	25	32	33	34	40	41	42	48	95	#
176	102946	15	45	53	#
177	465272	44	45	51	53	57	58	59	60	61	96	#
178	562874	36	37	38	44	45	51	52	59	60	96	#
179	538860	16	36	51	52	53	54	60	62	63	96	#
180	482981	29	36	37	38	43	44	45	51	52	96	#
181	480443	44	51	52	53	57	58	59	60	61	96	#
182	454011	51	52	53	54	57	58	59	60	61	96	#
183	84361	11	#
184	364878	52	53	54	55	60	97	#
185	375209	52	53	54	59	60	97	#
186	319965	51	52	53	59	60	97	#
187	275122	26	27	35	54	55	97	#
188	250324	23	46	53	54	55	97	#
189	553498	13	21	22	28	29	30	36	98	#
190	445916	0	1	19	27	28	29	36	98	#
191	432492	28	29	35	36	37	43	44	98	#
192	421598	6	14	22	23	30	31	36	98	#
193	418864	13	21	22	23	30	31	39	98	#
194	392121	13	21	22	23	29	31	37	98	#
195	825645	16	24	25	32	33	40	41	42	43	49	51	56	57	58	99	#
196	937721	19	27	28	35	36	37	42	43	44	45	46	52	53	54	99	#
197	919241	35	37	43	44	45	46	51	52	53	54	58	60	61	62	99	#
198	911113	32	33	34	41	42	43	44	45	46	49	52	53	60	61	99	#
199	890078	17	19	25	27	28	33	36	41	42	43	44	48	49	57	99	#
200	817804	2	10	24	32	33	34	40	41	42	43	48	49	56	57	99	#
201	88106	44	45	#
202	654335	0	1	2	3	8	10	11	17	18	19	100	#
203	784592	10	17	18	19	24	25	33	54	62	63	100	#
204	777771	12	17	18	19	20	30	41	42	43	49	100	#
205	751305	2	3	10	11	17	18	19	25	26	27	100	#
206	721464	1	2	3	10	11	17	18	19	25	26	100	#
207	698623	1	2	3	10	11	18	19	26	27	35	100	#
208	76476	36	#
209	75339	48	56	101	#
210	104041	29	48	101	#
211	30905	34	#
212	698353	0	1	2	8	9	10	52	53	59	60	61	102	#
213	694770	36	43	44	47	52	53	54	55	59	60	61	102	#
214	669287	0	1	2	5	8	9	10	49	56	57	58	102	#
215	665355	41	42	43	44	50	51	52	53	59	60	61	102	#
216	658997	36	37	43	44	45	52	53	54	55	60	61	102	#
217	657558	0	1	2	8	9	10	16	17	24	25	26	102	#
218	553352	30	37	38	44	45	52	53	61	103	#
219	556964	22	29	30	31	36	37	38	44	103	#
220	514845	21	22	23	30	31	38	39	46	103	#
221	497544	17	18	25	28	29	36	37	45	103	#
222	490379	13	21	29	37	44	45	52	60	103	#
223	459817	36	37	44	45	52	53	60	61	103	#
224	1230891	0	1	2	3	4	5	9	10	11	16	17	18	19	24	25	27	28	33	36	50	104	#
225	1392975	0	1	2	9	10	11	16	17	18	19	24	25	27	32	33	35	36	37	40	41	104	#
226	1374642	2	3	9	10	11	16	17	18	19	20	21	24	25	26	27	32	33	35	40	43	104	#
227	1361797	20	24	25	28	33	34	35	37	38	41	42	43	45	46	47	49	52	55	56	57	104	#
228	1326510	5	6	9	11	14	16	17	18	19	21	24	25	26	27	28	29	33	35	36	37	104	#
229	1312663	2	3	10	11	18	19	21	27	28	29	32	33	35	36	37	41	42	43	44	45	104	#
230	387011	24	25	32	33	40	41	49	105	#
231	543597	24	32	40	41	49	56	57	105	#
232	414364	40	41	42	48	49	56	57	105	#
233	409593	33	40	41	48	49	56	57	105	#
234	380023	16	17	18	24	25	26	27	105	#
235	296285	17	22	24	25	31	32	40	105	#
236	68211	46	#
237	136585	57	58	#
238	1169010	0	1	2	3	4	5	8	9	10	11	16	17	18	19	20	24	25	26	27	35	106	#
239	1333436	0	1	2	8	9	10	11	16	17	18	24	26	27	34	35	36	37	42	43	50	106	#
240	1293535	1	2	3	4	10	11	18	19	20	24	25	26	27	28	29	33	35	36	37	41	106	#
241	1275467	1	10	11	12	18	19	20	25	26	27	28	34	35	36	37	38	42	43	44	45	106	#
242	1272375	0	1	2	8	9	10	11	16	17	18	19	24	25	27	28	34	35	41	42	43	106	#
243	1267793	0	1	2	3	8	9	10	11	16	17	18	20	24	25	26	27	28	35	36	37	106	#
244	81611	10	18	#
245	1191172	0	1	2	3	4	8	9	10	11	16	17	18	19	25	26	27	32	33	34	35	40	43	44	48	107	#
246	1370587	2	3	11	17	18	19	25	26	27	28	29	32	33	34	35	36	42	43	44	45	50	52	59	60	107	#
247	1341386	0	1	2	8	9	16	17	18	24	25	31	32	33	34	39	40	44	45	46	47	52	53	54	55	107	#
248	1309297	2	9	10	11	16	17	18	19	25	26	27	32	33	34	35	40	41	42	43	48	49	50	56	57	107	#
249	1300459	0	1	2	3	4	8	9	11	12	16	17	18	19	24	25	26	29	32	33	34	37	40	48	56	107	#
250	1295424	0	8	9	16	17	18	25	26	32	33	34	35	40	42	43	44	45	46	48	50	51	52	56	59	107	#
251	1041865	5	11	13	14	18	19	20	21	22	23	27	29	30	31	37	39	53	54	55	62	63	108	#
252	1317232	0	1	2	3	4	5	9	10	11	12	13	14	18	19	20	21	22	28	29	36	37	108	#
253	1294561	1	2	3	4	5	10	11	12	13	14	19	20	21	22	23	29	37	41	42	48	49	108	#
254	1294167	12	14	20	21	22	27	28	29	35	36	37	38	41	44	46	51	52	53	54	59	60	108	#
255	1265484	3	4	5	11	12	13	18	19	20	21	22	26	27	28	35	36	37	51	52	59	60	108	#
256	1259643	11	18	19	20	21	22	26	27	28	29	35	36	37	42	43	44	51	52	53	59	60	108	#
257	762637	0	1	2	8	9	10	16	17	18	24	25	51	52	60	61	109	#
258	895267	34	35	36	37	38	41	42	43	44	45	50	51	52	57	58	109	#
259	875946	0	1	2	3	9	10	16	17	18	19	20	21	40	42	60	109	#
260	855585	34	37	38	41	42	43	44	45	48	50	51	52	53	60	61	109	#
261	833432	13	20	21	36	37	43	44	45	46	51	52	53	58	60	61	109	#
262	819909	9	10	16	17	18	19	20	21	25	26	27	28	29	35	52	109	#
263	173647	20	27	28	110	#
264	205322	12	20	28	110	#
265	181829	27	28	35	110	#
266	128855	27	28	29	110	#
267	592051	6	7	12	13	14	15	23	30	31	39	44	45	51	52	59	60	111	#
268	880344	3	4	6	12	13	14	15	19	20	21	22	23	30	31	49	57	111	#
269	842999	6	12	13	14	15	18	19	20	21	23	28	29	31	36	37	39	111	#
270	821630	6	12	14	15	19	20	21	22	23	28	30	31	39	47	54	55	111	#
271	745408	33	40	41	48	49	51	52	53	54	55	57	58	59	60	62	63	111	#
272	730075	41	42	43	48	49	50	51	52	53	54	57	58	59	60	61	62	111	#
273	168822	3	11	112	#
274	147300	10	11	112	#
275	186787	36	37	38	113	#
276	239503	35	36	37	113	#
277	195114	30	31	38	113	#
278	165393	27	28	36	113	#
279	440177	17	37	44	45	52	53	60	114	#
280	505508	19	44	51	52	53	59	60	114	#
281	488979	36	38	44	45	46	52	54	114	#
282	477445	45	51	52	53	54	59	60	114	#
283	467232	44	45	46	51	52	53	58	114	#
284	416258	36	37	44	45	51	52	53	114	#
285	326521	15	23	30	31	38	46	115	#
286	465268	28	29	36	37	38	46	115	#
287	427428	21	22	30	31	38	46	115	#
288	266092	14	21	22	23	30	31	115	#
289	226368	15	22	23	30	31	39	115	#
290	183636	5	13	14	15	21	29	115	#
291	1046870	19	20	27	28	29	30	36	37	38	39	44	47	51	52	54	55	116	#
292	1044213	27	37	38	39	40	46	47	48	51	52	53	54	55	61	62	63	116	#
293	1042738	0	1	8	9	10	17	18	19	20	25	26	27	28	36	37	38	116	#
294	1023627	29	34	37	38	42	43	44	45	47	52	53	54	55	59	60	61	116	#
295	1023296	29	37	38	39	43	44	46	47	52	53	54	55	59	60	61	62	116	#
296	1023034	29	36	37	38	39	44	45	47	51	52	53	54	55	59	60	61	116	#
297	1054471	1	2	3	4	5	8	9	10	11	16	17	18	19	20	24	26	27	30	38	117	#
298	1287573	1	8	9	10	16	17	19	24	25	26	27	32	33	34	40	41	48	56	57	117	#
299	1274472	1	2	3	8	9	10	16	17	18	19	24	25	26	27	32	35	40	41	48	117	#
300	1272399	1	2	3	10	11	12	13	19	20	21	27	28	29	30	37	38	39	46	47	117	#
301	1259653	12	16	17	19	20	21	22	24	26	27	28	32	36	37	38	40	41	48	56	117	#
302	1258609	1	2	3	4	5	6	10	12	13	14	20	21	22	27	28	32	40	41	48	117	#
303	986495	0	1	8	9	27	28	29	33	34	35	36	37	43	44	45	46	118	#
304	1227230	27	28	34	35	36	37	38	40	41	42	43	44	45	53	60	61	118	#
305	1196488	24	32	33	34	35	36	37	38	41	42	43	44	45	46	48	50	118	#
306	1181497	20	27	28	29	35	36	37	38	42	43	44	46	51	52	59	60	118	#
307	1115990	20	27	28	29	34	35	36	37	38	42	43	44	45	46	56	64	118	#
308	1102854	4	6	11	12	13	14	19	20	27	28	29	35	36	43	44	45	118	#
309	161730	3	4	119	#
310	123648	4	5	119	#
311	556719	24	32	33	40	41	49	120	#
312	542631	16	20	21	24	32	40	120	#
313	480089	32	33	34	40	41	49	120	#
314	477900	8	16	24	25	32	33	120	#
315	476390	32	40	41	49	56	57	120	#
316	472240	33	34	40	41	49	57	120	#
317	352252	14	15	21	22	23	30	31	121	#
318	480177	14	15	21	22	23	30	38	121	#
319	479797	14	15	22	23	30	37	38	121	#
320	460077	13	21	22	23	30	31	38	121	#
321	435445	13	21	22	23	29	30	31	121	#
322	433552	15	21	22	23	30	31	62	121	#
323	1067469	27	32	33	34	35	36	37	40	41	42	43	44	45	48	49	50	57	122	#
324	1191535	3	4	5	6	7	11	14	24	32	33	34	40	41	42	48	49	57	122	#
325	1130029	10	11	16	17	18	19	24	25	26	27	33	35	36	37	43	44	57	122	#
326	1113442	10	11	24	26	27	32	33	34	35	36	37	40	41	42	43	44	48	122	#
327	1107947	1	3	10	11	19	20	27	35	36	43	44	51	52	53	59	60	61	122	#
328	1096381	18	20	26	27	28	29	35	36	37	38	43	44	46	52	53	60	61	122	#
329	459461	6	14	22	23	30	31	39	123	#
330	525617	6	14	21	22	23	29	30	123	#
331	488115	6	7	14	22	23	30	31	123	#
332	464658	21	22	23	30	31	39	63	123	#
333	388113	14	21	22	23	30	31	39	123	#
334	379181	22	23	31	39	46	47	54	123	#
335	747606	33	34	37	40	41	42	43	44	45	49	50	51	52	53	124	#
336	1010333	33	34	37	38	40	41	42	43	44	45	52	53	60	61	124	#
337	992271	19	20	41	42	43	49	51	53	56	57	58	59	60	61	124	#
338	954604	3	4	5	13	33	41	42	43	44	45	49	56	57	58	124	#
339	922756	13	18	19	20	21	28	37	43	44	45	52	53	60	61	124	#
340	904393	1	2	3	25	33	34	40	41	42	43	44	45	49	50	124	#
341	524910	5	13	14	15	21	22	30	31	39	46	47	55	125	#
342	765492	15	22	23	31	39	43	44	45	46	47	52	55	125	#
343	751154	6	19	38	39	45	46	47	53	54	55	62	63	125	#
344	748367	26	31	35	39	43	44	45	46	47	52	53	55	125	#
345	744256	20	21	22	30	31	37	38	39	46	47	53	61	125	#
346	698804	20	21	22	23	28	29	30	31	39	46	47	55	125	#
347	1326415	0	1	2	3	8	9	10	11	16	17	19	24	25	26	27	28	33	34	36	41	126	#
348	1570626	0	1	2	3	4	5	8	11	16	17	24	25	26	33	34	40	41	48	49	57	126	#
349	1521567	3	4	11	16	17	19	20	24	25	26	27	28	29	33	34	37	41	48	49	57	126	#
350	1507339	0	1	2	3	4	5	6	8	9	10	11	16	17	19	20	21	24	25	29	31	126	#
351	1494705	0	1	2	3	4	5	6	8	9	10	11	13	14	16	17	20	21	24	25	26	126	#
352	1455556	0	1	2	3	4	5	6	8	9	10	11	12	16	17	19	20	24	28	29	36	126	#
353	1215631	0	1	2	3	4	5	8	9	10	11	12	16	17	19	20	21	22	27	28	35	36	37	38	44	127	#
354	1563140	12	19	20	21	22	24	25	28	29	30	32	33	35	36	37	38	41	45	46	49	52	57	60	61	127	#
355	1475794	1	2	3	4	5	6	10	11	12	14	15	18	19	20	21	22	27	29	30	35	37	45	62	63	127	#
356	1429998	15	17	18	23	24	25	26	27	29	30	31	32	33	37	38	39	45	46	52	54	55	60	62	63	127	#
357	1403017	0	1	3	4	5	6	8	9	10	11	17	24	25	26	27	32	33	35	36	40	41	48	49	56	127	#
358	1382998	3	4	5	11	19	21	24	25	26	27	28	29	30	33	35	36	37	38	44	45	46	52	53	54	127	#
359	524035	25	26	27	34	35	42	43	44	49	50	128	#
360	781345	27	34	35	36	37	38	43	44	46	47	128	#
361	734478	1	9	16	17	18	24	25	26	27	32	128	#
362	630921	18	19	25	26	27	34	35	42	43	44	128	#
363	607160	16	24	25	32	33	34	41	42	49	50	128	#
364	594826	12	18	20	26	27	28	34	35	36	43	128	#
365	732125	9	16	17	18	19	20	21	22	24	25	26	129	#
366	825128	9	10	16	17	18	24	25	26	32	33	41	129	#
367	791697	9	16	17	18	19	24	25	26	32	33	41	129	#
368	763560	6	7	24	25	26	32	33	34	40	41	42	129	#
369	711635	1	2	3	4	9	10	11	17	18	19	26	129	#
370	701995	9	16	17	24	25	32	34	40	41	42	43	129	#
371	2645534	0	1	2	3	4	8	9	10	11	16	17	18	20	24	27	28	31	32	33	34	35	36	37	38	39	40	41	42	43	44	45	46	47	48	49	50	51	52	53	54	55	56	57	58	62	63	130	#
372	2825220	0	1	2	3	9	10	11	17	20	21	22	23	27	28	29	30	31	32	33	34	35	36	37	38	39	40	41	44	45	46	47	48	49	51	52	53	54	55	56	57	58	59	60	61	62	63	130	#
373	2813703	0	1	2	3	8	9	10	12	13	16	17	18	21	24	25	27	28	29	30	32	33	34	35	36	37	38	39	40	41	42	43	44	45	46	47	48	49	52	53	54	55	56	57	61	62	63	130	#
374	2731196	1	2	3	4	5	6	8	9	10	11	12	13	16	17	18	19	20	21	23	24	26	27	28	29	31	32	35	36	38	39	40	41	44	45	46	47	48	51	52	54	55	56	57	59	62	63	130	#
375	2676577	1	2	5	6	7	9	10	12	13	14	18	20	21	23	26	27	28	29	30	31	33	34	35	36	38	39	40	41	44	45	46	47	48	51	52	53	54	55	56	57	58	59	60	61	62	63	130	#
376	2675827	0	1	2	3	4	8	9	10	11	16	17	18	21	23	24	25	28	29	31	32	33	34	36	37	38	39	40	41	42	44	45	46	47	48	49	51	52	53	54	55	56	57	58	59	61	62	130	#
377	828417	0	1	2	3	8	9	10	11	18	19	26	27	28	35	36	43	131	#
378	1098582	22	23	30	31	35	36	37	38	39	42	43	44	45	46	47	55	131	#
379	970400	21	27	29	33	34	35	36	37	40	41	42	43	44	45	48	49	131	#
380	934365	18	26	27	32	33	34	35	40	41	42	43	44	45	48	49	50	131	#
381	933024	0	2	9	10	18	19	26	27	28	35	36	37	45	46	47	55	131	#
382	921128	0	1	8	9	10	18	19	20	24	25	26	27	33	41	42	48	131	#
383	400255	13	18	19	20	21	26	27	57	58	132	#
384	559665	8	9	17	24	25	26	32	40	48	132	#
385	555641	10	18	19	24	25	26	27	33	34	132	#
386	553389	9	10	11	18	19	20	21	28	29	132	#
387	519540	44	45	46	49	51	53	57	58	59	132	#
388	505748	3	9	10	11	18	19	20	26	27	132	#
389	1446258	13	21	22	24	25	26	27	32	33	34	35	36	40	41	42	43	44	45	47	51	52	53	54	55	59	60	133	#
390	1633631	4	12	14	20	21	22	27	28	29	30	35	36	37	38	42	43	44	45	46	47	51	52	54	55	59	60	133	#
391	1563235	12	17	19	20	25	27	28	29	30	35	36	37	38	40	41	42	43	44	45	49	50	51	52	53	59	60	133	#
392	1562879	16	17	18	24	25	26	28	29	32	33	35	36	37	38	40	41	42	43	44	45	48	49	52	56	59	60	133	#
393	1536628	12	13	14	21	22	25	28	29	33	34	35	37	38	41	42	43	44	45	50	51	52	53	54	55	59	60	133	#
394	1529244	0	1	2	8	9	11	14	16	17	18	19	21	22	23	24	25	26	27	29	30	31	32	33	38	41	49	133	#
395	218249	19	25	26	27	28	134	#
396	300638	16	24	25	32	33	134	#
397	274517	17	27	28	35	36	134	#
398	267668	25	26	27	28	29	134	#
399	209327	25	26	33	34	41	134	#
400	170684	3	11	18	19	26	134	#
401	240337	48	49	56	57	58	135	#
402	342883	41	42	49	57	58	135	#
403	282413	25	32	33	41	48	135	#
404	235706	41	42	48	49	56	135	#
405	227315	49	51	56	57	58	135	#
406	583308	43	44	45	46	52	53	60	64	136	#
407	609229	37	38	44	45	46	52	53	60	136	#
408	606990	37	43	44	45	46	52	53	60	136	#
409	559717	43	51	52	57	58	59	60	61	136	#
410	551291	43	44	45	51	52	53	57	58	136	#
411	547178	7	35	43	44	45	46	52	60	136	#
412	254029	12	19	20	27	137	#
413	281799	3	4	11	12	137	#
414	190743	10	18	19	27	137	#
415	146320	13	19	20	21	137	#
416	108683	19	26	27	28	137	#
417	89509	24	32	138	#
418	102243	32	33	138	#
419	69628	16	24	138	#
420	109268	46	54	139	#
421	117277	54	62	139	#
422	97698	45	46	139	#
423	78530	55	#
424	380450	27	28	34	35	42	43	44	50	140	#
425	501957	32	33	34	41	42	43	44	50	140	#
426	490285	32	33	40	41	42	48	49	50	140	#
427	462998	18	20	21	26	27	28	35	43	140	#
428	423380	2	19	20	25	26	27	28	35	140	#
429	415742	18	26	27	28	33	34	35	43	140	#
430	308883	2	16	17	18	141	#
431	330467	9	10	17	18	141	#
432	293231	1	2	9	10	141	#
433	287655	9	17	18	19	141	#
434	233711	8	16	24	25	141	#
435	229031	0	1	9	17	25	142	#
436	221807	0	1	2	9	10	142	#
437	201347	0	8	9	17	25	142	#
438	161430	0	1	2	8	9	142	#
439	526442	0	1	3	8	9	10	11	16	17	18	19	26	143	#
440	783695	0	1	3	8	9	10	11	19	27	28	29	35	143	#
441	684895	0	1	2	8	9	10	11	16	19	24	27	35	143	#
442	638911	0	1	2	3	4	8	9	10	11	12	16	17	143	#
443	587168	0	1	2	3	8	9	10	11	17	18	26	27	143	#
444	584975	0	1	9	10	11	16	17	18	26	52	53	61	143	#
445	757528	34	42	43	44	45	46	47	51	52	58	59	60	61	62	144	#
446	952925	18	24	25	26	32	33	34	41	42	43	44	45	49	50	144	#
447	902526	33	34	41	42	44	45	46	48	49	52	53	59	60	61	144	#
448	847782	0	1	9	10	11	17	18	19	24	25	26	32	33	34	144	#
449	844209	0	1	9	10	17	24	25	32	33	34	40	41	42	43	144	#
450	832864	28	29	33	34	35	36	37	43	44	45	46	51	59	60	144	#
451	749255	1	2	9	18	25	26	27	28	33	34	35	41	42	43	145	#
452	931740	29	32	33	34	35	38	42	43	44	46	52	53	54	55	145	#
453	825787	19	20	27	28	29	33	34	35	36	37	38	43	44	52	145	#
454	818979	32	33	34	35	40	41	42	43	44	48	49	56	57	58	145	#
455	781284	8	16	24	25	26	32	33	34	40	41	43	44	48	52	145	#
456	764812	14	25	33	34	40	41	42	43	44	48	52	53	60	61	145	#
457	455084	4	5	6	7	12	13	14	15	21	146	#
458	592843	4	12	13	14	21	22	30	31	38	146	#
459	570841	2	3	4	10	11	12	13	19	20	146	#
460	540923	4	5	6	7	13	14	15	21	22	146	#
461	529347	3	4	12	13	14	15	22	30	31	146	#
462	516374	5	6	13	14	15	21	22	30	31	146	#
463	1888136	0	1	3	4	8	9	10	11	12	13	16	17	18	19	20	21	24	25	26	27	28	29	32	33	34	35	37	39	40	41	42	48	49	56	57	147	#
464	2169449	3	6	7	8	11	16	17	18	19	20	21	24	25	26	27	28	29	33	35	37	38	39	43	44	45	46	47	49	51	52	54	55	57	58	60	147	#
465	2138463	1	3	4	10	11	13	16	17	18	19	20	21	24	25	26	27	28	29	30	32	33	34	35	36	37	38	42	43	45	46	47	52	53	54	55	147	#
466	2134892	0	1	3	8	11	16	17	18	19	20	21	24	25	26	27	28	29	30	32	33	34	35	37	38	40	41	42	43	44	46	48	49	54	56	57	147	#
467	2071030	0	1	2	3	9	11	16	17	18	19	24	25	26	27	32	33	34	35	36	37	38	40	41	42	43	44	45	46	48	49	52	53	54	60	61	147	#
468	2063935	3	4	10	11	12	16	17	18	19	20	21	24	25	26	27	28	29	33	34	35	36	37	41	42	43	45	46	48	49	51	52	57	58	59	60	147	#
469	418082	9	10	17	18	19	64	148	#
470	518593	1	9	10	16	17	25	148	#
471	505153	1	2	10	16	17	18	148	#
472	480822	1	9	10	17	18	19	148	#
473	399328	17	18	24	25	26	33	148	#
474	373932	9	10	17	18	26	64	148	#
475	1659105	0	1	3	9	10	11	17	18	19	20	26	27	28	29	32	35	36	37	38	40	41	42	44	45	48	50	51	52	149	#
476	1959911	11	19	20	22	27	28	29	30	32	33	34	35	36	37	38	39	42	43	44	45	46	47	50	51	52	54	58	60	149	#
477	1923683	1	10	11	17	18	19	20	22	25	26	27	28	29	30	35	36	37	38	43	44	45	46	47	51	52	54	60	62	149	#
478	1922938	9	10	11	17	18	19	20	24	25	26	27	28	29	32	33	35	36	37	38	42	43	44	45	46	47	51	52	60	149	#
479	1891955	20	21	22	26	27	28	29	30	35	36	37	38	39	42	43	44	45	46	47	50	51	52	54	57	60	61	62	63	149	#
480	1885842	9	14	16	17	18	22	24	25	26	29	30	32	33	34	35	36	37	38	41	42	43	44	45	46	48	49	50	52	149	#
481	192415	44	45	46	150	#
482	238313	45	46	52	150	#
483	176296	38	46	47	150	#
484	106262	36	43	44	150	#
485	955925	19	20	22	26	27	34	35	41	42	43	49	50	151	#
486	950989	19	20	24	25	26	27	28	29	35	36	37	43	151	#
487	898865	24	26	27	32	33	34	35	40	41	42	43	49	151	#
488	874201	24	32	33	34	40	41	42	43	49	50	57	58	151	#
489	859615	27	32	34	35	37	41	42	43	44	45	50	53	151	#
490	843034	1	2	9	10	11	12	17	19	20	27	28	35	151	#
491	78027	64	#
492	407928	45	46	47	53	55	57	152	#
493	400968	38	44	45	46	47	53	152	#
494	388377	34	42	43	44	45	53	152	#
495	381267	34	35	43	44	45	53	152	#
496	381000	30	38	45	46	47	55	152	#
497	356047	41	48	49	56	57	58	152	#
498	1519268	3	4	5	10	11	12	13	14	18	19	20	21	22	25	26	27	28	29	30	31	33	35	36	37	38	39	45	53	153	#
499	1787768	3	4	5	6	10	11	12	13	14	18	19	20	21	22	28	29	32	33	34	35	40	41	42	43	51	52	59	60	153	#
500	1675551	3	4	5	6	8	9	10	12	13	14	15	18	19	20	21	22	23	27	28	29	30	31	32	35	37	38	39	40	153	#
501	1628722	3	4	5	6	12	13	14	20	21	22	23	28	29	30	31	35	40	41	43	44	45	48	51	52	53	58	60	61	153	#
502	1617968	3	4	5	6	9	11	12	13	14	15	16	17	18	19	20	21	24	25	27	28	29	30	32	33	34	37	38	40	153	#
503	1609187	3	4	6	12	13	14	15	19	20	21	22	23	27	28	29	30	31	34	35	36	37	38	39	43	44	45	52	53	153	#
504	738766	3	4	11	12	13	18	19	20	21	28	29	36	154	#
505	840712	4	5	6	13	19	20	21	22	28	29	35	36	154	#
506	780978	4	5	6	12	13	14	15	20	21	22	28	29	154	#
507	752875	13	19	20	21	27	28	32	33	34	35	36	43	154	#
508	742938	4	5	6	7	12	13	14	15	20	21	51	52	154	#
509	732563	2	3	8	9	11	17	18	19	20	21	26	28	154	#
510	164646	33	34	42	43	155	#
511	217100	33	34	35	43	155	#
512	196594	16	24	32	33	155	#
513	126601	39	42	43	50	155	#
514	318836	41	42	49	57	156	#
515	337913	41	48	49	57	156	#
516	262461	33	41	48	49	156	#
517	234206	40	41	42	49	156	#
518	1121845	30	31	36	37	38	39	45	46	47	48	51	52	53	54	55	56	57	58	61	62	63	157	#
519	1279828	27	28	30	36	37	38	41	44	45	46	48	49	51	52	53	56	57	58	59	60	61	157	#
520	1242293	8	9	10	16	17	18	24	25	26	27	28	29	32	33	41	48	49	51	56	57	58	157	#
521	1190667	26	27	28	30	31	35	37	38	39	43	45	46	47	51	52	53	54	58	59	60	61	157	#
522	1189084	0	1	2	8	9	10	16	17	18	24	25	26	32	33	41	48	49	51	56	57	58	157	#
523	1186612	26	27	33	34	35	36	37	38	43	44	45	46	47	48	49	51	52	53	56	57	58	157	#
524	658407	1	2	3	10	11	12	19	20	21	28	158	#
525	819766	2	3	11	12	19	20	27	35	60	61	158	#
526	808636	3	10	11	18	19	20	26	27	35	49	158	#
527	719698	1	3	9	10	11	12	18	19	20	26	158	#
528	664145	1	2	9	10	11	18	19	26	27	36	158	#
529	594461	4	12	17	18	19	20	27	28	35	36	158	#
530	747296	0	1	2	3	8	9	10	11	16	17	18	19	20	159	#
531	910829	2	3	10	11	16	17	18	33	40	41	44	45	49	159	#
532	833873	2	3	4	10	11	16	17	18	19	27	45	52	53	159	#
533	824094	0	3	8	9	10	11	16	17	18	19	20	27	35	159	#
534	823497	8	10	16	17	18	24	25	26	27	32	33	40	41	159	#
535	763975	0	1	2	8	9	10	16	17	25	32	33	40	41	159	#
536	798017	11	12	16	17	18	19	20	25	26	27	28	54	55	62	63	160	#
537	1019911	20	21	25	33	34	41	42	43	45	46	48	53	54	62	63	160	#
538	987236	23	31	37	38	39	45	46	47	53	54	59	60	61	62	63	160	#
539	922679	1	2	3	4	9	10	11	18	19	20	26	27	28	35	43	160	#
540	888391	11	12	19	20	21	22	23	25	26	27	28	33	34	35	43	160	#
541	863889	0	1	2	3	8	9	10	16	17	25	26	33	41	48	56	160	#
542	361537	32	33	34	40	41	42	161	#
543	454509	24	25	32	33	40	41	161	#
544	395726	25	33	40	41	42	49	161	#
545	393472	34	35	41	42	43	50	161	#
546	383835	32	33	41	42	43	44	161	#
547	374970	32	40	41	42	48	49	161	#
548	635271	25	32	33	34	40	41	42	43	44	48	50	52	56	162	#
549	912150	28	29	34	35	36	37	43	44	45	51	52	60	61	162	#
550	887126	2	3	4	28	36	41	44	48	49	51	52	56	60	162	#
551	839802	20	28	29	35	36	44	45	51	52	58	59	60	61	162	#
552	820992	20	28	34	35	36	42	43	44	45	50	51	52	60	162	#
553	798606	20	28	29	34	36	37	38	42	43	44	45	46	52	162	#
554	1149943	0	1	2	3	4	8	9	10	11	16	17	19	20	27	28	29	35	36	38	42	43	163	#
555	1268059	2	3	11	16	19	20	24	25	26	27	28	32	34	35	36	37	38	43	44	45	52	163	#
556	1246076	0	1	2	3	9	10	11	19	20	21	27	28	29	35	36	37	38	45	46	53	57	163	#
557	1234317	0	1	2	3	4	9	10	11	12	16	17	19	20	21	22	23	24	31	41	48	56	163	#
558	1231676	0	1	2	3	4	5	6	8	9	10	12	13	16	17	21	22	24	25	29	36	37	163	#
559	1192916	0	1	2	3	4	8	9	10	11	16	17	24	25	26	27	32	33	34	35	42	50	163	#
560	213464	12	13	20	21	164	#
561	319859	19	20	21	29	164	#
562	243054	12	20	28	36	164	#
563	149344	13	14	21	22	164	#
564	298827	20	28	33	36	40	41	42	44	165	#
565	446042	28	29	32	33	34	35	36	37	165	#
566	377921	11	19	20	21	28	29	37	45	165	#
567	362702	20	21	28	29	35	36	39	49	165	#
568	85830	49	57	#
569	800055	1	4	10	11	12	18	19	20	21	22	27	28	29	166	#
570	993859	1	2	9	10	11	12	16	17	18	19	20	24	25	166	#
571	986098	1	2	8	9	10	12	16	17	18	19	20	24	25	166	#
572	933087	12	20	21	22	28	29	30	35	36	37	38	43	44	166	#
573	906648	0	1	2	3	8	9	10	11	17	18	19	24	25	166	#
574	843631	1	2	3	9	10	11	17	18	19	20	27	28	37	166	#
575	278633	39	46	47	53	54	167	#
576	312144	45	46	47	53	61	167	#
577	276582	44	45	52	53	61	167	#
578	271142	44	45	46	53	54	167	#
579	263917	20	28	39	46	47	167	#
580	229102	31	39	46	47	54	167	#
581	891472	20	25	27	28	29	34	36	37	38	42	43	44	45	46	52	168	#
582	1039127	30	35	36	38	43	44	45	46	51	52	53	54	55	59	60	168	#
583	1020141	2	3	10	20	27	28	29	35	36	37	44	45	46	54	63	168	#
584	1009848	22	30	35	36	37	38	39	44	45	46	47	52	53	54	55	168	#
585	989655	11	12	18	19	20	27	28	29	35	36	37	43	44	45	46	168	#
586	972129	27	28	29	35	36	37	42	43	44	45	52	53	54	55	60	168	#
587	331432	33	41	49	57	58	169	#
588	395888	32	33	40	41	48	169	#
589	374404	25	33	40	41	42	169	#
590	364016	51	52	57	58	60	169	#
591	357650	46	54	55	57	58	169	#
592	281601	41	49	51	57	58	169	#
593	2283611	14	15	17	18	20	21	22	24	25	27	28	30	31	32	33	35	36	37	38	40	41	42	43	45	46	47	48	49	50	51	52	53	54	55	58	59	60	61	62	170	#
594	2636999	0	1	2	3	4	8	9	10	11	12	16	17	18	19	20	21	22	24	25	26	27	28	29	30	32	33	35	36	37	38	40	41	42	43	45	50	52	53	61	170	#
595	2631062	0	1	2	3	4	8	9	10	11	12	13	14	16	17	18	19	20	21	22	24	25	27	28	29	30	32	33	35	37	40	41	42	43	48	49	50	51	57	58	170	#
596	2592221	0	1	2	8	9	10	16	17	18	22	24	25	30	31	32	33	37	38	39	40	41	42	45	46	47	48	49	51	52	53	54	55	57	58	59	60	61	62	63	170	#
597	2590041	0	1	2	3	4	8	9	10	11	16	17	18	19	20	21	22	24	25	26	27	28	32	33	35	36	37	40	41	42	43	48	49	51	52	56	57	58	59	60	170	#
598	2584280	0	1	2	3	4	8	9	10	11	16	17	18	19	20	24	25	27	28	32	33	35	36	37	38	40	41	42	43	45	46	48	49	50	51	53	54	57	58	59	170	#
599	105503	41	49	171	#
600	133077	40	41	171	#
601	74848	49	57	171	#
602	154843	11	19	172	#
603	201396	3	11	172	#
604	44148	44	#
605	249715	16	24	32	40	173	#
606	274178	24	25	32	40	173	#
607	268879	8	9	16	24	173	#
608	241010	9	16	17	18	173	#
609	238891	32	40	41	42	173	#
610	217133	3	11	174	#
611	214439	2	3	174	#
612	155669	32	33	175	#
613	209385	24	32	175	#
614	178586	33	41	175	#
615	381538	28	34	35	36	42	43	176	#
616	438587	34	41	42	43	48	49	176	#
617	429602	34	35	36	42	43	50	176	#
618	390800	20	21	28	29	36	37	176	#
619	379573	32	33	34	35	41	43	176	#
620	365974	20	27	28	29	36	37	176	#
621	2394477	0	1	3	4	9	10	11	13	14	16	17	18	19	20	21	22	24	25	26	27	28	29	33	34	35	40	41	42	45	49	50	51	52	55	57	58	59	60	61	177	#
622	2422205	1	2	9	10	13	14	15	16	17	18	19	21	22	23	24	25	26	29	33	38	40	41	42	45	46	47	49	51	52	53	54	55	56	57	58	59	60	61	62	177	#
623	2417855	9	10	11	12	16	17	18	19	20	21	22	24	25	26	27	28	29	32	33	34	35	36	38	40	41	42	45	46	49	50	52	53	54	55	57	58	60	61	62	177	#
624	2416645	2	3	10	16	18	19	20	24	25	26	27	28	29	33	34	35	36	40	41	42	43	44	45	46	47	49	50	51	52	53	54	55	56	57	58	59	60	61	62	177	#
625	2401415	0	1	2	3	9	10	16	17	18	19	24	25	26	27	33	34	35	38	40	41	42	43	44	45	46	47	48	49	50	51	52	53	55	56	57	58	59	60	61	177	#
626	2378016	1	10	11	12	13	18	19	20	21	24	25	26	27	32	33	34	35	36	37	38	40	41	42	44	45	46	47	49	50	51	52	53	55	56	57	58	59	60	61	177	#
627	73613	56	#
628	379988	4	12	20	21	22	178	#
629	432795	4	12	20	21	29	178	#
630	378158	4	12	19	20	21	178	#
631	309607	4	5	12	20	21	178	#
632	302058	19	20	59	60	61	178	#
633	283485	15	22	23	30	31	178	#
634	188389	59	60	61	179	#
635	206738	52	60	61	179	#
636	165518	52	53	61	179	#
637	157973	51	59	60	179	#
638	187332	30	38	180	#
639	224669	22	30	180	#
640	199697	37	38	180	#
641	96318	41	#
642	1098393	14	21	22	29	30	31	38	44	45	46	47	51	52	53	54	55	59	60	181	#
643	1360587	3	11	15	17	19	20	21	22	23	24	25	29	30	31	33	38	41	63	181	#
644	1338730	2	6	7	13	21	22	29	30	34	37	38	46	47	53	54	55	62	63	181	#
645	1235823	0	1	3	4	8	9	10	11	16	17	19	20	21	24	25	27	29	37	181	#
646	1160851	6	7	12	13	14	15	21	22	23	29	30	31	33	34	37	38	41	42	181	#
647	1124334	15	20	21	22	23	29	30	31	37	38	39	46	47	53	54	55	62	63	181	#
648	809328	4	5	6	7	11	12	13	14	15	19	20	21	22	23	31	182	#
649	998858	3	4	5	6	11	12	13	19	20	21	22	27	35	36	43	182	#
650	997486	1	2	3	9	10	11	17	19	25	26	27	35	36	42	43	182	#
651	990983	3	4	5	6	7	11	12	13	14	15	19	20	22	27	35	182	#
652	969057	14	22	23	27	29	30	31	35	36	37	38	44	45	46	52	182	#
653	876858	4	5	6	12	13	14	15	19	20	22	23	30	31	38	39	182	#
654	445815	8	16	17	18	19	24	25	26	32	183	#
655	626017	12	19	20	21	23	27	28	29	31	183	#
656	592508	2	10	11	17	18	24	25	26	33	183	#
657	573124	6	24	25	33	41	42	43	48	56	183	#
658	549161	0	1	2	3	8	9	10	11	18	183	#
659	518113	10	18	19	20	24	25	26	33	34	183	#
660	511012	0	29	37	43	44	45	46	47	53	61	184	#
661	689227	18	19	27	28	29	36	37	38	45	52	184	#
662	619986	29	36	37	38	39	44	45	46	47	55	184	#
663	614068	36	37	39	44	45	46	47	52	53	61	184	#
664	595899	28	35	36	37	43	44	45	53	54	62	184	#
665	579115	24	28	32	33	34	36	40	43	44	52	184	#
666	405413	3	4	5	6	7	12	13	185	#
667	540680	1	3	4	5	6	10	11	185	#
668	468864	2	3	4	5	10	11	13	185	#
669	462442	2	3	4	5	6	7	13	185	#
670	458744	1	2	3	4	10	11	47	185	#
671	411835	3	4	5	10	11	12	13	185	#
672	271323	16	24	32	186	#
673	213938	16	24	25	186	#
674	190787	10	32	33	186	#
675	1209980	5	12	13	14	19	21	22	23	27	28	33	34	35	36	41	42	43	44	45	46	49	53	56	57	187	#
676	1473736	3	10	11	17	18	19	26	27	28	34	35	36	37	38	41	43	44	45	46	49	51	57	58	60	187	#
677	1470770	11	16	17	18	19	24	25	26	27	32	33	34	35	36	37	38	41	43	44	45	46	49	57	58	187	#
678	1421012	3	4	5	8	11	12	13	14	16	17	19	21	22	24	30	31	37	38	41	44	45	46	48	49	187	#
679	1411492	0	1	2	3	8	9	10	11	17	18	19	24	27	32	33	40	41	48	49	51	56	57	60	61	187	#
680	1405602	2	3	4	5	6	11	12	13	14	19	21	22	30	38	45	46	47	51	52	53	54	55	60	62	187	#
681	177612	28	29	64	188	#
682	226658	21	28	29	188	#
683	133683	13	21	29	188	#
684	113200	54	62	64	188	#
685	164531	54	62	189	#
686	168004	46	54	189	#
687	1260546	3	4	5	6	7	11	12	13	14	15	19	20	21	22	23	28	29	31	36	37	39	190	#
688	1474899	1	2	3	8	9	10	11	16	17	18	19	24	25	26	27	28	32	33	34	36	44	190	#
689	1468307	5	6	7	9	14	15	16	17	21	22	23	24	25	30	31	32	33	34	38	39	49	190	#
690	1434601	1	2	3	4	8	9	10	11	12	13	14	15	16	17	18	22	25	26	27	41	49	190	#
691	1407227	2	3	4	5	6	7	11	12	13	14	15	21	22	23	30	31	38	39	47	55	63	190	#
692	1381526	1	2	3	4	5	6	10	11	12	13	18	20	21	26	27	28	29	35	36	37	57	190	#
693	296766	32	40	48	56	57	191	#
694	344800	51	57	58	59	60	191	#
695	329155	24	32	33	34	43	191	#
696	323050	24	32	33	40	41	191	#
697	240910	48	49	56	57	58	191	#
698	222764	22	33	40	41	48	191	#
699	290823	32	33	40	41	192	#
700	314503	24	32	33	40	192	#
701	251123	32	33	41	42	192	#
702	145475	20	27	28	193	#
703	175761	19	20	21	193	#
704	149263	19	20	28	193	#
705	1053543	4	5	6	12	13	14	15	19	20	21	22	23	26	27	29	30	31	52	194	#
706	1368190	3	4	5	11	12	18	19	20	21	22	24	26	27	29	30	32	37	38	194	#
707	1207680	2	3	4	5	6	7	11	13	14	15	19	21	22	23	29	31	37	39	194	#
708	1198743	11	19	20	27	34	35	36	41	42	43	44	45	49	51	52	53	59	60	194	#
709	1192947	3	4	5	6	13	14	15	19	20	21	22	23	29	30	31	37	38	45	194	#
710	1190532	5	13	14	20	21	22	29	30	31	36	37	38	43	44	45	51	52	60	194	#
711	582129	0	1	2	9	10	11	17	18	19	26	27	195	#
712	668919	9	16	17	18	24	25	26	32	33	40	62	195	#
713	667700	16	17	18	19	20	24	25	26	27	28	36	195	#
714	655874	0	1	2	3	9	10	16	17	18	26	27	195	#
715	653386	0	11	16	17	18	19	24	26	27	51	63	195	#
716	649718	16	17	18	24	25	26	27	28	32	33	40	195	#
717	317752	52	59	60	61	196	#
718	432876	37	59	60	61	196	#
719	341986	51	59	60	61	196	#
720	323089	16	59	60	61	196	#
721	242500	37	45	51	52	196	#
722	268465	32	40	41	197	#
723	327308	16	24	32	197	#
724	192886	33	40	41	197	#
725	135510	33	41	42	197	#
726	97197	32	40	198	#
727	120892	40	41	198	#
728	203553	15	17	18	19	199	#
729	275327	10	17	18	19	199	#
730	251380	17	18	25	33	199	#
731	224532	18	19	20	21	199	#
732	90452	6	14	15	23	199	#
733	365329	3	4	5	11	12	19	200	#
734	397913	3	4	5	6	7	12	200	#
735	391620	3	4	5	6	13	21	200	#
736	346463	5	6	12	13	20	21	200	#
737	345801	2	3	4	5	13	21	200	#
738	265477	11	12	17	18	19	20	200	#
739	824828	0	1	2	3	8	9	10	11	16	17	24	201	#
740	768474	0	1	2	3	8	9	10	11	16	17	25	201	#
741	767112	7	8	10	16	18	24	25	26	32	33	40	201	#
742	757546	0	1	2	3	8	9	10	11	16	17	18	201	#
743	749031	1	2	3	9	10	11	17	18	26	27	47	201	#
744	748984	0	1	2	3	9	10	11	17	18	46	47	201	#
745	103044	27	28	202	#
746	106814	26	27	202	#
747	22587	28	36	202	#
748	632240	14	15	23	30	31	37	38	39	45	47	51	52	203	#
749	911102	21	29	30	36	37	38	44	45	52	53	60	61	203	#
750	848344	0	9	10	11	45	51	52	53	54	59	60	61	203	#
751	803061	27	28	35	36	37	38	42	43	44	45	53	61	203	#
752	785896	15	37	41	42	43	44	45	51	52	53	54	60	203	#
753	738902	14	15	23	30	31	38	39	44	47	52	53	61	203	#
754	432309	5	6	7	14	15	22	204	#
755	449600	3	4	5	6	7	11	204	#
756	440145	6	7	14	15	22	23	204	#
757	432418	5	6	7	14	21	22	204	#
758	382140	5	6	7	14	15	23	204	#
759	368912	14	15	22	23	30	31	204	#
760	45494	50	#
761	297619	24	25	33	205	#
762	314069	17	24	25	205	#
763	273091	25	33	41	205	#
764	263958	16	17	25	205	#
765	2207511	1	2	6	9	10	11	12	13	14	15	16	17	18	19	20	21	22	25	28	29	30	31	33	37	38	45	46	47	51	52	53	54	55	59	60	61	206	#
766	2420759	4	6	7	10	11	12	13	14	15	16	17	18	19	20	21	22	23	24	25	27	28	29	30	31	32	33	36	37	38	39	40	41	42	45	46	48	206	#
767	2344321	1	2	4	6	8	9	10	11	12	13	14	16	17	18	19	20	21	22	23	25	26	27	28	29	30	31	32	33	35	37	38	40	41	42	48	50	206	#
768	2319256	4	5	6	7	8	10	12	13	14	16	17	18	21	22	23	24	25	28	29	30	31	37	38	39	45	46	47	51	52	54	55	59	60	61	62	63	206	#
769	2318257	1	2	3	4	5	6	7	8	9	10	11	12	13	14	16	17	18	19	20	21	22	24	25	26	27	28	29	32	33	35	36	37	38	41	42	46	206	#
770	2311313	1	2	4	6	7	8	9	10	11	12	13	14	15	16	17	18	20	21	22	23	24	25	27	28	29	30	31	35	36	37	38	42	43	44	45	46	206	#
771	436368	0	1	2	8	9	16	17	207	#
772	520229	0	1	2	8	9	16	24	207	#
773	502562	8	9	16	17	18	19	25	207	#
774	502248	1	2	19	20	26	27	28	207	#
775	471430	1	2	8	9	10	14	16	207	#
776	435695	8	9	16	17	24	31	32	207	#
777	919619	23	30	31	36	37	38	39	44	46	47	51	52	53	54	55	61	208	#
778	1129098	17	25	33	36	37	40	41	42	43	44	45	51	52	57	58	60	208	#
779	1045485	8	16	17	24	25	26	33	41	51	52	53	57	58	59	60	61	208	#
780	1008842	30	31	36	37	38	39	43	44	45	46	47	52	54	55	62	63	208	#
781	1005306	28	36	37	38	42	43	44	45	46	47	51	52	53	55	60	61	208	#
782	1002950	27	30	36	37	38	39	44	45	46	47	52	53	54	55	62	63	208	#
783	1300411	9	16	17	24	25	33	34	40	41	48	49	51	52	53	56	57	58	59	60	61	209	#
784	1524968	9	16	17	25	30	33	34	38	40	41	42	46	48	49	50	54	55	56	57	61	209	#
785	1402303	0	2	9	16	17	24	25	33	34	40	41	42	48	49	50	51	56	57	58	60	209	#
786	1358359	0	2	8	9	10	11	16	17	19	20	24	25	26	27	30	33	34	38	42	50	209	#
787	1352667	0	9	16	17	24	25	33	34	40	41	42	48	49	50	51	52	56	57	58	60	209	#
788	1335299	9	10	16	17	18	19	20	24	25	26	27	30	33	34	38	42	46	47	54	55	209	#
789	1370462	3	4	5	6	12	13	14	20	24	32	33	34	40	41	42	43	48	49	50	56	57	58	210	#
790	1650060	10	11	12	19	20	27	28	29	32	33	34	36	37	40	41	42	45	48	49	57	58	63	210	#
791	1492102	17	25	27	32	33	34	35	36	37	40	41	42	43	44	45	48	49	52	56	57	58	63	210	#
792	1388561	19	20	21	24	28	29	32	33	34	37	40	41	44	45	48	49	51	52	56	57	58	59	210	#
793	1354209	6	12	14	15	23	24	32	33	34	40	41	42	43	45	48	49	50	51	52	56	57	58	210	#
794	1348831	3	4	10	11	12	13	14	18	19	20	21	22	27	29	30	31	37	45	47	49	57	58	210	#
795	766934	12	14	19	20	21	22	23	28	29	36	37	44	211	#
796	839995	11	12	18	19	20	21	22	26	28	29	36	37	211	#
797	839654	20	21	22	23	28	29	30	37	43	44	45	59	211	#
798	807211	12	13	14	17	18	19	20	21	22	28	29	37	211	#
799	792510	11	19	20	27	28	29	34	35	36	37	43	44	211	#
800	791180	2	3	4	10	11	12	18	20	21	27	28	29	211	#
801	1203907	1	2	3	4	5	9	10	11	17	18	19	20	21	22	23	27	28	31	39	212	#
802	1564135	1	2	3	4	9	10	11	16	17	18	19	20	21	24	25	27	32	33	41	212	#
803	1542529	1	2	3	4	9	10	11	16	17	18	19	21	22	24	25	27	30	31	39	212	#
804	1492880	1	2	3	6	9	10	11	14	15	16	17	18	19	20	21	22	23	24	25	212	#
805	1482420	1	2	3	4	9	10	11	18	19	40	41	45	46	54	55	60	61	62	63	212	#
806	1431642	2	3	10	11	18	19	27	28	29	30	36	37	38	44	45	46	51	52	60	212	#
807	62008	48	#
808	355906	32	33	40	41	48	49	56	213	#
809	413137	29	32	33	34	40	41	42	213	#
810	410262	24	25	32	33	34	40	41	213	#
811	394492	24	32	33	34	40	48	56	213	#
812	386656	24	25	32	33	40	48	56	213	#
813	382811	41	48	49	51	56	57	58	213	#
814	220197	51	59	60	214	#
815	301556	52	59	60	214	#
816	1320598	0	1	2	3	8	9	10	11	17	18	19	20	24	32	33	40	41	49	59	60	215	#
817	1575256	24	25	29	32	33	34	35	36	37	40	41	42	43	44	45	48	49	51	57	58	215	#
818	1510751	28	29	30	36	37	38	44	45	46	47	51	52	54	55	57	58	59	60	61	62	215	#
819	1483549	1	2	3	6	7	10	11	18	19	20	25	26	27	28	29	33	35	36	37	43	215	#
820	1483527	1	2	3	10	11	12	17	18	19	20	21	25	27	28	32	33	35	36	41	42	215	#
821	1449668	25	30	31	32	33	38	39	41	42	45	46	47	48	49	51	55	57	58	59	60	215	#
822	1027773	0	2	8	9	10	16	18	19	20	21	24	26	27	28	29	35	37	43	216	#
823	1095140	2	3	4	8	9	10	12	16	17	18	19	20	21	22	24	26	27	35	216	#
824	1076759	1	2	8	9	10	16	17	18	19	24	26	32	33	35	40	41	48	56	216	#
825	1055325	0	1	2	3	8	9	10	16	17	18	24	35	36	43	44	51	52	60	216	#
826	1042978	0	1	2	8	9	10	18	19	24	25	33	40	41	48	54	56	57	62	216	#
827	1022037	1	2	3	4	8	9	10	11	12	13	16	17	18	19	24	26	27	32	216	#
828	484360	3	4	6	7	12	20	46	217	#
829	558799	0	1	2	3	4	10	11	217	#
830	489176	14	21	22	30	31	38	46	217	#
831	452425	4	11	12	18	19	20	26	217	#
832	444551	4	5	11	12	18	19	20	217	#
833	413216	4	12	20	28	52	53	61	217	#
834	544942	18	26	32	40	41	48	49	56	218	#
835	639252	24	32	40	41	48	49	56	57	218	#
836	593074	32	33	40	41	48	49	56	57	218	#
837	564933	24	32	33	34	40	41	42	49	218	#
838	533700	24	25	32	33	40	41	48	56	218	#
839	512259	40	41	48	49	51	56	57	58	218	#
840	803696	41	49	51	52	53	54	57	58	59	60	61	219	#
841	842851	16	24	25	26	32	33	34	41	49	56	57	219	#
842	814806	25	33	34	41	49	51	57	58	59	60	61	219	#
843	697631	35	41	43	44	49	51	52	56	57	58	60	219	#
844	658271	21	22	23	49	51	53	57	58	59	60	61	219	#
845	627962	51	52	53	54	55	56	57	58	59	60	61	219	#
846	1370192	3	4	6	11	12	13	14	20	21	22	27	28	29	35	36	37	43	45	52	220	#
847	1438149	6	7	13	21	22	25	27	28	29	33	34	35	36	37	38	41	42	43	52	220	#
848	1309638	4	5	6	12	13	14	20	21	22	27	28	29	35	36	37	38	43	45	46	220	#
849	1298930	3	4	12	13	17	18	19	20	21	28	29	35	36	37	38	44	45	46	52	220	#
850	1296247	12	13	18	20	21	22	24	25	26	27	28	29	35	36	37	43	44	45	52	220	#
851	1275514	16	17	18	24	25	32	33	34	35	36	40	41	42	43	44	45	46	51	52	220	#
852	1941971	9	10	11	16	17	18	19	24	25	26	27	28	31	32	33	34	35	36	37	38	40	41	42	43	44	48	49	50	52	56	57	221	#
853	2114930	2	3	8	9	10	11	16	17	18	19	24	25	26	27	28	29	30	33	34	35	36	37	38	41	42	43	44	46	47	50	52	221	#
854	2092847	5	9	10	11	13	16	17	18	19	21	25	26	27	28	29	30	33	34	35	36	37	38	41	42	43	44	46	48	49	52	56	221	#
855	2078819	1	2	3	6	9	10	11	13	19	21	26	27	28	29	33	34	35	36	37	38	41	42	43	44	49	50	51	52	53	58	61	221	#
856	2007805	0	1	4	5	9	10	11	12	13	17	18	19	21	22	25	26	27	28	29	30	31	33	35	36	37	38	41	48	49	56	57	221	#
857	2005097	1	5	6	9	13	16	17	20	21	24	27	28	29	32	33	34	35	36	37	38	40	41	42	43	44	46	47	48	49	50	56	221	#
858	332057	0	1	8	9	16	17	25	222	#
859	461463	8	9	16	17	24	25	32	222	#
860	440482	1	2	8	9	10	17	25	222	#
861	397650	0	8	9	16	17	24	25	222	#
862	332261	8	9	10	11	16	18	19	222	#
863	316301	9	17	18	19	25	26	27	222	#
864	1256585	5	12	13	18	19	20	21	25	26	27	28	30	31	32	33	35	36	37	38	41	42	43	49	50	223	#
865	1418567	2	3	8	16	24	25	26	27	28	32	33	34	37	40	41	42	43	45	48	49	50	52	56	57	223	#
866	1391682	17	25	30	33	34	36	41	42	43	44	45	46	47	49	50	52	53	54	55	57	60	61	62	63	223	#
867	1378936	5	13	14	16	20	21	24	27	28	29	32	33	34	37	40	41	42	43	44	48	49	52	53	56	223	#
868	1353393	16	24	25	32	33	34	35	36	40	41	42	43	44	48	49	51	52	53	54	56	57	58	59	60	223	#
869	1340624	16	24	25	27	32	33	34	35	36	37	40	41	42	43	45	48	49	50	51	52	56	57	58	60	223	#
870	130970	16	17	224	#
871	139208	17	25	224	#
872	222815	29	37	225	#
873	189011	37	38	225	#
874	1401598	1	2	3	4	5	10	11	12	13	17	18	19	20	21	27	28	35	36	37	43	44	45	52	53	226	#
875	1585680	1	2	3	4	5	10	11	12	13	16	17	18	19	20	21	28	35	36	37	42	43	44	52	60	226	#
876	1538224	2	3	10	11	17	18	25	26	28	29	33	36	37	41	42	43	44	45	46	49	51	52	58	60	226	#
877	1533210	2	3	4	11	12	20	28	33	34	36	37	42	43	44	45	49	51	52	53	57	58	59	60	61	226	#
878	1500942	2	3	4	5	9	10	11	12	13	16	17	18	19	20	21	24	25	28	36	41	42	43	44	58	226	#
879	1492389	0	9	16	17	24	27	28	32	33	34	35	36	37	40	41	42	43	44	48	49	51	52	57	60	226	#
880	718660	3	10	11	14	18	19	22	25	26	27	227	#
881	740728	0	1	2	3	8	9	10	16	62	63	227	#
882	702153	0	8	9	16	24	25	32	33	62	63	227	#
883	688221	1	10	11	17	18	19	24	25	26	27	227	#
884	658424	6	7	14	21	22	23	51	52	53	60	227	#
885	646440	6	14	19	20	21	22	23	30	31	38	227	#
886	913467	3	4	5	6	7	12	13	15	20	21	22	23	29	31	228	#
887	1158209	3	4	5	6	10	11	12	13	19	20	21	22	29	37	228	#
888	1080855	2	3	4	5	6	9	10	11	12	13	17	19	27	35	228	#
889	1030564	4	11	12	13	19	20	21	27	29	37	38	44	45	46	228	#
890	989967	2	3	4	5	10	11	12	13	15	18	22	24	25	26	228	#
891	963740	3	4	5	6	7	11	12	13	14	15	19	20	21	29	228	#
892	465055	16	17	18	24	25	33	229	#
893	473988	16	17	24	25	32	33	229	#
894	462857	8	16	17	24	25	33	229	#
895	408815	24	32	33	40	56	57	229	#
896	402037	17	18	25	32	33	34	229	#
897	358283	16	17	25	26	33	41	229	#
898	1221806	19	27	31	32	33	34	35	38	39	40	41	42	43	46	47	48	50	54	55	62	63	230	#
899	1584826	11	19	20	22	27	29	30	34	35	36	37	38	39	43	44	45	46	50	51	52	54	230	#
900	1562250	2	3	4	11	12	19	20	21	22	24	25	26	27	29	30	31	35	38	39	47	55	230	#
901	1503289	11	18	19	24	25	26	27	29	32	33	34	35	36	37	40	41	42	43	44	50	52	230	#
902	1493706	8	16	19	24	25	27	32	33	34	35	36	37	40	41	42	43	44	49	50	52	57	230	#
903	1433770	3	4	5	11	12	15	19	20	21	24	25	26	27	28	35	36	39	43	44	47	57	230	#
904	653680	46	47	51	54	55	59	60	61	62	63	231	#
905	740941	38	45	46	47	52	53	54	55	62	63	231	#
906	732549	38	45	46	47	53	54	55	61	62	63	231	#
907	716876	38	45	46	53	54	55	59	60	61	62	231	#
908	711652	37	45	46	47	52	53	54	55	61	62	231	#
909	667438	38	44	45	46	47	52	53	54	55	62	231	#
910	274340	33	40	41	42	232	#
911	330835	33	41	42	43	232	#
912	231365	40	41	42	49	232	#
913	214338	40	41	48	49	232	#
914	154657	20	28	42	43	232	#
915	128399	21	29	233	#
916	119050	28	29	233	#
917	78180	20	21	233	#
918	883587	6	7	12	16	17	18	20	21	25	26	27	28	29	33	37	38	234	#
919	1196711	1	2	10	11	16	17	18	24	25	26	35	41	42	43	48	50	234	#
920	1136475	0	1	2	3	4	9	10	11	12	17	18	24	25	26	27	35	234	#
921	1115877	8	9	16	17	18	24	25	32	33	40	41	42	43	44	48	56	234	#
922	1086749	20	21	27	28	29	32	35	37	42	43	44	45	52	53	60	61	234	#
923	1083538	0	1	2	8	9	10	11	17	18	24	25	26	32	33	40	41	234	#
924	321774	12	13	20	21	28	29	235	#
925	426006	19	20	21	24	28	32	235	#
926	409388	20	21	27	28	29	36	235	#
927	375517	14	21	22	23	29	38	235	#
928	268063	13	21	29	39	47	55	235	#
929	249073	5	12	13	21	28	29	235	#
930	496874	5	6	7	9	10	13	14	17	21	236	#
931	562882	0	1	2	3	8	9	10	11	17	236	#
932	551080	0	1	2	8	9	10	56	57	58	236	#
933	533698	5	13	28	29	35	36	37	45	56	236	#
934	520067	5	6	7	13	14	21	29	37	45	236	#
935	513558	0	1	8	9	10	17	18	19	25	236	#
936	329292	3	4	12	13	14	54	62	237	#
937	460592	2	3	4	10	12	13	18	237	#
938	367581	47	53	54	55	61	62	63	237	#
939	365996	13	14	15	22	30	31	38	237	#
940	319950	4	5	6	12	13	14	20	237	#
941	304036	45	52	53	54	55	62	63	237	#
942	1239239	2	23	27	28	30	31	35	36	37	38	39	44	45	46	47	51	52	53	54	59	60	61	62	238	#
943	1383744	20	21	22	23	24	30	31	32	37	38	39	40	45	46	47	51	53	54	55	59	60	61	62	238	#
944	1354949	15	20	21	22	23	29	30	31	37	38	39	44	45	46	47	51	53	54	59	60	61	62	63	238	#
945	1339570	3	11	18	19	20	27	28	35	36	37	38	44	45	46	51	52	53	54	59	60	61	62	63	238	#
946	1336176	0	1	3	4	9	10	11	15	17	18	19	20	21	22	23	28	29	31	32	33	34	39	47	238	#
947	1331630	19	20	21	22	27	28	31	36	37	38	39	44	45	46	47	51	52	53	54	59	60	61	62	238	#
948	575487	5	6	12	13	14	15	20	21	22	23	31	39	47	55	239	#
949	827345	0	3	4	8	9	12	13	16	20	46	47	53	54	55	239	#
950	731952	6	12	13	14	15	20	21	22	23	30	31	37	38	45	239	#
951	730716	3	4	5	6	7	10	11	14	15	22	23	31	39	47	239	#
952	722163	4	6	12	13	14	15	19	20	21	22	23	27	28	31	239	#
953	710693	6	12	13	14	15	20	22	23	31	39	47	53	54	55	239	#
954	2499402	0	1	2	3	4	5	6	7	8	9	10	11	12	13	14	15	16	19	22	23	24	25	30	31	32	33	38	39	45	46	47	51	57	58	59	60	61	240	#
955	2576823	3	4	11	14	22	24	25	26	27	29	31	32	33	34	36	37	38	39	40	41	42	43	44	45	46	47	48	49	51	52	54	55	57	58	59	60	61	240	#
956	2490100	0	2	3	8	9	10	16	19	24	25	26	27	32	33	34	35	36	39	40	41	42	43	44	46	47	48	49	51	54	55	57	58	59	60	61	62	64	240	#
957	2434838	12	13	14	20	24	27	30	31	32	33	34	35	36	37	38	39	40	41	42	43	44	45	46	47	48	49	51	52	53	54	55	57	58	59	60	61	62	240	#
958	2383874	0	1	2	3	4	5	6	8	9	10	11	12	13	14	15	16	18	19	20	22	24	25	26	27	30	31	32	33	35	36	38	39	42	43	46	54	55	240	#
959	2371305	3	4	5	11	12	13	14	15	19	21	22	23	31	33	36	37	38	39	40	41	43	44	45	46	47	48	49	52	53	54	55	57	58	59	60	61	62	240	#
960	113611	54	58	62	241	#
961	144703	53	54	62	241	#
962	137757	53	54	55	241	#
963	215693	15	21	22	23	30	242	#
964	304845	22	23	30	37	38	242	#
965	225124	12	13	21	22	29	242	#
966	178378	21	22	23	30	31	242	#
967	153034	22	23	30	31	39	242	#
968	143974	14	15	22	23	30	242	#
969	331233	11	19	26	27	35	243	#
970	456199	2	10	11	19	52	243	#
971	311852	19	27	28	35	36	243	#
972	225000	20	26	27	28	35	243	#
973	218904	26	27	35	36	43	243	#
974	218846	11	12	18	19	20	243	#
975	194147	0	1	2	244	#
976	280810	1	2	3	244	#
977	204923	1	2	10	244	#
978	113920	0	1	8	244	#
979	73607	51	52	#
980	344815	38	41	46	48	49	245	#
981	438898	25	33	41	42	49	245	#
982	406254	30	33	41	48	49	245	#
983	375300	33	41	42	48	49	245	#
984	302132	29	37	38	48	56	245	#
985	177367	39	44	45	46	47	245	#
986	60467	25	#
987	417383	2	5	6	14	15	22	23	246	#
988	471381	2	3	9	10	46	47	55	246	#
989	431721	5	6	7	14	22	30	31	246	#
990	381479	13	14	21	22	23	29	31	246	#
991	349903	6	14	15	22	23	30	31	246	#
992	238983	4	5	11	12	13	14	20	246	#
993	462505	4	5	6	7	12	13	20	25	26	247	#
994	624555	1	3	4	9	10	11	12	21	29	247	#
995	612768	0	9	10	16	17	24	25	32	40	247	#
996	602863	0	1	9	10	17	18	19	26	27	247	#
997	507088	3	4	5	6	7	12	13	20	21	247	#
998	466068	4	5	6	7	13	14	54	55	62	247	#
999	125632	36	44	52	248	#
1000	178668	44	52	60	248	#
1001	94246	14	52	60	248	#
1002	246233	3	4	5	11	20	249	#
1003	329796	12	20	28	29	37	249	#
1004	304830	0	1	9	10	11	249	#
1005	250356	3	4	5	11	13	249	#
1006	243075	3	4	5	12	13	249	#
1007	83931	21	29	#
1008	722068	14	15	22	23	30	36	44	45	53	54	250	#
1009	805705	14	15	22	23	27	30	35	38	46	54	250	#
1010	721318	22	30	38	39	45	46	47	54	55	62	250	#
1011	696240	35	36	37	38	42	43	44	45	50	53	250	#
1012	686295	5	6	13	14	15	22	23	30	31	38	250	#
1013	663010	13	14	27	28	35	36	37	44	45	52	250	#
1014	150553	4	12	251	#
1015	159911	3	4	251	#
1016	191325	16	24	252	#
1017	169799	24	32	252	#
1018	155735	16	17	252	#
1019	1415583	10	11	12	15	18	19	20	21	22	23	27	28	29	30	31	35	37	39	42	43	45	46	47	253	#
1020	1491021	5	6	14	15	17	21	22	23	24	25	28	29	30	31	32	33	34	37	38	39	45	46	47	253	#
1021	1487569	2	3	4	14	15	20	21	22	23	27	28	29	30	31	38	39	45	46	47	52	54	55	56	253	#
1022	1486180	14	15	21	22	23	28	29	30	31	33	35	36	37	39	41	44	45	46	47	49	52	54	55	253	#
1023	1468009	0	1	2	3	4	5	8	9	10	11	16	17	18	19	20	21	24	25	33	40	41	42	49	253	#
1024	1451082	0	2	3	4	5	6	7	9	10	11	16	17	18	19	20	21	24	25	26	28	29	32	37	253	#
1025	87628	22	31	39	254	#
1026	60734	31	39	47	254	#
1027	924721	4	5	9	10	12	13	18	20	21	26	27	28	29	36	37	255	#
1028	1045810	4	5	12	13	20	21	27	28	29	36	37	45	52	53	60	255	#
1029	984290	1	2	9	10	11	18	19	20	26	27	28	29	36	37	45	255	#
1030	960138	11	18	19	20	21	26	27	28	29	36	37	45	46	52	60	255	#
1031	937095	2	3	4	10	12	13	18	19	20	26	27	28	36	37	45	255	#
1032	934100	4	5	6	7	12	13	20	21	27	28	29	35	36	37	38	255	#
1033	237884	15	22	23	30	256	#
1034	307256	21	22	30	34	256	#
1035	228675	22	30	31	39	256	#
1036	206445	14	22	23	30	256	#
1037	159045	14	15	22	23	256	#
1038	1504954	0	1	2	8	9	10	15	16	17	18	20	22	23	24	25	28	29	33	34	35	36	37	38	42	45	257	#
1039	1494585	0	1	2	8	9	10	16	17	18	20	24	25	26	27	28	35	36	37	51	52	55	56	57	58	59	257	#
1040	1447275	13	17	20	21	22	24	25	26	27	28	29	30	34	35	36	37	38	42	43	45	51	52	53	54	61	257	#
1041	1435236	1	2	4	5	6	9	10	13	17	20	21	25	28	29	35	36	37	44	45	51	52	53	58	60	61	257	#
1042	1410221	0	1	2	8	9	10	16	17	18	20	24	25	26	27	28	29	33	34	35	36	37	38	42	43	50	257	#
1043	1409078	0	1	2	3	4	8	9	10	11	16	17	18	24	25	26	33	34	40	41	42	49	50	56	57	58	257	#
1044	345831	4	5	6	13	14	15	22	31	258	#
1045	510653	5	6	12	13	14	21	22	29	258	#
1046	443956	4	12	19	20	45	46	47	55	258	#
1047	420954	5	6	14	15	20	22	28	30	258	#
1048	401906	5	6	7	12	13	14	15	20	258	#
1049	364473	6	14	15	21	22	23	30	31	258	#
1050	396654	47	51	52	53	54	60	61	259	#
1051	527957	43	44	45	46	52	59	60	259	#
1052	505063	45	51	52	58	59	60	61	259	#
1053	468584	44	45	51	52	58	59	60	259	#
1054	446876	17	20	51	52	58	59	60	259	#
1055	425153	21	22	30	31	39	46	47	259	#
1056	241936	12	13	14	15	21	260	#
1057	295164	5	6	13	14	22	260	#
1058	257514	20	21	28	29	37	260	#
1059	204284	15	22	23	30	31	260	#
1060	2445539	0	1	2	3	4	5	6	8	9	10	11	13	14	17	18	19	20	21	22	23	27	28	29	30	31	35	36	37	38	43	44	45	46	51	52	53	57	58	59	60	61	261	#
1061	2755172	0	1	2	4	5	6	8	9	10	11	12	13	14	16	17	18	19	20	21	22	23	24	25	26	27	29	30	32	33	34	35	36	37	38	40	41	43	44	45	52	60	261	#
1062	2742262	0	1	2	4	5	6	7	8	9	10	11	12	13	16	17	18	19	20	21	22	23	24	26	27	28	29	30	32	35	36	37	38	40	43	44	45	51	52	59	60	61	261	#
1063	2735685	0	1	2	4	5	6	7	8	9	10	11	12	13	14	16	17	18	19	20	21	22	23	24	25	26	27	29	30	32	33	35	36	37	38	43	44	45	52	59	60	61	261	#
1064	2671364	0	1	2	6	7	8	9	10	11	12	13	14	16	17	18	19	20	21	22	23	24	25	26	27	29	32	33	34	35	37	38	40	41	43	45	48	49	51	52	56	57	261	#
1065	2669083	0	1	2	3	4	5	6	8	9	10	11	12	13	14	16	17	18	19	20	21	22	24	26	27	29	32	35	36	37	38	43	44	45	51	52	53	54	55	59	60	61	261	#
1066	249589	54	62	63	262	#
1067	199102	53	54	61	262	#
1068	41834	42	#
1069	613569	0	1	2	3	10	11	18	19	26	263	#
1070	724593	2	8	9	10	11	18	19	60	61	263	#
1071	681002	0	1	2	8	10	11	18	56	57	263	#
1072	642190	1	2	3	4	10	11	19	20	27	263	#
1073	617513	10	16	17	18	19	24	25	26	27	263	#
1074	603938	4	10	11	12	13	14	18	19	20	263	#
1075	490060	4	5	6	12	14	62	63	264	#
1076	496016	4	5	12	20	21	28	29	264	#
1077	461481	4	5	6	12	14	15	22	264	#
1078	357864	5	6	14	15	22	30	31	264	#
1079	306260	32	33	40	54	55	62	63	264	#
1080	283013	39	46	47	54	55	62	63	264	#
1081	39388	4	#
1082	1431210	12	13	14	15	17	18	19	20	21	22	23	25	27	28	29	30	31	32	33	34	35	36	38	39	41	42	43	44	47	48	265	#
1083	1855871	6	7	13	14	15	22	23	25	27	28	29	33	34	35	36	37	38	41	42	43	44	45	48	50	52	53	56	57	59	60	265	#
1084	1780275	3	6	10	11	13	14	15	19	21	22	23	27	28	29	30	31	33	34	35	36	37	38	41	42	43	44	45	46	50	52	265	#
1085	1778497	13	14	15	20	21	22	25	27	28	29	30	32	33	34	35	36	38	40	41	42	43	44	45	46	48	49	50	52	56	57	265	#
1086	1759332	13	14	17	20	21	22	24	25	27	28	29	31	32	33	34	35	36	38	41	42	43	44	45	46	50	52	53	54	61	62	265	#
1087	1682163	3	4	6	12	13	14	15	21	22	23	24	25	27	28	29	30	31	35	36	38	39	42	43	44	45	46	52	53	54	62	265	#
1088	69396	53	54	266	#
1089	100639	53	61	266	#
1090	90590	54	55	266	#
1091	136041	25	33	267	#
1092	168459	32	33	267	#
1093	159577	17	25	267	#
1094	763039	39	44	45	46	47	52	53	54	59	60	61	62	63	268	#
1095	967837	29	30	37	38	39	45	46	47	53	54	61	62	63	268	#
1096	953227	29	30	37	38	39	43	44	45	46	47	54	62	63	268	#
1097	897864	30	31	37	38	39	45	46	47	53	54	61	62	63	268	#
1098	887547	30	38	39	44	45	46	47	52	53	54	60	61	62	268	#
1099	865829	23	24	25	30	31	32	33	38	39	40	46	47	54	268	#
1100	864508	1	2	3	4	8	9	10	11	16	17	24	25	269	#
1101	822979	1	2	3	8	9	10	11	12	17	19	20	21	269	#
1102	813549	2	3	4	5	11	12	20	21	27	28	29	35	269	#
1103	804817	1	2	9	10	11	16	17	18	24	26	32	63	269	#
1104	788087	1	2	9	10	30	31	33	34	38	41	42	50	269	#
1105	780003	0	1	2	3	8	9	10	11	17	41	42	50	269	#
1106	1058066	0	1	2	8	9	11	16	17	18	19	24	25	26	27	28	32	40	270	#
1107	1146457	8	11	16	18	19	20	24	25	26	27	28	32	44	45	52	59	60	270	#
1108	1113960	0	1	2	8	9	10	11	16	17	18	19	24	25	26	27	35	36	270	#
1109	1110740	0	1	8	9	10	11	18	19	26	27	28	29	36	37	38	52	53	270	#
1110	1106237	1	2	9	10	11	16	17	18	19	20	24	25	26	27	28	56	57	270	#
1111	1086650	0	1	8	9	10	16	17	18	19	24	26	28	32	35	36	37	45	270	#
1112	347290	20	21	22	28	35	36	44	271	#
1113	490937	20	36	37	44	45	51	52	271	#
1114	447467	44	45	51	52	53	60	61	271	#
1115	436445	20	28	35	36	37	44	45	271	#
1116	422872	4	12	20	28	29	36	37	271	#
1117	341917	6	12	13	14	15	21	22	271	#
1118	839425	3	4	6	12	13	14	21	22	29	30	31	39	272	#
1119	874040	1	2	3	4	10	11	12	13	19	20	21	22	272	#
1120	784693	12	13	14	21	22	28	29	30	31	37	39	45	272	#
1121	773667	6	13	14	21	22	29	30	31	39	45	46	54	272	#
1122	773402	4	12	13	20	21	22	26	27	28	29	30	31	272	#
1123	750862	3	4	11	12	13	14	15	19	21	22	29	31	272	#
1124	169104	0	8	9	16	17	273	#
1125	184107	0	1	8	9	16	273	#
1126	156846	0	1	8	9	10	273	#
1127	155095	0	1	8	9	17	273	#
1128	115401	5	13	#
1129	772287	34	40	41	42	43	48	49	54	56	57	58	62	63	274	#
1130	956638	34	35	36	37	43	44	45	46	51	52	53	54	62	274	#
1131	945644	20	21	22	27	28	30	33	34	35	36	43	44	45	274	#
1132	940438	27	28	33	34	35	36	40	41	42	43	44	49	52	274	#
1133	896019	43	44	45	49	51	52	53	54	57	58	59	60	61	274	#
1134	890989	37	44	45	46	52	53	54	55	59	60	61	62	63	274	#
1135	133913	10	18	275	#
1136	141061	17	18	275	#
1137	479223	0	8	9	16	17	25	26	27	28	276	#
1138	696163	28	29	30	36	37	38	44	45	53	276	#
1139	583647	0	1	2	3	8	9	16	17	25	276	#
1140	571819	0	1	8	16	17	18	22	24	25	276	#
1141	486530	18	19	20	25	26	27	28	29	36	276	#
1142	480206	0	1	8	9	16	17	18	25	26	276	#
1143	1312380	6	13	14	21	22	29	30	35	37	38	42	43	44	45	46	47	51	52	53	54	55	59	60	277	#
1144	1754628	3	4	5	6	11	12	13	14	22	30	35	37	38	43	44	45	46	47	52	53	55	60	61	277	#
1145	1587632	2	3	4	5	6	7	9	10	11	12	13	14	15	21	22	30	33	34	41	42	43	49	57	277	#
1146	1553713	4	5	6	12	13	14	21	22	30	31	35	37	38	43	44	46	47	52	55	56	57	58	60	277	#
1147	1521982	3	4	5	6	7	11	12	13	14	22	29	30	31	36	37	38	44	45	46	53	54	55	62	277	#
1148	1486231	8	9	13	16	21	22	24	29	32	33	34	35	37	40	41	42	43	44	45	49	52	53	60	277	#
1149	1228829	17	24	25	26	32	33	34	36	37	40	45	48	49	51	52	56	57	58	59	60	278	#
1150	1225824	6	7	29	36	37	38	40	45	46	47	48	49	51	52	56	57	58	59	60	61	278	#
1151	1211898	0	2	3	8	9	10	11	16	17	18	19	24	25	26	27	28	32	40	48	56	278	#
1152	1207451	0	1	2	3	10	11	17	18	19	20	24	25	26	27	28	32	33	35	36	40	278	#
1153	1198328	8	9	10	12	17	18	19	20	24	25	26	27	28	29	36	37	38	44	45	50	278	#
1154	1193175	10	18	26	27	28	29	36	37	44	45	49	51	52	53	56	57	58	59	60	61	278	#
1155	1055877	2	3	10	11	18	19	20	24	25	26	27	28	32	33	40	41	48	56	279	#
1156	1216476	0	1	2	3	8	9	10	11	16	17	21	22	25	26	29	30	38	46	279	#
1157	1198558	0	1	2	3	4	5	8	9	10	11	12	16	17	24	25	26	32	33	279	#
1158	1187424	18	19	22	23	25	26	27	28	29	30	31	33	35	36	37	38	44	46	279	#
1159	1126691	0	1	2	3	4	9	10	11	12	19	20	26	27	28	34	35	36	43	279	#
1160	1110171	11	19	25	26	27	28	29	32	33	34	35	36	37	40	43	44	45	48	279	#
1161	889304	21	29	37	43	44	45	46	47	51	52	53	54	55	58	60	61	62	280	#
1162	1132378	8	11	16	17	18	19	24	25	32	33	40	41	48	49	56	57	58	280	#
1163	1036790	21	27	28	29	35	36	37	38	39	45	47	52	53	54	55	60	61	280	#
1164	1003443	11	12	18	19	20	21	28	29	33	34	35	36	37	38	41	43	48	280	#
1165	978388	27	28	29	35	36	37	44	45	47	52	53	54	55	60	61	62	63	280	#
1166	973110	12	13	19	20	21	26	27	28	29	35	36	37	38	43	44	52	60	280	#
1167	352666	11	24	25	32	33	40	41	281	#
1168	433235	1	2	3	9	10	11	18	281	#
1169	429626	16	17	24	25	33	36	44	281	#
1170	426418	8	16	24	25	32	33	40	281	#
1171	411929	18	25	26	33	41	42	49	281	#
1172	394244	17	18	24	25	32	33	55	281	#
1173	1955373	3	4	5	12	13	14	15	16	17	18	20	21	22	23	24	26	28	29	30	31	33	34	35	37	38	41	42	43	44	45	46	47	48	51	52	53	54	55	59	60	282	#
1174	2375051	0	1	2	3	4	8	9	10	16	17	24	25	26	27	28	32	33	34	35	36	37	38	41	42	43	44	45	46	47	51	52	53	54	57	58	59	60	61	62	63	282	#
1175	2356214	0	1	2	3	4	8	16	17	21	22	24	25	26	27	30	32	33	34	35	37	38	40	41	42	43	44	45	46	47	48	51	52	53	54	56	57	58	59	60	61	282	#
1176	2339564	0	1	2	3	4	5	9	10	13	14	16	17	24	25	26	27	32	33	34	35	37	38	40	41	42	43	44	45	46	48	51	52	53	54	56	57	59	60	61	62	282	#
1177	2302024	2	3	4	5	6	11	12	13	17	20	21	24	25	28	29	32	33	35	37	41	42	43	44	45	46	48	49	51	52	53	54	55	56	57	58	59	60	61	62	63	282	#
1178	2278400	2	6	10	13	14	15	16	17	18	20	21	22	24	27	28	29	30	32	33	34	35	37	38	40	41	42	43	44	45	46	47	51	52	53	56	57	58	59	60	61	282	#
1179	1048584	0	1	8	9	16	17	24	25	26	27	33	34	35	36	40	41	42	43	44	48	50	283	#
1180	1349429	21	25	27	28	29	33	34	35	36	37	43	44	51	52	53	54	59	60	61	62	63	283	#
1181	1294362	0	1	2	3	4	9	10	11	12	17	18	19	24	25	26	32	33	34	40	53	61	283	#
1182	1292566	0	1	2	3	4	8	9	10	11	16	17	18	19	24	25	27	32	33	34	41	48	283	#
1183	1288366	0	1	2	3	8	9	10	11	16	17	18	24	25	26	27	32	33	34	35	40	41	283	#
1184	1287180	0	1	2	3	4	7	8	9	10	11	16	17	24	25	26	32	33	34	40	62	63	283	#
1185	437209	3	11	12	19	20	21	22	23	27	284	#
1186	600074	21	22	28	29	36	37	44	45	52	284	#
1187	570867	6	12	19	20	25	26	27	28	35	284	#
1188	563085	2	3	4	12	20	26	27	28	35	284	#
1189	541467	1	3	4	9	10	11	12	19	20	284	#
1190	514425	2	3	4	11	45	51	52	53	60	284	#
1191	136406	51	59	#
1192	647673	45	46	47	51	52	54	62	63	285	#
1193	602053	19	20	45	46	54	55	62	63	285	#
1194	578867	38	45	46	52	53	54	61	62	285	#
1195	557620	44	45	46	47	51	52	55	58	285	#
1196	556167	38	45	46	51	52	54	58	60	285	#
1197	538446	6	38	39	45	46	47	52	54	285	#
1198	694561	4	5	12	13	14	15	21	22	30	31	38	286	#
1199	749018	3	4	5	6	7	12	13	21	22	30	31	286	#
1200	722903	4	5	6	12	13	14	21	22	30	31	38	286	#
1201	718364	28	30	36	37	38	46	47	53	54	55	62	286	#
1202	705482	13	14	15	16	21	22	28	29	30	31	37	286	#
1203	703211	4	5	13	21	22	30	31	34	38	39	49	286	#
1204	170787	3	4	5	12	#
1205	632289	24	32	33	40	41	49	57	287	#
1206	559783	32	33	40	41	48	49	61	287	#
1207	524415	24	25	32	33	41	48	49	287	#
1208	519086	24	32	33	34	40	41	48	287	#
1209	512105	33	34	41	42	49	56	57	287	#
1210	500823	33	40	41	42	48	49	57	287	#
1211	120974	5	12	13	#
1212	255253	23	31	39	47	288	#
1213	318040	23	30	31	39	288	#
1214	298565	22	23	30	31	288	#
1215	250242	31	39	46	47	288	#
1216	197423	39	46	47	55	288	#
1217	421760	39	56	57	62	63	289	#
1218	397447	41	48	49	56	57	289	#
1219	346279	41	49	56	57	58	289	#
1220	337241	53	54	55	62	63	289	#
1221	320293	47	54	55	62	63	289	#
1222	251005	23	30	31	38	39	289	#
1223	217556	51	58	59	60	290	#
1224	191177	49	51	57	58	290	#
1225	1151838	31	34	37	39	42	43	44	45	47	50	51	52	53	54	55	59	60	62	291	#
1226	1478776	29	35	36	37	41	42	43	44	45	49	51	52	56	57	58	59	60	61	291	#
1227	1438082	24	27	32	33	34	35	36	37	40	41	42	43	44	48	49	50	56	57	291	#
1228	1373293	29	35	36	37	41	44	45	48	49	51	52	53	56	57	58	59	60	61	291	#
1229	1371317	27	33	34	35	40	41	42	43	44	45	48	49	50	51	52	59	60	61	291	#
1230	1364712	34	36	40	41	42	43	44	45	48	49	51	52	56	57	58	59	60	61	291	#
1231	881886	6	7	14	15	22	28	29	30	37	38	45	64	292	#
1232	948295	20	28	29	30	36	37	38	44	45	52	53	54	292	#
1233	940782	12	20	28	29	30	31	37	38	39	44	45	46	292	#
1234	868992	14	15	22	29	30	31	37	38	44	45	46	52	292	#
1235	859669	12	19	20	21	28	29	35	36	37	38	45	53	292	#
1236	724098	1	9	12	13	20	21	28	29	37	38	45	46	292	#
1237	1059436	21	29	30	36	37	38	44	45	46	51	52	53	60	61	293	#
1238	1135993	11	19	20	21	27	28	29	36	37	38	45	46	52	53	293	#
1239	1129223	10	11	13	18	19	20	21	22	27	28	29	36	37	38	293	#
1240	1116560	27	28	29	36	37	38	45	46	51	52	53	59	60	61	293	#
1241	1096119	11	13	14	19	20	21	22	27	28	29	30	36	37	45	293	#
1242	1056908	11	13	14	19	20	21	22	28	29	36	37	44	45	46	293	#
1243	412090	2	3	4	5	10	11	294	#
1244	451724	2	3	4	5	6	7	294	#
1245	437354	1	2	3	11	19	20	294	#
1246	374168	2	3	11	18	19	44	294	#
1247	318406	1	2	8	9	10	11	294	#
1248	300690	0	1	2	8	9	10	294	#
1249	125883	5	6	#
1250	480085	13	14	15	21	22	23	30	31	35	39	296	#
1251	622117	27	28	35	41	42	43	44	45	50	52	296	#
1252	588858	15	19	20	21	22	23	25	27	28	29	296	#
1253	561979	6	14	15	20	21	22	23	28	29	30	296	#
1254	494934	14	15	21	22	23	30	31	39	47	55	296	#
1255	481473	13	14	15	20	21	22	23	27	28	29	296	#
1256	680132	11	19	20	21	22	28	29	30	297	#
1257	771191	19	20	21	28	29	30	37	38	297	#
1258	718609	22	27	29	30	36	37	38	44	297	#
1259	657376	20	21	27	28	29	36	37	38	297	#
1260	567730	3	4	11	19	20	27	28	35	297	#
1261	565764	11	14	19	20	21	27	28	29	297	#
1262	1644423	3	4	5	12	13	15	20	21	22	23	28	29	30	31	35	36	37	38	39	42	43	44	45	52	53	298	#
1263	1745219	3	11	19	20	21	22	23	28	29	30	31	35	36	38	40	41	42	43	44	45	46	52	53	59	60	298	#
1264	1701499	2	4	5	6	10	11	12	14	19	20	21	22	27	28	31	35	36	41	42	43	44	45	52	53	60	298	#
1265	1686728	3	5	6	11	12	13	19	20	21	22	25	28	29	33	34	35	36	41	42	43	44	45	46	50	52	298	#
1266	1673994	0	1	2	3	4	5	10	11	12	13	14	19	20	21	22	27	28	29	35	36	43	44	45	52	53	298	#
1267	1641068	2	3	4	10	11	12	13	15	18	19	20	21	22	23	27	28	29	30	31	35	36	37	44	45	52	298	#
1268	393358	45	51	52	53	60	61	299	#
1269	479027	51	52	56	57	58	60	299	#
1270	454099	51	52	53	60	62	63	299	#
1271	425257	51	52	53	58	60	61	299	#
1272	388294	51	52	58	59	60	61	299	#
1273	236244	36	37	45	46	47	54	299	#
1274	92302	19	#
1275	680764	1	2	3	4	5	10	12	20	21	22	300	#
1276	682778	1	2	5	6	7	9	10	11	18	19	300	#
1277	639741	3	4	5	6	7	12	17	19	20	21	300	#
1278	634613	1	2	3	4	5	10	49	56	57	58	300	#
1279	624780	0	1	2	3	4	8	9	10	18	19	300	#
1280	596473	2	3	4	5	11	12	20	33	41	48	300	#
1281	564343	19	26	27	28	29	33	34	35	36	43	301	#
1282	768510	17	25	27	32	33	34	35	41	42	43	301	#
1283	744532	16	17	25	32	33	34	41	42	43	50	301	#
1284	742551	2	9	10	16	17	19	27	34	35	43	301	#
1285	731766	29	35	36	37	38	45	46	52	53	54	301	#
1286	648377	19	20	27	33	34	35	36	41	42	43	301	#
1287	757800	18	19	20	26	27	28	29	35	43	44	45	51	52	53	59	60	61	302	#
1288	1122524	21	22	26	27	29	30	31	35	36	37	38	44	45	46	52	60	61	302	#
1289	1078410	1	2	10	12	20	21	22	23	28	29	30	31	37	38	44	45	46	302	#
1290	995983	16	18	19	21	22	24	25	26	27	28	29	31	32	33	36	37	44	302	#
1291	948672	2	3	4	5	11	12	13	19	20	21	26	27	28	29	30	31	37	302	#
1292	917741	19	21	22	26	27	28	29	34	35	42	43	44	45	46	52	60	61	302	#
1293	116122	2	#
1294	96883	37	#
1295	199382	0	8	9	17	303	#
1296	289199	16	17	18	26	303	#
1297	272042	0	9	17	18	303	#
1298	165560	0	8	9	16	303	#
1299	136038	51	60	#
