%% File generated by CATS v.2.1Mon Aug 19 20:42:26 2019

%% The CATS webpage is http://robotics.stanford.edu/CATS

%% PARAMETER SETTINGS:
% Goods: 75; Bids: 1500; Distribution: regions; Runs: 10; Seed: 1566266904
% Regions Distribution Parameters:
% Max Substitutable Bids = 5
% Removing HV Neighbor   = 0.1
% Adding DIAG Neighbor   = 0.2
% Additional Location    = 0.9
% Jump Probability       = 0.05
% Additivity             = 0.2
% Budget Factor          = 1.5
% Resale Factor          = 0.5
% Uniform Private Value:
%   Deviation            = 0.5
%   Max Good Value       = 100



goods 75
bids 1500
dummy 281

0	598664	14	20	21	29	42	50	51	58	75	#
1	763209	40	42	43	44	48	49	50	51	75	#
2	680882	42	43	44	49	50	51	57	58	75	#
3	663245	13	14	15	22	23	42	50	51	75	#
4	645734	5	6	13	14	15	22	23	29	75	#
5	632457	40	42	48	49	50	51	57	58	75	#
6	682320	40	41	42	49	50	51	56	57	58	59	76	#
7	713381	26	29	33	34	40	41	49	56	57	58	76	#
8	703012	45	46	47	51	53	54	55	59	60	61	76	#
9	695283	20	28	36	37	42	43	44	45	46	52	76	#
10	693405	24	32	40	41	42	49	56	57	58	69	76	#
11	635667	15	42	49	50	51	56	57	59	60	61	76	#
12	715512	9	10	18	19	20	26	27	33	34	35	41	42	43	47	77	#
13	1033080	3	4	5	8	9	12	16	18	19	24	25	26	32	40	77	#
14	973824	16	24	25	26	32	33	34	35	36	40	41	42	43	44	77	#
15	948385	13	18	26	27	28	30	33	34	35	36	37	38	41	47	77	#
16	883706	18	26	32	33	34	35	40	41	42	43	49	56	57	61	77	#
17	866161	3	8	11	18	19	25	26	27	28	35	36	41	42	43	77	#
18	217153	13	14	15	78	#
19	238283	11	12	13	78	#
20	210348	7	14	15	78	#
21	193480	13	14	21	78	#
22	1786552	2	4	10	11	12	19	20	26	27	28	32	33	34	35	36	40	41	42	44	48	49	50	51	52	58	67	70	79	#
23	2089991	5	6	26	28	32	33	34	35	36	37	38	39	40	41	42	43	44	46	49	50	52	53	54	56	57	58	60	79	#
24	2042143	19	20	24	26	27	28	32	33	34	35	36	38	39	40	41	42	43	44	46	47	49	50	52	53	54	55	57	79	#
25	1957603	1	9	16	24	25	26	27	28	32	33	34	35	36	37	40	41	42	43	44	45	46	48	52	53	54	60	61	79	#
26	1952416	2	24	25	28	29	30	31	32	33	34	35	36	37	38	39	41	42	43	44	45	46	47	50	51	58	59	71	79	#
27	1944859	0	1	2	3	4	8	9	10	11	16	17	18	19	20	24	25	26	27	28	32	33	34	35	42	43	44	52	79	#
28	892455	0	29	34	35	36	37	38	43	44	45	46	47	53	55	80	#
29	987649	24	25	27	28	32	33	34	35	36	37	38	42	43	44	80	#
30	982833	25	26	27	29	30	33	34	35	36	37	42	43	44	45	80	#
31	956488	0	1	3	8	9	10	11	17	24	25	26	28	35	36	80	#
32	924465	20	25	26	27	28	29	33	34	35	36	37	38	42	44	80	#
33	860426	13	14	15	22	29	30	36	37	38	39	44	45	46	47	80	#
34	349913	50	51	57	58	81	#
35	266224	42	50	57	58	81	#
36	261995	50	51	58	59	81	#
37	249215	49	50	57	58	81	#
38	1169181	0	1	2	3	4	9	10	11	17	18	25	26	34	45	46	47	52	53	54	82	#
39	1375245	27	28	29	30	31	34	35	36	37	38	39	43	44	45	46	47	52	53	72	82	#
40	1285248	3	4	5	6	9	10	11	13	14	16	17	18	21	22	24	25	29	32	33	82	#
41	1214670	18	27	35	36	37	38	39	43	44	45	46	47	52	53	54	55	60	63	70	82	#
42	1186986	18	20	24	25	26	27	28	29	32	33	34	35	36	37	42	43	50	51	58	82	#
43	1186656	30	31	36	37	38	39	44	45	46	47	51	52	53	54	55	59	61	63	70	82	#
44	977227	5	6	7	12	13	14	15	20	21	22	23	28	29	48	49	83	#
45	1207634	26	27	34	35	36	40	41	42	43	48	49	50	56	57	58	83	#
46	1162212	26	32	34	35	40	41	42	43	48	49	50	56	57	58	72	83	#
47	1124955	3	10	11	12	13	18	20	21	26	27	28	34	35	42	43	83	#
48	1063814	11	12	13	18	19	20	26	27	28	34	35	36	42	50	58	83	#
49	987314	9	11	12	13	17	18	19	20	21	26	29	36	37	38	44	83	#
50	192707	42	43	84	#
51	269540	43	44	84	#
52	89851	41	42	84	#
53	248959	7	14	15	23	85	#
54	158564	7	15	22	23	85	#
55	158507	14	15	21	22	85	#
56	144211	14	15	22	23	85	#
57	106542	15	23	43	71	85	#
58	115910	66	#
59	615563	4	5	12	13	14	15	19	20	21	22	23	28	31	86	#
60	885886	7	14	15	19	22	23	25	26	27	33	34	42	43	86	#
61	827202	19	20	21	27	28	35	36	37	38	42	43	44	52	86	#
62	797273	12	14	15	19	20	21	22	25	26	27	28	30	36	86	#
63	739534	4	5	8	9	12	13	14	18	19	20	27	28	36	86	#
64	720033	13	14	15	19	20	21	22	27	29	30	37	38	39	86	#
65	778327	16	24	32	33	34	35	40	41	42	87	#
66	780530	16	24	25	26	32	33	34	41	42	87	#
67	767678	20	25	26	27	28	34	35	41	42	87	#
68	761872	24	25	26	32	33	34	40	41	48	87	#
69	758310	20	32	33	34	35	40	41	42	48	87	#
70	740515	16	24	25	26	27	32	33	34	35	87	#
71	40531	2	#
72	56242	55	#
73	911523	29	30	36	37	38	39	44	45	46	47	52	53	88	#
74	909885	25	26	34	42	43	44	52	53	59	60	61	62	88	#
75	900542	19	25	26	27	28	36	37	38	39	44	45	47	88	#
76	829891	21	22	29	30	31	34	36	37	42	43	44	52	88	#
77	816687	29	30	31	36	37	38	39	44	45	46	47	53	88	#
78	803535	20	21	26	27	28	36	37	44	45	46	52	53	88	#
79	71036	18	#
80	2102240	1	2	3	4	5	10	11	12	13	14	16	17	18	19	24	25	26	27	28	32	33	35	36	41	48	49	51	54	59	60	61	89	#
81	2224881	2	3	4	5	10	11	12	13	14	15	16	17	18	19	24	25	26	27	28	32	33	34	35	36	37	38	40	41	43	44	47	89	#
82	2192125	2	3	4	10	11	16	17	18	24	25	26	27	28	32	33	34	35	36	37	38	40	41	42	45	49	50	51	53	56	57	58	89	#
83	2164204	3	11	12	16	17	18	24	25	26	27	32	33	34	35	36	37	38	40	41	42	43	45	47	49	50	51	53	56	57	58	59	89	#
84	2163624	2	3	4	5	10	11	12	13	16	17	18	19	20	21	22	24	25	26	27	28	32	33	35	36	37	38	40	45	49	56	57	89	#
85	2157531	2	3	4	5	10	11	16	18	19	20	21	22	24	25	26	27	32	33	34	40	41	45	46	47	53	54	55	59	60	61	63	89	#
86	459629	46	53	54	61	62	63	73	90	#
87	625801	43	44	46	52	53	61	62	90	#
88	545191	44	46	52	53	54	61	62	90	#
89	502028	40	41	42	43	49	50	73	90	#
90	482731	46	47	53	54	61	62	63	90	#
91	459173	45	46	53	54	61	62	63	90	#
92	46446	61	#
93	577265	38	46	47	54	62	91	#
94	481658	46	53	54	62	63	91	#
95	480843	45	46	53	54	62	91	#
96	479907	38	46	47	53	55	91	#
97	420976	38	39	46	47	55	91	#
98	377427	54	55	61	62	63	91	#
99	233674	39	47	55	92	#
100	311862	39	46	47	92	#
101	300027	38	47	55	92	#
102	420123	19	26	27	28	34	93	#
103	454615	17	24	25	26	34	93	#
104	335709	12	20	26	27	28	93	#
105	330330	12	13	20	28	36	93	#
106	240056	34	41	42	50	58	93	#
107	201405	9	11	18	19	27	93	#
108	579579	9	17	25	32	33	40	48	56	94	#
109	605626	16	24	25	32	33	40	41	42	94	#
110	592164	1	9	17	25	32	33	40	41	94	#
111	564961	1	2	3	9	10	17	18	41	94	#
112	554518	32	33	40	41	42	48	56	57	94	#
113	551915	32	40	41	42	48	49	50	56	94	#
114	452756	45	51	53	54	59	60	61	62	95	#
115	479410	2	3	51	59	60	61	62	63	95	#
116	469026	39	46	47	52	53	54	55	62	95	#
117	461790	51	52	53	54	59	60	61	62	95	#
118	443608	45	46	52	53	54	60	61	62	95	#
119	416225	39	45	46	47	53	54	55	61	95	#
120	276233	11	14	19	20	21	96	#
121	395424	12	13	14	20	28	96	#
122	366342	12	13	14	15	23	96	#
123	302933	12	13	14	20	21	96	#
124	262712	11	12	13	18	19	96	#
125	243909	11	12	19	20	27	96	#
126	1375340	17	25	26	27	28	32	33	34	35	36	40	41	42	43	48	49	50	51	56	57	58	97	#
127	1705704	17	21	25	26	27	28	29	32	33	34	35	36	37	38	40	41	42	45	46	47	54	97	#
128	1678097	12	14	17	20	21	25	26	27	28	29	34	35	36	37	38	42	43	44	45	46	57	97	#
129	1641814	5	6	16	17	24	25	26	27	32	33	34	37	40	41	42	45	48	49	53	54	62	97	#
130	1626227	14	21	22	26	27	28	29	30	33	34	35	36	37	38	39	40	41	42	43	44	45	97	#
131	1589235	17	25	26	27	28	29	32	33	34	35	36	37	40	41	42	44	45	46	48	49	56	97	#
132	258575	34	35	36	98	#
133	258415	36	43	44	98	#
134	258061	35	36	44	98	#
135	669946	7	15	28	34	35	36	37	41	42	49	99	#
136	802299	17	25	33	34	40	41	42	48	49	50	99	#
137	772094	40	41	42	48	49	50	51	56	57	58	99	#
138	741622	5	6	7	12	14	15	21	22	29	66	99	#
139	711555	23	31	40	41	48	49	50	51	57	58	99	#
140	672328	1	9	17	24	25	26	33	34	41	53	99	#
141	68021	12	#
142	88339	29	37	#
143	96328	73	#
144	102540	56	57	100	#
145	96250	49	56	100	#
146	220672	39	47	55	63	101	#
147	291572	16	47	55	63	101	#
148	257826	29	37	38	39	101	#
149	243726	38	39	47	55	101	#
150	200777	47	54	55	63	101	#
151	819971	5	6	7	14	15	16	22	24	25	29	70	102	#
152	979666	24	25	26	27	28	32	33	40	41	48	49	102	#
153	810365	16	18	20	24	25	26	27	28	32	33	36	102	#
154	805558	17	18	19	24	25	27	28	32	33	41	70	102	#
155	798800	16	17	18	24	25	26	32	33	34	41	64	102	#
156	782846	6	14	15	21	22	29	36	37	38	43	44	102	#
157	406078	12	13	14	15	21	22	23	31	74	103	#
158	583906	22	28	29	30	31	35	36	37	43	103	#
159	581037	4	5	7	11	12	13	15	22	23	103	#
160	475297	6	14	15	21	22	23	29	36	37	103	#
161	473071	3	11	12	14	19	20	21	22	30	103	#
162	432782	14	20	21	22	23	29	30	37	51	103	#
163	1413762	18	25	26	27	32	33	34	41	42	43	44	49	50	52	57	58	60	73	104	#
164	1432538	17	25	26	32	33	34	40	41	42	43	44	49	50	51	52	57	58	59	104	#
165	1420892	18	24	25	26	32	33	34	40	41	42	43	49	50	51	57	58	59	60	104	#
166	1404914	6	18	24	25	26	32	33	34	40	41	42	43	44	49	50	51	57	58	104	#
167	1361104	3	4	9	11	16	18	19	20	21	24	25	26	32	33	34	38	41	42	104	#
168	1357761	13	14	16	18	19	20	21	22	24	25	26	27	28	29	32	33	34	42	104	#
169	180988	49	57	105	#
170	132026	41	49	105	#
171	1612231	2	3	4	5	11	12	17	18	19	25	26	27	32	34	35	40	41	43	44	52	106	#
172	1625765	3	4	5	11	12	17	18	24	25	26	27	32	33	34	35	36	40	42	43	44	106	#
173	1560867	16	17	24	25	26	27	32	33	34	35	40	41	42	43	48	49	50	51	56	57	106	#
174	1546246	16	17	18	19	20	24	25	26	27	28	29	32	34	35	36	37	43	44	52	60	106	#
175	1522235	3	9	17	18	19	24	25	26	27	28	32	33	34	35	40	43	49	50	56	57	106	#
176	1517312	5	12	19	25	26	27	28	32	33	34	35	36	40	41	42	43	49	50	56	57	106	#
177	1547676	11	18	19	25	26	27	34	35	36	41	42	43	44	49	50	51	56	57	58	59	60	64	107	#
178	1535785	11	18	19	26	27	34	38	39	42	43	46	49	50	51	53	54	56	57	58	59	60	61	107	#
179	1517647	11	17	18	19	26	27	34	35	36	42	43	48	49	50	51	56	57	58	59	60	61	62	107	#
180	1503590	4	5	6	11	12	13	14	17	18	19	24	25	26	27	34	39	45	46	52	53	59	60	107	#
181	1498119	17	18	25	33	34	35	36	37	38	43	44	48	49	50	51	52	56	57	58	59	60	63	107	#
182	1495320	18	19	21	22	25	26	27	29	34	35	36	37	42	43	44	49	50	51	58	59	60	65	107	#
183	495249	16	24	25	33	34	108	#
184	488494	16	24	25	32	33	108	#
185	453287	17	25	32	33	34	108	#
186	449559	17	25	26	32	33	108	#
187	417780	1	25	33	34	42	108	#
188	412059	11	18	19	24	27	108	#
189	358982	4	12	20	21	22	23	30	31	37	109	#
190	483540	20	21	22	23	29	30	37	45	46	109	#
191	428366	20	21	22	28	29	30	36	37	44	109	#
192	388534	15	21	22	23	29	30	31	36	37	109	#
193	376044	21	22	23	30	31	34	35	36	37	109	#
194	354733	14	15	20	21	22	23	29	30	31	109	#
195	1466981	16	24	25	26	27	32	33	34	40	41	42	48	49	50	56	57	58	110	#
196	1464445	17	24	25	26	32	33	34	40	41	42	43	48	49	50	56	57	58	110	#
197	1454545	16	24	32	33	34	38	39	40	41	45	46	47	48	49	50	54	55	110	#
198	1443485	17	18	26	27	32	33	34	40	41	42	43	48	49	50	56	57	58	110	#
199	1438968	16	24	26	32	33	34	35	40	41	42	43	48	49	50	56	57	58	110	#
200	1435264	14	21	26	27	29	30	33	34	37	40	41	42	49	50	56	57	58	110	#
201	277404	7	14	15	111	#
202	318570	6	13	14	111	#
203	230039	14	15	37	111	#
204	1451996	1	2	18	19	20	21	22	23	25	26	27	28	29	31	32	33	34	35	41	42	43	112	#
205	1478481	0	8	9	10	14	15	18	19	20	21	22	25	26	27	28	29	32	33	34	35	43	112	#
206	1456917	3	5	10	11	12	18	19	20	21	25	26	27	28	29	32	33	34	35	41	42	43	112	#
207	1428785	18	19	25	26	27	28	32	33	34	35	41	42	43	44	48	49	50	56	57	58	64	112	#
208	1427129	2	9	10	11	17	18	25	26	27	28	32	33	34	35	41	42	43	48	49	56	57	112	#
209	1415068	4	5	12	13	17	18	19	20	21	25	26	27	28	32	33	34	35	36	41	42	43	112	#
210	264901	9	10	11	12	18	113	#
211	371019	9	11	18	26	27	113	#
212	329875	0	8	9	17	18	113	#
213	314546	4	10	11	12	13	113	#
214	302892	2	8	9	10	18	113	#
215	261846	2	9	10	11	18	113	#
216	2182312	3	5	7	8	9	10	11	12	14	15	16	17	18	19	20	21	22	23	24	25	26	30	31	32	33	40	41	42	48	49	50	51	56	57	58	114	#
217	2415917	7	14	15	16	17	20	21	23	24	25	26	28	29	30	31	32	33	34	35	36	37	40	41	42	43	44	45	48	49	50	51	56	57	58	62	114	#
218	2395912	3	4	9	11	12	16	17	18	24	25	26	32	33	36	37	38	40	41	42	43	44	45	46	48	49	50	51	52	53	54	56	57	58	59	60	114	#
219	2363751	7	14	16	17	19	21	22	23	24	25	29	30	31	32	33	35	36	37	38	40	42	43	44	45	46	47	48	49	50	51	53	55	56	57	58	114	#
220	2362815	3	4	5	6	9	10	11	12	13	14	16	17	18	19	20	21	24	25	26	30	32	33	34	35	36	37	40	41	42	44	45	48	49	56	57	114	#
221	2362585	8	9	10	17	18	24	25	26	32	33	34	35	36	37	38	40	41	42	43	44	45	46	47	48	49	50	52	53	54	56	57	58	60	61	62	114	#
222	139315	18	19	#
223	532728	7	14	15	21	22	23	29	30	37	115	#
224	649433	6	7	14	15	20	21	22	29	37	115	#
225	631944	6	7	13	14	15	21	22	23	29	115	#
226	628382	5	6	12	13	14	20	21	22	29	115	#
227	626129	14	21	22	29	30	37	38	45	47	115	#
228	616354	5	6	13	14	15	21	22	29	37	115	#
229	656900	2	3	4	5	10	11	12	13	20	116	#
230	840659	4	5	6	12	13	14	20	28	36	116	#
231	791774	4	5	6	12	13	14	20	21	28	116	#
232	772375	4	5	6	11	12	14	19	20	27	116	#
233	753899	3	4	5	6	11	12	14	20	21	116	#
234	714687	0	2	3	4	5	8	11	12	19	116	#
235	1135432	9	38	39	44	46	47	52	53	54	55	59	60	61	62	63	117	#
236	1189856	29	37	38	39	44	46	47	52	53	54	55	60	61	62	63	117	#
237	1137918	38	39	44	45	46	47	52	53	54	55	60	61	62	63	64	117	#
238	1131250	42	43	44	46	50	52	53	54	55	57	58	60	61	62	63	117	#
239	1106486	11	27	28	36	42	43	44	46	52	53	54	60	61	62	63	117	#
240	1105182	26	36	37	38	44	45	46	52	53	54	55	60	61	62	63	117	#
241	189909	25	32	118	#
242	205940	25	26	118	#
243	194787	24	32	118	#
244	110666	67	#
245	1339221	27	28	36	37	43	44	45	46	47	53	54	55	59	60	61	62	63	119	#
246	1343620	28	36	37	38	39	44	45	46	47	51	53	54	55	59	60	61	63	119	#
247	1339516	35	36	37	38	39	42	44	45	46	47	50	51	53	55	59	60	61	119	#
248	1311631	22	27	28	30	35	36	37	44	45	46	47	53	54	55	59	60	61	119	#
249	1302711	6	14	15	37	44	45	46	47	51	53	54	55	59	60	61	62	63	119	#
250	1299077	3	7	9	11	18	19	20	27	28	35	36	37	38	43	44	45	47	119	#
251	1849674	0	2	3	8	9	10	11	17	18	19	20	25	26	27	28	29	30	32	33	34	35	36	40	41	48	49	50	51	56	57	58	59	74	120	#
252	2019789	3	8	9	10	11	17	18	19	24	25	26	27	33	34	39	40	41	42	47	48	49	50	51	54	55	56	57	58	59	60	62	63	73	120	#
253	1986219	2	3	4	8	9	10	11	17	18	19	20	24	25	26	27	28	32	33	34	35	36	40	41	44	47	48	49	52	53	54	56	57	72	120	#
254	1980231	2	3	4	6	7	8	9	10	11	13	14	15	17	18	19	22	23	25	26	27	28	29	30	31	36	37	39	44	45	46	47	52	53	120	#
255	1968656	3	5	6	9	10	11	12	13	14	15	17	18	19	20	23	24	25	26	27	28	29	32	33	34	35	36	37	41	43	44	49	57	58	120	#
256	1953729	1	3	4	8	9	10	11	17	18	19	20	25	26	27	28	29	30	32	33	34	35	36	37	40	41	43	44	48	49	50	52	58	67	120	#
257	799475	0	1	2	3	4	8	9	10	17	18	19	26	27	121	#
258	1013493	1	2	3	4	5	6	8	9	10	13	14	17	25	121	#
259	943239	2	3	4	5	6	10	14	18	19	20	36	37	48	121	#
260	827533	8	9	10	17	18	19	20	25	26	34	35	42	43	121	#
261	820668	0	1	2	3	8	9	10	16	17	24	25	32	52	121	#
262	814848	1	2	3	4	5	8	9	10	11	12	13	47	55	121	#
263	265351	43	44	52	122	#
264	277271	42	43	44	122	#
265	223915	36	43	44	122	#
266	389845	33	34	38	41	123	#
267	427118	38	45	46	47	123	#
268	348690	18	26	34	35	123	#
269	330688	17	18	33	41	123	#
270	308997	33	34	35	41	123	#
271	325919	14	22	48	49	50	57	124	#
272	447929	33	41	42	48	49	50	124	#
273	415426	18	26	34	42	50	58	124	#
274	354840	33	40	41	48	49	56	124	#
275	313961	21	22	23	29	30	31	124	#
276	280912	6	13	14	20	21	29	124	#
277	108856	69	#
278	1945327	9	17	18	20	25	26	27	28	32	34	35	36	37	38	40	41	42	43	44	45	46	48	49	50	53	57	125	#
279	2020963	0	1	9	12	16	17	18	20	24	25	26	27	28	32	34	35	36	40	42	43	44	48	49	50	57	66	125	#
280	2020099	1	9	16	17	18	24	25	26	29	30	32	34	37	38	40	42	43	44	45	48	49	50	52	57	58	66	125	#
281	1997609	1	9	17	18	24	25	26	27	32	35	36	37	38	39	40	42	43	44	45	46	47	48	49	50	57	58	125	#
282	1995489	16	17	21	22	24	25	26	27	29	30	32	33	34	35	36	37	38	42	43	44	45	46	50	53	57	58	125	#
283	1949409	17	25	26	27	28	32	34	35	36	40	41	42	43	44	45	46	48	49	50	52	53	54	57	58	61	62	125	#
284	74002	68	#
285	1206306	9	11	17	18	19	20	25	26	27	28	29	30	35	36	37	43	44	45	126	#
286	1355362	18	26	27	28	33	34	35	36	38	39	41	42	43	44	47	50	51	59	126	#
287	1261318	28	29	30	31	36	37	38	39	44	45	46	47	52	53	54	55	61	62	126	#
288	1257150	1	3	7	9	10	11	17	18	19	20	26	27	28	35	36	42	43	44	126	#
289	1254991	1	2	3	9	11	17	18	19	24	25	26	27	28	34	35	42	43	44	126	#
290	1209401	1	8	9	17	18	20	26	27	28	29	30	34	35	36	37	43	44	45	126	#
291	776419	27	36	44	45	51	52	53	59	60	61	62	63	127	#
292	938608	6	7	14	15	21	45	46	52	53	61	62	63	127	#
293	820470	30	36	37	38	43	44	45	46	52	53	61	64	127	#
294	810950	39	45	46	47	52	53	55	59	60	61	62	63	127	#
295	801852	38	39	45	46	47	52	53	55	60	61	62	63	127	#
296	798371	39	44	45	46	47	52	53	54	55	61	62	63	127	#
297	213231	27	41	49	128	#
298	300283	32	40	41	128	#
299	207855	27	28	35	128	#
300	201130	48	49	50	128	#
301	766981	2	3	10	11	38	39	46	47	52	53	54	55	60	61	63	129	#
302	1064320	3	4	8	9	10	11	17	18	19	20	25	26	34	42	50	129	#
303	1052666	20	27	28	29	34	35	36	37	38	39	42	45	46	47	62	129	#
304	1015740	8	9	18	26	27	33	34	35	45	46	52	53	59	60	61	129	#
305	1012937	1	5	9	10	11	12	13	17	18	19	25	26	27	33	34	129	#
306	948492	18	19	20	25	26	27	28	29	30	34	35	36	37	38	39	129	#
307	286752	49	56	57	58	130	#
308	332029	40	41	49	56	130	#
309	300162	41	49	56	57	130	#
310	268429	40	48	49	56	130	#
311	222659	47	53	54	55	63	131	#
312	331630	46	47	53	54	61	131	#
313	287819	46	47	53	55	61	131	#
314	243193	52	53	54	60	61	131	#
315	191416	53	54	55	61	63	131	#
316	186731	53	54	55	62	63	131	#
317	753324	37	44	46	47	51	52	53	54	59	60	61	132	#
318	1091266	17	25	27	32	33	34	35	38	39	46	47	132	#
319	958441	32	40	41	43	44	46	51	52	53	59	60	132	#
320	804590	6	7	13	14	15	44	51	52	59	60	61	132	#
321	792504	24	32	35	36	37	38	42	43	44	52	53	132	#
322	783741	42	43	44	49	50	51	52	57	58	59	60	132	#
323	116531	36	37	133	#
324	171735	36	44	133	#
325	71006	15	37	133	#
326	623652	40	41	49	50	51	56	57	58	59	60	61	134	#
327	809885	37	38	44	45	47	51	52	53	59	60	61	134	#
328	769883	29	30	37	45	46	47	52	53	54	61	62	134	#
329	759769	37	43	44	45	46	52	53	54	55	60	61	134	#
330	718885	19	20	42	49	50	51	57	59	60	61	62	134	#
331	716363	24	25	32	40	41	42	43	44	49	56	57	134	#
332	289068	30	31	48	49	50	58	68	135	#
333	413828	40	41	48	49	50	56	58	135	#
334	349680	29	30	37	41	48	49	56	135	#
335	307111	20	21	23	29	30	31	37	135	#
336	1005576	11	12	14	18	19	20	21	22	23	28	29	35	36	37	43	44	64	136	#
337	1374886	24	25	26	28	32	33	34	35	36	40	41	42	43	44	46	53	61	136	#
338	1203504	18	20	26	28	33	34	35	36	40	41	42	43	44	48	49	50	56	136	#
339	1187345	8	9	10	11	20	21	26	29	33	34	35	36	37	41	42	43	44	136	#
340	1182811	11	12	13	18	19	20	26	27	28	34	35	36	41	42	43	44	49	136	#
341	1148267	2	3	5	8	9	10	11	18	19	20	24	25	26	28	32	33	70	136	#
342	126381	24	25	137	#
343	130166	25	26	137	#
344	454268	43	44	49	52	53	54	56	60	61	138	#
345	569728	3	11	17	18	52	53	59	60	61	138	#
346	565148	27	35	41	42	43	44	49	52	57	138	#
347	551559	22	29	30	45	52	53	59	60	61	138	#
348	536847	17	25	33	40	41	42	48	49	57	138	#
349	523303	37	44	45	46	52	53	59	60	61	138	#
350	176198	27	35	64	139	#
351	242086	18	26	27	139	#
352	207586	27	35	43	139	#
353	179680	35	43	64	139	#
354	128414	0	1	140	#
355	68771	0	56	140	#
356	278391	25	32	33	63	141	#
357	375078	54	55	62	63	141	#
358	374643	32	33	34	40	141	#
359	323650	24	25	32	40	141	#
360	312817	24	25	26	32	141	#
361	82029	13	14	#
362	259774	9	10	17	18	142	#
363	254964	9	17	18	53	142	#
364	242454	9	10	11	17	142	#
365	210986	1	2	9	18	142	#
366	121732	40	#
367	1463438	0	1	2	3	4	9	10	11	12	13	17	18	19	20	21	25	27	28	33	34	35	36	37	44	143	#
368	1806067	14	15	21	22	24	25	26	27	28	29	33	34	35	36	37	38	39	42	43	44	45	50	51	64	143	#
369	1784019	3	4	9	10	11	12	13	17	18	19	20	21	25	27	28	29	30	33	34	35	36	42	43	57	143	#
370	1773009	6	10	11	12	17	18	19	25	26	27	28	29	30	33	34	35	36	37	38	40	41	42	43	44	143	#
371	1759643	4	10	11	12	14	15	17	18	19	20	21	22	24	25	26	27	28	29	33	34	35	41	42	43	143	#
372	1756791	3	4	5	8	9	11	12	13	14	15	17	18	19	20	27	28	34	35	36	37	42	43	44	45	143	#
373	536667	6	7	11	12	14	15	19	20	21	24	144	#
374	729465	6	7	14	15	16	21	24	25	32	33	144	#
375	687247	24	25	32	33	41	42	49	50	51	58	144	#
376	655116	8	9	10	11	12	19	20	21	28	67	144	#
377	652751	5	6	10	11	12	13	20	21	28	36	144	#
378	627345	3	5	6	11	12	14	20	21	22	28	144	#
379	382516	34	42	43	47	68	145	#
380	463968	34	35	42	43	44	145	#
381	400268	34	35	42	43	50	145	#
382	370275	36	42	43	44	52	145	#
383	235953	38	46	47	53	54	145	#
384	135054	11	19	#
385	1486799	1	7	9	10	15	17	18	19	20	21	22	23	24	25	26	27	30	32	33	34	39	40	47	55	146	#
386	2023218	3	4	5	12	13	17	19	20	24	25	26	27	28	32	33	34	35	36	37	40	42	43	44	45	146	#
387	1804354	1	8	9	12	13	17	19	20	24	25	26	27	28	32	33	34	40	42	48	49	50	51	56	58	146	#
388	1777140	1	2	3	4	8	9	10	12	17	19	20	24	25	26	28	32	33	34	40	42	48	50	58	66	146	#
389	1747217	1	8	9	16	17	19	20	24	25	26	27	28	32	33	34	36	40	48	49	50	51	56	58	63	146	#
390	1747182	0	1	2	3	4	5	6	8	9	10	12	17	19	20	24	25	26	27	32	33	40	48	62	63	146	#
391	248594	14	16	21	22	30	147	#
392	308499	6	14	15	21	22	147	#
393	274487	6	13	14	22	23	147	#
394	267133	14	15	22	23	30	147	#
395	200644	21	22	30	37	45	147	#
396	198928	45	46	#
397	2981416	0	1	2	3	8	9	10	11	14	17	18	19	22	23	24	25	26	27	28	29	30	32	34	36	37	40	41	42	43	44	45	46	49	50	51	52	53	56	57	58	59	60	69	73	148	#
398	3184829	0	1	3	4	5	6	7	8	9	10	11	12	13	14	15	16	17	18	19	21	22	23	24	25	26	27	28	30	31	32	36	37	38	39	43	44	45	46	47	52	54	55	60	73	148	#
399	3135808	0	1	3	4	5	6	8	9	10	11	12	13	14	15	16	17	18	19	21	22	23	24	25	26	27	28	29	30	32	33	36	37	38	43	44	45	46	47	50	52	53	58	60	68	148	#
400	3129590	8	9	11	14	16	17	18	19	22	24	25	26	27	28	29	30	32	34	35	36	37	38	39	40	41	42	43	44	45	46	47	48	49	50	51	52	53	54	55	56	57	59	60	66	148	#
401	3112998	0	1	2	3	4	7	8	9	10	11	13	14	15	17	18	19	22	23	24	25	26	27	28	29	30	31	32	36	37	38	39	43	44	45	46	47	50	51	52	54	55	58	59	60	148	#
402	3110038	0	1	2	3	4	8	9	10	11	12	13	14	16	17	18	19	21	22	24	25	26	27	28	29	30	32	33	34	36	37	38	39	41	42	43	44	45	46	47	50	51	52	55	60	148	#
403	792192	27	33	34	35	36	37	42	43	44	52	149	#
404	952489	26	27	29	35	36	37	38	44	47	52	149	#
405	854058	24	32	33	40	41	48	49	50	51	57	149	#
406	836280	25	26	27	28	32	33	35	36	37	44	149	#
407	802715	35	36	37	42	43	44	45	46	50	52	149	#
408	783922	26	27	28	35	36	43	44	52	60	61	149	#
409	34939	48	#
410	1684790	0	1	2	3	4	5	9	10	11	12	17	18	25	26	27	33	34	35	36	40	41	43	48	49	56	57	150	#
411	1886470	3	6	7	10	11	14	15	17	18	19	20	21	22	24	25	26	27	28	32	33	34	40	41	48	49	72	150	#
412	1838036	2	3	4	10	11	17	18	19	24	25	26	27	28	32	33	34	35	40	41	43	45	48	49	50	51	53	150	#
413	1808596	0	1	2	3	4	9	10	11	17	18	24	25	26	27	28	32	33	34	35	40	41	42	48	49	56	57	150	#
414	1769792	0	1	2	3	4	9	10	11	15	17	18	19	20	21	23	24	25	26	27	28	29	32	33	34	35	40	150	#
415	1765200	1	2	3	4	9	10	11	17	18	20	25	26	27	28	32	33	34	35	40	41	42	48	49	56	57	58	150	#
416	46977	35	#
417	179738	28	67	151	#
418	117708	11	67	151	#
419	88154	20	28	151	#
420	114248	17	#
421	1244280	1	2	3	4	5	6	8	9	10	11	12	14	15	18	19	20	21	22	23	28	29	36	68	152	#
422	1825045	2	3	4	5	6	9	10	11	12	19	24	25	26	27	28	32	33	34	35	36	40	59	60	152	#
423	1715753	3	4	5	8	9	10	11	12	18	19	20	21	24	25	26	27	28	32	33	34	35	36	44	152	#
424	1703856	3	4	5	6	7	11	12	14	15	18	20	21	22	24	25	26	28	29	32	34	35	36	37	152	#
425	1697735	3	4	5	9	11	12	18	20	21	24	25	26	27	28	32	33	34	36	37	40	41	48	49	152	#
426	1630216	3	4	11	12	13	21	24	25	27	28	29	32	35	36	37	38	40	41	43	44	48	49	56	152	#
427	428962	1	2	3	4	5	10	11	153	#
428	468087	2	3	4	5	9	10	11	153	#
429	425491	2	3	4	10	11	18	19	153	#
430	419016	3	4	5	10	11	12	20	153	#
431	407366	1	3	8	9	10	11	18	153	#
432	373072	3	9	10	11	18	19	20	153	#
433	553950	14	15	21	29	30	34	35	37	154	#
434	795516	7	13	14	15	21	43	44	52	154	#
435	703051	24	25	26	32	33	34	35	43	154	#
436	698742	35	36	37	38	43	44	47	52	154	#
437	646433	7	13	14	15	21	22	23	29	154	#
438	622465	5	6	13	14	15	21	22	23	154	#
439	279552	5	6	12	13	155	#
440	293709	5	6	12	14	155	#
441	288800	4	5	12	13	155	#
442	243901	5	11	12	13	155	#
443	862881	37	38	39	45	46	47	51	53	54	59	60	61	156	#
444	912728	14	21	29	30	36	37	38	39	45	46	53	54	156	#
445	810591	29	30	36	37	41	42	45	46	53	54	61	62	156	#
446	808592	14	22	29	30	37	38	39	45	46	47	53	54	156	#
447	803952	20	21	29	35	36	37	44	45	46	53	54	61	156	#
448	802050	45	46	51	52	53	54	55	59	60	61	62	63	156	#
449	377171	1	2	3	4	10	11	12	58	157	#
450	527977	26	40	48	49	50	51	58	70	157	#
451	495176	0	1	2	3	4	5	6	12	157	#
452	447793	2	3	4	5	10	11	12	19	157	#
453	369663	3	8	9	11	12	13	18	19	157	#
454	357852	1	2	3	4	9	10	11	12	157	#
455	375073	27	28	35	36	158	#
456	399491	28	35	36	43	158	#
457	291963	20	27	28	36	158	#
458	280154	35	36	37	38	158	#
459	1660130	1	2	3	4	5	8	9	11	12	17	18	19	20	26	27	28	33	34	35	36	42	43	44	65	159	#
460	2074813	18	26	27	28	33	34	35	36	37	40	41	42	43	44	46	50	51	52	53	54	59	60	61	62	159	#
461	2024407	9	11	17	18	19	25	26	27	28	33	34	35	36	43	44	46	47	52	53	54	60	61	62	74	159	#
462	1964561	3	11	17	18	19	26	27	32	33	34	35	36	41	42	43	44	46	49	50	52	53	54	57	61	159	#
463	1953998	4	5	11	12	18	19	20	25	26	27	28	33	34	35	36	42	43	44	51	52	53	59	60	61	159	#
464	1937750	18	19	25	26	27	32	33	34	35	36	37	41	42	43	44	45	46	47	50	52	53	54	60	61	159	#
465	1741338	2	4	5	6	9	10	13	14	15	17	18	19	20	21	27	28	29	34	35	36	37	38	44	71	160	#
466	1823692	1	3	4	5	6	7	9	13	14	15	17	18	19	20	21	23	27	28	32	33	34	35	36	44	160	#
467	1757523	1	2	3	8	9	10	11	17	18	19	20	21	25	26	27	28	29	33	34	35	36	40	41	44	160	#
468	1661851	6	9	14	17	18	19	20	21	25	26	27	28	33	34	35	36	37	40	41	42	43	44	52	69	160	#
469	1654207	4	5	7	14	15	20	21	23	25	26	27	28	29	30	34	35	36	37	38	39	44	45	46	52	160	#
470	1650747	1	2	3	4	6	8	9	10	11	17	18	19	20	21	25	26	27	28	29	33	34	35	36	37	160	#
471	52241	71	#
472	731773	1	2	3	4	10	12	13	14	19	20	21	161	#
473	755735	11	12	13	14	18	19	20	26	34	41	42	161	#
474	724930	2	3	9	11	12	18	19	20	34	35	43	161	#
475	722754	5	6	12	13	14	15	22	29	37	44	70	161	#
476	715305	1	2	3	8	9	10	11	12	13	19	41	161	#
477	710095	3	4	6	11	12	13	14	18	20	21	22	161	#
478	1471988	11	14	18	21	22	23	26	29	30	31	34	35	36	37	38	40	44	46	48	49	52	53	54	56	61	162	#
479	1672453	5	6	12	14	15	21	22	23	26	27	29	30	31	34	35	36	37	38	42	44	46	47	52	54	69	162	#
480	1653880	27	28	30	33	34	35	36	37	38	40	42	44	46	48	49	50	51	52	53	54	56	57	58	59	60	162	#
481	1651189	14	16	17	18	21	22	23	24	25	26	27	29	30	32	33	34	35	36	37	42	44	50	51	52	58	162	#
482	1631569	15	21	22	23	27	29	30	31	34	35	36	37	38	44	45	46	51	52	53	54	59	60	61	62	69	162	#
483	1566012	7	11	12	13	14	15	19	21	22	23	27	28	29	30	31	36	37	38	44	46	47	52	53	59	60	162	#
484	609678	14	20	21	22	29	37	38	39	163	#
485	748586	21	22	25	29	32	37	38	47	163	#
486	734024	29	37	38	39	46	47	52	53	163	#
487	650952	14	21	22	29	30	37	38	73	163	#
488	647184	29	37	38	39	46	47	53	55	163	#
489	535357	11	12	13	20	21	22	28	29	163	#
490	262720	24	25	32	164	#
491	312270	25	32	40	164	#
492	163586	25	33	58	164	#
493	1815143	1	2	3	4	5	6	9	10	11	12	13	14	17	20	24	25	26	27	28	32	33	34	35	40	41	43	165	#
494	1941940	4	7	14	15	20	21	22	23	24	25	26	27	28	29	30	32	33	34	35	36	37	38	39	40	43	47	165	#
495	1865668	3	4	5	6	12	14	15	20	21	22	23	27	28	29	35	36	37	38	43	44	47	52	54	55	59	60	165	#
496	1822004	5	12	19	20	22	27	29	30	33	34	35	37	38	39	40	41	43	44	49	52	57	58	59	60	61	66	165	#
497	1800204	2	9	10	11	17	18	24	25	26	32	33	34	38	40	41	46	49	51	52	53	54	56	59	60	61	62	165	#
498	1789180	2	9	10	17	20	24	25	26	27	28	32	33	34	35	36	37	40	41	43	44	48	49	52	56	57	60	165	#
499	335822	7	14	15	22	23	30	31	166	#
500	474597	7	12	13	14	15	21	22	166	#
501	468267	6	7	13	14	15	21	22	166	#
502	370527	7	14	15	21	22	23	31	166	#
503	310674	6	9	14	21	22	23	29	166	#
504	303995	13	14	15	21	22	23	31	166	#
505	548838	36	43	44	45	46	52	53	61	167	#
506	641812	27	45	46	53	59	60	61	62	167	#
507	634600	38	39	45	46	47	52	53	61	167	#
508	582612	19	25	26	27	34	35	43	44	167	#
509	565990	37	38	45	46	47	55	56	63	167	#
510	544534	21	22	29	44	45	46	52	53	167	#
511	187610	48	49	50	56	168	#
512	247286	48	49	56	57	168	#
513	240092	41	48	49	56	168	#
514	199961	42	43	50	58	168	#
515	40844	74	#
516	710092	17	24	25	26	32	40	41	169	#
517	739342	32	33	34	40	41	42	52	169	#
518	737749	17	25	32	33	34	40	41	169	#
519	713939	24	32	33	34	41	42	43	169	#
520	654479	17	18	25	26	33	34	42	169	#
521	640227	24	25	32	33	34	40	48	169	#
522	255970	16	41	48	49	170	#
523	317602	16	17	24	25	170	#
524	266163	32	33	40	41	170	#
525	192349	48	49	50	51	170	#
526	110071	48	49	56	57	170	#
527	1069398	36	37	38	39	41	42	43	44	46	47	52	54	58	62	63	67	171	#
528	1182311	5	6	13	14	22	38	39	44	46	47	52	53	54	55	60	63	171	#
529	1155923	13	14	28	36	37	38	39	44	46	47	52	53	54	55	62	63	171	#
530	1112739	3	4	5	11	12	13	20	38	39	46	47	52	53	54	55	63	171	#
531	1049015	1	2	3	9	10	11	17	18	19	25	26	32	38	39	47	63	171	#
532	1048393	9	11	18	19	20	27	28	38	39	45	46	47	53	54	55	63	171	#
533	778553	22	29	30	36	37	38	39	42	43	44	50	172	#
534	982432	28	36	42	43	44	46	52	53	59	60	61	172	#
535	980751	32	40	41	42	43	44	46	52	53	54	61	172	#
536	863272	9	32	35	36	40	41	42	43	44	50	51	172	#
537	854448	37	40	41	42	43	44	49	52	56	57	60	172	#
538	732241	20	28	29	30	36	37	38	39	44	47	52	172	#
539	864571	14	15	44	45	46	52	53	54	60	61	62	173	#
540	936895	38	39	45	46	47	53	54	59	60	61	62	173	#
541	914076	39	45	46	47	53	54	60	61	62	63	66	173	#
542	889377	38	39	45	46	47	53	54	60	61	62	63	173	#
543	882947	44	45	51	52	53	54	59	60	61	62	63	173	#
544	865064	43	44	50	51	52	53	59	60	61	62	63	173	#
545	317234	34	35	42	43	174	#
546	422960	26	32	33	34	174	#
547	291846	27	28	35	36	174	#
548	262307	27	35	36	43	174	#
549	226100	12	41	42	43	174	#
550	818276	3	11	19	20	28	36	37	38	43	44	45	52	175	#
551	891043	4	11	12	19	20	28	35	36	43	44	48	56	175	#
552	884261	29	35	36	37	38	39	43	44	45	47	52	55	175	#
553	872569	2	3	4	5	6	10	11	12	14	18	19	26	175	#
554	870989	20	26	27	28	35	36	37	38	43	44	47	52	175	#
555	846527	19	20	28	29	35	36	37	38	39	43	44	45	175	#
556	86548	72	#
557	238074	0	1	8	9	17	18	25	26	27	176	#
558	304644	0	1	9	10	17	25	32	46	53	176	#
559	276947	0	1	8	9	10	18	19	20	27	176	#
560	1256250	17	19	24	25	26	27	28	32	33	34	40	41	48	49	57	177	#
561	1204222	19	20	24	25	26	27	33	34	35	36	40	41	43	44	49	177	#
562	1202964	9	17	19	24	25	26	27	33	34	35	41	42	43	51	59	177	#
563	1197397	16	19	24	25	26	27	28	33	34	35	36	40	41	48	49	177	#
564	1192473	14	15	17	24	25	26	33	34	35	36	40	41	43	49	74	177	#
565	1145003	3	4	5	6	12	17	19	20	25	26	27	28	32	33	41	177	#
566	184058	22	23	30	31	37	178	#
567	253423	0	22	23	29	30	178	#
568	227390	15	23	35	42	43	178	#
569	196650	21	22	23	30	31	178	#
570	185080	14	22	23	30	31	178	#
571	430224	18	25	26	27	33	34	35	179	#
572	545893	16	17	24	25	26	57	58	179	#
573	481381	25	26	27	32	34	35	42	179	#
574	445924	19	20	26	27	34	35	73	179	#
575	442287	17	18	19	24	25	26	27	179	#
576	364994	9	11	17	18	19	20	26	179	#
577	432387	1	8	9	17	18	43	180	#
578	485296	9	17	18	19	26	34	180	#
579	463157	3	8	9	10	11	17	180	#
580	367181	29	30	35	37	43	44	180	#
581	361041	0	1	2	8	9	17	180	#
582	355031	9	11	17	18	25	26	180	#
583	256657	2	10	11	15	19	181	#
584	358296	1	9	18	19	27	181	#
585	344662	3	10	11	18	19	181	#
586	264954	1	2	3	9	10	181	#
587	128573	0	1	8	9	10	181	#
588	1175351	3	4	5	6	12	13	14	15	21	22	23	29	30	37	40	48	49	56	57	182	#
589	1360202	16	17	24	25	32	33	34	40	41	42	43	48	49	50	51	56	57	58	59	182	#
590	1350209	16	18	24	25	26	28	29	32	33	34	35	36	37	40	41	42	43	48	49	182	#
591	1301581	17	18	24	25	26	32	33	34	40	41	42	43	48	49	50	56	57	58	66	182	#
592	1260681	22	28	29	30	32	35	36	37	40	41	43	45	46	48	53	56	61	62	63	182	#
593	1222266	7	13	15	21	22	23	28	29	30	36	37	38	45	46	47	53	55	62	63	182	#
594	876640	0	1	2	8	9	18	45	46	47	53	54	55	61	62	63	183	#
595	1118321	16	17	18	24	25	26	32	39	45	46	47	53	54	55	62	183	#
596	1025163	37	38	44	45	46	47	52	53	55	59	60	61	62	63	69	183	#
597	999048	1	7	37	38	44	45	46	47	52	53	54	55	61	62	63	183	#
598	991601	30	37	38	44	45	46	47	52	53	54	55	59	60	61	62	183	#
599	990729	32	37	38	43	44	45	46	47	52	53	54	55	61	62	63	183	#
600	540138	6	16	24	32	33	34	70	184	#
601	709492	16	24	32	38	40	41	48	184	#
602	644827	24	32	33	40	41	48	49	184	#
603	622984	16	18	19	24	32	40	48	184	#
604	571534	24	32	33	34	42	43	50	184	#
605	429359	9	17	18	24	25	32	33	184	#
606	319129	37	38	39	46	47	55	185	#
607	445044	38	39	47	54	55	63	185	#
608	409211	38	39	46	47	55	63	185	#
609	323892	21	22	29	37	44	45	185	#
610	266316	14	15	22	30	37	46	185	#
611	621191	17	18	25	26	27	28	34	35	42	186	#
612	816728	5	6	26	34	41	42	43	44	50	186	#
613	734648	27	33	34	35	36	37	41	43	44	186	#
614	622741	11	18	19	26	27	28	30	36	37	186	#
615	617394	2	3	11	18	19	26	27	35	43	186	#
616	607174	3	4	9	10	11	18	24	25	26	186	#
617	2653685	0	1	2	3	4	7	9	10	11	12	13	15	16	17	18	20	23	24	25	26	27	28	29	30	32	33	34	35	36	37	40	41	42	43	44	48	49	50	51	58	59	187	#
618	2994683	2	3	4	7	9	10	11	13	17	18	20	24	25	26	27	28	32	33	34	35	36	40	41	42	43	44	45	46	48	49	50	51	52	53	56	59	60	61	62	63	73	187	#
619	2976183	0	1	2	3	4	8	9	10	11	12	17	18	20	24	25	26	28	32	33	34	36	38	40	41	42	43	44	46	48	49	50	51	52	53	56	58	59	60	61	62	63	187	#
620	2963940	3	4	7	11	12	13	20	21	22	23	26	27	28	29	30	33	34	35	36	40	41	42	43	44	45	46	48	49	50	51	52	53	56	57	58	59	60	61	62	63	74	187	#
621	2914898	0	1	2	3	4	8	9	10	11	17	18	20	24	25	26	27	28	32	33	34	35	36	40	41	42	43	44	45	46	48	49	50	51	52	53	58	59	60	61	62	63	187	#
622	2897808	3	4	12	17	18	19	20	21	22	25	26	27	28	29	30	33	34	35	36	37	38	39	40	41	42	43	44	45	46	48	49	52	53	56	57	58	59	60	61	62	63	187	#
623	173922	44	52	53	188	#
624	203709	37	44	52	188	#
625	168305	52	53	54	188	#
626	507505	21	29	36	37	38	45	189	#
627	496371	24	36	37	43	44	73	189	#
628	464524	7	14	15	29	37	38	189	#
629	378077	14	18	19	20	21	28	189	#
630	333450	23	31	36	37	38	44	189	#
631	320943	15	30	35	36	37	38	189	#
632	617435	9	10	16	17	18	24	25	26	34	190	#
633	797378	25	32	34	35	40	41	42	43	50	190	#
634	764260	1	9	17	18	25	26	32	34	40	190	#
635	729764	16	24	32	33	34	42	50	56	57	190	#
636	727450	16	18	24	25	26	32	34	40	72	190	#
637	702279	16	18	26	41	42	43	44	50	67	190	#
638	590875	3	4	5	6	12	13	14	15	20	191	#
639	757094	2	3	4	11	12	18	26	33	34	191	#
640	574032	5	11	12	13	18	19	20	26	34	191	#
641	561269	12	13	18	19	20	26	27	34	35	191	#
642	539721	2	3	4	5	10	12	13	20	21	191	#
643	530575	2	3	4	10	11	12	13	19	20	191	#
644	1113702	15	26	27	28	29	30	34	35	37	41	42	43	44	50	51	52	55	58	59	60	69	192	#
645	1395260	21	22	27	28	29	30	35	36	37	38	39	40	41	42	43	44	47	49	50	51	56	192	#
646	1390670	3	6	7	14	15	21	22	23	28	29	30	31	36	37	38	39	41	42	43	44	47	192	#
647	1359037	7	15	25	27	28	29	33	34	35	36	37	38	40	41	42	43	44	52	59	60	61	192	#
648	1347267	13	19	20	21	27	28	33	34	35	36	37	38	39	41	42	43	44	46	47	51	59	192	#
649	1344740	6	7	14	15	21	22	23	27	28	29	30	31	35	36	37	38	42	43	44	47	69	192	#
650	2078030	14	17	20	21	22	24	25	26	28	29	30	31	32	33	35	36	37	40	43	44	48	51	52	53	59	60	61	62	63	193	#
651	2156411	4	5	6	13	14	19	20	21	22	27	28	29	30	31	35	36	37	38	42	43	44	45	46	52	53	54	55	60	62	193	#
652	2129745	0	1	2	3	4	8	9	10	12	16	17	18	24	25	26	32	33	35	36	38	40	41	42	43	44	48	49	57	68	193	#
653	2115510	1	2	3	4	5	9	10	12	17	18	19	20	24	25	26	27	28	32	33	34	35	36	37	40	41	42	45	73	74	193	#
654	2113406	4	5	6	12	13	14	19	20	21	22	24	26	27	29	30	31	32	33	34	35	36	37	41	44	45	47	52	53	60	193	#
655	2105198	0	1	2	3	4	5	8	9	10	12	17	18	19	20	24	25	26	27	32	33	35	40	41	42	48	49	56	57	72	193	#
656	1207019	17	18	19	25	26	27	32	33	34	35	36	37	40	41	43	44	48	194	#
657	1442421	26	27	28	33	34	35	36	37	38	39	41	47	52	54	55	62	63	194	#
658	1395540	20	28	32	33	34	38	39	40	41	46	47	49	50	55	57	58	63	194	#
659	1364294	17	26	33	34	35	36	37	38	40	41	43	44	47	48	49	50	52	194	#
660	1359961	7	11	15	16	17	18	26	27	32	33	34	35	40	41	49	50	57	194	#
661	1345889	12	19	20	26	27	28	33	34	35	36	40	41	42	43	44	48	52	194	#
662	1077321	19	20	21	22	28	29	30	31	37	38	39	45	47	53	61	62	72	195	#
663	1268427	21	29	30	36	37	38	39	45	47	52	53	54	55	59	60	61	62	195	#
664	1262468	20	28	30	36	37	38	39	44	45	47	53	54	55	60	61	62	73	195	#
665	1249910	37	38	39	42	45	46	47	50	51	52	53	54	55	59	60	61	62	195	#
666	1194935	6	13	14	21	22	28	29	30	31	36	37	38	39	45	47	53	54	195	#
667	1172890	1	2	10	11	30	37	38	39	45	47	53	54	55	59	60	61	62	195	#
668	512877	17	24	25	26	33	63	196	#
669	572598	33	41	42	43	59	63	196	#
670	557835	19	26	27	28	35	43	196	#
671	495319	17	24	25	32	33	41	196	#
672	479929	25	32	33	34	40	41	196	#
673	461617	16	24	25	32	40	41	196	#
674	54765	23	#
675	1138897	6	7	14	15	20	21	22	23	29	30	36	37	38	43	44	70	197	#
676	1410828	29	30	36	37	38	40	43	44	46	48	49	52	53	56	57	58	197	#
677	1276216	6	14	22	29	30	35	37	38	44	45	46	47	52	53	61	62	197	#
678	1274094	5	6	7	14	15	21	22	29	30	37	44	45	46	52	53	54	197	#
679	1243344	14	22	27	29	30	35	36	37	38	43	44	45	46	47	53	54	197	#
680	1200974	5	6	7	11	12	14	15	18	21	22	29	30	36	37	44	45	197	#
681	238067	53	54	62	198	#
682	246443	44	52	53	198	#
683	186737	53	54	55	198	#
684	566209	35	36	43	44	52	59	60	61	199	#
685	643301	26	32	33	34	35	36	43	44	199	#
686	564541	37	38	39	44	52	59	60	61	199	#
687	554287	7	50	51	52	58	59	60	61	199	#
688	541272	51	52	53	54	59	60	61	62	199	#
689	525364	43	44	52	53	54	55	60	61	199	#
690	787183	4	6	7	12	13	14	15	21	22	23	29	31	37	200	#
691	999982	6	14	21	22	29	34	35	36	37	38	39	42	43	200	#
692	971499	5	6	7	14	15	19	20	21	22	23	28	29	36	200	#
693	918004	7	14	15	21	22	23	28	29	31	36	37	43	44	200	#
694	916459	5	6	7	13	14	15	21	22	23	29	31	37	38	200	#
695	872311	6	14	20	21	22	23	28	29	31	36	37	43	44	200	#
696	678144	0	1	2	8	9	10	11	12	17	25	61	62	201	#
697	969143	29	36	37	38	44	46	47	52	60	61	62	63	201	#
698	882951	3	4	5	6	11	12	13	14	19	20	21	29	201	#
699	796337	35	36	37	42	43	44	45	52	59	60	61	62	201	#
700	748429	0	1	2	5	6	9	11	12	13	20	21	28	201	#
701	731806	3	9	10	11	12	13	14	15	20	21	22	29	201	#
702	415228	0	8	9	33	41	48	49	57	202	#
703	612323	26	27	33	34	35	41	43	49	202	#
704	513333	40	48	49	50	51	56	57	58	202	#
705	512924	18	26	27	34	35	48	49	57	202	#
706	510784	48	49	50	51	56	57	58	59	202	#
707	402243	9	11	12	17	18	26	37	45	202	#
708	666901	6	13	14	22	29	30	37	38	203	#
709	641864	6	13	14	19	20	21	22	29	203	#
710	631053	1	21	22	28	29	36	37	38	203	#
711	629671	6	14	22	29	30	37	38	45	203	#
712	588255	29	30	31	37	38	44	45	53	203	#
713	579103	6	13	14	20	21	22	29	37	203	#
714	596797	19	25	26	27	33	34	41	42	49	50	56	204	#
715	789846	9	17	18	25	26	32	40	48	49	56	57	204	#
716	737052	18	19	25	26	27	28	34	35	36	42	43	204	#
717	722855	17	25	26	33	34	35	36	41	42	43	44	204	#
718	715984	25	32	33	34	40	41	48	49	50	51	56	204	#
719	698343	0	1	9	18	19	25	26	27	28	32	34	204	#
720	550533	20	25	26	27	28	32	35	205	#
721	679791	16	24	25	27	32	33	40	205	#
722	625425	17	18	24	25	26	32	40	205	#
723	587106	17	18	24	25	26	32	33	205	#
724	483669	20	27	28	35	36	37	44	205	#
725	448323	12	13	20	27	28	35	36	205	#
726	885761	2	3	4	5	6	11	12	13	14	18	20	21	22	23	206	#
727	1063300	4	5	6	12	13	17	18	20	26	27	28	34	44	53	206	#
728	991242	1	2	3	4	5	6	10	11	12	13	17	18	25	26	206	#
729	976313	3	4	5	6	7	11	12	14	15	21	22	23	29	31	206	#
730	970013	3	4	5	6	11	12	13	14	20	21	22	23	28	48	206	#
731	968357	3	4	5	6	7	12	13	14	15	21	22	23	29	31	206	#
732	172237	2	3	#
733	238952	17	24	25	64	207	#
734	300885	3	4	11	64	207	#
735	266385	17	25	26	27	207	#
736	241826	0	1	9	17	207	#
737	143800	12	13	208	#
738	157959	13	14	208	#
739	1635963	10	11	14	18	19	20	21	26	27	28	30	33	34	35	36	37	40	41	42	43	44	49	50	56	209	#
740	1975234	3	4	10	11	18	19	25	26	27	28	32	33	34	35	36	40	41	42	43	44	49	52	65	66	209	#
741	1888338	7	14	15	16	18	19	23	24	25	26	27	32	33	34	40	41	42	44	50	51	52	53	59	60	209	#
742	1829251	14	18	19	20	21	22	23	26	27	28	32	33	34	36	40	41	42	43	44	49	50	51	56	59	209	#
743	1802848	1	3	4	7	8	9	10	11	12	13	14	15	18	19	20	21	23	26	27	28	34	36	42	43	209	#
744	1791862	11	18	19	20	21	25	26	27	28	32	33	34	36	40	41	44	48	49	50	52	56	59	60	61	209	#
745	177403	38	39	#
746	58077	0	8	#
747	1805589	16	17	24	25	28	32	33	34	35	36	37	38	40	41	42	43	44	50	52	53	54	55	60	210	#
748	1858134	3	7	10	11	19	20	21	27	28	29	33	34	35	36	37	38	39	41	42	43	44	50	51	210	#
749	1816455	10	11	16	17	18	20	24	25	26	27	28	32	33	34	35	36	40	41	43	48	49	56	57	210	#
750	1807036	3	10	11	17	18	19	20	21	24	25	26	27	28	32	33	34	35	36	41	43	44	53	54	210	#
751	1768852	16	19	24	25	26	27	28	32	33	34	35	36	40	41	42	43	44	48	49	50	56	57	58	210	#
752	1751810	3	5	10	11	12	16	17	18	19	20	24	25	26	27	28	32	33	34	35	36	40	41	48	210	#
753	523977	0	1	8	9	17	18	24	25	26	211	#
754	625712	9	17	18	24	25	26	27	32	33	211	#
755	587004	18	25	26	33	34	40	41	42	45	211	#
756	565016	1	2	8	9	10	18	24	25	26	211	#
757	562728	1	2	9	10	17	18	24	25	26	211	#
758	541126	9	17	18	19	24	25	26	27	35	211	#
759	211646	20	21	22	23	29	31	212	#
760	201943	7	15	21	22	23	31	212	#
761	172834	15	20	21	22	23	30	212	#
762	167827	19	20	21	22	23	31	212	#
763	76077	12	20	#
764	65830	64	#
765	244237	11	12	18	39	214	#
766	272835	8	9	17	18	214	#
767	272763	30	37	38	39	214	#
768	208419	10	11	12	18	214	#
769	197137	11	12	13	14	214	#
770	314106	14	21	22	30	37	215	#
771	396146	14	15	21	22	29	215	#
772	394084	14	21	22	29	30	215	#
773	369997	21	22	30	37	38	215	#
774	341842	21	22	29	30	37	215	#
775	335959	30	37	38	47	55	215	#
776	694260	27	28	35	36	37	38	44	46	52	216	#
777	694689	27	32	33	34	35	40	41	48	49	216	#
778	684431	37	38	44	45	46	47	52	53	61	216	#
779	673967	19	27	28	35	36	37	38	44	45	216	#
780	665471	30	36	37	38	39	45	46	47	53	216	#
781	648278	22	30	36	37	38	44	45	46	50	216	#
782	181592	9	10	67	217	#
783	140161	8	9	18	217	#
784	80561	2	9	10	217	#
785	997403	2	3	4	5	8	9	10	11	12	16	17	18	19	20	24	25	27	28	32	218	#
786	1180887	3	4	5	6	10	11	12	13	14	18	19	20	21	27	28	29	33	34	62	218	#
787	1125694	3	4	5	6	11	12	13	14	18	19	20	27	45	46	47	49	53	54	55	218	#
788	1092453	3	4	5	6	7	9	10	11	12	13	14	15	18	19	20	22	23	27	28	218	#
789	1089815	4	5	7	12	15	18	19	20	22	23	24	25	27	28	29	31	32	40	48	218	#
790	1082161	4	5	6	7	11	12	13	14	15	20	21	22	23	29	31	48	49	56	57	218	#
791	798668	0	1	2	3	8	9	10	11	12	13	14	17	18	21	22	29	30	51	219	#
792	1190047	25	26	27	32	33	34	35	36	40	42	44	48	49	50	51	56	58	59	219	#
793	1129150	2	3	4	5	11	12	13	16	17	18	24	25	26	27	32	33	34	35	219	#
794	1118239	4	12	14	20	21	22	29	30	31	32	33	34	35	36	37	42	51	59	219	#
795	1079886	11	12	16	17	18	19	20	24	26	27	28	32	33	34	35	36	42	43	219	#
796	1035041	7	15	21	22	23	27	29	30	31	34	35	36	37	42	43	45	46	47	219	#
797	516492	34	35	36	42	43	44	52	60	220	#
798	709665	28	34	35	36	43	44	52	69	220	#
799	670984	44	46	52	53	54	60	62	69	220	#
800	623862	17	25	26	27	28	32	34	35	220	#
801	582513	26	27	33	34	35	36	44	52	220	#
802	567463	11	17	18	25	26	32	34	35	220	#
803	683948	37	39	44	47	52	53	54	55	60	61	62	63	221	#
804	880923	28	36	37	44	47	52	54	55	59	60	61	62	221	#
805	818172	28	36	37	44	45	52	53	54	59	60	61	62	221	#
806	770553	39	44	47	52	53	54	55	59	60	61	62	63	221	#
807	755124	25	32	33	45	52	53	54	55	59	60	61	62	221	#
808	732567	21	29	30	36	37	38	44	45	47	52	53	54	221	#
809	254175	15	23	30	31	38	47	222	#
810	369613	39	45	47	54	55	63	222	#
811	302403	35	37	38	45	47	52	222	#
812	288154	22	29	30	37	45	46	222	#
813	261090	13	14	15	21	22	23	222	#
814	231970	14	15	21	22	23	31	222	#
815	758275	33	40	41	42	48	49	50	51	59	223	#
816	855694	24	25	26	32	33	34	40	42	48	223	#
817	703863	32	33	40	41	42	48	49	50	58	223	#
818	676524	45	46	49	50	51	53	59	60	61	223	#
819	668355	25	32	33	40	41	49	50	51	56	223	#
820	667586	32	33	40	41	42	48	49	50	56	223	#
821	195428	17	18	25	224	#
822	282198	17	25	26	224	#
823	257332	9	17	25	224	#
824	178529	18	19	26	224	#
825	386334	14	15	24	25	26	225	#
826	497546	16	24	25	26	32	225	#
827	444909	9	17	24	25	26	225	#
828	444162	19	26	27	28	34	225	#
829	351720	6	13	14	15	21	225	#
830	388117	4	5	10	11	12	18	19	226	#
831	467308	1	9	10	17	18	25	26	226	#
832	439931	4	5	6	12	13	14	21	226	#
833	429474	1	8	9	10	11	18	67	226	#
834	426539	4	5	12	13	14	15	20	226	#
835	420509	4	5	11	12	13	14	21	226	#
836	654323	51	52	53	54	59	60	61	62	227	#
837	745652	7	51	53	54	59	60	61	62	227	#
838	718219	46	51	54	55	59	60	61	62	227	#
839	655372	7	46	53	54	60	61	62	63	227	#
840	633790	46	47	53	54	60	61	62	63	227	#
841	599407	46	47	53	54	55	61	62	63	227	#
842	721716	9	10	11	17	18	25	26	32	40	228	#
843	806065	4	5	17	18	24	25	26	32	40	228	#
844	732341	24	25	26	32	40	41	42	48	49	228	#
845	689263	17	18	19	25	26	27	32	33	34	228	#
846	682514	9	11	17	18	19	24	25	26	32	228	#
847	623718	0	1	2	9	17	18	25	32	65	228	#
848	1235136	13	14	15	21	22	23	27	29	30	31	35	36	37	38	42	43	44	47	52	74	229	#
849	1641788	22	30	35	36	37	38	42	43	44	46	47	51	52	53	54	59	60	61	62	69	229	#
850	1602330	28	32	33	35	36	37	40	41	42	43	44	48	49	50	51	52	57	58	59	60	229	#
851	1581591	35	36	37	38	42	43	44	45	47	51	52	53	54	59	60	61	62	63	73	74	229	#
852	1427514	11	18	19	30	35	36	37	38	42	43	44	50	51	52	53	54	59	60	61	62	229	#
853	1421622	4	5	9	13	14	18	22	26	27	30	35	36	37	42	43	44	50	51	52	60	229	#
854	227522	40	41	230	#
855	176521	33	41	230	#
856	673285	0	1	3	9	11	12	13	14	15	17	18	231	#
857	763704	6	13	14	15	21	23	29	30	37	44	45	231	#
858	696816	3	4	11	12	13	14	15	19	20	21	28	231	#
859	681755	0	8	9	17	24	25	29	30	36	37	72	231	#
860	673753	5	11	12	13	14	15	19	21	27	29	73	231	#
861	654641	0	1	8	9	36	37	38	44	45	52	53	231	#
862	141436	17	18	232	#
863	194246	18	26	232	#
864	123446	17	25	232	#
865	1647846	2	9	10	11	16	17	18	19	24	25	26	27	32	33	34	36	40	41	42	43	48	49	56	57	58	233	#
866	1989608	16	19	24	25	26	27	28	32	33	34	40	41	42	43	44	47	48	49	52	54	55	56	57	62	63	233	#
867	1920323	3	5	11	12	13	16	19	20	24	25	27	28	32	33	34	40	41	42	43	48	49	54	56	57	62	233	#
868	1906434	3	11	14	16	18	19	21	24	25	26	27	29	32	33	34	40	41	42	43	44	48	49	50	56	57	233	#
869	1902505	2	3	8	9	11	12	16	17	18	19	24	25	26	27	32	33	34	40	41	42	43	48	49	56	57	233	#
870	1875017	3	4	11	12	13	16	18	19	20	24	25	26	32	33	34	40	41	42	43	44	48	49	56	57	58	233	#
871	3339353	0	2	3	4	5	6	8	9	10	11	12	13	14	17	18	19	20	21	22	23	24	25	26	27	28	29	30	31	32	33	34	35	36	37	39	40	41	42	43	44	45	46	47	49	50	51	53	54	55	56	58	59	62	234	#
872	3627135	0	3	4	5	7	8	9	10	11	12	13	14	16	17	18	19	20	21	22	23	24	25	26	27	28	29	32	33	34	35	36	37	39	40	41	42	43	44	45	46	47	49	50	51	52	53	54	55	56	57	59	60	62	234	#
873	3611283	4	5	6	8	9	10	11	12	13	14	16	17	18	19	20	21	22	23	24	25	26	27	28	29	31	32	33	34	35	36	37	39	40	41	42	43	44	45	46	47	48	49	50	51	52	53	54	56	57	58	59	60	62	234	#
874	3578068	4	5	6	7	8	9	10	11	12	13	14	16	17	18	19	20	21	22	23	24	25	26	27	28	29	30	31	32	33	34	35	36	37	38	39	40	41	42	43	44	45	46	47	49	50	51	52	53	54	55	56	60	62	234	#
875	3571944	0	4	5	6	8	9	10	11	12	13	14	16	17	18	19	20	21	22	23	24	25	26	27	28	29	31	32	33	34	35	36	37	39	40	41	42	43	44	45	46	47	48	49	50	51	52	53	54	56	57	58	60	62	234	#
876	3563343	4	5	7	9	10	11	12	13	14	15	16	18	19	20	21	22	23	24	25	26	27	28	29	31	32	33	34	35	36	37	39	40	41	42	43	44	45	46	47	49	50	51	52	53	54	56	57	58	59	60	62	65	72	234	#
877	201402	45	53	54	235	#
878	124984	52	53	61	235	#
879	120305	45	53	61	235	#
880	98940	53	54	71	235	#
881	208231	27	28	236	#
882	197696	28	36	236	#
883	837270	3	4	5	6	12	14	22	42	43	44	68	237	#
884	841032	3	4	5	12	16	19	20	21	22	24	30	237	#
885	817069	26	28	33	34	35	36	42	43	50	51	58	237	#
886	802778	18	19	26	32	33	34	35	41	42	50	51	237	#
887	793435	12	19	20	28	34	35	36	39	42	43	44	237	#
888	701058	4	12	13	14	15	20	21	22	23	29	30	237	#
889	201653	69	72	238	#
890	165575	6	69	238	#
891	99831	60	#
892	62549	42	#
893	330765	5	6	12	19	20	239	#
894	436254	5	6	14	15	21	239	#
895	374653	5	6	12	20	21	239	#
896	298156	5	12	13	19	20	239	#
897	288425	8	12	14	20	21	239	#
898	177989	11	19	20	27	35	239	#
899	229089	2	3	4	#
900	192830	4	12	#
901	1132489	0	1	2	3	9	10	21	35	36	37	42	43	46	47	50	51	53	54	55	58	61	62	241	#
902	1527668	16	19	24	25	26	27	33	34	35	36	41	42	43	48	49	50	51	52	57	58	59	60	241	#
903	1489831	9	11	16	18	24	25	26	27	28	33	34	35	40	41	42	43	48	49	50	51	57	58	241	#
904	1464820	24	25	27	33	34	35	36	37	38	39	40	41	42	43	47	48	49	50	51	56	57	58	241	#
905	1440469	9	16	17	18	19	24	25	27	33	34	35	40	41	42	43	48	49	50	51	56	57	58	241	#
906	1425360	17	19	24	25	26	27	28	33	34	35	36	40	41	42	43	48	49	50	51	56	57	58	241	#
907	3267734	0	1	2	3	4	5	6	7	10	11	12	13	14	15	17	18	19	20	21	22	23	24	25	26	27	28	29	30	32	33	34	35	36	37	40	41	42	43	44	45	46	49	50	51	52	53	54	55	58	59	60	61	62	242	#
908	3422606	3	4	5	6	7	8	9	10	12	13	14	15	16	17	18	19	20	21	22	23	24	25	26	27	28	29	30	32	33	34	35	36	37	38	39	40	41	42	43	44	45	46	49	50	52	53	54	55	56	57	58	62	63	242	#
909	3405250	0	1	2	3	4	5	6	7	10	11	12	13	14	15	16	17	18	20	21	22	23	24	25	26	27	28	29	30	32	33	34	35	36	37	38	39	40	41	43	44	45	46	47	49	50	52	53	54	55	56	60	61	67	242	#
910	3399933	0	1	2	3	4	5	6	7	8	9	10	11	12	13	14	15	16	17	18	20	21	24	25	26	27	28	29	32	33	34	35	36	37	40	41	42	43	44	45	46	49	50	51	52	53	54	55	56	57	58	61	62	63	242	#
911	3376099	5	6	7	12	13	14	15	16	17	18	20	21	22	23	24	25	26	27	28	29	30	31	32	33	34	35	36	37	39	40	41	42	43	44	45	46	48	49	50	51	52	53	54	55	56	57	58	59	60	61	62	63	69	242	#
912	3364878	0	1	2	3	4	5	6	7	8	10	11	12	13	14	15	16	17	18	19	20	21	22	23	24	25	26	27	28	29	30	32	33	34	35	37	40	41	42	43	44	45	46	49	50	52	53	54	56	57	58	60	61	62	242	#
913	118941	52	53	60	243	#
914	100116	53	54	55	243	#
915	1249090	33	34	35	36	37	41	42	44	45	46	49	50	51	52	53	56	58	59	60	244	#
916	1615137	25	27	28	29	32	33	35	36	37	38	40	41	42	43	44	48	49	52	57	244	#
917	1560287	21	22	25	26	27	29	35	36	37	38	43	44	46	47	52	53	54	62	63	244	#
918	1528604	21	29	35	37	41	43	44	46	47	49	50	51	52	53	54	58	59	60	62	244	#
919	1527665	8	9	16	18	20	24	25	26	27	28	32	33	34	35	36	37	38	40	41	244	#
920	1524690	20	21	22	26	27	28	29	35	36	37	38	43	44	46	52	53	54	62	63	244	#
921	923680	9	18	26	34	35	36	42	43	44	48	49	50	56	57	58	245	#
922	1230774	26	28	32	33	34	35	36	42	43	48	49	50	51	56	57	245	#
923	1166692	21	29	30	33	34	35	36	37	42	43	44	51	52	59	60	245	#
924	1116075	9	17	25	32	33	34	35	40	42	48	49	50	51	56	57	245	#
925	1103810	27	32	33	34	35	41	42	43	48	49	50	51	56	57	59	245	#
926	1100938	32	33	34	40	42	43	48	49	50	51	56	57	58	59	60	245	#
927	345631	6	13	14	21	246	#
928	389027	5	6	12	13	246	#
929	385036	4	5	6	14	246	#
930	215588	13	14	20	21	246	#
931	126172	1	2	247	#
932	129976	2	10	247	#
933	78313	0	1	247	#
934	363008	25	32	33	41	248	#
935	462050	24	25	32	40	248	#
936	421635	25	32	40	48	248	#
937	375153	25	33	40	41	248	#
938	251731	33	34	41	42	248	#
939	89137	0	8	9	10	18	249	#
940	107855	0	8	9	10	11	249	#
941	338199	6	54	55	62	63	250	#
942	410887	5	6	14	15	21	250	#
943	363965	39	47	51	55	59	250	#
944	337619	45	46	47	55	63	250	#
945	286636	53	54	60	61	62	250	#
946	283007	53	54	55	61	62	250	#
947	1085350	21	22	23	30	31	36	37	43	44	45	46	47	52	54	62	251	#
948	1281046	29	30	36	37	38	39	43	44	45	46	47	52	53	54	62	251	#
949	1279118	25	26	27	29	30	34	35	36	37	38	42	43	44	45	46	251	#
950	1209720	29	30	31	36	37	38	39	44	45	46	47	54	62	63	72	251	#
951	1162525	29	30	36	37	38	44	45	46	47	53	54	55	60	61	62	251	#
952	1149012	7	26	27	29	30	35	36	37	38	39	42	43	44	45	53	251	#
953	656275	35	36	43	44	48	49	50	58	252	#
954	676101	25	26	32	40	48	49	57	58	252	#
955	659008	32	40	41	42	49	50	57	58	252	#
956	630104	35	36	37	43	44	50	51	59	252	#
957	618190	28	35	36	37	41	42	43	44	252	#
958	611730	40	41	48	49	50	56	57	58	252	#
959	1331493	29	37	38	39	42	43	44	45	51	52	53	54	55	59	60	61	62	63	253	#
960	1393678	6	19	27	28	35	42	43	44	45	52	53	54	55	59	60	61	62	63	253	#
961	1387869	5	37	38	41	42	44	45	48	49	50	52	53	54	59	60	61	62	63	253	#
962	1368923	30	37	38	42	43	44	45	47	51	52	53	54	55	59	60	61	62	63	253	#
963	1324267	29	37	38	43	44	45	46	50	51	52	53	54	55	59	60	61	62	63	253	#
964	1323950	4	22	30	37	38	44	45	46	51	52	53	54	55	59	60	61	62	63	253	#
965	219835	40	41	48	254	#
966	251635	12	40	48	254	#
967	196917	25	33	41	254	#
968	541786	9	18	25	26	27	32	33	34	41	255	#
969	584680	12	14	19	20	21	27	28	35	36	255	#
970	546392	16	17	24	25	32	33	41	42	49	255	#
971	541279	17	19	24	25	26	27	32	33	35	255	#
972	511125	11	12	13	18	19	20	26	27	35	255	#
973	509276	25	28	33	34	35	36	41	42	43	255	#
974	955999	25	26	27	32	33	34	40	42	43	44	48	65	256	#
975	910179	25	26	32	33	34	40	41	42	43	48	49	50	256	#
976	863537	2	3	4	7	12	20	27	33	34	35	36	37	256	#
977	842145	29	36	37	42	43	44	45	46	53	54	65	66	256	#
978	823468	3	11	19	20	27	31	34	35	36	42	43	50	256	#
979	823191	26	34	36	40	41	42	48	49	50	56	57	58	256	#
980	355998	3	11	12	13	14	18	257	#
981	495024	3	10	11	18	26	34	257	#
982	402378	3	5	11	12	13	14	257	#
983	383199	9	11	17	18	26	27	257	#
984	365557	2	3	9	10	11	12	257	#
985	316806	5	6	12	14	22	30	257	#
986	306813	28	35	36	43	258	#
987	305773	20	28	36	44	258	#
988	279426	34	35	42	43	258	#
989	253825	36	37	43	44	258	#
990	189099	36	37	44	50	258	#
991	326317	36	37	44	52	259	#
992	394363	28	36	44	52	259	#
993	382247	29	36	37	44	259	#
994	328883	29	30	37	44	259	#
995	312437	43	44	52	60	259	#
996	588613	24	25	26	32	33	40	74	260	#
997	608868	24	25	26	32	33	34	35	260	#
998	552805	24	25	26	32	33	34	41	260	#
999	550074	9	10	17	18	25	26	33	260	#
1000	536059	32	33	40	41	49	56	57	260	#
1001	522177	24	25	32	33	34	41	49	260	#
1002	388421	47	53	55	61	62	63	261	#
1003	529386	44	52	53	54	55	73	261	#
1004	522158	47	52	53	54	55	62	261	#
1005	479782	37	38	47	54	55	63	261	#
1006	437037	44	52	53	60	61	62	261	#
1007	367205	53	54	55	61	62	63	261	#
1008	1130932	21	36	38	39	44	45	46	47	52	53	54	55	59	60	61	62	262	#
1009	1213666	22	25	29	32	37	38	39	45	46	47	52	53	54	55	62	63	262	#
1010	1205005	28	29	35	36	37	38	39	43	44	45	46	47	52	53	54	55	262	#
1011	1203855	17	25	33	38	41	42	45	46	47	52	53	54	55	60	62	71	262	#
1012	1173870	12	20	21	29	37	38	39	41	42	43	44	47	49	50	51	74	262	#
1013	1122710	21	22	23	29	30	31	38	39	45	46	47	52	53	54	55	63	262	#
1014	660768	6	7	11	12	13	14	15	20	263	#
1015	758345	4	5	6	12	14	20	22	28	263	#
1016	707513	4	5	6	12	13	14	22	30	263	#
1017	618194	4	6	11	12	13	14	20	31	263	#
1018	609942	4	11	12	19	20	27	28	64	263	#
1019	594449	4	5	11	12	19	20	21	27	263	#
1020	889549	37	38	45	50	51	52	53	54	55	59	60	61	62	63	264	#
1021	1114189	4	38	40	41	42	43	50	51	57	58	59	60	61	63	264	#
1022	1009823	28	36	37	44	45	51	52	53	54	59	60	61	62	63	264	#
1023	985787	36	37	38	44	45	52	53	54	59	60	61	62	63	66	264	#
1024	983358	3	4	11	12	19	28	35	36	44	52	53	59	60	61	264	#
1025	976618	7	15	34	41	42	43	49	50	51	56	57	58	59	60	264	#
1026	212272	1	9	17	18	265	#
1027	278927	8	9	17	18	265	#
1028	224558	1	9	18	19	265	#
1029	168209	1	2	8	9	265	#
1030	336500	48	49	56	57	266	#
1031	347410	41	49	56	57	266	#
1032	330257	33	41	48	49	266	#
1033	284300	41	48	49	56	266	#
1034	808296	13	14	21	22	23	25	29	30	33	37	44	45	46	50	52	267	#
1035	1098216	9	16	17	24	25	32	33	34	40	41	42	48	49	50	57	267	#
1036	1088656	6	14	27	28	35	36	37	38	42	43	44	49	50	52	69	267	#
1037	991756	35	36	38	39	43	44	46	47	52	53	54	55	61	62	63	267	#
1038	985885	16	24	25	26	27	32	33	40	41	48	49	50	56	57	61	267	#
1039	985747	3	10	11	12	13	14	18	19	20	21	22	24	28	29	30	267	#
1040	1831217	16	24	26	27	30	32	33	34	35	36	37	38	40	41	42	43	44	47	48	49	50	51	52	56	268	#
1041	1864096	16	24	26	27	28	32	33	34	35	36	40	41	42	43	44	48	49	50	51	52	56	58	59	65	268	#
1042	1862428	1	2	3	4	10	16	17	19	24	25	26	27	32	33	34	35	40	42	43	44	48	50	52	58	268	#
1043	1812957	15	16	23	24	31	32	33	35	40	41	42	43	44	45	46	48	49	50	51	52	56	57	58	59	268	#
1044	1760335	17	18	19	26	27	32	33	34	35	36	40	41	42	43	44	48	50	51	52	53	57	58	59	71	268	#
1045	1750775	2	3	11	16	17	18	19	24	26	27	32	33	34	35	36	40	42	43	48	50	51	56	57	58	268	#
1046	668397	1	3	4	8	9	10	11	12	17	18	20	28	69	269	#
1047	748340	0	4	5	8	9	10	11	12	17	18	34	35	36	269	#
1048	739827	3	10	11	12	18	19	20	27	28	33	34	35	36	269	#
1049	719291	6	12	14	15	20	21	27	28	29	35	36	37	41	269	#
1050	718094	3	4	5	10	11	12	14	17	18	20	21	27	28	269	#
1051	703809	3	4	5	6	10	11	12	18	20	27	28	36	37	269	#
1052	267656	27	34	35	43	270	#
1053	348602	35	43	44	52	270	#
1054	331993	18	26	33	34	270	#
1055	286885	19	27	28	35	270	#
1056	259224	27	35	42	43	270	#
1057	127538	61	62	63	271	#
1058	160132	53	61	62	271	#
1059	409016	25	33	40	41	272	#
1060	392779	33	40	41	48	272	#
1061	389855	25	26	32	33	272	#
1062	319829	24	32	40	48	272	#
1063	270611	25	33	41	70	272	#
1064	1228453	9	17	24	25	28	32	33	36	40	41	42	43	44	49	273	#
1065	1168872	4	9	12	17	18	20	24	25	32	33	40	41	48	49	273	#
1066	1160510	18	25	26	32	33	34	40	41	42	43	44	49	56	57	273	#
1067	1151375	3	9	11	12	16	17	18	24	25	32	33	40	41	51	273	#
1068	1139649	17	24	25	26	32	33	40	41	42	43	48	49	56	57	273	#
1069	1110125	1	2	3	4	12	25	32	33	40	41	49	56	57	60	273	#
1070	53143	9	#
1071	176006	10	11	18	19	274	#
1072	206723	19	20	21	27	274	#
1073	121306	10	11	12	19	274	#
1074	66691	65	#
1075	556885	9	10	11	17	18	25	32	33	275	#
1076	652249	16	24	25	32	33	40	41	42	275	#
1077	610380	16	17	24	25	26	27	28	33	275	#
1078	610074	3	9	10	11	17	18	19	27	275	#
1079	609319	3	4	8	9	10	11	17	18	275	#
1080	578598	1	9	16	17	24	25	32	33	275	#
1081	340519	29	30	37	44	276	#
1082	369868	29	30	37	38	276	#
1083	280319	30	31	37	38	276	#
1084	271838	37	43	44	52	276	#
1085	231455	22	29	30	37	276	#
1086	207624	18	26	27	277	#
1087	275061	26	27	34	277	#
1088	201613	26	27	35	277	#
1089	165129	17	18	19	277	#
1090	1214689	22	24	25	26	27	30	32	33	34	35	36	40	41	42	49	50	57	58	278	#
1091	1385318	3	4	9	17	18	19	25	26	33	34	40	41	42	48	49	56	57	71	278	#
1092	1377006	9	16	17	18	24	25	26	32	33	34	40	41	42	48	49	50	56	57	278	#
1093	1369367	9	11	12	16	17	18	19	24	25	26	32	33	34	40	41	42	48	49	278	#
1094	1366997	7	15	17	18	19	20	21	22	23	24	25	26	27	29	30	32	33	34	278	#
1095	1327690	25	26	32	33	34	40	41	42	48	49	50	51	52	56	57	58	59	60	278	#
1096	468954	19	26	27	28	37	66	279	#
1097	572313	25	26	27	28	35	43	279	#
1098	514701	18	26	27	28	35	43	279	#
1099	489490	25	26	27	34	35	36	279	#
1100	481564	18	26	27	34	35	66	279	#
1101	457136	9	10	11	19	27	28	279	#
1102	1534520	29	37	38	41	44	45	46	47	48	49	50	51	52	53	54	55	56	57	58	60	61	62	63	280	#
1103	1648653	3	4	5	12	14	20	21	29	34	35	36	37	38	39	44	45	46	47	52	53	54	59	60	280	#
1104	1639764	29	34	37	38	39	42	43	44	45	46	47	48	49	50	52	53	54	55	57	60	61	62	63	280	#
1105	1546084	4	21	26	29	30	34	35	36	37	38	39	43	44	45	46	47	52	53	54	55	60	61	62	280	#
1106	1526410	26	29	34	35	36	37	38	41	42	43	44	46	48	49	50	52	53	54	55	56	57	58	60	280	#
1107	1500014	4	7	8	12	13	14	15	36	37	38	39	44	45	46	47	52	53	54	55	60	61	62	63	280	#
1108	388758	3	4	11	18	19	281	#
1109	462444	3	4	5	47	55	281	#
1110	404307	9	17	18	19	25	281	#
1111	399349	9	17	18	19	26	281	#
1112	335398	1	2	3	4	9	281	#
1113	330735	9	11	17	18	19	281	#
1114	148902	47	54	55	#
1115	474273	16	24	25	32	33	41	49	283	#
1116	507596	32	33	34	40	41	49	57	283	#
1117	488617	16	24	25	32	33	54	62	283	#
1118	443940	17	25	32	33	34	41	49	283	#
1119	441436	33	41	49	50	51	57	58	283	#
1120	435864	16	24	25	32	33	40	41	283	#
1121	1241802	1	12	36	41	42	43	44	45	46	47	50	51	52	53	54	55	59	60	61	63	284	#
1122	1500526	11	19	26	27	28	32	34	35	36	40	41	42	48	49	50	51	57	58	59	66	284	#
1123	1489081	19	20	26	27	28	34	35	38	39	46	47	51	52	53	54	55	59	60	61	63	284	#
1124	1467953	11	13	19	20	21	27	28	32	35	36	38	39	43	45	46	47	53	54	55	63	284	#
1125	1451921	19	20	24	26	27	32	33	35	40	41	42	43	48	49	50	51	56	57	59	60	284	#
1126	1410329	24	25	26	27	32	33	34	35	36	40	41	42	43	48	50	51	59	60	61	66	284	#
1127	323863	14	21	22	29	30	285	#
1128	387684	5	6	13	14	15	285	#
1129	377156	6	14	21	22	30	285	#
1130	361077	20	21	22	28	29	285	#
1131	311780	14	21	22	29	37	285	#
1132	293317	13	14	15	21	22	285	#
1133	307378	49	50	56	57	58	286	#
1134	330918	48	49	50	56	57	286	#
1135	301406	45	49	50	56	57	286	#
1136	255756	49	50	51	55	58	286	#
1137	236641	41	48	49	50	58	286	#
1138	109486	22	29	#
1139	841250	11	17	18	19	27	28	34	35	42	48	49	50	58	287	#
1140	1013562	9	17	18	19	24	25	26	27	33	34	45	53	54	287	#
1141	990693	11	17	18	19	26	27	28	33	34	35	36	42	44	287	#
1142	975882	24	25	32	33	34	40	42	43	44	48	49	50	56	287	#
1143	959862	11	18	19	26	33	34	35	42	43	44	49	50	58	287	#
1144	944624	24	25	26	32	33	34	35	42	43	44	50	57	58	287	#
1145	646883	0	1	2	3	4	8	9	10	11	12	18	64	288	#
1146	923002	2	3	4	5	6	8	9	10	11	12	13	20	288	#
1147	896470	2	3	4	5	6	9	10	11	12	13	20	69	288	#
1148	849900	4	5	10	11	12	13	18	19	20	21	28	29	288	#
1149	832781	0	1	2	4	5	8	9	10	11	12	20	28	288	#
1150	830234	11	16	18	24	25	26	27	28	32	34	42	63	288	#
1151	446429	32	33	40	41	42	48	49	50	56	57	289	#
1152	646425	27	33	34	35	36	37	38	42	44	50	289	#
1153	643927	26	27	32	33	34	35	40	41	42	48	289	#
1154	621499	27	33	34	35	40	41	42	43	50	58	289	#
1155	586764	27	33	34	35	36	37	40	41	48	56	289	#
1156	493502	33	34	40	41	42	48	49	50	56	57	289	#
1157	81290	21	22	30	#
1158	785997	4	5	6	10	11	12	13	14	20	21	22	38	39	47	291	#
1159	972597	25	33	38	45	46	47	52	53	54	55	60	61	62	63	291	#
1160	968635	2	3	4	5	11	18	19	20	25	26	27	33	34	35	291	#
1161	929121	1	3	4	5	6	9	10	11	12	18	19	26	27	28	291	#
1162	928147	1	2	3	9	10	11	18	19	25	26	32	34	35	42	291	#
1163	919657	1	2	3	9	11	17	18	22	23	25	26	29	30	31	291	#
1164	591207	1	2	3	8	9	10	11	17	18	26	292	#
1165	846135	17	24	25	26	32	33	34	41	42	43	292	#
1166	792086	3	5	6	9	10	11	12	17	19	20	292	#
1167	752962	3	4	5	6	10	11	12	18	19	20	292	#
1168	726308	9	11	17	18	26	33	34	35	36	42	292	#
1169	709399	17	18	19	24	25	26	32	33	34	68	292	#
1170	583732	2	3	4	5	6	11	12	13	14	293	#
1171	599773	2	3	4	5	6	12	13	14	20	293	#
1172	573306	3	4	12	13	14	15	20	22	23	293	#
1173	551661	3	7	9	11	18	19	20	26	27	293	#
1174	497909	6	12	13	14	15	20	21	22	23	293	#
1175	494928	3	4	5	6	10	11	12	19	20	293	#
1176	948557	6	7	12	13	14	15	18	19	20	21	22	25	26	33	50	58	294	#
1177	1240369	13	19	24	25	26	27	32	33	35	40	43	44	52	54	55	62	294	#
1178	1231966	9	16	18	24	25	26	27	32	33	40	41	42	48	49	57	58	294	#
1179	1196557	6	7	11	12	13	14	15	20	21	22	30	37	43	44	45	46	294	#
1180	1145498	24	25	27	32	33	35	41	42	43	44	48	49	50	56	57	58	294	#
1181	1137966	16	24	25	26	27	32	33	34	40	41	42	48	49	50	51	58	294	#
1182	1029088	0	1	4	5	8	9	10	11	12	17	18	19	20	21	29	38	39	56	59	295	#
1183	1299578	21	29	35	36	37	42	43	44	45	46	52	53	54	55	59	60	61	62	63	295	#
1184	1265594	15	21	22	23	29	30	31	36	37	38	42	43	44	45	46	52	53	54	62	295	#
1185	1242609	8	9	11	17	18	19	20	21	22	23	24	25	26	29	30	34	37	42	60	295	#
1186	1236765	4	5	10	11	12	13	19	20	21	22	30	42	43	44	52	53	59	60	61	295	#
1187	1203403	0	7	8	9	10	14	15	21	22	23	29	30	31	37	42	43	44	45	46	295	#
1188	302764	37	44	52	60	296	#
1189	252410	37	44	52	53	296	#
1190	245627	29	30	37	44	296	#
1191	2169543	9	11	12	16	17	18	19	21	24	25	26	27	29	32	34	35	36	37	41	42	43	44	45	48	49	50	51	52	56	57	59	60	61	71	74	297	#
1192	2440625	1	3	4	5	6	7	8	9	11	12	13	14	15	16	17	18	19	24	25	26	27	28	32	33	34	35	36	43	44	48	49	50	52	56	57	297	#
1193	2420996	6	7	11	13	14	15	18	19	21	22	23	24	25	26	27	28	29	32	33	34	35	36	37	42	43	44	45	50	51	52	54	59	60	61	62	297	#
1194	2392427	1	9	11	17	18	19	24	25	26	27	29	32	34	35	36	37	40	41	42	43	44	45	48	49	50	51	52	54	56	57	59	60	61	62	67	297	#
1195	2391516	5	6	12	13	14	15	17	19	25	27	28	29	35	36	37	41	42	43	44	45	48	49	50	51	52	53	54	56	57	59	60	61	62	71	73	297	#
1196	2332647	3	8	9	11	16	17	18	19	24	25	26	27	32	33	34	35	40	41	42	43	44	48	49	50	51	52	54	56	57	58	59	60	61	62	63	297	#
1197	155503	66	71	298	#
1198	154309	65	66	298	#
1199	71929	8	71	298	#
1200	1698841	0	1	3	5	6	7	8	9	10	11	12	13	14	15	17	18	19	22	23	29	30	37	38	39	44	45	47	69	299	#
1201	1895849	8	9	17	25	26	33	34	38	39	42	44	45	46	47	48	49	50	51	52	53	54	55	56	57	59	60	61	62	299	#
1202	1892738	24	25	26	32	33	34	38	39	40	41	42	44	45	46	47	49	50	51	52	53	54	55	56	57	59	60	61	62	299	#
1203	1872051	17	24	25	26	27	32	33	34	38	39	40	42	45	46	47	48	49	50	52	53	54	55	56	57	59	60	61	62	299	#
1204	1842650	4	5	6	7	9	12	14	15	16	17	20	22	24	25	26	28	29	30	31	32	33	40	41	42	49	50	51	56	299	#
1205	1835338	5	6	7	12	14	15	19	20	21	22	23	27	29	30	31	38	39	45	46	47	51	52	53	54	59	60	61	62	299	#
1206	1001362	26	32	34	35	40	41	42	43	48	49	50	51	56	57	58	300	#
1207	1291030	1	9	16	17	18	19	24	25	26	27	33	34	35	42	43	300	#
1208	1248258	17	18	19	24	25	32	33	34	40	41	42	43	48	56	57	300	#
1209	1226836	13	14	18	24	25	26	32	33	34	41	42	43	50	51	59	300	#
1210	1196935	16	17	18	24	25	26	32	33	34	42	43	48	49	50	56	300	#
1211	1191554	6	13	14	25	32	33	40	45	48	49	50	51	56	57	59	300	#
1212	188146	0	1	8	9	301	#
1213	211614	8	9	10	11	301	#
1214	199165	0	1	2	8	301	#
1215	445321	3	4	11	12	13	19	20	302	#
1216	581510	3	4	5	11	12	13	14	302	#
1217	558337	3	4	5	6	10	11	12	302	#
1218	544195	1	2	3	4	9	10	11	302	#
1219	530465	5	11	12	19	33	41	49	302	#
1220	519090	3	4	5	10	11	12	74	302	#
1221	919434	22	27	29	35	36	37	40	41	42	43	44	45	48	52	53	70	303	#
1222	1129497	35	36	37	40	41	42	43	44	46	48	49	52	53	57	60	61	303	#
1223	1126857	26	29	33	34	35	36	37	41	42	43	44	45	46	47	49	52	303	#
1224	1121466	29	32	33	37	40	41	42	43	44	48	49	50	51	52	56	57	303	#
1225	1077428	7	29	34	35	36	37	42	43	44	45	46	52	53	59	60	61	303	#
1226	1055413	24	26	32	33	34	40	41	42	43	48	49	50	51	56	57	58	303	#
1227	198229	5	6	#
1228	138003	5	12	#
1229	152443	22	29	30	305	#
1230	175593	29	30	37	305	#
1231	1331935	1	5	6	9	10	11	12	18	26	28	29	30	33	34	35	36	37	42	45	53	306	#
1232	1394443	4	5	6	11	12	20	21	28	29	30	34	36	37	42	43	44	45	46	53	54	306	#
1233	1363230	4	5	11	12	14	16	20	21	24	25	26	28	29	33	34	35	36	37	42	51	306	#
1234	1360144	0	1	3	4	5	6	8	9	10	11	12	17	18	19	26	30	33	34	35	42	306	#
1235	1336293	16	24	26	32	33	34	35	36	37	40	42	43	44	48	49	50	51	56	57	58	306	#
1236	1311446	0	1	3	4	5	6	8	9	10	11	12	13	14	15	17	18	25	26	32	33	306	#
1237	833742	1	2	4	5	6	9	10	11	12	13	14	19	20	21	22	27	307	#
1238	1109271	3	4	5	11	12	13	14	18	19	20	21	28	36	37	44	45	307	#
1239	1098470	4	11	12	13	14	17	18	19	20	21	29	30	36	37	43	44	307	#
1240	1066191	4	5	10	11	12	14	17	18	19	20	21	26	27	28	36	37	307	#
1241	1055318	3	4	6	9	11	12	13	14	16	17	18	19	20	21	24	28	307	#
1242	995310	0	1	2	5	10	11	12	19	20	27	28	36	37	40	44	48	307	#
1243	227550	5	6	308	#
1244	229886	4	5	308	#
1245	183269	6	14	308	#
1246	960696	14	21	22	23	29	30	31	34	36	37	42	49	50	57	58	309	#
1247	1269498	29	34	35	37	38	42	43	44	49	50	51	52	57	58	59	309	#
1248	1257104	34	35	36	37	38	42	44	45	49	50	51	52	57	58	59	309	#
1249	1209444	19	20	27	28	29	36	37	38	43	44	45	46	47	54	55	309	#
1250	1163101	26	27	34	35	36	37	42	44	49	50	51	52	57	58	59	309	#
1251	1161899	27	28	34	35	36	37	42	43	44	49	50	51	52	59	60	309	#
1252	646470	32	33	34	41	42	43	49	50	310	#
1253	696649	32	33	34	35	42	43	49	50	310	#
1254	619190	3	11	33	34	35	36	42	43	310	#
1255	615938	29	30	31	32	33	34	41	42	310	#
1256	575676	33	34	41	42	43	49	50	56	310	#
1257	559850	25	26	32	33	40	45	48	56	310	#
1258	207219	17	18	26	311	#
1259	234505	24	25	26	311	#
1260	163796	9	17	25	311	#
1261	154550	11	18	19	311	#
1262	1010114	25	27	32	33	34	35	36	41	42	43	44	48	49	50	51	56	58	312	#
1263	1252794	27	29	30	31	35	36	37	43	44	45	46	51	52	53	54	59	60	312	#
1264	1247925	1	2	3	8	9	10	18	21	29	30	36	37	44	45	46	47	53	312	#
1265	1236201	6	13	14	19	21	22	29	30	31	36	37	44	45	52	53	59	60	312	#
1266	1230009	29	30	36	37	41	42	43	44	45	49	50	51	52	53	56	59	60	312	#
1267	1198907	8	9	18	19	26	27	28	34	35	36	43	44	46	52	53	54	60	312	#
1268	255271	46	47	55	313	#
1269	258159	46	47	54	313	#
1270	212421	38	47	55	313	#
1271	178360	39	47	55	313	#
1272	829782	33	34	35	41	42	43	48	49	50	51	56	57	58	59	314	#
1273	1154764	17	25	26	33	34	35	36	37	38	41	42	43	46	47	314	#
1274	1146299	16	17	24	25	26	32	33	34	40	41	48	49	57	59	314	#
1275	993445	17	25	26	27	28	32	33	34	35	37	41	42	43	44	314	#
1276	971007	8	9	17	24	25	26	27	33	34	35	42	50	51	72	314	#
1277	968378	21	33	34	35	42	46	49	50	51	52	53	57	58	59	314	#
1278	426374	30	31	37	39	45	46	47	53	315	#
1279	582536	39	45	46	47	52	53	54	61	315	#
1280	578486	7	15	38	39	46	47	54	55	315	#
1281	519130	28	30	35	36	37	44	45	52	315	#
1282	483769	37	38	39	45	46	47	53	54	315	#
1283	474753	22	30	32	36	37	40	44	70	315	#
1284	2002307	5	6	12	13	14	16	20	21	22	23	24	25	26	27	28	29	30	31	35	36	37	38	39	44	45	46	47	52	53	54	55	61	62	63	316	#
1285	2417291	0	3	11	12	16	18	19	24	25	26	27	28	30	32	33	34	35	36	37	38	40	41	42	43	44	45	46	47	49	50	51	52	53	54	316	#
1286	2389882	16	23	24	25	26	27	28	29	30	31	32	33	34	35	36	37	38	39	40	41	42	43	44	45	47	49	52	53	55	57	60	61	62	63	316	#
1287	2341901	8	9	10	16	17	18	24	25	26	27	28	29	30	32	33	34	35	36	37	38	40	41	42	43	44	45	46	48	49	50	52	53	57	58	316	#
1288	2338234	0	1	2	3	4	5	8	9	10	11	12	16	17	18	19	20	24	25	26	27	28	30	34	35	36	37	38	40	41	42	43	44	45	52	316	#
1289	2326541	5	6	9	12	16	18	19	20	24	25	26	27	28	29	30	31	32	34	35	36	37	38	39	40	41	42	44	45	46	47	48	49	56	57	316	#
1290	261413	34	41	42	317	#
1291	309541	33	41	42	317	#
1292	281729	33	34	41	317	#
1293	227747	41	42	49	317	#
1294	804096	9	17	18	25	26	32	33	34	42	68	318	#
1295	939962	9	16	17	24	25	26	32	33	34	41	318	#
1296	820544	1	2	3	9	17	18	25	26	33	34	318	#
1297	801113	9	11	17	18	24	25	26	32	33	34	318	#
1298	799046	9	18	26	27	28	33	34	36	44	67	318	#
1299	780746	1	9	16	17	18	24	25	32	33	39	318	#
1300	374658	27	34	35	36	43	319	#
1301	402789	27	35	36	43	44	319	#
1302	376059	34	35	36	42	44	319	#
1303	343447	36	37	42	43	44	319	#
1304	323320	27	32	33	34	35	319	#
1305	316030	19	27	35	43	44	319	#
1306	1612422	5	6	11	14	19	20	21	22	25	26	27	28	29	30	31	32	36	37	38	40	44	66	320	#
1307	1663349	5	6	13	14	20	21	22	25	26	27	28	29	30	31	32	35	36	37	38	40	44	48	320	#
1308	1650504	3	5	6	12	13	14	15	16	17	19	20	21	22	24	25	29	30	32	37	40	44	48	320	#
1309	1641546	3	4	5	6	8	9	10	11	17	19	20	21	25	28	32	37	38	45	46	47	53	55	320	#
1310	1619762	0	1	5	6	7	8	9	13	14	15	17	18	19	20	21	24	25	27	28	32	36	40	320	#
1311	1579315	13	14	16	17	21	24	25	26	32	38	40	41	46	47	48	49	50	53	54	55	56	63	320	#
1312	709668	29	35	36	37	45	46	47	52	53	61	321	#
1313	851061	38	45	46	47	52	53	54	55	62	63	321	#
1314	835321	37	38	39	45	46	47	52	53	54	62	321	#
1315	805436	24	25	26	33	45	46	53	54	61	62	321	#
1316	778537	13	14	20	21	28	29	35	36	43	44	321	#
1317	740088	30	35	36	37	38	39	44	45	46	47	321	#
1318	341472	32	40	41	42	322	#
1319	409474	41	42	43	44	322	#
1320	335371	24	25	32	40	322	#
1321	266840	32	40	41	73	322	#
1322	170051	16	24	323	#
1323	197497	4	24	323	#
1324	475648	40	48	49	56	57	58	324	#
1325	588241	25	26	32	33	40	45	324	#
1326	520185	32	40	48	49	56	57	324	#
1327	426553	45	46	48	52	53	56	324	#
1328	348379	48	49	50	56	57	58	324	#
1329	320361	48	49	56	57	58	71	324	#
1330	52670	70	#
1331	241247	33	41	49	325	#
1332	300529	25	32	33	325	#
1333	198979	40	48	49	325	#
1334	174165	12	13	41	325	#
1335	563570	4	5	6	12	14	326	#
1336	577843	3	4	5	6	12	326	#
1337	475032	5	6	12	13	23	326	#
1338	422109	5	6	11	12	14	326	#
1339	416851	4	12	20	35	43	326	#
1340	357773	6	13	14	20	21	326	#
1341	1424627	1	2	3	4	5	6	7	9	10	11	12	13	14	15	18	19	20	21	28	29	37	45	327	#
1342	1803160	12	19	20	24	28	32	33	34	35	36	37	38	40	41	42	43	44	45	46	49	54	56	327	#
1343	1802321	3	4	5	6	11	12	13	14	17	19	20	21	24	25	28	32	33	34	35	40	41	49	327	#
1344	1599923	3	4	5	8	9	10	11	12	17	18	19	20	21	28	34	35	36	37	43	44	45	46	327	#
1345	1589370	2	3	4	5	6	10	11	12	14	18	19	20	21	28	29	36	37	38	44	45	47	53	327	#
1346	1568515	2	3	4	5	6	9	11	12	14	17	18	19	20	21	27	28	35	36	37	43	44	70	327	#
1347	1214607	20	21	27	29	30	35	36	37	44	45	46	52	53	54	55	59	60	61	63	328	#
1348	1342163	29	30	35	36	37	38	44	45	46	47	52	53	54	55	59	60	61	62	63	328	#
1349	1316858	36	37	38	39	42	44	46	47	49	50	51	52	53	54	55	57	60	61	62	328	#
1350	1314775	29	30	36	37	38	39	44	45	46	47	51	52	53	54	55	59	60	61	62	328	#
1351	1300717	4	12	20	27	28	29	30	34	35	36	37	38	43	44	46	47	52	53	55	328	#
1352	1280232	2	21	22	27	29	30	35	36	37	38	39	44	45	46	47	52	53	54	55	328	#
1353	571306	16	17	18	19	24	25	26	32	66	329	#
1354	848203	16	24	25	32	33	34	35	41	42	329	#
1355	801645	25	26	27	32	33	34	41	42	49	329	#
1356	788284	16	18	24	25	26	32	33	34	42	329	#
1357	750683	11	16	17	18	24	25	32	33	34	329	#
1358	748891	16	17	24	25	26	27	32	33	35	329	#
1359	794203	24	25	26	32	33	40	48	49	56	66	69	330	#
1360	962639	16	20	24	25	26	28	33	34	36	40	44	330	#
1361	958591	40	42	43	44	48	49	50	51	52	60	66	330	#
1362	869447	20	21	25	26	27	28	33	34	36	42	43	330	#
1363	832160	9	16	17	24	25	26	32	33	34	40	41	330	#
1364	759425	16	24	25	26	27	32	33	34	40	41	42	330	#
1365	526011	46	47	51	54	55	61	62	63	331	#
1366	678146	37	44	45	46	47	53	54	61	331	#
1367	616872	38	46	47	52	53	54	55	63	331	#
1368	605532	37	45	46	47	53	54	61	62	331	#
1369	571563	46	47	52	53	54	55	61	63	331	#
1370	567308	39	45	46	47	51	53	55	63	331	#
1371	699783	2	5	10	11	12	13	18	19	20	21	22	28	53	332	#
1372	1022642	3	4	5	10	11	12	17	18	19	25	26	28	34	332	#
1373	974506	2	3	4	5	9	10	11	17	19	20	21	25	26	332	#
1374	921170	9	10	11	17	18	19	20	21	24	25	26	33	34	332	#
1375	883553	2	9	10	11	17	18	19	20	25	26	28	33	41	332	#
1376	856125	11	15	19	20	21	22	23	28	42	43	44	50	52	332	#
1377	125295	59	#
1378	1043000	1	2	3	4	5	8	9	10	11	12	17	18	19	20	25	28	36	62	63	333	#
1379	1284543	29	33	34	35	36	37	43	44	45	46	52	53	54	55	59	60	61	62	63	333	#
1380	1212053	5	36	37	38	39	44	45	46	48	52	53	54	55	56	59	60	61	62	63	333	#
1381	1209247	2	3	9	10	16	18	19	24	25	26	32	33	34	40	41	48	49	56	57	333	#
1382	1175872	18	19	20	27	28	36	37	43	44	45	52	53	54	55	59	60	61	62	68	333	#
1383	1146515	5	12	13	18	19	20	21	22	24	25	26	28	29	32	33	34	37	41	45	333	#
1384	136529	68	72	334	#
1385	107760	49	72	334	#
1386	22358	55	68	334	#
1387	391538	37	45	46	47	54	55	335	#
1388	476400	39	46	47	54	55	62	335	#
1389	414571	29	35	36	37	44	52	335	#
1390	400310	39	46	47	53	54	55	335	#
1391	363318	46	47	53	54	55	63	335	#
1392	349631	5	6	37	45	46	53	335	#
1393	2106746	0	1	2	3	8	9	10	11	12	14	15	17	18	19	20	21	22	23	24	25	26	27	28	29	30	33	34	35	36	37	42	43	44	52	60	336	#
1394	2749864	3	4	5	12	13	14	15	18	19	20	21	22	23	25	26	27	28	30	34	35	36	37	38	42	43	44	45	46	47	50	51	52	53	59	60	336	#
1395	2667701	1	2	3	4	5	7	11	12	13	14	15	18	19	20	21	22	23	28	30	34	35	36	37	38	42	43	44	45	46	47	51	52	53	59	60	336	#
1396	2642420	1	2	3	4	5	9	10	12	13	14	17	18	19	20	21	22	23	25	26	27	28	30	34	35	36	37	38	42	43	44	45	46	47	52	53	336	#
1397	2638048	3	4	5	9	10	12	13	14	18	19	20	21	22	28	29	30	34	35	36	37	38	40	42	43	44	45	48	49	50	51	52	53	56	59	60	336	#
1398	2572910	1	2	5	10	12	13	14	18	19	20	21	22	23	26	27	28	30	34	35	36	37	38	42	43	44	45	46	47	49	50	51	52	53	54	60	336	#
1399	1822427	1	3	4	5	9	11	12	17	18	19	20	25	26	27	28	32	33	34	35	36	41	42	43	50	57	58	337	#
1400	1893605	1	2	3	4	5	9	11	12	17	18	24	25	26	29	30	32	33	34	35	36	37	42	43	44	45	52	337	#
1401	1838663	16	18	19	22	24	25	26	29	30	32	33	34	35	36	37	38	39	41	42	43	45	47	48	49	57	58	337	#
1402	1737438	1	9	18	19	22	24	25	26	27	28	29	30	32	33	34	35	36	37	38	39	41	42	43	44	47	52	337	#
1403	1736942	25	29	33	37	38	40	41	42	45	46	48	49	50	51	52	53	54	56	57	58	59	60	61	62	67	69	337	#
1404	1732421	1	2	3	4	5	6	9	11	12	18	19	20	21	25	26	27	33	34	35	36	37	42	44	45	52	53	337	#
1405	546188	20	34	36	42	43	44	338	#
1406	598917	25	33	34	42	43	44	338	#
1407	532249	17	25	33	34	42	50	338	#
1408	482087	20	21	27	28	36	44	338	#
1409	480717	36	43	44	52	60	61	338	#
1410	474564	36	43	44	52	53	60	338	#
1411	226017	3	4	339	#
1412	203909	4	12	339	#
1413	117491	2	3	339	#
1414	2162020	8	9	14	15	17	18	21	22	23	24	25	29	30	31	32	33	34	35	37	40	41	42	43	44	45	48	49	50	51	52	53	59	60	61	62	340	#
1415	2487060	0	1	3	4	6	8	9	10	11	13	14	15	16	17	18	19	21	22	23	24	25	29	32	33	34	40	41	42	43	44	48	50	51	58	59	340	#
1416	2484796	1	3	4	8	9	10	11	12	13	14	16	17	18	19	24	25	27	29	32	34	35	37	40	41	42	43	44	45	48	50	51	58	59	60	61	340	#
1417	2361818	9	10	11	16	17	18	19	24	25	27	28	32	34	35	36	37	38	40	41	42	43	44	46	47	48	49	50	51	52	56	59	60	61	62	63	340	#
1418	2360443	1	2	3	4	5	9	10	11	12	16	17	18	19	20	24	25	27	28	32	33	34	35	40	41	42	43	44	48	50	51	56	57	59	60	74	340	#
1419	2336043	1	2	3	4	8	9	10	11	12	13	14	16	17	18	19	20	24	25	27	32	33	34	35	37	40	41	42	43	44	48	50	51	56	57	59	340	#
1420	482821	0	1	2	9	17	18	25	26	27	35	70	341	#
1421	708610	11	19	26	27	28	29	30	35	36	37	66	341	#
1422	672441	2	18	19	20	25	26	27	28	35	36	43	341	#
1423	649599	0	1	2	9	14	17	18	19	25	26	62	341	#
1424	609134	10	11	18	19	20	27	28	35	36	43	44	341	#
1425	595331	0	1	2	3	9	11	17	18	24	25	32	341	#
1426	420233	34	41	42	49	50	342	#
1427	449309	33	34	41	42	50	342	#
1428	437481	24	25	26	33	34	342	#
1429	419567	25	33	34	41	42	342	#
1430	375895	16	49	50	57	58	342	#
1431	317630	40	48	49	50	57	342	#
1432	99635	47	55	63	343	#
1433	49696	54	55	63	343	#
1434	71201	21	#
1435	277188	14	21	22	23	29	30	31	37	344	#
1436	395285	13	14	15	21	22	29	30	31	344	#
1437	379880	14	22	23	28	30	31	36	37	344	#
1438	376370	14	15	22	23	29	30	31	42	344	#
1439	332328	14	20	21	22	29	30	36	37	344	#
1440	291280	14	21	22	23	30	31	36	37	344	#
1441	932991	29	37	44	45	46	47	52	53	54	55	59	60	61	62	63	345	#
1442	1155622	42	43	44	45	46	47	50	51	52	53	54	59	60	61	62	345	#
1443	1053435	45	46	49	50	51	52	53	54	55	57	59	60	61	62	63	345	#
1444	1052674	19	26	27	29	30	34	35	37	43	44	45	51	52	59	60	345	#
1445	1046632	11	18	19	26	27	50	51	52	53	54	59	60	61	62	63	345	#
1446	1034116	37	38	39	43	44	47	50	51	52	53	54	59	60	61	62	345	#
1447	159259	10	11	19	346	#
1448	238862	4	10	11	346	#
1449	206541	19	27	28	346	#
1450	112058	10	47	55	346	#
1451	249146	6	12	13	14	49	50	347	#
1452	363691	3	4	5	11	12	71	347	#
1453	345517	12	13	14	15	22	30	347	#
1454	279050	33	35	41	49	50	51	347	#
1455	270810	5	6	12	19	20	27	347	#
1456	1368758	2	6	8	9	10	14	17	18	19	20	21	24	25	28	32	33	34	40	41	48	49	348	#
1457	1493753	11	12	13	16	17	18	19	20	21	24	25	27	28	32	36	40	41	44	48	52	60	348	#
1458	1425833	17	19	24	25	26	27	28	32	33	34	35	36	40	41	42	43	44	49	50	52	60	348	#
1459	1383884	2	3	4	6	12	13	14	15	20	21	22	27	28	30	31	36	37	38	44	52	60	348	#
1460	1375723	6	10	11	14	17	18	19	20	21	25	26	27	28	32	34	36	40	41	42	48	49	348	#
1461	1367065	4	6	9	12	13	14	15	17	18	19	20	21	23	27	28	30	31	36	44	48	56	348	#
1462	384757	11	17	18	19	27	349	#
1463	366457	3	11	17	18	19	349	#
1464	310615	11	18	19	27	35	349	#
1465	283553	0	1	9	17	18	349	#
1466	255513	10	11	18	19	27	349	#
1467	258475	40	41	48	49	56	350	#
1468	328380	48	49	56	57	66	350	#
1469	319333	24	32	40	48	56	350	#
1470	309111	32	40	48	49	56	350	#
1471	589753	19	26	27	28	35	36	44	52	351	#
1472	659704	27	35	36	41	42	43	44	49	351	#
1473	573453	5	6	12	20	44	52	59	60	351	#
1474	548912	20	21	28	29	35	36	43	44	351	#
1475	477898	20	27	28	35	36	37	44	52	351	#
1476	464038	14	25	26	27	33	34	35	42	351	#
1477	936371	23	29	30	31	37	38	40	41	43	44	45	48	352	#
1478	948826	17	24	25	26	32	33	34	40	41	42	48	49	352	#
1479	927450	17	25	26	32	33	40	41	42	48	49	50	56	352	#
1480	920521	23	24	29	30	31	35	37	38	43	44	45	46	352	#
1481	907486	23	29	30	31	37	38	39	44	45	46	47	54	352	#
1482	896946	32	34	35	40	41	42	43	48	49	50	57	58	352	#
1483	404127	50	51	57	58	59	60	353	#
1484	493452	52	53	59	60	61	62	353	#
1485	460123	32	33	41	42	49	50	353	#
1486	441673	44	52	53	59	60	61	353	#
1487	417301	33	34	42	50	57	58	353	#
1488	357038	41	42	50	51	58	59	353	#
1489	871417	8	9	10	11	16	17	18	19	24	25	26	33	41	42	354	#
1490	1068904	2	3	10	11	16	17	24	25	26	32	33	34	35	41	354	#
1491	1061047	17	18	19	25	26	27	33	41	42	48	49	50	57	60	354	#
1492	1005378	0	8	17	25	26	27	32	33	34	40	41	48	49	50	354	#
1493	976593	10	11	16	17	18	24	25	26	32	33	34	41	49	64	354	#
1494	962680	0	2	3	8	9	10	11	17	25	26	27	28	35	36	354	#
1495	307735	29	36	37	44	355	#
1496	395902	36	43	44	52	355	#
1497	224205	21	29	36	37	355	#
1498	219522	35	36	37	44	355	#
1499	66311	15	#
