%% File generated by CATS v.2.1Mon Aug 19 18:50:59 2019

%% The CATS webpage is http://robotics.stanford.edu/CATS

%% PARAMETER SETTINGS:
% Goods: 10; Bids: 400; Distribution: regions-upv; Runs: 10; Seed: 1566246882
% Regions Distribution Parameters:
% Max Substitutable Bids = 5
% Removing HV Neighbor   = 0.1
% Adding DIAG Neighbor   = 0.2
% Additional Location    = 0.9
% Jump Probability       = 0.05
% Additivity             = 0.2
% Budget Factor          = 1.5
% Resale Factor          = 0.5
% Uniform Private Value:
%   Deviation            = 0.5
%   Max Good Value       = 100



goods 10
bids 402
dummy 148

0	645697	0	1	2	3	4	5	6	7	8	#
1	575068	0	1	2	3	4	5	7	8	10	#
2	532590	0	2	3	4	5	6	7	8	10	#
3	480228	0	1	3	4	5	6	7	8	10	#
4	70025	0	#
5	41300	3	#
6	457809	0	1	2	3	4	6	7	11	#
7	563712	0	1	2	3	4	5	7	11	#
8	515846	0	1	2	3	4	5	8	11	#
9	460564	0	1	2	3	4	5	6	11	#
10	446858	0	3	4	5	6	7	8	11	#
11	437843	1	2	5	7	8	12	#
12	416006	3	4	5	7	8	12	#
13	411556	2	4	5	7	8	12	#
14	345735	1	2	5	8	#
15	90571	6	#
16	106982	0	3	6	78	#
17	309811	0	1	2	5	13	#
18	248252	0	1	2	3	13	#
19	228740	4	5	7	8	13	#
20	495039	0	1	2	4	5	6	7	8	9	#
21	115931	7	#
22	145811	1	5	#
23	116547	5	#
24	58140	9	#
25	259164	0	1	2	3	4	5	7	42	#
26	147530	3	4	6	78	#
27	186929	3	4	6	7	16	#
28	124561	0	3	6	9	16	#
29	228040	0	1	2	3	4	5	6	7	17	#
30	317117	0	1	3	4	5	6	7	8	17	#
31	390168	0	3	4	5	6	7	8	9	76	#
32	628151	0	1	2	3	4	5	7	8	18	#
33	582865	0	2	3	4	5	6	7	8	18	#
34	566662	1	2	3	4	5	6	7	8	18	#
35	338568	0	1	2	3	5	19	#
36	329592	1	2	3	5	6	19	#
37	479119	0	1	2	3	4	5	6	8	76	#
38	295145	2	3	5	6	8	19	#
39	208659	0	1	3	4	6	19	#
40	425620	0	1	3	5	6	7	8	20	#
41	410977	0	1	2	3	5	7	8	20	#
42	398833	0	1	2	3	5	6	8	20	#
43	517924	0	1	2	3	4	5	7	8	108	#
44	360166	1	2	5	8	21	#
45	323614	3	4	7	8	21	#
46	263454	0	1	2	5	21	#
47	251393	0	1	3	6	21	#
48	452864	0	1	2	3	4	5	6	8	22	#
49	477647	0	1	2	3	4	5	6	7	22	#
50	441605	0	1	2	3	4	5	7	8	22	#
51	417476	0	1	2	3	4	5	8	9	22	#
52	415053	0	1	2	3	4	6	7	8	22	#
53	393779	1	2	3	4	5	7	8	23	#
54	369897	1	2	3	4	5	6	7	23	#
55	360025	0	1	2	3	4	5	7	23	#
56	335302	0	1	3	4	5	6	7	23	#
57	540226	0	1	2	3	4	5	7	8	76	#
58	264969	0	1	2	3	4	5	6	23	#
59	145782	2	5	24	#
60	209705	5	8	24	#
61	186062	1	2	#
62	426422	1	2	4	5	7	8	25	#
63	468934	0	1	2	5	7	8	25	#
64	416461	0	1	2	4	5	8	25	#
65	412387	0	1	2	5	6	8	25	#
66	271012	0	1	3	4	5	6	25	#
67	407272	0	1	2	5	8	26	#
68	469309	0	1	5	7	8	26	#
69	350837	0	1	2	5	6	26	#
70	363960	0	1	2	5	8	27	#
71	321999	0	1	2	3	4	27	#
72	320946	0	1	2	3	5	27	#
73	305762	3	4	5	7	8	27	#
74	230230	3	4	7	8	28	#
75	177853	3	4	6	7	28	#
76	172331	4	7	#
77	167254	0	1	#
78	536997	0	1	2	3	4	5	6	7	9	#
79	156123	0	3	30	#
80	147861	3	4	30	#
81	235924	0	1	2	3	4	43	#
82	562921	0	1	2	3	4	5	7	8	9	#
83	202252	0	3	4	7	8	53	#
84	248682	0	1	2	3	6	43	#
85	429106	1	2	3	4	5	7	8	9	89	#
86	571933	1	2	3	4	5	6	7	8	108	#
87	215660	1	2	34	#
88	163045	2	5	34	#
89	467940	1	2	3	4	5	7	8	35	#
90	455287	1	3	4	5	6	7	8	35	#
91	419912	0	1	3	4	5	7	8	35	#
92	417977	0	1	3	4	6	7	8	35	#
93	416511	0	1	2	3	5	7	8	35	#
94	412530	0	1	2	3	4	5	8	35	#
95	321156	5	7	8	36	#
96	255438	0	1	5	36	#
97	254499	4	7	8	36	#
98	254369	2	5	8	36	#
99	256618	1	2	5	37	#
100	231395	2	5	8	37	#
101	376320	3	4	5	6	7	8	9	38	#
102	494620	0	1	2	3	5	7	8	38	#
103	463587	0	1	2	3	5	8	9	38	#
104	417256	0	1	2	3	4	5	8	38	#
105	409646	0	1	2	3	4	5	6	38	#
106	360561	0	3	4	5	6	7	8	38	#
107	195773	0	1	3	4	6	43	#
108	512975	2	3	4	5	6	7	8	9	108	#
109	494955	0	1	2	3	4	5	6	8	9	#
110	257915	0	1	2	3	4	5	6	42	#
111	220044	0	1	2	3	5	53	#
112	417950	1	2	3	4	5	6	54	#
113	135329	1	#
114	202623	3	4	5	7	8	131	#
115	249997	3	4	6	7	8	41	#
116	242748	0	1	2	3	5	41	#
117	212450	0	1	3	4	6	41	#
118	70247	3	4	#
119	290751	0	1	2	3	4	6	7	42	#
120	499046	0	1	2	3	4	5	6	7	76	#
121	290922	0	1	3	4	6	7	8	42	#
122	265178	0	3	4	5	6	7	8	42	#
123	242534	1	4	5	7	8	131	#
124	98603	0	3	6	#
125	269529	3	4	5	6	7	8	75	#
126	492779	1	2	4	5	7	8	9	46	#
127	535206	1	2	3	4	5	6	8	46	#
128	498043	1	2	3	4	5	7	8	46	#
129	443842	0	1	2	5	7	8	9	46	#
130	442203	0	1	2	3	4	5	8	46	#
131	408599	0	3	4	5	6	7	8	46	#
132	283993	0	3	4	7	8	58	#
133	489180	0	1	2	3	4	5	6	8	85	#
134	193603	0	1	62	#
135	445073	0	1	2	5	7	8	49	#
136	474153	0	1	2	3	5	6	49	#
137	433613	0	1	3	4	6	7	49	#
138	402079	0	1	2	3	4	5	49	#
139	383120	0	3	4	6	7	8	49	#
140	380552	0	1	2	3	4	7	49	#
141	740419	0	1	2	3	4	5	6	7	8	9	#
142	314850	1	7	8	50	#
143	286554	5	7	8	50	#
144	222222	4	7	8	50	#
145	175492	1	5	9	50	#
146	509974	0	1	3	4	5	6	7	51	#
147	549797	1	3	4	5	6	7	8	51	#
148	547655	1	2	3	4	5	7	8	51	#
149	507832	0	1	2	3	4	5	7	51	#
150	497708	0	1	2	4	5	7	8	51	#
151	467045	0	1	2	3	5	6	8	51	#
152	382210	0	2	3	4	5	7	8	129	#
153	248496	0	1	3	4	6	53	#
154	281494	0	1	3	5	6	53	#
155	369606	3	4	5	6	7	8	54	#
156	451827	1	2	4	5	7	8	54	#
157	424492	2	3	4	5	7	8	54	#
158	334612	0	1	3	4	6	7	8	56	#
159	384847	0	1	2	3	5	6	8	56	#
160	352421	0	1	2	3	4	6	7	56	#
161	320263	0	3	4	5	6	7	8	56	#
162	241989	0	1	2	3	4	5	9	56	#
163	344870	0	1	2	3	4	6	7	129	#
164	304759	2	4	5	7	8	58	#
165	310997	1	4	5	7	8	58	#
166	499464	3	4	5	6	7	8	59	#
167	576661	0	1	2	5	7	8	59	#
168	574965	1	2	4	5	7	8	59	#
169	522692	0	3	4	5	7	8	59	#
170	473469	0	1	2	3	4	5	59	#
171	462665	0	3	4	6	7	8	59	#
172	548112	0	1	2	3	4	7	8	9	60	#
173	651731	0	1	3	4	5	6	7	8	60	#
174	619887	0	2	3	4	5	6	7	8	60	#
175	601175	1	2	3	4	5	6	7	8	60	#
176	596547	0	1	2	3	4	5	7	8	60	#
177	544032	1	2	3	4	5	7	8	9	60	#
178	193494	0	3	6	105	#
179	206503	1	2	62	#
180	271008	0	1	2	3	63	#
181	331247	0	1	2	7	63	#
182	262067	0	1	3	4	64	#
183	323002	0	1	2	3	64	#
184	218800	3	4	6	7	64	#
185	153551	7	8	#
186	359170	0	1	3	4	6	7	8	9	66	#
187	364719	0	1	3	4	5	6	7	8	66	#
188	342406	0	2	3	4	5	6	7	8	66	#
189	197887	0	1	2	3	69	#
190	243853	0	1	2	5	69	#
191	209902	0	1	5	#
192	170993	0	1	3	6	69	#
193	354105	0	1	2	3	5	8	75	#
194	376964	0	1	2	3	5	6	7	8	70	#
195	391422	1	2	4	5	7	8	75	#
196	316956	0	1	3	4	5	6	7	8	70	#
197	296257	0	1	2	3	4	6	7	8	70	#
198	288258	0	1	3	4	5	6	7	9	70	#
199	190959	0	1	2	71	#
200	274958	0	1	5	71	#
201	274171	2	5	8	71	#
202	90763	2	#
203	181969	2	5	8	72	#
204	210426	4	7	8	72	#
205	661044	0	1	3	4	5	6	7	8	73	#
206	608922	0	1	2	3	4	5	6	7	73	#
207	571510	0	1	2	3	4	5	6	8	73	#
208	166004	5	8	74	#
209	121002	4	8	74	#
210	276576	0	1	3	4	6	79	#
211	358397	0	1	3	5	6	79	#
212	324139	0	1	2	3	5	79	#
213	280158	0	3	4	6	7	79	#
214	396021	3	4	5	6	7	8	81	#
215	425200	0	1	2	5	7	8	81	#
216	411240	0	1	2	3	5	6	81	#
217	402946	1	2	4	5	7	8	81	#
218	352353	0	3	4	6	7	8	81	#
219	345318	0	1	2	3	4	6	81	#
220	151660	5	8	82	#
221	155213	7	8	82	#
222	221113	0	1	5	83	#
223	221376	1	2	5	83	#
224	307345	0	1	2	3	5	150	#
225	517469	0	1	3	4	5	6	7	8	108	#
226	448574	0	1	2	4	5	7	8	9	85	#
227	538655	0	1	2	3	4	6	7	8	85	#
228	532295	0	1	3	4	5	6	7	8	85	#
229	519804	0	1	2	3	5	6	7	8	85	#
230	512528	0	1	2	3	4	5	7	8	85	#
231	246665	2	5	8	9	86	#
232	319389	2	4	5	7	8	150	#
233	264868	1	2	5	8	86	#
234	230779	4	7	8	9	86	#
235	269046	1	2	5	7	8	131	#
236	172819	1	5	87	#
237	182254	2	5	87	#
238	346314	0	1	2	5	8	150	#
239	63510	4	#
240	587820	0	1	2	3	5	6	7	8	9	#
241	378380	0	1	2	3	4	5	7	9	89	#
242	473994	0	1	2	3	4	5	7	8	89	#
243	430405	0	2	3	4	5	6	7	8	89	#
244	300230	0	1	2	3	4	6	7	8	90	#
245	307653	0	1	3	4	5	6	7	8	90	#
246	106036	0	3	6	94	#
247	108020	3	4	6	94	#
248	99731	0	3	4	94	#
249	141155	7	9	#
250	104651	0	3	96	#
251	140881	3	6	96	#
252	66639	3	9	#
253	523287	0	1	3	4	5	6	7	8	9	#
254	365930	0	1	2	3	4	5	6	129	#
255	692160	0	1	2	3	4	5	6	7	8	99	#
256	607206	0	1	2	3	4	5	6	7	9	99	#
257	336018	0	3	4	7	8	100	#
258	411858	0	1	3	5	8	100	#
259	408621	0	1	2	5	8	100	#
260	301306	0	1	3	4	6	100	#
261	313486	0	1	5	8	101	#
262	380715	1	5	7	8	101	#
263	205999	3	4	6	7	102	#
264	218059	3	4	5	6	102	#
265	231017	3	4	6	7	8	131	#
266	387086	0	1	3	4	5	7	8	129	#
267	683468	1	2	3	4	5	6	7	8	9	#
268	214903	0	3	4	105	#
269	268868	3	4	7	105	#
270	322640	3	4	6	7	8	106	#
271	323122	2	4	5	7	8	106	#
272	214317	3	4	6	7	9	106	#
273	518188	1	2	3	4	5	7	8	9	108	#
274	171613	0	3	4	6	110	#
275	245909	0	1	3	4	110	#
276	385490	0	1	2	3	4	5	6	111	#
277	438002	0	1	2	3	4	5	8	111	#
278	431511	0	1	2	3	5	7	8	111	#
279	426633	0	1	3	4	5	7	8	111	#
280	426480	0	1	2	3	4	5	7	111	#
281	390521	0	1	2	3	5	6	8	111	#
282	421844	2	3	4	5	6	7	8	112	#
283	442146	1	2	3	4	5	7	8	112	#
284	390375	1	3	4	5	6	7	8	112	#
285	119578	6	9	113	#
286	127069	3	6	113	#
287	111065	8	9	113	#
288	346060	1	4	5	7	8	114	#
289	358162	1	2	5	7	8	114	#
290	301740	2	4	5	7	8	114	#
291	270628	0	3	4	7	8	114	#
292	267955	3	4	6	7	8	114	#
293	338671	0	3	4	6	7	8	9	115	#
294	504838	1	3	4	5	6	7	8	115	#
295	492350	0	1	2	3	5	7	8	115	#
296	454996	0	1	2	3	4	7	8	115	#
297	419827	3	4	5	6	7	8	9	115	#
298	397403	0	1	3	4	5	8	9	115	#
299	423411	0	1	2	3	4	6	7	8	116	#
300	473057	0	1	2	3	5	6	7	8	116	#
301	405940	0	1	2	3	4	5	6	7	116	#
302	401980	0	2	3	4	5	6	7	8	116	#
303	339906	0	1	2	3	4	5	6	8	116	#
304	327161	0	1	2	3	5	6	117	#
305	346759	0	1	2	5	7	8	117	#
306	289137	0	1	2	3	5	8	117	#
307	365892	1	2	5	7	8	150	#
308	191973	1	2	118	#
309	94077	0	3	118	#
310	447533	0	1	2	3	4	6	7	8	9	#
311	302580	1	5	7	8	#
312	240392	0	1	2	141	#
313	479541	0	1	3	4	5	6	7	8	123	#
314	505940	1	2	3	4	5	6	7	8	123	#
315	505846	0	1	2	3	4	5	7	8	123	#
316	495639	0	1	2	3	4	6	7	8	123	#
317	472122	0	1	2	3	4	5	6	7	123	#
318	431684	0	2	3	4	5	6	7	8	123	#
319	91502	0	3	#
320	341901	0	1	5	7	8	150	#
321	275235	0	1	3	4	7	8	125	#
322	324681	1	2	4	5	7	8	125	#
323	243156	0	1	3	4	6	7	125	#
324	585588	0	2	3	4	5	6	7	8	9	#
325	420719	0	1	3	4	5	6	7	129	#
326	415842	0	2	3	4	5	6	7	129	#
327	293257	0	1	5	8	132	#
328	288487	0	1	2	5	132	#
329	271366	1	2	5	7	132	#
330	207813	0	1	3	4	132	#
331	108883	3	4	7	8	132	#
332	492149	0	1	2	5	7	8	133	#
333	503505	0	1	2	5	6	8	133	#
334	477940	1	2	5	6	7	8	133	#
335	453453	1	2	4	5	7	8	133	#
336	349566	0	1	2	3	5	9	133	#
337	511734	0	1	3	5	7	8	135	#
338	516402	0	1	5	6	7	8	135	#
339	515302	0	1	2	5	7	8	135	#
340	480632	0	1	4	5	7	8	135	#
341	462100	0	1	2	3	5	8	135	#
342	381360	0	1	2	3	5	6	135	#
343	257755	0	1	3	6	136	#
344	322079	0	1	3	5	136	#
345	417032	1	2	5	7	8	9	137	#
346	492567	0	1	3	5	7	8	137	#
347	439914	0	1	2	3	5	8	137	#
348	382069	0	1	3	6	7	9	137	#
349	343637	0	3	4	5	7	8	137	#
350	314671	0	1	3	4	6	7	137	#
351	449873	0	1	2	3	4	5	6	8	139	#
352	467047	0	1	3	4	5	6	7	8	139	#
353	427708	0	2	3	4	5	6	7	8	139	#
354	418639	0	1	2	3	4	5	7	8	139	#
355	408342	0	3	4	5	6	7	8	9	139	#
356	183410	3	4	6	7	140	#
357	268198	4	5	7	8	140	#
358	209260	2	3	5	6	140	#
359	116291	0	3	4	6	140	#
360	59493	8	#
361	303499	1	2	5	141	#
362	521831	0	1	2	3	4	5	6	8	9	142	#
363	524211	0	2	3	4	5	6	7	8	9	142	#
364	271666	1	2	5	143	#
365	267198	0	1	5	143	#
366	386054	0	2	3	4	5	6	7	8	144	#
367	410044	0	1	3	4	5	6	7	8	144	#
368	539588	0	1	2	4	5	7	8	145	#
369	581940	0	1	2	5	6	7	8	145	#
370	531897	0	1	2	3	5	6	8	145	#
371	497141	0	1	2	3	5	7	8	145	#
372	478265	0	1	2	5	7	8	9	145	#
373	455396	0	1	3	4	5	6	7	145	#
374	375544	0	1	2	3	4	5	6	7	147	#
375	435966	0	1	2	3	5	6	7	8	147	#
376	384127	0	1	2	3	4	5	7	8	147	#
377	378338	0	1	3	4	5	6	7	8	147	#
378	374656	0	1	2	3	5	6	8	9	147	#
379	174336	2	5	149	#
380	189604	1	5	149	#
381	143178	1	2	149	#
382	233146	4	5	7	8	151	#
383	191661	3	4	7	8	151	#
384	148489	1	5	152	#
385	193945	1	2	152	#
386	119671	5	8	152	#
387	219442	0	1	3	4	6	153	#
388	266784	1	2	3	4	6	153	#
389	244221	3	4	6	7	8	153	#
390	219216	0	1	2	3	4	153	#
391	196946	0	3	4	6	9	153	#
392	548233	0	1	2	3	4	5	6	7	154	#
393	562988	0	1	2	3	5	6	7	8	154	#
394	560261	0	1	3	4	5	6	7	8	154	#
395	550624	0	1	2	3	4	5	6	8	154	#
396	510174	0	1	2	3	4	5	7	8	154	#
397	182277	1	5	155	#
398	133907	5	8	155	#
399	153186	1	5	157	#
400	169114	2	5	157	#
401	119797	0	1	157	#
