%% File generated by CATS v.2.1Mon Aug 19 18:19:16 2019

%% The CATS webpage is http://robotics.stanford.edu/CATS

%% PARAMETER SETTINGS:
% Goods: 10; Bids: 400; Distribution: regions-npv; Runs: 10; Seed: 1566241131
% Regions Distribution Parameters:
% Max Substitutable Bids = 5
% Removing HV Neighbor   = 0.1
% Adding DIAG Neighbor   = 0.2
% Additional Location    = 0.9
% Jump Probability       = 0.05
% Additivity             = 0.2
% Budget Factor          = 1.5
% Resale Factor          = 0.5
% Normal Private Value:
%   Mean                 = 0
%   Standard Deviation   = 30



goods 10
bids 403
dummy 194

0	415845	0	1	2	3	4	6	7	9	10	#
1	499391	0	1	2	3	4	6	7	8	10	#
2	425548	0	1	2	3	4	5	8	9	10	#
3	373186	0	1	2	3	4	5	6	7	10	#
4	504819	0	1	2	3	4	5	6	8	#
5	212204	1	2	3	4	5	7	104	#
6	190953	3	4	6	120	#
7	252493	0	1	3	4	6	7	#
8	233212	4	5	8	#
9	160216	0	3	4	6	7	#
10	244551	1	2	4	53	#
11	245102	1	4	5	8	15	#
12	274717	1	2	5	8	15	#
13	270227	2	5	6	8	15	#
14	144694	1	#
15	330225	1	3	4	5	6	7	8	66	#
16	698246	0	1	2	3	4	5	6	7	8	#
17	103169	9	#
18	186682	5	8	16	#
19	225014	2	5	16	#
20	293084	1	2	3	4	5	6	7	118	#
21	138939	3	4	5	6	7	#
22	20879	3	#
23	126615	6	#
24	548265	1	2	3	4	5	6	7	8	9	#
25	156763	0	3	4	6	19	#
26	227413	1	3	4	7	19	#
27	207527	0	3	6	7	19	#
28	154258	5	8	#
29	599870	0	1	2	3	4	5	6	8	9	#
30	115348	2	#
31	65528	4	#
32	164603	1	4	7	114	#
33	199671	1	2	4	7	#
34	369330	0	1	2	3	4	5	6	7	23	#
35	439982	0	1	2	3	4	5	6	8	23	#
36	385040	0	2	3	4	5	6	7	8	23	#
37	384504	1	2	3	4	5	6	7	8	23	#
38	360317	0	1	2	3	4	5	7	8	23	#
39	332551	1	2	4	5	8	24	#
40	253546	1	2	3	4	6	24	#
41	217771	1	2	3	4	5	24	#
42	324018	0	1	3	4	5	6	7	118	#
43	333307	0	1	3	4	5	7	8	25	#
44	361890	1	2	3	4	5	7	8	25	#
45	356086	2	3	4	5	6	7	8	25	#
46	319601	0	1	2	3	4	6	7	25	#
47	316673	1	2	3	4	5	6	7	25	#
48	288091	0	1	3	4	5	6	7	25	#
49	116146	0	#
50	394717	0	1	2	3	4	5	7	8	27	#
51	514928	0	1	2	3	4	5	6	8	27	#
52	461217	1	2	3	4	5	6	7	8	27	#
53	430956	0	1	2	3	4	5	6	7	27	#
54	11695	7	#
55	259774	1	2	4	5	6	7	104	#
56	166153	1	3	4	114	#
57	248288	1	2	4	5	8	#
58	342380	1	2	4	5	6	7	8	118	#
59	382231	0	1	2	3	4	5	6	7	61	#
60	179916	2	5	#
61	375861	0	1	2	3	4	5	6	118	#
62	307462	1	2	3	4	5	7	8	118	#
63	326619	0	1	2	3	4	5	6	8	30	#
64	259883	0	1	2	3	4	5	7	8	30	#
65	157840	3	4	6	112	#
66	327402	1	2	3	4	5	7	8	178	#
67	251977	1	3	4	6	31	#
68	215075	3	4	5	6	31	#
69	281329	0	1	2	3	4	5	7	79	#
70	155167	1	3	4	7	31	#
71	369708	0	1	2	3	4	5	6	7	130	#
72	567296	0	1	2	3	4	5	7	8	9	128	#
73	320983	1	2	3	4	5	8	33	#
74	358742	1	2	4	5	8	9	33	#
75	226332	1	2	3	4	5	7	33	#
76	121282	0	4	5	35	#
77	262952	1	2	3	4	5	6	7	156	#
78	134683	2	4	5	35	#
79	264497	0	1	2	3	4	5	7	156	#
80	283492	0	1	2	3	4	6	7	156	#
81	152091	1	3	4	#
82	65765	3	4	#
83	209349	1	2	9	37	#
84	109167	3	4	7	112	#
85	208908	1	2	4	37	#
86	117005	2	5	9	37	#
87	536831	0	1	3	4	5	6	7	8	9	#
88	204994	1	4	7	53	#
89	308700	0	1	2	4	5	41	#
90	292438	1	3	4	6	7	41	#
91	289135	1	2	3	4	5	41	#
92	242982	0	3	4	6	7	41	#
93	137361	2	3	6	#
94	354341	0	1	2	3	4	5	8	66	#
95	220193	1	2	4	5	7	8	159	#
96	261520	0	1	3	4	6	7	159	#
97	228616	1	4	6	7	#
98	193268	0	3	4	5	6	7	157	#
99	65525	5	#
100	419011	0	1	2	3	4	6	7	8	9	#
101	150931	4	6	7	146	#
102	403833	0	1	2	3	4	5	6	66	#
103	262699	0	1	2	3	4	7	47	#
104	273853	1	2	3	4	5	6	47	#
105	406362	1	2	4	5	6	7	8	79	#
106	215910	1	2	4	5	#
107	106039	2	5	117	#
108	389344	1	2	3	4	5	6	7	8	49	#
109	341904	0	1	2	3	4	5	6	7	49	#
110	275312	0	2	3	4	5	7	8	9	49	#
111	123826	1	4	117	#
112	240603	2	5	8	#
113	150403	0	3	4	6	51	#
114	210753	0	3	6	7	51	#
115	172415	3	4	6	7	51	#
116	172222	1	3	4	7	51	#
117	425053	1	2	3	4	5	6	8	66	#
118	172645	0	1	3	4	5	#
119	412559	0	1	2	3	4	5	7	8	130	#
120	268548	0	1	3	4	5	8	104	#
121	194087	1	2	117	#
122	190878	0	3	4	5	6	59	#
123	267650	1	2	4	5	8	59	#
124	166543	0	3	4	5	6	7	159	#
125	442078	1	2	3	4	5	6	7	8	61	#
126	562852	1	2	4	5	6	7	8	9	61	#
127	492581	0	1	2	3	4	6	7	8	61	#
128	454216	0	2	3	4	5	6	7	8	61	#
129	448441	0	1	3	4	5	6	7	8	61	#
130	304067	1	2	3	4	5	6	7	66	#
131	429991	0	1	3	4	5	6	8	66	#
132	253852	1	2	4	5	8	70	#
133	247329	1	2	3	4	6	70	#
134	305963	2	3	4	5	6	7	8	72	#
135	400652	1	2	3	4	5	6	8	72	#
136	349830	1	2	4	5	6	7	8	72	#
137	329715	1	2	3	4	5	7	8	72	#
138	314460	0	1	2	3	4	6	7	72	#
139	312552	0	1	2	4	5	7	8	72	#
140	343389	0	1	3	4	5	7	9	73	#
141	427005	1	2	4	5	7	8	9	73	#
142	390903	2	4	5	6	7	8	9	73	#
143	373362	0	1	2	3	4	5	8	73	#
144	370578	0	1	2	3	4	7	9	73	#
145	338874	0	3	4	5	6	7	8	73	#
146	177670	1	3	4	5	6	#
147	229169	1	2	4	8	116	#
148	190797	1	2	9	75	#
149	169775	6	7	9	75	#
150	74435	1	4	7	75	#
151	330689	1	2	4	5	8	77	#
152	226704	1	2	4	5	7	77	#
153	274988	1	2	4	5	7	8	78	#
154	286452	0	1	2	3	4	5	78	#
155	275557	1	2	3	4	5	8	78	#
156	253954	0	2	3	4	5	8	78	#
157	248471	2	4	5	6	7	8	78	#
158	178732	2	3	4	5	6	7	78	#
159	406211	0	1	2	3	4	5	6	79	#
160	444477	1	2	3	4	5	6	8	79	#
161	570662	1	2	3	4	5	6	8	81	#
162	524771	1	2	3	4	5	7	8	81	#
163	490305	0	3	4	5	6	7	8	81	#
164	470358	0	2	3	4	5	6	7	81	#
165	291699	0	1	3	4	5	6	7	84	#
166	416125	0	1	2	3	4	5	8	84	#
167	399703	2	3	4	5	6	7	8	84	#
168	398098	1	2	4	5	6	7	9	84	#
169	359646	0	1	2	3	4	6	7	84	#
170	319865	0	2	3	4	5	6	7	84	#
171	585418	0	1	3	4	5	6	7	8	9	128	#
172	237027	1	2	3	4	5	7	8	185	#
173	216486	0	1	3	4	86	#
174	200203	1	2	4	7	86	#
175	209247	1	2	5	7	116	#
176	431882	0	1	3	4	5	6	7	8	130	#
177	270599	1	2	4	5	6	7	8	88	#
178	258855	0	3	4	5	6	7	8	88	#
179	252681	0	1	3	4	5	6	7	88	#
180	245653	0	1	2	3	4	5	7	88	#
181	227202	0	2	3	4	5	6	7	88	#
182	307907	0	2	3	4	5	6	7	8	115	#
183	245766	1	2	3	4	5	89	#
184	294727	1	4	5	7	8	89	#
185	235889	1	2	3	4	7	89	#
186	214035	0	1	3	4	6	89	#
187	247601	2	3	4	5	7	8	9	168	#
188	339959	1	2	4	5	7	8	90	#
189	442160	2	4	5	6	7	8	90	#
190	436886	1	2	4	6	7	9	90	#
191	340998	0	2	3	4	5	8	90	#
192	289532	1	2	3	4	5	9	90	#
193	229861	0	3	4	5	6	7	90	#
194	318760	0	1	2	3	4	5	8	9	115	#
195	154754	2	5	6	7	91	#
196	53309	1	3	4	7	91	#
197	314380	0	2	3	4	5	6	7	8	9	#
198	176431	3	6	7	120	#
199	279307	1	2	3	4	5	7	8	94	#
200	328223	1	2	3	4	5	6	8	94	#
201	271035	0	1	2	3	4	6	7	94	#
202	352875	1	2	3	4	5	6	7	178	#
203	126345	4	5	7	112	#
204	177466	0	2	3	4	5	6	7	94	#
205	243021	0	3	4	5	7	8	157	#
206	175570	1	2	#
207	248110	0	2	3	4	6	7	157	#
208	292305	1	3	4	5	6	7	157	#
209	324155	1	2	3	4	5	8	157	#
210	363153	1	2	4	5	8	99	#
211	272182	1	2	4	5	7	99	#
212	256404	2	4	5	7	8	99	#
213	329686	1	2	3	4	5	6	7	8	115	#
214	179553	3	4	5	6	7	8	159	#
215	361495	0	1	2	3	4	5	6	7	115	#
216	251582	1	2	3	4	5	6	7	185	#
217	277034	1	2	3	4	5	8	104	#
218	446729	1	2	4	5	6	7	8	108	#
219	398259	0	1	2	3	4	5	8	108	#
220	341025	0	1	2	3	4	6	7	108	#
221	334871	1	2	3	4	5	8	9	108	#
222	307626	1	2	3	4	5	7	8	108	#
223	295483	2	3	4	5	6	7	8	108	#
224	470371	0	1	3	4	5	6	7	109	#
225	573634	1	2	3	4	5	6	8	109	#
226	498223	1	2	3	4	5	6	7	109	#
227	447613	0	2	3	4	5	6	7	109	#
228	436646	0	1	2	3	4	5	7	109	#
229	397051	0	3	4	5	6	7	9	109	#
230	344445	0	1	2	3	4	6	7	9	115	#
231	324687	1	2	4	5	8	110	#
232	182167	1	2	4	5	9	110	#
233	291724	1	4	5	6	7	8	124	#
234	229677	1	2	3	4	5	8	124	#
235	373599	0	1	2	3	4	6	7	178	#
236	196338	1	3	4	5	6	7	124	#
237	188673	1	3	4	6	7	9	124	#
238	157984	2	3	4	5	7	8	124	#
239	97164	8	#
240	334232	1	2	3	4	5	8	125	#
241	328647	1	2	4	5	7	8	125	#
242	217349	0	2	3	4	6	7	125	#
243	204670	1	3	4	5	6	7	125	#
244	205506	3	5	6	7	8	126	#
245	283704	1	2	4	5	8	126	#
246	282453	0	1	2	3	4	126	#
247	247726	1	2	4	5	7	126	#
248	219808	2	3	4	5	8	126	#
249	169511	3	4	5	6	7	126	#
250	134198	3	4	6	7	127	#
251	99047	1	3	4	7	127	#
252	277856	0	1	3	4	5	6	7	156	#
253	455794	1	2	3	4	5	6	7	8	130	#
254	264686	1	2	3	4	5	6	7	8	133	#
255	283258	0	2	3	4	5	6	7	8	133	#
256	283000	0	1	2	3	4	5	6	7	133	#
257	257283	0	2	3	4	5	6	7	9	133	#
258	224503	1	2	3	4	5	7	8	9	133	#
259	298396	1	2	4	135	#
260	304047	1	2	5	135	#
261	226575	1	4	5	135	#
262	187817	1	4	7	135	#
263	265603	0	1	2	3	4	5	139	#
264	248454	1	2	4	5	7	8	139	#
265	241863	1	2	3	4	5	8	139	#
266	229480	0	1	3	4	5	7	139	#
267	210070	1	2	4	5	6	7	139	#
268	189295	0	3	4	5	6	7	139	#
269	352117	0	1	2	3	4	5	6	7	140	#
270	503535	1	2	3	4	5	6	7	8	140	#
271	432066	1	3	4	5	6	7	8	9	140	#
272	396663	0	1	3	4	5	6	7	8	140	#
273	403629	0	1	2	3	4	6	7	141	#
274	486366	1	2	4	5	6	7	8	141	#
275	385444	0	1	2	3	4	5	6	141	#
276	371784	0	1	3	4	5	6	7	141	#
277	369259	0	2	3	4	5	6	7	141	#
278	366089	0	3	4	5	6	7	8	141	#
279	247742	0	3	6	142	#
280	145694	3	6	7	142	#
281	488832	0	1	2	3	4	5	7	8	9	#
282	112513	4	5	7	146	#
283	234190	0	1	3	4	5	6	#
284	180299	0	3	4	6	150	#
285	239394	1	2	3	4	150	#
286	214003	1	3	4	6	150	#
287	332083	1	2	3	4	5	6	8	156	#
288	218957	0	3	4	5	6	7	151	#
289	312048	1	2	4	5	7	8	151	#
290	290430	1	3	4	5	7	8	151	#
291	259077	0	1	3	4	5	7	151	#
292	250311	3	4	5	6	7	8	151	#
293	257522	0	2	3	4	5	8	152	#
294	373434	1	2	4	5	7	8	152	#
295	324011	1	2	3	4	5	8	152	#
296	245955	2	3	4	5	7	8	152	#
297	289062	0	2	3	4	5	6	7	178	#
298	289605	1	2	4	5	153	#
299	333119	1	2	4	7	153	#
300	213756	1	3	4	7	153	#
301	175212	4	5	6	7	153	#
302	198659	0	2	3	4	5	6	159	#
303	252695	1	2	3	4	5	7	8	156	#
304	338198	3	4	5	6	7	8	157	#
305	163053	0	3	4	5	6	161	#
306	229307	1	2	4	5	7	161	#
307	206121	1	2	3	4	5	161	#
308	200344	0	3	4	6	7	161	#
309	285068	0	1	3	4	5	6	7	178	#
310	404414	1	2	3	4	5	7	8	9	175	#
311	253331	1	2	3	4	5	6	7	168	#
312	305898	1	2	3	4	5	6	7	163	#
313	422758	0	1	2	3	4	5	8	163	#
314	362031	1	3	4	5	6	7	8	163	#
315	243719	0	2	3	4	5	6	7	163	#
316	185811	1	2	164	#
317	126523	1	4	164	#
318	142565	0	3	4	#
319	415051	1	2	4	5	6	7	8	168	#
320	360621	1	2	3	4	5	6	8	168	#
321	320226	2	3	4	5	6	7	8	168	#
322	288034	1	2	3	4	5	7	8	168	#
323	345488	1	2	3	4	5	6	7	9	169	#
324	442410	0	1	3	4	5	6	7	8	169	#
325	426209	0	1	2	3	4	5	7	8	169	#
326	393851	0	1	2	3	4	5	6	7	169	#
327	385394	1	2	4	5	6	7	8	9	169	#
328	377846	1	2	3	4	5	7	8	9	169	#
329	299335	0	1	3	4	5	6	7	171	#
330	406571	1	2	4	5	6	7	8	171	#
331	380535	0	1	2	3	4	5	6	171	#
332	375094	1	3	4	5	6	7	8	171	#
333	353578	0	3	4	5	6	7	8	171	#
334	225436	1	2	3	4	5	6	172	#
335	241816	1	2	4	5	6	7	172	#
336	171209	3	6	7	173	#
337	138033	4	6	7	173	#
338	438089	0	1	2	3	4	5	7	8	175	#
339	521821	0	1	2	3	4	5	6	8	175	#
340	448312	1	2	3	4	5	6	7	8	175	#
341	442917	0	1	3	4	5	6	7	8	175	#
342	427008	0	1	2	3	4	5	6	7	175	#
343	283975	0	1	3	4	5	6	7	8	179	#
344	402863	1	2	3	4	5	6	8	9	179	#
345	394978	1	2	3	4	5	6	7	8	179	#
346	392478	0	1	2	3	4	5	6	8	179	#
347	335220	0	1	2	3	4	5	6	7	179	#
348	236113	0	3	4	5	6	7	8	9	179	#
349	356757	0	1	2	3	4	5	9	181	#
350	381613	0	1	2	3	4	7	9	181	#
351	380662	1	2	3	4	5	7	8	181	#
352	349456	0	1	2	3	4	5	7	181	#
353	306105	1	2	3	4	5	6	7	181	#
354	305280	2	3	4	5	6	7	8	181	#
355	373145	1	2	4	5	8	182	#
356	286823	1	2	4	5	7	182	#
357	235296	2	3	4	5	8	182	#
358	532205	0	1	2	3	4	5	6	7	9	#
359	357784	1	2	3	4	5	6	8	185	#
360	357462	0	1	2	3	4	6	9	185	#
361	312432	1	2	4	5	6	7	8	185	#
362	278128	0	1	2	3	4	6	7	185	#
363	252583	0	2	3	4	5	6	7	9	187	#
364	350626	1	2	3	4	5	6	7	8	187	#
365	320504	0	1	2	3	4	5	6	8	187	#
366	263979	0	2	3	4	5	6	7	8	187	#
367	252741	0	1	3	4	5	6	7	8	187	#
368	341542	1	2	5	8	189	#
369	275501	2	4	5	8	189	#
370	251133	1	2	4	7	189	#
371	99377	4	5	191	#
372	146689	5	8	191	#
373	324414	1	3	4	6	7	194	#
374	330234	1	3	4	5	6	194	#
375	299244	1	4	5	6	7	194	#
376	228993	3	4	5	6	7	194	#
377	266765	0	1	3	4	6	7	196	#
378	250129	0	3	4	6	7	8	196	#
379	207735	1	2	3	4	5	7	196	#
380	159629	0	2	3	4	5	7	196	#
381	158133	0	3	4	5	6	7	196	#
382	249508	0	1	2	3	4	5	197	#
383	253728	1	2	4	5	6	7	197	#
384	174753	3	4	5	6	7	198	#
385	240265	0	3	6	7	9	198	#
386	232733	1	2	3	4	5	198	#
387	231586	0	3	4	6	7	198	#
388	200534	1	2	5	200	#
389	213373	2	5	8	200	#
390	163263	1	2	4	200	#
391	254198	1	3	4	5	6	7	201	#
392	333898	1	2	3	4	6	7	201	#
393	286245	1	2	4	5	7	8	201	#
394	235363	1	2	3	4	5	7	201	#
395	226831	2	3	4	5	6	8	201	#
396	154389	0	3	4	5	6	7	201	#
397	340595	0	1	2	3	4	6	7	203	#
398	456436	0	1	3	4	5	6	8	203	#
399	455309	1	2	4	5	6	7	8	203	#
400	446057	0	1	2	3	4	5	9	203	#
401	422470	1	2	3	4	5	7	8	203	#
402	310230	0	2	3	4	5	6	7	203	#
