%% File generated by CATS v.2.1Mon Aug 19 18:51:08 2019

%% The CATS webpage is http://robotics.stanford.edu/CATS

%% PARAMETER SETTINGS:
% Goods: 15; Bids: 1200; Distribution: regions-upv; Runs: 10; Seed: 1566246899
% Regions Distribution Parameters:
% Max Substitutable Bids = 5
% Removing HV Neighbor   = 0.1
% Adding DIAG Neighbor   = 0.2
% Additional Location    = 0.9
% Jump Probability       = 0.05
% Additivity             = 0.2
% Budget Factor          = 1.5
% Resale Factor          = 0.5
% Uniform Private Value:
%   Deviation            = 0.5
%   Max Good Value       = 100



goods 15
bids 1200
dummy 555

0	489096	0	1	2	3	4	5	6	8	15	#
1	487610	0	1	2	3	4	5	6	13	15	#
2	473137	0	1	2	3	4	5	6	7	15	#
3	462155	0	1	3	4	5	6	7	8	15	#
4	424777	0	1	2	3	4	5	7	8	15	#
5	404979	0	1	2	4	5	6	7	8	15	#
6	95780	14	#
7	77331	13	#
8	697093	0	1	2	3	4	5	6	7	8	12	14	16	#
9	752957	0	1	2	3	4	5	6	7	8	11	14	16	#
10	719124	0	1	2	3	4	5	6	7	8	9	12	16	#
11	704535	0	1	2	3	4	5	6	7	8	11	13	16	#
12	690814	0	1	2	3	4	5	6	7	8	9	14	16	#
13	648672	0	1	2	3	4	5	6	7	8	12	13	16	#
14	147339	9	#
15	88978	5	#
16	121421	2	12	#
17	78416	1	#
18	371237	0	1	2	3	5	6	8	18	#
19	356141	0	2	3	5	6	7	8	18	#
20	355724	0	1	2	3	4	6	7	18	#
21	335440	0	1	2	4	5	7	8	18	#
22	305521	1	2	4	5	6	7	8	18	#
23	581889	0	1	2	3	4	5	6	7	8	#
24	84356	7	#
25	485266	0	1	3	4	5	6	7	8	9	306	#
26	450832	0	1	3	4	5	6	7	8	11	37	#
27	508118	0	1	2	3	4	5	6	8	10	#
28	315358	0	1	2	3	4	5	282	#
29	458310	0	1	3	4	5	6	7	8	9	37	#
30	561671	0	1	2	3	4	5	6	7	11	#
31	594475	0	1	2	3	4	5	7	8	11	526	#
32	249053	0	3	5	#
33	291972	0	3	6	#
34	637862	0	1	2	3	4	5	6	9	11	13	#
35	546951	0	1	3	4	5	6	7	8	9	23	#
36	534443	0	1	3	4	5	6	7	8	11	23	#
37	509828	0	1	2	3	4	5	8	11	13	23	#
38	578961	0	2	3	4	5	6	7	8	9	512	#
39	395773	0	1	2	4	5	6	7	8	14	23	#
40	495901	0	1	2	3	4	5	8	24	#
41	520718	0	1	2	3	4	5	6	24	#
42	492722	0	1	2	3	4	6	10	24	#
43	366569	0	1	2	4	5	7	8	24	#
44	454538	0	1	2	3	4	5	6	8	12	35	#
45	110582	0	#
46	130873	11	#
47	530859	0	1	2	3	4	5	6	8	14	35	#
48	161265	4	5	475	#
49	629466	0	1	2	3	4	5	6	7	8	9	#
50	340335	0	1	2	5	11	26	#
51	351689	0	1	2	3	5	26	#
52	340431	0	1	2	3	6	26	#
53	288504	0	1	2	5	7	26	#
54	274596	0	3	8	11	12	26	#
55	216963	0	3	#
56	236321	0	1	4	5	27	#
57	191248	1	3	4	5	27	#
58	354837	0	1	2	4	5	32	#
59	537710	0	1	2	3	5	6	7	8	#
60	361616	2	5	6	7	8	32	#
61	284099	1	2	4	5	8	32	#
62	630909	0	1	2	3	4	5	6	7	8	526	#
63	185074	0	1	12	31	#
64	210201	0	1	2	31	#
65	148865	1	2	12	31	#
66	643762	0	1	2	3	4	5	6	8	9	13	29	#
67	608667	0	1	2	3	4	5	6	8	10	13	29	#
68	119594	8	9	493	#
69	270490	2	4	5	7	8	11	284	#
70	462086	0	1	2	3	4	5	6	7	14	38	#
71	451760	0	1	2	3	4	5	6	7	11	38	#
72	258877	2	4	5	7	8	10	39	#
73	348835	2	4	5	6	7	8	39	#
74	315623	2	4	5	7	8	12	39	#
75	276555	3	6	7	#
76	395197	0	1	2	3	4	5	7	8	9	#
77	687795	0	1	2	3	4	5	6	7	8	13	14	41	#
78	741554	0	1	2	3	4	5	6	7	8	9	14	41	#
79	736402	0	1	2	3	4	5	6	7	8	9	12	41	#
80	718889	0	1	2	3	4	5	6	7	8	11	13	41	#
81	717824	0	1	2	3	4	5	6	7	8	10	13	41	#
82	707478	0	1	2	3	4	5	6	7	8	10	11	41	#
83	213742	9	13	42	#
84	214110	4	9	42	#
85	138862	4	13	42	#
86	355083	0	1	2	3	5	6	43	#
87	337111	0	1	3	4	5	6	43	#
88	326886	0	1	2	3	4	5	43	#
89	382786	0	1	3	6	7	9	506	#
90	291222	0	1	3	4	6	7	43	#
91	60659	10	#
92	333579	0	1	2	4	5	6	7	8	10	#
93	112402	12	#
94	295165	3	4	5	6	7	8	45	#
95	301431	3	5	6	8	11	12	45	#
96	496802	0	1	2	3	4	5	6	7	12	#
97	191625	0	1	4	6	7	536	#
98	266138	0	1	2	4	5	8	568	#
99	511503	0	1	2	3	4	5	6	8	14	287	#
100	80953	2	#
101	170859	1	6	7	46	#
102	221015	6	7	11	46	#
103	184869	0	1	4	46	#
104	177305	1	2	5	289	#
105	629954	0	1	2	3	4	5	6	11	12	13	#
106	334290	0	2	3	4	5	6	7	8	519	#
107	702447	0	1	2	3	4	5	6	7	8	9	11	12	13	294	#
108	223213	0	3	6	289	#
109	291556	0	1	2	3	4	11	#
110	389929	0	1	2	3	6	7	506	#
111	207091	0	1	4	5	8	536	#
112	692876	0	1	2	3	4	5	6	7	8	9	10	11	13	458	#
113	327134	0	3	5	6	7	8	87	#
114	164975	4	5	7	8	323	#
115	323470	0	1	4	5	6	7	8	50	#
116	359599	0	3	4	5	6	7	8	50	#
117	706259	0	1	2	3	4	5	6	7	8	9	11	12	13	458	#
118	432000	0	1	2	3	6	7	51	#
119	402542	0	1	3	6	7	8	51	#
120	402208	0	1	2	3	4	6	51	#
121	328800	0	1	2	3	4	5	51	#
122	684834	0	1	2	3	4	5	6	7	8	9	52	#
123	732331	0	1	2	3	4	5	6	7	8	11	52	#
124	695310	0	1	2	3	4	5	6	7	8	12	52	#
125	684309	0	1	2	3	4	5	6	7	9	13	52	#
126	664500	0	1	2	3	4	5	6	7	8	13	52	#
127	657848	0	1	2	3	4	5	6	7	8	14	52	#
128	382752	1	2	3	6	7	54	#
129	432084	0	1	3	6	7	54	#
130	355142	3	5	6	7	8	54	#
131	329892	0	1	2	5	14	54	#
132	288933	1	4	6	7	8	54	#
133	260084	0	1	3	4	8	54	#
134	452323	0	1	2	3	4	5	7	8	10	56	#
135	341336	0	1	3	4	6	7	450	#
136	485638	0	1	2	4	5	6	7	8	13	56	#
137	192807	3	6	#
138	343258	2	3	5	6	7	8	87	#
139	629061	1	2	3	4	6	7	8	9	12	13	14	#
140	82571	4	#
141	389824	1	2	3	4	5	6	7	8	13	59	#
142	499931	0	1	2	3	4	6	7	8	9	59	#
143	478321	1	2	3	4	5	6	7	8	12	59	#
144	474383	1	2	3	4	5	6	7	8	11	59	#
145	641432	0	1	2	3	4	5	6	7	8	9	10	13	60	#
146	764925	0	1	2	3	4	5	6	7	8	9	11	12	60	#
147	697914	0	1	2	3	4	5	6	7	8	9	13	14	60	#
148	682627	0	1	2	3	4	5	6	7	8	10	11	12	60	#
149	681849	0	1	2	3	4	5	6	7	8	9	12	13	60	#
150	672627	0	1	2	3	4	5	6	7	8	10	11	13	60	#
151	601809	0	1	2	3	4	5	6	7	8	10	12	61	#
152	714721	0	1	2	3	4	5	6	7	8	11	14	61	#
153	705910	0	1	2	3	4	5	6	7	8	9	10	61	#
154	693622	0	1	2	3	4	5	6	7	8	9	12	61	#
155	690517	0	1	3	4	5	6	7	8	11	12	14	61	#
156	662486	0	1	2	3	4	5	6	7	8	13	14	61	#
157	558285	0	2	3	5	6	7	8	11	14	300	#
158	493344	0	1	2	3	4	5	6	8	11	306	#
159	348877	1	2	4	5	6	7	8	10	11	287	#
160	729069	0	1	3	4	5	6	7	9	11	14	#
161	214896	0	1	2	5	7	8	#
162	645792	0	1	2	3	4	5	6	7	8	281	#
163	625903	0	1	2	3	4	5	6	7	8	64	#
164	666199	0	2	3	4	5	6	7	8	11	64	#
165	564315	0	1	2	3	4	5	7	8	10	64	#
166	131848	4	5	6	7	8	558	#
167	204720	1	2	4	5	8	#
168	214718	2	4	5	7	8	280	#
169	727928	0	1	3	4	5	6	7	8	12	526	#
170	347816	0	1	2	4	5	8	67	#
171	490716	0	1	3	4	5	6	67	#
172	404762	0	1	2	3	4	5	67	#
173	402079	0	1	3	4	5	8	67	#
174	368875	0	1	4	5	7	8	67	#
175	279877	2	4	5	6	7	8	67	#
176	347790	0	1	2	3	6	7	282	#
177	479666	0	2	3	4	5	6	7	8	9	69	#
178	484656	1	2	3	4	5	6	7	8	9	69	#
179	509512	0	2	3	4	5	6	7	8	12	#
180	355962	0	1	2	4	5	8	450	#
181	573208	1	2	3	4	5	6	7	8	9	11	72	#
182	578816	0	1	2	3	4	5	6	7	10	14	72	#
183	459895	0	1	3	4	5	6	7	8	10	73	#
184	650172	0	1	2	3	4	5	6	11	12	73	#
185	90704	2	10	74	#
186	162421	9	13	74	#
187	577505	0	1	3	4	5	6	7	8	9	13	#
188	247163	3	6	14	149	#
189	397264	1	2	3	4	5	6	7	10	76	#
190	436294	0	1	2	3	4	5	6	7	76	#
191	388252	0	1	2	3	4	5	6	12	76	#
192	311337	3	4	5	6	7	8	9	10	76	#
193	39498	8	#
194	660519	0	1	2	3	4	5	6	7	8	14	78	#
195	724199	0	1	2	3	4	5	6	7	8	9	78	#
196	652454	0	1	2	3	4	5	6	7	8	11	78	#
197	602864	0	1	2	3	4	5	6	7	8	12	78	#
198	596346	0	1	2	3	4	5	6	7	8	13	78	#
199	564060	0	3	5	6	7	8	10	11	13	14	78	#
200	292125	3	6	7	8	79	#
201	289232	0	3	6	7	79	#
202	216082	5	6	7	8	79	#
203	307237	0	1	2	3	4	5	80	#
204	263232	1	2	4	5	7	8	80	#
205	246405	0	1	3	6	13	536	#
206	234870	0	1	2	5	7	8	80	#
207	661701	0	1	2	3	4	5	7	8	9	12	#
208	478002	2	5	6	7	8	9	10	12	13	512	#
209	455841	0	1	2	3	4	5	506	#
210	410689	0	1	3	6	7	8	9	82	#
211	293481	2	3	4	5	6	7	8	82	#
212	222581	1	2	4	5	504	#
213	254060	1	4	5	8	12	536	#
214	193694	0	1	4	5	13	536	#
215	233016	0	1	2	84	#
216	188553	1	2	6	84	#
217	613426	0	1	2	4	5	6	7	8	12	526	#
218	501998	0	1	2	4	5	6	7	8	14	355	#
219	410419	0	1	2	3	4	6	7	8	9	#
220	432974	0	1	3	6	7	9	87	#
221	397386	0	1	2	3	6	7	87	#
222	378790	0	1	2	3	5	9	87	#
223	372722	0	1	2	3	5	6	87	#
224	486259	0	2	3	4	5	6	7	8	88	#
225	434723	0	1	2	4	5	6	7	8	88	#
226	403188	0	1	2	3	4	5	6	7	8	500	#
227	515386	0	1	2	4	5	6	7	8	11	#
228	581677	0	1	2	3	4	5	8	9	10	12	#
229	534631	0	1	3	4	5	6	7	8	12	13	#
230	345948	0	1	3	6	7	8	284	#
231	486040	0	1	2	3	4	5	6	7	10	93	#
232	610520	0	1	2	3	5	6	7	8	11	93	#
233	465040	0	1	2	3	4	5	6	8	13	#
234	323740	0	2	3	4	5	6	7	8	10	#
235	524611	0	1	2	3	4	5	7	8	9	95	#
236	570246	0	1	2	3	4	5	6	8	11	95	#
237	566596	0	1	2	3	4	5	6	8	9	95	#
238	525247	2	3	4	5	6	7	8	11	14	95	#
239	545255	0	1	2	3	4	5	7	8	13	#
240	525297	0	1	2	3	4	5	7	8	14	#
241	441906	0	1	2	4	5	6	7	8	14	99	#
242	571981	0	1	2	3	5	6	7	8	14	99	#
243	550110	0	1	3	4	5	6	7	8	9	99	#
244	243327	6	7	14	149	#
245	656816	0	1	3	4	6	7	8	9	12	14	#
246	364920	0	1	2	3	4	6	284	#
247	364657	0	1	2	4	5	6	7	8	10	306	#
248	383844	0	3	5	6	7	8	450	#
249	352098	2	3	4	5	6	7	8	11	519	#
250	152649	2	4	5	#
251	293309	0	1	2	5	142	#
252	239995	2	4	5	7	8	102	#
253	234754	1	2	4	5	10	102	#
254	197743	2	5	6	7	8	102	#
255	270836	1	2	4	5	6	7	8	286	#
256	594393	0	2	3	4	5	6	7	8	11	#
257	494957	0	1	2	4	5	6	7	8	339	#
258	588455	0	1	2	3	4	5	6	7	8	12	14	#
259	195651	0	1	2	104	#
260	197214	0	1	3	104	#
261	193511	1	2	12	104	#
262	302789	0	3	6	105	#
263	240633	0	1	3	105	#
264	321242	1	2	4	5	7	8	106	#
265	344300	0	1	4	5	7	8	106	#
266	252082	1	2	5	6	7	8	106	#
267	718854	0	1	2	3	4	5	6	7	8	9	107	#
268	804955	0	1	2	3	4	5	6	7	9	10	107	#
269	692624	0	1	2	3	4	5	6	7	8	12	107	#
270	649453	0	1	2	3	4	5	6	7	8	10	107	#
271	637305	0	1	2	3	4	5	6	7	8	11	107	#
272	634816	0	1	2	3	4	5	6	7	8	14	107	#
273	217933	0	3	108	#
274	205937	3	6	108	#
275	294200	0	1	2	3	4	5	8	109	#
276	306552	0	2	3	5	6	7	8	109	#
277	681099	0	1	2	3	4	5	6	7	8	10	11	14	457	#
278	288971	0	1	2	4	5	#
279	176816	1	4	5	10	110	#
280	204220	0	1	2	5	110	#
281	238558	9	11	325	#
282	173501	2	5	8	12	110	#
283	163563	2	4	5	10	110	#
284	334843	0	1	2	4	5	7	8	10	13	14	#
285	385348	0	1	2	4	5	6	7	8	13	128	#
286	337542	0	1	2	4	5	7	8	9	147	#
287	354128	1	2	3	4	5	6	7	8	147	#
288	130524	1	4	475	#
289	134020	12	14	112	#
290	156012	0	12	112	#
291	79800	10	14	112	#
292	170334	6	7	8	12	113	#
293	187209	5	7	8	12	113	#
294	182581	3	5	7	8	113	#
295	566900	0	1	2	3	4	5	6	7	8	14	271	#
296	156021	6	7	#
297	544402	0	1	2	3	5	6	7	8	14	#
298	236900	0	1	4	11	115	#
299	318272	0	3	6	7	115	#
300	274065	0	1	4	12	115	#
301	243622	2	4	5	11	115	#
302	307913	3	5	6	7	8	118	#
303	353977	0	1	2	3	5	118	#
304	320438	3	6	7	8	14	118	#
305	310762	0	3	6	7	8	118	#
306	240002	2	5	6	7	8	118	#
307	290914	2	5	6	7	8	280	#
308	349128	1	2	3	4	5	6	7	8	14	374	#
309	446833	0	2	3	4	5	6	7	8	14	121	#
310	487240	0	1	3	4	5	6	7	8	11	121	#
311	461956	1	2	3	4	5	6	7	8	10	121	#
312	637469	0	1	2	3	4	5	6	7	8	11	122	#
313	600550	0	1	2	3	4	5	6	7	8	9	122	#
314	577698	0	1	2	3	4	5	6	7	8	12	122	#
315	192390	6	7	8	149	#
316	258505	0	1	2	5	8	11	282	#
317	211925	1	2	4	5	7	8	123	#
318	291239	0	2	3	4	5	8	123	#
319	21637	10	13	532	#
320	221706	1	2	4	5	8	12	123	#
321	309758	3	5	6	7	8	280	#
322	298581	0	1	2	3	4	5	8	286	#
323	221464	2	5	8	9	124	#
324	209713	1	2	5	8	124	#
325	437584	0	1	3	6	7	11	284	#
326	396868	0	1	3	4	5	6	7	8	126	#
327	404655	0	1	2	3	4	5	6	8	126	#
328	356079	0	3	4	5	6	7	8	10	126	#
329	250675	1	2	4	5	8	242	#
330	624899	1	2	3	4	5	6	7	8	13	355	#
331	566400	0	1	2	3	4	5	6	7	11	128	#
332	461649	0	1	2	3	4	5	6	7	14	128	#
333	595970	0	1	2	3	4	5	6	7	8	10	12	130	#
334	661180	0	1	2	3	4	5	6	7	8	11	14	130	#
335	624817	0	1	2	3	4	5	6	7	8	10	11	130	#
336	512842	0	1	2	3	4	5	6	14	339	#
337	600745	0	1	2	3	4	5	6	7	8	13	14	130	#
338	592230	0	1	2	3	4	5	6	7	8	9	10	130	#
339	584889	0	1	2	3	4	5	6	7	8	131	#
340	552003	0	1	2	3	4	5	6	11	12	131	#
341	414925	0	1	2	3	4	5	6	7	14	#
342	387299	0	1	3	4	6	7	284	#
343	354603	1	2	5	6	7	8	162	#
344	735949	0	1	2	3	4	5	6	7	8	9	12	14	457	#
345	324957	2	3	4	5	6	7	8	12	519	#
346	195654	2	5	8	133	#
347	182186	1	4	5	133	#
348	242642	1	4	5	7	8	382	#
349	232492	0	1	2	289	#
350	191934	2	5	7	8	#
351	577214	0	1	2	3	4	5	6	7	8	12	271	#
352	322964	0	1	3	4	5	6	7	8	13	136	#
353	385524	0	3	4	5	6	7	8	11	12	136	#
354	344414	0	1	3	4	5	6	7	8	11	136	#
355	391693	0	1	2	3	4	5	8	9	10	11	#
356	331178	1	2	4	5	8	13	140	#
357	378529	0	1	2	3	4	5	6	8	147	#
358	231429	0	1	2	5	138	#
359	315481	0	1	3	6	138	#
360	298990	0	1	2	3	138	#
361	253562	9	12	325	#
362	450978	0	1	2	3	4	5	6	10	11	12	#
363	431882	0	1	3	4	5	8	140	#
364	439020	0	1	2	3	4	5	140	#
365	419908	0	1	2	3	4	6	140	#
366	395189	0	1	2	3	5	8	140	#
367	371647	0	1	2	4	5	8	140	#
368	383181	2	3	4	5	6	7	8	12	444	#
369	590224	0	1	2	3	4	5	6	7	339	#
370	113545	10	14	532	#
371	310899	0	1	2	4	142	#
372	438189	0	1	2	3	5	6	7	286	#
373	376705	0	1	2	3	4	5	6	286	#
374	682282	0	1	2	3	4	5	6	7	8	10	11	12	14	294	#
375	662329	0	1	2	3	4	5	6	8	9	285	#
376	422678	0	1	2	4	5	6	7	8	144	#
377	487917	0	1	2	3	4	5	6	7	144	#
378	431645	0	1	2	4	5	7	8	13	144	#
379	237599	1	2	4	5	145	#
380	268802	0	1	2	4	145	#
381	261729	0	1	4	5	145	#
382	185773	2	4	5	8	145	#
383	392751	0	1	2	4	5	6	7	8	12	#
384	426146	0	1	2	3	4	6	450	#
385	411821	0	1	3	4	5	6	8	9	147	#
386	264070	0	2	4	5	7	8	154	#
387	334862	1	4	5	6	7	8	154	#
388	315411	1	2	4	5	7	8	154	#
389	302935	0	1	3	4	6	7	154	#
390	291374	2	4	5	6	7	8	154	#
391	618172	0	1	2	3	4	5	6	7	8	9	290	#
392	314822	0	1	2	4	5	382	#
393	519484	0	1	2	3	4	5	6	10	339	#
394	184025	1	2	4	157	#
395	219866	0	1	4	157	#
396	361039	0	1	2	4	5	7	8	337	#
397	141021	5	7	8	#
398	147531	2	5	#
399	156156	11	14	160	#
400	139066	6	14	160	#
401	477916	0	1	2	3	4	5	7	8	12	#
402	338660	0	1	2	4	5	8	162	#
403	403027	1	2	5	7	8	9	162	#
404	389064	0	1	2	5	7	8	162	#
405	363520	0	1	2	4	5	13	162	#
406	95885	6	#
407	180921	5	6	7	8	#
408	739431	0	1	2	3	4	5	6	7	8	9	11	12	14	294	#
409	440464	1	2	4	5	6	7	8	12	13	14	#
410	634390	0	1	2	3	4	5	8	9	12	13	164	#
411	595879	0	1	2	3	4	5	6	7	8	9	164	#
412	488269	0	1	2	3	4	6	7	8	11	#
413	311875	0	3	4	5	6	7	8	337	#
414	662309	0	1	2	4	5	6	7	8	9	223	#
415	304288	1	2	4	5	8	12	450	#
416	638402	0	1	2	4	5	6	7	8	11	223	#
417	150004	10	14	167	#
418	137907	0	14	167	#
419	627420	0	1	2	3	4	5	6	7	8	11	14	168	#
420	675035	0	1	2	3	4	5	6	7	8	9	12	168	#
421	671464	0	1	2	3	4	5	6	7	8	11	12	168	#
422	202827	2	5	6	7	8	169	#
423	195354	2	4	5	7	8	169	#
424	251241	0	1	3	289	#
425	587230	0	1	2	3	4	5	6	7	9	#
426	237133	0	1	4	5	451	#
427	542457	0	1	2	3	4	5	7	8	11	#
428	653740	0	1	2	3	4	5	6	7	8	11	12	#
429	534489	0	1	3	4	5	6	7	8	12	#
430	419180	0	1	2	3	6	175	#
431	442745	0	1	2	5	11	175	#
432	343668	0	1	2	5	8	175	#
433	342423	0	1	3	6	7	175	#
434	306861	0	1	2	4	5	175	#
435	740600	0	1	2	3	4	5	6	7	8	9	11	14	457	#
436	410455	0	1	2	4	5	7	8	9	176	#
437	493319	0	1	2	3	4	5	6	9	176	#
438	405865	0	1	2	3	4	5	7	8	176	#
439	375265	1	2	3	4	5	6	7	8	176	#
440	363151	0	1	2	3	4	5	6	8	176	#
441	319857	0	1	2	4	5	7	8	12	176	#
442	132599	5	11	13	#
443	374148	1	2	4	5	13	178	#
444	448806	0	1	3	4	5	178	#
445	440606	0	1	2	3	4	178	#
446	363888	0	3	6	7	13	178	#
447	304393	1	2	4	5	8	178	#
448	218409	2	4	5	8	14	178	#
449	455037	0	1	2	4	5	8	11	179	#
450	538573	0	1	3	6	7	8	11	179	#
451	506440	0	1	2	3	5	6	8	179	#
452	491705	0	1	2	3	4	5	6	179	#
453	487118	0	1	2	3	4	6	7	179	#
454	438829	0	1	2	3	4	5	8	179	#
455	224741	1	2	5	180	#
456	204922	1	2	4	180	#
457	188499	2	5	13	180	#
458	95833	5	7	14	180	#
459	164750	5	6	7	8	14	382	#
460	240504	4	5	7	8	9	382	#
461	587003	0	1	2	3	4	5	7	8	12	13	14	181	#
462	568449	1	2	3	4	5	6	7	8	12	300	#
463	545276	0	1	2	3	4	5	6	7	8	13	14	181	#
464	193577	1	11	247	#
465	356361	1	3	4	5	6	7	8	182	#
466	394797	1	2	3	5	6	7	8	182	#
467	372283	1	2	4	5	6	7	8	182	#
468	476403	0	1	3	4	6	10	11	183	#
469	534632	0	3	6	7	8	11	14	183	#
470	425068	0	1	3	4	6	7	8	183	#
471	401563	0	1	3	4	5	6	7	183	#
472	358909	0	1	2	3	6	7	8	183	#
473	323636	0	1	4	5	6	7	8	183	#
474	470353	0	1	3	6	7	8	10	11	13	14	#
475	227690	1	2	5	185	#
476	223456	0	1	2	185	#
477	171678	2	4	5	185	#
478	413664	0	1	2	3	4	5	7	8	9	13	524	#
479	369792	0	1	2	3	4	5	6	7	186	#
480	442828	0	1	3	4	5	6	7	9	186	#
481	347749	0	1	2	3	4	5	6	12	186	#
482	333551	0	1	2	3	4	5	8	14	186	#
483	330397	0	1	3	4	5	6	7	8	186	#
484	484420	0	1	2	3	5	6	450	#
485	369901	0	1	2	4	5	6	7	8	10	187	#
486	552099	0	1	2	3	4	5	6	8	14	187	#
487	638857	0	1	2	3	5	6	7	8	10	281	#
488	698161	0	1	2	3	4	5	9	11	13	14	#
489	288798	3	4	5	6	7	8	189	#
490	335256	0	1	3	4	6	7	189	#
491	305328	0	1	2	3	504	#
492	750587	0	1	2	3	4	5	6	7	8	9	11	13	457	#
493	592839	0	1	2	3	4	5	6	8	11	285	#
494	466903	1	2	4	5	6	7	8	11	12	190	#
495	506236	1	3	4	5	6	7	8	11	13	190	#
496	267369	2	5	6	7	8	191	#
497	310402	0	3	6	7	8	191	#
498	301060	0	1	2	5	8	191	#
499	300322	3	5	6	7	8	191	#
500	274359	1	4	5	7	8	191	#
501	251182	4	5	6	7	8	191	#
502	289043	1	2	5	7	8	192	#
503	297837	0	1	2	4	5	6	7	8	530	#
504	242310	1	2	4	5	8	192	#
505	238551	2	5	6	7	8	192	#
506	183649	1	4	5	6	8	192	#
507	308398	0	1	2	4	5	7	8	10	193	#
508	456365	1	2	4	5	8	10	11	13	193	#
509	452065	1	3	4	5	6	7	8	9	193	#
510	403285	0	3	5	6	7	8	10	13	193	#
511	384096	0	1	2	3	4	5	6	8	193	#
512	369803	1	2	4	5	6	7	8	13	193	#
513	182494	4	5	8	194	#
514	189707	5	6	8	194	#
515	176983	2	4	5	194	#
516	170731	11	14	195	#
517	176929	3	11	195	#
518	517088	0	1	2	4	5	6	7	8	10	196	#
519	596013	1	2	3	4	5	6	7	8	9	196	#
520	377901	1	2	3	4	5	6	7	8	9	#
521	346256	3	6	7	8	14	199	#
522	403485	0	1	3	6	7	199	#
523	393352	0	1	2	3	6	199	#
524	347688	0	3	6	7	10	199	#
525	339576	3	5	6	7	8	199	#
526	334159	0	1	3	12	14	199	#
527	689664	0	1	2	3	4	5	6	7	8	9	11	12	#
528	607960	0	1	2	3	5	6	7	8	13	538	#
529	293429	0	1	3	4	6	201	#
530	236015	0	1	2	4	11	201	#
531	751021	0	1	2	3	4	5	6	7	8	9	10	14	457	#
532	176261	0	1	2	3	5	201	#
533	521428	0	1	2	4	5	6	7	8	13	202	#
534	643729	0	1	2	4	5	6	7	8	12	202	#
535	179838	12	14	204	#
536	158869	5	12	204	#
537	103895	7	14	204	#
538	344443	0	1	2	3	6	7	8	205	#
539	370651	0	1	2	3	4	6	7	205	#
540	359066	0	1	3	4	6	7	8	205	#
541	355453	0	1	3	4	6	7	11	205	#
542	338485	2	4	5	6	7	8	11	205	#
543	322173	0	1	3	9	504	#
544	611438	0	1	2	3	4	5	6	7	8	9	271	#
545	685682	0	2	3	4	5	6	7	8	9	11	271	#
546	610122	0	1	2	4	5	6	7	8	12	268	#
547	603297	0	1	2	3	4	5	6	7	14	268	#
548	547375	0	1	2	3	4	5	6	7	11	234	#
549	207637	1	2	4	5	8	253	#
550	667161	0	1	2	3	4	5	6	7	8	14	209	#
551	632184	0	1	2	3	4	5	6	7	8	9	209	#
552	622696	0	1	2	3	4	5	6	7	8	12	209	#
553	583168	0	1	2	3	4	5	6	7	8	10	209	#
554	579946	0	1	2	3	4	5	6	7	8	13	209	#
555	249604	0	1	2	3	12	#
556	733510	0	1	2	3	4	5	6	7	8	9	13	14	457	#
557	602432	0	1	2	3	4	5	6	7	8	538	#
558	191371	0	1	3	6	323	#
559	201331	11	12	325	#
560	572439	0	1	3	4	5	6	7	8	11	448	#
561	623246	0	1	2	3	5	6	8	10	11	#
562	281017	3	5	6	7	8	213	#
563	378020	1	2	4	5	9	213	#
564	274751	1	2	4	5	8	213	#
565	388366	0	1	3	4	5	6	7	8	9	455	#
566	655301	0	1	2	3	4	5	6	7	8	9	214	#
567	615720	0	1	2	3	4	5	6	7	8	12	214	#
568	529027	1	2	3	4	5	6	7	8	11	448	#
569	132325	6	13	447	#
570	316204	1	2	4	5	8	10	215	#
571	397016	0	1	2	3	4	10	215	#
572	354699	0	1	2	4	5	8	215	#
573	321613	1	2	4	5	7	8	215	#
574	565672	0	1	3	4	5	6	7	8	11	217	#
575	638262	0	1	2	3	4	5	6	8	14	217	#
576	155278	2	9	447	#
577	369741	0	1	2	3	4	5	8	12	13	218	#
578	337417	0	1	2	3	5	7	296	#
579	167894	9	13	447	#
580	307033	1	2	4	5	6	7	8	9	11	218	#
581	497152	0	1	2	3	4	5	7	8	502	#
582	369086	0	1	2	3	4	6	7	8	10	12	524	#
583	138842	4	5	#
584	655294	0	1	2	3	4	5	6	7	8	10	11	220	#
585	838710	0	1	3	5	6	7	8	9	11	12	14	220	#
586	709579	0	1	2	3	4	5	6	7	8	9	14	220	#
587	699423	0	1	2	3	4	5	6	7	8	9	13	220	#
588	696627	0	1	2	3	4	5	6	7	8	9	10	220	#
589	668247	0	1	2	3	4	5	6	7	8	11	14	220	#
590	359734	0	3	6	7	12	221	#
591	420537	0	1	2	3	6	221	#
592	345865	0	1	3	6	7	221	#
593	343883	0	1	3	4	5	221	#
594	293936	1	2	4	5	12	221	#
595	135941	1	2	#
596	696798	0	1	2	3	4	5	6	7	8	11	12	13	14	294	#
597	356992	0	1	3	4	5	227	#
598	406032	0	1	3	6	7	227	#
599	346919	3	5	6	7	8	227	#
600	276961	0	1	4	5	8	227	#
601	269375	0	1	4	5	14	227	#
602	215569	1	2	4	5	8	227	#
603	364714	1	2	4	5	6	7	8	228	#
604	382585	0	1	2	4	5	7	8	228	#
605	380896	0	1	2	4	5	8	12	228	#
606	359970	0	1	2	3	4	5	8	228	#
607	329740	0	1	3	4	6	7	10	228	#
608	194241	9	14	229	#
609	248353	9	12	229	#
610	103585	5	13	#
611	192319	1	2	4	5	323	#
612	294931	0	1	2	4	451	#
613	448233	1	2	3	4	5	6	7	8	14	#
614	525708	0	1	2	3	4	5	8	9	14	234	#
615	610525	0	1	2	3	4	5	6	7	8	11	235	#
616	706170	0	1	2	3	4	6	7	9	12	14	235	#
617	620807	0	1	2	3	4	5	6	7	8	12	235	#
618	480941	0	2	3	4	5	6	7	8	236	#
619	448333	2	3	4	5	6	7	8	14	236	#
620	133725	8	12	#
621	345137	0	1	3	4	5	6	7	8	10	455	#
622	235467	2	5	7	8	239	#
623	201141	0	1	4	5	323	#
624	331763	0	1	2	3	6	#
625	183928	6	7	8	14	239	#
626	501769	0	1	2	3	4	5	6	8	14	#
627	330304	0	1	3	6	7	242	#
628	360436	0	2	3	6	7	242	#
629	325366	0	3	6	7	8	242	#
630	284855	2	5	6	7	8	242	#
631	553207	0	1	2	3	5	6	7	8	12	14	#
632	184599	9	11	247	#
633	677776	0	1	2	3	4	5	6	8	12	355	#
634	566687	0	2	3	4	5	6	7	8	9	510	#
635	463286	1	2	3	4	5	6	7	8	10	510	#
636	405981	0	1	2	3	4	5	6	7	13	#
637	330189	0	1	2	4	5	253	#
638	351115	0	1	2	3	4	5	7	8	530	#
639	375488	0	1	2	3	4	5	8	254	#
640	497429	0	1	2	3	4	5	11	254	#
641	456823	0	1	2	3	4	5	6	254	#
642	410668	0	1	2	3	6	7	8	254	#
643	402449	0	1	2	3	4	5	10	254	#
644	339159	0	1	2	4	5	7	8	254	#
645	193463	6	7	8	255	#
646	168962	0	1	#
647	143236	2	7	8	255	#
648	346697	0	3	6	14	256	#
649	346510	0	1	3	6	256	#
650	277541	0	3	6	7	256	#
651	272480	1	3	4	6	256	#
652	589071	0	1	2	3	4	5	6	7	8	10	14	257	#
653	647722	0	1	2	3	4	5	6	7	8	9	14	257	#
654	637202	0	1	2	3	4	5	6	7	8	9	13	257	#
655	195061	4	5	9	13	#
656	129889	3	#
657	258072	1	2	5	6	7	8	11	#
658	439040	1	2	3	4	5	6	7	8	9	261	#
659	486386	0	2	3	4	5	6	7	8	10	261	#
660	271359	0	1	2	5	262	#
661	358689	0	1	2	3	262	#
662	319921	0	1	2	9	262	#
663	184370	1	2	4	5	262	#
664	369642	0	1	3	4	6	264	#
665	393595	0	1	3	6	7	264	#
666	360584	0	3	6	7	8	264	#
667	317168	0	1	2	3	4	264	#
668	220550	2	4	5	7	8	264	#
669	184256	0	1	2	5	8	264	#
670	316075	0	1	2	5	8	265	#
671	265331	1	2	5	7	8	265	#
672	265278	2	5	6	7	8	265	#
673	406817	0	2	3	4	5	6	7	8	10	266	#
674	435654	0	2	3	4	5	6	7	8	14	266	#
675	382517	0	1	2	3	4	5	6	7	10	#
676	645008	0	1	2	3	4	5	6	8	11	13	290	#
677	417095	0	1	2	4	5	6	7	8	13	300	#
678	498348	0	2	3	4	5	6	7	8	13	#
679	208222	1	2	4	5	8	382	#
680	184385	9	12	275	#
681	198200	4	9	275	#
682	132169	4	12	275	#
683	458813	0	1	2	4	5	6	7	8	14	276	#
684	408006	0	3	5	6	7	8	284	#
685	516673	0	1	2	3	4	6	7	8	9	276	#
686	281941	1	2	3	4	5	6	7	8	13	374	#
687	498779	1	2	4	5	6	7	8	9	13	#
688	411830	1	2	3	4	5	6	7	8	12	#
689	349526	0	1	2	4	5	14	296	#
690	421982	0	1	2	3	5	6	296	#
691	375997	0	1	2	3	4	6	296	#
692	354936	0	1	2	3	4	5	296	#
693	348563	1	2	5	8	9	14	296	#
694	173571	6	7	8	297	#
695	161399	2	5	8	297	#
696	645896	0	1	2	3	4	5	6	8	9	11	#
697	160126	1	4	#
698	304148	0	3	6	7	307	#
699	289262	0	1	3	6	307	#
700	584228	0	1	2	3	4	5	6	8	9	10	453	#
701	321323	0	1	2	3	4	5	8	308	#
702	384237	0	1	2	3	4	5	6	308	#
703	350855	0	1	2	3	5	6	8	308	#
704	319083	0	1	2	3	5	7	8	308	#
705	173919	12	14	309	#
706	140794	11	12	309	#
707	79300	10	14	309	#
708	381328	7	9	11	12	311	#
709	303377	0	3	9	11	311	#
710	301334	0	1	2	11	311	#
711	249889	1	4	12	13	311	#
712	692890	0	1	2	3	4	5	6	7	8	9	10	12	312	#
713	767986	0	1	2	3	4	5	6	7	8	9	11	14	312	#
714	739545	0	1	2	3	4	5	6	7	8	9	13	14	312	#
715	730277	0	1	2	3	4	5	6	7	8	9	10	11	312	#
716	713077	0	1	2	3	4	5	6	7	8	9	11	12	312	#
717	709546	0	1	2	3	4	5	6	7	8	11	13	14	312	#
718	529926	1	2	3	4	5	6	7	8	13	314	#
719	550808	0	1	2	3	4	5	6	7	9	314	#
720	419083	1	2	4	5	6	7	8	12	13	315	#
721	422443	0	1	2	4	5	6	7	8	10	315	#
722	304395	0	3	5	6	7	8	316	#
723	605815	0	1	2	3	4	5	6	7	8	11	453	#
724	254633	0	1	2	3	5	8	316	#
725	648859	0	1	2	3	5	6	7	8	11	14	453	#
726	179355	1	2	4	5	#
727	488401	0	1	3	4	5	6	7	8	11	13	#
728	585174	0	1	2	3	5	6	7	8	9	#
729	410396	3	5	6	7	8	9	10	14	339	#
730	232678	1	2	4	5	6	7	8	#
731	367191	0	1	2	4	5	7	8	11	530	#
732	413976	0	1	3	5	6	7	8	10	14	#
733	413887	0	1	2	3	4	6	7	14	331	#
734	383487	0	1	2	3	4	5	6	11	331	#
735	356576	0	1	2	3	4	5	6	7	331	#
736	497318	0	1	2	3	4	5	6	7	502	#
737	305716	0	2	3	4	5	6	7	8	331	#
738	286927	1	2	3	4	5	10	13	14	331	#
739	549060	1	2	3	4	5	6	7	8	10	12	332	#
740	620965	0	1	2	3	4	5	6	7	8	9	332	#
741	594536	0	1	2	3	4	5	6	7	8	11	332	#
742	681342	0	1	2	3	4	5	6	7	8	9	334	#
743	711752	0	1	2	3	5	6	7	8	9	12	334	#
744	630979	1	2	4	5	6	7	8	9	10	14	334	#
745	621908	0	1	2	3	4	5	6	7	8	14	334	#
746	612864	0	1	2	3	4	5	6	7	8	11	334	#
747	596470	0	1	2	3	4	5	6	7	8	10	334	#
748	367186	0	1	2	4	5	7	8	9	12	13	#
749	220002	4	5	6	7	8	#
750	487170	0	1	2	3	4	5	6	8	339	#
751	479234	0	1	2	3	4	5	6	337	#
752	480448	0	1	2	3	4	5	7	337	#
753	411358	0	1	2	3	4	5	8	337	#
754	654993	0	1	2	3	4	5	6	7	11	13	#
755	710085	0	1	2	3	4	5	6	7	8	9	12	14	347	#
756	668422	0	1	2	3	4	5	6	7	8	9	11	13	347	#
757	591530	0	1	2	3	4	5	6	7	8	13	380	#
758	630988	0	1	2	3	4	5	6	7	8	10	11	14	347	#
759	287997	0	4	5	11	348	#
760	278793	9	10	11	14	348	#
761	211996	0	1	4	5	348	#
762	197583	1	4	5	8	348	#
763	187227	2	4	5	8	348	#
764	204101	4	5	11	13	350	#
765	225777	2	5	8	13	350	#
766	192974	1	2	4	5	350	#
767	173260	4	5	7	8	350	#
768	161833	6	7	11	13	350	#
769	426422	0	1	2	3	4	5	7	8	10	#
770	592645	0	1	2	3	4	5	6	7	8	355	#
771	696513	1	2	3	5	6	7	8	9	13	355	#
772	658731	0	1	2	3	4	5	6	7	8	12	13	357	#
773	723709	0	1	2	3	4	5	6	7	8	11	13	357	#
774	712525	0	1	2	3	4	5	6	7	8	9	14	357	#
775	701127	0	1	2	3	4	5	6	7	8	12	14	357	#
776	678751	0	1	2	3	4	5	6	7	8	9	12	357	#
777	670129	0	1	2	3	4	5	6	7	8	9	13	357	#
778	588110	0	1	2	3	4	5	6	7	8	14	358	#
779	673615	0	1	2	3	4	5	6	7	8	9	358	#
780	609526	0	1	2	3	4	5	6	7	8	12	358	#
781	586661	0	1	2	3	4	5	6	7	8	11	358	#
782	576576	0	1	2	3	4	5	6	7	8	13	358	#
783	565593	0	1	2	3	4	5	6	7	8	10	358	#
784	730683	0	1	2	3	4	5	6	7	8	11	359	#
785	732474	0	1	2	3	4	5	6	7	8	14	359	#
786	732209	0	1	2	3	4	5	6	7	8	12	359	#
787	703131	0	1	2	3	4	5	6	7	11	13	359	#
788	526679	0	1	2	3	4	5	6	8	13	14	360	#
789	547548	0	1	2	3	4	5	6	7	8	9	360	#
790	540541	0	1	2	3	4	6	7	8	10	11	360	#
791	562639	0	1	3	4	5	6	7	8	12	445	#
792	385829	0	2	3	5	6	7	8	362	#
793	405968	0	1	2	3	4	5	14	362	#
794	356875	0	1	3	5	6	7	8	362	#
795	329556	1	2	4	5	6	7	8	362	#
796	321556	0	1	2	4	5	7	8	362	#
797	468802	0	1	2	3	5	6	8	11	363	#
798	400392	0	1	2	3	5	6	11	13	363	#
799	362890	0	1	2	3	4	5	6	8	363	#
800	622307	0	1	3	4	5	6	7	8	9	445	#
801	517260	0	2	3	4	5	6	7	8	9	364	#
802	557441	0	1	2	3	4	5	6	9	11	364	#
803	351390	0	1	2	4	5	6	7	8	14	#
804	337812	3	5	6	7	8	9	366	#
805	425611	0	1	2	3	6	9	366	#
806	351512	0	1	2	3	6	7	366	#
807	315330	1	5	6	7	8	9	366	#
808	311454	0	1	3	6	7	8	366	#
809	584105	0	1	2	3	4	5	6	7	8	12	453	#
810	395671	0	1	4	5	6	7	8	13	367	#
811	471869	0	1	2	3	4	5	6	7	367	#
812	418750	0	1	2	4	5	6	7	8	367	#
813	382306	2	3	4	5	6	7	8	13	367	#
814	365322	1	2	3	4	5	6	7	8	367	#
815	355593	0	1	2	3	4	5	7	8	367	#
816	234369	1	2	12	369	#
817	255686	0	1	2	369	#
818	165415	1	2	5	369	#
819	159419	6	7	12	369	#
820	319014	0	1	3	4	6	7	370	#
821	294151	0	1	2	3	4	5	370	#
822	289240	0	1	3	4	5	6	370	#
823	403532	0	1	2	4	5	6	7	8	502	#
824	409641	0	1	2	3	4	6	7	8	11	500	#
825	186901	3	6	7	8	13	518	#
826	265567	0	1	2	371	#
827	242075	1	2	5	371	#
828	240915	0	1	3	371	#
829	361863	0	1	3	4	6	372	#
830	355802	0	1	2	4	5	372	#
831	292095	0	1	3	6	7	372	#
832	285171	1	2	4	5	8	372	#
833	508462	0	1	2	4	5	6	7	8	9	#
834	353685	1	2	3	4	5	6	7	8	11	#
835	277422	1	2	5	7	8	376	#
836	284489	2	5	6	7	8	376	#
837	275782	2	4	5	7	8	376	#
838	417563	0	1	3	4	5	6	7	13	530	#
839	227519	0	1	2	3	10	376	#
840	209517	1	2	4	5	8	376	#
841	464741	0	1	2	3	4	5	6	8	12	377	#
842	498481	0	1	3	4	5	6	7	8	11	377	#
843	564889	0	1	2	4	5	6	7	8	9	10	14	379	#
844	584137	0	1	2	3	4	5	6	7	8	13	14	379	#
845	573019	0	1	2	3	4	5	6	7	8	9	10	379	#
846	570443	0	1	2	3	4	5	6	7	8	11	14	379	#
847	238985	1	2	4	9	14	382	#
848	586580	0	1	2	3	4	5	6	7	8	12	380	#
849	672750	0	1	2	3	4	5	6	7	8	11	380	#
850	663997	0	1	2	3	4	5	6	7	10	12	380	#
851	636890	0	1	2	3	4	5	6	7	8	14	380	#
852	633904	0	1	2	3	4	5	6	7	8	9	380	#
853	362965	0	1	2	4	5	384	#
854	422127	2	4	5	8	9	384	#
855	375900	0	1	2	3	4	384	#
856	311941	2	4	5	7	8	384	#
857	237095	1	4	5	7	8	384	#
858	326124	0	3	6	9	11	385	#
859	278870	5	8	9	11	14	385	#
860	182319	5	6	7	8	9	385	#
861	306193	1	3	4	5	6	7	8	452	#
862	325159	0	1	2	3	4	5	8	452	#
863	172314	1	2	386	#
864	180611	2	5	386	#
865	148823	0	1	386	#
866	294205	0	1	2	5	387	#
867	233650	0	1	2	4	387	#
868	233024	1	2	4	5	387	#
869	205213	1	2	5	8	387	#
870	288614	1	2	3	4	5	6	7	8	530	#
871	333709	0	1	3	4	5	388	#
872	314666	0	1	3	4	6	388	#
873	530174	0	1	2	3	4	6	7	8	502	#
874	474469	0	3	4	5	6	7	8	11	13	#
875	316865	0	1	2	4	5	389	#
876	343430	0	1	2	5	8	389	#
877	255652	2	4	5	7	8	389	#
878	362470	1	2	4	5	6	7	8	9	12	#
879	605781	0	1	2	3	4	5	6	8	13	14	393	#
880	669322	0	1	2	3	4	5	6	7	11	14	393	#
881	566637	0	1	2	3	4	5	6	7	8	14	393	#
882	552123	0	1	2	3	4	5	6	7	8	9	393	#
883	491553	1	2	3	4	5	6	7	8	12	445	#
884	389969	0	1	3	7	11	394	#
885	314304	3	6	7	8	11	394	#
886	282396	0	1	2	3	4	#
887	256924	0	1	3	4	5	394	#
888	440750	0	1	3	4	5	6	7	8	12	527	#
889	186614	1	4	5	8	521	#
890	584193	0	1	2	3	4	5	6	7	8	14	395	#
891	676579	0	1	2	3	4	5	6	7	8	9	395	#
892	666633	0	1	2	3	4	5	6	7	8	11	395	#
893	641979	0	1	2	3	4	5	6	9	10	14	395	#
894	621560	0	1	2	3	4	5	6	7	8	12	395	#
895	574800	0	1	2	3	4	5	6	7	8	10	395	#
896	321715	0	1	3	4	5	8	398	#
897	343307	1	2	3	4	5	8	398	#
898	340494	0	1	2	3	4	5	398	#
899	325494	1	2	4	5	7	8	398	#
900	302513	2	4	5	7	8	13	398	#
901	300628	1	2	4	5	6	7	398	#
902	309082	2	4	5	6	7	8	11	399	#
903	405481	0	1	4	5	8	9	11	399	#
904	329187	0	3	4	5	6	7	8	399	#
905	306930	2	3	4	5	6	7	8	399	#
906	463234	0	1	2	3	4	6	7	8	9	527	#
907	393148	0	1	2	4	5	7	8	12	14	500	#
908	541894	0	1	3	4	5	6	7	8	9	400	#
909	612381	0	1	3	4	5	6	7	8	11	400	#
910	477544	0	1	2	3	4	5	7	8	9	527	#
911	318487	1	3	4	5	6	7	8	401	#
912	256155	1	2	4	5	7	8	13	401	#
913	256124	1	2	4	5	6	7	8	401	#
914	239197	1	2	4	5	451	#
915	516530	0	1	2	3	4	6	7	8	11	12	13	403	#
916	546468	0	1	2	3	4	5	6	7	8	9	14	403	#
917	427093	0	1	2	4	5	6	7	8	9	441	#
918	471563	0	1	2	3	4	5	6	7	404	#
919	598098	0	1	2	3	4	6	7	9	404	#
920	423288	0	1	2	3	4	6	7	8	404	#
921	395823	0	1	2	3	4	5	6	8	404	#
922	321939	1	2	3	4	5	6	7	8	444	#
923	618391	0	1	2	3	4	5	6	8	11	12	14	#
924	353850	0	1	2	4	5	7	8	406	#
925	442411	0	1	2	3	4	5	9	406	#
926	353629	0	1	2	3	4	5	8	406	#
927	311087	1	2	4	5	7	8	14	406	#
928	294574	1	2	4	5	6	7	8	406	#
929	420976	0	1	3	4	5	6	7	8	13	527	#
930	307748	0	1	2	3	4	5	10	407	#
931	281122	1	2	3	5	6	7	8	407	#
932	316476	3	6	7	9	14	518	#
933	322999	0	1	3	6	409	#
934	263327	0	1	2	4	409	#
935	198486	3	5	6	8	409	#
936	196520	0	1	2	10	409	#
937	177718	1	4	5	6	410	#
938	189721	2	4	5	8	410	#
939	162905	1	2	4	5	410	#
940	73228	0	1	6	7	410	#
941	279195	0	1	2	14	411	#
942	334402	0	1	2	3	411	#
943	309999	0	1	3	14	411	#
944	498919	0	1	2	3	4	5	6	7	10	14	#
945	457617	0	1	3	4	5	6	7	8	12	443	#
946	424818	0	1	2	4	5	6	7	8	14	443	#
947	269132	1	4	5	7	8	12	414	#
948	313843	0	1	4	5	7	8	414	#
949	312099	0	1	4	5	8	14	414	#
950	286906	1	4	5	6	7	8	414	#
951	245336	2	5	6	7	8	12	414	#
952	238535	1	2	3	5	7	8	414	#
953	217915	9	12	416	#
954	149246	3	9	416	#
955	291779	0	1	2	4	5	8	417	#
956	295313	0	1	2	4	5	13	417	#
957	272177	1	2	4	5	7	8	417	#
958	321045	0	1	4	5	7	8	418	#
959	397122	2	4	5	7	8	12	418	#
960	396016	0	3	5	6	7	8	418	#
961	319914	0	1	2	4	5	8	418	#
962	341087	1	4	5	11	419	#
963	331773	1	2	4	5	419	#
964	311476	0	1	2	4	419	#
965	293336	0	1	4	5	419	#
966	288312	0	1	2	6	451	#
967	175083	0	14	420	#
968	229918	0	3	420	#
969	157667	1	14	420	#
970	292926	4	5	6	7	8	421	#
971	287435	2	4	5	7	8	421	#
972	268645	2	5	6	7	8	421	#
973	219392	1	2	4	5	8	421	#
974	434037	0	1	2	4	5	6	7	8	423	#
975	532338	0	1	2	3	4	5	6	7	423	#
976	500876	0	1	2	3	4	5	6	8	423	#
977	461197	0	1	3	4	5	6	7	8	423	#
978	438393	1	2	4	5	6	7	8	11	423	#
979	121589	10	14	424	#
980	126615	1	14	424	#
981	114610	4	10	424	#
982	486472	0	3	4	5	6	7	8	11	425	#
983	479787	0	1	3	5	6	7	8	11	425	#
984	443631	0	1	2	4	5	7	8	9	425	#
985	428684	0	3	4	5	6	7	8	14	425	#
986	424690	0	1	3	4	5	6	7	8	425	#
987	365716	0	1	2	4	5	6	7	8	425	#
988	401766	0	1	3	4	5	7	8	428	#
989	383429	0	1	3	4	6	7	8	428	#
990	333398	0	3	4	5	6	7	8	428	#
991	92035	10	13	431	#
992	19154	7	13	431	#
993	142608	11	12	432	#
994	130116	12	13	432	#
995	112303	5	11	432	#
996	351507	0	1	3	4	5	6	7	8	14	#
997	281620	0	1	2	5	7	8	568	#
998	699455	0	1	2	3	4	5	6	7	8	11	12	14	434	#
999	691451	0	1	2	3	4	5	6	7	8	9	11	13	434	#
1000	645133	0	1	2	3	4	5	6	7	8	11	13	14	434	#
1001	626686	0	1	2	3	4	5	6	7	8	9	10	11	434	#
1002	697779	0	1	2	3	4	5	6	7	8	11	435	#
1003	672840	0	1	2	3	4	5	6	7	8	14	435	#
1004	662563	0	1	2	3	4	5	6	7	8	12	435	#
1005	659759	0	1	2	3	4	5	6	7	8	9	435	#
1006	567687	0	1	2	3	4	5	6	7	8	10	435	#
1007	359393	0	3	6	7	8	10	436	#
1008	401214	0	1	3	4	6	12	436	#
1009	383379	0	1	2	3	4	6	436	#
1010	330040	3	5	6	7	8	13	436	#
1011	306618	3	4	5	6	7	8	436	#
1012	263091	2	5	6	7	8	10	436	#
1013	480216	1	2	3	4	5	6	7	8	10	438	#
1014	560866	0	1	2	4	5	7	8	10	11	438	#
1015	514756	0	1	2	4	5	6	7	8	14	438	#
1016	491562	1	2	4	5	6	7	8	10	12	438	#
1017	559584	0	1	2	4	5	6	7	8	11	14	#
1018	420700	1	2	3	4	5	6	7	8	10	441	#
1019	333075	0	1	2	3	4	5	6	8	444	#
1020	515546	0	1	2	3	6	7	8	9	13	441	#
1021	132258	10	14	442	#
1022	161835	4	14	442	#
1023	60767	7	10	442	#
1024	336875	0	1	3	4	5	6	7	8	13	459	#
1025	402249	0	1	4	5	6	7	8	9	14	459	#
1026	348727	0	1	3	4	5	6	7	8	10	459	#
1027	289219	0	1	3	4	460	#
1028	321170	0	1	3	9	460	#
1029	292842	0	1	3	12	460	#
1030	323685	0	1	3	4	5	6	7	8	519	#
1031	296631	1	2	3	4	5	6	7	8	519	#
1032	299565	0	1	2	5	461	#
1033	353566	0	1	2	3	461	#
1034	322782	0	1	3	14	461	#
1035	276661	0	1	2	4	461	#
1036	97779	5	6	7	8	461	#
1037	213304	1	2	4	5	8	14	462	#
1038	257168	0	1	2	4	504	#
1039	212521	2	4	5	8	9	12	462	#
1040	210966	0	1	2	4	#
1041	161538	2	4	5	9	521	#
1042	447157	1	2	4	5	6	7	8	9	11	14	463	#
1043	485466	0	1	2	3	4	5	6	7	8	9	463	#
1044	452679	0	1	2	3	6	7	8	9	464	#
1045	435352	0	3	4	5	6	7	8	9	464	#
1046	410602	3	4	5	6	7	8	9	12	464	#
1047	360377	0	1	3	5	6	7	8	10	464	#
1048	346815	0	1	2	3	5	6	7	8	464	#
1049	334306	0	1	3	4	5	6	7	8	464	#
1050	254565	0	3	13	465	#
1051	272551	0	3	6	465	#
1052	222451	0	3	5	465	#
1053	367466	0	1	2	4	5	466	#
1054	457694	0	1	3	4	5	466	#
1055	265664	1	2	4	5	8	466	#
1056	347141	0	3	5	6	7	8	468	#
1057	429980	0	1	2	3	5	6	468	#
1058	369968	0	1	3	6	7	8	468	#
1059	362390	0	1	2	3	4	6	468	#
1060	357854	0	1	2	4	5	8	468	#
1061	296447	1	2	4	5	7	8	468	#
1062	325923	0	1	3	6	7	8	496	#
1063	328240	0	1	3	4	6	14	#
1064	590649	0	1	2	3	6	7	8	14	502	#
1065	303204	0	3	6	7	8	471	#
1066	357069	0	1	3	6	7	471	#
1067	407027	0	1	2	3	4	6	496	#
1068	430993	0	1	2	4	5	7	8	11	12	500	#
1069	189113	0	1	472	#
1070	197111	0	3	472	#
1071	564014	0	1	2	3	5	6	7	8	11	#
1072	183862	1	2	4	5	476	#
1073	213028	0	1	2	4	476	#
1074	118919	13	14	#
1075	441959	0	1	2	4	5	12	13	479	#
1076	573895	0	1	2	3	4	6	12	479	#
1077	482010	0	1	2	3	4	6	7	479	#
1078	477490	0	1	2	3	4	5	6	479	#
1079	419012	0	1	2	3	4	5	13	479	#
1080	350822	1	2	4	5	6	7	8	479	#
1081	466240	0	3	5	6	7	8	9	480	#
1082	431163	0	1	3	4	5	6	7	480	#
1083	423572	0	1	3	5	6	7	8	480	#
1084	417334	0	2	3	5	6	7	8	480	#
1085	334656	0	1	2	4	5	8	9	480	#
1086	319003	2	3	4	5	6	7	8	480	#
1087	365737	0	1	2	3	4	5	6	8	11	#
1088	416679	1	2	3	5	6	7	8	13	482	#
1089	478198	2	3	4	5	6	7	8	14	482	#
1090	429887	0	1	2	3	5	6	7	8	482	#
1091	402415	1	2	3	4	5	6	7	8	482	#
1092	387399	1	2	4	5	6	7	8	12	482	#
1093	295904	1	2	5	6	7	8	10	13	482	#
1094	240691	0	1	2	3	483	#
1095	267134	0	1	3	4	483	#
1096	566041	0	1	2	4	5	6	7	8	14	484	#
1097	599199	0	1	2	4	5	6	7	8	11	484	#
1098	589789	0	1	2	3	4	5	11	12	13	484	#
1099	155541	2	4	5	486	#
1100	140872	1	4	5	486	#
1101	325195	1	4	9	12	13	518	#
1102	179939	9	14	487	#
1103	166376	7	9	487	#
1104	215791	5	6	7	8	553	#
1105	306232	0	1	3	4	5	6	490	#
1106	300475	0	3	6	7	8	#
1107	270434	3	5	6	7	8	9	490	#
1108	477454	0	1	2	3	4	5	8	13	507	#
1109	361623	0	1	2	4	5	8	506	#
1110	408838	0	1	2	3	4	5	7	8	507	#
1111	411799	1	2	3	4	5	6	7	8	13	491	#
1112	476733	1	2	3	4	5	6	7	8	11	491	#
1113	473934	0	1	2	3	4	6	7	8	9	491	#
1114	427177	0	1	2	3	4	5	6	8	507	#
1115	235420	9	12	493	#
1116	173218	12	14	493	#
1117	314086	1	2	4	5	7	8	494	#
1118	339672	0	1	2	4	5	8	494	#
1119	327830	3	4	5	6	7	8	494	#
1120	397238	1	2	4	5	6	7	8	9	11	539	#
1121	435153	0	1	2	3	4	5	7	8	9	539	#
1122	388225	0	1	2	4	5	6	7	8	13	540	#
1123	584755	0	1	2	3	5	6	7	8	12	540	#
1124	470574	0	1	2	3	4	5	7	8	10	541	#
1125	519348	0	1	2	3	4	5	6	8	9	541	#
1126	480047	0	1	3	4	5	6	7	8	14	541	#
1127	360329	0	2	3	4	5	6	7	8	543	#
1128	424499	0	1	2	3	4	5	7	8	543	#
1129	414823	0	1	2	4	5	6	7	8	543	#
1130	379574	1	2	3	4	5	6	7	8	543	#
1131	419082	0	1	3	4	5	6	7	8	13	544	#
1132	485940	0	1	3	4	5	6	7	8	12	544	#
1133	232492	1	2	4	5	14	545	#
1134	318371	0	1	2	3	4	545	#
1135	281028	0	1	2	3	5	545	#
1136	252544	1	2	4	5	8	545	#
1137	250447	1	2	5	7	8	545	#
1138	213162	5	6	7	8	14	545	#
1139	377528	1	2	4	5	6	7	8	12	546	#
1140	420780	1	2	4	5	6	7	8	9	546	#
1141	413289	1	2	3	4	5	6	7	8	546	#
1142	410874	1	2	4	5	6	7	8	11	546	#
1143	356460	0	1	3	4	5	6	7	8	546	#
1144	438488	0	1	2	3	4	5	8	11	12	547	#
1145	533869	0	1	2	3	5	6	7	8	9	547	#
1146	445552	0	1	2	3	4	5	6	7	10	550	#
1147	465897	0	1	2	3	4	5	6	7	13	550	#
1148	457857	0	1	2	3	5	14	551	#
1149	475155	0	1	2	3	5	6	551	#
1150	465528	0	1	2	3	6	7	551	#
1151	403937	0	3	5	6	7	8	551	#
1152	399034	2	5	6	7	8	14	551	#
1153	293609	1	2	4	5	7	8	551	#
1154	301377	0	3	6	7	553	#
1155	253106	0	1	3	6	553	#
1156	386960	0	1	3	4	5	6	7	8	555	#
1157	492427	0	3	4	5	6	7	8	9	555	#
1158	414586	0	1	2	4	5	7	8	14	555	#
1159	394864	0	2	3	4	5	6	7	8	555	#
1160	336619	2	3	4	5	6	7	8	556	#
1161	371730	1	2	3	4	5	6	7	556	#
1162	297456	0	2	3	5	6	7	8	556	#
1163	291194	2	4	5	6	7	8	14	556	#
1164	252582	1	2	4	5	6	7	8	556	#
1165	238123	0	1	2	4	5	7	8	556	#
1166	685342	0	1	2	3	4	5	6	7	8	9	12	14	#
1167	306427	0	3	6	7	8	558	#
1168	408527	0	3	6	7	11	558	#
1169	362476	0	1	2	3	6	558	#
1170	338281	0	1	3	6	7	558	#
1171	588545	0	1	2	3	4	5	6	13	559	#
1172	629480	0	1	2	3	4	5	6	7	559	#
1173	527565	1	2	3	4	5	6	7	8	559	#
1174	518887	0	1	2	3	5	6	7	8	559	#
1175	465424	0	1	2	4	5	6	7	8	559	#
1176	415730	1	2	4	5	6	7	8	13	559	#
1177	455297	0	1	2	3	4	5	6	562	#
1178	519067	0	1	2	3	4	5	11	562	#
1179	487687	0	1	2	3	4	6	7	562	#
1180	387585	0	1	2	3	4	6	10	562	#
1181	374305	0	1	2	3	6	13	14	562	#
1182	447525	0	2	3	4	5	6	7	8	14	563	#
1183	497070	0	2	3	4	5	6	7	8	11	563	#
1184	227463	1	2	4	5	8	564	#
1185	294556	0	1	2	4	5	564	#
1186	292212	0	1	4	5	8	564	#
1187	254192	1	4	5	7	8	564	#
1188	609368	0	1	2	3	4	5	6	7	9	12	#
1189	636173	0	1	2	3	4	5	6	7	8	12	13	#
1190	389524	0	1	2	4	5	12	568	#
1191	429036	1	2	4	5	9	12	568	#
1192	386096	0	1	2	3	5	6	568	#
1193	380118	0	1	2	3	6	7	568	#
1194	866444	0	1	2	3	4	5	6	7	8	10	11	13	14	569	#
1195	938810	0	1	2	3	4	5	6	7	8	9	11	13	14	569	#
1196	911708	0	1	2	3	4	5	6	7	8	9	11	12	14	569	#
1197	898629	0	1	2	3	4	5	6	7	8	9	11	12	13	569	#
1198	846859	0	1	2	3	4	5	6	7	8	9	10	11	14	569	#
1199	839343	0	1	2	3	4	5	6	7	8	10	11	12	14	569	#
