%% File generated by CATS v.2.1Mon Aug 19 18:20:06 2019

%% The CATS webpage is http://robotics.stanford.edu/CATS

%% PARAMETER SETTINGS:
% Goods: 35; Bids: 700; Distribution: regions-npv; Runs: 10; Seed: 1566241321
% Regions Distribution Parameters:
% Max Substitutable Bids = 5
% Removing HV Neighbor   = 0.1
% Adding DIAG Neighbor   = 0.2
% Additional Location    = 0.9
% Jump Probability       = 0.05
% Additivity             = 0.2
% Budget Factor          = 1.5
% Resale Factor          = 0.5
% Normal Private Value:
%   Mean                 = 0
%   Standard Deviation   = 30



goods 35
bids 703
dummy 131

0	190345	7	12	13	14	18	19	22	23	24	35	#
1	277119	1	2	3	5	6	7	12	13	18	35	#
2	225094	9	12	13	14	18	19	22	23	24	35	#
3	200773	10	11	12	13	14	18	22	23	24	35	#
4	87804	26	#
5	464056	2	3	4	7	8	12	13	17	18	31	36	#
6	619732	4	7	8	9	11	13	14	18	19	23	36	#
7	528777	2	6	7	8	11	12	13	16	17	30	36	#
8	523587	5	10	13	15	16	17	18	19	21	23	36	#
9	515196	2	4	7	8	9	12	13	14	17	19	36	#
10	501827	3	4	8	9	13	14	18	19	23	24	36	#
11	476039	3	8	9	13	14	17	18	37	#
12	404106	7	8	9	13	14	18	19	37	#
13	394301	12	15	16	17	20	21	29	37	#
14	375818	9	13	14	17	18	19	23	37	#
15	370564	3	4	8	9	13	14	19	37	#
16	366140	8	13	17	18	19	23	30	37	#
17	265496	30	33	34	38	#
18	234318	16	21	34	38	#
19	174352	8	13	33	38	#
20	168432	7	8	30	38	#
21	626993	13	14	15	16	17	18	19	20	21	22	23	24	39	#
22	755263	2	3	8	13	14	17	18	19	23	24	25	27	39	#
23	688613	9	12	13	14	16	17	18	19	21	22	23	24	39	#
24	671243	6	7	9	11	12	13	14	17	18	22	23	24	39	#
25	648639	6	7	11	12	13	14	18	19	21	22	23	24	39	#
26	645521	7	9	12	13	14	17	18	19	22	23	24	25	39	#
27	641147	1	2	3	4	5	6	7	8	9	12	13	14	16	17	18	23	32	40	#
28	863843	2	3	6	7	8	9	11	12	13	16	17	18	19	21	22	23	24	40	#
29	854714	2	6	7	8	9	11	12	13	14	15	16	17	18	19	21	23	24	40	#
30	849706	0	1	2	3	7	8	9	12	13	14	15	16	17	18	19	21	22	40	#
31	848560	0	1	2	3	4	6	7	8	9	12	13	16	17	18	19	21	22	40	#
32	833736	1	2	6	7	8	11	12	13	15	16	17	18	19	21	22	23	24	40	#
33	211754	3	8	13	18	41	#
34	251459	1	2	3	8	41	#
35	221752	8	9	13	18	41	#
36	143135	18	#
37	152438	8	13	#
38	143382	30	#
39	184607	13	18	19	22	23	24	29	42	#
40	236403	7	12	17	18	19	22	23	42	#
41	210846	6	7	12	13	43	#
42	297610	13	14	17	18	43	#
43	249196	1	5	6	7	43	#
44	235472	7	11	12	13	43	#
45	213858	6	7	12	26	43	#
46	469403	0	1	2	3	7	8	9	13	44	#
47	512766	0	1	2	7	8	11	12	13	44	#
48	504542	4	8	9	13	14	18	19	24	44	#
49	429336	8	13	14	18	19	22	23	24	44	#
50	428406	0	1	2	3	4	7	8	9	44	#
51	423674	0	1	2	5	6	7	8	13	44	#
52	965404	0	1	2	3	4	5	6	7	8	9	10	11	12	13	14	15	16	17	18	19	20	21	22	23	24	45	#
53	1005216	0	1	2	3	4	5	6	7	8	9	10	11	12	13	14	15	16	17	18	19	20	21	22	23	29	45	#
54	1004021	0	1	2	3	5	6	7	8	9	10	11	12	13	14	15	16	17	18	19	20	21	22	23	31	34	45	#
55	986561	0	2	3	4	5	6	7	8	9	10	11	12	13	14	15	16	17	18	19	20	21	22	23	24	27	45	#
56	976036	0	1	2	3	4	5	6	7	8	9	10	11	12	13	14	15	16	17	18	19	21	22	23	24	26	45	#
57	950286	0	1	2	3	4	6	7	8	9	10	11	12	13	14	15	16	17	18	19	20	21	22	23	24	34	45	#
58	656190	0	1	2	3	4	5	6	7	8	9	10	11	12	13	16	27	33	46	#
59	820130	0	1	2	3	4	5	6	7	8	9	11	12	13	14	17	18	19	46	#
60	784236	0	1	2	3	5	6	7	8	11	12	13	14	15	16	17	18	21	46	#
61	774390	0	1	2	3	5	6	7	8	9	11	12	13	15	16	17	18	22	46	#
62	765564	6	9	11	12	13	14	15	16	17	18	19	21	22	23	24	25	27	46	#
63	765344	0	1	2	5	6	7	8	9	10	11	12	13	16	17	18	19	23	46	#
64	75181	8	#
65	622582	6	8	11	12	13	14	16	17	18	19	22	23	24	47	#
66	709290	2	4	7	8	9	13	14	17	18	19	22	23	24	47	#
67	701180	1	2	3	5	6	7	8	11	13	16	20	21	34	47	#
68	649332	11	12	13	14	16	17	18	19	20	21	22	23	24	47	#
69	648835	4	8	9	13	14	16	17	18	19	22	23	24	27	47	#
70	630763	2	3	4	6	7	8	9	11	12	13	14	18	31	47	#
71	184845	0	5	10	48	#
72	238994	0	5	6	48	#
73	174115	5	10	11	48	#
74	142902	10	11	12	48	#
75	39166	19	#
76	9649	23	24	#
77	1212933	0	1	2	3	4	5	6	7	8	9	10	11	12	13	14	15	16	17	18	19	20	21	22	23	24	27	34	50	#
78	1471463	0	1	2	3	4	5	6	7	8	9	10	11	12	13	14	15	16	17	18	19	20	21	22	23	24	30	32	50	#
79	1418269	0	1	2	3	4	5	6	7	8	9	10	11	12	13	14	15	16	17	18	19	20	21	22	23	24	26	30	50	#
80	1362298	0	1	2	3	4	5	6	7	8	9	10	11	12	13	14	15	16	17	18	19	20	21	22	23	24	29	32	50	#
81	1356115	0	1	2	3	4	5	6	7	8	9	10	11	12	13	14	15	16	17	18	19	20	21	22	23	24	31	32	50	#
82	1356066	0	1	2	3	4	5	6	7	8	9	10	11	12	13	14	15	16	17	18	19	20	21	22	23	24	25	30	50	#
83	633073	0	1	2	3	4	5	6	7	8	9	10	30	51	#
84	821408	2	3	5	6	7	8	10	11	13	14	18	30	51	#
85	723845	0	1	2	5	6	7	8	9	10	13	14	18	51	#
86	720539	3	4	8	9	13	14	16	18	19	21	22	23	51	#
87	700134	0	1	2	3	5	6	7	8	9	11	15	16	51	#
88	630626	5	6	7	11	12	13	14	16	17	21	22	28	51	#
89	674454	0	1	2	3	5	7	12	13	14	15	16	17	18	19	23	24	52	#
90	819558	0	1	2	3	4	5	6	7	10	11	15	16	17	18	21	22	52	#
91	777404	0	5	6	10	11	12	13	14	15	16	17	18	21	22	23	29	52	#
92	762787	0	1	2	3	4	5	6	7	8	10	12	16	17	21	22	33	52	#
93	762756	0	1	2	3	4	6	7	8	9	10	11	13	14	18	19	23	52	#
94	728194	1	2	3	4	6	7	8	9	10	11	12	13	14	16	17	30	52	#
95	1010742	0	1	2	3	4	5	6	7	8	9	10	11	12	13	14	15	16	17	18	19	20	21	22	23	24	53	#
96	1137659	0	1	2	3	4	5	6	7	8	9	10	11	12	13	14	15	16	18	19	20	21	22	23	27	34	53	#
97	1114838	0	2	3	4	5	6	7	8	9	10	11	12	13	14	15	16	17	18	19	20	21	22	23	24	34	53	#
98	1072204	0	2	3	4	5	6	7	8	9	10	11	12	13	14	15	16	17	18	19	20	22	23	24	29	34	53	#
99	1068113	0	2	3	4	5	6	7	8	9	10	11	12	13	14	15	16	17	18	19	20	21	22	23	24	33	53	#
100	1038802	0	1	2	3	4	5	6	7	8	9	10	11	12	13	14	16	17	18	19	20	21	22	23	24	29	53	#
101	468322	1	2	3	5	6	7	8	9	10	14	54	#
102	674664	0	1	2	5	6	7	8	9	12	13	54	#
103	548007	2	3	4	6	7	8	9	12	13	14	54	#
104	534011	0	1	2	5	6	7	10	12	13	17	54	#
105	509930	1	2	3	6	7	8	9	12	13	23	54	#
106	455614	7	8	9	12	13	14	17	18	19	23	54	#
107	426642	3	4	6	7	8	9	10	11	12	13	14	16	17	18	19	22	23	24	28	55	#
108	637693	0	1	2	3	4	5	6	7	8	9	10	11	12	13	15	16	17	20	21	55	#
109	627262	1	2	3	6	7	8	9	12	13	14	16	17	18	19	20	21	22	23	24	55	#
110	621631	0	1	2	3	5	6	7	10	11	12	13	14	15	16	17	19	20	22	31	55	#
111	620851	3	4	7	8	9	11	12	13	14	16	17	18	19	20	21	22	23	24	33	55	#
112	600300	2	3	4	6	7	8	9	11	12	13	14	16	17	18	19	21	22	23	24	55	#
113	125854	33	#
114	81971	5	29	#
115	149468	6	11	#
116	167155	1	2	3	4	6	7	57	#
117	236292	5	6	7	8	11	12	57	#
118	214688	2	3	4	7	9	14	57	#
119	104995	3	7	8	9	12	17	57	#
120	330755	12	13	14	18	23	24	30	58	#
121	350169	9	13	14	18	19	23	24	58	#
122	300352	8	12	13	14	18	22	23	58	#
123	280063	12	14	17	18	19	23	24	58	#
124	246122	14	17	18	19	22	23	24	58	#
125	236664	13	14	18	19	22	23	24	58	#
126	95591	34	#
127	64882	28	#
128	640739	2	3	6	7	8	9	13	59	#
129	649135	3	4	8	9	13	14	18	59	#
130	637325	2	3	7	8	9	13	14	59	#
131	587479	2	3	4	6	7	8	9	59	#
132	569988	8	11	12	13	16	17	21	59	#
133	521878	1	2	3	7	8	12	13	59	#
134	160004	2	6	7	12	60	#
135	177987	1	2	3	4	60	#
136	146694	6	10	11	16	60	#
137	143279	1	2	7	12	60	#
138	96149	6	7	11	12	60	#
139	272410	1	2	7	11	12	13	61	#
140	396353	6	10	11	16	21	22	61	#
141	350039	0	1	2	5	6	27	61	#
142	307850	1	2	6	7	21	30	61	#
143	284146	1	2	5	6	7	11	61	#
144	119059	1	6	#
145	57753	22	23	#
146	739698	8	9	11	12	13	15	16	17	18	19	20	21	22	23	24	33	62	#
147	935922	2	3	6	7	9	11	12	13	14	15	16	17	18	21	23	33	62	#
148	852435	1	2	3	6	7	8	9	11	12	13	15	16	17	18	21	26	62	#
149	781346	1	2	7	8	9	12	13	14	15	16	17	18	19	21	23	24	62	#
150	772238	2	3	5	6	10	11	12	13	15	16	17	18	19	20	21	23	62	#
151	728045	0	2	3	5	6	7	10	11	12	13	15	16	17	18	20	21	62	#
152	257626	11	12	15	16	17	20	21	63	#
153	368038	10	11	15	16	17	18	21	63	#
154	360949	15	16	17	18	19	21	23	63	#
155	248082	0	1	5	6	7	12	17	63	#
156	235008	15	16	17	18	20	21	22	63	#
157	188443	18	23	64	#
158	203239	14	18	64	#
159	469595	7	12	13	15	16	17	18	19	20	21	22	23	65	#
160	654194	7	8	9	11	12	13	15	16	17	18	21	22	65	#
161	644886	6	9	11	12	13	14	15	16	17	18	21	22	65	#
162	561532	1	2	3	5	6	7	8	9	12	13	14	17	65	#
163	516133	5	10	11	12	13	16	17	18	19	20	21	22	65	#
164	503962	7	12	13	15	16	17	18	20	21	22	23	24	65	#
165	241252	0	1	6	7	10	11	15	66	#
166	291124	0	1	5	6	10	11	12	66	#
167	276351	0	5	6	11	12	17	34	66	#
168	263396	0	1	2	6	7	12	13	66	#
169	252009	0	1	5	6	7	11	12	66	#
170	200785	10	15	16	17	18	20	21	66	#
171	222848	1	5	6	7	12	13	16	17	67	#
172	326944	2	6	7	8	11	12	13	17	67	#
173	268773	6	11	12	13	15	16	17	19	67	#
174	217821	13	14	17	18	19	22	23	24	67	#
175	776856	3	4	7	8	9	10	11	12	13	14	15	16	17	18	19	20	21	22	23	24	68	#
176	1092905	0	1	2	3	5	6	7	8	9	10	11	14	15	16	17	18	19	21	24	33	68	#
177	1007713	0	1	2	6	7	8	9	12	13	14	15	16	17	18	19	20	21	22	23	24	68	#
178	972399	0	1	2	3	5	6	8	9	11	12	13	14	15	16	17	18	19	22	23	24	68	#
179	939601	0	1	5	6	8	10	11	12	13	14	15	16	17	18	19	20	21	22	23	24	68	#
180	930092	0	2	5	7	8	10	11	12	14	15	16	17	18	19	20	21	22	23	24	34	68	#
181	156799	17	18	69	#
182	184464	13	18	69	#
183	540921	11	12	13	14	18	19	21	22	23	70	#
184	581358	9	11	12	14	18	19	21	22	23	70	#
185	472759	9	12	13	14	18	19	22	23	24	70	#
186	464198	13	14	17	18	19	21	22	23	24	70	#
187	429761	4	5	7	8	9	13	14	18	23	70	#
188	405641	3	7	8	9	12	13	14	18	19	70	#
189	1173105	0	3	4	5	6	7	8	9	10	11	12	13	14	15	16	17	18	19	20	21	22	24	71	#
190	1235311	0	2	3	4	5	6	7	8	9	10	11	12	13	14	15	16	17	18	19	20	21	22	71	#
191	1217597	0	1	2	3	4	5	6	7	8	9	10	11	12	13	14	15	16	17	18	20	21	22	71	#
192	1200766	0	4	6	8	9	10	11	12	13	14	15	16	17	18	19	20	21	22	23	24	27	33	71	#
193	1196244	3	4	5	6	7	8	9	10	11	12	13	14	15	16	17	18	19	20	21	22	27	30	71	#
194	1182722	1	2	3	4	5	6	7	8	9	12	13	14	16	17	18	19	20	21	22	23	24	26	71	#
195	163994	2	3	#
196	148978	18	23	24	72	#
197	148290	14	19	24	72	#
198	146952	18	22	23	72	#
199	146238	17	18	22	72	#
200	270605	13	14	17	18	22	73	#
201	399490	9	13	14	19	23	73	#
202	326751	8	13	14	18	23	73	#
203	267339	7	8	12	13	14	73	#
204	236437	16	17	21	22	23	73	#
205	208456	10	11	16	17	21	73	#
206	497593	4	9	11	15	16	17	20	21	22	74	#
207	442482	5	10	15	16	17	18	20	21	22	74	#
208	440841	2	3	4	7	8	9	13	18	23	74	#
209	437613	5	6	10	11	15	16	20	21	22	74	#
210	400788	2	3	4	18	19	21	22	23	24	74	#
211	348629	7	11	12	13	15	16	17	20	21	74	#
212	60870	1	2	7	75	#
213	16880	0	1	17	75	#
214	463288	7	8	9	13	14	18	19	23	24	76	#
215	579961	1	2	7	8	9	12	13	14	18	76	#
216	418906	8	12	13	18	19	23	24	26	27	76	#
217	418568	4	7	8	9	12	13	14	18	34	76	#
218	412491	4	6	9	12	13	14	18	23	24	76	#
219	386044	7	8	12	14	17	18	22	23	24	76	#
220	225844	0	1	5	6	11	77	#
221	199967	0	1	5	6	7	77	#
222	197834	0	1	5	6	10	77	#
223	193202	6	10	11	16	21	77	#
224	165062	5	10	11	16	21	77	#
225	135090	32	#
226	382601	7	12	15	17	18	19	20	21	22	23	78	#
227	471787	8	12	13	15	16	17	18	20	21	22	78	#
228	457893	13	14	15	16	17	18	20	21	22	23	78	#
229	411016	9	10	11	12	14	16	17	18	21	34	78	#
230	400031	1	5	6	7	15	16	20	21	22	28	78	#
231	347587	14	15	16	17	19	20	21	22	23	24	78	#
232	107219	3	4	6	7	8	27	#
233	545272	6	7	11	12	13	14	17	18	19	20	21	22	23	24	25	79	#
234	685005	8	11	13	14	15	16	17	18	19	20	21	22	23	24	33	79	#
235	577466	6	7	8	11	12	13	14	15	16	17	18	20	21	22	25	79	#
236	572924	9	11	12	13	14	15	16	17	18	19	20	21	22	23	24	79	#
237	565523	1	2	3	4	7	8	9	12	13	14	17	18	19	23	33	79	#
238	550240	1	2	3	5	6	7	8	10	11	12	13	15	16	18	21	79	#
239	602885	7	8	11	12	13	14	18	19	23	24	80	#
240	697490	0	1	6	8	13	14	18	19	23	24	80	#
241	695681	9	13	14	17	18	19	21	22	23	24	80	#
242	686014	3	8	9	12	13	14	18	19	23	24	80	#
243	685216	12	14	16	17	18	19	21	22	23	24	80	#
244	674244	13	14	17	18	19	20	21	22	23	24	80	#
245	1381054	0	1	2	3	4	5	6	7	8	9	10	11	12	13	14	15	16	17	18	19	20	21	22	23	24	81	#
246	1484902	0	1	2	3	5	6	7	8	9	10	11	12	13	14	15	16	17	18	19	20	21	22	23	24	26	81	#
247	1464126	0	1	2	3	5	6	7	8	9	10	11	12	13	14	15	16	17	18	19	20	21	22	23	24	33	81	#
248	1441160	0	1	2	3	4	5	6	7	8	9	10	11	12	13	14	15	16	17	18	19	20	21	22	23	32	81	#
249	1425735	0	1	2	3	5	6	7	8	9	10	11	12	13	14	15	16	17	18	19	20	21	22	23	24	34	81	#
250	1396623	0	1	2	3	4	5	6	7	8	9	10	11	12	13	14	15	16	17	18	20	21	22	23	24	25	81	#
251	227993	9	14	19	82	#
252	172952	13	14	18	82	#
253	156106	4	9	14	82	#
254	516162	0	1	2	3	4	5	6	7	8	9	10	11	12	13	14	15	16	17	20	21	22	29	83	#
255	617712	0	1	2	3	4	5	6	7	8	10	11	12	13	14	15	16	17	18	20	21	22	33	83	#
256	599879	0	1	2	3	5	6	7	8	11	12	13	14	15	16	17	18	19	21	22	23	24	29	83	#
257	584046	0	1	2	5	6	7	8	10	11	12	13	15	16	17	18	19	20	21	22	23	24	30	83	#
258	580142	0	1	2	3	4	5	6	7	8	9	11	12	13	14	17	18	19	21	22	23	24	28	83	#
259	576444	0	1	2	3	4	5	6	7	8	9	10	11	12	13	14	17	18	19	21	22	23	24	83	#
260	556258	3	4	8	9	13	14	17	18	19	21	22	84	#
261	747084	3	4	9	11	14	15	16	18	20	21	23	84	#
262	662640	0	5	9	14	16	17	18	20	21	22	23	84	#
263	631491	3	4	9	14	18	19	21	22	23	24	26	84	#
264	604207	2	3	4	7	8	9	13	14	18	19	23	84	#
265	600975	1	2	3	4	7	8	9	11	12	14	16	84	#
266	617215	1	2	6	7	10	11	12	15	16	17	18	20	21	22	23	29	85	#
267	866499	1	2	3	5	9	10	11	14	15	18	19	20	21	22	23	24	85	#
268	831820	2	3	8	9	12	14	15	16	17	18	19	20	21	22	23	24	85	#
269	761983	2	4	6	7	8	9	10	11	12	14	15	16	20	21	22	23	85	#
270	729527	4	7	8	9	10	11	12	14	17	18	19	20	21	22	23	24	85	#
271	696683	1	2	6	7	9	10	11	12	14	16	17	18	19	21	22	23	85	#
272	362116	0	1	5	6	7	10	11	12	15	16	21	86	#
273	528821	2	3	4	5	6	7	8	9	12	13	14	86	#
274	489054	14	15	16	17	18	19	20	21	22	23	24	86	#
275	472646	0	1	2	5	10	11	12	15	16	21	30	86	#
276	443655	0	5	10	11	12	15	16	17	21	22	23	86	#
277	428501	2	3	7	8	9	12	17	18	19	23	31	86	#
278	682584	0	1	2	5	6	7	10	11	15	16	20	21	87	#
279	648193	0	1	2	3	4	5	8	15	16	20	21	33	87	#
280	614361	2	5	7	10	11	12	15	16	17	18	20	21	87	#
281	598975	0	2	5	7	10	11	12	15	16	17	20	21	87	#
282	596267	0	2	5	6	7	10	11	12	15	16	20	21	87	#
283	532233	0	1	2	3	4	5	6	7	8	9	11	13	87	#
284	1098435	0	1	2	3	4	5	6	7	8	9	10	12	13	14	17	18	19	22	25	26	88	#
285	1113563	0	1	2	4	5	6	7	8	9	10	11	12	13	14	17	18	19	22	23	25	88	#
286	1097090	2	3	4	7	8	9	12	13	14	15	16	17	18	19	20	21	22	23	24	26	88	#
287	1087076	0	2	3	4	7	8	9	11	12	13	14	16	17	18	19	21	22	23	24	27	88	#
288	1062768	2	3	6	7	8	9	10	11	12	13	14	15	17	18	19	20	21	22	23	24	88	#
289	1057581	0	1	2	5	6	7	8	10	11	12	13	14	16	17	18	19	21	22	23	24	88	#
290	127616	14	19	#
291	353179	5	12	16	17	20	21	22	90	#
292	404099	0	5	10	15	16	20	21	90	#
293	368476	15	16	17	18	20	21	22	90	#
294	355901	5	17	18	19	22	28	30	90	#
295	354144	7	8	12	16	17	21	22	90	#
296	280166	3	6	7	8	12	13	14	90	#
297	11679	27	#
298	872114	1	2	3	4	6	7	8	9	13	14	18	19	20	21	22	23	24	31	91	#
299	1025950	0	1	2	3	4	5	6	7	8	9	11	12	13	14	15	18	19	23	91	#
300	1016780	0	1	2	3	4	5	6	7	8	9	10	11	12	13	14	18	19	23	91	#
301	955739	0	2	3	4	5	7	8	9	10	11	12	15	16	20	21	22	23	24	91	#
302	942331	2	3	5	6	7	8	10	11	12	13	14	18	19	22	23	24	25	27	91	#
303	910402	0	1	2	3	4	5	6	7	8	9	10	11	12	13	14	15	16	18	91	#
304	214315	3	8	9	92	#
305	280888	8	9	14	92	#
306	204068	2	3	4	92	#
307	18423	7	#
308	503798	0	1	2	6	7	8	11	12	13	16	93	#
309	557509	2	4	6	7	8	9	10	13	14	18	93	#
310	540787	6	7	8	9	12	13	14	18	19	23	93	#
311	522503	0	1	2	7	8	12	13	14	19	24	93	#
312	485269	9	12	14	15	16	17	18	19	22	24	93	#
313	467549	2	6	7	8	12	14	17	18	22	32	93	#
314	26404	4	#
315	40795	6	7	#
316	174236	0	30	#
317	1223509	1	2	3	4	6	7	8	9	10	11	12	13	14	16	17	18	19	21	22	23	24	26	27	160	#
318	74975	11	#
319	446410	10	11	12	14	15	16	17	18	19	22	23	24	95	#
320	608298	3	8	9	12	13	14	17	18	19	22	23	24	95	#
321	594572	4	8	9	12	13	14	16	17	18	19	23	24	95	#
322	585831	0	1	2	3	7	8	12	13	16	17	21	22	95	#
323	578957	2	3	4	6	7	8	9	11	12	14	16	19	95	#
324	505148	11	12	13	14	16	17	18	19	21	22	23	24	95	#
325	330446	0	4	5	6	9	14	18	19	22	23	24	96	#
326	478012	0	1	2	3	4	6	7	8	9	12	13	96	#
327	454316	0	1	2	3	5	6	7	10	11	16	17	96	#
328	417400	0	5	7	8	10	11	12	15	16	17	33	96	#
329	360616	6	10	11	12	15	16	17	18	21	22	23	96	#
330	348698	1	6	7	12	13	17	18	19	21	22	23	96	#
331	792235	6	7	8	9	12	13	14	17	18	19	21	22	23	24	25	97	#
332	781940	1	2	3	7	8	9	13	14	17	18	19	21	22	23	24	97	#
333	772549	1	2	3	5	6	7	8	13	17	18	19	21	22	23	24	97	#
334	769940	8	10	12	13	14	15	16	17	18	19	20	21	22	23	24	97	#
335	757275	0	1	5	6	10	11	12	13	15	17	18	19	23	25	29	97	#
336	749796	0	1	2	3	6	7	8	9	10	11	15	16	20	21	22	97	#
337	963894	0	1	2	3	4	5	6	7	8	9	10	11	12	13	14	15	16	17	18	19	20	21	22	23	24	25	98	#
338	1044976	0	1	2	3	4	5	6	7	8	9	10	11	12	13	14	15	16	17	18	19	20	21	22	23	30	34	98	#
339	970762	0	1	2	3	4	5	6	7	8	9	10	11	12	13	14	15	16	17	18	19	20	21	22	23	24	33	98	#
340	969827	0	1	2	3	4	5	6	7	9	10	11	12	13	14	15	16	17	18	19	20	21	22	23	24	30	32	98	#
341	959665	0	1	2	3	4	5	6	7	8	9	10	11	12	13	14	15	16	17	18	19	20	21	22	23	25	28	98	#
342	925337	0	1	2	3	4	5	6	7	8	9	10	11	12	13	14	15	16	17	18	19	20	21	22	23	24	30	98	#
343	349093	7	12	13	18	19	22	23	24	99	#
344	481501	1	2	3	6	7	8	9	13	99	#
345	460658	8	9	13	14	17	18	19	24	99	#
346	443866	8	13	14	18	19	22	23	24	99	#
347	440064	8	9	13	14	18	19	23	24	99	#
348	429231	11	12	15	16	17	18	21	22	99	#
349	67566	29	#
350	1223204	0	1	2	3	4	5	6	7	8	9	10	11	12	13	14	15	16	17	18	19	20	21	22	23	24	26	33	34	100	#
351	1277182	0	1	2	3	4	5	6	7	8	9	10	11	12	13	14	15	16	17	18	19	20	21	22	23	24	30	32	34	100	#
352	1257848	0	1	2	3	4	5	6	7	8	9	10	11	12	13	14	15	16	17	18	19	20	21	22	23	24	29	30	32	100	#
353	1256757	0	1	2	3	4	5	6	7	8	9	10	11	12	13	14	15	16	17	18	19	20	21	22	23	24	26	28	30	100	#
354	1248936	0	1	2	3	4	5	6	7	8	9	10	11	12	13	14	15	16	17	18	19	20	21	22	23	24	27	30	32	100	#
355	1240363	0	1	2	3	4	5	6	7	8	9	10	11	12	13	14	15	16	17	18	19	20	21	22	23	24	28	30	33	100	#
356	774453	5	6	8	9	11	12	13	14	16	17	18	19	20	21	22	23	24	101	#
357	937390	1	2	3	7	8	9	11	12	13	14	16	17	18	20	21	22	23	101	#
358	880629	1	6	8	9	10	11	12	13	15	16	17	18	20	21	22	23	32	101	#
359	859927	0	1	2	5	6	7	8	11	12	13	14	15	16	17	18	19	23	101	#
360	830896	2	3	5	6	7	8	10	11	12	13	14	15	16	17	18	21	22	101	#
361	830500	0	1	5	6	7	8	9	11	12	13	14	16	17	18	22	23	24	101	#
362	163804	6	10	11	15	20	21	102	#
363	227671	0	5	6	10	11	15	102	#
364	159116	15	16	17	20	21	30	102	#
365	155312	5	6	10	11	12	13	102	#
366	137976	10	11	15	16	20	21	102	#
367	127929	1	5	6	10	11	15	102	#
368	462852	6	7	10	11	12	15	16	21	22	29	103	#
369	579742	0	5	6	10	11	12	13	15	16	21	103	#
370	574534	0	1	5	6	7	10	11	16	21	22	103	#
371	561066	0	5	6	10	11	13	15	16	17	18	103	#
372	557029	6	7	8	10	11	12	13	14	16	18	103	#
373	537742	0	1	6	7	11	12	13	16	21	22	103	#
374	166896	0	5	104	#
375	116322	5	6	104	#
376	72593	0	1	104	#
377	53325	7	12	#
378	655174	0	1	5	6	8	10	11	12	13	17	18	23	105	#
379	764946	0	5	6	8	9	10	11	12	13	14	15	16	105	#
380	750812	0	1	2	3	5	6	7	8	9	11	13	16	105	#
381	743464	0	1	2	5	6	7	8	9	10	11	12	15	105	#
382	721696	0	1	2	3	4	5	6	7	8	9	10	11	105	#
383	677569	2	3	4	6	7	8	9	11	12	13	14	16	105	#
384	1312636	0	1	2	3	4	5	6	7	8	9	10	11	12	13	14	15	16	17	18	19	20	21	22	23	24	25	29	106	#
385	1386305	0	1	2	3	4	5	6	7	8	9	10	11	12	13	14	15	16	17	18	19	20	21	22	23	24	25	32	106	#
386	1347008	0	1	2	3	4	5	6	7	8	9	10	11	12	13	14	15	16	17	18	19	20	21	22	23	24	27	34	106	#
387	1338803	0	1	2	3	5	6	7	8	9	10	11	12	13	14	15	16	17	18	19	20	21	22	23	24	26	30	31	106	#
388	1337779	0	1	2	3	4	5	6	7	8	9	10	11	12	13	14	15	16	17	18	19	20	21	22	23	24	29	30	106	#
389	1335351	0	1	2	3	4	5	6	7	8	9	10	11	12	13	14	15	16	17	18	19	20	21	22	23	24	25	27	106	#
390	956436	2	3	4	7	8	9	10	11	12	13	17	18	19	29	33	107	#
391	955397	2	3	4	8	9	11	12	13	14	16	17	19	21	22	23	107	#
392	943004	0	1	2	6	7	8	9	10	11	12	13	14	16	17	18	107	#
393	917400	2	3	4	7	8	9	10	11	12	13	14	17	18	22	29	107	#
394	914065	2	3	4	6	7	8	9	11	12	13	14	17	18	19	22	107	#
395	891728	1	2	3	4	6	7	8	9	12	13	14	16	17	18	19	107	#
396	1073488	0	1	2	5	6	7	8	9	10	11	12	13	15	18	19	20	21	108	#
397	1158540	0	1	2	3	4	7	9	11	12	13	14	17	18	19	21	22	30	108	#
398	1070999	0	1	2	3	4	5	6	7	8	9	10	11	13	15	20	21	28	108	#
399	1013091	0	1	2	3	5	6	7	8	9	10	14	15	19	20	21	22	24	108	#
400	973927	0	1	2	3	4	5	6	7	9	10	11	12	13	14	18	19	28	108	#
401	946470	2	3	4	6	7	9	11	12	13	14	17	18	19	21	22	23	24	108	#
402	282820	2	7	8	9	109	#
403	373214	9	13	14	18	109	#
404	253004	7	8	13	14	109	#
405	194283	1	2	3	6	109	#
406	168360	2	7	8	12	109	#
407	860455	1	2	3	4	6	7	8	9	10	11	13	15	17	18	20	21	22	23	110	#
408	977804	0	1	2	3	5	6	7	8	9	10	11	12	13	14	15	18	19	29	110	#
409	973861	0	2	5	6	7	9	12	13	14	15	17	18	19	20	21	22	23	24	110	#
410	965513	0	1	2	3	5	6	7	8	9	10	11	12	13	14	15	19	20	21	110	#
411	940951	0	1	2	3	5	6	7	8	10	11	12	13	15	17	18	20	21	22	110	#
412	938686	0	1	2	3	6	7	8	10	11	12	13	14	17	18	19	21	22	29	110	#
413	233630	7	8	12	13	14	17	111	#
414	291527	11	12	13	14	17	18	111	#
415	231497	12	15	16	17	21	22	111	#
416	191148	7	11	12	13	17	18	111	#
417	165347	6	7	8	9	12	13	111	#
418	425561	2	3	8	9	13	14	112	#
419	416590	2	3	4	8	9	14	112	#
420	349728	9	13	14	18	19	23	112	#
421	324728	6	7	8	9	12	23	112	#
422	318886	8	9	12	13	14	17	112	#
423	306704	12	13	14	18	19	23	112	#
424	394615	8	9	14	17	18	19	22	23	24	113	#
425	504094	2	3	4	6	7	8	9	12	14	113	#
426	414898	7	10	11	12	13	14	17	18	22	113	#
427	408496	7	12	14	17	18	19	23	24	31	113	#
428	385907	12	15	16	17	18	19	20	21	23	113	#
429	382127	9	12	14	16	17	18	19	23	24	113	#
430	137062	5	6	10	114	#
431	159119	1	6	11	114	#
432	686804	0	1	2	6	11	15	16	17	19	20	21	22	23	24	115	#
433	809765	0	1	2	5	6	10	11	13	16	17	18	21	22	23	115	#
434	711890	1	3	6	8	11	12	13	14	16	17	20	21	33	34	115	#
435	709796	3	4	8	9	10	11	13	14	16	17	20	21	22	23	115	#
436	693319	0	1	2	3	4	5	6	7	11	12	16	17	21	22	115	#
437	653611	5	10	11	14	15	16	17	18	19	20	21	22	23	24	115	#
438	390434	0	1	5	6	11	21	116	#
439	406070	0	1	2	5	6	10	116	#
440	326830	0	5	6	7	10	11	116	#
441	291797	5	6	11	15	16	21	116	#
442	275293	1	6	11	12	13	18	116	#
443	263334	0	1	6	7	11	12	116	#
444	425366	0	1	2	3	6	25	117	#
445	346812	0	1	5	6	7	10	117	#
446	312560	0	1	2	6	7	8	117	#
447	283830	7	8	13	24	25	34	117	#
448	269812	2	3	6	7	11	12	117	#
449	246424	5	6	7	8	9	11	117	#
450	703962	0	1	2	3	6	7	8	9	11	12	13	15	16	21	22	118	#
451	890312	0	1	2	3	4	5	6	7	8	9	10	11	13	14	18	118	#
452	852914	0	1	2	3	4	5	6	7	8	9	11	12	13	14	18	118	#
453	798433	0	1	2	3	5	6	7	10	12	15	21	23	24	25	30	118	#
454	774934	0	1	2	3	5	6	7	8	10	11	13	14	15	19	33	118	#
455	758543	0	2	3	4	5	7	8	9	10	12	13	14	18	22	23	118	#
456	63500	12	17	22	119	#
457	51450	7	12	13	119	#
458	10676	12	#
459	371159	0	1	3	5	6	7	8	11	120	#
460	472464	4	7	8	9	13	14	19	23	120	#
461	440142	2	3	4	7	8	9	12	17	120	#
462	423290	5	6	7	10	11	15	20	21	120	#
463	402080	1	2	3	6	7	8	11	12	120	#
464	383090	0	1	2	5	6	11	12	25	120	#
465	573394	11	12	13	14	16	17	18	19	20	21	22	23	24	121	#
466	630546	0	1	2	6	7	12	13	14	16	17	18	20	21	121	#
467	582777	2	11	12	13	14	16	17	18	19	21	22	23	24	121	#
468	559759	3	8	9	10	12	13	14	15	17	18	20	21	22	121	#
469	541344	10	11	12	13	15	16	17	18	19	20	21	22	23	121	#
470	530441	5	6	11	14	15	16	17	18	20	21	22	23	24	121	#
471	51134	31	#
472	199718	20	21	22	23	33	123	#
473	247875	18	19	29	33	34	123	#
474	219794	16	20	21	22	29	123	#
475	159595	14	18	19	23	24	123	#
476	325093	0	5	6	10	11	15	16	124	#
477	318263	6	11	12	15	16	20	21	124	#
478	283458	11	16	17	18	19	21	26	124	#
479	275510	0	1	2	3	5	6	10	124	#
480	266539	0	1	5	6	7	10	15	124	#
481	251880	1	2	3	6	7	11	12	124	#
482	446728	9	13	14	17	18	19	125	#
483	330117	12	13	14	18	19	23	125	#
484	310848	3	4	9	10	13	14	125	#
485	285043	12	13	14	18	19	24	125	#
486	240649	14	17	18	19	23	24	125	#
487	1066065	0	1	2	3	4	5	6	7	8	9	10	11	12	13	14	15	16	17	18	19	20	21	22	23	24	126	#
488	1136113	0	1	2	3	5	6	7	8	9	10	11	12	13	14	15	16	17	18	19	20	21	22	23	24	33	126	#
489	1132775	0	1	2	3	4	6	7	8	9	10	11	12	13	14	15	16	17	18	19	20	21	22	23	27	34	126	#
490	1115938	0	1	2	3	4	5	6	7	8	9	11	12	13	14	15	16	17	18	19	20	21	22	23	24	30	126	#
491	1115193	0	1	2	3	4	6	7	8	9	10	11	12	13	14	15	16	17	18	19	20	21	22	23	24	29	126	#
492	1090951	0	1	2	3	4	6	7	8	9	10	11	12	13	14	15	16	17	18	19	20	21	22	23	24	28	126	#
493	736447	6	7	8	9	11	12	13	14	16	17	18	19	20	21	22	23	127	#
494	818244	0	1	2	5	6	7	8	10	11	12	13	14	15	16	20	21	127	#
495	718821	0	1	2	3	4	6	7	8	9	11	12	13	14	16	17	18	127	#
496	718634	6	7	8	10	11	12	13	14	15	16	17	18	19	20	21	27	127	#
497	713687	2	5	6	7	8	9	10	11	12	13	15	16	17	20	21	22	127	#
498	710614	1	2	3	5	6	7	8	11	12	13	14	16	17	18	21	22	127	#
499	516303	0	1	2	5	7	11	12	13	15	16	17	20	21	128	#
500	708063	0	5	6	10	11	13	15	16	17	18	19	21	23	128	#
501	692206	9	14	15	16	17	18	19	20	21	22	23	24	25	128	#
502	653328	0	1	2	3	4	5	6	7	8	9	13	14	18	128	#
503	610098	5	6	10	11	12	13	16	17	18	19	21	22	23	128	#
504	585447	0	1	2	5	6	7	8	11	12	13	17	18	33	128	#
505	1021421	0	1	2	3	5	6	7	8	10	11	12	13	14	15	16	17	18	19	20	21	22	23	24	129	#
506	1107006	0	1	2	3	4	5	6	7	8	9	10	11	12	13	14	15	16	17	18	19	21	23	24	129	#
507	1102569	1	2	3	4	6	7	8	9	10	11	12	13	14	16	17	18	19	20	21	22	23	24	29	129	#
508	1099770	0	1	2	3	4	5	6	7	8	9	10	11	12	13	14	15	17	18	19	20	21	23	24	129	#
509	1082630	0	1	2	3	5	6	7	8	9	10	11	12	13	14	15	16	17	18	19	21	22	23	24	129	#
510	1077573	0	1	2	3	4	5	6	7	8	9	10	11	12	13	14	15	16	17	18	19	20	21	24	129	#
511	89763	3	4	8	9	#
512	703799	0	1	2	3	4	5	6	7	8	9	12	13	14	17	18	154	#
513	773197	2	3	4	5	6	7	8	9	10	11	12	13	14	15	20	131	#
514	865768	0	1	2	3	4	5	6	7	10	11	15	16	20	21	26	131	#
515	852668	2	3	4	7	8	10	12	13	15	16	17	20	21	22	25	131	#
516	808810	1	2	3	5	7	10	11	12	13	15	16	17	20	21	22	131	#
517	789965	0	1	2	5	6	8	10	11	12	13	15	16	17	20	21	131	#
518	785015	2	5	6	7	8	10	11	12	13	14	15	16	17	18	21	131	#
519	334321	8	9	13	14	18	19	132	#
520	319531	14	17	18	19	22	24	132	#
521	310913	4	9	14	18	19	24	132	#
522	307132	9	11	12	13	17	18	132	#
523	306897	13	14	17	18	19	23	132	#
524	270848	1	2	3	4	6	9	132	#
525	442260	5	10	13	14	15	16	17	18	22	133	#
526	472556	4	7	8	9	12	13	14	18	19	133	#
527	472393	7	8	9	12	13	14	17	18	23	133	#
528	452767	8	9	12	13	14	18	19	23	24	133	#
529	441625	0	1	2	6	7	8	10	11	16	133	#
530	414793	11	12	13	15	16	17	18	20	21	133	#
531	1074800	0	1	2	3	4	5	6	7	8	9	10	11	12	13	14	15	16	17	18	19	20	21	22	23	24	34	134	#
532	1197103	0	1	2	3	4	5	6	8	9	10	11	12	13	14	15	16	17	18	19	20	21	22	23	24	30	32	134	#
533	1158581	0	1	2	3	5	6	7	8	9	10	11	12	13	14	15	16	17	18	19	20	21	22	23	24	26	30	134	#
534	1151453	0	1	2	3	4	5	6	7	8	9	10	11	12	13	14	15	16	17	18	19	21	22	23	24	32	33	134	#
535	1107474	0	1	2	3	4	5	6	7	8	9	10	11	12	13	14	15	16	17	18	19	20	21	22	23	24	30	134	#
536	1086652	0	1	2	3	4	5	6	7	8	9	10	11	12	13	14	15	16	17	18	19	20	21	22	23	24	33	134	#
537	4467	10	#
538	32017	13	#
539	251136	14	18	19	23	135	#
540	310037	9	14	18	19	135	#
541	268714	13	14	17	18	135	#
542	246883	14	17	18	19	135	#
543	216239	8	13	18	23	135	#
544	391684	0	1	2	5	6	10	136	#
545	482200	0	1	2	5	6	11	136	#
546	404063	1	2	3	4	8	9	136	#
547	386681	1	2	3	4	7	9	136	#
548	366652	0	1	5	6	10	11	136	#
549	326689	0	5	6	7	10	11	136	#
550	237711	15	20	21	137	#
551	208727	10	15	20	137	#
552	171726	15	16	20	137	#
553	108803	21	22	23	137	#
554	784949	0	1	2	3	4	5	6	7	8	9	10	11	12	13	14	15	16	17	18	19	20	21	22	23	24	25	28	138	#
555	824923	0	1	2	3	4	5	6	7	8	9	10	11	12	13	14	15	16	17	18	19	20	21	22	23	24	27	30	138	#
556	798144	0	1	2	3	4	5	6	7	8	9	10	11	12	13	14	15	16	17	18	19	20	21	22	23	24	30	34	138	#
557	793193	0	1	2	3	4	5	6	7	8	9	10	11	12	13	14	15	16	17	18	19	20	21	22	23	24	25	33	138	#
558	790358	0	1	2	3	4	5	6	7	8	9	10	11	12	13	14	15	16	17	18	19	20	21	22	23	24	26	33	138	#
559	787479	0	1	2	3	4	5	6	7	8	9	10	11	12	13	14	15	16	17	18	19	20	21	22	23	24	26	27	138	#
560	1477632	0	1	2	3	4	5	6	7	8	9	10	11	12	13	14	15	16	17	18	19	20	21	22	23	24	29	32	33	139	#
561	1633598	0	1	2	3	4	5	6	7	8	9	10	11	12	13	14	15	16	17	18	19	20	21	22	23	24	25	30	32	139	#
562	1604999	0	1	2	3	4	5	6	7	8	9	10	11	12	13	14	15	16	17	18	19	20	21	22	23	24	28	30	32	139	#
563	1564160	0	1	2	3	4	5	6	7	8	9	10	11	12	13	14	15	16	17	18	19	20	21	22	23	24	25	29	32	139	#
564	1541395	0	1	2	3	4	5	6	7	8	9	10	11	12	13	14	15	16	17	18	19	20	21	22	23	24	26	28	30	139	#
565	1535561	0	1	2	3	4	5	6	7	8	9	10	11	12	13	14	15	16	17	18	19	20	21	22	23	24	28	29	32	139	#
566	296499	0	1	5	6	10	140	#
567	353023	0	1	5	6	11	140	#
568	341487	0	1	2	3	7	140	#
569	306004	0	1	5	10	11	140	#
570	197805	5	10	11	14	15	140	#
571	142643	5	6	10	11	16	140	#
572	14659	6	#
573	74489	4	9	#
574	973709	0	1	2	3	4	5	6	7	8	9	10	11	12	13	14	15	16	17	18	19	20	21	22	23	24	29	141	#
575	1046383	0	1	2	4	5	6	7	8	9	10	11	12	13	14	15	16	17	18	19	20	21	22	23	24	30	32	141	#
576	1013911	0	1	2	3	4	5	6	7	8	9	10	11	12	13	14	15	16	17	18	19	20	21	22	23	24	30	141	#
577	1001317	0	1	2	3	4	5	6	7	8	9	10	11	12	13	14	15	16	17	18	19	20	21	22	23	24	26	141	#
578	984397	0	1	2	3	4	5	6	7	8	9	10	11	12	13	14	15	16	17	18	19	20	21	22	23	24	25	141	#
579	975080	0	1	2	3	4	5	6	7	8	9	10	11	12	13	14	15	16	17	18	19	20	21	22	23	24	34	141	#
580	98874	2	7	142	#
581	103464	2	3	142	#
582	150480	1	6	7	10	11	143	#
583	139344	0	5	10	15	16	143	#
584	207289	8	13	33	144	#
585	197166	2	3	33	144	#
586	187423	8	9	13	144	#
587	86112	25	#
588	323039	2	5	6	7	11	16	145	#
589	408926	5	10	11	15	16	20	145	#
590	389866	6	10	11	15	16	20	145	#
591	320937	1	2	3	7	8	13	145	#
592	256053	1	2	6	10	11	31	145	#
593	187387	1	6	10	11	12	16	145	#
594	1004770	0	1	2	3	4	5	6	7	8	9	10	11	12	13	14	15	16	17	18	19	20	21	22	23	24	146	#
595	1121403	0	2	3	4	5	6	7	8	9	10	11	12	13	14	15	16	17	18	19	20	21	22	23	24	30	146	#
596	1080716	0	1	2	3	4	5	6	7	8	9	11	12	13	14	15	16	17	18	19	20	21	22	23	24	27	146	#
597	1079608	0	1	2	3	4	5	6	7	8	9	10	11	12	13	14	15	16	17	18	19	20	21	23	24	31	146	#
598	1068575	0	1	2	3	4	5	6	7	8	9	10	11	12	13	14	15	16	17	18	20	21	22	23	24	25	146	#
599	1059144	0	1	2	3	4	5	6	7	8	9	10	11	12	13	14	15	16	17	18	19	20	21	22	23	34	146	#
600	354669	0	1	2	6	7	8	12	13	147	#
601	418405	0	5	6	10	11	12	15	17	147	#
602	412842	0	1	2	7	18	19	32	34	147	#
603	402231	0	1	2	5	6	7	10	12	147	#
604	382299	10	12	15	16	17	18	19	23	147	#
605	375669	7	11	12	15	16	17	20	21	147	#
606	207001	14	17	18	19	24	148	#
607	240139	14	18	19	23	24	148	#
608	239311	11	12	17	18	22	148	#
609	213129	18	19	22	23	24	148	#
610	117072	18	19	23	24	31	148	#
611	350732	2	3	4	6	7	8	9	12	13	14	149	#
612	470096	4	8	9	11	12	14	16	17	18	21	149	#
613	469167	0	1	2	3	4	7	8	9	12	17	149	#
614	434142	0	3	4	5	6	7	8	9	13	14	149	#
615	432014	0	1	2	5	6	7	10	11	12	17	149	#
616	405619	10	11	13	14	15	16	17	18	21	23	149	#
617	290656	7	12	17	21	22	150	#
618	325063	15	16	20	21	22	150	#
619	295683	17	21	22	23	24	150	#
620	264601	2	6	7	8	12	150	#
621	216280	12	13	17	18	23	150	#
622	335587	6	10	11	15	16	20	21	29	151	#
623	451229	11	12	16	17	18	21	22	23	151	#
624	397943	6	11	15	16	17	20	21	33	151	#
625	368510	2	7	11	15	16	17	20	33	151	#
626	320525	6	7	8	11	12	16	17	23	151	#
627	288790	10	11	15	16	17	20	21	22	151	#
628	177317	14	19	152	#
629	166347	9	14	152	#
630	300442	8	13	14	18	19	23	24	153	#
631	375031	9	12	13	14	18	19	24	153	#
632	359487	7	8	9	13	14	18	23	153	#
633	289454	9	14	18	19	22	23	24	153	#
634	233666	7	8	13	18	19	23	24	153	#
635	225460	8	13	17	18	19	23	24	153	#
636	734167	1	2	6	7	11	12	13	15	16	18	20	21	22	23	24	154	#
637	869133	1	2	3	4	5	6	7	9	10	11	14	15	16	20	21	154	#
638	839025	1	2	5	6	7	11	12	13	16	17	18	21	23	26	32	154	#
639	755824	0	1	2	3	5	6	7	8	9	12	17	20	21	22	28	154	#
640	726802	0	1	2	3	4	5	6	7	10	11	15	16	20	21	22	154	#
641	787250	2	7	8	9	12	13	14	15	16	17	18	19	21	22	23	24	155	#
642	869105	8	9	12	13	14	15	16	17	18	19	20	21	22	23	24	32	155	#
643	846018	2	3	8	11	13	14	15	16	17	18	19	20	21	22	23	24	155	#
644	777221	0	2	3	5	6	7	8	9	12	13	14	17	18	19	23	24	155	#
645	769467	2	7	11	12	13	14	17	18	19	20	21	22	23	24	25	27	155	#
646	760964	3	5	8	10	11	13	15	16	17	18	19	20	21	23	24	28	155	#
647	71723	12	17	28	156	#
648	58561	7	12	13	156	#
649	28794	11	16	17	156	#
650	589860	3	7	8	9	12	13	14	17	18	19	22	23	157	#
651	826441	9	14	15	16	17	18	19	20	21	22	23	33	157	#
652	783275	0	1	2	6	7	8	9	11	12	13	14	18	157	#
653	754070	4	7	8	9	11	12	13	14	17	18	23	28	157	#
654	675278	6	7	8	9	11	12	13	14	15	16	17	18	157	#
655	671179	8	9	11	12	13	14	17	18	19	22	23	24	157	#
656	336125	0	1	2	3	4	6	7	11	158	#
657	367926	5	6	8	9	11	12	13	14	158	#
658	339296	0	1	2	3	4	6	8	9	158	#
659	303483	2	3	4	8	9	12	13	18	158	#
660	298071	1	2	3	4	8	9	13	14	158	#
661	288499	0	1	2	3	5	6	7	8	158	#
662	371383	6	8	9	12	13	18	19	28	159	#
663	511661	3	8	9	13	14	18	19	30	159	#
664	453345	2	5	6	7	8	9	14	34	159	#
665	424564	15	18	19	20	21	22	23	28	159	#
666	421765	6	7	8	9	12	13	14	19	159	#
667	364524	14	17	18	19	21	22	23	24	159	#
668	1225388	0	2	3	5	6	7	8	9	10	11	12	13	14	15	16	17	18	19	20	21	22	23	24	160	#
669	1314520	0	1	2	3	5	6	7	8	9	10	11	12	13	14	15	16	17	18	19	20	21	22	26	160	#
670	1311416	0	1	2	3	4	5	7	8	9	10	11	12	13	14	16	17	18	19	21	22	23	24	26	160	#
671	1268253	0	1	2	3	5	6	7	8	9	10	11	12	13	14	16	17	18	19	20	21	22	23	24	160	#
672	1244784	0	1	2	3	4	5	6	7	8	9	10	11	12	13	14	15	16	17	18	20	21	22	32	160	#
673	1082107	0	1	2	3	4	5	6	7	8	9	10	11	12	13	14	15	16	17	18	19	20	21	22	23	24	161	#
674	1219955	2	3	4	5	6	7	8	9	10	11	12	13	14	15	16	17	18	19	20	21	22	23	24	26	27	161	#
675	1169547	2	3	4	5	6	7	8	9	10	11	12	13	14	15	16	17	18	19	20	21	22	23	24	28	29	161	#
676	1148284	0	1	2	3	5	6	7	8	9	10	11	12	13	14	15	16	17	18	19	20	21	22	23	24	31	161	#
677	1126050	0	1	2	3	4	5	6	7	8	9	10	11	12	13	14	15	16	17	18	19	20	21	22	23	27	161	#
678	1120723	0	1	2	3	4	5	6	7	8	9	10	11	12	13	14	15	16	17	18	19	20	21	22	23	31	161	#
679	340623	9	14	17	18	19	21	22	23	24	26	162	#
680	473318	3	4	7	8	9	13	14	18	19	23	162	#
681	414126	3	4	8	9	12	13	14	18	19	23	162	#
682	406679	6	11	15	16	17	18	20	21	22	23	162	#
683	390303	11	15	16	17	18	19	20	21	22	23	162	#
684	348732	9	12	13	14	17	18	19	22	23	27	162	#
685	569005	0	3	5	6	8	10	11	12	13	15	16	25	163	#
686	655306	0	1	5	6	10	11	12	15	16	17	20	21	163	#
687	652200	2	9	12	14	17	18	19	20	21	22	23	30	163	#
688	649546	0	1	5	6	7	10	11	15	16	20	21	25	163	#
689	609721	0	1	2	4	5	6	7	10	11	12	15	16	163	#
690	603651	0	1	5	6	7	8	10	11	12	13	16	21	163	#
691	706809	2	3	4	5	6	7	8	11	12	13	14	17	18	20	164	#
692	856941	0	2	3	7	8	9	12	13	14	17	18	22	23	30	164	#
693	835270	0	2	3	5	6	7	10	11	12	13	14	15	17	18	164	#
694	822566	0	1	2	3	5	6	7	10	11	12	13	14	17	18	164	#
695	762749	0	1	2	3	7	8	9	10	11	12	13	14	18	23	164	#
696	700232	0	1	2	5	6	7	10	11	12	13	15	20	21	32	164	#
697	422061	6	7	9	12	13	14	165	#
698	467603	11	12	13	14	18	23	165	#
699	451662	9	13	14	18	19	23	165	#
700	400669	1	2	6	7	9	14	165	#
701	338273	1	2	3	6	7	11	165	#
702	328768	1	2	6	7	8	11	165	#
