%% File generated by CATS v.2.1Mon Aug 19 19:06:52 2019

%% The CATS webpage is http://robotics.stanford.edu/CATS

%% PARAMETER SETTINGS:
% Goods: 75; Bids: 750; Distribution: regions-upv; Runs: 10; Seed: 1566249867
% Regions Distribution Parameters:
% Max Substitutable Bids = 5
% Removing HV Neighbor   = 0.1
% Adding DIAG Neighbor   = 0.2
% Additional Location    = 0.9
% Jump Probability       = 0.05
% Additivity             = 0.2
% Budget Factor          = 1.5
% Resale Factor          = 0.5
% Uniform Private Value:
%   Deviation            = 0.5
%   Max Good Value       = 100



goods 75
bids 754
dummy 146

0	1196131	0	8	9	10	11	16	17	18	19	24	25	26	32	33	34	35	40	42	43	51	66	73	75	#
1	1587699	0	1	8	9	10	16	17	18	25	33	34	35	42	46	47	50	53	54	55	57	58	63	75	#
2	1397996	3	4	5	12	13	14	17	21	22	25	27	29	30	32	33	34	35	36	42	43	50	58	75	#
3	1345203	0	1	8	9	10	16	17	24	25	32	33	34	35	40	42	43	47	48	51	55	56	59	75	#
4	1336863	0	1	8	9	10	16	17	24	25	32	33	34	35	36	40	42	50	51	58	59	60	66	75	#
5	1330311	5	7	8	9	10	11	12	13	14	15	16	17	18	19	20	21	22	23	25	30	31	39	75	#
6	774333	6	7	14	15	20	21	22	23	27	29	35	36	37	44	76	#
7	940565	37	43	44	45	46	47	49	50	51	52	53	54	57	58	76	#
8	853486	12	13	14	15	21	22	23	29	31	37	38	39	46	47	76	#
9	841120	27	32	33	34	35	41	43	49	50	51	56	57	58	59	76	#
10	790254	5	6	7	13	14	15	20	21	22	23	29	35	36	37	76	#
11	786939	5	6	7	14	15	20	21	22	23	29	31	36	37	39	76	#
12	91263	66	#
13	690873	24	32	33	34	40	41	42	45	48	49	50	51	52	56	59	60	77	#
14	986104	22	29	30	37	43	44	45	46	47	51	52	53	54	59	60	62	77	#
15	885387	0	1	2	3	4	8	9	10	11	16	17	18	19	20	24	25	77	#
16	816930	24	25	32	33	34	40	41	46	47	48	53	54	55	56	62	63	77	#
17	804237	20	21	28	29	37	40	44	48	49	50	51	52	56	57	59	60	77	#
18	803438	28	29	37	42	45	46	50	51	52	53	54	58	59	60	61	62	77	#
19	91221	71	#
20	1607496	0	1	2	3	4	5	8	9	10	11	16	17	18	19	24	25	26	28	29	30	31	32	33	34	39	40	41	42	49	50	64	78	#
21	2025503	1	2	8	9	10	15	16	17	18	20	21	22	23	26	27	28	29	30	31	34	35	38	39	46	47	53	54	55	62	63	64	78	#
22	1965665	1	2	8	9	10	16	17	18	19	20	22	23	26	27	28	29	30	31	33	34	38	39	46	47	53	54	55	56	61	62	63	78	#
23	1891916	0	1	2	3	4	8	9	10	16	17	18	24	25	26	31	32	33	38	39	41	42	46	47	50	52	53	54	55	61	62	63	78	#
24	1834587	0	1	2	8	9	10	16	17	18	19	20	22	23	24	27	29	30	31	32	34	37	38	39	46	47	52	53	54	55	63	65	78	#
25	1814295	0	1	2	3	4	8	9	10	11	12	13	16	17	18	25	26	30	34	35	36	37	38	44	45	46	47	51	52	53	54	59	78	#
26	883841	0	1	2	3	4	8	9	10	11	17	63	79	#
27	856876	0	1	2	3	4	9	10	11	18	26	27	79	#
28	769999	1	8	9	10	16	17	18	26	27	40	48	79	#
29	763588	0	1	2	8	9	10	16	17	18	26	27	79	#
30	760000	0	1	2	3	4	8	9	10	11	19	27	79	#
31	751796	0	1	2	3	4	9	10	11	12	19	27	79	#
32	267279	9	16	17	80	#
33	230744	16	17	24	80	#
34	1256147	3	4	33	34	37	40	41	45	48	49	50	51	52	53	54	56	57	58	59	60	61	81	#
35	1477599	0	1	2	3	4	8	9	11	12	16	37	45	46	47	52	53	54	55	60	61	63	81	#
36	1473384	1	2	3	36	37	43	45	46	47	49	50	51	52	53	54	55	56	57	58	59	60	81	#
37	1472768	35	36	37	41	43	44	45	46	49	50	51	52	53	55	56	57	58	59	60	62	63	81	#
38	1447903	7	14	15	22	23	30	31	36	37	38	44	45	46	47	50	52	53	54	58	59	60	81	#
39	1441837	26	27	29	33	34	35	36	37	43	45	50	51	52	53	54	55	58	59	60	62	63	81	#
40	113814	49	50	82	#
41	127717	41	50	82	#
42	604436	10	16	17	18	25	32	33	34	35	36	40	41	42	49	50	83	#
43	870098	36	37	43	44	45	48	49	50	53	54	56	57	61	66	72	83	#
44	850381	14	22	25	26	30	33	34	35	36	37	41	42	44	50	51	83	#
45	819516	19	25	27	33	34	35	36	37	38	39	43	44	50	51	58	83	#
46	813170	0	1	2	8	9	10	11	12	17	18	25	27	33	72	73	83	#
47	800939	0	1	2	8	9	16	17	18	24	25	26	27	33	34	35	83	#
48	164538	25	32	33	58	84	#
49	240972	32	40	48	54	84	#
50	195536	25	26	27	34	84	#
51	64117	18	19	26	27	85	#
52	79999	18	19	26	34	85	#
53	72242	17	18	27	28	85	#
54	1562273	0	1	2	3	4	5	6	8	9	10	11	12	13	16	17	19	20	21	25	29	33	38	46	47	52	53	54	61	62	86	#
55	1832254	0	1	8	9	13	16	17	21	22	23	25	26	29	30	37	38	39	44	45	46	47	52	53	54	55	61	62	63	69	86	#
56	1826046	6	7	14	15	22	23	30	31	32	37	38	39	40	43	44	45	46	47	48	51	52	53	54	55	59	61	62	63	64	86	#
57	1796992	2	3	4	5	6	7	9	10	11	12	13	14	20	21	22	23	29	30	31	37	38	39	43	44	45	46	47	53	54	86	#
58	1776347	1	5	6	7	8	9	10	11	12	13	14	16	17	19	20	21	22	23	25	28	29	30	31	37	38	39	47	55	63	86	#
59	1775252	5	6	7	13	14	19	20	21	22	23	27	28	29	30	34	35	36	37	38	42	43	44	50	51	52	53	59	61	62	86	#
60	52796	32	#
61	633223	0	1	2	3	8	9	10	16	18	19	20	25	26	87	#
62	803042	0	1	8	9	10	11	12	16	17	18	19	25	26	87	#
63	795567	0	1	2	3	4	8	9	10	11	12	16	17	25	87	#
64	793107	0	1	2	3	8	9	10	11	16	17	24	25	26	87	#
65	752390	0	1	8	9	10	16	17	18	19	22	24	27	28	87	#
66	743866	0	1	2	3	8	9	10	11	16	17	19	24	25	87	#
67	462845	5	6	7	13	15	18	19	27	28	33	34	35	88	#
68	690202	5	6	7	8	14	15	16	21	22	23	24	67	88	#
69	674090	5	6	7	13	14	15	21	22	30	37	38	39	88	#
70	660178	25	27	28	33	34	41	42	49	51	58	59	60	88	#
71	617982	10	18	19	27	28	45	46	52	53	54	55	59	88	#
72	607515	7	11	14	15	18	19	21	23	27	28	29	34	88	#
73	940737	0	1	2	3	8	9	16	17	24	25	26	34	89	#
74	1008657	0	1	8	9	16	34	35	36	43	44	56	57	89	#
75	1006819	0	1	2	3	4	8	9	12	16	17	24	73	89	#
76	938091	0	1	8	9	10	16	17	25	26	27	34	35	89	#
77	907637	0	1	2	3	8	9	10	11	12	16	17	24	89	#
78	838782	17	21	25	26	33	34	35	36	42	43	50	51	89	#
79	527590	14	15	21	22	23	28	29	30	31	38	90	#
80	746590	22	26	34	42	43	50	51	52	57	59	90	#
81	704195	37	38	39	45	46	47	54	55	62	68	90	#
82	637738	6	7	15	22	23	30	31	38	47	55	90	#
83	607414	20	21	22	23	30	31	37	38	39	47	90	#
84	556227	15	22	23	30	31	37	38	39	42	47	90	#
85	113760	64	#
86	310416	42	50	58	59	91	#
87	313774	45	52	58	59	91	#
88	254745	49	50	51	58	91	#
89	223885	41	42	50	58	91	#
90	215002	12	13	42	50	91	#
91	1134450	19	22	23	27	28	29	30	31	34	37	38	39	45	47	49	56	57	58	59	60	61	62	92	#
92	1535784	23	27	29	31	34	35	37	38	39	43	44	45	46	47	53	54	55	59	60	61	62	63	92	#
93	1534620	5	11	12	13	30	37	38	39	42	43	44	45	46	47	51	52	53	54	59	60	61	62	92	#
94	1528169	4	11	12	23	29	30	31	37	38	39	43	44	45	46	47	53	54	55	60	61	62	74	92	#
95	1443591	18	19	27	34	35	37	38	39	43	44	45	46	47	52	53	54	55	59	60	61	62	63	92	#
96	1436800	30	32	37	38	42	43	44	45	46	47	51	52	53	54	55	57	58	59	60	61	62	69	92	#
97	281890	41	50	58	59	60	93	#
98	292610	45	50	51	52	59	93	#
99	288221	51	52	58	59	60	93	#
100	286778	45	52	53	59	60	93	#
101	221852	41	49	50	57	58	93	#
102	197950	41	49	50	60	67	93	#
103	2067290	1	2	3	4	11	12	13	14	15	18	19	20	21	22	23	28	29	30	31	36	37	38	39	45	46	47	51	52	53	55	59	63	66	94	#
104	2415215	3	4	11	12	13	19	20	21	22	23	28	29	30	31	35	36	37	38	39	43	44	45	47	51	52	53	54	55	59	60	61	62	63	94	#
105	2310922	3	11	18	19	20	21	23	27	28	29	30	31	34	35	36	37	38	39	43	44	45	46	47	51	52	53	55	58	59	60	61	62	63	94	#
106	2288701	6	7	13	15	21	22	23	26	29	30	31	35	36	37	38	39	43	44	45	46	47	51	52	53	54	55	57	58	59	60	61	62	63	94	#
107	2272281	20	21	22	23	28	29	30	31	33	35	36	37	38	39	41	43	44	45	46	47	50	51	52	53	55	57	58	59	60	61	62	63	71	94	#
108	2259117	5	6	13	14	20	21	22	23	28	29	30	31	35	36	37	38	39	44	45	46	47	49	50	51	52	53	54	55	57	58	59	62	63	94	#
109	376679	38	41	42	47	54	55	95	#
110	506359	0	1	38	47	54	55	95	#
111	481722	30	31	37	38	39	47	95	#
112	450574	35	42	43	51	52	60	95	#
113	423201	45	46	47	53	54	55	95	#
114	283032	57	58	59	96	#
115	225172	48	56	57	96	#
116	169433	14	15	22	66	97	#
117	175184	14	21	22	29	97	#
118	154962	12	13	21	22	97	#
119	150718	3	7	14	15	97	#
120	785355	3	4	5	9	10	11	12	13	14	15	17	20	21	22	23	28	98	#
121	928693	6	7	10	11	12	13	14	15	18	21	23	29	30	38	46	47	98	#
122	910083	3	4	5	6	7	10	11	12	13	14	15	21	22	23	30	38	98	#
123	878584	3	4	5	6	10	11	12	13	17	18	20	21	23	25	29	30	98	#
124	875021	3	4	5	7	11	12	13	14	15	21	22	23	28	29	30	37	98	#
125	871353	3	4	5	10	11	12	13	17	18	25	26	32	33	34	35	40	98	#
126	392384	16	24	32	54	62	99	#
127	378029	37	44	45	46	54	99	#
128	356354	8	9	16	17	24	99	#
129	348155	8	45	46	54	62	99	#
130	316737	9	16	24	32	33	99	#
131	289929	8	16	17	24	25	99	#
132	349762	12	13	21	29	30	100	#
133	401791	29	30	38	46	47	100	#
134	399008	23	30	31	38	39	100	#
135	371621	4	10	11	12	13	100	#
136	364394	4	5	12	13	21	100	#
137	106911	21	29	37	41	50	100	#
138	862317	44	45	46	52	53	54	60	61	62	67	101	#
139	912400	36	43	44	45	46	51	52	53	61	62	101	#
140	871088	35	36	37	38	43	44	45	46	53	54	101	#
141	834968	43	44	45	51	52	53	54	60	61	62	101	#
142	739647	36	37	44	45	51	52	53	60	61	62	101	#
143	706361	0	37	43	45	50	51	52	53	60	61	101	#
144	155664	50	51	52	60	61	102	#
145	232961	34	41	42	50	58	102	#
146	196792	42	43	49	50	51	102	#
147	183164	45	52	53	60	61	102	#
148	142464	19	20	21	27	103	#
149	169333	13	21	28	29	103	#
150	166449	19	20	21	28	103	#
151	763854	30	38	47	53	54	55	61	62	63	104	#
152	911357	35	43	44	45	52	53	54	55	62	104	#
153	829136	35	43	44	45	52	53	54	61	62	104	#
154	784663	36	38	44	45	46	47	54	55	63	104	#
155	769323	38	45	47	53	54	55	61	62	63	104	#
156	763274	45	47	52	53	54	55	61	62	63	104	#
157	810472	0	1	8	9	10	11	16	17	18	19	26	27	40	41	48	105	#
158	964894	1	9	10	11	16	17	18	19	27	34	35	42	43	51	59	105	#
159	960719	1	8	9	16	17	24	25	32	33	34	39	40	46	47	48	105	#
160	945945	8	9	16	24	25	32	33	40	41	42	43	48	51	59	68	105	#
161	812905	0	1	8	9	10	11	16	17	18	19	24	25	32	34	40	105	#
162	788269	9	16	19	20	24	27	32	34	40	41	42	48	49	51	70	105	#
163	197073	25	33	40	41	49	106	#
164	232112	33	41	42	49	57	106	#
165	200120	27	28	32	40	48	106	#
166	191258	25	33	41	42	49	106	#
167	148710	24	25	32	33	41	106	#
168	332757	19	20	21	22	29	107	#
169	384246	14	15	22	23	30	107	#
170	372653	14	19	20	21	22	107	#
171	353851	10	11	12	19	20	107	#
172	333347	15	21	22	29	30	107	#
173	317223	11	12	18	19	20	107	#
174	332149	0	1	2	9	108	#
175	330468	1	2	9	16	108	#
176	315710	0	1	8	9	108	#
177	252396	0	1	2	8	108	#
178	1284805	20	21	22	27	28	29	30	31	37	38	39	43	44	45	46	47	52	53	59	109	#
179	1397417	20	21	22	23	29	30	31	37	43	44	45	46	52	53	59	60	61	62	63	109	#
180	1314198	14	21	22	28	29	30	37	38	40	41	44	45	47	48	50	52	53	55	65	109	#
181	1264301	14	15	21	22	29	30	37	38	43	44	45	46	47	52	53	55	61	68	74	109	#
182	1230368	30	31	34	36	37	38	41	42	43	44	45	46	47	50	51	52	55	59	72	109	#
183	1210915	32	37	40	41	43	44	45	49	50	51	52	53	55	58	59	60	61	62	63	109	#
184	1159495	5	6	7	14	15	24	25	26	32	33	34	35	36	40	41	42	43	51	59	110	#
185	1423981	27	33	34	35	36	42	43	44	46	50	51	52	54	58	59	60	61	62	65	110	#
186	1302334	11	18	19	27	33	34	35	41	42	43	44	45	46	47	50	51	52	58	59	110	#
187	1253252	11	18	19	25	26	27	32	33	34	35	41	42	43	50	51	52	57	58	59	110	#
188	1216297	11	18	19	24	25	26	27	32	33	34	35	36	40	43	44	45	51	52	59	110	#
189	1201190	18	19	20	25	26	27	31	32	33	34	35	40	41	42	43	44	50	51	52	110	#
190	1860133	0	1	2	3	4	9	16	27	33	34	35	36	43	46	47	51	54	55	57	58	59	60	61	62	63	111	#
191	1777799	3	10	11	27	34	35	36	37	39	41	42	43	45	46	47	50	51	53	54	55	57	58	61	62	63	111	#
192	1738617	1	2	3	5	6	7	10	11	15	20	23	29	31	37	38	39	40	45	46	47	48	54	55	62	63	111	#
193	1724481	3	4	10	11	12	16	18	19	24	25	27	28	32	33	34	35	36	37	41	42	43	45	46	51	68	111	#
194	1675173	1	2	3	4	10	11	12	16	17	18	19	20	27	28	34	35	36	42	43	48	51	53	57	60	61	111	#
195	1657979	1	2	3	4	5	6	9	10	11	12	13	16	17	18	19	20	24	25	26	27	28	34	35	62	63	111	#
196	68171	52	60	112	#
197	67270	51	52	112	#
198	381564	25	26	27	33	34	41	42	50	113	#
199	571875	25	26	32	33	34	40	48	73	113	#
200	553034	40	41	44	45	50	52	53	54	113	#
201	517106	33	34	35	40	41	42	48	50	113	#
202	508098	25	26	33	34	35	41	42	73	113	#
203	434100	18	19	20	25	26	32	33	34	113	#
204	29414	2	#
205	246316	40	41	43	50	51	114	#
206	233183	26	34	41	42	49	114	#
207	215001	41	42	50	51	59	114	#
208	201231	40	41	48	50	51	114	#
209	169513	40	41	49	50	51	114	#
210	221619	0	1	2	8	115	#
211	287365	1	2	3	4	115	#
212	253343	0	1	2	49	115	#
213	204633	0	8	24	32	115	#
214	179350	19	27	28	116	#
215	189837	19	27	35	116	#
216	141609	18	27	34	116	#
217	112710	20	27	28	116	#
218	1479427	2	3	4	5	6	7	11	12	13	14	15	20	21	22	23	29	30	31	36	37	38	39	46	47	54	117	#
219	1569743	5	6	12	13	14	20	21	22	23	25	28	29	30	31	36	37	38	39	46	47	51	53	54	55	62	117	#
220	1568075	4	6	12	13	14	15	20	21	22	23	27	28	29	30	31	35	36	37	38	43	46	47	53	54	62	117	#
221	1543646	13	14	20	21	22	23	28	30	31	36	37	38	39	46	47	51	52	53	54	55	60	61	62	63	74	117	#
222	1540047	3	4	12	13	20	21	27	28	29	30	38	39	46	47	51	52	53	54	57	58	59	60	61	62	73	117	#
223	1493874	3	5	6	7	11	13	14	15	19	20	21	22	23	30	31	38	39	46	47	53	54	55	61	62	63	117	#
224	550240	8	9	10	16	17	18	20	25	26	27	28	29	118	#
225	637258	0	4	8	9	10	12	16	17	25	41	42	50	118	#
226	585339	0	1	8	9	10	12	16	17	18	24	25	33	118	#
227	582814	0	8	16	17	25	26	32	33	34	40	41	42	118	#
228	565702	10	11	16	17	18	19	25	26	27	33	34	63	118	#
229	561088	0	8	9	10	16	17	18	19	20	25	27	33	118	#
230	1282904	14	15	21	22	23	29	30	37	38	39	45	46	47	51	52	53	54	55	59	60	119	#
231	1299989	5	6	7	14	15	21	22	23	28	29	30	37	38	39	46	47	53	54	55	62	119	#
232	1268811	7	10	14	15	18	19	21	22	23	27	28	29	30	35	38	39	46	47	54	55	119	#
233	1247027	19	20	27	28	29	35	37	38	39	44	45	46	47	51	52	54	55	59	60	73	119	#
234	1221467	1	2	3	4	9	15	16	17	18	19	22	23	30	37	38	39	46	47	54	55	119	#
235	1221398	5	6	7	11	12	13	14	15	19	20	21	22	23	26	27	28	29	30	34	69	119	#
236	192836	5	6	120	#
237	138451	5	13	120	#
238	876103	5	13	21	23	28	29	30	31	36	37	38	43	44	45	52	121	#
239	1087716	4	5	12	13	25	27	33	34	41	44	45	46	52	54	59	121	#
240	1007727	5	13	21	22	29	30	37	38	44	45	46	52	53	54	67	121	#
241	989551	3	4	5	6	7	11	12	13	21	22	23	28	29	30	31	121	#
242	985105	29	35	36	37	38	43	44	45	46	51	52	53	54	55	59	121	#
243	949864	30	36	37	38	40	43	44	45	46	47	48	53	54	56	57	121	#
244	686017	14	15	22	23	30	31	38	39	46	47	122	#
245	808616	29	30	31	38	39	46	47	54	55	63	122	#
246	748022	30	38	39	46	47	54	55	57	58	59	122	#
247	740772	1	9	17	25	26	29	37	38	47	55	122	#
248	702803	22	23	29	30	31	36	37	38	39	47	122	#
249	691606	7	14	15	22	29	30	38	39	47	65	122	#
250	101172	6	7	#
251	416705	8	9	10	11	16	17	24	123	#
252	474891	9	16	17	18	25	26	34	123	#
253	465189	3	10	11	12	17	18	26	123	#
254	464014	16	17	18	24	26	27	32	123	#
255	454091	3	10	11	17	18	27	35	123	#
256	385114	0	8	9	10	16	17	18	123	#
257	314789	17	25	26	74	124	#
258	395437	16	17	18	26	124	#
259	319454	17	18	25	26	124	#
260	113293	74	#
261	140409	69	#
262	375390	42	50	51	58	59	125	#
263	433606	34	35	42	43	51	125	#
264	379407	41	42	51	58	59	125	#
265	350061	26	34	41	42	51	125	#
266	329001	41	49	50	58	59	125	#
267	262298	41	42	49	50	51	125	#
268	892574	14	15	22	23	24	25	29	30	31	32	33	34	40	41	42	49	57	66	126	#
269	1253621	6	7	14	15	22	23	28	29	30	31	36	37	38	44	45	52	59	60	126	#
270	1239420	1	6	7	8	9	14	15	16	17	22	23	25	26	30	31	37	38	39	126	#
271	1209383	5	6	7	12	13	14	15	22	23	30	31	37	38	39	44	45	46	47	126	#
272	1206475	22	28	29	30	31	36	37	38	39	44	45	47	52	53	59	61	62	66	126	#
273	1198744	14	15	22	23	29	30	31	36	37	38	39	44	45	46	52	53	60	61	126	#
274	117590	24	32	#
275	115165	4	12	13	161	#
276	679215	31	38	39	47	54	55	62	128	#
277	719327	45	46	47	54	55	62	63	128	#
278	697156	45	46	47	53	54	55	62	128	#
279	578021	28	29	39	46	47	54	55	128	#
280	532089	25	31	38	39	47	54	55	128	#
281	520895	19	20	27	53	54	62	63	128	#
282	1049045	0	1	2	3	9	10	11	16	17	18	19	24	25	27	28	32	33	34	35	40	43	129	#
283	1440648	18	19	22	23	26	27	28	30	31	35	36	37	38	42	43	44	47	51	55	63	67	129	#
284	1335407	1	2	3	4	5	6	10	11	12	13	17	18	19	25	26	27	28	35	36	43	44	129	#
285	1294123	0	1	2	3	4	5	6	7	10	11	12	13	15	18	19	20	27	35	43	48	56	129	#
286	1261518	0	8	10	11	16	17	18	19	20	24	25	26	27	34	35	36	41	42	43	44	49	129	#
287	1261177	0	2	3	5	8	9	10	11	12	13	16	17	18	19	24	25	26	27	28	32	35	129	#
288	210465	26	34	130	#
289	183563	18	26	130	#
290	184678	19	27	35	131	#
291	190922	27	34	35	131	#
292	142515	11	12	19	131	#
293	1235755	4	5	6	7	12	13	14	15	21	22	23	30	31	38	39	46	47	54	132	#
294	1453559	0	4	5	8	9	12	13	16	37	39	44	45	46	47	52	53	54	55	132	#
295	1308731	7	15	22	23	30	31	37	38	39	43	44	45	46	47	53	54	55	62	132	#
296	1302469	14	15	22	23	30	31	37	38	39	43	44	45	46	47	52	53	54	62	132	#
297	1295125	30	31	37	38	39	43	44	45	46	47	50	51	52	53	54	55	62	63	132	#
298	1281238	22	23	30	31	36	37	39	44	45	46	47	52	53	54	55	60	62	63	132	#
299	202341	0	1	8	9	133	#
300	270283	9	10	11	19	133	#
301	261638	0	1	2	3	133	#
302	137328	0	8	29	37	133	#
303	3239768	0	1	2	3	4	5	7	8	9	10	11	12	13	14	15	16	18	19	20	21	22	23	24	25	26	27	28	29	30	31	33	34	35	36	37	38	39	40	41	42	43	44	45	47	48	49	50	51	52	55	56	57	58	59	60	63	64	134	#
304	3562957	0	3	4	7	8	9	10	11	12	14	15	16	18	19	20	21	22	23	25	26	27	28	29	30	31	33	34	35	36	37	38	39	40	41	42	43	44	45	46	47	48	49	50	51	52	53	54	55	57	59	60	61	62	63	66	72	73	134	#
305	3498156	0	3	4	5	7	8	9	10	11	12	13	14	15	16	17	18	19	20	21	22	23	25	26	27	28	29	30	31	33	34	35	36	37	38	39	40	41	42	43	45	47	48	49	50	51	52	53	54	55	57	59	60	61	62	63	65	69	134	#
306	3467963	0	1	2	3	4	5	7	8	9	10	11	12	13	14	15	16	17	18	19	20	21	22	23	25	26	27	28	29	30	31	34	35	36	37	38	39	42	43	44	45	46	47	49	50	51	52	53	54	55	57	58	59	60	61	62	63	70	134	#
307	3444127	0	1	2	3	4	5	7	8	9	10	11	12	13	14	15	16	18	19	20	21	22	23	25	26	27	28	29	30	31	33	34	35	36	37	38	39	40	41	42	43	44	45	47	48	49	50	51	52	53	54	55	57	58	61	62	63	66	134	#
308	3420205	0	1	3	4	8	9	10	11	12	14	15	16	17	18	19	20	21	22	23	25	26	27	28	29	30	31	33	34	35	36	37	38	39	40	41	42	43	44	45	46	47	48	49	50	51	52	53	54	55	57	58	59	60	61	62	63	68	134	#
309	272688	61	62	63	#
310	363773	9	17	25	26	33	135	#
311	398204	26	33	34	35	41	135	#
312	377146	17	25	26	33	34	135	#
313	331288	25	26	33	34	41	135	#
314	242002	1	9	17	25	33	135	#
315	1901313	5	6	7	10	12	13	14	15	18	19	20	21	22	23	27	30	31	34	35	38	39	43	46	47	54	55	65	71	136	#
316	2052949	5	6	9	10	11	12	13	14	17	19	20	21	22	38	39	42	43	44	45	46	47	50	51	52	53	54	55	61	136	#
317	2049033	7	12	13	14	15	21	22	23	30	31	36	37	38	39	43	44	45	46	47	52	53	54	55	61	62	63	69	71	136	#
318	2005173	5	6	7	12	13	14	15	20	21	22	23	30	31	36	37	38	39	43	44	45	46	47	51	54	55	59	61	62	136	#
319	1972783	18	19	22	26	27	30	36	37	38	39	41	42	43	44	45	46	47	49	50	51	52	53	54	55	61	62	63	65	136	#
320	1933799	5	7	13	14	15	20	21	22	23	30	31	36	37	38	39	43	44	45	46	47	51	52	53	54	55	59	61	63	136	#
321	602175	0	1	9	16	24	34	41	42	137	#
322	674347	0	1	2	9	16	23	24	30	137	#
323	616925	0	1	9	13	16	20	21	29	137	#
324	615767	0	1	2	3	4	9	16	24	137	#
325	513403	26	33	34	41	42	50	57	58	137	#
326	484281	0	1	2	8	9	16	17	24	137	#
327	231957	17	18	19	69	71	138	#
328	336337	48	50	56	57	69	138	#
329	329481	1	9	17	18	25	138	#
330	323336	9	10	11	12	71	138	#
331	168419	11	18	19	20	27	138	#
332	154872	10	18	19	27	28	138	#
333	71326	65	#
334	1034432	7	15	18	21	22	23	26	27	28	29	30	31	35	39	47	55	69	70	139	#
335	1203793	7	12	13	14	15	21	22	23	29	30	38	39	46	47	55	61	62	63	139	#
336	1169828	5	6	7	10	11	13	14	15	16	17	18	19	23	25	26	30	34	39	139	#
337	1083841	15	21	22	23	29	30	36	37	38	39	44	45	46	47	54	55	62	63	139	#
338	1074463	14	15	22	23	26	29	30	31	34	35	36	37	38	39	44	47	55	57	139	#
339	1072094	0	8	16	17	18	24	25	26	32	33	34	40	41	42	48	49	68	70	139	#
340	214375	46	54	140	#
341	141498	53	54	140	#
342	115630	70	#
343	642299	14	21	22	23	29	30	31	38	39	141	#
344	688188	23	29	30	31	37	38	39	45	46	141	#
345	634145	29	30	36	37	38	45	46	51	52	141	#
346	632117	23	30	31	36	37	38	39	45	46	141	#
347	604938	14	15	22	23	29	30	31	37	38	141	#
348	568876	14	20	21	22	23	28	29	30	38	141	#
349	250825	5	6	7	142	#
350	207435	6	7	20	142	#
351	759229	0	1	2	3	4	5	9	10	12	13	16	17	18	24	66	143	#
352	1035317	0	1	2	3	4	9	12	13	16	17	21	23	30	38	39	143	#
353	925997	0	1	3	4	5	8	9	10	12	13	16	17	21	29	66	143	#
354	925652	1	2	3	4	5	6	7	12	13	21	23	29	30	37	46	143	#
355	834131	4	5	6	7	9	10	12	13	16	17	20	21	22	24	30	143	#
356	794031	3	4	5	6	7	12	13	19	21	27	29	35	36	37	38	143	#
357	1171031	33	34	36	37	38	41	42	43	44	45	47	48	49	50	51	53	56	57	58	59	60	61	144	#
358	1543646	5	6	7	30	31	35	36	37	38	39	43	44	45	46	47	53	54	55	60	61	62	63	144	#
359	1512874	14	15	22	23	28	29	30	31	36	37	38	39	43	44	45	46	47	53	59	60	61	62	144	#
360	1495823	20	23	28	29	30	31	36	37	38	39	43	44	45	46	47	51	53	54	59	60	61	62	144	#
361	1463060	14	15	21	22	23	28	29	30	31	37	38	39	43	44	45	46	47	53	54	60	61	62	144	#
362	1355778	14	15	22	23	29	30	31	36	37	38	39	41	42	43	44	45	46	47	51	53	54	55	144	#
363	118105	7	17	18	145	#
364	166299	9	17	25	145	#
365	130375	7	14	15	145	#
366	70584	10	18	19	145	#
367	992787	10	11	14	15	16	17	18	19	20	22	23	26	27	33	34	35	36	41	42	43	50	146	#
368	1421874	14	20	21	22	23	29	30	31	37	39	43	44	45	46	47	52	53	54	55	61	62	146	#
369	1323114	13	14	20	21	22	23	29	30	31	37	39	45	46	47	52	53	54	55	59	62	63	146	#
370	1263360	13	14	20	21	22	23	29	30	31	37	39	43	44	45	46	47	51	52	59	60	61	146	#
371	1222050	7	25	31	33	34	35	36	37	39	41	42	43	44	45	46	47	51	55	58	59	69	146	#
372	1208269	19	27	33	34	35	39	40	42	43	45	46	47	48	49	50	51	55	56	57	58	59	146	#
373	689254	10	11	12	17	18	19	20	25	26	27	28	29	33	34	147	#
374	925701	3	4	10	11	12	16	17	18	19	20	25	26	28	29	147	#
375	898391	11	12	18	19	20	25	26	27	28	29	37	50	57	58	147	#
376	849977	11	19	20	27	28	29	33	36	37	43	44	45	46	55	147	#
377	754598	2	3	4	10	11	12	17	18	19	20	26	28	29	32	147	#
378	753212	2	3	4	10	11	12	13	18	19	20	26	28	29	37	147	#
379	317642	8	16	17	18	19	24	25	148	#
380	471776	10	11	17	18	19	26	34	148	#
381	391376	1	2	3	8	11	16	17	148	#
382	372075	11	17	18	19	25	26	27	148	#
383	361927	0	8	16	17	18	19	24	148	#
384	337444	16	17	24	42	43	50	51	148	#
385	252169	5	6	7	15	71	149	#
386	374982	5	6	7	12	13	149	#
387	334209	5	6	7	13	71	149	#
388	293734	5	6	7	13	21	149	#
389	259103	5	6	13	31	39	149	#
390	237737	5	6	7	14	15	149	#
391	1127462	42	43	46	49	50	51	52	53	54	55	57	59	60	61	62	63	150	#
392	1215188	29	30	31	37	38	39	46	47	52	53	54	55	59	61	62	63	150	#
393	1208162	3	6	7	21	29	34	36	37	46	52	53	54	55	61	62	63	150	#
394	1205627	21	29	30	36	37	45	46	52	53	54	55	59	60	61	62	63	150	#
395	1160005	23	30	31	38	39	46	47	52	53	54	55	59	60	61	62	63	150	#
396	1135769	12	13	15	21	22	25	26	29	30	37	52	53	54	59	60	61	150	#
397	378961	46	47	55	63	151	#
398	370054	46	47	53	54	151	#
399	349683	38	47	55	63	151	#
400	318283	3	38	47	55	151	#
401	310575	60	61	62	63	151	#
402	112836	50	57	152	#
403	152837	42	50	152	#
404	83559	21	57	152	#
405	528086	17	18	27	28	34	35	36	42	43	51	153	#
406	738174	27	35	36	43	44	49	50	51	57	64	153	#
407	697559	26	27	34	35	36	42	43	51	52	53	153	#
408	673133	1	9	16	17	18	25	26	27	34	35	153	#
409	647742	10	27	34	35	40	43	50	51	55	63	153	#
410	646089	20	21	27	28	34	35	43	51	52	59	153	#
411	1329505	15	20	21	22	23	29	30	31	36	37	38	39	45	46	47	52	53	54	55	154	#
412	1565524	4	7	12	14	15	21	22	23	29	30	31	36	37	38	39	46	47	62	63	154	#
413	1545363	14	22	23	30	36	37	38	43	44	45	46	47	51	52	53	54	55	61	63	154	#
414	1541684	14	15	21	22	23	28	29	30	31	36	37	38	39	43	44	46	47	54	55	154	#
415	1469048	6	7	12	14	15	21	22	23	30	31	36	37	38	39	44	47	53	54	55	154	#
416	1465841	1	2	9	22	23	29	30	38	39	40	46	47	48	51	52	54	55	60	63	154	#
417	418891	0	3	4	8	9	11	16	17	18	19	27	155	#
418	615604	4	11	12	13	19	27	28	34	35	42	43	155	#
419	612782	0	8	9	16	17	52	54	55	59	60	61	155	#
420	599168	8	9	10	16	17	18	26	27	28	34	35	155	#
421	587111	0	3	4	8	9	10	11	12	16	18	27	155	#
422	571443	9	17	18	19	20	25	26	27	34	35	43	155	#
423	352043	11	19	27	28	35	156	#
424	367184	1	3	9	10	11	156	#
425	337371	27	35	36	43	44	156	#
426	277624	19	27	35	36	44	156	#
427	250630	10	11	12	18	19	156	#
428	237100	18	27	28	29	35	156	#
429	100264	14	18	157	#
430	104718	10	18	157	#
431	103900	14	15	157	#
432	76816	73	#
433	246343	35	36	43	158	#
434	234850	27	35	36	158	#
435	151395	20	21	43	158	#
436	887088	0	1	2	3	8	9	10	16	17	27	28	35	43	44	159	#
437	1152733	0	1	2	3	8	9	31	38	39	46	47	54	55	62	159	#
438	1045678	0	1	2	3	8	9	10	37	38	39	46	47	54	55	159	#
439	849538	0	1	2	3	4	8	9	10	11	16	17	19	25	27	159	#
440	846682	1	2	3	4	9	11	16	17	18	19	27	34	35	36	159	#
441	818240	6	7	14	15	22	23	30	31	36	37	38	39	44	47	159	#
442	979056	25	26	33	34	41	42	43	49	50	51	52	53	56	57	58	59	60	61	160	#
443	1183898	3	4	11	12	13	25	33	34	40	41	42	43	51	52	53	58	59	60	160	#
444	1155017	26	33	34	35	36	41	42	43	46	50	51	52	53	54	58	59	60	61	160	#
445	1149818	25	26	33	34	41	42	43	45	46	50	51	52	53	55	58	59	60	61	160	#
446	1136538	35	41	42	43	45	46	47	51	52	53	54	55	57	58	59	60	61	62	160	#
447	1073268	28	29	30	36	37	39	41	42	45	46	47	50	51	52	53	58	59	60	160	#
448	130602	10	11	12	161	#
449	157119	11	12	19	161	#
450	923588	17	24	25	26	30	31	32	33	34	35	40	43	48	51	162	#
451	977868	5	25	26	33	34	35	41	42	43	45	50	51	52	59	162	#
452	967142	10	18	26	27	34	35	36	42	43	44	51	52	53	59	162	#
453	926222	8	9	10	11	16	17	18	19	20	25	26	27	34	35	162	#
454	905878	0	1	8	9	16	17	24	25	26	32	33	34	42	58	162	#
455	883823	19	20	25	26	27	28	33	34	35	42	43	44	51	52	162	#
456	1631551	10	15	16	17	18	21	22	23	27	28	29	31	34	35	36	37	38	39	43	44	45	47	53	54	55	59	60	163	#
457	1797000	5	6	7	13	15	21	22	23	31	35	36	37	38	39	43	44	45	46	47	52	53	54	55	58	59	60	62	163	#
458	1749087	10	15	18	19	21	22	23	27	28	31	34	35	36	37	38	39	44	45	46	47	52	54	55	59	61	62	63	163	#
459	1726217	0	1	2	9	10	16	17	18	19	24	27	31	34	36	37	38	39	43	44	45	46	47	52	53	55	59	69	163	#
460	1654598	10	14	15	17	18	19	23	31	33	34	35	36	37	38	39	43	44	45	46	47	52	53	54	55	59	61	62	163	#
461	1650531	18	19	20	27	28	31	34	35	36	37	38	39	43	44	45	46	47	51	52	54	55	58	59	60	61	62	63	163	#
462	393169	36	37	43	44	45	164	#
463	466429	35	36	43	44	45	164	#
464	383411	37	43	44	45	53	164	#
465	355667	31	35	36	37	44	164	#
466	325024	18	19	27	35	43	164	#
467	279189	29	30	37	38	39	164	#
468	107294	5	#
469	159765	24	32	40	165	#
470	129199	4	24	32	165	#
471	111766	32	33	40	165	#
472	863103	45	46	47	51	52	53	54	55	59	60	61	62	63	67	166	#
473	992643	21	22	30	38	39	46	47	52	53	54	55	61	62	63	166	#
474	984175	36	38	39	44	45	46	47	53	54	55	60	61	63	67	166	#
475	971292	35	36	44	45	46	47	52	53	54	55	60	61	62	63	166	#
476	970012	15	22	23	30	38	39	46	47	53	54	55	61	62	64	166	#
477	950206	36	44	45	46	51	52	53	54	55	58	59	61	62	63	166	#
478	54504	41	#
479	403882	5	12	13	20	21	22	30	167	#
480	505526	3	4	9	10	11	12	13	167	#
481	479957	21	29	30	31	39	46	47	167	#
482	476164	4	5	12	13	21	29	52	167	#
483	463344	5	7	13	15	21	22	30	167	#
484	442881	5	6	13	21	22	29	58	167	#
485	395233	12	13	21	22	29	168	#
486	417033	2	3	11	12	19	168	#
487	368637	12	13	14	21	22	168	#
488	346228	12	13	18	21	22	168	#
489	243992	14	15	21	22	29	168	#
490	216952	21	28	29	36	37	168	#
491	148428	23	31	72	169	#
492	183694	23	30	31	169	#
493	150276	35	67	72	169	#
494	448854	43	44	50	51	58	59	170	#
495	439411	1	2	43	44	51	66	170	#
496	428007	0	42	50	51	58	59	170	#
497	420138	36	43	44	50	51	59	170	#
498	417435	34	42	50	51	59	65	170	#
499	339042	42	50	51	58	59	60	170	#
500	1149038	20	21	22	23	27	28	29	30	31	36	37	38	40	45	46	47	52	53	54	55	171	#
501	1213412	7	10	11	15	19	20	21	22	23	26	27	28	29	30	31	34	36	37	38	47	171	#
502	1207975	7	15	19	20	21	22	27	28	29	30	31	37	38	39	45	46	47	52	54	55	171	#
503	1192937	10	11	18	19	20	21	22	26	27	28	29	30	31	34	35	36	37	38	47	66	171	#
504	1184440	10	11	18	19	20	21	22	23	25	26	27	28	29	30	31	36	37	38	39	47	171	#
505	1176786	15	20	21	22	23	28	29	30	31	34	35	36	37	38	39	45	46	47	52	73	171	#
506	95092	67	#
507	132790	54	#
508	491795	6	7	14	15	22	23	31	39	47	172	#
509	660490	31	38	39	40	45	46	47	52	54	172	#
510	630680	15	23	31	38	39	46	47	53	54	172	#
511	619612	23	30	31	38	39	45	46	47	54	172	#
512	550333	7	14	15	22	23	31	38	39	47	172	#
513	546033	6	7	14	15	22	23	31	38	39	172	#
514	2967979	0	1	2	3	4	5	8	9	10	11	13	14	15	16	17	18	19	20	21	22	23	24	25	26	27	28	29	30	31	32	33	34	35	37	38	40	41	42	43	44	45	46	47	48	49	50	51	52	53	54	55	56	57	58	59	60	61	62	63	68	173	#
515	3163914	0	1	2	3	4	5	9	10	11	12	13	14	15	16	17	18	19	20	21	22	23	25	26	27	28	29	30	31	32	33	34	35	37	38	39	40	42	43	44	45	46	47	48	49	50	51	52	53	54	55	56	57	58	59	60	61	62	63	64	66	173	#
516	3149930	0	1	2	3	4	5	8	9	10	11	12	13	14	15	16	17	18	19	20	21	22	23	24	25	26	27	29	30	31	34	35	37	38	39	40	41	42	43	44	45	46	47	48	49	50	51	52	53	54	55	56	57	58	59	60	61	62	63	69	73	173	#
517	3119144	0	1	2	3	4	5	6	7	8	9	10	11	12	13	14	15	16	17	18	19	20	21	22	23	24	25	26	27	29	30	31	32	33	34	35	37	38	40	42	43	45	46	47	48	49	50	51	52	53	54	55	56	57	58	59	60	61	62	63	70	173	#
518	3116636	0	1	2	3	4	5	6	8	9	10	11	12	13	14	15	16	17	18	19	20	21	22	23	24	25	26	27	29	30	31	34	35	37	38	39	40	41	42	43	44	45	46	47	48	49	50	51	52	53	54	55	56	57	58	59	60	61	62	63	65	173	#
519	3105474	0	1	2	3	4	5	6	7	8	9	10	11	12	13	14	15	16	17	18	19	20	21	22	23	24	25	26	27	29	30	31	32	33	34	35	37	40	41	42	43	44	45	46	47	48	50	51	52	53	54	55	56	57	58	59	60	62	63	66	70	173	#
520	75887	42	#
521	135696	56	57	58	174	#
522	195087	34	57	58	174	#
523	193823	48	56	57	174	#
524	2091219	2	3	5	6	7	12	13	14	15	20	21	22	23	25	26	27	28	29	30	31	33	34	35	39	40	41	42	43	47	49	50	51	52	175	#
525	2304895	0	1	2	19	20	21	22	23	26	27	29	30	34	35	38	41	42	43	44	45	46	47	49	50	51	52	53	54	55	57	58	59	61	175	#
526	2297514	13	19	20	21	25	26	27	28	29	34	35	36	39	41	42	43	44	45	46	47	50	52	53	54	55	57	58	59	60	61	62	63	70	175	#
527	2224086	14	15	20	21	22	23	27	28	29	30	31	35	36	37	38	39	43	44	45	46	47	50	51	52	53	54	55	57	58	59	61	62	63	175	#
528	2214254	5	6	7	12	13	14	15	20	21	22	23	27	28	29	30	31	33	34	37	38	39	43	44	45	46	47	52	53	54	55	61	62	63	175	#
529	2208954	9	10	24	25	26	27	32	33	34	35	38	39	40	41	42	43	44	45	46	47	49	50	51	52	53	54	55	57	58	59	61	62	63	175	#
530	182989	18	19	20	28	29	30	176	#
531	254791	10	17	18	19	25	27	176	#
532	221888	29	34	35	36	37	45	176	#
533	177292	19	20	21	22	27	30	176	#
534	131259	18	19	20	27	28	29	176	#
535	705369	2	3	4	5	10	11	12	13	14	19	20	21	22	177	#
536	879418	7	14	15	20	21	22	23	28	29	30	31	39	55	177	#
537	871573	6	7	14	15	20	21	22	23	28	29	30	31	39	177	#
538	838491	6	7	13	14	15	20	21	22	23	28	29	30	31	177	#
539	788921	10	11	13	14	19	20	21	22	27	28	29	30	35	177	#
540	770591	12	13	20	21	24	28	29	30	31	32	38	40	48	177	#
541	1137530	31	39	45	47	50	51	52	53	54	55	58	59	62	63	65	178	#
542	1340413	38	39	43	44	45	46	47	52	53	54	55	58	59	62	63	178	#
543	1197013	23	29	30	31	38	39	45	46	47	52	53	54	55	62	63	178	#
544	1186478	39	46	47	48	50	51	54	55	56	57	58	59	61	62	63	178	#
545	1167593	27	35	37	43	44	45	50	51	52	53	54	58	59	62	69	178	#
546	1161551	29	36	37	38	43	44	45	46	47	52	53	54	55	62	63	178	#
547	1220994	30	31	35	36	37	38	39	44	45	46	47	53	54	59	60	61	62	179	#
548	1259883	19	20	26	27	29	30	34	35	36	37	38	43	44	45	46	53	54	179	#
549	1227177	14	22	29	30	37	38	45	46	47	52	53	54	55	59	60	61	62	179	#
550	1176571	29	34	35	36	37	43	44	45	46	47	52	53	54	55	60	61	62	179	#
551	1173984	20	21	23	27	29	30	31	35	36	37	43	45	46	51	53	54	59	179	#
552	1150531	34	36	37	42	45	46	47	50	51	53	54	55	58	59	60	61	62	179	#
553	144854	51	59	180	#
554	208609	58	59	180	#
555	102085	51	52	180	#
556	138938	36	37	181	#
557	171957	35	36	181	#
558	104385	37	45	181	#
559	988370	0	1	8	9	10	11	14	15	16	17	18	19	20	21	22	29	30	73	182	#
560	1266186	29	30	31	35	36	37	38	39	44	45	47	52	53	54	55	59	60	61	182	#
561	1252368	0	1	5	6	9	10	13	16	17	20	21	29	30	31	37	39	45	52	182	#
562	1240712	5	6	13	19	20	21	29	30	31	36	37	38	39	44	45	47	55	63	182	#
563	1205327	5	6	7	9	13	14	15	21	22	29	30	31	36	37	38	39	44	45	182	#
564	1161508	0	1	2	8	9	10	11	16	17	19	24	37	44	45	52	53	59	60	182	#
565	156407	33	40	41	50	183	#
566	219688	26	27	33	34	183	#
567	539946	29	36	37	38	39	44	45	52	53	184	#
568	628983	36	37	44	45	46	52	53	55	63	184	#
569	625127	29	36	37	44	45	46	53	54	62	184	#
570	588008	10	18	27	28	29	35	36	37	38	184	#
571	580690	29	30	37	45	51	52	53	58	59	184	#
572	571454	28	29	31	37	38	39	44	45	46	184	#
573	103211	14	15	22	185	#
574	145442	7	15	22	185	#
575	199768	40	41	42	48	186	#
576	253949	32	40	41	48	186	#
577	237476	33	40	41	48	186	#
578	79634	33	34	41	42	186	#
579	313168	29	30	37	38	47	187	#
580	428598	31	39	46	47	55	187	#
581	368158	22	23	30	31	39	187	#
582	335387	22	30	31	38	39	187	#
583	323871	20	21	28	29	37	187	#
584	273807	36	37	45	46	54	187	#
585	545218	48	51	52	56	57	58	59	60	188	#
586	527454	17	25	51	52	58	59	60	68	188	#
587	458108	41	48	49	50	56	57	58	59	188	#
588	442780	25	33	48	49	50	56	57	58	188	#
589	436036	33	41	48	49	50	56	57	58	188	#
590	428198	34	42	43	51	52	53	59	60	188	#
591	342853	29	30	31	37	38	189	#
592	422865	30	31	38	47	55	189	#
593	393956	30	37	38	45	47	189	#
594	353136	28	29	30	36	37	189	#
595	331429	23	29	30	31	38	189	#
596	329674	29	37	38	39	47	189	#
597	419710	4	5	10	11	12	13	190	#
598	474006	4	5	6	11	12	13	190	#
599	370965	3	4	11	53	61	62	190	#
600	342418	9	10	11	16	17	32	190	#
601	334266	5	6	7	12	13	50	190	#
602	313587	3	4	10	11	12	13	190	#
603	170221	5	12	13	191	#
604	189942	12	13	21	191	#
605	118292	13	21	29	191	#
606	798979	3	4	20	28	29	36	37	38	44	45	47	52	192	#
607	981822	22	28	29	30	36	37	38	39	47	55	62	63	192	#
608	972094	31	36	37	38	39	47	54	55	60	61	62	63	192	#
609	922636	31	36	37	38	39	45	46	47	53	55	62	63	192	#
610	881484	29	35	36	37	38	43	44	45	52	53	59	61	192	#
611	840588	35	36	37	42	43	44	45	50	51	53	59	60	192	#
612	1515312	31	35	36	37	38	39	43	44	45	46	47	51	52	53	54	55	58	59	61	62	63	193	#
613	1579356	14	16	17	21	22	30	31	34	37	38	39	45	46	47	52	54	55	56	57	62	63	193	#
614	1575304	38	39	40	41	42	43	45	46	47	48	50	51	52	53	54	55	58	59	61	62	63	193	#
615	1537577	14	22	30	31	36	39	43	44	45	46	47	49	50	51	52	53	54	55	61	62	63	193	#
616	1522747	19	27	35	36	38	39	43	44	45	46	47	51	52	53	54	55	58	59	61	62	63	193	#
617	1487136	18	26	27	28	34	39	41	42	45	46	47	50	51	52	53	54	55	60	61	62	63	193	#
618	1938946	7	8	9	10	14	15	17	19	21	22	23	25	27	28	29	30	31	32	33	34	35	37	39	40	41	42	43	44	45	47	48	51	55	67	194	#
619	2071846	7	10	11	12	14	15	18	19	22	23	26	27	29	30	31	34	35	36	37	39	43	44	45	46	47	51	52	53	54	55	60	61	62	63	194	#
620	2019049	5	7	11	12	13	14	15	19	20	21	22	23	27	28	29	30	31	32	33	34	37	39	41	43	44	45	46	47	51	52	53	54	60	69	194	#
621	1984328	7	10	11	12	13	14	15	19	20	21	22	23	25	27	28	29	30	32	33	34	35	37	38	39	40	41	42	43	44	46	48	50	51	54	194	#
622	1959862	19	20	25	26	27	28	29	32	33	34	35	36	37	38	39	40	41	42	43	44	45	46	47	48	49	50	51	52	54	55	56	60	62	63	194	#
623	1929048	3	5	7	11	12	13	14	15	19	20	21	22	23	27	28	29	30	31	35	36	37	39	43	44	45	46	47	51	52	53	54	60	61	62	194	#
624	722666	1	2	9	10	16	17	18	26	27	28	34	195	#
625	1062262	1	35	36	37	43	45	46	54	55	62	63	195	#
626	809835	2	3	9	10	11	16	17	18	26	27	35	195	#
627	754711	18	26	27	34	35	36	42	43	50	51	59	195	#
628	736501	2	19	26	27	34	35	36	41	43	46	50	195	#
629	729854	18	19	26	27	34	35	42	43	51	58	59	195	#
630	2951350	0	1	2	5	8	9	10	11	13	16	17	18	19	20	21	23	25	26	28	29	30	31	33	34	35	37	38	39	40	41	42	43	44	45	46	47	48	49	50	51	52	53	54	55	56	57	58	59	62	67	74	196	#
631	2963601	1	8	9	10	11	15	16	17	19	20	21	22	23	24	25	26	28	29	30	31	32	33	34	35	37	38	39	40	41	42	43	44	45	46	47	48	49	50	51	52	54	55	56	57	58	59	60	61	62	64	65	196	#
632	2925273	0	1	2	5	8	9	10	11	13	15	16	17	18	21	22	23	24	25	26	28	29	30	31	32	33	34	35	37	38	40	41	42	44	45	46	47	48	49	50	51	52	54	55	56	57	58	59	60	61	68	74	196	#
633	2888509	0	1	2	3	4	5	6	8	9	10	11	12	13	16	17	18	20	21	23	24	25	26	28	29	30	31	32	33	34	35	37	38	39	40	41	42	43	44	45	46	47	48	49	50	51	52	54	55	56	57	59	196	#
634	2881499	0	1	2	5	6	8	9	10	11	13	16	17	19	20	21	23	24	25	26	28	29	30	31	32	33	34	35	37	38	39	40	41	42	43	44	45	46	47	48	49	50	51	52	54	55	56	57	58	59	60	66	196	#
635	2876026	5	6	7	8	9	10	11	12	13	14	15	16	17	18	19	20	21	22	23	25	26	27	28	29	30	31	33	34	35	37	38	40	41	42	43	44	45	46	47	48	49	50	51	52	54	55	56	57	59	63	74	196	#
636	854265	2	3	14	21	22	23	29	30	35	36	37	38	47	197	#
637	998484	5	6	13	21	26	33	34	35	36	43	51	59	68	197	#
638	972223	0	1	14	20	21	22	29	30	36	37	38	45	46	197	#
639	861866	29	30	36	37	38	39	46	47	54	55	61	62	63	197	#
640	851644	7	15	21	23	29	30	31	36	37	38	44	47	68	197	#
641	837252	21	25	28	29	32	33	34	35	36	37	43	44	45	197	#
642	851391	30	38	43	49	50	51	56	57	58	59	60	61	198	#
643	938862	33	34	41	46	49	50	51	52	54	55	58	59	198	#
644	923352	37	38	44	45	46	53	54	55	60	61	62	63	198	#
645	915818	22	23	30	33	34	35	36	37	38	43	44	51	198	#
646	865386	33	41	43	44	48	49	50	51	56	57	58	59	198	#
647	825768	41	43	44	49	50	51	52	53	58	59	60	61	198	#
648	233702	9	17	18	199	#
649	236698	9	16	17	199	#
650	207753	1	8	9	199	#
651	269340	5	6	12	13	200	#
652	343454	5	11	12	13	200	#
653	316742	11	12	13	19	200	#
654	230459	5	6	7	13	200	#
655	160474	2	3	4	201	#
656	167174	2	3	11	201	#
657	116508	1	2	9	201	#
658	1980982	0	2	3	5	7	8	9	10	11	12	13	15	16	17	18	19	20	21	22	24	25	26	27	28	29	32	33	34	35	36	37	40	41	42	43	44	48	49	50	51	52	54	56	57	58	59	60	61	62	71	202	#
659	2571767	0	1	5	6	7	8	9	11	12	14	15	16	17	18	19	22	23	24	25	26	27	28	31	32	33	34	36	39	40	41	42	43	44	46	47	48	49	50	51	52	53	54	55	57	58	59	60	61	62	63	202	#
660	2561982	0	7	8	9	11	12	13	14	15	16	17	18	19	20	21	22	23	24	25	26	27	28	29	31	32	33	34	39	40	41	43	44	46	47	48	49	50	51	52	53	54	55	57	58	59	60	61	62	63	70	202	#
661	2543303	0	1	2	3	4	5	7	8	9	10	11	12	13	15	16	17	18	19	20	23	24	25	26	27	28	31	32	33	39	40	41	43	44	46	47	48	49	50	51	52	53	54	55	57	58	59	60	61	62	63	202	#
662	2491145	0	1	2	3	5	8	9	10	11	12	13	14	16	17	18	19	20	21	22	23	24	26	27	28	29	31	32	33	34	37	39	43	44	45	46	47	49	50	51	52	53	54	55	57	58	59	60	61	62	63	202	#
663	2490923	0	5	6	7	8	9	11	12	13	14	15	16	18	19	20	21	22	23	25	27	28	29	30	31	32	33	34	36	37	38	39	42	43	44	46	47	49	50	51	52	53	54	55	57	58	59	60	61	62	63	202	#
664	609792	23	29	30	31	36	37	38	39	45	47	53	54	203	#
665	805806	37	38	45	46	52	53	54	55	59	60	61	62	203	#
666	805308	22	30	31	37	38	39	45	46	47	54	55	69	203	#
667	794942	29	30	37	38	45	46	47	52	53	54	55	63	203	#
668	769685	22	29	30	31	37	38	45	53	54	55	61	63	203	#
669	768899	37	38	45	47	52	53	54	55	59	60	61	62	203	#
670	888446	17	19	20	25	26	27	28	32	33	34	35	40	41	42	43	48	50	204	#
671	935052	1	9	11	16	19	24	27	28	32	33	34	40	48	50	56	57	58	204	#
672	916709	0	1	3	9	10	11	12	16	17	18	19	24	26	32	33	40	41	204	#
673	902246	11	17	18	19	22	26	27	34	35	41	43	49	53	57	61	62	63	204	#
674	890860	8	9	10	16	17	18	19	20	27	28	34	35	36	37	38	43	62	204	#
675	865998	3	8	9	10	11	16	19	20	26	27	28	29	33	34	35	37	43	204	#
676	377208	34	35	43	44	45	205	#
677	466558	35	43	44	45	46	205	#
678	372638	37	38	44	45	46	205	#
679	367820	34	35	36	43	44	205	#
680	301498	26	34	45	53	61	205	#
681	281901	35	36	37	43	44	205	#
682	319723	27	28	35	36	43	206	#
683	290463	2	9	43	44	51	206	#
684	284736	35	36	37	44	45	206	#
685	264568	27	35	36	37	45	206	#
686	255439	11	12	19	20	28	206	#
687	164925	25	27	33	34	66	206	#
688	63674	20	28	207	#
689	72310	56	67	207	#
690	2036383	10	16	17	18	25	26	27	28	29	30	33	34	35	36	37	38	39	40	41	42	43	44	45	47	50	51	52	53	54	55	56	57	59	60	62	208	#
691	2417734	4	5	6	7	12	13	15	16	17	18	20	21	22	23	27	28	29	30	31	33	34	35	38	39	43	47	50	51	52	53	54	55	57	62	63	208	#
692	2198964	4	5	6	7	12	13	15	22	27	28	32	33	34	40	41	42	43	44	45	49	50	51	52	53	54	55	56	57	58	59	60	62	63	64	70	208	#
693	2135306	0	1	13	18	21	22	23	27	28	29	30	31	33	34	35	36	38	39	41	43	44	47	49	50	51	52	53	54	55	57	58	59	60	62	63	208	#
694	2124405	7	8	9	10	15	16	17	18	23	24	28	29	30	31	32	33	38	39	40	41	46	47	50	51	52	53	54	55	56	57	58	59	60	62	63	208	#
695	2123680	5	10	12	13	17	18	20	21	22	27	28	29	30	31	33	34	35	36	38	40	41	43	49	50	51	52	53	54	55	56	57	58	59	60	63	208	#
696	98831	57	58	209	#
697	99676	50	57	209	#
698	183911	17	18	25	27	210	#
699	210388	9	16	17	18	210	#
700	206274	25	32	33	34	210	#
701	211055	29	30	36	37	211	#
702	295972	34	35	36	44	211	#
703	233268	29	30	37	38	211	#
704	227273	29	30	31	38	211	#
705	131860	21	28	29	37	211	#
706	179342	10	17	18	212	#
707	255909	3	10	11	212	#
708	156847	9	10	18	212	#
709	216495	9	16	17	213	#
710	265976	8	9	16	213	#
711	219234	8	16	20	213	#
712	116098	9	17	18	213	#
713	1662801	23	29	30	34	36	37	38	41	42	43	44	45	47	49	50	51	52	53	54	55	58	59	60	61	62	63	214	#
714	1961831	5	9	10	11	12	13	16	21	23	27	28	29	30	34	36	37	38	39	44	45	46	47	52	55	59	60	214	#
715	1905183	4	5	6	10	11	12	13	14	21	22	23	28	29	30	36	37	38	39	43	44	45	51	52	58	59	60	214	#
716	1873274	1	5	12	13	15	21	22	29	30	36	37	38	43	44	45	47	50	51	52	53	55	58	59	60	61	62	214	#
717	1865425	10	11	20	21	27	28	29	36	37	38	39	43	44	45	46	47	50	51	52	53	55	58	59	60	61	62	214	#
718	1862884	1	4	8	9	10	11	12	13	17	21	23	28	29	30	36	37	38	39	44	45	46	47	52	53	58	59	214	#
719	765055	0	1	2	8	9	10	11	16	17	18	19	20	28	215	#
720	876130	0	1	2	3	8	9	10	11	16	17	44	45	52	215	#
721	851616	0	1	8	9	10	11	12	16	17	18	19	25	41	215	#
722	843495	0	1	8	9	10	11	16	17	18	19	20	27	34	215	#
723	838324	1	3	4	9	10	11	12	13	16	17	18	19	27	215	#
724	815912	0	1	8	9	10	11	15	16	17	18	25	26	33	215	#
725	1136015	10	11	12	17	18	19	20	25	26	32	33	34	35	40	42	50	51	52	57	216	#
726	1378243	18	25	26	32	33	34	35	42	43	48	49	50	51	52	53	56	57	59	68	216	#
727	1369189	3	4	9	10	11	12	13	17	18	25	26	32	33	34	35	42	43	50	57	216	#
728	1272558	17	18	25	26	32	33	34	35	36	42	43	45	48	49	50	51	52	56	57	216	#
729	1251591	18	26	32	33	34	35	36	37	38	41	42	43	49	50	51	52	53	56	57	216	#
730	1241061	25	26	32	33	34	35	36	42	43	45	49	50	51	52	53	56	57	58	61	216	#
731	1848309	9	10	11	14	16	17	18	24	25	27	32	33	34	35	36	37	41	42	45	46	47	49	50	51	52	53	54	55	59	60	61	62	63	217	#
732	2072410	0	8	9	10	11	16	17	18	19	20	24	25	26	27	32	34	35	36	37	43	45	46	47	51	52	53	54	55	59	60	61	62	69	217	#
733	1963687	0	8	9	10	11	16	17	18	19	20	24	25	26	33	35	36	37	38	41	43	45	46	47	50	51	52	53	54	55	59	60	61	62	217	#
734	1937774	5	15	22	23	25	26	30	31	33	34	35	36	37	38	39	42	43	44	45	46	47	50	51	52	53	54	55	57	59	60	61	62	63	217	#
735	1934014	10	11	17	18	21	23	25	26	29	30	33	34	35	36	37	39	41	42	43	44	45	46	47	48	50	51	52	53	55	58	59	60	69	217	#
736	1930847	9	10	11	12	16	17	18	19	20	25	26	27	28	29	30	33	34	35	37	38	42	43	45	46	47	50	51	52	53	58	59	60	67	217	#
737	76407	14	#
738	55616	68	#
739	224586	17	18	25	26	218	#
740	244455	10	11	18	26	218	#
741	172431	10	17	18	25	218	#
742	1804564	3	4	5	9	12	13	16	17	18	19	20	21	27	28	29	30	31	34	37	38	39	45	46	47	52	53	54	55	58	59	60	219	#
743	1944048	3	4	5	6	10	11	12	13	14	19	21	22	23	29	30	31	37	39	45	46	47	52	53	54	55	57	58	59	60	66	68	219	#
744	1906674	5	9	12	13	14	17	18	19	20	21	22	27	28	29	30	31	37	39	45	46	47	52	53	54	55	56	57	59	60	62	63	219	#
745	1889031	4	5	12	13	14	15	20	21	22	27	28	29	35	37	42	44	45	46	47	50	51	52	53	54	55	58	59	60	62	63	69	219	#
746	1855705	3	4	5	12	13	14	15	20	21	22	23	27	28	29	30	31	37	38	39	44	45	46	47	52	53	54	55	59	60	62	63	219	#
747	1855017	4	5	6	7	12	13	14	15	19	20	21	22	28	29	30	31	37	38	39	45	46	47	52	53	54	55	59	60	62	69	74	219	#
748	1359783	16	18	24	27	32	33	34	35	37	40	41	43	44	45	46	48	49	50	51	52	53	56	57	59	220	#
749	1767310	4	8	9	10	11	12	16	17	18	19	25	26	27	32	33	34	35	36	40	43	44	45	48	52	220	#
750	1748357	0	8	9	12	13	16	21	22	23	28	29	30	36	37	38	44	45	52	53	54	58	59	60	70	220	#
751	1728629	0	4	8	9	10	11	12	13	16	17	18	19	24	25	26	27	29	33	34	35	37	38	43	46	220	#
752	1679619	0	8	9	11	12	16	17	18	19	24	25	27	32	33	34	35	37	40	44	45	48	52	56	60	220	#
753	1677505	16	17	18	24	25	27	32	33	34	35	36	43	44	45	46	51	52	53	54	58	59	60	61	62	220	#
