%% File generated by CATS v.2.1Mon Aug 19 20:30:21 2019

%% The CATS webpage is http://robotics.stanford.edu/CATS

%% PARAMETER SETTINGS:
% Goods: 45; Bids: 1800; Distribution: regions; Runs: 10; Seed: 1566264549
% Regions Distribution Parameters:
% Max Substitutable Bids = 5
% Removing HV Neighbor   = 0.1
% Adding DIAG Neighbor   = 0.2
% Additional Location    = 0.9
% Jump Probability       = 0.05
% Additivity             = 0.2
% Budget Factor          = 1.5
% Resale Factor          = 0.5
% Uniform Private Value:
%   Deviation            = 0.5
%   Max Good Value       = 100



goods 45
bids 1800
dummy 339

0	781743	2	7	13	14	15	19	20	24	25	45	#
1	702200	1	2	7	8	13	14	19	20	25	45	#
2	693134	7	8	13	14	19	20	21	24	25	45	#
3	665586	2	7	8	12	13	14	15	19	20	45	#
4	626709	7	14	19	20	21	24	25	29	30	45	#
5	599586	2	7	8	12	13	14	19	20	37	45	#
6	284334	0	1	2	6	8	46	#
7	320139	1	2	7	8	13	46	#
8	315585	1	2	3	8	9	46	#
9	250208	2	3	7	8	9	46	#
10	175092	0	6	7	8	13	46	#
11	684024	23	28	29	30	31	32	33	34	35	47	#
12	682479	26	27	29	30	31	32	33	34	35	47	#
13	667908	22	23	26	28	29	32	33	34	35	47	#
14	656642	26	28	29	31	32	33	34	35	42	47	#
15	623722	16	17	23	28	29	32	33	34	35	47	#
16	618793	23	27	28	29	31	32	33	34	35	47	#
17	116647	0	1	#
18	147305	18	24	#
19	24265	0	#
20	278585	27	32	33	48	#
21	234213	31	32	33	48	#
22	231623	21	27	33	48	#
23	199210	27	33	34	48	#
24	640889	2	3	4	8	9	10	11	16	17	18	22	24	25	49	#
25	905186	3	4	5	9	10	11	16	17	22	23	29	35	42	49	#
26	840596	3	4	5	9	10	11	15	16	17	22	23	29	35	49	#
27	806988	3	4	5	8	10	11	16	17	23	29	33	35	44	49	#
28	802219	6	12	13	18	19	20	21	24	25	26	27	30	32	49	#
29	778085	3	6	8	10	12	13	14	16	19	20	21	24	25	49	#
30	124474	29	#
31	116062	36	#
32	60822	39	#
33	415220	7	12	13	19	43	50	#
34	390853	2	7	8	13	14	50	#
35	365597	12	13	14	19	20	50	#
36	336244	6	7	12	13	34	50	#
37	334314	2	7	8	9	12	50	#
38	299818	5	10	11	41	43	50	#
39	669906	2	5	6	7	8	12	13	14	15	16	20	51	#
40	706861	2	6	7	8	12	13	14	19	20	25	26	51	#
41	702283	2	3	7	8	9	10	11	13	14	19	20	51	#
42	694955	2	3	4	5	8	9	10	11	14	16	20	51	#
43	666752	1	2	3	6	7	8	9	12	13	14	19	51	#
44	651012	7	8	13	14	15	20	21	22	26	28	32	51	#
45	50370	7	#
46	1207602	4	5	9	10	11	15	16	17	19	20	21	22	23	26	27	28	29	30	31	32	33	34	35	42	52	#
47	1265151	9	12	13	14	15	16	18	19	20	21	22	23	24	26	27	28	29	30	31	32	33	34	35	37	52	#
48	1261507	0	6	12	13	14	15	16	17	18	19	20	21	23	24	26	27	28	29	30	31	32	33	34	35	52	#
49	1229490	2	3	8	9	12	13	14	15	16	19	20	21	22	23	26	27	28	29	30	31	32	33	34	35	52	#
50	1218277	2	3	8	9	12	13	14	15	18	19	20	21	22	24	26	27	28	29	30	31	32	33	34	40	52	#
51	1209866	6	8	12	13	14	15	16	18	19	20	21	22	24	25	26	27	28	29	30	31	32	33	34	35	52	#
52	88385	4	11	53	#
53	87886	5	11	53	#
54	656013	6	7	12	13	18	19	24	30	31	32	54	#
55	712500	3	9	12	13	18	24	25	30	31	32	54	#
56	676324	12	13	18	19	20	24	25	30	31	42	54	#
57	660132	12	13	14	19	20	24	25	30	31	32	54	#
58	653885	7	12	13	16	18	19	22	24	25	28	54	#
59	591363	18	20	21	24	25	26	30	31	32	33	54	#
60	321205	2	6	7	8	12	13	55	#
61	369586	2	6	7	12	13	42	55	#
62	364229	1	2	6	7	13	14	55	#
63	327606	1	2	3	8	14	15	55	#
64	296177	1	2	6	7	8	12	55	#
65	280784	6	7	12	13	18	34	55	#
66	1477537	0	1	2	3	4	6	7	8	9	10	11	12	13	14	15	16	19	20	22	24	25	28	33	34	35	39	56	#
67	1649703	0	1	2	7	8	12	13	14	15	16	19	20	21	22	24	25	26	27	28	29	30	31	32	33	34	35	56	#
68	1624100	0	2	6	7	9	10	12	13	14	15	16	17	19	20	21	23	24	25	26	27	28	29	31	32	34	35	56	#
69	1617204	2	3	4	6	7	8	9	10	12	13	14	15	16	18	19	20	21	22	24	25	26	27	28	30	32	34	56	#
70	1605927	0	2	6	7	8	9	11	12	13	14	15	16	18	19	20	21	22	24	26	27	28	30	31	32	33	34	56	#
71	1576924	0	2	3	4	6	7	8	9	10	12	13	14	15	16	19	20	21	23	24	25	26	27	28	29	31	33	56	#
72	735951	15	21	26	27	28	31	32	33	34	44	57	#
73	775470	9	10	15	16	17	21	22	26	27	33	57	#
74	694169	14	15	16	17	21	22	23	26	27	33	57	#
75	693143	15	21	22	26	27	28	33	34	35	37	57	#
76	673905	15	19	20	21	22	26	27	28	33	34	57	#
77	626275	19	20	21	25	26	27	28	32	33	36	57	#
78	1980336	0	1	2	3	4	5	6	7	8	9	10	11	12	13	14	15	16	17	18	19	20	21	22	23	24	25	26	27	28	29	30	31	32	33	34	35	37	58	#
79	2212904	0	1	2	3	4	5	6	7	8	9	10	11	12	13	14	15	16	17	19	20	21	22	23	24	25	26	27	28	29	31	32	33	34	35	38	39	44	58	#
80	2115793	0	1	2	3	4	5	6	7	8	9	10	11	12	13	14	15	16	17	18	19	20	21	22	23	24	25	26	27	28	29	31	32	33	34	35	42	44	58	#
81	2107391	0	1	2	3	4	5	6	7	8	9	10	11	12	14	15	16	17	18	19	20	21	22	23	24	25	26	27	28	29	30	31	32	33	34	35	40	44	58	#
82	2092889	0	1	2	3	4	5	6	7	8	9	10	11	12	13	14	15	16	17	18	19	20	21	22	23	24	25	26	27	28	29	30	31	32	33	34	35	36	58	#
83	2090917	0	1	2	3	4	5	6	7	8	9	10	11	12	13	14	15	16	17	18	19	20	21	22	23	24	25	26	27	28	29	30	31	32	33	34	35	44	58	#
84	1034565	2	8	9	10	15	16	17	20	21	22	23	25	26	27	28	29	31	32	33	34	35	59	#
85	1075520	5	9	10	11	15	16	17	20	21	22	23	26	27	28	29	30	31	33	34	35	40	59	#
86	1044756	2	3	4	9	10	11	15	16	17	21	22	23	24	25	26	27	28	29	33	34	35	59	#
87	1026699	1	2	6	7	9	12	14	15	20	21	22	24	25	26	27	28	30	31	32	33	34	59	#
88	1021110	9	10	12	15	16	17	18	20	21	22	23	24	25	26	27	28	29	30	31	34	35	59	#
89	976238	2	4	8	9	10	11	15	16	17	20	21	22	23	25	26	27	28	29	33	34	35	59	#
90	149787	7	13	#
91	730105	0	1	2	3	4	6	7	8	9	10	11	12	13	14	18	24	60	#
92	982367	2	3	6	7	9	12	13	14	15	16	18	22	24	25	26	43	60	#
93	940254	0	2	3	6	7	8	9	12	13	14	15	16	18	22	24	35	60	#
94	886883	1	2	3	7	8	9	13	14	15	16	17	21	22	27	28	43	60	#
95	862415	1	2	3	4	5	8	9	10	11	14	15	16	17	21	22	27	60	#
96	852318	2	3	4	5	8	9	10	14	15	16	20	21	22	27	28	33	60	#
97	493741	15	16	21	26	27	28	33	61	#
98	511310	9	15	16	17	21	26	27	61	#
99	459314	20	21	26	27	28	29	32	61	#
100	425385	15	20	21	26	27	28	32	61	#
101	374033	9	15	22	27	28	33	34	61	#
102	369398	20	21	26	27	28	31	32	61	#
103	520749	17	21	23	27	28	29	33	34	35	62	#
104	677255	22	26	27	28	29	32	33	34	35	62	#
105	674478	9	10	16	17	21	23	26	29	35	62	#
106	616320	23	25	26	27	28	29	33	34	35	62	#
107	590106	14	20	21	26	27	32	33	34	35	62	#
108	588495	11	16	17	23	28	29	33	34	35	62	#
109	77542	43	#
110	483358	3	4	5	9	10	11	15	16	17	23	28	29	63	#
111	705058	16	17	21	22	23	26	27	28	29	33	34	35	63	#
112	673037	0	1	14	17	20	23	28	29	33	34	35	38	63	#
113	668114	4	10	11	15	16	17	23	28	29	33	34	35	63	#
114	638941	3	4	9	15	17	23	27	28	29	33	34	35	63	#
115	619352	1	2	9	10	14	15	16	17	21	23	26	27	63	#
116	1074763	3	4	5	8	9	10	11	14	17	20	23	24	26	27	28	30	31	32	33	34	64	#
117	1333625	3	4	8	9	13	14	15	18	20	24	25	26	27	28	30	31	32	33	34	35	64	#
118	1324788	2	3	8	9	13	14	19	20	24	25	26	27	28	30	31	32	33	34	35	41	64	#
119	1287624	3	4	7	8	9	13	14	18	20	24	25	26	27	28	30	31	32	33	34	35	64	#
120	1228110	3	8	9	10	13	14	15	18	20	21	24	26	27	28	30	31	32	33	34	35	64	#
121	1201102	7	8	9	10	13	14	15	16	19	20	22	25	26	27	28	32	33	34	35	44	64	#
122	160215	15	21	65	#
123	136568	15	36	65	#
124	113775	21	27	65	#
125	1280325	0	1	2	3	4	5	6	7	8	9	10	11	12	13	14	15	16	17	19	20	21	22	23	25	26	27	33	66	#
126	1537063	0	1	2	3	4	6	7	8	9	10	12	13	14	15	16	19	20	21	24	25	26	27	30	33	34	35	43	66	#
127	1533620	0	1	2	4	5	6	7	10	11	12	13	14	15	16	17	18	19	20	21	23	24	25	26	27	30	32	33	66	#
128	1529532	0	1	2	3	4	6	7	10	11	12	13	14	15	16	18	19	20	21	24	25	26	27	28	30	32	33	43	66	#
129	1462806	0	1	2	5	6	7	9	11	12	13	14	15	18	19	20	21	24	25	26	27	28	30	31	32	33	34	35	66	#
130	1459664	1	2	3	4	5	6	7	8	9	10	11	12	13	14	15	18	19	20	21	24	25	27	28	29	33	34	35	66	#
131	102075	38	#
132	1007658	2	3	4	6	7	8	9	10	11	12	13	14	18	19	24	25	26	38	67	#
133	1183938	3	8	9	13	14	15	16	19	20	21	22	25	26	27	28	32	33	34	67	#
134	1159845	1	2	3	4	5	8	9	10	11	13	14	15	16	22	28	29	33	34	67	#
135	1146242	2	3	4	8	9	10	12	13	14	15	18	19	20	22	25	26	27	28	67	#
136	1144300	3	4	8	9	13	14	19	20	22	24	25	26	27	28	31	32	33	34	67	#
137	1135763	9	12	13	14	15	16	18	19	20	21	22	24	25	26	27	28	33	34	67	#
138	87634	40	#
139	682739	19	20	21	25	26	27	28	34	35	68	#
140	742751	15	19	21	22	25	26	27	28	33	68	#
141	739125	16	22	26	27	28	29	33	34	35	68	#
142	732748	2	7	13	14	19	20	21	25	26	68	#
143	719587	21	25	26	27	28	29	33	34	35	68	#
144	678740	19	20	21	25	26	27	28	33	34	68	#
145	60999	10	#
146	816494	1	2	3	4	6	7	9	13	14	19	33	34	69	#
147	873859	9	10	13	14	15	16	21	22	28	29	34	35	69	#
148	819642	2	6	7	12	13	14	18	19	20	21	26	32	69	#
149	772549	1	2	3	7	9	10	12	13	14	16	19	20	69	#
150	719614	0	1	2	6	7	12	13	14	18	19	20	21	69	#
151	709158	9	10	11	20	21	26	27	30	31	32	33	34	69	#
152	1461061	0	1	2	3	4	5	6	7	8	9	10	11	12	13	14	15	16	17	19	20	21	22	23	26	27	28	29	32	33	34	35	42	70	#
153	1664471	0	1	2	3	4	5	6	7	8	9	11	13	14	15	16	19	20	21	22	23	24	26	27	28	29	30	31	32	33	34	35	42	70	#
154	1651210	0	1	2	3	4	5	7	8	9	11	13	14	15	16	17	19	20	21	22	23	26	27	28	29	30	31	32	33	34	35	39	42	70	#
155	1609620	0	1	2	3	4	5	7	8	9	11	13	14	15	16	18	19	20	21	22	23	24	25	26	27	28	29	30	31	32	33	34	35	70	#
156	1597160	0	1	2	3	4	5	7	8	9	11	13	14	15	16	17	19	20	21	22	23	26	27	28	29	30	31	32	33	34	35	40	44	70	#
157	1593616	1	2	3	4	5	7	8	9	11	12	13	14	15	16	18	19	20	21	22	23	25	26	27	28	29	30	31	32	33	34	35	42	70	#
158	42036	30	#
159	675541	0	3	6	8	12	13	14	15	18	19	21	25	36	71	#
160	938267	2	3	6	7	8	9	13	14	15	20	21	26	32	71	#
161	899852	2	3	4	8	9	10	11	14	16	17	20	21	22	71	#
162	890624	1	2	3	4	6	8	9	10	11	12	13	14	20	71	#
163	888496	3	4	9	10	14	15	16	20	21	26	27	28	33	71	#
164	875025	6	8	9	12	13	14	15	18	19	20	21	24	30	71	#
165	396759	6	7	8	12	13	14	15	20	22	27	28	72	#
166	570325	7	12	13	14	15	19	20	24	25	26	27	72	#
167	558902	14	15	19	20	21	25	26	27	28	29	33	72	#
168	531698	5	6	7	11	12	13	14	19	20	25	26	72	#
169	498201	3	6	7	8	12	13	14	15	21	26	27	72	#
170	470074	12	13	18	19	20	25	26	27	31	32	33	72	#
171	243966	4	5	11	44	73	#
172	220121	3	4	5	11	73	#
173	161949	4	5	11	17	73	#
174	125234	44	#
175	109629	3	4	11	17	73	#
176	578074	7	8	14	19	20	21	25	26	28	30	31	32	33	74	#
177	786529	16	20	21	22	26	28	29	30	31	32	33	34	35	74	#
178	779298	16	21	22	23	27	28	29	30	31	32	33	34	35	74	#
179	772352	15	21	23	25	26	28	29	30	31	32	33	34	35	74	#
180	712190	20	21	23	25	26	27	28	29	32	33	34	35	36	74	#
181	707944	14	19	20	21	25	26	27	28	31	32	33	34	35	74	#
182	845922	7	14	15	16	17	20	21	22	23	28	29	34	35	75	#
183	975035	7	13	14	15	16	19	20	21	22	24	25	26	32	75	#
184	961187	7	12	13	14	15	16	20	21	22	28	29	34	35	75	#
185	939654	14	15	16	20	21	22	26	28	29	31	32	34	35	75	#
186	871601	6	7	12	13	14	15	16	19	20	21	25	26	32	75	#
187	863196	15	20	21	22	23	26	27	28	29	32	33	34	35	75	#
188	160001	28	33	#
189	1353988	2	7	8	9	13	14	15	18	19	21	22	23	24	25	26	27	28	29	30	31	32	33	34	76	#
190	1528476	0	2	3	4	5	6	7	9	10	11	13	14	15	16	17	19	21	22	23	29	34	40	44	76	#
191	1502743	2	3	4	7	8	9	10	13	14	15	16	17	19	20	21	22	23	27	28	29	32	33	34	76	#
192	1500500	2	3	6	7	9	10	12	13	14	15	16	17	19	20	21	22	23	27	28	29	32	33	34	76	#
193	1468441	0	2	3	6	7	9	13	14	15	17	19	20	21	22	23	25	27	28	29	32	33	34	35	76	#
194	1467014	2	4	7	8	9	10	13	14	15	16	17	20	21	22	23	27	28	29	32	33	34	35	38	76	#
195	180740	12	13	19	77	#
196	266659	2	7	13	77	#
197	190255	19	20	26	77	#
198	255797	29	34	35	78	#
199	202700	28	29	35	78	#
200	313118	7	13	19	20	79	#
201	345025	13	14	19	20	79	#
202	324754	19	20	25	26	79	#
203	287008	20	21	25	26	79	#
204	284879	6	7	13	14	79	#
205	205831	8	9	10	14	15	80	#
206	304621	14	15	16	20	22	80	#
207	278378	4	9	10	15	16	80	#
208	273655	2	3	7	8	9	80	#
209	219061	0	2	8	14	15	80	#
210	77474	4	#
211	971425	13	14	19	20	21	22	24	25	26	27	28	29	30	32	33	34	81	#
212	1047525	9	12	13	15	18	19	20	21	22	24	25	26	27	28	30	33	81	#
213	1008262	2	3	8	9	13	14	19	20	21	23	25	26	27	28	33	34	81	#
214	1004246	3	4	13	19	20	21	24	25	26	27	28	32	33	34	35	40	81	#
215	992446	12	13	18	19	20	21	24	25	26	27	28	30	31	32	33	34	81	#
216	980488	8	9	13	14	15	19	20	21	22	23	24	25	26	27	28	29	81	#
217	307243	10	14	15	16	20	21	27	82	#
218	423477	13	14	15	16	21	26	27	82	#
219	421270	4	10	11	16	17	23	29	82	#
220	322751	19	20	24	25	26	27	28	82	#
221	322265	20	21	26	27	28	29	34	82	#
222	313234	4	5	11	15	16	17	22	82	#
223	82154	11	17	#
224	178228	23	29	115	#
225	55478	6	7	#
226	462044	8	9	14	15	20	21	22	37	84	#
227	651036	9	15	16	17	20	21	26	38	84	#
228	640079	9	15	16	17	21	22	28	34	84	#
229	554693	15	16	17	20	21	22	28	33	84	#
230	499904	2	6	7	8	9	12	15	16	84	#
231	469612	1	2	6	7	8	9	12	13	84	#
232	734568	2	3	8	14	19	20	21	25	26	27	33	85	#
233	808760	13	14	15	19	20	24	25	26	27	32	33	85	#
234	792671	15	19	21	25	26	27	28	32	33	34	35	85	#
235	764159	7	8	13	14	19	20	25	26	32	33	38	85	#
236	692934	13	14	15	16	17	20	21	22	26	27	32	85	#
237	662778	13	14	15	19	20	21	25	26	27	28	33	85	#
238	99033	42	#
239	410574	0	1	2	7	13	14	20	86	#
240	433715	7	9	12	13	14	15	20	86	#
241	412245	0	1	2	6	7	14	36	86	#
242	404687	0	1	2	7	8	9	14	86	#
243	393978	0	1	2	12	13	14	23	86	#
244	377272	7	13	14	15	19	20	21	86	#
245	1572066	4	5	9	10	11	15	16	17	18	20	21	22	23	24	25	26	27	28	29	32	33	34	35	87	#
246	1619570	2	3	4	5	7	8	9	10	11	15	16	19	20	21	22	24	26	27	28	29	33	34	35	87	#
247	1595959	3	4	8	9	10	13	15	16	18	19	20	21	22	24	25	26	27	28	29	32	33	34	35	87	#
248	1545360	9	10	12	13	15	16	18	19	20	21	22	24	25	26	27	28	29	30	31	32	33	34	35	87	#
249	1517278	2	3	4	5	8	9	10	11	15	16	18	19	20	21	22	24	25	26	27	28	30	33	34	87	#
250	1487296	4	5	10	11	13	15	16	17	19	20	21	22	25	26	27	28	29	30	31	32	33	34	35	87	#
251	83286	3	8	14	88	#
252	62470	3	7	8	88	#
253	518914	12	18	21	24	25	26	27	31	32	89	#
254	766999	7	9	13	14	19	24	25	26	35	89	#
255	752703	19	20	21	22	23	26	28	29	35	89	#
256	700493	21	25	26	28	29	31	32	33	34	89	#
257	693550	18	19	21	24	25	26	30	31	32	89	#
258	664187	12	13	14	18	19	24	25	26	32	89	#
259	896834	15	20	21	22	24	25	26	27	28	30	31	32	33	34	35	90	#
260	998843	4	5	9	10	11	13	14	15	16	19	20	21	25	26	27	90	#
261	972373	0	1	2	4	7	9	13	14	15	19	20	21	25	26	27	90	#
262	970676	2	6	7	13	14	15	19	20	21	24	25	26	27	30	31	90	#
263	959225	1	2	7	9	13	14	15	16	19	20	21	22	25	26	28	90	#
264	942745	14	15	20	21	25	26	27	28	29	30	31	32	33	34	35	90	#
265	1812618	0	1	2	3	4	5	6	7	8	9	10	11	12	13	14	15	16	17	18	19	20	21	22	23	24	25	26	27	28	29	30	31	32	33	34	35	40	42	43	91	#
266	1875594	0	1	2	3	4	5	6	7	8	9	10	11	12	13	14	15	16	17	18	19	20	21	22	23	24	25	26	27	28	29	30	31	32	33	34	35	38	42	44	91	#
267	1846577	0	1	2	3	4	5	6	7	8	9	10	11	12	13	14	15	16	17	18	19	20	21	22	23	24	25	26	27	28	29	30	31	32	33	34	35	40	41	42	91	#
268	1840216	0	1	2	3	4	5	6	7	8	9	10	11	12	13	14	15	16	17	18	19	20	21	22	23	24	25	26	27	28	29	30	31	32	33	34	35	38	40	42	91	#
269	1821788	0	1	2	3	4	5	6	7	8	9	10	11	12	13	14	15	16	17	18	19	20	21	22	23	24	25	26	27	28	29	30	31	32	33	34	35	36	40	44	91	#
270	1819266	0	1	2	3	4	5	6	7	8	9	10	11	12	13	14	15	16	17	18	19	20	21	22	23	24	25	26	27	28	29	30	31	32	33	34	35	38	41	44	91	#
271	218857	16	32	92	#
272	202977	16	22	92	#
273	194285	32	33	92	#
274	644119	1	2	3	4	9	11	14	15	16	21	39	93	#
275	664323	3	4	5	9	11	16	17	22	23	29	35	93	#
276	631913	7	9	14	15	16	18	20	21	22	28	29	93	#
277	611965	13	14	15	16	17	22	28	29	34	35	39	93	#
278	546315	3	4	5	9	10	11	15	16	17	21	22	93	#
279	539618	1	2	7	13	14	19	20	21	25	27	29	93	#
280	368553	18	28	31	32	33	94	#
281	371730	26	30	31	32	33	94	#
282	371238	27	28	32	33	34	94	#
283	300456	25	26	32	34	35	94	#
284	231007	15	22	27	28	34	94	#
285	202458	0	1	6	12	18	94	#
286	1582408	0	3	4	6	7	8	9	10	12	13	14	15	16	19	20	21	22	24	26	27	28	30	31	32	33	34	95	#
287	1812302	2	3	4	7	8	9	10	13	14	15	16	19	20	21	22	25	26	27	28	30	31	32	33	34	35	36	95	#
288	1752671	2	3	4	5	7	8	9	10	13	14	15	16	19	20	21	22	25	26	27	28	30	31	32	33	34	35	95	#
289	1712395	2	3	4	5	6	7	8	9	13	14	15	16	19	20	21	22	25	26	27	28	30	31	32	33	34	36	95	#
290	1680095	1	2	3	4	5	6	7	8	9	10	12	13	14	15	16	19	20	21	22	26	27	28	32	33	34	42	95	#
291	1669165	2	3	4	7	8	9	10	13	14	15	16	18	19	20	21	22	24	25	26	27	28	30	31	33	34	35	95	#
292	1005333	9	11	14	15	16	18	19	20	21	22	24	25	26	27	30	32	96	#
293	1118059	9	13	14	15	16	19	20	21	22	25	26	27	28	29	33	34	96	#
294	1074632	7	8	9	13	14	15	16	19	20	21	24	25	26	27	33	34	96	#
295	1032900	4	5	11	14	15	19	20	21	24	25	26	28	29	32	33	34	96	#
296	1028319	1	2	7	8	9	13	14	15	16	19	20	21	22	25	26	32	96	#
297	986594	9	12	13	14	15	18	19	20	21	24	25	26	27	30	32	43	96	#
298	58228	6	12	97	#
299	80825	12	13	97	#
300	1627064	0	1	2	3	4	5	6	7	8	9	10	11	12	13	14	15	16	17	18	19	20	22	23	24	25	29	30	31	32	35	98	#
301	1738537	0	2	3	4	5	6	8	9	10	11	13	14	15	16	17	19	20	21	22	23	24	25	26	28	29	30	32	33	34	35	98	#
302	1730882	0	1	2	3	4	5	6	8	9	10	11	12	13	14	15	16	17	18	19	20	22	23	24	26	27	28	29	33	34	35	98	#
303	1709614	2	3	4	5	6	9	10	11	12	14	15	16	17	18	19	20	21	22	23	24	25	26	27	28	29	30	31	32	33	35	98	#
304	1695225	0	1	2	3	4	5	6	7	8	9	10	11	12	13	14	15	16	17	18	19	20	21	22	24	26	27	31	32	33	38	98	#
305	1679888	0	1	2	3	4	5	6	7	8	9	11	12	13	14	15	16	17	18	19	20	21	22	24	25	28	29	32	33	34	35	98	#
306	273020	7	8	9	14	15	99	#
307	348958	8	9	14	15	21	99	#
308	337049	2	7	8	9	15	99	#
309	333467	9	10	15	16	22	99	#
310	295195	8	14	15	32	41	99	#
311	245501	4	6	7	11	13	99	#
312	217482	4	5	10	100	#
313	221590	4	5	11	100	#
314	209430	4	10	11	100	#
315	117010	21	26	101	#
316	153582	25	26	101	#
317	103444	15	21	101	#
318	1560762	0	1	2	3	6	8	9	10	12	13	14	15	16	17	18	19	20	21	22	23	24	25	26	27	28	29	30	32	33	35	111	#
319	596936	11	14	15	16	17	23	27	28	29	33	34	35	102	#
320	709456	9	10	15	16	21	22	27	28	29	33	34	35	102	#
321	695933	9	10	14	15	21	22	27	28	32	33	34	35	102	#
322	616571	6	18	19	21	22	24	25	26	27	28	33	34	102	#
323	616411	10	16	17	21	22	23	27	28	29	33	34	35	102	#
324	605728	11	15	16	17	21	22	23	27	28	29	32	33	102	#
325	102850	1	#
326	482090	4	5	8	9	10	11	15	16	17	23	103	#
327	549804	5	9	11	15	16	17	23	24	25	30	103	#
328	549025	3	4	5	10	11	16	17	23	32	33	103	#
329	536861	3	5	9	10	11	15	16	17	21	22	103	#
330	533775	2	4	5	7	8	9	10	11	15	16	103	#
331	528008	1	2	3	4	5	7	8	9	11	15	103	#
332	192848	21	26	27	104	#
333	111045	20	21	27	104	#
334	1116897	8	9	10	13	14	15	16	17	21	22	23	28	29	30	31	34	35	105	#
335	1203312	5	7	8	9	10	13	14	15	16	17	19	22	23	28	29	34	35	105	#
336	1160929	7	8	9	12	13	14	15	16	18	19	20	21	22	24	25	26	32	105	#
337	1152279	0	5	6	9	11	12	13	14	15	16	17	19	21	22	23	26	32	105	#
338	1116053	4	5	9	10	15	16	17	21	23	26	27	28	29	31	32	34	35	105	#
339	1110416	2	6	7	8	9	10	12	13	14	15	16	18	19	20	22	26	28	105	#
340	108844	26	#
341	883831	15	16	21	22	23	27	28	29	31	32	33	34	35	106	#
342	881938	15	16	20	21	22	26	27	28	29	32	33	34	35	106	#
343	858686	20	21	22	23	26	27	28	29	31	32	33	34	35	106	#
344	850781	9	15	21	22	26	27	28	29	31	32	33	34	35	106	#
345	849999	15	20	21	23	26	27	28	29	31	32	33	34	35	106	#
346	848201	9	14	15	16	20	21	22	26	27	28	31	32	34	106	#
347	403334	5	11	16	17	22	37	107	#
348	393686	4	11	15	16	17	22	107	#
349	379895	3	9	15	16	18	22	107	#
350	350919	4	5	10	11	16	17	107	#
351	313637	3	4	5	10	11	17	107	#
352	284859	20	25	26	27	32	37	107	#
353	174029	24	30	31	108	#
354	142433	24	25	30	108	#
355	248072	16	17	22	28	109	#
356	211187	21	27	28	33	109	#
357	205671	11	16	17	22	109	#
358	178728	22	27	28	34	109	#
359	719480	3	4	5	6	7	8	9	10	11	15	16	22	28	110	#
360	1014534	9	10	16	20	22	23	26	27	28	29	32	33	34	110	#
361	986264	16	21	22	23	26	27	28	29	31	32	33	34	35	110	#
362	942817	5	11	16	20	21	22	23	25	26	27	28	29	32	110	#
363	926718	0	1	6	7	13	20	21	22	26	27	28	29	33	110	#
364	918857	3	4	5	8	9	10	11	16	22	26	31	32	35	110	#
365	139607	2	7	8	14	#
366	52965	41	#
367	1420793	0	1	2	3	4	5	6	7	8	9	10	12	13	14	15	16	17	18	19	20	21	22	23	26	27	28	29	32	34	39	111	#
368	1687318	1	2	3	8	9	10	12	13	14	15	16	18	19	20	21	22	23	24	25	26	27	28	29	30	32	33	34	35	38	39	111	#
369	1608905	0	1	2	3	4	5	6	7	8	9	10	12	13	14	15	16	19	20	21	22	23	25	26	27	28	29	32	33	35	42	111	#
370	1591209	0	1	2	3	4	5	6	7	8	9	10	12	13	14	15	16	18	19	20	21	22	25	26	27	28	29	31	32	35	44	111	#
371	1568746	1	2	3	7	8	9	10	12	13	14	15	16	17	18	19	20	21	22	23	24	25	26	27	28	29	30	31	32	33	35	111	#
372	306307	13	14	15	112	#
373	311373	14	15	16	112	#
374	307958	13	14	19	112	#
375	42850	20	#
376	1184805	0	1	2	3	6	7	8	9	10	11	12	13	14	15	18	19	20	21	22	25	26	37	44	113	#
377	1454403	3	4	5	6	8	9	10	11	12	13	14	15	16	19	21	22	23	24	25	28	29	33	34	113	#
378	1412570	3	4	5	7	8	9	10	11	12	13	14	15	19	20	21	22	25	26	28	29	31	32	33	113	#
379	1377260	3	4	5	6	7	8	9	10	11	12	13	14	15	16	19	21	22	26	27	28	32	33	34	113	#
380	1332501	2	3	4	5	6	7	8	9	10	12	13	14	15	16	19	20	21	22	26	27	28	34	44	113	#
381	1295156	3	6	7	8	9	10	12	13	14	15	16	18	19	22	23	24	25	28	29	33	34	35	41	113	#
382	70287	34	#
383	576420	2	7	8	13	14	15	21	114	#
384	647219	2	3	4	8	14	29	35	114	#
385	513318	2	3	7	8	9	14	15	114	#
386	497149	15	20	21	26	27	33	34	114	#
387	441603	2	3	5	7	8	13	14	114	#
388	384078	2	3	4	6	7	8	43	114	#
389	258796	29	35	115	#
390	911322	6	7	13	14	15	16	18	19	20	21	24	25	26	30	31	37	39	116	#
391	1162472	1	2	3	4	5	8	9	10	11	14	15	16	20	21	22	28	34	116	#
392	1087609	1	2	3	4	6	7	8	9	10	14	15	19	20	21	22	24	25	116	#
393	1078410	5	7	10	11	13	14	15	16	19	20	21	22	24	25	26	28	35	116	#
394	1051366	1	2	3	4	7	8	9	10	11	14	15	16	17	19	20	22	37	116	#
395	1042396	2	3	4	5	8	9	10	11	14	15	16	20	21	22	26	27	28	116	#
396	287754	0	1	2	3	8	117	#
397	418090	2	7	8	9	13	117	#
398	307571	3	4	8	9	10	117	#
399	279341	3	8	9	10	11	117	#
400	276835	0	1	2	7	8	117	#
401	98439	2	#
402	143564	2	3	#
403	944096	15	16	20	22	23	26	27	28	29	32	33	34	35	118	#
404	916964	3	16	17	22	26	27	28	29	31	32	33	34	35	118	#
405	907957	11	16	17	19	20	23	26	27	28	29	33	34	35	118	#
406	907217	2	3	8	9	11	15	16	17	22	23	28	29	35	118	#
407	895819	11	16	17	22	23	27	28	29	32	33	34	35	39	118	#
408	893308	19	20	22	24	26	27	28	29	30	31	32	33	34	118	#
409	726606	6	8	14	19	20	22	23	27	28	29	33	34	35	119	#
410	712329	2	3	6	7	8	9	14	15	16	19	20	24	25	119	#
411	688458	8	14	15	21	22	23	27	28	29	32	33	34	35	119	#
412	671144	2	3	5	7	9	11	14	15	16	22	28	34	43	119	#
413	652858	6	7	8	14	15	21	23	27	28	29	33	34	35	119	#
414	638413	11	15	16	17	23	27	28	29	31	32	33	34	35	119	#
415	591457	2	3	4	5	8	9	10	11	15	25	120	#
416	610461	1	2	3	8	9	10	11	15	16	22	120	#
417	601105	2	3	4	5	9	10	11	15	16	17	120	#
418	576207	3	4	5	10	11	15	16	17	21	22	120	#
419	569026	5	10	11	15	16	21	22	24	30	31	120	#
420	564168	2	3	4	5	7	8	10	11	13	15	120	#
421	1056293	4	9	10	14	15	16	17	20	21	22	23	27	28	29	33	34	35	43	121	#
422	1227489	2	4	7	9	10	11	13	14	15	16	17	20	21	22	23	27	28	35	121	#
423	1162178	3	4	7	9	13	14	15	20	21	22	23	25	26	27	28	29	34	35	121	#
424	1157387	2	3	4	7	9	10	11	13	14	15	16	17	21	22	23	26	27	28	121	#
425	1124047	4	5	7	10	11	13	14	15	16	17	20	21	22	24	25	26	27	28	121	#
426	1117434	4	9	10	11	14	15	16	17	20	21	22	23	26	27	28	29	34	35	121	#
427	493497	15	19	20	21	27	33	122	#
428	524821	15	20	21	26	32	33	122	#
429	457163	9	15	20	21	22	27	122	#
430	450441	7	13	19	20	26	27	122	#
431	432196	26	27	28	32	33	34	122	#
432	415407	21	26	27	28	32	33	122	#
433	246318	12	13	14	123	#
434	216826	8	13	14	123	#
435	1005953	7	14	15	16	19	20	21	22	26	27	28	29	34	44	124	#
436	1010241	7	12	13	14	19	20	21	22	27	28	29	33	34	35	124	#
437	1008520	2	7	12	13	14	18	19	20	21	25	26	27	32	33	124	#
438	972489	7	14	19	20	21	22	25	26	27	28	29	33	34	44	124	#
439	967801	2	7	12	13	14	18	19	20	21	25	26	27	28	29	124	#
440	953563	7	13	14	15	21	22	23	26	27	28	29	33	34	35	124	#
441	190164	2	7	8	9	14	39	125	#
442	262302	2	3	6	7	8	9	125	#
443	145883	19	#
444	943032	3	9	10	15	16	20	21	22	23	27	28	29	30	31	32	33	34	35	126	#
445	1190953	5	9	11	13	15	16	17	19	20	21	22	23	25	26	27	28	32	33	126	#
446	1093673	5	11	15	16	17	19	20	21	22	23	25	26	27	28	29	32	33	35	126	#
447	1092518	4	5	9	11	15	16	17	20	21	22	23	27	28	29	32	33	34	35	126	#
448	1085196	1	2	7	13	14	15	16	19	20	21	22	25	26	27	28	32	33	34	126	#
449	1053785	3	9	10	15	16	17	19	20	21	22	23	27	28	29	32	33	34	35	126	#
450	612068	3	4	9	10	11	16	20	22	26	28	127	#
451	647274	0	1	2	3	4	7	8	9	10	16	127	#
452	646876	2	3	4	7	8	9	10	11	15	16	127	#
453	609658	2	3	4	9	10	11	15	16	17	21	127	#
454	607803	2	3	4	7	8	10	14	16	20	26	127	#
455	596829	19	20	21	26	27	28	32	33	34	35	127	#
456	536429	2	4	5	8	9	10	11	14	15	21	128	#
457	589237	4	5	9	10	11	17	23	29	35	38	128	#
458	526873	4	5	10	11	17	23	28	29	33	42	128	#
459	511583	1	2	3	4	5	8	9	10	11	15	128	#
460	482471	3	9	10	13	14	15	19	20	21	25	128	#
461	476765	1	2	3	4	7	8	9	13	14	15	128	#
462	243677	15	16	22	129	#
463	242141	10	16	22	129	#
464	181284	16	17	23	129	#
465	1741601	0	2	3	4	5	6	7	8	9	10	12	13	15	16	17	18	19	20	21	22	23	24	25	26	27	28	29	30	33	34	42	131	#
466	1729834	0	1	2	3	4	5	6	7	8	9	10	11	12	13	14	15	16	17	19	20	21	22	23	28	29	32	33	34	40	42	44	131	#
467	1728462	0	2	3	4	5	6	7	8	9	10	11	12	13	14	15	16	17	18	19	20	21	22	23	24	25	28	29	30	33	34	42	131	#
468	1706072	0	2	3	4	5	6	7	8	9	10	11	12	13	14	15	18	19	20	21	22	24	25	26	28	29	30	31	32	33	34	43	131	#
469	1702829	0	1	2	3	4	5	6	7	8	9	10	12	13	14	15	17	18	19	20	21	22	23	24	25	28	29	30	33	34	35	39	131	#
470	1699946	0	2	3	4	6	7	8	9	10	12	13	14	15	17	18	19	20	21	22	23	24	25	26	27	28	29	30	33	34	35	43	131	#
471	310690	17	23	27	28	29	34	35	132	#
472	444474	5	11	16	17	23	29	35	132	#
473	442305	16	17	23	29	33	34	35	132	#
474	372261	23	26	27	29	33	34	35	132	#
475	337457	27	28	29	33	34	35	36	132	#
476	313556	2	7	8	14	26	27	37	132	#
477	203820	6	7	8	12	13	14	133	#
478	251070	3	4	8	9	10	11	133	#
479	222448	0	2	6	7	8	13	133	#
480	203983	0	6	7	8	12	13	133	#
481	236483	12	13	19	25	134	#
482	235226	12	13	14	19	134	#
483	194065	8	12	13	14	134	#
484	164216	19	20	26	27	134	#
485	140389	24	25	30	31	134	#
486	2250550	0	1	2	3	4	5	6	7	8	9	10	11	12	13	14	15	16	17	18	19	20	21	22	23	24	25	26	27	28	29	30	31	32	33	34	35	43	135	#
487	2317411	1	2	3	4	5	6	7	8	9	10	11	12	13	14	15	16	17	18	19	20	21	22	23	24	25	26	27	28	29	30	31	32	33	34	35	38	41	135	#
488	2312419	1	2	3	4	5	6	7	8	9	10	11	12	13	14	15	16	17	18	19	20	21	22	23	24	25	26	27	28	29	30	31	32	33	34	35	41	43	135	#
489	2300047	1	2	3	4	5	6	7	8	9	10	11	12	13	14	15	16	17	18	19	20	21	22	23	24	25	26	27	28	29	30	31	32	33	34	35	40	43	135	#
490	2260253	0	1	2	3	4	5	6	7	8	9	10	11	12	13	14	15	16	17	19	20	21	22	23	24	25	26	27	28	29	31	32	33	34	35	39	41	43	135	#
491	2259027	0	1	2	3	4	5	6	7	8	9	10	11	12	13	14	15	16	17	18	19	20	21	22	23	24	25	26	27	28	29	30	31	32	33	34	35	36	135	#
492	270318	4	10	16	136	#
493	293798	9	15	16	136	#
494	216081	3	4	5	136	#
495	189259	9	10	11	136	#
496	301739	1	2	3	4	137	#
497	310270	2	3	4	10	137	#
498	249884	1	2	8	14	137	#
499	241592	2	3	4	8	137	#
500	187656	1	14	15	22	137	#
501	1511165	3	4	5	7	8	9	10	11	13	14	15	16	17	19	20	21	22	23	25	26	27	28	29	32	33	34	35	36	138	#
502	1569835	3	4	5	7	9	10	11	13	14	15	17	18	19	20	21	22	23	24	25	26	27	28	29	30	32	33	34	41	138	#
503	1549910	3	4	5	7	8	9	10	11	13	14	15	16	18	19	20	21	22	24	25	26	27	28	29	31	32	33	34	36	138	#
504	1536675	3	4	5	7	8	9	10	11	13	14	15	18	19	20	21	22	24	25	26	27	28	29	30	31	32	33	34	35	138	#
505	1536049	0	4	6	7	9	10	11	13	14	15	16	17	19	20	21	22	23	24	25	26	27	28	29	30	32	33	34	35	138	#
506	1461522	0	3	4	5	6	7	9	10	11	13	14	15	16	17	19	20	21	22	23	24	25	26	27	28	29	34	36	41	138	#
507	756245	12	13	14	17	18	19	20	26	27	28	29	34	35	139	#
508	874470	13	19	20	21	26	27	28	29	30	31	32	34	35	139	#
509	779183	3	7	8	9	13	14	19	20	26	27	28	31	32	139	#
510	772071	2	7	8	12	13	14	15	16	18	19	20	21	26	139	#
511	763053	3	6	7	8	9	13	14	19	20	26	27	28	34	139	#
512	750693	7	8	13	14	19	20	23	27	28	29	33	34	35	139	#
513	470650	0	4	5	6	11	12	13	17	140	#
514	610770	3	4	6	7	9	12	13	19	140	#
515	581954	3	4	5	9	10	16	17	23	140	#
516	564669	4	5	10	11	17	23	29	35	140	#
517	548674	3	4	5	9	10	11	17	23	140	#
518	538693	0	2	6	7	12	13	19	20	140	#
519	449165	0	2	6	7	8	9	10	12	18	24	141	#
520	589148	5	6	11	12	18	19	20	21	24	25	141	#
521	485065	0	1	2	6	7	8	12	13	18	24	141	#
522	463377	0	1	2	6	7	12	24	30	31	43	141	#
523	460786	7	8	12	13	18	19	24	25	27	30	141	#
524	448790	0	1	2	6	7	8	9	12	13	14	141	#
525	147881	26	31	32	142	#
526	139292	24	25	26	142	#
527	147044	31	32	#
528	645799	20	21	22	26	27	28	31	32	33	34	35	143	#
529	738805	21	22	26	27	28	29	32	33	34	35	44	143	#
530	703206	20	21	24	26	27	30	31	32	33	34	35	143	#
531	688394	15	20	21	26	27	29	31	32	33	34	35	143	#
532	658260	15	19	21	24	25	26	27	30	31	32	33	143	#
533	641555	20	21	25	26	27	29	31	32	33	34	35	143	#
534	558882	0	6	7	12	13	18	19	24	25	30	31	144	#
535	703248	0	3	6	7	8	9	13	14	15	16	25	144	#
536	658181	3	7	8	9	12	13	14	15	16	18	22	144	#
537	627530	9	10	18	21	24	27	28	30	31	32	33	144	#
538	623804	0	1	2	6	7	8	9	14	15	20	21	144	#
539	621836	6	7	8	13	14	19	20	24	25	30	31	144	#
540	235354	4	10	11	15	16	40	145	#
541	326640	4	10	15	16	21	27	145	#
542	298035	3	4	10	15	16	21	145	#
543	260250	0	1	2	6	7	40	145	#
544	195864	4	10	11	16	17	23	145	#
545	178662	10	14	15	16	22	28	145	#
546	197510	4	10	16	146	#
547	186645	10	15	16	146	#
548	181581	4	9	10	146	#
549	60175	3	#
550	433204	1	2	6	7	8	9	39	147	#
551	521045	1	2	7	8	9	15	16	147	#
552	498561	16	22	28	29	32	33	39	147	#
553	490849	1	2	8	9	14	15	16	147	#
554	407445	2	7	8	13	14	22	33	147	#
555	365169	0	1	2	3	8	15	16	147	#
556	786911	2	7	13	14	15	20	21	25	26	27	32	33	42	148	#
557	959505	7	13	15	19	20	21	25	26	27	31	32	33	34	148	#
558	910481	13	15	19	20	21	25	26	27	28	31	32	33	34	148	#
559	903277	10	12	13	15	16	19	20	21	25	26	27	32	33	148	#
560	875752	15	19	20	21	25	26	27	28	29	32	33	34	35	148	#
561	861855	13	19	20	21	25	26	27	28	30	31	32	33	34	148	#
562	104655	22	28	149	#
563	123308	22	33	149	#
564	227438	12	18	24	150	#
565	212998	24	25	26	150	#
566	830399	10	15	19	20	21	22	25	26	27	28	29	32	33	34	35	39	40	151	#
567	1087464	2	3	4	7	8	12	13	19	20	24	25	26	27	30	32	33	38	151	#
568	1048618	0	1	2	3	7	8	9	12	13	14	15	19	20	21	26	32	33	151	#
569	1039238	2	3	7	8	12	13	19	20	21	24	25	26	27	28	30	32	33	151	#
570	1004674	2	7	8	9	13	14	15	21	22	26	27	28	29	32	33	34	35	151	#
571	987783	0	2	3	7	8	9	12	13	15	21	22	26	27	28	29	32	34	151	#
572	1219907	0	1	6	9	14	15	16	17	21	22	23	26	28	29	33	34	35	38	152	#
573	1225727	2	8	9	14	15	16	19	22	23	25	26	27	28	29	33	34	35	36	152	#
574	1204080	0	1	3	4	9	10	15	16	20	21	22	26	28	29	33	34	35	44	152	#
575	1138090	3	4	8	9	13	14	15	16	19	20	21	22	25	26	27	33	34	35	152	#
576	1072230	2	3	8	9	10	13	14	15	16	19	20	21	22	26	27	28	30	34	152	#
577	1061166	0	1	2	3	6	8	9	10	12	13	14	16	18	19	20	24	26	30	152	#
578	271763	2	3	7	8	9	14	15	153	#
579	407051	3	4	7	8	9	10	13	153	#
580	380542	1	2	3	7	8	13	14	153	#
581	313794	2	7	8	9	14	20	21	153	#
582	1028769	2	7	8	9	10	13	14	20	21	25	26	27	28	29	32	33	34	35	39	154	#
583	1126002	4	5	10	11	17	18	20	21	22	24	25	26	27	28	29	32	33	34	35	154	#
584	1086859	8	9	12	15	18	20	21	22	24	25	26	27	28	29	32	33	34	35	37	154	#
585	1065399	2	7	8	9	14	20	21	22	24	25	26	27	28	29	32	33	34	35	43	154	#
586	1038755	4	9	10	11	15	16	17	20	21	22	23	26	27	28	29	33	34	35	41	154	#
587	1026681	0	1	6	12	13	16	18	20	22	24	25	26	27	28	29	31	32	33	35	154	#
588	761429	0	1	2	3	4	9	10	11	15	16	21	22	155	#
589	884548	4	10	11	13	14	15	16	17	22	25	26	29	155	#
590	807271	9	10	14	15	16	21	22	24	25	26	27	28	155	#
591	775798	3	4	9	10	11	15	16	17	21	22	26	28	155	#
592	770241	7	10	11	13	14	15	16	17	22	28	33	34	155	#
593	745918	4	9	10	15	16	20	21	22	26	27	28	40	155	#
594	458556	6	7	10	13	14	19	20	37	156	#
595	619551	1	2	6	7	13	14	19	20	156	#
596	586739	7	9	13	14	15	19	20	22	156	#
597	536275	2	6	7	13	14	20	25	26	156	#
598	497104	2	3	7	8	9	13	14	20	156	#
599	479333	1	2	3	7	8	13	14	19	156	#
600	108891	4	10	#
601	1098540	0	2	3	4	5	6	7	8	9	10	11	13	15	16	17	21	23	29	157	#
602	1197610	2	3	4	5	8	9	10	11	16	17	22	23	28	29	32	33	34	35	157	#
603	1183549	2	3	4	5	8	9	10	11	15	16	17	20	21	23	26	28	29	35	157	#
604	1178967	2	3	8	9	10	15	16	21	23	26	27	28	29	32	33	34	35	43	157	#
605	1171786	2	3	4	5	6	7	8	9	10	11	15	16	17	23	29	33	34	35	157	#
606	1161002	2	3	4	5	7	8	9	10	11	15	16	22	28	31	32	33	34	35	157	#
607	111640	16	#
608	912854	0	3	4	6	7	8	9	14	20	21	22	25	26	27	28	29	31	32	33	34	35	158	#
609	1129439	1	2	3	4	7	8	9	10	14	16	19	20	22	26	27	28	29	31	32	33	34	158	#
610	1023770	1	2	3	4	7	8	9	10	14	19	20	22	23	26	27	28	29	31	32	33	34	158	#
611	1018665	2	3	7	8	9	10	14	16	19	20	21	26	27	28	29	31	32	33	34	35	37	158	#
612	999997	10	11	16	17	18	19	20	21	22	24	25	26	27	28	29	31	32	33	34	35	42	158	#
613	976179	7	8	9	10	11	14	16	17	19	20	22	25	26	27	28	29	31	32	33	34	35	158	#
614	669335	15	16	21	23	26	27	28	29	34	35	159	#
615	698616	2	3	9	10	15	16	20	21	26	32	159	#
616	639077	2	3	7	8	10	13	14	15	16	21	159	#
617	637149	4	5	10	11	15	16	17	21	23	26	159	#
618	610732	10	14	15	16	20	21	22	26	27	32	159	#
619	607074	14	15	16	17	22	23	28	29	34	35	159	#
620	581187	12	13	19	20	21	28	29	35	160	#
621	620711	21	27	28	29	32	33	34	35	160	#
622	602020	13	19	20	21	27	28	29	33	160	#
623	542048	15	20	21	27	28	32	33	34	160	#
624	509655	3	9	10	15	16	22	28	29	160	#
625	476167	12	13	18	19	20	21	24	25	160	#
626	119539	8	14	161	#
627	74093	3	8	161	#
628	135822	25	26	162	#
629	153330	24	25	162	#
630	826321	0	1	2	3	7	8	12	13	14	15	18	19	20	22	23	28	29	163	#
631	1030662	1	2	3	4	5	7	8	9	10	11	12	13	14	15	16	19	22	163	#
632	941120	2	3	5	7	8	9	10	11	12	13	14	15	16	19	20	22	25	163	#
633	920921	1	2	3	4	5	7	8	10	11	12	13	14	15	16	17	23	29	163	#
634	916285	0	1	2	3	4	5	6	7	8	9	10	11	12	13	15	18	19	163	#
635	914395	0	1	2	3	4	5	7	8	10	11	12	13	14	15	19	22	25	163	#
636	615872	2	3	4	5	7	8	9	10	11	14	15	164	#
637	765706	2	6	7	8	9	13	14	15	16	19	22	164	#
638	755845	2	3	8	9	13	14	15	19	20	21	25	164	#
639	721554	8	9	10	11	15	16	20	21	22	27	33	164	#
640	710093	1	2	3	4	5	7	8	9	10	11	26	164	#
641	685893	2	3	4	5	7	8	9	10	11	13	17	164	#
642	278264	6	7	8	12	13	14	165	#
643	313960	2	8	9	14	15	22	165	#
644	272677	0	6	7	12	13	14	165	#
645	269324	2	7	12	13	14	18	165	#
646	253803	2	6	7	8	12	14	165	#
647	131622	0	3	6	7	8	10	165	#
648	95629	21	#
649	952255	2	3	4	5	6	7	8	9	10	11	13	14	15	17	19	23	31	36	166	#
650	1133411	2	3	4	5	7	8	11	13	14	15	19	20	21	25	26	27	32	33	166	#
651	1129417	2	3	6	7	8	13	14	15	19	20	21	25	26	27	28	32	33	34	166	#
652	1067424	2	3	6	7	8	13	14	15	16	17	19	20	21	23	25	26	27	33	166	#
653	1063152	1	2	3	4	5	7	8	10	11	15	16	17	21	23	28	32	33	34	166	#
654	1043182	3	4	5	7	10	11	13	14	15	16	17	21	23	28	29	33	34	35	166	#
655	806504	7	8	9	13	14	18	20	21	24	25	26	27	30	31	32	33	34	167	#
656	990504	2	7	8	9	13	14	19	21	22	25	26	27	28	31	32	33	43	167	#
657	972509	13	18	19	20	21	23	24	25	26	27	28	29	31	32	33	34	35	167	#
658	935688	7	8	9	10	12	13	18	19	21	24	25	26	27	30	31	32	33	167	#
659	934129	2	7	8	9	14	15	21	22	25	26	27	28	29	32	33	34	35	167	#
660	906547	0	2	6	7	8	12	13	14	16	18	19	22	23	24	25	29	35	167	#
661	1095003	1	2	3	7	8	9	10	12	13	14	15	16	17	18	19	21	22	23	24	25	26	27	32	168	#
662	1232222	1	2	3	7	8	9	10	11	12	13	14	15	16	17	19	21	22	23	26	29	31	34	35	168	#
663	1226696	6	7	9	12	13	14	15	16	18	19	21	22	24	25	26	27	30	31	32	33	34	35	44	168	#
664	1181917	0	1	2	3	7	8	9	10	12	13	15	16	18	19	21	22	24	25	26	32	33	40	43	168	#
665	1171171	4	7	9	10	13	14	15	16	17	19	20	21	22	23	26	27	28	29	31	32	33	34	35	168	#
666	1170761	1	2	3	4	5	7	8	9	10	11	14	15	16	17	21	22	23	26	29	33	34	35	44	168	#
667	10341	8	14	#
668	402097	26	27	32	33	34	169	#
669	424545	19	20	21	25	26	169	#
670	384901	21	25	26	27	32	169	#
671	362812	26	28	32	33	34	169	#
672	344312	27	32	33	34	35	169	#
673	153034	4	5	11	170	#
674	207601	4	5	10	170	#
675	95570	5	11	17	170	#
676	381655	3	4	8	9	10	15	16	21	199	#
677	626498	0	3	6	7	8	12	13	14	15	16	17	22	23	171	#
678	845165	13	14	15	16	17	20	22	23	28	29	33	34	35	171	#
679	839081	7	8	13	14	15	16	17	21	22	26	27	33	34	171	#
680	811351	3	7	8	14	15	16	20	21	22	26	28	34	35	171	#
681	776982	0	2	3	6	7	8	9	13	14	20	26	32	33	171	#
682	760145	2	3	6	7	8	13	14	18	19	20	24	25	26	171	#
683	390501	1	2	7	8	9	13	172	#
684	575514	7	13	14	15	16	19	172	#
685	511903	1	2	7	13	14	19	172	#
686	413998	7	13	14	19	20	25	172	#
687	403937	2	6	7	8	13	14	172	#
688	340067	3	7	8	9	13	14	172	#
689	411916	6	12	18	19	20	21	24	25	173	#
690	582824	19	21	24	25	26	27	31	32	173	#
691	551556	19	20	21	24	25	26	32	40	173	#
692	505732	18	19	24	25	26	30	31	32	173	#
693	493807	9	14	15	16	17	21	22	27	173	#
694	438627	0	1	2	3	6	9	12	18	173	#
695	155741	16	22	174	#
696	207060	10	16	174	#
697	198717	29	35	#
698	1063016	13	18	19	20	21	24	25	26	27	28	32	33	34	42	175	#
699	1121840	13	18	19	20	21	24	25	26	27	28	29	32	34	35	175	#
700	1071544	17	19	20	21	23	26	27	28	29	32	34	35	42	44	175	#
701	1042671	7	13	14	19	20	21	23	26	27	28	29	32	34	35	175	#
702	1032703	19	20	21	24	25	26	27	28	29	31	32	33	34	35	175	#
703	1023717	0	12	13	19	20	21	24	25	26	27	28	32	33	34	175	#
704	414337	5	10	11	15	16	22	176	#
705	419565	4	5	9	10	11	15	176	#
706	335618	2	3	4	5	8	11	176	#
707	321739	5	10	11	16	17	22	176	#
708	317267	3	9	14	15	16	22	176	#
709	297371	3	4	5	8	10	11	176	#
710	899107	1	2	7	8	14	19	20	21	24	25	26	27	32	177	#
711	1008978	18	19	20	24	25	26	27	28	29	30	32	33	35	177	#
712	890905	14	15	20	21	24	25	26	27	28	29	32	33	34	177	#
713	864721	2	12	14	15	19	20	21	22	25	26	27	28	32	177	#
714	863386	14	15	19	20	21	24	25	26	27	28	32	33	34	177	#
715	853062	19	20	21	25	26	27	28	29	31	32	33	34	35	177	#
716	235500	0	1	2	6	12	178	#
717	277786	1	2	8	21	27	178	#
718	251905	0	1	2	8	42	178	#
719	229096	6	7	12	13	14	178	#
720	220762	0	1	2	6	7	178	#
721	150993	0	1	6	7	12	178	#
722	568638	13	15	19	20	21	24	25	179	#
723	549655	13	14	19	20	24	25	30	179	#
724	544406	2	7	8	13	14	19	20	179	#
725	524133	7	13	14	15	16	20	21	179	#
726	486214	6	7	14	15	16	22	28	179	#
727	439518	19	20	24	25	26	30	31	179	#
728	412756	9	15	20	21	26	27	32	180	#
729	519327	9	14	15	20	21	22	26	180	#
730	518506	9	13	14	15	20	21	22	180	#
731	470075	7	13	14	15	20	21	26	180	#
732	438098	6	7	12	13	14	19	20	180	#
733	432835	0	1	2	3	4	9	10	180	#
734	88705	34	37	#
735	147185	2	7	182	#
736	170646	7	13	182	#
737	1048151	10	15	16	17	21	22	26	28	29	30	31	32	33	34	35	183	#
738	1078287	9	10	11	15	16	17	21	22	26	28	29	32	33	34	35	183	#
739	1063870	13	15	16	17	19	20	21	22	26	28	31	32	33	34	35	183	#
740	1057754	12	13	14	15	19	20	21	22	26	28	29	32	33	34	35	183	#
741	1025451	7	13	14	15	21	22	24	25	26	30	31	32	33	34	35	183	#
742	985520	5	15	21	24	25	26	27	28	29	30	31	32	33	35	36	183	#
743	766376	3	6	7	8	9	10	12	13	14	15	18	19	24	25	184	#
744	937947	1	2	3	6	7	9	10	12	13	14	15	18	19	25	184	#
745	928755	1	2	3	4	5	7	8	9	10	11	13	14	17	23	184	#
746	902121	2	3	4	5	6	7	9	10	11	12	13	14	15	17	184	#
747	892528	1	2	3	6	7	8	9	10	11	12	13	14	15	18	184	#
748	842737	1	2	3	6	7	8	9	12	13	14	15	18	24	25	184	#
749	573236	7	8	13	14	15	19	20	21	25	185	#
750	660446	7	13	14	15	19	20	21	25	26	185	#
751	642108	2	7	8	14	15	19	20	25	26	185	#
752	622521	13	14	19	20	21	25	26	27	32	185	#
753	619568	2	7	8	14	20	21	25	26	44	185	#
754	583623	7	8	13	14	19	20	21	25	26	185	#
755	351223	30	31	32	33	42	186	#
756	347570	13	19	24	30	31	186	#
757	331174	27	28	33	34	35	186	#
758	292141	18	24	30	31	32	186	#
759	190796	12	18	24	30	31	186	#
760	1423939	0	1	2	3	4	5	6	9	10	11	12	13	14	15	16	17	19	20	21	22	24	25	27	28	31	32	33	34	320	#
761	1449870	2	3	4	5	7	9	10	11	13	14	15	16	17	19	20	21	22	24	25	27	28	29	30	31	32	33	34	38	320	#
762	384999	3	9	10	11	15	17	21	22	199	#
763	526055	15	22	23	28	29	33	34	35	188	#
764	623306	14	15	16	22	23	28	29	35	188	#
765	562154	15	16	22	23	27	28	29	35	188	#
766	505539	15	16	22	23	27	28	29	33	188	#
767	486563	14	19	20	21	26	27	28	33	188	#
768	460064	15	17	22	23	28	29	35	37	188	#
769	703410	13	18	19	24	25	26	27	28	30	31	32	33	189	#
770	966576	3	4	5	10	16	22	27	28	29	33	34	35	189	#
771	941526	19	23	25	26	27	28	29	30	32	33	34	35	189	#
772	903135	19	22	25	26	27	28	29	31	32	33	34	35	189	#
773	876143	3	8	9	10	15	16	26	27	28	32	33	34	189	#
774	799134	22	25	26	27	28	29	30	31	32	33	34	35	189	#
775	895096	4	10	11	14	16	17	20	22	23	25	26	27	28	29	32	33	34	35	38	190	#
776	1230307	2	3	4	6	7	8	9	10	13	14	16	17	19	22	23	28	29	33	35	190	#
777	1218331	7	9	10	13	14	16	17	19	21	22	25	26	28	29	30	31	32	33	34	190	#
778	1185847	2	3	4	7	8	9	10	14	16	17	22	23	24	25	26	28	29	33	35	190	#
779	1179501	10	13	16	17	19	21	22	23	24	25	26	28	29	30	31	32	33	34	35	190	#
780	1169514	0	2	3	4	5	6	7	8	9	10	12	13	14	16	17	19	20	21	26	190	#
781	496369	0	2	3	4	6	7	8	9	13	14	191	#
782	642826	2	3	4	6	7	8	9	10	32	33	191	#
783	596104	6	7	12	13	21	26	27	31	32	33	191	#
784	571828	3	4	5	9	10	11	16	17	23	36	191	#
785	551692	0	1	2	3	4	5	7	8	9	10	191	#
786	550841	2	3	4	6	7	8	10	11	16	19	191	#
787	715338	14	15	16	20	21	22	28	29	31	32	33	34	35	192	#
788	944688	9	13	14	15	16	21	22	26	28	32	33	34	35	192	#
789	817663	12	13	15	16	18	21	22	24	28	29	33	34	35	192	#
790	809671	0	2	3	6	8	9	12	13	14	18	19	20	24	192	#
791	774376	5	9	10	11	12	13	14	15	16	17	19	20	21	192	#
792	757220	2	3	8	9	13	14	15	16	17	19	20	21	25	192	#
793	142757	2	8	40	193	#
794	169859	2	8	14	193	#
795	150575	2	7	8	193	#
796	352614	3	4	5	10	11	16	194	#
797	380515	16	22	27	28	32	33	194	#
798	377994	4	5	9	10	11	40	194	#
799	338552	2	3	4	5	8	11	194	#
800	313694	3	4	5	10	11	17	194	#
801	290489	2	3	4	7	8	10	194	#
802	434611	14	20	21	26	29	32	35	195	#
803	438259	20	25	26	27	32	33	34	195	#
804	433754	14	19	20	21	26	27	32	195	#
805	414458	2	6	7	14	20	26	37	195	#
806	398705	6	7	12	13	14	19	20	195	#
807	398220	12	13	14	19	20	25	26	195	#
808	1012335	5	8	12	13	14	15	19	20	21	22	27	28	32	33	34	35	196	#
809	1074253	2	3	4	7	8	13	14	20	21	22	27	28	32	33	34	35	196	#
810	1055189	6	7	12	13	14	15	20	21	22	27	28	32	33	34	35	42	196	#
811	1025217	0	1	6	7	8	12	13	14	19	20	21	27	28	32	33	34	196	#
812	1024019	0	6	7	12	13	14	19	20	21	22	27	28	31	32	33	34	196	#
813	986874	1	2	3	4	7	8	13	14	15	19	20	21	22	27	33	34	196	#
814	1712803	0	1	2	3	4	6	7	8	9	11	12	13	14	15	16	17	18	19	20	22	24	25	26	27	28	29	31	33	34	36	39	197	#
815	1762183	0	1	2	3	4	5	6	7	8	9	11	12	14	15	16	17	20	21	22	23	25	26	27	28	29	31	32	33	35	36	42	197	#
816	1668231	0	1	2	3	4	5	6	7	8	9	11	13	14	15	16	17	20	21	22	23	25	26	27	28	29	30	31	32	33	34	36	197	#
817	1654052	0	2	3	4	5	6	7	8	9	11	12	13	14	15	16	17	19	20	21	22	23	24	25	26	27	28	29	30	31	32	33	197	#
818	1651425	0	1	2	3	4	5	6	7	8	9	11	12	13	14	15	16	17	18	19	20	21	22	24	25	26	27	28	29	33	40	41	197	#
819	1650282	0	2	5	6	7	8	9	10	11	13	14	15	16	17	18	19	20	22	23	24	25	26	27	28	29	31	32	33	34	35	36	197	#
820	1751630	0	1	2	3	4	5	6	7	8	9	10	11	12	13	14	15	16	17	18	20	21	22	23	26	28	29	31	32	33	34	35	198	#
821	1919758	0	1	2	3	4	5	6	7	8	9	10	11	12	13	14	15	16	17	19	20	21	23	26	28	29	31	32	33	34	35	36	198	#
822	1891960	2	3	4	5	7	8	9	10	11	12	13	14	15	16	17	19	20	21	23	24	25	26	28	29	30	31	32	33	34	35	41	198	#
823	1866771	0	1	2	3	4	5	6	7	8	9	10	11	12	13	14	15	16	17	19	20	21	23	25	28	29	30	31	32	33	34	35	198	#
824	1861024	0	2	3	4	5	6	7	8	9	10	11	12	13	14	15	16	17	19	20	21	22	23	25	26	28	29	31	32	33	34	35	198	#
825	1850832	0	1	2	3	4	5	6	7	8	9	10	11	12	13	14	15	16	17	20	21	23	25	26	28	29	30	31	32	33	34	35	198	#
826	413705	8	9	10	15	16	17	18	21	199	#
827	494088	13	14	15	16	21	22	24	27	199	#
828	487808	6	12	13	18	19	24	25	26	199	#
829	459752	4	5	9	10	11	15	17	21	199	#
830	156741	23	29	#
831	1591279	0	5	6	7	8	9	10	11	13	14	15	16	19	20	21	22	26	27	28	29	31	32	33	35	200	#
832	1784342	0	6	7	8	9	13	14	15	16	19	20	22	24	25	26	27	28	29	32	33	34	35	36	44	200	#
833	1674930	8	9	13	14	15	16	19	20	21	22	23	24	25	26	27	28	29	31	32	33	34	35	38	43	200	#
834	1649201	0	1	2	6	7	8	9	10	13	14	15	16	19	20	22	23	24	25	26	27	28	29	33	35	200	#
835	1621277	7	8	9	10	13	14	15	16	19	20	21	22	23	24	25	26	27	28	29	31	32	33	34	35	200	#
836	1597693	0	1	6	7	8	9	12	13	14	15	16	19	20	22	24	25	26	27	28	29	32	33	35	41	200	#
837	465456	27	28	29	33	34	35	201	#
838	527936	28	29	33	34	35	44	201	#
839	478179	16	17	23	29	34	35	201	#
840	456439	15	21	22	33	34	35	201	#
841	436904	16	22	27	28	34	35	201	#
842	398223	26	27	31	32	33	34	201	#
843	1070404	2	3	4	5	6	7	8	9	10	11	12	13	14	15	16	18	19	22	24	25	30	31	202	#
844	1072969	1	2	3	4	6	7	8	9	12	13	14	15	16	18	19	22	24	25	26	28	30	31	202	#
845	1066415	1	2	3	4	5	6	7	8	9	10	11	12	13	14	15	16	17	22	28	29	33	34	202	#
846	1053776	2	3	4	6	7	8	9	10	12	13	14	15	16	18	21	22	24	27	28	33	34	43	202	#
847	1050632	1	2	3	4	5	6	7	8	9	10	11	14	15	16	17	22	27	28	29	33	34	35	202	#
848	1047550	2	3	4	5	6	7	8	9	10	11	12	13	14	15	16	18	21	22	27	28	29	33	202	#
849	146455	2	3	203	#
850	204578	1	2	203	#
851	180243	3	9	203	#
852	325207	2	21	26	204	#
853	225046	20	21	26	204	#
854	216641	10	11	21	204	#
855	186070	1	2	8	204	#
856	358915	5	17	21	23	26	29	35	205	#
857	390080	9	15	19	20	21	22	25	205	#
858	352068	11	17	23	29	33	34	35	205	#
859	350225	7	13	19	20	21	25	26	205	#
860	345158	7	12	13	19	25	28	29	205	#
861	337488	4	5	11	17	23	29	35	205	#
862	109015	35	#
863	604870	7	8	9	10	13	16	19	43	207	#
864	748313	7	9	13	15	16	19	21	22	207	#
865	553534	3	7	8	9	12	13	15	19	207	#
866	550526	15	21	22	27	28	33	34	43	207	#
867	525435	3	8	9	10	15	16	21	22	207	#
868	503544	10	15	16	17	22	28	34	41	207	#
869	156869	6	7	14	20	208	#
870	232871	14	15	19	20	208	#
871	172716	2	7	8	14	208	#
872	170673	14	15	20	22	208	#
873	500976	12	13	14	18	19	24	209	#
874	500641	12	13	16	18	22	24	209	#
875	462785	7	13	14	15	16	19	209	#
876	450425	13	14	19	20	25	26	209	#
877	433950	12	13	18	19	25	26	209	#
878	365579	13	14	15	17	20	26	209	#
879	62780	37	#
880	338983	3	8	9	14	20	21	26	27	28	38	210	#
881	486759	2	3	4	5	8	9	10	11	16	17	210	#
882	468371	2	3	4	8	9	10	11	12	13	14	210	#
883	451370	14	15	22	27	28	31	32	33	34	42	210	#
884	444344	3	8	14	20	21	26	27	28	32	33	210	#
885	443339	3	6	7	8	9	12	13	14	15	16	210	#
886	796721	0	1	2	6	7	8	12	13	14	15	16	18	19	20	21	22	24	25	26	32	211	#
887	968486	0	1	6	7	8	9	10	13	14	15	16	19	20	21	22	26	28	29	32	35	211	#
888	923750	1	2	4	5	6	7	8	9	13	14	15	16	20	21	22	26	27	28	32	33	211	#
889	882535	0	1	2	3	4	6	7	8	9	10	13	14	15	16	19	21	22	26	27	28	211	#
890	868083	0	1	2	6	7	8	9	10	12	13	14	15	16	18	19	21	22	26	27	28	211	#
891	861663	4	6	7	8	9	10	13	14	15	16	19	20	21	22	23	26	27	28	32	33	211	#
892	317379	20	21	26	32	212	#
893	408049	32	33	34	35	212	#
894	304429	16	26	31	32	212	#
895	271262	21	27	28	33	212	#
896	252625	14	20	26	27	212	#
897	85854	3	8	14	213	#
898	118025	2	3	8	213	#
899	112736	3	4	8	213	#
900	521097	12	13	19	20	24	25	26	27	30	37	41	214	#
901	699401	3	7	8	9	14	19	20	25	26	32	35	214	#
902	656134	13	19	20	21	24	25	26	27	30	32	33	214	#
903	599316	14	15	19	20	21	24	25	26	27	30	32	214	#
904	587357	6	7	8	13	14	19	20	25	26	27	32	214	#
905	569513	0	6	7	12	13	14	19	20	23	29	35	214	#
906	12842	17	23	#
907	494241	2	7	8	12	13	14	19	215	#
908	398784	1	2	3	4	7	8	39	215	#
909	384943	7	12	13	18	19	20	24	215	#
910	384585	1	2	6	7	8	12	18	215	#
911	373074	1	2	7	8	14	20	37	215	#
912	299153	0	1	2	3	6	7	8	215	#
913	236093	15	16	22	36	216	#
914	283478	7	13	21	36	216	#
915	213022	15	21	22	26	216	#
916	176844	15	16	17	22	216	#
917	138571	11	16	17	22	216	#
918	419281	0	6	7	8	9	14	15	217	#
919	511856	3	7	8	9	10	12	13	217	#
920	490538	2	4	7	8	9	10	14	217	#
921	454664	0	2	6	7	8	13	14	217	#
922	420576	3	7	8	10	14	15	16	217	#
923	415100	9	10	27	32	33	34	35	217	#
924	306327	0	1	2	6	7	8	9	14	218	#
925	456809	0	1	2	8	9	15	31	32	218	#
926	398860	0	1	6	7	10	12	15	16	218	#
927	377051	6	7	12	13	19	28	29	35	218	#
928	376322	3	7	8	9	13	14	19	25	218	#
929	366958	3	4	8	9	10	11	15	37	218	#
930	1294430	0	1	2	6	7	8	10	12	13	14	15	16	19	20	21	24	25	26	27	30	31	33	34	219	#
931	1579985	2	3	4	7	8	9	10	11	13	14	15	16	17	20	21	23	25	26	29	32	33	34	35	219	#
932	1507224	2	4	5	6	7	8	9	10	11	12	14	15	16	17	21	23	26	27	28	29	33	34	35	219	#
933	1484325	1	2	3	4	5	7	9	10	11	14	15	16	17	20	21	23	25	26	27	28	29	33	35	219	#
934	1474782	4	6	7	8	9	10	11	12	13	14	15	16	20	21	23	25	26	27	28	29	33	34	35	219	#
935	1446301	4	10	11	15	16	17	19	20	21	23	24	25	26	27	28	29	30	31	32	33	34	35	36	219	#
936	1315454	0	2	3	4	5	6	7	8	9	10	11	12	13	14	15	16	17	18	20	21	22	23	25	26	27	28	29	32	33	41	220	#
937	1651756	1	2	3	4	5	8	9	10	11	12	13	14	15	16	17	20	21	22	23	24	25	26	27	28	29	30	31	32	33	34	220	#
938	1646607	0	1	2	3	4	5	6	7	8	9	10	11	13	14	15	16	17	19	20	21	22	25	26	27	28	29	32	33	34	35	220	#
939	1600789	0	1	2	3	4	5	6	7	8	9	10	11	12	13	14	15	16	17	20	21	22	26	27	28	29	30	31	32	33	34	220	#
940	1600165	0	1	2	3	6	7	8	9	10	12	13	14	15	16	19	20	21	22	24	25	26	27	28	29	30	31	32	33	34	35	220	#
941	1596068	1	2	3	4	5	7	8	9	10	11	14	15	16	17	19	20	21	22	23	25	26	27	28	29	30	31	32	33	34	35	220	#
942	416308	7	12	13	14	15	19	20	221	#
943	509771	13	15	19	20	21	26	32	221	#
944	451112	2	6	7	13	14	19	20	221	#
945	433409	7	12	13	14	15	16	22	221	#
946	406984	6	7	8	12	13	14	19	221	#
947	401912	7	8	12	13	14	15	19	221	#
948	104093	2	18	#
949	1000954	0	1	2	3	4	5	6	7	8	9	10	12	13	14	15	16	17	19	21	22	23	223	#
950	1165359	0	1	2	3	6	7	8	9	12	13	14	15	16	19	21	22	26	27	28	29	34	223	#
951	1140131	0	1	2	3	6	7	8	9	14	15	16	21	22	24	25	26	27	28	32	33	34	223	#
952	1128772	5	7	10	11	13	14	15	16	19	20	21	22	24	25	26	27	28	29	32	34	35	223	#
953	1104070	0	1	2	3	6	7	8	9	10	14	15	16	17	19	20	21	22	23	26	29	32	223	#
954	1100414	0	1	2	3	5	6	7	8	9	11	12	13	14	15	16	21	22	26	27	28	33	223	#
955	713223	21	25	26	27	28	29	33	34	35	224	#
956	734893	23	26	27	28	29	32	33	34	35	224	#
957	706487	25	26	27	28	29	33	34	35	38	224	#
958	701690	19	24	25	26	27	28	32	33	34	224	#
959	667627	19	21	25	26	27	28	32	33	34	224	#
960	625132	13	19	20	21	25	26	27	28	32	224	#
961	1692615	0	1	2	3	4	5	6	7	8	9	10	11	12	13	14	15	16	17	18	19	20	21	22	23	24	25	26	27	28	29	30	31	32	33	34	35	225	#
962	1772716	0	1	2	3	4	5	6	7	8	9	10	11	12	13	14	15	16	17	18	19	20	21	22	24	25	26	27	28	29	30	31	32	33	34	35	38	225	#
963	1752911	0	1	2	3	4	5	6	7	8	9	10	12	13	14	15	16	17	18	19	20	21	22	23	24	25	26	27	28	29	30	31	32	33	34	35	40	225	#
964	1750764	0	1	2	3	4	5	6	7	8	9	10	12	13	14	15	16	17	18	19	20	21	22	24	25	26	27	28	29	30	31	32	33	34	35	36	37	225	#
965	1725244	0	1	2	3	4	5	6	7	8	9	10	11	13	14	15	16	17	18	19	20	21	22	23	24	25	26	27	28	29	30	31	32	33	34	35	42	225	#
966	1720529	0	1	2	3	4	5	6	7	8	9	10	11	12	13	14	15	16	17	18	19	20	21	22	23	24	25	26	27	28	30	31	32	33	34	35	38	225	#
967	370060	13	19	20	21	25	226	#
968	404628	12	13	19	20	21	226	#
969	356091	12	13	19	20	26	226	#
970	321096	13	14	19	20	25	226	#
971	280232	13	14	15	20	21	226	#
972	225104	21	27	28	33	227	#
973	230956	26	27	33	34	227	#
974	224240	20	21	26	27	227	#
975	312347	26	27	28	29	35	228	#
976	353256	20	21	25	26	27	228	#
977	335752	21	27	28	29	33	228	#
978	321644	22	28	33	34	35	228	#
979	297121	22	28	29	33	34	228	#
980	250343	11	17	23	29	35	228	#
981	262608	27	28	33	34	35	229	#
982	370275	17	23	29	34	35	229	#
983	333980	27	28	29	34	35	229	#
984	308461	22	23	28	29	34	229	#
985	283093	27	28	29	33	35	229	#
986	224644	21	27	28	29	34	229	#
987	238532	18	24	25	26	30	230	#
988	258794	20	24	25	26	32	230	#
989	217761	18	24	30	31	32	230	#
990	130557	12	18	24	30	31	230	#
991	109895	6	12	18	24	25	230	#
992	104884	20	25	26	30	41	230	#
993	69537	12	18	231	#
994	57511	6	12	231	#
995	235627	19	25	40	232	#
996	217594	2	19	25	232	#
997	187889	19	25	26	232	#
998	106117	18	24	40	232	#
999	1972376	0	1	2	3	4	5	6	7	8	9	10	11	12	13	14	15	16	17	18	19	20	21	22	23	25	26	27	28	29	30	31	32	33	34	35	233	#
1000	2060094	1	2	3	4	5	6	7	8	9	10	11	12	13	14	15	16	17	18	19	20	21	22	23	25	26	27	28	29	30	31	32	33	34	35	42	233	#
1001	2057509	0	1	2	3	4	6	7	8	9	10	11	12	13	14	15	16	17	18	19	20	21	22	23	25	26	27	28	29	31	32	33	34	35	36	44	233	#
1002	2045736	0	1	2	3	4	5	6	7	8	9	10	11	12	13	14	15	16	17	18	19	20	21	22	23	25	26	27	28	29	31	32	33	34	35	42	233	#
1003	2043081	0	1	2	3	4	5	6	7	8	9	10	11	12	13	14	15	16	17	19	20	21	25	26	27	28	29	30	31	32	33	34	35	36	39	44	233	#
1004	2035162	1	2	3	4	5	6	7	8	9	10	11	12	13	14	15	16	17	18	19	20	21	22	23	25	26	27	28	29	30	31	32	33	34	35	36	233	#
1005	1307440	1	2	6	7	8	12	13	14	18	19	20	21	24	25	26	27	28	30	31	32	33	34	44	234	#
1006	1544882	2	3	4	5	12	13	14	18	19	20	21	24	25	26	27	28	29	30	31	32	33	34	35	234	#
1007	1525123	2	3	4	5	7	8	9	11	13	14	15	16	17	21	22	23	25	26	28	29	32	33	34	234	#
1008	1482049	2	3	4	5	7	8	11	12	13	14	15	17	19	20	21	24	25	26	27	28	32	33	34	234	#
1009	1477056	2	3	4	5	8	9	10	11	14	15	17	19	20	21	22	26	27	28	29	34	35	36	44	234	#
1010	1475689	2	7	8	10	13	14	16	18	19	20	21	22	24	25	26	27	28	29	30	31	32	33	34	234	#
1011	1202278	0	1	2	3	4	5	6	7	8	9	11	12	13	14	15	16	17	18	19	20	21	24	25	235	#
1012	1519251	1	2	3	4	5	8	9	11	15	16	17	18	19	21	22	24	25	26	28	32	33	34	35	235	#
1013	1438764	1	2	3	4	5	8	9	11	13	15	16	17	19	20	21	22	24	25	28	30	31	33	34	235	#
1014	1411889	2	3	4	5	8	10	11	15	16	17	19	20	21	22	24	25	26	28	29	30	33	34	35	235	#
1015	1370920	2	3	4	5	7	8	9	11	12	13	15	16	17	19	20	21	22	28	29	30	31	34	35	235	#
1016	1327899	2	6	7	8	12	13	15	18	19	20	21	24	25	26	27	28	30	31	32	33	34	35	42	235	#
1017	221033	28	29	35	236	#
1018	108067	22	28	34	236	#
1019	709421	19	24	25	27	28	29	30	31	32	33	34	35	237	#
1020	775633	2	8	12	13	14	19	20	24	25	30	31	32	237	#
1021	711593	2	3	9	14	15	16	17	22	27	28	29	35	237	#
1022	699058	1	2	16	17	22	27	28	29	32	33	34	35	237	#
1023	680999	2	7	8	12	13	14	18	19	20	24	25	30	237	#
1024	666482	0	1	2	6	12	18	19	24	25	30	31	32	237	#
1025	1575530	0	1	2	6	7	8	9	10	11	12	13	14	15	16	17	18	19	20	21	22	23	24	25	26	27	28	29	33	42	239	#
1026	1738104	0	1	5	6	7	8	9	10	11	12	13	14	15	16	17	19	20	21	22	23	26	27	28	29	32	33	34	35	44	239	#
1027	1732143	0	1	5	6	7	8	9	10	11	12	13	14	15	16	17	18	19	20	21	22	23	24	27	28	29	33	34	42	44	239	#
1028	1706988	0	2	5	6	7	9	10	11	12	13	14	15	16	17	18	19	20	21	22	23	24	26	27	28	29	31	32	33	35	239	#
1029	1705888	0	1	5	6	7	9	10	11	12	13	14	15	16	17	18	19	20	21	22	23	24	27	28	29	30	32	33	34	35	239	#
1030	1703001	0	1	6	7	8	9	10	11	12	13	14	15	18	19	20	21	23	24	26	27	28	29	32	33	34	35	36	38	44	239	#
1031	1228005	6	7	8	10	13	14	15	16	18	19	20	21	22	24	25	26	27	28	29	30	32	33	34	35	240	#
1032	1344641	5	9	10	11	13	14	15	16	17	18	19	20	21	22	24	25	26	27	28	30	32	33	34	44	240	#
1033	1326875	1	2	5	7	8	9	10	11	13	14	15	16	18	19	20	21	24	25	26	27	28	32	33	34	240	#
1034	1302435	2	4	5	7	8	9	10	11	13	16	19	21	22	23	25	26	27	28	29	31	32	33	34	36	240	#
1035	1288083	2	8	9	10	13	14	15	16	18	19	20	21	22	23	24	25	26	27	28	29	30	32	33	34	240	#
1036	1277130	4	5	8	9	10	11	15	16	17	19	20	21	22	23	24	25	26	27	28	29	32	33	34	35	240	#
1037	617299	2	7	8	9	13	14	15	241	#
1038	734092	9	13	14	15	21	22	26	241	#
1039	673264	2	8	9	13	14	15	22	241	#
1040	574056	7	8	9	13	14	15	22	241	#
1041	477058	1	2	7	8	13	14	19	241	#
1042	454005	2	3	4	7	8	9	14	241	#
1043	245851	27	32	33	242	#
1044	287805	26	27	32	242	#
1045	231779	26	27	33	242	#
1046	223268	27	33	38	242	#
1047	61545	22	#
1048	1130887	3	4	5	8	9	10	11	14	15	16	17	21	22	23	26	27	28	29	32	33	34	35	243	#
1049	1386949	9	10	13	14	15	19	20	21	22	23	24	26	27	28	29	30	31	32	33	34	35	36	243	#
1050	1318253	3	4	5	9	10	11	12	13	14	15	16	19	21	22	23	26	27	28	29	32	33	34	243	#
1051	1290060	1	2	3	4	5	8	9	10	11	15	16	21	22	24	26	27	28	30	31	32	33	34	243	#
1052	1256934	4	8	9	10	11	14	15	17	19	21	23	24	25	27	28	29	30	31	32	33	34	35	243	#
1053	1243016	1	2	3	4	5	8	9	10	11	12	13	14	15	19	20	21	23	27	28	29	33	34	243	#
1054	853181	5	7	11	13	14	16	17	20	21	22	23	25	26	27	28	29	32	33	34	244	#
1055	1155095	2	3	8	9	12	13	14	15	19	20	21	25	26	28	29	31	32	33	34	244	#
1056	1081111	2	3	8	9	12	13	14	15	19	20	21	25	26	27	28	31	32	33	34	244	#
1057	1037434	8	9	10	11	13	14	15	16	19	20	21	22	25	26	27	28	32	33	34	244	#
1058	1026964	2	5	8	11	12	13	14	15	16	17	20	21	22	23	26	28	29	33	34	244	#
1059	1007357	9	10	12	13	14	15	16	18	19	20	21	25	26	27	28	31	32	33	34	244	#
1060	197140	19	25	40	245	#
1061	225631	19	25	26	245	#
1062	213069	13	19	20	245	#
1063	197476	26	32	40	245	#
1064	798490	0	1	2	6	7	12	14	15	18	20	21	26	27	246	#
1065	941070	2	5	6	7	13	14	15	16	19	20	21	26	27	246	#
1066	921265	0	1	2	6	7	12	13	14	18	19	20	21	26	246	#
1067	906682	0	1	2	6	7	12	13	14	15	16	18	19	20	246	#
1068	854774	9	10	14	15	16	17	19	20	21	26	27	32	33	246	#
1069	846199	0	1	2	6	7	12	13	14	15	16	18	21	22	246	#
1070	839377	9	15	16	21	22	25	26	27	28	29	33	34	35	247	#
1071	951481	13	19	21	25	26	27	28	29	31	32	33	34	35	247	#
1072	930550	13	19	21	22	25	26	27	28	29	32	33	34	35	247	#
1073	871264	19	21	22	25	26	27	28	29	30	31	32	33	35	247	#
1074	829904	10	15	16	21	22	26	27	28	29	30	31	32	33	247	#
1075	823500	9	10	11	15	16	17	21	22	27	28	32	33	34	247	#
1076	1175222	1	2	7	8	12	13	17	18	19	20	22	23	24	25	26	28	29	30	31	32	33	34	35	248	#
1077	1423351	2	4	8	9	10	11	13	15	17	19	21	23	24	25	26	28	29	30	31	32	33	34	35	248	#
1078	1364191	0	1	2	3	4	6	7	8	9	10	11	12	13	15	17	18	19	23	24	25	29	35	36	248	#
1079	1341770	2	3	8	9	10	15	16	17	19	21	22	23	24	25	26	28	29	30	31	32	33	34	35	248	#
1080	1340884	0	1	2	3	4	6	7	8	9	10	12	13	18	19	24	25	26	28	29	30	31	32	34	248	#
1081	1336590	0	2	3	6	7	9	11	12	13	15	16	17	19	21	24	25	26	28	29	30	32	33	34	248	#
1082	95142	27	28	34	249	#
1083	84176	15	22	28	249	#
1084	1499005	0	1	2	3	4	5	6	7	8	9	10	11	12	13	14	15	16	17	18	19	20	21	22	23	24	25	26	27	28	29	30	31	32	33	34	35	250	#
1085	1654071	0	1	2	3	4	5	6	7	8	9	10	11	13	14	15	16	17	18	19	20	21	22	23	24	25	26	27	28	29	30	31	32	33	37	38	43	250	#
1086	1634470	0	1	2	3	4	5	6	7	8	9	10	11	12	13	14	15	16	17	18	19	20	21	22	23	24	25	26	27	28	29	30	31	32	33	40	44	250	#
1087	1601655	0	1	2	3	4	5	6	7	8	9	10	11	12	13	14	15	16	17	18	19	20	21	22	23	24	25	26	27	28	29	30	31	32	33	35	36	250	#
1088	1601597	0	1	2	3	4	5	6	7	8	9	10	11	12	13	14	15	16	17	18	19	20	21	22	23	24	25	26	27	28	29	30	31	32	33	35	44	250	#
1089	1594019	0	1	2	3	4	5	6	7	8	9	10	11	13	14	15	16	17	18	19	20	21	22	23	24	25	26	27	28	29	30	31	32	33	34	35	43	250	#
1090	372642	0	1	6	12	13	19	20	25	251	#
1091	555528	19	20	21	25	26	27	33	43	251	#
1092	540496	12	13	19	20	22	26	27	28	251	#
1093	440797	1	2	3	4	8	9	11	15	251	#
1094	433566	0	1	2	3	8	9	15	21	251	#
1095	372129	12	13	14	15	18	19	24	25	251	#
1096	1166183	1	2	3	4	5	6	7	8	9	10	11	12	13	14	15	16	17	20	22	23	252	#
1097	1364039	1	2	3	4	6	7	8	9	10	11	15	16	21	22	24	25	26	27	32	33	252	#
1098	1287193	1	2	3	4	5	8	9	10	14	15	16	19	20	21	22	24	25	26	27	37	252	#
1099	1229586	2	8	9	10	11	14	15	16	19	20	21	22	24	25	26	27	28	33	34	35	252	#
1100	1227274	0	1	2	3	4	8	9	10	11	12	13	14	15	16	17	18	19	22	23	42	252	#
1101	1225863	1	2	3	4	8	9	10	11	15	16	17	21	22	23	26	27	28	32	33	34	252	#
1102	481511	24	25	26	30	32	253	#
1103	517495	13	19	24	25	26	253	#
1104	400758	13	14	19	25	26	253	#
1105	362065	24	25	26	30	31	253	#
1106	356801	26	30	31	32	33	253	#
1107	339711	13	14	30	31	32	253	#
1108	1628189	2	3	4	6	7	8	9	10	11	12	13	14	15	16	18	19	20	21	25	26	27	28	29	30	31	32	33	34	40	254	#
1109	1728749	2	3	4	6	7	8	9	10	12	13	14	15	16	19	20	21	23	25	26	27	28	29	30	31	32	33	34	35	41	254	#
1110	1724769	2	3	4	6	7	8	9	10	12	13	14	15	16	18	19	20	21	24	25	26	27	28	29	30	31	32	33	34	35	254	#
1111	1719478	1	2	3	4	6	7	8	9	10	12	13	14	16	18	19	20	21	23	25	26	27	28	29	30	31	32	33	34	35	254	#
1112	1714212	2	3	4	7	8	9	10	11	12	13	15	16	17	18	19	20	21	23	25	26	27	28	29	31	32	33	34	35	43	254	#
1113	1699759	2	3	4	6	7	8	9	10	11	12	13	14	16	17	18	19	20	21	23	25	26	27	28	29	32	33	34	35	42	254	#
1114	381151	4	10	11	16	17	22	255	#
1115	424283	22	27	28	29	34	35	255	#
1116	420825	11	15	16	17	21	22	255	#
1117	401037	9	11	15	16	17	22	255	#
1118	371144	4	9	10	11	16	17	255	#
1119	332090	4	5	10	11	16	17	255	#
1120	410951	9	10	11	15	16	17	22	28	33	256	#
1121	584698	2	4	8	9	10	15	16	17	23	256	#
1122	583587	15	16	17	21	23	27	29	33	35	256	#
1123	546973	2	3	4	5	8	9	10	15	16	256	#
1124	516280	4	5	10	15	16	22	28	33	34	256	#
1125	512285	19	20	21	26	27	28	32	33	34	256	#
1126	1759173	0	1	2	3	4	5	6	7	8	9	10	11	12	13	14	15	16	18	19	20	21	22	23	24	25	26	27	28	29	30	31	32	33	34	35	257	#
1127	1836738	0	1	2	3	4	5	6	7	8	9	10	11	12	13	14	15	16	17	18	19	20	21	23	24	25	26	28	29	30	31	32	33	34	35	36	257	#
1128	1815917	0	1	2	3	4	6	7	8	9	10	11	12	13	14	15	16	17	18	19	20	21	22	24	25	26	27	28	29	30	31	32	33	34	35	36	257	#
1129	1812352	0	1	2	3	4	5	6	7	8	9	10	11	12	13	14	15	16	17	18	19	20	21	22	23	24	25	28	29	30	31	32	33	34	35	44	257	#
1130	1802807	0	1	2	3	4	6	7	8	9	10	11	12	13	14	15	16	17	18	19	20	21	23	24	25	26	27	28	29	30	31	32	33	34	35	44	257	#
1131	1795881	0	1	2	3	4	5	6	7	8	9	10	11	13	14	15	16	18	19	20	21	24	25	26	27	28	29	30	31	32	33	34	35	38	39	41	257	#
1132	595359	19	21	23	27	28	29	33	34	35	259	#
1133	686026	19	26	27	28	29	32	33	34	35	259	#
1134	645819	13	14	15	21	26	27	28	34	35	259	#
1135	636261	8	14	15	16	22	23	28	29	35	259	#
1136	571703	21	23	27	28	29	32	33	34	35	259	#
1137	559187	26	27	28	29	31	32	33	34	35	259	#
1138	394763	2	3	4	7	9	15	31	260	#
1139	512327	2	3	4	5	7	13	19	260	#
1140	470324	2	3	4	7	8	9	13	260	#
1141	458909	4	9	11	15	16	17	23	260	#
1142	433247	3	4	9	11	16	17	23	260	#
1143	405189	0	1	2	3	4	7	9	260	#
1144	814658	0	1	2	6	7	8	9	12	13	14	18	19	20	21	26	27	39	261	#
1145	1010011	1	2	5	6	7	8	9	10	12	13	16	18	19	20	21	25	26	261	#
1146	1005378	0	1	2	3	6	7	8	9	10	11	12	13	16	18	19	22	44	261	#
1147	1004526	2	3	4	6	7	8	9	10	11	16	22	23	28	29	34	35	38	261	#
1148	993619	0	1	2	6	7	8	9	10	12	13	14	16	18	22	24	28	30	261	#
1149	909538	0	1	2	3	6	7	8	9	10	12	13	16	18	24	25	30	31	261	#
1150	1549092	0	1	2	3	4	5	6	7	8	9	10	11	12	13	14	15	16	17	18	19	20	21	22	23	24	25	26	27	28	29	30	31	32	33	34	35	40	262	#
1151	1652737	0	1	2	3	4	5	6	7	8	9	10	11	12	13	14	15	16	17	18	19	20	21	22	24	25	26	27	28	29	30	31	32	33	34	36	37	38	262	#
1152	1624837	0	1	2	3	4	5	6	7	8	9	10	11	12	13	14	15	16	17	18	19	20	21	22	23	24	25	26	27	28	29	31	32	33	34	35	38	42	262	#
1153	1612056	0	1	2	3	4	6	7	8	9	10	12	13	14	15	16	17	18	19	20	21	22	23	24	25	26	27	28	29	30	31	32	33	34	35	38	40	43	262	#
1154	1580494	0	1	2	3	4	5	6	7	8	9	10	11	12	13	14	15	16	17	18	19	20	21	22	23	24	25	26	27	28	29	30	31	32	33	34	38	42	262	#
1155	1568835	0	1	2	3	4	5	6	7	8	9	10	11	12	13	14	15	16	17	18	19	20	21	22	23	24	25	26	27	28	29	30	31	32	33	34	35	38	262	#
1156	224769	3	4	5	11	263	#
1157	224768	4	5	10	11	263	#
1158	176583	5	10	11	41	263	#
1159	81590	3	4	7	8	263	#
1160	782218	2	6	7	12	13	14	19	20	24	25	26	27	30	32	264	#
1161	893486	6	7	9	10	12	13	19	24	25	28	29	30	34	35	264	#
1162	861848	4	7	11	13	17	19	23	24	25	26	28	29	30	32	264	#
1163	789747	1	2	3	6	7	8	9	13	14	19	20	25	26	32	264	#
1164	760765	1	2	3	7	8	9	13	14	15	19	20	24	25	26	264	#
1165	742370	11	16	17	19	20	23	24	25	26	27	28	29	30	35	264	#
1166	481377	3	4	5	10	11	17	23	29	265	#
1167	569511	2	3	4	5	9	10	11	16	265	#
1168	489530	4	10	11	17	23	28	29	35	265	#
1169	447508	3	4	5	10	11	16	17	23	265	#
1170	435866	3	4	5	8	10	11	16	17	265	#
1171	405917	3	4	7	8	9	10	11	17	265	#
1172	344687	8	9	14	15	21	38	266	#
1173	457093	15	21	26	27	32	33	266	#
1174	383713	3	4	9	10	16	38	266	#
1175	325380	3	9	10	15	16	22	266	#
1176	301504	3	9	14	15	16	22	266	#
1177	238474	3	7	8	9	13	14	266	#
1178	1929864	0	1	2	3	4	5	6	7	8	9	10	11	12	13	14	15	16	17	18	19	20	21	22	23	24	25	26	27	28	29	30	31	32	33	34	35	36	38	267	#
1179	2012402	0	1	2	3	4	5	6	7	8	9	10	11	13	14	15	16	17	18	19	20	21	22	23	24	25	26	27	28	29	30	31	32	33	34	35	38	42	43	267	#
1180	1971722	0	1	2	3	4	5	6	7	8	9	10	11	12	13	14	15	16	17	18	19	20	21	22	23	24	25	26	27	28	29	30	31	32	33	34	35	38	44	267	#
1181	1952072	0	1	2	3	4	5	6	7	8	9	10	11	12	13	14	15	16	17	18	19	20	21	22	23	24	25	26	27	28	29	30	31	32	33	34	35	38	43	267	#
1182	1942032	0	1	2	3	4	5	6	7	8	9	10	11	12	13	14	15	16	17	18	19	20	21	22	23	24	25	26	27	28	29	30	31	32	33	34	35	37	38	267	#
1183	1936732	0	1	2	3	4	5	6	8	9	10	11	12	13	14	15	16	17	18	19	20	21	22	23	24	25	26	27	28	29	30	31	32	33	34	35	40	41	44	267	#
1184	206506	6	7	8	11	13	14	17	23	268	#
1185	137948	3	4	5	10	11	17	23	24	268	#
1186	693886	7	9	13	14	15	16	17	20	21	22	26	27	28	32	33	269	#
1187	969752	0	1	2	3	7	9	10	11	13	14	19	20	21	26	38	269	#
1188	900556	3	4	9	10	13	14	15	16	20	22	24	28	30	34	35	269	#
1189	862575	1	2	3	4	5	7	9	10	11	13	14	17	19	20	23	269	#
1190	837761	3	9	14	15	16	20	21	22	26	27	28	29	32	34	35	269	#
1191	810043	2	3	4	5	6	7	8	9	10	11	13	14	15	19	21	269	#
1192	266344	13	19	270	#
1193	164684	19	25	270	#
1194	150121	13	14	270	#
1195	468856	1	25	26	27	28	32	33	37	40	271	#
1196	559726	6	12	13	21	24	25	26	27	28	271	#
1197	531262	9	21	26	27	28	32	33	34	35	271	#
1198	486807	12	18	20	24	25	26	27	28	32	271	#
1199	474112	20	21	26	27	28	32	33	34	35	271	#
1200	472808	2	15	20	21	26	27	28	33	34	271	#
1201	1615689	0	1	2	3	4	5	6	7	8	9	10	11	12	13	14	15	16	17	18	19	20	21	22	23	24	25	26	27	28	29	30	31	32	33	34	35	39	272	#
1202	1747732	0	1	2	3	4	5	6	7	8	9	11	12	13	14	15	16	17	18	19	20	21	22	23	24	25	26	27	28	29	30	31	32	33	34	35	36	42	272	#
1203	1715753	0	1	2	3	4	5	6	7	8	9	10	11	12	13	14	15	16	18	19	20	21	22	24	25	26	27	28	29	30	31	32	33	34	35	38	39	41	272	#
1204	1682392	0	1	2	3	4	5	6	7	8	9	10	11	12	13	14	15	16	17	18	19	20	21	22	23	24	25	26	28	29	30	31	32	33	34	35	38	41	272	#
1205	1676513	0	1	2	3	4	5	6	7	8	9	10	11	12	13	14	15	16	17	18	19	20	21	22	23	24	25	26	27	28	29	30	31	32	33	34	35	36	272	#
1206	1647090	0	1	2	3	4	5	6	7	8	9	10	11	12	13	14	15	16	17	18	19	20	21	22	23	24	25	26	27	28	29	30	31	32	33	34	35	38	272	#
1207	306378	0	3	4	5	6	7	8	9	10	11	14	16	17	273	#
1208	426158	3	4	5	8	10	11	14	15	16	17	21	22	27	273	#
1209	418273	0	1	2	3	4	6	7	8	11	12	13	14	18	273	#
1210	400033	0	1	2	3	4	5	6	7	8	11	13	14	17	273	#
1211	387112	0	2	3	6	7	8	12	13	14	18	19	20	33	273	#
1212	378846	0	2	3	4	5	6	7	8	11	12	13	14	17	273	#
1213	1172418	3	4	9	10	15	16	19	20	21	22	25	26	29	31	32	35	274	#
1214	1226376	3	4	9	10	15	16	18	20	21	22	24	25	26	32	33	34	274	#
1215	1133522	6	7	12	13	18	19	20	21	24	25	26	30	31	32	33	34	274	#
1216	1097069	0	1	3	6	7	9	12	13	15	16	19	20	21	22	25	26	274	#
1217	1093208	3	4	7	8	9	10	13	14	15	16	19	20	21	22	26	32	274	#
1218	1088775	9	10	15	16	17	22	23	24	28	29	30	31	32	33	34	35	274	#
1219	533038	0	1	2	3	5	6	7	9	11	12	13	18	276	#
1220	663353	2	3	4	5	8	9	10	11	15	16	17	21	276	#
1221	594335	1	2	7	9	12	13	14	15	16	18	21	22	276	#
1222	586551	1	2	4	5	7	8	9	10	11	14	15	16	276	#
1223	537590	2	3	4	5	7	8	9	10	11	14	16	17	276	#
1224	516658	0	1	2	3	4	6	7	8	9	10	12	15	276	#
1225	305262	2	3	8	23	29	277	#
1226	324031	0	1	2	3	7	277	#
1227	323348	2	3	7	8	9	277	#
1228	302216	1	2	3	4	7	277	#
1229	203757	5	11	17	23	29	277	#
1230	184035	11	17	23	29	35	277	#
1231	1613180	0	1	2	3	5	6	7	8	9	10	11	12	13	14	15	16	17	18	19	20	21	22	24	25	26	27	28	29	30	31	32	33	34	35	40	278	#
1232	1691809	0	1	2	3	4	5	6	8	9	10	11	12	13	14	15	16	18	19	20	21	22	24	25	26	27	28	29	30	31	32	33	34	35	37	40	278	#
1233	1673526	0	1	2	3	4	5	6	8	9	10	11	12	13	14	15	16	17	18	19	20	21	22	24	25	26	27	28	29	30	31	32	33	34	35	42	278	#
1234	1655139	0	1	2	3	4	5	6	8	9	10	11	12	13	14	15	16	17	18	19	20	21	22	24	25	26	27	28	29	30	31	32	33	34	35	40	278	#
1235	1635285	0	1	2	3	5	6	8	9	10	11	12	13	14	15	16	17	18	19	20	21	22	23	24	25	26	27	28	29	30	31	32	33	34	35	44	278	#
1236	1632433	0	1	2	3	4	5	6	8	9	10	11	12	13	14	15	16	17	18	19	20	21	22	24	25	26	27	28	29	30	31	32	33	34	35	41	278	#
1237	749173	3	9	15	19	20	21	25	26	27	32	37	40	279	#
1238	819947	2	9	15	19	20	21	25	26	27	28	32	34	279	#
1239	764531	8	9	15	19	20	21	25	26	27	28	34	35	279	#
1240	751510	9	10	15	21	22	23	27	28	29	34	35	40	279	#
1241	725142	13	14	15	19	20	21	22	24	25	26	31	32	279	#
1242	701620	6	9	15	21	22	27	28	29	30	33	34	35	279	#
1243	1669278	0	1	2	3	4	5	6	7	8	9	10	11	12	13	14	15	16	17	18	19	20	21	22	23	24	25	26	27	28	29	30	31	32	33	34	35	36	39	41	42	280	#
1244	1853436	0	1	2	3	4	5	6	7	8	9	10	11	12	13	14	15	16	17	18	19	20	21	22	23	24	25	26	27	28	29	30	31	32	33	34	35	36	37	40	44	280	#
1245	1851029	0	1	2	3	4	5	6	7	8	9	10	11	12	13	14	15	16	17	18	19	20	21	22	23	24	25	26	27	28	29	30	31	32	33	34	35	36	37	38	44	280	#
1246	1839673	0	1	2	3	4	5	6	7	8	9	10	11	12	13	14	15	16	17	18	19	20	21	22	23	24	25	26	27	28	29	30	31	32	33	34	35	36	37	42	44	280	#
1247	1825629	0	1	2	3	4	5	6	7	8	9	10	11	12	13	14	15	16	17	18	19	20	21	22	23	24	25	26	27	28	29	30	31	32	33	34	35	36	40	43	44	280	#
1248	1800246	0	1	2	3	4	5	6	7	8	9	10	11	12	13	14	15	16	17	18	19	20	21	22	23	24	25	26	27	28	29	30	31	32	33	34	35	37	40	42	44	280	#
1249	278633	29	34	35	281	#
1250	209782	28	29	34	281	#
1251	180287	28	33	34	281	#
1252	644675	2	3	9	10	14	15	20	21	22	26	282	#
1253	786739	2	9	15	20	21	22	24	25	26	27	282	#
1254	779636	8	9	10	15	19	21	22	24	25	26	282	#
1255	707812	4	9	10	11	15	21	22	26	27	28	282	#
1256	685707	13	15	19	20	21	24	25	26	27	30	282	#
1257	625773	4	5	9	10	11	14	15	17	22	23	282	#
1258	425251	0	1	2	5	7	11	39	283	#
1259	486438	1	2	4	5	7	8	11	283	#
1260	453239	5	11	15	16	17	19	22	283	#
1261	365971	21	26	27	28	31	32	39	283	#
1262	333913	0	1	2	3	6	7	8	283	#
1263	322102	6	7	8	13	14	19	23	283	#
1264	209542	33	34	284	#
1265	181369	28	33	284	#
1266	597177	2	6	7	8	12	13	14	15	19	22	37	285	#
1267	706396	0	1	2	3	4	6	7	10	11	13	40	285	#
1268	696336	6	12	13	14	19	28	31	32	33	34	35	285	#
1269	662735	0	2	3	6	7	12	13	14	15	19	21	285	#
1270	643376	15	21	22	27	28	29	32	33	34	35	37	285	#
1271	589047	2	3	7	8	13	14	19	20	21	26	27	285	#
1272	355063	2	3	4	8	9	10	15	286	#
1273	518033	3	9	15	16	22	28	33	286	#
1274	512094	9	10	15	16	22	28	33	286	#
1275	458287	1	2	3	26	30	31	32	286	#
1276	451379	2	3	7	8	9	13	19	286	#
1277	284860	2	3	4	5	8	10	11	286	#
1278	185047	0	6	7	12	13	14	18	287	#
1279	218069	0	6	12	13	14	18	38	287	#
1280	709364	0	1	2	3	4	5	8	9	10	11	15	16	288	#
1281	862562	0	1	2	3	4	9	10	11	15	16	22	28	288	#
1282	847750	3	9	10	13	15	16	17	19	20	22	25	26	288	#
1283	785946	2	3	4	8	9	10	11	15	21	22	26	28	288	#
1284	765328	2	4	8	9	10	14	15	19	20	21	22	39	288	#
1285	757577	1	2	3	4	5	8	9	10	14	15	21	26	288	#
1286	453028	6	7	8	12	13	14	19	289	#
1287	471626	6	7	8	9	13	19	43	289	#
1288	436624	7	8	12	13	14	19	25	289	#
1289	436456	0	6	7	12	13	14	19	289	#
1290	432006	6	7	12	13	14	19	25	289	#
1291	393560	6	7	8	12	13	18	24	289	#
1292	370128	15	21	22	26	27	28	33	290	#
1293	496974	9	10	14	15	16	20	21	290	#
1294	484589	9	14	15	20	22	28	34	290	#
1295	479521	15	20	21	25	26	32	33	290	#
1296	431003	15	20	21	27	28	29	33	290	#
1297	422135	20	26	27	28	29	33	34	290	#
1298	425855	28	29	31	32	33	34	35	291	#
1299	493986	12	13	18	19	24	30	31	291	#
1300	486760	10	16	22	28	29	34	35	291	#
1301	454520	16	22	28	29	33	34	35	291	#
1302	390518	27	28	29	32	33	34	35	291	#
1303	381774	14	15	22	28	29	34	35	291	#
1304	322685	27	28	29	34	35	292	#
1305	369614	28	29	32	33	34	292	#
1306	363614	23	28	29	34	35	292	#
1307	323784	22	27	28	29	34	292	#
1308	322607	16	22	27	28	34	292	#
1309	277479	22	28	29	34	37	292	#
1310	619424	10	11	15	16	22	23	28	29	33	34	35	293	#
1311	690616	4	5	10	11	13	14	15	16	22	28	33	293	#
1312	630190	10	11	12	13	14	15	16	20	22	28	33	293	#
1313	628633	7	8	13	14	15	16	20	21	22	28	33	293	#
1314	623853	4	10	11	15	16	22	28	33	34	35	44	293	#
1315	618622	4	5	10	11	15	16	20	22	28	29	33	293	#
1316	522338	2	3	4	5	7	8	9	10	11	17	44	294	#
1317	629674	2	3	4	5	8	9	10	11	16	17	24	294	#
1318	623267	2	3	4	5	9	10	11	15	16	17	22	294	#
1319	596761	2	3	4	5	8	9	10	11	14	15	16	294	#
1320	573150	3	4	5	8	9	10	11	12	14	15	35	294	#
1321	570954	2	3	4	5	8	9	10	11	14	16	17	294	#
1322	700613	6	7	12	13	15	18	19	20	21	22	24	25	28	34	295	#
1323	832351	9	14	15	18	19	20	21	24	25	26	27	32	33	34	295	#
1324	811268	6	12	13	15	18	19	20	21	24	25	26	30	31	32	295	#
1325	803262	3	7	8	9	10	13	14	15	20	21	22	26	31	32	295	#
1326	785081	13	14	19	20	21	24	25	26	27	28	30	31	32	39	295	#
1327	779693	2	3	6	8	9	10	15	19	20	21	24	25	26	30	295	#
1328	1235668	0	1	2	3	4	6	7	9	10	11	12	13	14	15	16	17	18	21	22	27	28	33	34	296	#
1329	1541437	0	1	2	4	6	7	9	10	11	12	13	14	15	16	17	18	19	21	22	24	28	34	35	296	#
1330	1430900	0	1	2	3	4	5	7	9	10	13	14	15	19	21	22	24	25	26	27	28	31	32	44	296	#
1331	1400705	0	1	2	6	7	8	9	10	12	13	14	15	16	18	19	21	22	26	27	28	32	33	34	296	#
1332	1394495	0	1	2	3	4	5	6	7	9	10	11	12	13	14	15	16	17	18	19	21	22	23	26	296	#
1333	1390599	1	2	3	4	7	9	10	11	13	14	15	16	17	21	22	23	26	27	28	33	34	35	43	296	#
1334	1352885	0	1	2	3	4	5	6	7	8	9	10	11	12	13	15	16	18	19	20	21	25	26	27	28	32	34	297	#
1335	1656810	1	2	3	4	5	7	8	9	10	11	13	15	16	19	20	21	22	23	26	27	28	29	32	33	34	35	297	#
1336	1638796	3	4	5	6	9	10	11	13	15	16	18	19	20	21	22	23	24	25	26	27	28	29	32	33	34	35	297	#
1337	1610856	2	7	8	9	10	11	13	14	15	16	18	19	20	21	22	23	24	25	26	27	28	29	32	33	34	35	297	#
1338	1588224	9	10	12	13	15	16	18	19	20	21	22	23	24	25	26	27	28	29	30	31	32	33	34	35	39	43	297	#
1339	1573831	2	3	8	9	10	12	13	14	15	16	19	20	21	22	23	24	25	26	27	28	29	31	32	33	34	35	297	#
1340	1403879	0	1	2	3	4	5	6	7	8	9	12	13	14	15	16	17	18	19	20	21	23	24	25	26	27	28	29	33	35	43	298	#
1341	1553105	1	2	3	4	5	8	9	10	11	12	13	14	15	16	17	18	19	20	21	23	24	25	26	27	28	29	31	32	33	35	298	#
1342	1524208	1	2	3	4	5	8	9	10	11	13	14	15	16	17	19	20	21	22	23	24	25	26	27	28	29	31	32	33	34	35	298	#
1343	1512652	1	2	3	4	5	6	8	10	11	12	13	14	17	19	20	21	22	23	24	25	26	27	28	29	31	32	33	34	35	42	298	#
1344	1505693	0	1	2	3	4	5	6	8	9	10	12	13	14	15	17	19	20	21	23	24	25	26	27	28	29	31	32	33	34	35	298	#
1345	1503995	0	1	2	3	4	5	6	8	9	10	11	12	13	14	16	17	18	19	20	23	24	25	26	28	29	31	32	33	34	44	298	#
1346	475399	25	26	27	28	29	33	34	35	299	#
1347	494406	15	16	22	26	27	28	33	34	299	#
1348	472038	15	20	21	26	27	32	33	34	299	#
1349	464657	19	20	24	25	26	27	30	33	299	#
1350	448100	20	24	25	26	27	28	34	35	299	#
1351	445325	16	17	23	28	29	33	34	35	299	#
1352	1233249	3	9	10	11	15	16	17	19	21	24	25	26	27	28	33	34	38	44	300	#
1353	1391675	9	10	11	15	16	21	22	24	25	26	27	28	29	31	32	33	34	35	300	#
1354	1358941	3	9	10	11	15	16	21	24	25	26	27	28	29	30	31	33	34	35	300	#
1355	1357138	9	10	11	15	16	17	21	22	24	25	27	28	29	30	32	33	34	35	300	#
1356	1309902	3	4	9	10	11	15	16	17	21	22	26	27	28	29	33	34	35	44	300	#
1357	1261107	10	15	16	17	21	22	24	25	26	27	28	29	30	31	32	33	34	35	300	#
1358	461583	6	7	8	12	13	14	18	19	24	25	30	301	#
1359	661093	1	2	3	7	8	12	13	14	19	20	21	301	#
1360	661026	1	2	3	4	7	8	13	14	20	26	27	301	#
1361	598960	2	7	12	13	14	15	18	20	24	25	30	301	#
1362	563983	0	2	7	8	12	13	14	18	24	29	30	301	#
1363	551776	14	18	20	21	24	25	26	27	30	33	34	301	#
1364	1289929	3	4	5	6	7	10	11	13	14	15	16	17	19	20	21	22	23	27	28	29	33	35	302	#
1365	1252684	0	1	2	3	4	5	6	7	10	11	13	14	15	16	17	19	20	23	24	29	35	43	302	#
1366	1248536	4	5	6	7	10	11	13	14	15	16	17	19	20	22	25	26	27	28	29	33	34	35	302	#
1367	1234115	3	4	5	6	7	8	10	11	13	14	15	16	17	19	20	22	23	27	28	29	33	35	302	#
1368	1203224	1	2	3	4	6	7	10	13	14	15	16	17	19	23	25	28	29	30	31	32	33	44	302	#
1369	1180299	3	4	5	6	7	10	11	14	15	16	17	19	20	21	22	23	27	28	29	33	35	41	302	#
1370	253798	7	12	13	18	19	25	303	#
1371	378774	5	7	8	13	14	19	303	#
1372	377520	6	7	13	14	19	25	303	#
1373	281022	0	6	7	8	13	14	303	#
1374	207735	12	13	18	24	25	44	303	#
1375	730512	9	15	21	22	25	26	32	33	34	304	#
1376	768335	1	2	6	7	24	25	26	32	33	304	#
1377	705997	7	14	15	21	24	25	26	32	33	304	#
1378	652140	1	15	20	21	24	25	26	27	33	304	#
1379	635397	12	15	18	21	24	25	26	27	33	304	#
1380	627628	14	15	19	20	21	25	26	32	33	304	#
1381	949973	4	5	9	10	11	15	16	17	20	21	22	23	27	28	29	31	32	33	41	305	#
1382	1056761	4	8	9	10	11	13	14	15	16	19	20	21	22	27	30	31	32	33	41	305	#
1383	1055236	4	7	8	9	10	13	15	16	19	20	21	22	27	28	31	32	33	34	35	305	#
1384	1010533	3	4	5	8	9	10	11	13	16	17	19	20	21	23	24	25	28	29	35	305	#
1385	990758	0	4	5	6	7	8	9	10	13	14	16	17	19	20	21	22	25	27	33	305	#
1386	983740	4	5	8	9	10	11	13	14	15	16	17	20	21	22	27	30	31	32	33	305	#
1387	259222	21	25	26	27	33	306	#
1388	366242	19	21	24	25	26	306	#
1389	365957	13	14	19	24	25	306	#
1390	344925	21	26	27	32	33	306	#
1391	310215	15	21	26	27	32	306	#
1392	228320	15	21	27	28	33	306	#
1393	540270	2	7	15	16	22	27	28	33	34	35	307	#
1394	684666	2	13	14	15	16	17	20	26	28	29	307	#
1395	669062	15	16	21	22	28	29	31	32	33	34	307	#
1396	624430	21	25	26	27	28	31	32	33	34	35	307	#
1397	600664	8	15	21	26	27	28	29	33	34	35	307	#
1398	581159	3	7	8	12	13	14	15	20	21	26	307	#
1399	1328729	0	3	4	5	6	7	8	9	10	11	12	13	14	15	16	17	18	19	21	22	23	24	25	26	27	29	308	#
1400	1543930	3	4	5	8	9	10	11	13	15	16	17	18	19	20	21	22	23	24	25	26	27	29	31	32	37	42	308	#
1401	1528842	1	2	3	4	5	6	7	8	12	13	15	16	18	19	20	21	24	25	26	27	29	30	31	32	34	35	308	#
1402	1527256	3	4	5	10	11	13	15	16	17	19	20	21	22	23	24	25	26	27	28	29	30	31	32	33	34	35	308	#
1403	1486469	0	1	2	3	4	5	6	7	8	10	11	12	13	14	15	16	17	18	19	21	22	24	25	26	27	32	308	#
1404	1451500	0	1	2	3	6	7	8	9	10	11	12	13	14	15	16	17	18	19	21	22	24	25	26	30	31	32	308	#
1405	525989	2	6	7	8	9	13	14	19	20	309	#
1406	751123	13	15	16	19	20	21	22	27	32	309	#
1407	601917	2	3	6	7	9	13	19	20	25	309	#
1408	563151	1	2	3	9	10	14	15	16	21	309	#
1409	506105	6	7	8	9	10	13	14	19	20	309	#
1410	496809	0	1	2	6	7	12	13	18	24	309	#
1411	1043885	3	4	5	8	9	10	11	12	14	15	16	17	19	20	21	22	23	25	26	27	29	32	33	310	#
1412	1327032	9	12	13	14	15	16	18	19	21	22	23	24	25	26	27	29	30	31	32	33	34	35	38	310	#
1413	1320114	2	6	7	8	9	10	12	13	14	15	18	19	23	24	25	26	29	30	31	32	33	34	35	310	#
1414	1211693	2	4	7	8	9	10	13	14	15	16	17	19	20	21	22	23	24	25	26	27	29	33	34	310	#
1415	1205709	1	2	3	4	7	8	9	10	13	14	15	19	20	21	22	24	25	26	27	31	32	33	34	310	#
1416	1205540	3	4	9	10	15	16	18	21	22	23	24	25	26	27	28	29	30	31	32	33	34	35	40	310	#
1417	786358	6	7	12	13	14	15	16	19	20	21	25	26	27	28	311	#
1418	987953	9	10	11	13	14	15	16	19	20	21	25	26	27	28	311	#
1419	987213	13	14	15	19	20	21	24	25	26	27	28	29	34	35	311	#
1420	980617	7	13	14	15	16	19	20	21	25	26	27	28	29	32	311	#
1421	897744	9	13	14	15	19	20	21	25	26	27	28	30	31	32	311	#
1422	873294	1	7	14	15	16	19	20	21	22	28	29	34	35	40	311	#
1423	929809	14	15	19	20	21	23	26	27	28	29	32	33	34	35	312	#
1424	1086181	12	13	18	19	20	24	26	27	30	31	32	33	34	35	312	#
1425	932388	12	13	14	19	20	21	26	27	28	31	32	33	34	35	312	#
1426	919979	13	14	19	20	21	24	25	26	27	28	29	33	34	35	312	#
1427	918962	9	14	15	16	21	23	26	27	28	29	32	33	34	35	312	#
1428	891263	3	4	9	11	17	23	26	27	28	29	32	33	34	35	312	#
1429	1026357	2	3	5	8	9	10	11	14	15	16	17	20	21	22	26	32	36	313	#
1430	1083068	3	8	9	10	11	14	15	16	20	22	26	29	31	32	33	34	35	313	#
1431	1048042	9	11	14	15	16	17	20	21	22	23	26	27	29	31	32	33	35	313	#
1432	1032064	3	4	5	8	9	11	12	14	15	16	17	20	21	23	26	29	35	313	#
1433	1025998	0	1	2	3	6	8	9	12	13	14	15	16	17	20	22	26	36	313	#
1434	1004572	3	4	5	8	9	10	11	13	14	15	16	17	20	22	26	32	44	313	#
1435	520661	4	5	11	17	23	28	29	35	314	#
1436	615371	15	16	22	23	28	29	33	35	314	#
1437	552051	14	15	16	22	28	29	34	35	314	#
1438	545033	4	5	11	16	17	23	28	29	314	#
1439	503558	10	11	16	17	22	23	28	29	314	#
1440	498275	4	5	10	11	16	17	22	28	314	#
1441	73586	0	3	6	7	8	#
1442	328216	23	27	28	29	33	34	316	#
1443	386081	19	21	25	26	27	33	316	#
1444	370096	21	27	28	29	33	34	316	#
1445	336763	16	17	23	28	29	33	316	#
1446	315492	14	20	26	27	28	33	316	#
1447	313384	16	17	23	28	29	35	316	#
1448	616578	1	2	3	4	5	9	10	11	15	16	17	317	#
1449	687492	2	3	4	8	9	10	11	14	15	16	35	317	#
1450	656628	1	2	3	4	5	8	9	10	11	16	22	317	#
1451	634949	2	3	4	5	8	9	10	14	15	16	21	317	#
1452	629077	1	2	3	4	8	9	10	11	15	16	22	317	#
1453	625950	2	3	4	5	8	9	10	11	14	16	22	317	#
1454	377781	6	12	13	19	25	318	#
1455	378579	10	13	14	15	16	318	#
1456	366436	12	13	14	19	27	318	#
1457	327083	19	20	24	25	26	318	#
1458	323955	15	19	20	21	25	318	#
1459	1088468	20	21	24	25	26	27	28	29	30	31	32	33	34	35	319	#
1460	1146912	16	21	22	24	26	27	28	29	30	31	32	33	34	35	319	#
1461	1111706	12	13	19	20	21	24	25	26	27	31	32	33	34	35	319	#
1462	1096786	16	20	21	22	23	26	28	29	31	32	33	34	35	42	319	#
1463	1047982	16	17	20	21	22	23	24	26	27	28	29	30	32	33	319	#
1464	1041381	18	19	20	21	24	25	26	27	30	31	32	33	34	35	319	#
1465	1284796	0	2	3	6	7	8	9	10	12	13	14	15	16	17	18	19	20	21	22	24	25	27	28	30	31	32	33	34	320	#
1466	1509692	2	3	4	5	6	7	8	9	10	12	13	14	15	16	19	20	21	22	24	25	27	28	29	31	32	33	34	35	320	#
1467	1464941	0	3	6	7	8	9	10	12	13	14	15	16	19	20	21	22	24	25	27	28	29	31	32	33	34	35	36	42	320	#
1468	1458493	0	3	4	5	6	7	8	9	10	12	13	14	15	16	19	20	21	22	24	27	28	29	30	31	32	33	34	41	320	#
1469	929190	0	1	2	3	4	5	6	7	8	9	10	11	12	14	16	17	18	24	30	321	#
1470	1107716	0	1	2	6	7	8	9	10	12	13	14	16	18	19	20	24	25	26	30	321	#
1471	1085247	0	1	2	6	7	8	9	10	12	13	14	18	19	20	21	24	25	26	30	321	#
1472	1080898	0	1	6	12	13	18	19	21	24	25	26	27	28	29	30	31	32	33	34	321	#
1473	1072643	10	12	16	18	19	20	21	24	25	26	28	29	30	31	32	33	34	35	41	321	#
1474	1062246	5	8	9	10	11	14	16	17	19	20	21	26	27	28	29	32	33	34	35	321	#
1475	522449	2	3	4	5	10	11	15	16	17	322	#
1476	630431	3	4	5	9	10	11	16	34	35	322	#
1477	615363	2	3	4	5	7	10	11	14	16	322	#
1478	563536	15	20	21	22	26	27	33	34	40	322	#
1479	558369	2	3	4	7	8	9	14	15	24	322	#
1480	558243	3	4	9	10	11	16	22	28	29	322	#
1481	745727	2	3	4	5	8	9	10	11	14	15	16	17	20	21	23	323	#
1482	1013004	9	15	16	17	20	21	22	23	26	28	29	32	33	34	35	323	#
1483	955911	0	1	2	3	4	5	7	8	9	10	13	15	16	21	26	323	#
1484	928881	2	7	8	9	12	13	21	23	27	28	29	32	33	34	35	323	#
1485	924766	15	16	19	20	21	22	23	25	26	27	28	29	33	34	35	323	#
1486	881838	2	3	4	7	8	9	10	13	14	15	16	17	20	21	26	323	#
1487	438295	0	1	2	3	7	13	14	15	20	324	#
1488	585041	13	14	15	22	27	28	29	33	34	324	#
1489	502363	2	7	8	9	10	13	14	15	16	324	#
1490	489415	2	7	12	13	14	15	19	20	25	324	#
1491	479992	3	8	9	12	13	14	15	18	19	324	#
1492	478984	2	3	4	5	9	10	11	15	37	324	#
1493	191961	16	22	325	#
1494	185735	15	22	325	#
1495	133869	10	16	325	#
1496	487416	2	3	4	5	7	10	11	17	326	#
1497	524336	4	10	11	15	16	17	21	22	326	#
1498	513804	2	3	4	5	10	11	16	17	326	#
1499	512641	2	6	7	8	13	14	15	19	326	#
1500	486890	2	3	4	7	11	14	16	17	326	#
1501	452240	3	4	5	10	11	15	16	17	326	#
1502	615158	21	26	27	28	29	31	32	33	34	327	#
1503	783712	15	21	27	28	29	32	33	34	35	327	#
1504	723579	15	21	23	27	28	29	33	34	35	327	#
1505	705284	21	27	28	29	31	32	33	34	35	327	#
1506	669489	15	16	21	24	25	26	27	31	32	327	#
1507	657607	23	26	27	28	29	33	34	35	42	327	#
1508	300728	18	24	25	31	32	328	#
1509	440824	28	29	31	32	33	328	#
1510	414555	24	27	31	32	33	328	#
1511	347594	27	28	31	32	33	328	#
1512	343395	12	13	19	24	25	328	#
1513	247866	6	12	13	18	24	328	#
1514	412653	9	15	20	21	22	29	34	35	329	#
1515	468792	2	3	8	9	15	19	21	22	329	#
1516	456158	16	17	22	23	28	33	34	35	329	#
1517	436181	21	26	27	28	32	33	34	35	329	#
1518	408494	19	20	21	25	26	29	34	35	329	#
1519	405382	1	2	3	4	6	7	8	9	329	#
1520	194164	15	21	27	33	330	#
1521	275163	26	32	33	34	330	#
1522	232892	15	20	21	26	330	#
1523	228018	8	14	15	21	330	#
1524	177187	20	21	26	27	330	#
1525	134006	6	7	8	14	20	331	#
1526	193160	8	14	15	20	21	331	#
1527	166332	2	7	8	13	14	331	#
1528	906073	15	16	21	22	23	26	27	28	29	32	33	34	365	#
1529	139255	33	34	#
1530	139129	9	14	15	23	333	#
1531	179573	17	23	29	35	333	#
1532	434468	10	11	16	17	23	29	33	34	35	334	#
1533	647528	11	20	21	26	27	32	33	34	35	334	#
1534	615180	4	5	10	13	14	15	16	17	20	334	#
1535	588697	4	5	9	10	11	14	15	16	21	334	#
1536	586285	20	21	27	28	31	32	33	34	35	334	#
1537	502049	4	5	9	10	11	14	15	16	17	334	#
1538	1123623	2	3	4	6	7	8	9	10	11	12	13	14	15	16	17	20	21	22	23	25	26	27	28	29	30	31	32	33	34	35	335	#
1539	1465740	0	1	2	3	6	7	8	9	10	12	13	14	15	16	18	19	20	21	24	25	26	27	28	29	31	32	33	34	36	44	335	#
1540	1431463	0	1	2	3	4	6	7	8	9	10	12	13	14	15	16	18	20	21	24	25	26	27	28	29	31	32	33	34	35	38	335	#
1541	1420466	0	1	2	3	6	7	8	9	10	12	13	14	15	16	18	19	21	22	24	25	26	27	28	29	30	31	32	33	34	35	335	#
1542	1402118	0	1	2	3	6	7	8	9	10	12	13	14	15	16	18	19	21	22	24	25	26	27	28	30	31	32	33	34	35	36	335	#
1543	1385714	0	1	2	3	6	7	8	9	12	13	14	15	16	18	19	20	21	22	24	25	26	27	28	29	30	31	32	33	34	35	335	#
1544	1285598	4	9	10	11	13	14	15	16	17	20	21	22	25	26	28	29	32	33	34	37	336	#
1545	1384298	2	3	4	5	7	8	9	10	11	13	14	15	19	20	21	22	25	26	27	33	336	#
1546	1382673	2	3	4	5	7	8	9	10	11	12	13	14	15	16	19	20	21	22	25	26	336	#
1547	1315140	2	3	4	5	7	8	9	10	11	12	13	14	15	16	17	19	20	22	25	26	336	#
1548	1313254	2	3	4	5	7	8	9	10	11	12	13	14	15	16	17	18	19	20	22	26	336	#
1549	1312772	2	3	4	5	6	7	8	9	10	11	12	13	14	15	19	20	21	25	26	42	336	#
1550	546817	1	2	3	6	7	8	12	13	18	20	24	25	26	32	337	#
1551	803377	1	2	3	4	5	8	9	10	11	16	17	22	34	35	337	#
1552	702299	18	19	20	21	24	25	26	27	30	31	32	33	34	35	337	#
1553	699787	1	2	4	6	7	8	9	10	11	13	16	17	18	22	337	#
1554	679872	12	18	21	24	25	26	27	29	30	31	32	33	34	35	337	#
1555	677518	17	19	20	21	22	26	27	28	29	31	32	33	34	35	337	#
1556	735696	0	1	2	3	4	6	7	8	9	10	11	12	13	14	15	16	20	22	338	#
1557	990581	3	8	9	10	11	14	15	19	20	21	22	26	28	29	32	33	34	35	338	#
1558	903435	0	2	3	6	7	9	12	13	14	15	19	20	24	25	26	30	32	33	338	#
1559	883583	0	1	2	3	6	7	9	10	12	14	15	16	20	22	26	32	40	43	338	#
1560	856480	2	3	4	5	7	8	9	10	11	14	15	19	20	21	26	32	39	41	338	#
1561	841835	2	3	4	7	8	9	10	11	14	15	19	20	21	22	23	26	28	29	338	#
1562	541029	20	21	22	25	26	28	29	32	33	34	339	#
1563	702356	9	15	21	22	26	28	29	32	33	34	339	#
1564	627561	13	14	15	19	20	21	24	25	26	32	339	#
1565	573237	3	4	9	10	15	20	21	26	31	32	339	#
1566	559345	19	21	24	25	26	27	28	32	33	34	339	#
1567	531829	14	15	19	20	21	25	26	28	32	33	339	#
1568	486092	10	15	16	22	28	33	340	#
1569	499404	8	9	10	15	16	22	340	#
1570	495442	15	16	17	20	21	22	340	#
1571	446716	10	11	15	16	17	23	340	#
1572	395167	3	8	14	15	16	22	340	#
1573	362466	16	17	23	28	29	33	340	#
1574	13364	18	#
1575	1308451	1	2	3	4	5	6	7	8	9	10	11	12	14	15	16	17	20	21	22	23	25	26	27	28	29	32	33	34	35	38	341	#
1576	1491032	1	2	3	4	5	7	8	9	10	11	13	14	15	16	17	19	20	21	22	23	24	25	26	27	28	29	32	33	34	35	341	#
1577	1486025	0	1	2	3	4	5	7	8	9	10	13	14	15	16	18	20	21	22	23	24	25	26	27	28	29	30	32	33	34	35	341	#
1578	1464582	0	1	2	3	4	5	6	7	8	9	10	11	13	14	15	16	17	19	20	21	22	23	25	26	27	28	29	32	33	35	341	#
1579	1457040	0	1	2	3	4	5	7	8	9	10	11	13	14	15	16	17	20	21	22	23	25	26	27	28	29	32	33	34	35	40	341	#
1580	1452615	0	1	2	3	4	5	6	7	8	9	10	11	13	14	15	16	19	20	21	22	23	24	25	26	27	28	29	30	32	33	341	#
1581	205318	24	26	342	#
1582	147841	10	26	342	#
1583	147722	24	30	342	#
1584	411111	9	10	15	16	22	343	#
1585	397639	4	10	11	15	16	343	#
1586	393529	5	9	10	11	15	343	#
1587	350899	2	3	7	9	10	343	#
1588	252728	3	4	8	9	12	343	#
1589	1019244	9	15	16	21	22	24	25	26	27	28	30	33	34	35	344	#
1590	1049816	7	9	14	15	19	20	21	25	26	27	32	33	34	35	344	#
1591	1030776	9	12	15	16	18	19	21	24	25	26	27	30	31	33	344	#
1592	1025003	7	9	13	14	15	19	20	21	22	23	25	26	27	44	344	#
1593	970262	7	9	14	15	16	21	22	27	28	29	33	34	35	42	344	#
1594	968662	15	16	19	20	21	22	26	27	28	29	33	34	35	43	344	#
1595	497315	15	16	21	23	26	27	28	29	345	#
1596	607344	15	19	20	21	26	27	28	29	345	#
1597	606926	10	14	15	16	17	21	26	32	345	#
1598	544554	9	15	16	17	19	20	21	34	345	#
1599	498549	16	17	23	26	28	29	32	33	345	#
1600	475239	15	16	20	21	22	26	27	28	345	#
1601	183224	15	22	346	#
1602	185655	15	21	346	#
1603	523392	0	1	6	7	12	13	17	18	19	24	25	347	#
1604	661051	2	3	6	7	9	12	13	14	18	24	25	347	#
1605	631847	6	7	12	13	14	15	18	20	21	22	26	347	#
1606	616836	2	6	7	8	12	13	14	18	20	24	25	347	#
1607	591554	0	1	2	3	6	7	8	9	12	13	15	347	#
1608	578239	3	4	5	9	10	11	14	15	16	17	23	347	#
1609	892223	0	1	2	7	8	9	13	14	15	19	20	21	25	26	348	#
1610	908523	2	7	8	13	14	19	20	21	24	25	26	30	32	33	348	#
1611	891941	2	4	7	8	9	10	13	14	15	16	20	21	22	26	348	#
1612	890412	1	2	7	8	9	12	13	14	15	16	19	20	21	22	348	#
1613	877265	2	7	8	13	14	15	19	20	21	25	26	30	31	32	348	#
1614	844709	1	2	6	7	8	9	10	13	14	15	16	20	21	22	348	#
1615	177949	6	12	18	24	349	#
1616	216859	12	18	24	26	349	#
1617	211171	12	13	14	20	349	#
1618	189532	12	18	24	25	349	#
1619	156796	36	39	350	#
1620	91380	12	36	350	#
1621	43075	39	40	350	#
1622	52708	6	#
1623	665718	1	2	7	8	13	14	15	19	20	21	25	26	27	351	#
1624	946134	13	14	15	16	19	21	22	27	28	32	33	34	40	351	#
1625	912199	13	14	15	16	19	20	21	22	25	26	27	32	33	351	#
1626	844648	8	9	13	14	15	16	19	20	21	22	25	26	27	351	#
1627	829322	7	8	9	13	14	15	16	19	21	22	25	26	27	351	#
1628	825131	9	14	15	16	19	20	21	22	25	26	27	32	39	351	#
1629	100651	14	20	#
1630	1661463	0	1	2	3	4	5	6	7	8	9	10	11	12	13	14	15	16	17	18	19	20	21	22	23	24	25	26	27	28	29	30	31	32	33	34	35	352	#
1631	1761199	0	1	2	3	4	5	6	7	8	9	10	11	12	13	14	15	16	17	18	19	20	21	22	23	24	26	27	28	29	30	31	32	33	34	35	36	352	#
1632	1750633	0	1	2	3	4	5	6	7	8	9	10	11	12	13	14	15	16	17	18	19	20	21	22	23	24	26	27	28	29	30	31	32	33	36	41	44	352	#
1633	1735615	0	1	2	3	4	5	6	7	8	9	10	11	12	13	14	15	16	17	18	19	20	21	22	23	24	25	27	28	29	30	31	32	33	34	35	42	352	#
1634	1733467	0	1	2	3	4	5	6	7	8	9	10	11	12	13	14	15	16	17	18	19	20	21	22	23	24	26	27	28	29	30	31	32	33	34	35	39	352	#
1635	1726077	0	1	2	3	4	5	6	7	8	9	10	11	12	13	14	15	16	17	18	19	20	21	22	23	24	25	26	27	28	29	30	31	32	33	35	36	352	#
1636	1895882	0	1	2	3	4	5	6	7	8	9	10	11	12	13	14	15	16	17	18	19	20	21	22	23	24	25	26	27	28	29	30	31	32	33	34	35	39	44	353	#
1637	1958454	0	1	2	3	4	5	6	7	8	9	10	11	12	13	14	15	16	17	18	19	20	21	22	23	24	25	26	27	28	29	30	31	32	33	34	35	36	38	353	#
1638	1957066	0	1	2	3	4	5	6	7	8	9	10	11	12	13	14	15	16	17	18	19	20	21	22	23	24	25	26	27	28	29	30	31	32	33	34	35	38	44	353	#
1639	1944912	0	1	2	3	4	5	6	7	8	9	10	11	12	13	14	15	16	17	18	19	20	21	22	23	24	25	26	27	28	29	30	31	32	33	34	35	36	42	353	#
1640	1943524	0	1	2	3	4	5	6	7	8	9	10	11	12	13	14	15	16	17	18	19	20	21	22	23	24	25	26	27	28	29	30	31	32	33	34	35	42	44	353	#
1641	1933316	0	1	2	3	4	5	6	7	8	9	10	11	12	13	14	15	16	17	18	19	20	21	22	23	24	25	26	27	28	29	30	31	32	33	34	35	38	39	353	#
1642	992498	4	5	9	10	11	15	16	17	22	23	27	28	29	31	32	33	34	35	354	#
1643	1281789	2	6	7	11	13	14	15	16	17	19	20	22	23	29	31	33	34	35	354	#
1644	1268660	2	4	5	7	8	10	11	13	14	15	16	17	19	20	23	25	26	29	354	#
1645	1222597	4	5	10	11	13	14	17	19	20	23	25	26	27	29	33	34	35	38	354	#
1646	1210593	4	5	7	9	10	11	13	14	15	16	17	19	20	21	22	23	26	29	354	#
1647	1185257	4	5	6	7	8	9	10	11	13	14	15	16	17	19	20	23	29	35	354	#
1648	1706232	0	1	2	3	4	5	6	7	8	9	10	11	12	13	14	15	16	17	18	19	20	21	22	23	24	25	26	27	28	29	30	31	32	33	34	35	355	#
1649	1803280	1	2	3	4	5	6	7	8	9	10	11	12	13	14	15	16	17	18	19	20	21	22	23	24	25	26	27	28	29	30	31	32	33	34	35	44	355	#
1650	1792485	1	2	3	4	5	6	7	8	9	10	11	12	13	14	15	16	17	18	19	20	21	22	23	24	25	26	27	28	29	30	31	32	33	34	35	37	355	#
1651	1766385	0	1	2	3	4	6	7	8	10	11	12	13	14	15	16	17	18	19	20	21	22	23	24	25	26	27	28	29	30	31	32	33	34	35	38	41	355	#
1652	1738032	0	1	2	3	4	5	6	7	8	9	10	11	12	13	14	15	16	17	18	19	20	21	22	23	24	25	26	27	28	29	31	32	33	34	35	37	355	#
1653	1734115	0	1	2	3	4	6	7	8	9	10	11	12	13	14	15	16	17	18	19	20	21	23	24	25	26	27	28	29	30	31	32	33	34	35	38	39	355	#
1654	1489017	0	1	2	3	4	5	6	7	8	9	10	11	12	13	14	15	16	17	18	20	21	22	23	24	26	27	28	29	30	32	33	35	356	#
1655	1673198	0	1	2	3	5	6	7	8	9	10	11	13	14	15	16	17	18	19	20	21	22	23	24	25	26	27	29	30	32	33	35	44	356	#
1656	1637171	1	2	3	4	6	7	8	9	10	12	13	14	15	16	17	18	19	20	21	22	23	24	25	26	27	28	29	30	32	33	35	42	356	#
1657	1635660	0	1	2	3	6	7	8	9	10	12	13	14	15	16	17	18	19	20	21	22	23	24	25	26	27	29	30	32	33	34	35	42	356	#
1658	1612331	0	1	2	3	6	7	8	9	10	12	13	14	15	16	17	18	19	20	21	22	23	24	25	26	27	28	29	30	32	33	35	42	356	#
1659	1609289	1	2	3	6	7	8	9	10	11	12	13	14	15	16	17	18	19	20	21	22	23	24	25	26	27	28	29	30	32	33	35	42	356	#
1660	683163	2	8	13	14	18	19	20	24	25	30	31	32	357	#
1661	911903	9	10	12	13	16	17	18	22	24	27	28	33	357	#
1662	901039	13	19	20	22	25	26	27	28	29	32	33	37	357	#
1663	884080	1	2	3	4	8	9	10	18	19	20	24	25	357	#
1664	875125	7	10	13	16	17	19	20	23	24	25	26	29	357	#
1665	818721	15	18	19	20	21	22	24	25	26	27	28	33	357	#
1666	185505	24	25	30	31	358	#
1667	215933	18	24	30	31	358	#
1668	313209	23	27	28	29	34	359	#
1669	422484	15	16	21	26	27	359	#
1670	396957	28	32	33	34	42	359	#
1671	353998	26	27	28	29	34	359	#
1672	290600	27	28	33	34	35	359	#
1673	261515	10	11	16	17	23	359	#
1674	217962	30	31	32	360	#
1675	322623	21	26	32	360	#
1676	262487	26	31	32	360	#
1677	500258	1	2	3	7	8	9	13	14	361	#
1678	603292	3	4	5	10	21	27	32	33	361	#
1679	525455	0	1	2	3	7	8	9	13	361	#
1680	518465	7	12	13	18	19	24	25	30	361	#
1681	487279	2	3	4	7	8	9	23	38	361	#
1682	425799	3	4	5	8	9	10	11	17	361	#
1683	570230	2	3	7	12	13	14	19	20	26	38	362	#
1684	699066	19	20	26	27	28	29	32	33	34	35	362	#
1685	613205	3	7	8	9	14	15	20	22	26	32	362	#
1686	602332	13	14	19	20	21	26	27	28	29	32	362	#
1687	589260	9	10	12	13	14	15	19	20	21	26	362	#
1688	575390	7	8	9	13	14	15	19	20	22	28	362	#
1689	645244	3	4	5	10	11	16	17	22	28	363	#
1690	752305	2	3	4	9	10	11	15	16	22	363	#
1691	723207	2	3	4	5	8	10	11	16	22	363	#
1692	623657	3	4	5	10	11	16	17	22	23	363	#
1693	623637	16	22	26	27	28	29	33	34	35	363	#
1694	610607	4	10	11	15	16	17	22	23	28	363	#
1695	177074	34	35	#
1696	725179	14	15	16	17	21	22	23	27	28	29	33	34	365	#
1697	965896	15	16	21	22	26	27	28	29	32	33	34	35	365	#
1698	955948	10	15	16	21	22	26	27	28	29	32	33	34	365	#
1699	937976	8	9	10	14	15	16	21	22	26	28	29	32	365	#
1700	926267	15	16	17	21	22	23	28	29	32	33	34	40	365	#
1701	119540	4	10	366	#
1702	159931	4	5	366	#
1703	26214	10	11	366	#
1704	383320	15	16	22	28	34	35	367	#
1705	365024	23	28	29	33	34	35	367	#
1706	350213	22	28	29	33	34	35	367	#
1707	345904	3	8	9	14	15	21	367	#
1708	300829	22	26	27	28	34	35	367	#
1709	299879	10	11	14	15	16	22	367	#
1710	1632297	1	2	3	4	5	7	8	9	10	11	12	13	14	15	16	17	18	19	20	21	22	25	26	27	28	29	31	32	33	34	35	40	42	368	#
1711	1776218	2	3	4	5	7	8	9	10	11	12	13	14	15	16	17	18	19	21	22	24	25	26	27	28	29	30	31	32	33	34	35	37	42	368	#
1712	1741668	2	3	4	5	7	8	9	10	11	12	13	14	15	16	17	18	19	20	21	22	24	25	26	27	28	29	30	31	32	33	34	35	36	368	#
1713	1739763	2	3	5	7	8	9	10	11	12	13	14	15	16	17	18	19	20	21	22	24	25	26	27	28	29	30	31	32	33	34	35	39	42	368	#
1714	1734276	2	3	4	5	7	8	9	10	11	12	13	14	15	16	17	18	19	20	21	22	24	25	26	27	28	29	30	31	32	33	34	35	44	368	#
1715	1721864	0	1	2	3	4	5	7	9	10	11	12	13	14	15	16	17	18	19	20	21	22	23	24	25	26	27	28	29	31	32	33	34	35	368	#
1716	476211	0	1	6	12	13	19	22	23	25	27	28	29	369	#
1717	650553	2	3	6	7	8	12	13	14	15	18	21	24	369	#
1718	629561	0	2	3	6	7	12	16	17	18	24	25	30	369	#
1719	619298	4	11	17	23	28	29	30	31	32	33	34	35	369	#
1720	618418	0	1	6	12	13	14	18	19	20	24	25	41	369	#
1721	610203	0	2	3	6	7	8	10	12	14	15	18	20	369	#
1722	1951388	0	1	2	3	4	5	6	7	9	10	11	12	13	14	15	16	18	19	20	21	22	23	24	25	26	27	28	29	30	31	32	33	34	35	42	370	#
1723	1966195	0	1	2	3	4	5	6	7	9	10	11	13	14	15	16	17	18	19	20	21	22	23	24	25	26	27	28	29	31	32	33	34	35	36	39	370	#
1724	1947106	0	1	2	3	4	5	6	7	8	9	10	11	12	13	14	15	16	18	19	20	21	22	23	24	25	26	27	28	29	31	32	33	34	35	36	370	#
1725	1929989	0	1	2	3	4	5	6	7	8	9	10	11	12	13	14	15	16	18	20	21	22	23	24	25	26	27	28	29	31	32	33	34	35	38	42	370	#
1726	1928707	0	1	2	3	4	5	6	7	8	9	10	11	13	14	15	16	17	18	19	20	21	22	23	24	25	26	27	28	29	31	32	33	34	35	44	370	#
1727	1919049	0	1	2	3	4	5	6	7	8	9	10	11	12	13	14	15	16	18	19	20	21	22	23	24	25	26	27	28	29	31	32	33	34	35	38	370	#
1728	173018	15	22	371	#
1729	157559	15	16	371	#
1730	132830	22	28	371	#
1731	418853	15	16	17	22	28	34	372	#
1732	464977	16	22	27	28	33	34	372	#
1733	436643	21	27	33	34	35	37	372	#
1734	429490	16	22	27	28	29	33	372	#
1735	421559	27	28	31	32	33	34	372	#
1736	419958	15	16	22	27	28	33	372	#
1737	156993	3	4	8	9	373	#
1738	224448	9	15	21	27	373	#
1739	212031	4	11	16	17	373	#
1740	154798	2	3	8	14	373	#
1741	130887	3	4	10	11	373	#
1742	321501	3	4	8	9	10	11	374	#
1743	381042	2	3	4	8	9	10	374	#
1744	378778	2	3	7	8	9	13	374	#
1745	363623	2	3	8	9	13	14	374	#
1746	315965	3	4	8	9	10	15	374	#
1747	251822	4	10	11	15	16	17	374	#
1748	394696	19	20	25	26	30	32	375	#
1749	484057	14	20	21	26	32	33	375	#
1750	479557	4	19	20	26	32	33	375	#
1751	453904	15	21	26	27	32	33	375	#
1752	386015	14	19	20	25	26	32	375	#
1753	354357	14	15	20	21	25	26	375	#
1754	305292	14	15	20	21	25	26	27	376	#
1755	409868	19	20	25	26	27	28	29	376	#
1756	391528	9	15	16	17	21	22	23	376	#
1757	381005	14	19	20	25	26	27	28	376	#
1758	444988	17	23	26	27	29	33	34	35	377	#
1759	501181	4	26	27	28	29	33	34	35	377	#
1760	446377	5	10	11	16	17	23	29	35	377	#
1761	446362	23	26	27	28	29	33	34	35	377	#
1762	446155	20	26	27	29	33	34	35	41	377	#
1763	388030	22	23	27	28	29	33	34	35	377	#
1764	282535	5	10	11	16	17	22	23	378	#
1765	407797	10	11	16	17	23	29	32	378	#
1766	357959	3	4	9	11	16	17	23	378	#
1767	357086	4	9	10	11	15	16	22	378	#
1768	330116	5	11	15	16	17	22	23	378	#
1769	301624	10	11	15	16	17	21	23	378	#
1770	427176	21	26	27	28	29	32	33	34	35	379	#
1771	547634	16	21	22	27	28	33	34	35	36	379	#
1772	515091	16	17	21	22	27	28	29	33	35	379	#
1773	497226	16	21	22	27	28	29	33	34	35	379	#
1774	436992	16	22	23	27	28	29	33	34	35	379	#
1775	412269	16	21	22	25	26	27	28	29	33	379	#
1776	406383	20	21	26	27	28	32	33	34	42	380	#
1777	501310	11	16	17	22	28	33	34	35	36	380	#
1778	496833	4	11	26	27	28	32	33	34	35	380	#
1779	458123	21	22	26	27	28	29	33	34	35	380	#
1780	441147	19	20	21	22	26	27	28	33	34	380	#
1781	428670	19	20	22	26	27	28	32	33	34	380	#
1782	978659	0	1	2	6	7	8	11	12	13	14	15	17	18	19	20	21	22	24	25	26	30	31	381	#
1783	1334022	1	2	7	8	12	13	14	15	18	19	20	21	24	25	26	27	28	29	30	33	34	35	381	#
1784	1287461	1	2	6	7	9	12	13	14	15	18	19	20	21	24	25	26	27	28	29	30	33	34	381	#
1785	1285156	1	2	7	8	9	10	11	14	15	19	20	21	22	24	25	26	27	28	29	30	34	35	381	#
1786	1265470	7	8	12	13	14	15	16	18	19	20	21	22	24	25	26	27	28	29	30	33	34	35	381	#
1787	1205065	0	1	2	7	8	12	13	14	15	19	20	21	22	24	25	26	27	28	30	33	34	35	381	#
1788	1265126	0	1	2	3	6	7	8	9	13	15	16	21	22	25	26	32	382	#
1789	1208715	0	1	2	3	6	7	8	9	12	13	15	16	22	28	29	35	382	#
1790	1168177	0	1	2	3	4	6	7	8	9	13	15	16	21	22	27	28	382	#
1791	1163734	3	4	8	9	13	15	16	19	20	21	22	25	26	27	28	33	382	#
1792	1106836	0	1	2	3	4	6	7	8	9	11	12	13	14	15	16	21	382	#
1793	1093336	0	1	2	3	4	6	7	8	9	10	12	13	14	15	16	22	382	#
1794	517973	26	28	30	31	32	33	34	36	383	#
1795	657160	22	26	27	28	29	33	34	35	383	#
1796	656470	21	24	26	31	32	33	34	35	383	#
1797	544478	3	4	7	8	13	14	36	38	383	#
1798	521345	2	3	7	21	26	27	28	32	383	#
1799	511458	25	26	27	28	29	32	33	34	383	#
