%% File generated by CATS v.2.1Mon Aug 19 18:51:25 2019

%% The CATS webpage is http://robotics.stanford.edu/CATS

%% PARAMETER SETTINGS:
% Goods: 30; Bids: 600; Distribution: regions-upv; Runs: 10; Seed: 1566246979
% Regions Distribution Parameters:
% Max Substitutable Bids = 5
% Removing HV Neighbor   = 0.1
% Adding DIAG Neighbor   = 0.2
% Additional Location    = 0.9
% Jump Probability       = 0.05
% Additivity             = 0.2
% Budget Factor          = 1.5
% Resale Factor          = 0.5
% Uniform Private Value:
%   Deviation            = 0.5
%   Max Good Value       = 100



goods 30
bids 601
dummy 112

0	906599	1	2	5	6	7	10	11	12	15	16	17	18	20	21	30	#
1	1008312	6	7	11	12	15	16	17	18	19	20	21	22	23	24	30	#
2	999213	1	2	5	6	7	10	11	15	16	17	18	20	21	22	30	#
3	999091	1	2	6	7	11	12	13	15	16	17	18	19	20	22	30	#
4	994087	1	7	11	12	14	16	17	18	19	21	22	23	24	28	30	#
5	989114	1	2	5	6	7	11	12	17	18	19	22	23	24	29	30	#
6	614595	1	6	7	12	13	14	18	19	21	22	23	24	31	#
7	813816	12	13	14	16	17	18	19	20	21	22	23	24	31	#
8	811459	2	7	12	13	16	17	18	19	21	22	23	24	31	#
9	772424	12	13	14	16	17	18	19	21	22	23	24	29	31	#
10	767379	2	6	7	11	12	16	17	18	21	22	23	24	31	#
11	752398	8	12	13	14	16	17	18	19	21	22	23	24	31	#
12	577477	13	14	18	19	22	23	24	32	#
13	624863	16	18	19	21	22	23	24	32	#
14	553175	13	14	16	17	18	19	24	32	#
15	497818	14	17	18	19	22	23	24	32	#
16	460986	14	17	18	19	21	22	23	32	#
17	415878	15	16	17	18	21	22	23	32	#
18	1032303	0	1	2	6	7	8	11	13	14	16	17	18	19	21	22	23	24	33	#
19	1119847	0	1	2	3	4	7	8	11	14	16	17	18	19	21	22	23	24	33	#
20	1094358	0	1	2	3	4	7	8	11	13	14	16	17	18	19	22	23	24	33	#
21	1079862	0	1	2	3	7	8	11	15	16	17	18	20	21	22	23	24	29	33	#
22	1043822	0	1	2	5	7	10	11	14	15	16	17	18	19	21	22	23	24	33	#
23	1036400	0	1	2	5	6	7	8	10	11	12	16	17	18	21	22	23	24	33	#
24	863145	0	1	2	3	4	6	7	8	9	11	12	17	21	22	34	#
25	939764	0	1	2	3	4	6	7	8	11	14	19	22	23	24	34	#
26	897396	0	1	2	6	7	8	11	12	16	17	18	21	22	23	34	#
27	876451	1	2	3	4	7	8	9	11	12	13	14	17	19	22	34	#
28	867424	1	2	6	7	11	12	15	16	17	19	21	22	23	24	34	#
29	861423	0	1	2	3	4	6	7	8	9	11	12	17	22	23	34	#
30	805744	7	8	9	10	12	13	14	15	16	17	18	19	20	21	22	24	35	#
31	1013630	1	2	3	5	6	7	8	11	12	13	14	16	17	19	21	24	35	#
32	975013	0	1	2	3	6	7	8	9	11	12	13	14	16	17	19	24	35	#
33	950269	1	2	3	5	6	7	11	12	13	16	17	18	19	21	22	24	35	#
34	941223	2	3	5	6	7	8	9	11	12	13	14	16	17	19	21	22	35	#
35	934124	2	6	7	8	11	12	13	14	16	17	18	19	21	22	23	24	35	#
36	419780	17	18	19	21	22	23	24	28	36	#
37	416597	0	1	2	7	21	22	23	24	36	#
38	373095	7	11	16	18	21	22	23	24	36	#
39	370390	1	2	3	4	7	9	12	28	36	#
40	355351	14	16	18	19	21	22	23	24	36	#
41	323027	8	13	14	18	19	22	23	24	36	#
42	828583	1	6	7	11	12	13	16	17	18	19	23	37	#
43	970871	0	1	2	3	4	6	7	11	16	17	21	37	#
44	937049	0	1	2	3	4	6	7	8	11	13	16	37	#
45	916733	11	14	15	16	17	19	21	22	23	24	27	37	#
46	893354	7	11	13	14	16	17	18	19	21	22	23	37	#
47	882883	1	2	7	11	12	13	16	17	18	22	23	37	#
48	503413	1	5	6	7	10	11	12	16	38	#
49	598284	0	1	5	6	7	11	16	21	38	#
50	539861	11	15	16	17	18	19	21	23	38	#
51	536311	0	1	5	6	7	10	11	12	38	#
52	525683	1	5	6	10	11	15	20	29	38	#
53	514551	5	6	7	11	12	15	16	21	38	#
54	197597	2	7	23	39	#
55	244113	21	22	23	39	#
56	231730	2	7	8	39	#
57	159173	7	8	12	39	#
58	335801	0	1	4	6	11	26	40	#
59	363423	1	6	7	8	11	16	40	#
60	340587	0	1	2	6	7	11	40	#
61	336955	0	1	2	6	7	8	40	#
62	313483	1	5	6	7	11	16	40	#
63	220722	2	3	4	8	9	26	40	#
64	178494	17	18	23	41	#
65	254698	16	17	22	41	#
66	168581	13	17	18	41	#
67	492559	1	2	3	4	6	7	11	42	#
68	558452	2	3	4	7	11	12	16	42	#
69	557535	3	5	6	7	8	11	16	42	#
70	531914	1	2	3	6	7	11	16	42	#
71	476519	2	3	4	5	6	7	8	42	#
72	459760	7	11	12	15	16	17	18	42	#
73	130980	28	#
74	1275019	0	1	2	3	4	5	6	7	8	9	10	11	12	13	14	15	16	17	18	19	20	21	22	23	24	25	28	43	#
75	1380031	0	1	2	3	4	5	6	7	8	9	10	11	12	13	14	15	16	17	18	19	20	21	22	23	24	27	29	43	#
76	1367070	0	1	2	3	4	5	6	7	8	9	10	11	12	13	14	15	16	17	18	19	20	21	22	23	24	27	28	43	#
77	1362602	0	1	2	4	5	6	7	8	9	10	11	12	13	14	15	16	17	18	19	20	21	22	23	24	25	26	28	43	#
78	1342401	0	1	2	3	4	5	6	7	8	9	10	11	12	13	14	15	16	17	18	19	20	21	22	23	24	28	29	43	#
79	1337620	0	1	2	3	4	5	6	7	8	9	10	11	12	13	14	15	16	17	18	19	20	21	22	23	24	26	27	43	#
80	713995	1	2	6	7	8	9	11	12	16	17	18	22	44	#
81	840216	1	3	5	6	7	8	11	16	17	18	21	22	44	#
82	837451	0	1	6	7	8	9	11	16	17	18	21	22	44	#
83	819195	1	5	6	10	11	15	16	17	18	20	21	22	44	#
84	811456	6	7	8	10	11	15	16	17	18	20	21	22	44	#
85	791416	1	2	3	4	5	6	7	8	9	11	16	28	44	#
86	1107545	0	1	2	3	5	6	7	10	11	12	15	16	17	18	20	21	22	45	#
87	1233973	0	1	3	5	6	7	8	10	11	12	15	16	17	20	21	22	28	45	#
88	1231811	1	2	5	6	7	10	11	12	14	15	16	17	19	20	21	22	24	45	#
89	1231663	1	2	3	5	6	7	8	10	11	15	16	17	18	19	21	22	24	45	#
90	1229277	0	1	2	3	4	5	6	7	8	11	12	13	16	17	20	21	22	45	#
91	1216288	0	1	2	3	5	6	7	8	10	11	12	15	16	17	20	21	22	45	#
92	166822	10	15	20	26	46	#
93	246853	5	6	10	11	46	#
94	234322	2	3	7	26	46	#
95	228717	10	15	16	20	46	#
96	176059	5	10	15	20	46	#
97	289552	7	8	13	47	#
98	234704	3	8	13	47	#
99	219023	8	9	13	47	#
100	217327	1	7	11	47	#
101	723204	1	2	3	4	9	17	18	19	21	22	23	24	48	#
102	984315	2	6	7	8	11	16	17	18	21	22	23	24	48	#
103	913864	8	12	13	14	16	17	18	19	21	22	23	24	48	#
104	906536	7	8	12	13	14	16	17	18	21	22	23	24	48	#
105	878080	6	11	12	13	14	16	17	18	21	22	23	24	48	#
106	852286	6	7	8	12	13	14	17	18	21	22	23	24	48	#
107	1081073	1	2	3	4	5	6	7	8	9	10	11	12	13	14	15	17	18	19	21	22	23	24	49	#
108	1284391	0	1	2	3	5	6	8	10	11	12	13	14	15	16	17	18	19	20	21	22	23	24	49	#
109	1259029	0	1	2	3	4	5	6	7	8	10	11	13	14	15	16	18	19	20	21	23	24	28	49	#
110	1258664	0	1	2	3	4	5	6	8	10	11	13	14	15	16	17	18	19	20	21	22	23	24	49	#
111	1248441	0	1	2	5	6	8	9	10	11	12	13	14	15	16	17	18	19	20	21	22	23	24	49	#
112	1243401	0	1	2	3	5	6	8	9	11	12	13	14	15	16	17	18	19	20	21	22	23	24	49	#
113	78505	26	#
114	392631	7	8	9	11	12	17	50	#
115	411829	4	8	9	12	13	18	50	#
116	406204	1	2	6	7	11	12	50	#
117	391504	1	6	7	11	12	13	50	#
118	389940	7	12	16	17	22	25	50	#
119	359295	3	7	8	9	12	13	50	#
120	570098	0	1	2	3	4	5	6	7	11	15	16	51	#
121	719787	13	15	16	17	18	19	21	22	23	24	29	51	#
122	681405	10	13	15	16	17	18	19	21	22	23	24	51	#
123	667218	6	11	12	14	15	16	17	18	19	23	24	51	#
124	595338	1	2	3	6	7	8	9	11	13	15	16	51	#
125	580421	1	2	3	5	6	10	11	15	16	17	22	51	#
126	577975	5	10	12	13	15	16	17	18	19	20	22	52	#
127	699571	3	8	12	13	14	15	16	17	18	19	20	52	#
128	688936	0	1	2	5	6	10	11	15	16	20	21	52	#
129	679106	3	4	8	9	12	13	14	18	19	23	29	52	#
130	670006	1	5	6	8	11	12	13	15	16	17	22	52	#
131	602942	3	8	9	12	13	14	17	18	19	23	24	52	#
132	1023669	1	4	5	7	8	9	10	11	13	14	15	16	17	18	19	21	22	23	24	26	53	#
133	1135770	1	2	5	7	8	9	10	11	12	13	14	15	16	17	19	20	21	22	23	24	53	#
134	1114564	1	5	7	8	9	10	12	13	14	15	16	17	18	19	20	21	22	23	24	27	53	#
135	1110213	0	1	5	7	8	9	10	11	13	14	15	16	17	18	19	20	21	22	23	24	53	#
136	1104805	1	2	3	5	7	8	10	11	12	13	14	15	16	17	19	20	21	22	23	24	53	#
137	1045794	1	2	3	7	8	10	11	12	13	14	15	16	17	18	19	20	21	22	23	24	53	#
138	298976	5	10	15	16	17	18	20	54	#
139	421113	12	13	17	18	19	21	22	54	#
140	337909	12	13	15	16	17	18	20	54	#
141	335595	12	13	14	17	18	19	22	54	#
142	319159	5	10	11	15	16	17	20	54	#
143	294012	5	10	15	16	17	21	22	54	#
144	200495	23	24	55	#
145	152286	18	23	55	#
146	561470	5	7	10	11	15	16	20	21	56	#
147	575524	1	2	6	7	11	15	16	21	56	#
148	563052	6	7	10	11	15	16	20	21	56	#
149	534423	1	5	6	7	11	12	16	21	56	#
150	515152	6	10	11	15	16	20	21	22	56	#
151	514843	5	6	10	11	15	16	20	21	56	#
152	375068	1	2	3	7	8	21	57	#
153	442395	1	2	7	8	11	12	57	#
154	436156	3	8	12	13	18	19	57	#
155	417499	0	1	2	3	8	13	57	#
156	414967	16	18	19	21	22	23	57	#
157	392346	3	8	12	13	14	18	57	#
158	50441	14	#
159	322868	10	11	15	16	21	58	#
160	369838	16	17	18	21	23	58	#
161	339062	15	16	21	22	23	58	#
162	328908	11	12	15	16	17	58	#
163	253828	5	6	7	11	22	58	#
164	240781	10	15	16	17	21	58	#
165	1231230	1	2	7	8	11	12	13	14	15	16	17	18	19	20	21	22	23	24	59	#
166	1158094	2	6	7	8	11	12	13	14	15	16	17	18	19	20	21	22	23	24	59	#
167	1149452	1	2	6	7	8	11	12	13	15	16	17	18	19	20	21	22	23	24	59	#
168	1119232	1	2	8	9	10	12	13	14	15	16	17	18	19	20	21	22	23	24	59	#
169	1103112	1	2	5	6	7	8	11	12	13	14	16	17	18	19	21	22	23	24	59	#
170	1093057	1	2	6	10	11	12	13	14	15	16	17	18	19	20	21	22	23	24	59	#
171	309330	14	19	23	27	60	#
172	269895	3	4	8	27	60	#
173	263740	14	18	19	24	60	#
174	221815	14	18	19	23	60	#
175	263280	3	8	9	13	18	19	61	#
176	354330	8	12	13	17	18	23	61	#
177	347187	12	13	17	18	22	23	61	#
178	326826	3	8	9	13	15	20	61	#
179	231741	3	8	9	12	13	17	61	#
180	175786	3	4	7	8	9	13	61	#
181	478702	0	1	2	3	5	6	7	11	12	62	#
182	612184	0	1	3	4	5	6	7	8	11	62	#
183	602178	12	13	14	17	18	19	22	23	24	62	#
184	566258	0	1	2	3	6	7	8	11	16	62	#
185	511721	1	2	6	7	8	9	11	15	16	62	#
186	507583	0	1	2	5	6	7	11	15	16	62	#
187	357472	14	19	23	24	63	#
188	341212	19	22	23	24	63	#
189	303299	14	19	22	23	63	#
190	294554	17	21	22	23	63	#
191	1021216	2	3	4	5	6	7	8	9	11	12	13	16	17	21	25	64	#
192	1249901	2	7	8	11	12	13	14	16	17	18	19	21	22	23	25	64	#
193	1192045	1	7	8	11	12	13	14	16	17	18	19	21	22	23	24	64	#
194	1134478	6	7	8	11	12	13	15	16	17	18	20	21	22	23	24	64	#
195	1104972	2	3	4	7	8	9	11	12	13	14	16	17	18	19	23	64	#
196	1093304	2	5	6	7	8	12	13	14	16	17	18	19	22	23	24	64	#
197	632958	11	12	16	17	21	22	23	65	#
198	657300	6	7	11	16	17	21	22	65	#
199	639773	11	15	16	17	20	21	22	65	#
200	559495	1	6	7	11	12	16	17	65	#
201	554686	6	11	12	15	16	17	20	65	#
202	547994	16	17	18	19	22	23	24	65	#
203	518311	4	8	9	12	13	14	28	66	#
204	664920	7	8	11	16	17	22	28	66	#
205	567694	2	3	4	7	8	9	11	66	#
206	550296	1	2	3	4	7	8	9	66	#
207	545615	3	4	7	8	9	11	20	66	#
208	446233	4	8	9	13	14	18	19	66	#
209	60541	17	18	#
210	53969	1	#
211	364646	15	16	17	18	19	20	67	#
212	396308	13	14	17	18	19	24	67	#
213	336592	8	13	14	18	19	23	67	#
214	306241	1	5	6	11	15	16	67	#
215	267482	6	11	15	16	17	20	67	#
216	232235	5	6	7	10	15	20	67	#
217	324491	12	17	21	22	23	68	#
218	464535	2	7	8	11	12	68	#
219	341223	18	19	21	22	23	68	#
220	310460	14	18	19	22	23	68	#
221	302529	16	17	21	22	23	68	#
222	257202	12	17	18	19	23	68	#
223	1022367	0	1	2	3	4	5	6	7	8	9	10	11	12	13	14	15	17	19	20	22	23	24	69	#
224	1132255	0	1	2	3	4	5	6	7	8	10	11	12	13	14	15	16	17	19	20	21	23	24	69	#
225	1130346	1	2	3	4	5	7	8	9	10	11	12	13	14	15	16	17	19	21	22	23	24	27	69	#
226	1125349	1	2	3	4	5	6	7	8	9	11	12	13	14	15	16	17	19	20	21	22	23	24	69	#
227	1121469	0	1	2	3	4	5	6	7	8	9	10	11	12	13	14	15	16	19	20	21	23	24	69	#
228	1104895	1	2	3	4	5	6	7	8	9	11	12	13	14	15	16	17	19	21	22	23	24	28	69	#
229	1238070	0	1	2	3	4	5	6	7	8	9	10	11	12	13	14	15	16	17	18	19	20	21	22	23	24	70	#
230	1332187	0	1	2	3	4	5	6	7	8	10	11	12	13	14	15	16	17	18	19	20	21	22	23	24	29	70	#
231	1268643	0	1	2	3	4	5	6	7	8	9	10	11	12	13	14	15	16	17	18	19	22	23	24	27	29	70	#
232	1244085	1	2	3	4	5	6	7	8	9	10	11	12	13	14	15	16	17	18	19	20	21	22	23	24	28	70	#
233	1231882	0	1	2	3	4	5	6	7	8	9	10	11	12	13	14	15	16	17	18	19	21	22	23	24	29	70	#
234	1226344	1	2	3	4	5	6	7	8	9	10	11	12	13	14	15	16	17	18	19	20	21	22	23	24	29	70	#
235	626028	2	3	4	5	6	7	8	9	12	25	28	71	#
236	708193	7	11	12	13	17	18	19	22	23	24	28	71	#
237	689115	0	1	2	3	5	6	7	8	11	12	13	71	#
238	681067	0	1	2	3	6	7	8	12	13	16	17	71	#
239	678462	1	2	3	5	6	7	8	9	12	13	27	71	#
240	638193	2	3	4	5	6	7	8	11	12	13	25	71	#
241	221290	12	13	14	17	72	#
242	294127	12	15	16	17	72	#
243	248907	12	13	17	18	72	#
244	185115	12	13	14	18	72	#
245	177530	5	7	12	17	72	#
246	659303	7	10	11	12	15	16	17	22	28	73	#
247	768953	2	3	7	8	11	12	13	16	28	73	#
248	678160	10	11	12	13	15	16	17	22	23	73	#
249	668243	7	11	12	13	16	17	18	22	23	73	#
250	654797	2	6	7	11	12	15	16	21	22	73	#
251	644470	1	6	7	10	11	15	16	20	22	73	#
252	274291	15	16	17	21	22	74	#
253	404823	7	11	16	17	22	74	#
254	358414	11	15	16	17	22	74	#
255	349105	19	21	22	23	26	74	#
256	296288	15	16	17	20	22	74	#
257	50456	3	4	9	#
258	167459	19	29	75	#
259	185971	19	24	75	#
260	129937	29	#
261	259126	5	6	10	15	16	76	#
262	343896	5	10	15	16	17	76	#
263	267805	1	2	5	6	10	76	#
264	266272	1	5	6	7	20	76	#
265	349419	12	14	17	18	19	23	24	77	#
266	453982	17	18	19	21	22	23	24	77	#
267	384309	3	7	8	11	12	16	17	77	#
268	378342	12	14	17	18	19	24	28	77	#
269	339023	13	14	17	18	19	23	24	77	#
270	332179	13	14	18	19	22	23	24	77	#
271	255448	23	24	27	78	#
272	247174	19	23	24	78	#
273	180545	18	27	29	78	#
274	161107	18	19	23	78	#
275	330082	0	1	2	7	79	#
276	303384	1	2	3	8	79	#
277	301921	0	1	2	3	79	#
278	250946	1	2	3	7	79	#
279	221065	1	2	6	7	79	#
280	321243	2	3	4	9	13	14	18	19	23	80	#
281	377032	2	3	4	8	9	13	14	19	23	80	#
282	365692	0	1	2	3	4	6	7	8	9	80	#
283	353482	2	3	4	7	8	9	11	12	13	80	#
284	316780	12	13	14	17	18	19	21	22	23	80	#
285	275026	1	7	12	13	14	17	18	19	23	80	#
286	217450	3	8	13	22	81	#
287	246975	3	4	8	13	81	#
288	232649	7	8	10	13	81	#
289	167530	12	17	18	22	81	#
290	1480805	0	1	2	3	4	5	6	7	8	9	10	11	12	13	14	15	16	17	18	19	20	21	22	23	24	26	28	82	#
291	1575297	0	1	2	3	4	5	6	7	8	9	10	11	12	13	14	15	16	17	18	19	20	21	22	23	24	27	28	82	#
292	1574322	0	1	2	3	4	5	6	7	8	9	10	11	12	13	14	15	16	17	18	19	20	21	22	23	24	27	29	82	#
293	1524678	0	1	2	3	4	5	6	7	8	9	10	11	12	13	14	15	16	17	18	19	20	21	22	23	24	26	27	82	#
294	1510004	0	1	2	3	4	5	6	7	8	9	10	11	12	13	14	15	16	17	18	19	20	21	22	23	24	25	27	82	#
295	1479830	0	1	2	3	4	5	6	7	8	9	10	11	12	13	14	15	16	17	18	19	20	21	22	23	24	26	29	82	#
296	804752	1	3	6	7	8	11	12	13	15	16	17	18	21	22	23	83	#
297	1034662	1	2	7	8	11	12	13	15	16	17	18	20	21	22	23	83	#
298	1004713	1	5	7	10	11	12	13	15	16	17	18	20	21	22	23	83	#
299	1003922	1	7	11	12	13	15	16	17	18	19	20	21	22	23	24	83	#
300	1001642	1	2	7	8	9	11	12	13	15	16	17	18	20	21	22	83	#
301	961827	1	7	8	11	12	13	15	16	17	18	19	21	22	23	24	83	#
302	148846	1	2	3	84	#
303	149984	2	7	8	84	#
304	1488251	0	1	2	3	4	5	6	7	8	9	10	11	12	13	14	15	16	17	18	19	20	21	22	23	24	26	29	85	#
305	1551262	0	1	2	3	4	5	6	7	8	9	10	11	12	13	14	15	16	17	18	19	20	21	22	23	24	27	28	85	#
306	1543294	0	1	2	3	4	5	6	7	8	9	10	11	12	13	14	15	16	17	18	19	20	21	22	23	24	26	28	85	#
307	1532349	0	1	2	3	4	5	6	7	8	9	10	11	12	13	14	15	16	17	18	19	20	21	22	23	24	25	28	85	#
308	1521549	0	1	2	3	4	5	6	7	8	9	10	11	12	13	14	15	16	17	18	19	20	21	22	23	24	26	27	85	#
309	1517964	0	1	2	3	4	5	6	7	8	9	10	11	12	13	14	15	16	17	18	19	20	21	22	23	24	28	29	85	#
310	95362	7	#
311	457947	7	11	15	16	17	21	22	86	#
312	551805	0	1	2	5	6	7	8	86	#
313	504360	6	7	11	15	16	20	21	86	#
314	477829	8	12	13	16	17	18	22	86	#
315	459951	14	18	19	21	22	23	24	86	#
316	426972	5	10	11	15	16	17	20	86	#
317	85271	24	#
318	65462	25	#
319	821710	0	1	6	7	11	12	15	16	17	20	21	22	87	#
320	906965	7	11	12	13	16	17	18	19	21	22	23	24	87	#
321	905265	0	1	5	6	7	8	11	12	13	16	17	20	87	#
322	900392	11	12	15	16	17	18	19	20	21	22	23	24	87	#
323	851155	5	6	7	8	11	12	15	16	17	20	21	22	87	#
324	806566	0	1	2	6	7	8	9	11	12	13	16	17	87	#
325	138930	27	#
326	417753	1	5	6	7	8	10	15	88	#
327	520697	1	5	6	7	8	9	11	88	#
328	512516	0	1	5	6	7	8	26	88	#
329	484822	0	1	6	7	8	9	12	88	#
330	484434	0	1	5	6	7	11	12	88	#
331	298074	5	6	7	10	11	12	15	88	#
332	184317	12	13	17	22	89	#
333	243281	15	16	17	22	89	#
334	237500	7	8	13	14	89	#
335	210470	7	8	11	12	89	#
336	1483387	0	1	2	3	4	5	6	7	8	9	10	11	12	13	14	15	16	17	18	19	20	21	22	23	24	27	90	#
337	1627985	0	1	2	3	4	5	6	7	8	9	10	11	12	13	14	15	16	17	19	20	21	22	23	24	27	28	90	#
338	1526228	0	1	2	3	4	5	6	7	8	9	10	11	12	13	14	15	16	17	19	20	21	22	23	24	25	29	90	#
339	1483800	0	1	2	3	4	5	6	7	8	9	10	11	12	13	14	15	16	17	18	19	20	21	22	23	24	28	90	#
340	1483552	0	1	2	3	4	5	6	7	8	9	10	11	12	13	14	15	16	17	18	19	20	21	22	23	24	29	90	#
341	1448543	0	1	2	3	4	5	6	7	8	9	10	11	12	13	14	16	17	18	19	21	22	23	24	25	27	29	90	#
342	233192	3	4	7	8	9	91	#
343	271740	1	5	6	7	11	91	#
344	248028	2	7	8	9	12	91	#
345	214272	1	7	8	9	12	91	#
346	190282	3	4	8	9	13	91	#
347	83529	13	14	#
348	348587	2	3	4	6	7	8	9	11	12	93	#
349	518007	6	10	11	15	16	17	20	22	25	93	#
350	516737	3	4	8	9	16	19	21	22	23	93	#
351	515791	8	9	12	13	14	17	19	21	23	93	#
352	458814	1	2	3	4	6	7	8	13	21	93	#
353	400809	3	4	8	9	12	13	14	17	22	93	#
354	841796	5	6	10	11	12	13	14	15	16	17	18	19	22	23	24	94	#
355	911263	1	2	5	6	7	10	11	12	13	15	16	17	20	21	22	94	#
356	905329	1	3	7	8	10	11	12	13	15	16	17	18	19	22	28	94	#
357	904255	4	5	8	9	10	13	14	15	16	17	18	19	20	21	24	94	#
358	891768	1	5	6	7	10	11	12	13	15	16	17	18	20	21	22	94	#
359	889161	5	6	7	8	10	11	12	13	15	16	17	18	20	21	22	94	#
360	524096	0	1	7	11	12	17	18	23	24	95	#
361	623205	0	1	6	7	10	11	12	13	16	95	#
362	599967	0	1	2	6	7	11	15	16	25	95	#
363	584892	6	7	11	16	17	18	19	22	23	95	#
364	571818	6	7	11	12	13	14	17	22	23	95	#
365	564958	13	14	16	17	18	21	22	23	24	95	#
366	543750	3	7	8	9	11	13	16	18	96	#
367	551030	8	12	13	17	18	19	22	24	96	#
368	506812	1	2	3	6	7	8	11	16	96	#
369	470149	6	7	8	11	16	17	18	25	96	#
370	468453	7	11	12	15	16	17	18	22	96	#
371	393787	1	7	8	9	12	13	17	18	96	#
372	276627	18	19	24	97	#
373	188006	18	23	24	97	#
374	1009946	3	4	8	9	11	12	13	14	16	17	18	19	21	22	23	98	#
375	1119636	0	1	2	3	7	8	11	12	13	16	17	18	21	22	23	98	#
376	1104211	2	3	4	7	8	11	14	16	17	18	19	21	22	23	27	98	#
377	1102502	1	2	7	8	11	12	13	14	16	17	18	19	21	22	23	98	#
378	1066240	1	3	4	7	8	11	12	13	14	16	17	18	21	22	23	98	#
379	1066105	0	1	2	3	4	7	8	9	11	12	16	17	21	22	23	98	#
380	317086	19	21	22	23	99	#
381	396346	11	16	21	22	99	#
382	299903	19	22	23	24	99	#
383	283189	17	21	22	23	99	#
384	609448	0	1	2	3	4	6	7	9	11	12	16	100	#
385	820517	0	1	2	5	6	7	11	12	13	16	21	100	#
386	802348	0	1	2	6	7	11	12	13	14	16	21	100	#
387	800647	0	1	2	6	7	12	13	14	19	23	24	100	#
388	791915	0	1	2	6	7	8	11	12	13	15	16	100	#
389	790188	0	1	2	3	7	12	14	19	20	23	24	100	#
390	32939	23	#
391	290015	8	9	19	23	101	#
392	319791	13	14	19	24	101	#
393	312240	13	14	19	23	101	#
394	291262	4	8	9	13	101	#
395	270640	8	9	13	15	101	#
396	403872	13	14	18	19	22	23	24	102	#
397	585845	12	16	17	22	23	24	28	102	#
398	551574	11	16	18	21	22	23	24	102	#
399	494761	16	17	18	21	22	23	24	102	#
400	425105	6	12	17	21	22	23	24	102	#
401	310585	3	7	8	9	12	13	14	102	#
402	245663	11	16	103	#
403	180161	7	11	103	#
404	145234	15	16	103	#
405	332867	1	5	6	7	10	11	16	104	#
406	478196	11	13	15	16	17	18	21	104	#
407	464305	7	8	12	13	15	16	20	104	#
408	422810	1	2	6	11	12	15	16	104	#
409	396596	5	6	10	11	15	16	20	104	#
410	328388	0	1	2	3	5	6	11	104	#
411	249128	19	23	24	105	#
412	285592	19	22	23	105	#
413	227609	22	23	24	105	#
414	225203	18	19	24	105	#
415	1247236	0	1	2	3	4	5	6	7	8	9	10	11	12	13	14	15	16	17	18	19	20	21	22	23	24	25	29	106	#
416	1413696	0	1	2	3	4	5	6	7	8	9	10	11	12	13	14	15	16	17	18	19	20	21	22	23	24	27	28	106	#
417	1337783	0	1	2	3	4	5	6	7	8	9	10	11	12	13	14	15	16	17	18	19	20	21	22	23	24	27	29	106	#
418	1337077	0	1	2	3	4	5	6	7	8	9	10	11	12	13	14	15	16	17	18	19	20	21	22	23	24	28	29	106	#
419	1329071	0	1	2	3	4	5	6	7	8	9	10	11	12	13	14	15	16	17	18	19	20	21	22	23	24	26	27	106	#
420	1328365	0	1	2	3	4	5	6	7	8	9	10	11	12	13	14	15	16	17	18	19	20	21	22	23	24	26	28	106	#
421	629145	0	1	2	4	5	6	8	9	12	13	17	18	23	107	#
422	650458	1	3	4	5	6	7	8	9	11	12	16	17	18	107	#
423	637706	0	1	5	6	7	11	12	13	16	17	18	23	24	107	#
424	636373	1	3	4	5	6	7	8	9	12	13	17	18	19	107	#
425	600486	4	5	6	7	10	11	12	13	15	16	17	18	19	107	#
426	599426	1	3	4	5	6	7	8	9	10	11	12	17	18	107	#
427	168849	1	2	6	108	#
428	244450	1	2	7	108	#
429	198913	2	6	7	108	#
430	513945	6	11	15	16	17	20	22	23	109	#
431	628684	1	2	6	7	11	15	16	20	109	#
432	609944	2	4	5	6	7	11	16	21	109	#
433	590148	1	2	5	6	7	11	15	16	109	#
434	576389	2	5	6	7	11	16	17	22	109	#
435	551331	10	11	15	16	20	21	22	28	109	#
436	273450	13	14	17	18	19	23	110	#
437	397556	6	7	8	11	13	14	110	#
438	384554	13	14	19	21	22	23	110	#
439	360392	11	15	16	17	20	21	110	#
440	299439	13	14	18	19	23	24	110	#
441	246588	13	14	17	18	23	24	110	#
442	708576	0	1	2	3	5	6	7	10	15	21	22	111	#
443	746074	0	1	2	5	6	7	10	11	15	16	21	111	#
444	737987	0	1	2	3	4	5	6	7	11	12	22	111	#
445	732265	1	2	5	6	7	17	18	19	21	22	23	111	#
446	731872	11	13	14	16	17	18	19	21	22	23	24	111	#
447	700887	2	3	7	8	11	12	19	21	22	23	24	111	#
448	1453459	0	1	2	3	4	5	6	7	8	10	11	12	13	14	15	16	17	18	19	20	22	24	27	112	#
449	1458769	1	2	3	4	6	7	8	9	10	11	12	13	14	15	16	17	18	19	20	21	22	24	29	112	#
450	1451606	0	1	2	4	5	6	7	8	9	10	11	13	14	15	16	17	18	19	20	21	22	23	24	112	#
451	1436617	1	2	3	4	5	6	7	8	9	10	11	12	13	14	16	17	18	19	21	22	24	26	27	112	#
452	1426751	0	1	2	3	4	5	6	7	8	10	11	12	13	14	15	16	17	18	19	20	21	22	24	112	#
453	1422233	0	1	2	3	4	6	7	8	9	11	12	13	14	15	16	17	18	19	20	22	23	24	27	112	#
454	1458605	0	1	2	3	4	5	6	7	8	9	10	11	12	13	14	15	16	17	18	19	20	21	22	23	24	25	27	113	#
455	1512719	0	1	2	3	4	5	6	7	8	9	10	11	12	13	14	15	16	17	18	19	20	21	22	23	24	27	29	113	#
456	1511025	0	1	2	3	4	5	6	7	8	9	10	11	12	13	14	15	16	17	18	19	20	21	22	23	24	28	29	113	#
457	1495741	0	1	2	3	4	5	6	7	8	9	10	11	12	13	14	15	16	17	18	19	20	21	22	23	24	25	29	113	#
458	1492132	0	1	2	3	4	5	6	7	8	9	10	11	12	13	14	15	16	17	18	19	20	21	22	23	24	26	29	113	#
459	1473890	0	1	2	3	4	5	6	7	8	9	10	11	12	13	14	15	16	17	18	19	20	21	22	23	24	27	28	113	#
460	1317235	0	1	3	4	5	7	8	9	10	11	12	13	14	15	16	17	18	19	21	22	23	24	114	#
461	1470606	0	1	3	4	7	8	9	11	12	13	14	15	16	17	18	19	20	21	22	23	24	28	114	#
462	1454683	0	1	3	4	7	8	9	11	12	13	14	15	16	17	18	19	20	21	22	23	24	27	114	#
463	1406608	0	1	4	5	7	8	9	10	11	12	13	14	15	16	17	18	19	20	21	22	23	24	114	#
464	1389273	0	1	2	5	6	7	8	11	12	13	14	15	16	17	18	19	20	21	22	23	24	28	114	#
465	1381052	0	1	2	4	5	7	8	9	10	12	13	14	15	16	17	18	19	20	21	22	23	24	114	#
466	530335	7	10	12	15	16	17	20	21	22	117	#
467	1414872	0	1	2	3	4	5	6	7	8	9	10	11	12	13	14	15	16	17	18	19	20	21	22	23	24	28	115	#
468	1521334	0	1	2	3	5	6	7	8	9	10	11	12	13	14	15	16	17	18	19	20	21	22	23	24	28	29	115	#
469	1477996	0	1	2	3	5	6	7	8	9	10	11	12	13	14	15	16	17	18	19	20	21	22	23	24	25	28	115	#
470	1392841	0	1	2	3	4	5	6	7	8	9	10	11	12	13	14	15	16	17	18	19	20	21	22	23	24	29	115	#
471	1392476	0	1	2	3	4	5	6	7	8	9	10	11	12	13	14	15	16	17	18	19	20	21	22	23	24	27	115	#
472	1349503	0	1	2	3	4	5	6	7	8	9	10	11	12	13	14	15	16	17	18	19	20	21	22	23	24	25	115	#
473	891310	0	1	6	7	11	14	15	16	19	21	22	23	24	116	#
474	1007119	2	7	11	12	13	14	16	18	19	21	22	23	24	116	#
475	936736	10	13	14	15	16	18	19	20	21	22	23	24	28	116	#
476	926278	7	8	12	13	15	16	17	18	19	21	22	23	24	116	#
477	906439	8	11	13	14	15	16	17	18	19	21	22	23	24	116	#
478	875411	0	1	2	5	6	7	8	11	12	13	14	15	16	116	#
479	556212	2	6	7	8	11	12	16	17	21	117	#
480	701022	6	11	14	16	17	18	19	21	23	117	#
481	648641	10	11	14	15	16	18	19	21	23	117	#
482	597017	1	6	7	8	11	15	16	17	21	117	#
483	565790	1	5	6	7	11	16	17	18	21	117	#
484	236719	11	16	17	118	#
485	244267	7	11	14	118	#
486	166927	16	17	18	118	#
487	125800	10	15	16	118	#
488	143815	23	24	119	#
489	205029	19	24	119	#
490	523470	1	2	6	7	12	13	17	120	#
491	693562	1	2	6	7	8	11	16	120	#
492	641390	1	2	5	6	7	8	11	120	#
493	617283	0	1	2	6	7	11	16	120	#
494	615604	0	1	2	6	7	8	11	120	#
495	556997	2	6	7	11	12	13	17	120	#
496	136938	7	11	#
497	406536	11	15	16	20	121	#
498	367959	11	15	16	17	121	#
499	326106	11	15	16	21	121	#
500	313121	10	11	15	16	121	#
501	301073	10	15	16	20	121	#
502	652992	3	8	9	12	13	17	18	19	22	23	24	27	122	#
503	753024	0	1	2	3	5	6	7	11	13	18	19	24	122	#
504	717459	11	12	13	16	17	18	19	21	22	23	24	27	122	#
505	683375	2	3	8	9	12	13	17	18	19	22	23	24	122	#
506	679986	1	2	7	8	12	13	17	18	21	22	27	29	122	#
507	679370	1	2	3	8	9	12	13	14	17	18	19	24	122	#
508	1180791	0	1	2	3	5	6	8	9	10	12	13	14	15	17	18	19	23	24	27	123	#
509	1338360	0	1	2	3	5	6	8	10	11	12	13	14	16	17	18	19	21	23	24	123	#
510	1272013	0	1	2	5	6	7	8	10	11	12	13	15	16	18	19	20	21	23	28	123	#
511	1263013	0	4	5	6	8	9	10	11	12	13	14	16	17	18	19	21	22	23	24	123	#
512	1249511	0	1	2	3	4	5	6	8	9	11	12	13	14	16	17	18	19	23	24	123	#
513	1222227	1	3	5	6	7	8	10	11	12	13	15	16	17	18	19	20	21	23	27	123	#
514	447071	1	3	7	8	12	13	14	17	124	#
515	549977	1	6	7	8	11	12	13	14	124	#
516	521305	0	1	6	7	8	13	14	25	124	#
517	519356	3	8	9	12	13	14	19	23	124	#
518	482080	1	6	7	8	11	12	13	17	124	#
519	480049	8	9	13	14	17	18	19	23	124	#
520	288505	0	1	2	3	125	#
521	370225	1	2	7	8	125	#
522	363846	1	2	7	12	125	#
523	265079	2	3	7	8	125	#
524	228665	0	1	6	7	125	#
525	446452	14	18	19	22	23	24	126	#
526	496323	14	19	22	23	24	26	126	#
527	397320	17	18	19	22	23	24	126	#
528	333670	17	18	21	22	23	24	126	#
529	101478	0	#
530	150921	2	7	127	#
531	152013	1	2	127	#
532	143856	7	11	127	#
533	474467	12	13	14	18	19	21	22	23	24	25	128	#
534	640717	7	11	12	13	14	18	19	22	23	24	128	#
535	629203	0	1	14	16	18	19	21	22	23	24	128	#
536	586059	1	2	3	7	12	13	14	18	19	23	128	#
537	585948	11	14	15	16	17	18	19	22	23	24	128	#
538	583034	7	12	13	14	16	17	18	19	22	23	128	#
539	631391	1	6	7	11	12	13	14	15	16	17	20	21	22	23	26	129	#
540	881214	6	7	8	9	11	12	13	14	16	17	19	21	22	23	24	129	#
541	848997	0	1	5	6	7	8	9	10	12	13	14	17	19	22	24	129	#
542	829739	1	2	5	6	7	8	11	12	16	17	19	21	22	23	24	129	#
543	799680	6	7	8	9	11	12	13	14	15	16	17	19	20	21	22	129	#
544	776667	4	5	6	7	8	9	12	15	16	17	19	20	22	23	24	129	#
545	978813	0	1	2	3	4	6	7	8	9	11	12	13	15	16	17	18	19	20	21	22	23	24	130	#
546	1070856	0	1	2	3	4	5	6	7	8	9	10	11	13	15	16	17	18	19	20	21	22	24	130	#
547	1054707	0	1	2	3	4	5	6	8	9	10	11	13	15	16	17	18	19	20	21	22	23	24	130	#
548	1051707	0	2	3	4	5	6	7	8	9	10	11	13	15	16	17	18	19	20	21	22	23	24	130	#
549	1029162	0	1	2	3	4	5	6	7	8	9	10	11	12	13	16	17	18	19	20	21	22	23	130	#
550	1023631	0	1	2	3	4	5	6	7	8	9	10	11	13	15	16	17	18	19	20	21	22	23	130	#
551	147547	17	22	#
552	96992	22	#
553	262618	14	18	19	24	132	#
554	301158	13	16	17	18	132	#
555	273850	8	12	13	14	132	#
556	219856	14	19	23	24	132	#
557	194943	14	17	18	19	132	#
558	278463	7	8	12	133	#
559	193312	3	8	9	133	#
560	1090763	0	1	2	3	4	5	6	7	8	9	10	11	12	13	14	15	16	17	18	19	20	21	22	23	24	134	#
561	1337206	1	2	3	4	5	6	7	8	9	10	12	13	14	15	16	17	18	19	20	21	22	23	27	28	29	134	#
562	1220334	0	1	2	3	4	5	6	7	8	9	10	12	13	14	15	16	17	18	19	20	21	22	23	26	27	134	#
563	1207077	0	1	2	3	4	5	6	7	8	9	10	11	12	13	14	15	16	17	18	19	20	21	22	23	27	134	#
564	1201196	0	1	2	3	4	5	6	7	8	9	10	11	12	13	14	15	16	17	18	19	20	21	22	23	28	134	#
565	1121458	0	1	2	3	4	5	6	7	8	9	10	11	12	13	14	15	16	17	18	19	20	21	22	23	26	134	#
566	256117	1	6	7	11	135	#
567	382449	7	11	16	17	135	#
568	362582	2	7	11	29	135	#
569	302811	1	2	7	11	135	#
570	252625	6	7	8	11	135	#
571	422838	0	1	2	3	4	6	7	9	11	136	#
572	583292	0	1	2	5	6	11	16	17	27	136	#
573	570662	0	1	2	6	7	11	12	16	21	136	#
574	568180	1	2	6	7	11	12	13	16	21	136	#
575	564382	0	1	2	3	6	7	11	12	13	136	#
576	533196	1	2	3	6	7	8	11	24	29	136	#
577	113944	1	6	137	#
578	91651	6	7	137	#
579	1178003	0	1	2	3	4	5	6	7	8	9	10	11	12	13	14	15	16	17	18	19	20	21	22	23	24	29	138	#
580	1259618	0	1	2	3	4	5	6	7	8	10	11	12	13	14	15	16	17	18	19	20	21	22	23	24	27	29	138	#
581	1216552	0	1	2	3	4	5	6	7	8	9	10	11	12	13	14	15	16	17	18	19	21	22	23	24	27	29	138	#
582	1186753	0	1	2	3	4	5	6	7	8	9	10	11	12	13	14	15	16	17	18	19	21	22	23	24	28	29	138	#
583	1138774	0	1	2	3	4	5	6	7	8	9	10	11	12	13	14	15	16	17	18	19	20	21	22	23	24	27	138	#
584	1131331	0	1	2	3	4	5	6	7	8	9	10	11	12	13	14	15	16	17	18	19	21	22	23	24	26	28	138	#
585	824089	3	7	8	13	14	16	17	18	19	21	22	23	139	#
586	855181	6	7	8	11	13	14	17	18	19	22	23	24	139	#
587	851899	3	4	6	7	8	11	13	14	18	19	22	23	139	#
588	821416	3	7	8	13	14	17	18	19	21	22	23	24	139	#
589	811494	6	7	11	13	16	17	18	19	21	22	23	24	139	#
590	810483	3	4	6	7	8	11	13	14	18	19	23	24	139	#
591	211252	3	4	8	9	13	140	#
592	301209	3	4	7	8	11	140	#
593	249195	6	7	8	9	13	140	#
594	243838	8	13	14	17	18	140	#
595	1194564	0	1	2	3	4	5	6	7	9	10	11	12	13	14	15	17	18	19	20	23	24	26	29	141	#
596	1373367	0	1	2	5	6	7	10	11	12	13	14	15	16	17	18	19	20	21	22	23	24	27	29	141	#
597	1349301	1	2	3	4	5	6	7	8	9	10	11	12	13	14	15	17	18	19	20	21	22	24	27	141	#
598	1286190	1	2	3	4	5	6	7	8	9	10	11	12	13	14	15	16	17	18	19	20	22	24	29	141	#
599	1262267	1	2	3	4	5	6	7	8	9	10	11	12	13	14	15	16	17	19	20	22	23	26	29	141	#
600	1250143	0	1	2	3	4	5	6	7	8	9	10	11	12	13	15	16	17	19	20	21	22	23	24	141	#
