%% File generated by CATS v.2.1Mon Aug 19 18:19:23 2019

%% The CATS webpage is http://robotics.stanford.edu/CATS

%% PARAMETER SETTINGS:
% Goods: 15; Bids: 300; Distribution: regions-npv; Runs: 10; Seed: 1566241160
% Regions Distribution Parameters:
% Max Substitutable Bids = 5
% Removing HV Neighbor   = 0.1
% Adding DIAG Neighbor   = 0.2
% Additional Location    = 0.9
% Jump Probability       = 0.05
% Additivity             = 0.2
% Budget Factor          = 1.5
% Resale Factor          = 0.5
% Normal Private Value:
%   Mean                 = 0
%   Standard Deviation   = 30



goods 15
bids 303
dummy 63

0	400303	1	2	4	7	15	#
1	425372	1	4	5	7	15	#
2	388745	1	5	7	8	15	#
3	370240	1	4	7	8	15	#
4	350586	1	2	5	9	15	#
5	403754	4	5	6	7	8	16	#
6	373497	3	5	6	7	8	16	#
7	349449	1	3	4	6	7	16	#
8	330711	1	4	5	7	8	16	#
9	297916	3	5	6	7	17	#
10	394658	1	4	5	8	17	#
11	338172	0	3	4	6	17	#
12	320784	4	5	7	8	17	#
13	659444	0	1	2	3	4	5	6	7	8	9	10	11	14	18	#
14	712906	0	1	2	3	4	5	6	7	8	9	10	11	13	18	#
15	712045	0	1	2	3	4	5	6	7	8	9	11	12	13	18	#
16	701672	0	1	2	3	4	5	6	7	8	9	11	13	14	18	#
17	681453	0	1	2	3	4	5	6	7	8	10	11	12	13	18	#
18	670219	0	1	2	3	4	5	6	7	8	11	12	13	14	18	#
19	138438	11	#
20	108736	1	4	19	#
21	141309	1	5	19	#
22	113194	4	8	19	#
23	197810	0	3	4	20	#
24	224290	3	4	12	20	#
25	210027	4	5	7	20	#
26	381992	0	1	3	4	6	7	8	21	#
27	546856	1	2	3	4	6	7	8	21	#
28	508892	0	1	2	3	4	6	7	21	#
29	446684	0	1	2	3	4	7	8	21	#
30	160126	11	12	22	#
31	196336	11	14	22	#
32	105349	5	12	22	#
33	71509	13	#
34	320374	1	3	4	6	12	23	#
35	370594	1	2	5	7	8	23	#
36	356670	0	1	3	5	12	23	#
37	355974	0	1	3	5	6	23	#
38	278851	3	4	5	6	7	23	#
39	230381	3	4	6	7	8	23	#
40	258473	4	5	6	7	8	24	#
41	280304	1	2	3	4	5	24	#
42	251752	1	4	5	7	8	24	#
43	241799	0	1	4	5	8	24	#
44	229617	0	1	4	5	7	24	#
45	219678	3	4	5	6	7	24	#
46	246347	0	3	6	25	#
47	112041	0	3	4	25	#
48	306313	4	5	7	8	26	#
49	371361	1	4	5	8	26	#
50	347351	1	3	4	5	26	#
51	282303	3	4	5	7	26	#
52	446823	0	1	2	3	4	5	6	7	8	#
53	562500	0	1	2	3	4	5	6	7	8	11	27	#
54	521151	0	1	2	3	4	5	6	7	8	12	27	#
55	515107	0	1	2	3	4	5	7	8	12	13	27	#
56	510632	0	1	2	3	4	5	6	7	11	14	27	#
57	460570	0	1	2	3	4	5	6	7	8	9	27	#
58	90323	10	#
59	419180	0	1	2	3	4	5	6	10	14	29	#
60	535641	0	1	2	3	4	5	6	7	11	29	#
61	491279	1	2	4	5	6	7	8	10	12	29	#
62	557413	0	1	2	3	4	5	6	7	8	13	14	68	#
63	347173	0	1	3	4	5	6	7	8	9	29	#
64	344376	0	1	2	3	4	5	7	8	14	29	#
65	265980	0	1	2	3	5	30	#
66	369121	1	3	4	6	7	30	#
67	358367	1	4	5	7	8	30	#
68	289228	0	3	5	6	7	30	#
69	277214	0	1	2	5	11	30	#
70	232494	0	1	3	5	8	30	#
71	124453	9	#
72	585895	0	1	2	3	4	5	6	7	8	31	#
73	505698	0	1	3	4	5	6	7	8	12	31	#
74	50830	14	#
75	583484	0	1	2	3	4	5	6	7	8	32	#
76	659238	0	1	2	3	4	5	6	8	12	32	#
77	501798	0	1	3	4	5	6	7	8	12	32	#
78	602524	0	1	2	3	4	5	6	7	8	33	#
79	687933	1	2	3	4	5	6	7	8	11	33	#
80	574929	0	1	3	4	5	6	7	8	11	33	#
81	547099	0	1	2	3	4	5	7	8	10	33	#
82	305944	4	5	7	8	34	#
83	277030	1	4	7	8	34	#
84	264014	4	5	6	7	34	#
85	224583	0	3	4	35	#
86	142825	4	7	8	35	#
87	545449	0	1	2	3	4	5	6	7	8	12	36	#
88	594296	0	1	2	3	4	5	6	7	8	9	36	#
89	580052	0	1	2	3	4	5	6	7	8	11	36	#
90	548868	0	1	2	3	4	5	6	7	8	10	36	#
91	540172	0	1	2	3	4	5	6	7	8	13	36	#
92	595597	0	1	2	3	4	5	6	7	8	10	11	37	#
93	617730	0	1	2	3	4	5	6	7	8	11	14	37	#
94	614036	0	1	2	3	4	5	6	7	8	12	14	37	#
95	591903	0	1	2	3	4	5	6	7	8	10	12	37	#
96	575968	0	1	2	3	4	5	6	7	8	9	10	37	#
97	545294	0	1	2	3	4	5	6	7	8	11	13	37	#
98	257516	3	4	6	7	38	#
99	288881	0	3	4	6	38	#
100	238585	0	1	3	4	38	#
101	231967	1	4	6	7	38	#
102	202407	1	2	5	7	38	#
103	599041	0	1	2	3	4	5	6	7	8	12	13	39	#
104	720541	0	1	2	3	4	5	6	7	8	9	11	39	#
105	653411	0	1	2	3	4	5	6	7	8	11	14	39	#
106	620539	0	1	2	3	4	5	6	7	8	9	10	39	#
107	577608	0	1	2	3	4	5	6	7	8	12	14	39	#
108	575401	0	1	2	3	4	5	6	7	8	13	14	39	#
109	215059	4	6	7	8	40	#
110	239229	3	4	6	7	40	#
111	232765	5	6	7	8	40	#
112	197386	4	5	7	8	40	#
113	178413	1	3	4	7	40	#
114	602613	0	1	3	4	5	6	7	8	9	41	#
115	723603	1	2	3	4	5	7	9	11	12	41	#
116	599065	1	3	4	5	6	7	8	9	13	41	#
117	541521	0	1	2	3	4	5	6	7	8	41	#
118	452235	0	1	3	4	5	6	7	8	14	41	#
119	300982	3	4	6	7	42	#
120	296780	0	1	3	4	42	#
121	282496	4	5	7	8	42	#
122	265461	0	3	4	7	42	#
123	453257	0	1	2	3	4	5	6	7	8	12	43	#
124	586509	0	1	2	3	4	5	6	7	8	11	43	#
125	549124	0	1	2	3	4	5	6	7	8	9	43	#
126	509802	0	1	2	4	5	6	7	8	9	12	43	#
127	463669	0	1	2	3	4	5	6	7	8	13	43	#
128	564645	0	1	2	3	4	5	6	7	8	10	14	68	#
129	489060	0	1	3	4	5	6	7	8	44	#
130	604490	0	1	2	3	4	5	6	8	44	#
131	564788	0	1	2	3	4	5	8	10	44	#
132	531247	0	1	2	3	4	5	6	7	44	#
133	503490	1	2	3	4	5	6	7	8	44	#
134	500663	0	1	3	4	6	7	8	9	44	#
135	342959	0	1	3	4	5	6	7	45	#
136	430223	0	1	2	3	4	5	6	45	#
137	361979	1	2	3	4	5	7	8	45	#
138	361936	1	2	3	4	7	8	14	45	#
139	355092	0	1	3	4	5	6	12	45	#
140	343069	0	3	4	5	6	7	8	45	#
141	708188	0	1	2	3	4	5	6	7	8	46	#
142	700447	0	1	3	4	5	6	7	8	9	46	#
143	658186	0	1	2	3	4	5	6	7	14	46	#
144	622522	0	1	3	4	5	6	7	8	11	46	#
145	394511	1	2	3	4	5	7	8	13	47	#
146	560255	1	2	3	4	5	6	7	8	47	#
147	497786	0	1	2	4	5	6	7	8	47	#
148	476643	1	2	3	4	5	7	8	12	47	#
149	442349	0	1	3	4	5	6	7	8	47	#
150	249488	0	1	3	4	5	7	10	13	47	#
151	158191	1	2	#
152	635724	0	1	2	3	4	5	6	7	8	48	#
153	725163	0	1	2	3	4	5	6	7	14	48	#
154	702294	0	1	2	3	4	5	6	7	13	48	#
155	312238	3	4	6	7	49	#
156	283753	3	5	6	7	49	#
157	194256	1	3	4	7	49	#
158	166033	0	3	4	7	49	#
159	65846	8	#
160	689377	0	1	2	3	4	5	6	7	8	11	50	#
161	735554	0	1	2	3	4	5	6	7	8	12	50	#
162	733187	0	1	2	3	4	5	6	7	8	9	50	#
163	722369	0	1	2	3	4	5	6	7	8	14	50	#
164	704100	0	1	2	3	4	5	6	7	8	10	50	#
165	698049	0	1	2	3	4	5	7	8	11	13	50	#
166	173794	0	1	6	7	51	#
167	237549	0	1	2	3	51	#
168	221343	1	4	6	7	51	#
169	214373	4	5	7	8	51	#
170	171415	0	1	3	6	51	#
171	390825	0	1	3	4	5	6	7	8	12	52	#
172	515224	1	2	4	5	6	7	10	12	13	52	#
173	566926	0	1	2	3	4	5	6	7	8	11	12	68	#
174	408622	0	1	2	3	4	5	6	7	11	52	#
175	396004	1	3	4	5	6	7	8	13	14	52	#
176	373117	0	1	3	4	5	6	7	8	10	52	#
177	139581	0	1	3	53	#
178	187205	3	6	8	53	#
179	594053	0	1	2	3	4	5	6	7	8	12	54	#
180	664864	0	1	2	3	4	5	6	7	8	9	54	#
181	664068	0	1	2	3	4	5	6	7	8	11	54	#
182	648359	0	1	2	3	4	5	6	7	8	14	54	#
183	641982	0	1	2	3	4	5	6	7	8	10	54	#
184	541391	0	1	3	4	5	6	7	8	10	12	54	#
185	664259	0	1	2	3	4	5	6	7	8	11	12	55	#
186	692962	0	1	2	3	4	5	6	7	8	9	11	55	#
187	648134	0	1	2	3	4	5	6	7	8	12	13	55	#
188	643312	0	1	2	3	4	5	6	7	8	9	10	55	#
189	632925	0	1	2	3	4	5	6	7	8	11	14	55	#
190	616800	0	1	2	3	4	5	6	7	8	13	14	55	#
191	57132	3	#
192	308970	0	1	3	6	11	56	#
193	399915	3	4	6	7	8	56	#
194	398056	4	5	6	7	8	56	#
195	394766	0	1	3	4	6	56	#
196	267378	1	3	4	7	8	56	#
197	246779	0	3	4	7	11	56	#
198	620679	0	1	2	3	4	5	6	7	8	57	#
199	589510	0	1	2	3	4	5	7	8	12	57	#
200	285679	0	1	3	4	5	6	7	8	58	#
201	340116	1	2	3	4	5	6	7	8	58	#
202	245575	0	1	2	3	4	5	7	8	58	#
203	59706	1	#
204	356065	0	1	2	3	4	5	7	8	59	#
205	462806	1	2	3	4	5	6	7	8	59	#
206	422526	0	1	2	3	4	5	6	7	59	#
207	410889	0	1	2	4	5	6	7	8	59	#
208	361574	0	1	3	4	5	6	7	8	59	#
209	738360	0	1	2	3	4	5	6	7	8	11	14	60	#
210	844339	0	1	2	3	4	5	6	7	8	11	12	60	#
211	843691	0	1	2	3	4	5	6	7	8	9	11	60	#
212	800415	0	1	2	3	4	5	6	7	8	10	12	60	#
213	799768	0	1	2	3	4	5	6	7	8	9	10	60	#
214	741871	0	1	2	3	4	5	7	9	11	12	13	60	#
215	490896	0	1	2	4	5	6	7	8	61	#
216	476619	0	1	3	4	5	6	7	8	61	#
217	470175	0	1	2	3	4	5	6	7	61	#
218	470052	0	1	2	3	5	7	8	11	61	#
219	466044	0	1	2	3	4	6	7	8	61	#
220	442410	0	1	2	3	4	5	7	8	61	#
221	251355	3	5	6	7	62	#
222	302204	3	4	6	7	62	#
223	297181	1	2	5	7	62	#
224	273490	4	5	7	8	62	#
225	234752	0	3	4	6	62	#
226	514038	0	1	2	3	4	5	7	8	63	#
227	639585	1	2	3	4	5	6	7	8	63	#
228	628989	0	1	2	4	5	6	7	8	63	#
229	544263	0	1	4	5	6	7	8	13	63	#
230	486236	0	1	3	4	5	6	7	8	63	#
231	450681	0	1	3	4	5	7	8	9	63	#
232	159355	0	1	3	4	64	#
233	199071	1	3	4	7	64	#
234	170318	0	3	4	5	64	#
235	169480	0	3	6	7	64	#
236	373556	0	3	4	5	6	7	8	12	65	#
237	464030	0	1	2	4	5	6	7	8	65	#
238	438633	1	2	3	4	5	6	7	8	65	#
239	419503	0	1	2	3	4	5	7	8	65	#
240	343249	0	1	3	4	5	6	7	8	65	#
241	342969	0	1	3	4	5	7	8	12	65	#
242	165889	1	2	5	66	#
243	138984	5	7	8	66	#
244	109371	0	1	4	66	#
245	63269	12	14	67	#
246	82521	4	12	67	#
247	63691	10	14	67	#
248	574334	0	1	2	3	4	5	6	7	8	10	13	68	#
249	594985	0	1	2	3	4	5	6	7	8	11	13	68	#
250	585297	0	1	2	3	4	5	6	7	8	11	14	68	#
251	538029	1	4	5	6	7	8	11	69	#
252	539306	1	2	4	5	6	7	8	69	#
253	525745	0	1	2	4	5	8	10	69	#
254	489229	0	1	2	4	6	7	8	69	#
255	488383	1	3	5	6	7	8	9	69	#
256	488288	1	2	3	4	5	6	7	69	#
257	694962	0	1	2	3	4	5	6	7	8	9	10	14	70	#
258	787837	0	1	2	3	4	5	6	7	8	9	11	12	70	#
259	761748	0	1	2	3	4	5	6	7	8	9	11	14	70	#
260	741434	0	1	2	3	4	5	6	7	8	9	11	13	70	#
261	721052	0	1	2	3	4	5	6	7	8	9	10	12	70	#
262	705746	0	1	2	3	4	5	6	7	8	10	11	12	70	#
263	623608	0	1	2	3	4	5	6	7	8	9	12	71	#
264	619824	0	1	2	3	4	5	6	7	8	11	13	71	#
265	619284	0	1	2	4	5	6	7	8	9	12	13	71	#
266	614498	0	1	2	3	4	5	6	7	8	11	14	71	#
267	608957	0	1	2	3	4	5	6	7	8	10	11	71	#
268	596440	0	1	2	3	4	5	6	7	8	9	14	71	#
269	135034	2	#
270	7616	0	#
271	594007	0	1	2	3	4	5	6	7	8	10	12	13	72	#
272	721778	0	1	2	3	4	5	6	7	8	10	11	14	72	#
273	683586	0	1	2	3	4	5	6	7	8	10	13	14	72	#
274	644660	0	1	2	3	4	5	6	7	8	9	11	13	72	#
275	640928	0	1	2	3	4	5	6	7	8	10	12	14	72	#
276	620441	0	1	2	3	4	5	6	7	8	9	10	12	72	#
277	420333	0	1	3	4	6	73	#
278	530992	1	3	4	5	6	73	#
279	446066	0	1	3	4	5	73	#
280	445214	1	2	3	4	7	73	#
281	433582	0	1	2	3	6	73	#
282	227365	0	1	5	7	8	73	#
283	584289	0	1	2	3	4	5	6	7	8	11	74	#
284	690423	1	2	3	4	5	6	7	8	9	11	74	#
285	603299	0	1	2	3	4	5	6	7	8	13	74	#
286	602132	0	1	2	3	5	7	8	9	10	11	74	#
287	593738	0	1	2	3	4	5	6	7	8	12	74	#
288	559906	0	1	2	3	4	5	6	7	8	10	74	#
289	362584	0	1	2	4	5	8	75	#
290	428925	0	1	2	3	4	6	75	#
291	325823	1	2	4	5	7	8	75	#
292	313452	1	2	3	4	5	7	75	#
293	308339	0	1	3	4	6	7	75	#
294	275845	0	1	3	5	8	13	75	#
295	654432	0	1	2	3	4	5	6	7	8	76	#
296	716827	0	1	2	3	4	5	6	7	11	76	#
297	633496	0	1	2	3	4	5	7	8	12	76	#
298	504217	0	1	3	4	5	6	7	8	13	76	#
299	121913	0	1	4	7	77	#
300	173956	0	3	4	5	77	#
301	173204	3	4	6	7	77	#
302	143310	3	5	6	7	77	#
