%% File generated by CATS v.2.1Mon Aug 19 18:55:02 2019

%% The CATS webpage is http://robotics.stanford.edu/CATS

%% PARAMETER SETTINGS:
% Goods: 55; Bids: 550; Distribution: regions-upv; Runs: 10; Seed: 1566247666
% Regions Distribution Parameters:
% Max Substitutable Bids = 5
% Removing HV Neighbor   = 0.1
% Adding DIAG Neighbor   = 0.2
% Additional Location    = 0.9
% Jump Probability       = 0.05
% Additivity             = 0.2
% Budget Factor          = 1.5
% Resale Factor          = 0.5
% Uniform Private Value:
%   Deviation            = 0.5
%   Max Good Value       = 100



goods 55
bids 554
dummy 106

0	713556	5	12	16	17	18	19	24	25	26	33	34	40	55	#
1	718409	7	14	15	16	21	25	26	31	32	33	34	38	55	#
2	708448	12	18	20	26	27	32	33	34	38	39	40	46	55	#
3	693871	5	6	10	12	17	18	19	24	25	26	32	33	55	#
4	686661	18	19	25	26	27	32	33	34	38	39	40	45	55	#
5	683240	9	12	16	17	18	19	24	25	26	27	31	38	55	#
6	141161	18	25	26	56	#
7	155900	11	18	25	56	#
8	152268	26	33	40	56	#
9	139593	18	19	26	56	#
10	593948	0	4	10	11	12	13	18	19	20	25	26	33	40	57	#
11	650822	21	22	23	29	30	33	34	36	40	41	46	47	48	57	#
12	623699	4	5	10	11	12	13	16	18	19	24	25	26	27	57	#
13	585106	3	4	5	10	11	12	13	18	19	26	27	33	34	57	#
14	582433	4	10	11	12	13	18	20	25	26	27	34	40	41	57	#
15	576697	4	10	11	12	13	18	19	20	24	25	26	27	33	57	#
16	101005	53	#
17	48364	40	#
18	192191	6	10	11	12	17	58	#
19	235194	4	5	6	12	19	58	#
20	224744	16	17	23	24	31	58	#
21	191348	5	12	13	19	20	58	#
22	180695	4	6	11	12	19	58	#
23	155142	3	9	10	11	17	58	#
24	77292	52	#
25	445035	29	30	31	35	36	37	38	42	43	45	59	#
26	597852	24	31	32	38	39	40	45	46	47	48	59	#
27	596026	24	30	31	36	37	38	39	44	45	46	59	#
28	524214	23	24	25	30	31	32	33	38	39	46	59	#
29	462953	15	16	23	24	29	30	31	36	37	43	59	#
30	446898	15	16	17	23	24	29	30	36	42	43	59	#
31	549725	7	8	9	13	14	17	18	19	20	22	25	26	27	33	34	60	#
32	804742	19	20	26	27	34	38	39	40	41	44	45	46	47	48	54	60	#
33	725519	2	3	10	11	14	16	17	18	21	22	23	24	28	30	35	60	#
34	688272	12	17	18	19	20	24	26	27	33	34	38	39	40	45	46	60	#
35	656087	3	7	8	9	10	14	16	17	21	22	23	24	28	30	31	60	#
36	653841	13	16	17	18	19	20	22	23	24	26	27	29	30	36	37	60	#
37	292198	9	11	16	17	18	19	20	26	61	#
38	422528	8	9	14	16	21	22	23	28	61	#
39	422163	9	14	16	22	23	24	29	31	61	#
40	353900	4	5	11	12	13	19	20	46	61	#
41	329735	5	12	13	19	20	26	27	34	61	#
42	303857	4	9	10	11	12	13	18	20	61	#
43	374627	15	21	22	28	35	36	37	43	62	#
44	506133	14	21	22	28	30	35	36	43	62	#
45	450522	21	22	28	35	36	37	42	43	62	#
46	444203	0	7	14	21	28	35	42	43	62	#
47	416314	21	28	30	35	36	37	42	43	62	#
48	376705	14	21	22	23	24	30	31	32	62	#
49	734795	17	18	24	25	28	29	30	31	32	35	36	37	38	39	42	43	63	#
50	1062785	24	30	31	32	33	34	36	37	38	39	40	41	43	45	46	47	63	#
51	1013366	2	9	16	17	24	25	30	31	32	33	34	38	39	40	41	46	63	#
52	996021	2	8	9	10	14	15	16	22	29	30	31	35	36	37	38	43	63	#
53	937649	9	10	16	17	18	19	24	25	26	27	31	32	33	38	39	46	63	#
54	914528	2	3	9	10	16	17	18	19	24	25	31	32	38	39	40	47	63	#
55	196801	28	35	36	64	#
56	245831	35	36	43	64	#
57	214498	29	36	43	64	#
58	211080	21	28	35	64	#
59	964577	4	5	10	11	12	15	18	19	22	23	24	25	26	27	31	32	33	34	37	38	39	40	41	47	48	65	#
60	1270066	7	10	11	14	18	19	21	22	23	24	25	26	27	31	32	33	34	37	38	40	41	45	46	47	48	65	#
61	1210243	8	9	10	11	14	16	17	18	21	22	23	24	25	26	29	30	31	35	36	37	38	42	43	45	46	65	#
62	1208904	1	4	5	7	8	10	11	12	16	17	18	19	22	23	24	25	26	27	31	32	33	34	44	45	49	65	#
63	1202474	4	5	6	7	8	10	11	12	15	16	17	18	19	21	22	24	26	27	29	34	40	41	46	47	48	65	#
64	1183661	7	8	14	18	21	22	23	24	25	26	27	29	30	31	32	33	34	36	37	40	41	44	45	47	48	65	#
65	591828	0	1	2	3	7	8	9	10	11	15	17	18	19	24	25	30	31	32	66	#
66	883141	2	3	8	9	10	11	12	16	17	23	24	31	32	33	37	38	39	51	66	#
67	827136	2	3	7	8	9	10	15	17	18	22	24	25	29	31	32	33	38	39	66	#
68	811850	0	7	8	14	15	17	21	22	24	25	29	30	31	37	38	39	45	46	66	#
69	792850	1	2	8	9	10	18	24	25	30	31	32	38	39	40	41	46	47	48	66	#
70	785554	10	12	17	18	19	22	23	24	25	26	29	30	31	33	38	40	47	48	66	#
71	58349	54	#
72	699835	25	26	28	30	32	33	34	35	36	37	38	43	44	67	#
73	811427	21	22	28	29	35	36	37	38	39	43	44	45	47	67	#
74	795004	14	15	16	18	19	21	22	26	28	29	35	36	43	67	#
75	767900	15	16	21	22	23	24	26	31	32	33	34	39	40	67	#
76	757451	14	21	22	28	29	31	35	36	37	38	39	43	45	67	#
77	730935	0	7	14	15	16	21	22	23	24	28	29	30	36	67	#
78	280537	14	21	22	23	68	#
79	317906	14	15	21	22	68	#
80	316441	21	22	28	29	68	#
81	236813	21	22	23	37	68	#
82	214654	22	23	29	30	68	#
83	66267	10	#
84	1421289	3	7	8	9	10	14	15	16	17	21	22	23	24	27	28	29	30	32	33	34	35	36	37	38	39	40	41	42	43	44	46	47	48	51	69	#
85	1658138	3	7	8	9	10	12	13	14	15	16	17	19	20	21	22	23	24	27	29	30	32	33	34	36	38	39	40	41	42	43	46	47	48	52	69	#
86	1427873	0	3	7	8	9	10	12	13	14	15	16	17	19	20	21	22	23	24	26	27	29	30	31	32	33	34	38	39	40	41	45	46	47	48	69	#
87	1426669	0	1	2	3	5	7	8	9	10	11	12	13	14	15	16	17	19	20	21	22	23	24	26	27	31	32	33	34	38	39	40	41	48	51	69	#
88	1417205	0	2	3	7	8	9	10	12	14	15	16	17	19	20	21	23	24	26	27	28	30	31	32	33	34	35	36	37	38	39	42	43	46	47	69	#
89	1411626	1	2	3	7	8	9	10	12	13	14	15	16	17	18	19	20	23	24	27	29	30	31	32	33	34	36	38	39	40	41	42	43	47	48	69	#
90	307180	9	16	17	22	23	70	#
91	293308	14	16	22	23	29	70	#
92	284571	2	9	16	17	24	70	#
93	228770	8	9	15	16	23	70	#
94	176207	20	22	23	26	27	70	#
95	152100	14	22	23	24	31	70	#
96	674899	4	5	6	11	12	13	18	19	20	27	31	34	37	38	71	#
97	725300	4	5	6	10	11	12	13	14	15	20	21	22	27	28	71	#
98	694783	0	7	14	21	22	26	27	31	32	33	34	38	40	41	71	#
99	636792	30	31	32	33	34	36	37	38	39	40	44	45	46	47	71	#
100	607233	2	5	6	9	11	12	13	18	20	26	27	33	34	41	71	#
101	592595	21	22	23	30	31	32	35	36	37	38	39	42	45	54	71	#
102	1560679	0	2	3	4	5	7	8	9	10	11	14	15	16	17	18	19	20	21	22	23	24	26	27	28	29	30	31	32	33	34	36	41	43	72	#
103	1712761	0	1	2	3	7	8	9	10	14	15	16	17	18	19	20	21	23	24	25	27	30	31	32	33	34	38	39	40	41	45	46	47	48	72	#
104	1650678	0	1	2	3	4	7	8	9	10	11	14	15	16	17	18	19	20	21	22	23	24	25	27	28	31	32	33	34	40	41	46	47	48	72	#
105	1644416	0	1	2	3	4	7	8	9	10	14	15	16	17	18	19	20	21	22	23	24	27	28	29	30	31	32	33	35	36	40	46	47	48	72	#
106	1629265	0	2	3	5	6	7	8	10	11	12	14	15	16	17	18	19	20	21	22	23	24	25	27	28	30	31	32	38	39	45	48	51	54	72	#
107	1628486	0	2	3	7	8	9	10	11	14	15	16	18	21	22	23	24	28	29	30	31	32	33	34	36	38	39	40	41	44	45	46	47	48	72	#
108	135004	42	43	#
109	109474	35	36	37	42	#
110	51875	28	#
111	471101	4	5	11	12	17	18	19	22	23	24	123	#
112	750210	10	11	12	14	18	19	21	22	29	33	34	40	41	48	74	#
113	895887	14	15	21	22	31	32	33	34	40	41	45	46	47	48	74	#
114	874627	4	5	6	12	13	31	34	38	40	41	45	46	47	48	74	#
115	819961	31	33	34	37	38	39	40	41	44	45	46	47	48	50	74	#
116	790097	8	14	15	16	21	22	23	28	29	30	31	35	37	38	74	#
117	760840	8	14	15	16	21	22	23	28	29	30	35	36	37	44	74	#
118	505796	16	21	22	23	29	30	35	36	37	42	43	75	#
119	524388	14	16	22	23	29	30	31	35	36	37	43	75	#
120	507795	7	8	14	21	22	29	30	35	36	37	43	75	#
121	491611	22	29	30	31	35	36	37	39	40	42	47	75	#
122	462405	21	22	23	29	30	31	35	36	37	42	43	75	#
123	440529	14	16	21	22	23	29	30	31	32	37	53	75	#
124	615718	10	11	15	17	18	22	23	24	25	26	30	31	36	37	76	#
125	915925	1	2	3	4	9	10	16	17	18	23	24	25	30	51	76	#
126	900700	3	4	8	9	10	11	12	16	17	22	23	24	30	49	76	#
127	863651	1	2	3	8	9	10	11	15	16	17	18	22	24	25	76	#
128	855643	7	8	14	15	16	17	21	22	23	24	30	37	38	45	76	#
129	837194	16	17	18	22	23	29	30	35	36	37	39	42	44	46	76	#
130	276857	8	14	15	16	77	#
131	327023	9	10	16	17	77	#
132	253787	15	16	17	18	77	#
133	226284	0	7	8	15	77	#
134	160142	7	14	15	22	77	#
135	584154	0	7	8	9	10	14	15	16	17	21	22	23	28	35	42	78	#
136	778756	0	7	8	9	15	16	21	22	32	38	39	40	45	46	47	78	#
137	768988	7	10	15	16	17	18	22	23	24	30	31	37	38	39	45	78	#
138	716812	0	7	14	21	22	23	24	28	29	30	35	37	38	42	44	78	#
139	682486	10	11	14	16	17	18	21	24	25	28	29	35	36	37	42	78	#
140	670481	0	4	7	8	11	14	15	16	18	19	23	30	31	37	38	78	#
141	197624	23	38	45	52	79	#
142	235907	38	39	40	45	79	#
143	208926	39	44	45	46	79	#
144	179189	24	30	31	52	79	#
145	110805	2	#
146	138879	33	34	41	80	#
147	204569	29	34	41	80	#
148	177462	34	40	41	80	#
149	123661	26	33	34	80	#
150	635037	1	2	3	4	7	8	9	14	15	16	17	21	22	23	28	81	#
151	749478	0	7	8	9	14	15	16	21	22	24	29	30	31	37	38	81	#
152	749412	5	14	15	19	21	22	29	30	31	37	38	39	44	45	46	81	#
153	740209	1	2	7	8	9	14	15	16	21	22	23	28	29	35	42	81	#
154	731244	7	8	14	15	16	22	25	29	30	31	32	33	37	38	44	81	#
155	723420	1	2	3	4	7	8	9	11	15	16	21	22	23	30	37	81	#
156	43699	50	#
157	584614	25	26	32	33	37	38	39	44	45	46	47	48	82	#
158	656222	29	31	32	36	37	38	39	43	44	45	46	47	82	#
159	590657	26	32	33	34	38	39	41	44	45	46	47	48	82	#
160	590373	14	15	29	32	36	37	38	39	40	44	45	47	82	#
161	575225	29	30	31	32	36	37	38	43	44	45	46	47	82	#
162	528664	24	27	31	34	38	39	40	41	44	45	46	47	82	#
163	159324	24	31	38	48	83	#
164	173150	24	25	31	38	83	#
165	53014	20	#
166	773535	2	3	4	5	6	10	11	12	13	18	19	20	25	26	27	33	84	#
167	928388	1	2	3	4	11	12	18	19	20	26	27	33	34	39	40	46	84	#
168	913623	10	16	17	18	19	24	25	26	27	31	32	33	34	39	46	52	84	#
169	909244	5	12	13	18	19	20	26	27	32	33	34	38	39	40	41	46	84	#
170	898445	5	6	11	12	13	18	19	20	25	26	32	33	34	38	39	40	84	#
171	890806	4	5	6	11	12	13	18	19	20	24	25	26	27	32	33	34	84	#
172	76034	27	34	#
173	124017	7	8	86	#
174	146537	0	7	86	#
175	261650	0	7	14	15	21	22	28	29	87	#
176	333464	8	14	15	16	21	22	23	24	87	#
177	330171	14	15	16	17	21	22	23	29	87	#
178	305173	0	7	8	14	15	16	21	23	87	#
179	290433	0	7	8	14	15	16	22	23	87	#
180	284911	8	14	15	22	23	24	29	30	87	#
181	380904	3	4	5	6	11	12	13	18	25	26	88	#
182	454967	5	8	9	10	11	12	13	18	19	26	88	#
183	447221	6	11	12	13	18	19	20	26	27	34	88	#
184	442072	1	2	3	4	5	6	10	11	12	18	88	#
185	414062	6	10	11	12	13	18	19	20	25	26	88	#
186	412580	3	4	5	6	11	12	13	18	19	26	88	#
187	1192729	0	7	8	9	10	11	14	15	16	17	18	21	22	23	24	25	26	28	29	30	31	32	33	36	37	40	43	89	#
188	1616743	10	15	16	17	18	19	23	24	25	27	29	30	32	33	34	36	37	38	39	40	41	43	45	46	47	48	50	89	#
189	1614149	0	2	3	4	7	9	10	11	14	15	16	17	18	23	24	29	30	32	33	36	37	40	43	44	45	46	47	89	#
190	1544429	13	14	15	16	17	18	19	20	22	23	24	25	26	27	29	32	33	34	36	37	39	40	41	46	47	48	51	89	#
191	1516482	0	2	3	4	7	9	10	14	15	16	17	18	19	21	23	24	25	26	27	30	32	33	39	40	45	46	47	89	#
192	1501210	0	2	3	7	9	10	14	15	16	17	18	21	22	23	24	25	29	30	31	32	36	37	38	40	45	46	47	89	#
193	695464	0	7	8	9	10	11	15	16	17	18	24	31	90	#
194	719589	0	3	6	7	8	9	10	15	16	22	23	30	90	#
195	713440	0	1	2	3	4	7	8	9	10	11	15	16	90	#
196	699089	0	1	2	3	7	8	9	10	14	15	16	23	90	#
197	670194	0	1	2	3	7	8	9	10	14	15	16	17	90	#
198	655360	0	7	8	9	10	14	15	16	17	22	29	30	90	#
199	47682	44	#
200	637823	7	14	15	21	22	24	29	30	31	32	36	37	38	42	43	91	#
201	718157	0	7	14	15	16	21	22	29	30	31	32	33	36	42	43	91	#
202	693184	2	3	4	5	9	10	14	15	16	21	22	23	24	30	31	91	#
203	692731	14	15	21	22	23	28	30	35	36	37	42	43	44	45	46	91	#
204	678330	0	7	8	9	10	11	14	15	16	21	22	28	33	34	40	91	#
205	673457	4	5	6	11	12	13	18	19	20	26	27	35	36	42	43	91	#
206	309255	6	10	11	12	13	26	92	#
207	341584	26	33	34	40	41	47	92	#
208	328692	2	5	6	10	11	12	92	#
209	247332	4	5	11	12	13	20	92	#
210	237386	5	6	11	12	13	20	92	#
211	191326	2	3	8	9	10	17	92	#
212	764056	1	2	3	6	10	11	12	17	18	20	24	25	26	27	31	34	38	93	#
213	1062132	17	18	24	26	29	31	35	36	37	38	39	43	44	45	46	47	51	93	#
214	978257	17	18	24	26	27	31	34	37	38	39	40	41	44	45	46	47	48	93	#
215	842348	24	28	30	31	33	35	36	37	38	39	40	42	43	44	45	46	47	93	#
216	834885	2	3	4	5	6	10	11	17	18	24	25	26	27	31	33	37	38	93	#
217	831239	0	3	7	8	9	10	11	14	15	17	18	21	22	24	25	26	31	93	#
218	136109	37	38	94	#
219	165797	38	39	94	#
220	92754	36	37	94	#
221	336182	7	8	14	15	21	22	95	#
222	379819	7	9	14	16	17	22	95	#
223	345411	7	14	15	21	22	31	95	#
224	340903	2	7	8	9	14	15	95	#
225	252011	8	14	15	21	22	28	95	#
226	246288	7	14	15	21	22	28	95	#
227	302415	1	2	3	4	5	6	10	11	17	18	96	#
228	441750	3	4	5	6	9	12	16	19	26	27	96	#
229	428153	3	4	5	6	11	12	19	26	27	33	96	#
230	404030	3	4	5	6	11	12	13	19	47	48	96	#
231	392312	3	4	5	6	8	9	10	11	12	17	96	#
232	362254	3	4	5	11	12	19	20	26	27	33	96	#
233	875184	9	15	16	18	21	22	25	26	28	29	30	31	32	33	35	36	37	38	40	42	43	44	45	97	#
234	978372	4	5	6	11	12	13	15	16	20	21	22	23	28	29	30	35	36	37	38	42	43	44	45	97	#
235	920438	8	11	12	13	15	16	18	19	20	21	22	23	24	25	26	29	30	31	36	37	38	42	43	97	#
236	913628	14	15	21	22	24	25	26	28	29	30	31	32	33	35	36	37	38	39	42	43	44	45	52	97	#
237	909671	3	4	5	11	12	15	16	17	18	19	20	23	24	25	26	27	31	32	33	37	38	44	45	97	#
238	890579	6	12	13	18	19	20	21	24	25	26	27	28	30	31	32	33	34	37	38	39	41	44	45	97	#
239	793916	18	23	24	25	29	30	31	32	33	35	36	37	39	40	42	43	44	98	#
240	1139564	0	7	14	15	24	25	29	30	31	35	36	37	38	39	42	43	44	98	#
241	1101545	14	16	18	21	23	24	25	28	29	30	35	36	37	38	39	43	44	98	#
242	1066816	5	24	25	30	31	32	34	36	37	38	39	40	41	43	44	46	47	98	#
243	1041410	23	29	30	31	34	35	36	37	38	39	40	41	42	43	44	47	52	98	#
244	1006774	0	7	14	15	21	22	23	24	25	28	29	30	35	36	37	42	43	98	#
245	35430	5	12	99	#
246	10277	5	6	99	#
247	65113	4	#
248	152643	36	43	100	#
249	96183	31	36	100	#
250	801745	5	11	12	19	26	30	31	32	33	38	39	40	45	46	47	48	101	#
251	903817	12	13	19	20	27	32	33	34	38	39	40	41	45	46	47	52	101	#
252	882174	3	10	11	12	19	32	33	34	39	40	41	44	45	46	47	48	101	#
253	852367	29	30	32	33	35	36	37	38	39	40	41	43	44	45	47	48	101	#
254	820838	12	19	25	26	32	33	34	38	39	40	41	44	45	46	47	48	101	#
255	794266	11	12	13	19	20	24	25	26	27	32	33	34	39	40	47	48	101	#
256	78445	10	17	102	#
257	108987	17	18	102	#
258	576511	0	4	5	7	11	12	13	15	19	21	22	103	#
259	645544	0	2	7	8	9	14	15	16	21	22	29	103	#
260	645369	0	1	2	3	4	7	8	9	11	15	16	103	#
261	630189	7	8	9	15	16	17	21	22	29	34	41	103	#
262	580309	7	8	9	14	15	16	21	22	29	30	36	103	#
263	576373	4	5	11	12	13	19	30	37	38	44	45	103	#
264	506205	14	21	22	23	24	28	29	30	31	32	36	42	43	104	#
265	746584	14	22	24	29	30	31	32	37	38	39	47	48	51	104	#
266	696732	22	23	29	30	31	32	36	37	38	39	44	45	46	104	#
267	689429	7	14	15	16	22	29	30	31	37	38	44	45	46	104	#
268	686132	17	18	19	24	25	31	32	38	39	44	45	46	47	104	#
269	668602	10	17	22	23	24	29	30	31	36	37	38	44	45	104	#
270	33594	15	#
271	1176472	2	3	4	5	6	7	8	9	10	11	12	13	15	16	17	19	20	22	23	24	27	30	31	34	40	41	52	105	#
272	1498094	0	7	14	15	16	17	21	22	23	28	29	30	31	32	35	36	37	38	39	40	42	43	45	46	47	52	53	105	#
273	1479636	0	7	14	15	16	21	22	23	26	28	29	30	31	33	34	36	37	38	40	41	42	43	44	45	46	47	50	105	#
274	1463534	0	7	8	10	14	15	16	17	21	22	23	24	28	29	30	31	36	37	38	39	40	41	43	45	46	47	51	105	#
275	1446234	0	3	4	5	7	9	10	14	15	16	17	20	21	22	23	28	29	30	31	35	36	37	38	39	40	45	46	105	#
276	1408319	0	7	14	15	16	17	20	21	22	23	24	26	27	29	30	31	32	33	34	35	37	38	39	40	41	45	47	105	#
277	118069	7	15	51	106	#
278	167992	36	37	51	106	#
279	111066	7	14	15	106	#
280	104128	35	36	#
281	219501	39	40	41	46	153	#
282	300459	19	26	27	33	34	41	50	108	#
283	413457	27	34	40	41	47	48	52	108	#
284	368273	14	19	26	27	29	30	34	108	#
285	341023	18	19	20	26	27	33	34	108	#
286	292687	13	18	20	26	27	34	41	108	#
287	252349	2	3	32	33	34	40	47	108	#
288	328447	1	2	3	4	9	10	11	16	109	#
289	394112	7	8	9	10	14	16	21	23	109	#
290	385917	4	5	7	8	12	14	21	28	109	#
291	345962	2	3	9	10	11	16	23	26	109	#
292	318787	10	16	17	18	23	24	25	26	109	#
293	282083	2	3	4	6	11	12	19	20	109	#
294	478291	3	4	8	27	34	40	41	47	48	110	#
295	499765	39	40	41	44	45	46	47	48	50	110	#
296	461754	27	33	34	39	40	41	45	46	47	110	#
297	408632	17	18	19	20	24	26	27	34	41	110	#
298	398148	7	8	15	17	18	19	20	22	34	110	#
299	391946	3	7	8	9	10	14	15	21	22	110	#
300	89525	8	#
301	136217	21	28	111	#
302	172534	14	21	111	#
303	236288	14	21	30	112	#
304	273160	4	14	21	112	#
305	202542	14	21	28	112	#
306	79357	51	#
307	358681	30	35	36	37	42	43	113	#
308	491796	36	37	38	43	44	45	113	#
309	446531	35	36	37	38	44	45	113	#
310	441606	16	30	35	36	37	43	113	#
311	372966	22	23	30	37	44	51	113	#
312	331309	28	35	36	37	42	43	113	#
313	114354	25	30	31	32	33	114	#
314	152614	24	25	31	32	33	114	#
315	152067	24	25	32	33	40	114	#
316	135921	25	32	33	34	39	114	#
317	114054	30	31	32	33	40	114	#
318	89090	23	30	#
319	699308	18	22	23	30	31	35	37	38	39	41	44	45	46	47	48	115	#
320	704039	30	31	33	35	36	37	38	39	40	41	45	46	47	48	53	115	#
321	701184	4	11	18	19	25	26	31	32	33	37	38	39	45	46	47	115	#
322	686467	14	15	16	18	23	24	25	30	31	32	33	37	39	46	47	115	#
323	684977	13	19	20	27	30	31	32	33	34	38	41	45	46	47	48	115	#
324	669254	8	14	15	16	21	22	23	29	30	31	35	36	37	42	43	115	#
325	247894	14	15	16	22	23	116	#
326	288443	10	16	17	22	23	116	#
327	267339	0	7	14	22	23	116	#
328	211128	14	15	22	23	29	116	#
329	147732	15	22	23	29	30	116	#
330	610711	12	13	19	20	26	27	31	32	33	34	39	40	41	46	47	48	117	#
331	872937	4	5	6	12	13	19	20	27	33	34	40	41	45	46	47	48	117	#
332	861357	4	5	6	12	19	20	33	34	38	39	40	41	45	46	47	48	117	#
333	838874	12	19	20	26	27	33	34	37	38	39	40	41	45	46	47	48	117	#
334	835265	4	6	11	12	13	23	24	30	31	37	38	39	45	46	47	48	117	#
335	800522	12	13	19	20	26	27	33	34	38	39	40	41	45	46	47	48	117	#
336	304542	17	18	19	24	25	26	52	118	#
337	368757	9	10	16	17	23	24	25	118	#
338	367214	16	17	23	24	25	30	31	118	#
339	366018	10	17	23	24	25	31	38	118	#
340	295463	19	20	27	33	34	40	41	118	#
341	268796	26	30	33	37	39	40	47	118	#
342	1213991	7	14	15	16	21	22	23	24	25	29	30	31	32	33	35	36	37	38	39	40	41	42	43	44	45	50	119	#
343	1529152	0	7	10	14	16	17	21	22	23	24	25	29	30	31	32	33	35	36	37	38	39	40	42	43	44	46	119	#
344	1501821	7	8	9	10	14	16	17	21	22	23	24	25	26	29	30	31	32	33	36	37	38	39	43	44	45	46	119	#
345	1494309	0	4	7	8	9	10	11	14	15	16	17	18	21	22	23	26	28	29	30	35	37	38	44	45	46	47	119	#
346	1487296	10	11	14	16	17	18	22	23	24	25	26	27	30	31	32	33	35	36	37	38	39	40	43	44	45	46	119	#
347	1436970	0	2	5	7	8	9	10	11	12	14	16	18	21	22	23	24	25	29	30	35	36	37	38	42	43	54	119	#
348	156643	13	19	20	27	120	#
349	188771	12	13	20	27	120	#
350	156170	5	12	13	20	120	#
351	129878	10	17	19	26	120	#
352	264704	25	26	32	33	39	121	#
353	290235	25	32	33	39	46	121	#
354	181489	18	25	32	33	39	121	#
355	170648	19	26	31	32	33	121	#
356	169881	27	32	33	34	41	121	#
357	121459	24	25	30	31	32	121	#
358	524464	0	7	14	19	20	21	22	25	27	28	29	31	32	122	#
359	709628	16	17	18	21	22	23	24	25	28	31	35	39	46	122	#
360	670015	0	3	7	9	10	14	15	16	21	22	23	28	29	122	#
361	654866	3	9	10	15	16	21	22	28	29	35	36	42	43	122	#
362	654107	5	6	10	11	12	18	19	20	26	27	33	34	41	122	#
363	648678	0	7	9	14	15	16	21	22	23	28	29	35	36	122	#
364	445905	12	13	24	25	31	32	38	39	45	46	123	#
365	560974	16	17	22	23	24	25	31	32	38	45	123	#
366	525932	27	30	32	34	37	38	39	44	45	46	123	#
367	512978	23	24	25	31	32	38	39	44	45	46	123	#
368	498700	7	25	31	32	39	44	45	46	47	48	123	#
369	754536	7	8	15	16	22	23	25	31	32	36	37	38	39	44	124	#
370	791152	7	8	14	15	16	22	35	36	37	38	39	42	43	44	124	#
371	769382	23	24	31	32	36	37	38	39	40	41	42	43	44	45	124	#
372	742970	24	31	32	34	36	37	38	39	40	41	42	43	44	45	124	#
373	740738	15	16	17	23	24	31	32	33	36	37	38	39	44	45	124	#
374	729924	0	7	8	14	15	16	18	19	23	24	25	31	32	38	124	#
375	112159	3	4	11	125	#
376	163169	4	10	11	125	#
377	129170	3	4	10	125	#
378	195401	7	8	14	15	126	#
379	278677	14	15	16	23	126	#
380	250928	7	14	15	16	126	#
381	243744	8	15	16	22	126	#
382	179712	4	5	11	12	20	27	127	#
383	252577	2	3	4	5	6	11	127	#
384	231039	2	3	8	9	10	11	127	#
385	205796	5	6	10	11	12	19	127	#
386	201325	12	18	19	20	26	27	127	#
387	186401	19	20	26	27	34	41	127	#
388	71820	13	20	128	#
389	73876	20	27	128	#
390	1005297	11	12	13	16	17	18	19	26	27	31	33	34	38	39	40	41	45	46	47	48	129	#
391	1010742	2	3	12	13	23	29	30	31	35	36	37	38	39	40	41	43	45	46	47	48	129	#
392	1001687	2	3	4	5	6	10	11	12	13	16	17	29	30	31	32	37	38	39	45	46	129	#
393	984074	16	17	23	24	29	30	31	33	35	36	37	38	39	40	42	44	45	46	47	48	129	#
394	958237	16	17	23	24	25	29	30	31	35	36	37	38	39	40	41	44	45	46	47	48	129	#
395	929970	9	10	16	17	18	24	26	27	31	33	34	38	39	40	41	44	45	46	47	48	129	#
396	34038	12	13	#
397	269113	29	36	37	38	43	131	#
398	317220	9	38	39	45	46	131	#
399	240098	31	36	37	38	39	131	#
400	223466	13	20	27	36	43	131	#
401	213755	3	9	10	36	43	131	#
402	724188	5	6	11	12	18	19	20	22	23	25	26	28	29	30	31	35	36	38	42	132	#
403	1084745	7	8	9	14	15	16	21	22	23	24	29	31	32	36	38	39	40	45	46	132	#
404	1072207	23	24	25	28	31	32	33	35	36	37	38	39	40	41	44	45	46	47	48	132	#
405	1055643	17	22	23	24	28	29	35	36	37	38	40	41	42	43	44	45	46	47	48	132	#
406	1023174	9	16	17	22	23	24	25	29	31	32	33	34	38	39	40	41	45	46	47	132	#
407	1020287	7	8	14	15	21	22	28	29	30	35	36	37	38	42	44	45	46	47	48	132	#
408	803272	4	5	6	10	11	12	13	17	19	20	26	27	33	34	40	41	46	47	48	133	#
409	961980	4	5	10	11	12	13	19	25	26	27	32	34	38	39	40	41	46	47	48	133	#
410	952499	21	26	27	29	31	32	33	34	36	37	38	39	40	41	44	45	46	47	48	133	#
411	920239	25	27	29	30	31	32	33	34	36	37	38	39	40	41	44	45	46	47	48	133	#
412	918212	12	19	26	27	30	31	32	33	34	37	38	39	40	41	44	45	46	47	48	133	#
413	896751	19	20	23	24	25	27	31	32	34	36	37	38	39	40	41	45	46	47	48	133	#
414	241244	12	18	19	20	25	26	134	#
415	322254	26	32	33	37	38	39	134	#
416	312202	11	13	18	19	20	26	134	#
417	300703	18	24	25	31	38	45	134	#
418	246528	13	18	19	20	26	27	134	#
419	198875	11	12	17	18	19	26	134	#
420	220455	3	10	11	12	13	19	20	27	135	#
421	299521	2	3	4	9	10	18	19	25	135	#
422	281750	4	10	11	17	18	19	25	26	135	#
423	263291	10	11	13	17	18	19	20	25	135	#
424	173116	11	12	13	18	20	25	26	39	135	#
425	887357	0	3	4	5	6	7	8	14	15	16	21	22	23	24	28	29	35	36	42	43	136	#
426	1090912	0	7	14	15	21	22	23	28	29	30	35	36	37	38	39	42	43	45	46	47	136	#
427	1062777	0	3	7	10	14	15	16	17	21	22	23	24	28	29	30	35	36	37	42	43	136	#
428	1033337	0	7	8	9	10	14	15	17	21	22	23	24	28	29	30	35	36	37	42	43	136	#
429	1022484	0	7	9	14	15	16	17	18	21	22	23	24	28	29	30	35	36	37	42	43	136	#
430	1008604	0	7	8	9	14	15	16	21	22	23	28	29	30	35	36	37	38	42	43	45	136	#
431	180749	10	16	17	137	#
432	167706	16	17	23	137	#
433	105241	3	9	10	137	#
434	89835	17	18	24	137	#
435	627970	1	2	3	4	5	6	7	8	9	10	11	12	14	15	16	19	138	#
436	919537	1	2	7	8	9	10	15	16	22	23	29	35	36	39	45	46	138	#
437	884456	1	2	3	4	7	8	9	10	11	15	24	29	30	39	45	46	138	#
438	744105	0	1	2	3	4	5	7	8	9	10	11	14	15	16	22	29	138	#
439	726980	0	2	3	7	8	9	10	14	15	16	23	24	26	30	33	34	138	#
440	726164	0	1	2	3	4	5	7	8	9	10	11	14	15	16	18	22	138	#
441	863441	2	3	4	5	6	9	10	12	13	17	18	19	20	25	26	27	32	33	34	48	49	139	#
442	1068708	2	6	7	8	9	10	12	14	15	17	18	19	25	26	27	33	34	38	45	46	47	139	#
443	1047033	2	3	4	5	6	9	12	13	18	19	20	25	26	27	32	33	34	38	39	45	46	139	#
444	1021877	2	3	7	8	9	14	15	16	17	18	19	22	23	25	29	32	36	37	39	44	46	139	#
445	1012340	0	3	4	5	6	7	8	12	13	15	16	17	18	19	20	22	23	26	27	34	41	139	#
446	997971	0	7	8	13	18	19	20	25	26	27	32	33	34	37	38	39	40	44	45	46	47	139	#
447	1256867	1	2	3	4	7	8	9	11	14	15	16	17	18	19	21	22	23	24	26	29	30	31	32	38	39	46	140	#
448	1490914	1	2	3	4	9	10	11	12	13	16	17	18	19	24	25	26	27	32	34	38	39	41	45	46	47	48	140	#
449	1364861	2	3	4	7	8	9	10	11	14	15	16	17	18	19	22	24	25	32	38	39	40	41	45	46	47	48	140	#
450	1360361	0	1	2	3	7	8	9	10	11	14	15	16	17	18	19	21	22	23	24	25	29	31	32	39	46	47	140	#
451	1336829	1	2	3	4	9	10	11	14	17	18	19	22	23	24	25	31	32	34	39	40	41	45	46	47	48	50	140	#
452	1323446	0	2	3	4	7	8	9	10	11	14	15	16	17	18	19	21	22	23	24	25	26	27	30	32	34	39	140	#
453	115538	6	7	15	22	#
454	63584	19	#
455	594236	3	8	9	10	14	15	16	17	21	22	23	28	29	30	35	36	142	#
456	838734	1	2	3	6	8	9	10	11	12	13	16	17	18	19	23	25	142	#
457	823130	1	2	3	6	8	9	10	11	12	14	16	17	18	23	25	26	142	#
458	805042	1	2	3	8	9	10	11	12	15	17	18	19	25	26	32	33	142	#
459	793999	1	2	8	9	10	11	14	15	16	18	21	22	23	28	29	35	142	#
460	766483	2	3	8	9	10	11	12	13	17	18	19	24	25	26	32	33	142	#
461	64306	31	32	38	#
462	150623	16	17	24	143	#
463	204659	16	23	24	143	#
464	1112375	1	2	3	4	5	7	8	9	10	11	12	13	14	15	17	18	19	20	21	23	24	25	26	27	31	32	33	34	38	39	144	#
465	1537965	0	1	2	3	7	8	9	10	12	14	15	16	18	19	21	22	25	26	27	28	29	30	31	33	35	36	37	38	42	43	144	#
466	1530073	0	7	8	9	10	14	15	16	17	18	19	21	22	25	26	28	29	30	31	33	34	35	36	37	38	42	43	44	45	54	144	#
467	1490497	0	4	5	7	8	12	13	14	15	18	19	22	24	26	27	29	30	31	33	34	35	36	37	38	39	40	41	44	47	48	144	#
468	1478765	0	1	2	7	8	9	10	12	13	14	15	16	17	18	19	23	24	25	26	27	29	31	33	34	35	36	41	42	43	48	144	#
469	1406740	0	4	5	7	8	9	11	12	13	14	15	16	17	18	19	21	22	23	25	26	28	29	30	31	35	36	37	38	42	43	144	#
470	1391950	1	2	4	5	6	7	8	9	10	11	12	14	17	18	19	20	21	22	23	24	25	26	27	28	29	30	31	32	33	38	39	40	45	49	145	#
471	1814642	1	2	8	9	10	14	16	17	21	22	23	24	25	26	27	28	29	30	31	32	34	35	36	37	38	39	40	41	43	44	45	46	47	48	145	#
472	1770297	3	8	9	10	14	16	17	18	19	21	22	23	24	25	26	27	28	29	30	31	32	33	34	35	36	38	39	40	41	44	45	46	47	48	145	#
473	1756573	2	7	8	9	10	11	14	15	16	17	18	19	21	22	23	24	25	26	27	28	29	30	31	32	33	34	35	36	38	39	43	45	46	47	145	#
474	1754459	5	9	10	11	12	17	18	19	20	21	22	23	24	25	26	27	28	29	30	31	32	33	34	35	36	38	39	40	41	43	45	46	47	48	145	#
475	1751177	5	9	10	11	12	14	16	17	18	19	20	21	22	23	24	25	27	28	29	30	31	32	33	35	36	38	39	40	41	44	45	46	47	48	145	#
476	782317	4	5	11	12	13	17	19	20	21	22	23	24	25	26	27	30	31	32	33	34	38	39	40	46	146	#
477	1169798	2	7	8	9	14	16	19	21	22	23	24	25	26	27	29	30	31	32	33	34	38	39	46	52	146	#
478	1106860	1	2	3	4	7	8	9	10	11	16	17	18	19	20	24	25	26	31	32	33	34	38	39	46	146	#
479	1000601	1	2	3	7	8	9	14	15	16	17	21	22	23	24	25	28	29	30	31	35	36	38	39	43	146	#
480	974668	0	1	2	7	8	9	14	15	16	21	22	23	24	28	29	30	31	32	35	36	39	41	42	43	146	#
481	972555	7	14	15	19	21	22	24	25	26	29	30	31	32	33	34	36	38	39	40	43	45	46	47	48	146	#
482	406939	3	8	9	10	17	24	25	26	29	30	31	32	33	37	39	40	147	#
483	609927	18	20	24	25	26	27	31	32	33	34	39	40	41	46	47	48	147	#
484	596265	13	17	18	20	24	25	26	27	32	33	34	39	40	41	47	48	147	#
485	596187	0	4	5	6	7	11	14	16	17	18	20	24	25	26	27	33	147	#
486	587901	17	18	19	24	25	26	27	30	31	33	34	37	40	41	47	48	147	#
487	575536	3	7	8	9	10	14	17	18	21	22	24	25	26	31	33	38	147	#
488	342406	0	2	7	8	9	10	14	15	16	17	22	148	#
489	455640	0	7	8	14	15	16	22	23	24	30	31	148	#
490	440273	0	7	14	15	16	21	22	28	29	30	36	148	#
491	439461	0	7	8	14	15	21	22	28	35	36	43	148	#
492	388799	1	2	3	4	5	6	9	10	11	12	13	148	#
493	370786	2	8	9	14	15	16	22	23	24	29	30	148	#
494	75780	17	18	149	#
495	66362	18	19	149	#
496	122535	1	2	#
497	495814	15	16	18	22	23	24	25	28	29	30	31	35	36	150	#
498	742649	0	15	16	21	22	23	24	28	29	30	35	36	43	150	#
499	665499	11	16	18	19	20	22	23	24	25	26	29	32	33	150	#
500	647772	5	6	11	12	16	17	18	19	20	23	24	26	27	150	#
501	645328	7	15	16	21	22	23	24	28	29	35	36	42	43	150	#
502	623105	16	17	21	22	23	24	28	29	30	35	36	42	43	150	#
503	1385644	0	7	8	9	13	14	15	17	19	20	21	22	23	24	25	26	27	28	30	31	32	33	34	35	36	38	39	40	41	42	44	45	46	48	53	151	#
504	1786729	0	1	2	7	8	9	10	11	14	15	16	17	21	22	23	24	25	26	27	31	32	33	34	35	36	37	38	39	40	41	44	45	46	47	51	151	#
505	1705161	0	1	2	4	7	8	9	10	11	14	15	16	17	19	21	22	23	24	25	26	27	29	30	31	32	33	34	35	36	38	39	40	44	45	46	151	#
506	1663542	0	1	2	4	5	6	7	8	9	10	11	12	13	14	15	16	17	18	19	20	21	22	23	26	27	29	32	33	34	37	38	40	44	45	46	151	#
507	1662787	0	2	4	5	7	8	9	10	11	14	15	16	17	18	21	22	23	25	26	27	29	30	31	32	33	34	35	36	37	38	39	40	43	44	45	151	#
508	1645105	0	4	5	7	8	11	13	14	15	19	20	21	22	23	24	25	26	27	30	31	32	33	34	36	37	38	39	40	41	43	44	45	46	47	48	151	#
509	112729	17	23	24	152	#
510	110539	23	24	53	152	#
511	105302	23	24	31	152	#
512	104646	17	24	25	152	#
513	248870	31	38	39	46	153	#
514	291263	33	38	39	40	153	#
515	256710	31	38	45	46	153	#
516	238997	24	25	31	38	153	#
517	819162	16	20	23	24	27	31	32	33	34	38	39	40	41	46	47	154	#
518	923251	0	7	8	14	15	32	38	39	40	41	44	45	46	47	48	154	#
519	807320	4	11	12	16	18	22	23	24	25	29	30	31	32	38	39	154	#
520	801992	7	14	15	16	17	21	22	23	24	25	28	31	32	38	39	154	#
521	768069	12	16	17	18	19	20	23	24	25	27	32	38	39	40	46	154	#
522	766885	2	3	4	11	12	24	25	32	38	39	40	41	46	47	48	154	#
523	789651	2	3	7	8	9	14	15	16	21	22	23	28	30	37	155	#
524	927834	0	2	7	8	9	14	15	21	22	23	30	31	38	45	155	#
525	839703	2	3	7	8	9	10	14	15	16	17	21	22	23	30	155	#
526	811508	0	2	3	7	8	9	14	15	16	21	22	23	28	35	155	#
527	776392	0	1	2	3	7	8	9	10	15	16	17	22	23	49	155	#
528	772655	7	8	14	15	21	22	23	28	29	30	36	37	38	43	155	#
529	798808	4	6	7	8	10	11	12	15	17	18	19	22	23	24	25	26	29	156	#
530	937780	1	2	8	9	10	11	12	14	15	17	18	22	23	24	25	26	29	156	#
531	917918	1	2	8	9	10	11	12	14	15	16	17	18	21	23	24	25	28	156	#
532	893859	1	2	4	5	6	8	9	10	11	12	17	24	31	36	38	43	45	156	#
533	890311	0	2	7	8	9	10	11	12	14	15	17	21	22	23	28	35	45	156	#
534	860228	8	9	10	11	14	15	17	18	21	22	23	24	25	28	31	38	42	156	#
535	194516	0	7	8	14	157	#
536	212062	0	1	7	14	157	#
537	97465	14	15	21	22	157	#
538	82447	8	9	16	17	157	#
539	108742	3	4	158	#
540	116305	3	21	158	#
541	49788	4	5	158	#
542	1074697	3	9	10	15	16	17	18	21	22	23	24	25	29	30	31	32	36	37	38	39	40	44	45	46	47	52	159	#
543	1311325	0	7	12	13	15	16	20	22	23	25	27	30	31	32	33	34	37	38	39	40	41	44	45	46	47	48	159	#
544	1307306	1	2	3	4	5	7	9	10	11	12	15	16	17	21	22	23	24	30	31	32	37	38	39	44	45	46	159	#
545	1252831	0	1	2	3	4	5	7	8	9	10	11	12	13	14	15	16	17	18	19	20	23	24	30	31	38	45	159	#
546	1249799	0	7	8	10	14	15	16	17	18	21	22	23	24	25	28	30	31	32	33	36	37	38	45	46	50	52	159	#
547	1208966	1	2	3	9	10	16	17	23	24	28	29	30	31	32	33	35	36	37	38	39	42	44	45	46	47	50	159	#
548	1018322	7	11	14	18	21	22	23	24	25	26	30	31	37	38	39	44	45	46	160	#
549	1007580	0	2	7	9	10	14	16	17	18	19	21	22	23	24	25	26	28	35	160	#
550	1003982	16	17	18	19	22	23	24	25	31	32	33	37	38	39	40	44	45	46	160	#
551	941348	17	18	19	22	23	24	25	26	29	30	31	37	38	39	40	44	45	46	160	#
552	918248	0	7	14	17	18	21	22	23	24	25	28	30	31	35	37	38	39	52	160	#
553	916167	4	11	18	19	23	24	25	26	27	30	33	34	37	38	39	40	46	47	160	#
