%% File generated by CATS v.2.1Mon Aug 19 18:51:15 2019

%% The CATS webpage is http://robotics.stanford.edu/CATS

%% PARAMETER SETTINGS:
% Goods: 25; Bids: 250; Distribution: regions-upv; Runs: 10; Seed: 1566246941
% Regions Distribution Parameters:
% Max Substitutable Bids = 5
% Removing HV Neighbor   = 0.1
% Adding DIAG Neighbor   = 0.2
% Additional Location    = 0.9
% Jump Probability       = 0.05
% Additivity             = 0.2
% Budget Factor          = 1.5
% Resale Factor          = 0.5
% Uniform Private Value:
%   Deviation            = 0.5
%   Max Good Value       = 100



goods 25
bids 255
dummy 49

0	193066	16	20	21	22	23	25	#
1	215138	16	17	20	21	22	25	#
2	177786	7	17	20	21	22	25	#
3	243715	19	23	24	#
4	171341	11	16	17	22	23	25	#
5	148807	17	20	21	22	23	25	#
6	184300	15	16	20	21	26	#
7	229150	16	17	21	22	26	#
8	211935	15	16	17	20	26	#
9	188495	6	11	15	20	26	#
10	129224	6	7	10	15	26	#
11	380439	8	13	14	18	19	24	27	#
12	473180	2	7	8	13	14	16	27	#
13	388821	13	17	18	22	23	24	27	#
14	380418	8	13	17	18	19	24	27	#
15	367681	7	8	13	14	18	19	27	#
16	326968	0	5	8	13	17	18	27	#
17	75055	12	#
18	467194	2	3	6	8	10	11	12	13	37	#
19	515837	5	6	10	11	15	16	17	20	21	29	#
20	588934	2	3	4	5	6	7	10	11	15	29	#
21	584534	2	4	5	6	7	9	10	11	14	29	#
22	508935	5	6	10	11	16	17	18	21	22	29	#
23	505701	1	2	3	5	6	7	10	11	15	29	#
24	477805	0	5	6	10	11	15	16	20	21	29	#
25	237059	8	12	16	17	20	21	30	#
26	339522	7	8	12	13	15	20	30	#
27	290678	8	12	17	20	21	22	30	#
28	267913	15	17	20	21	22	23	30	#
29	249247	4	7	8	9	12	13	30	#
30	238422	5	10	11	15	20	21	30	#
31	86626	16	#
32	114721	2	3	8	#
33	149601	6	7	31	#
34	87475	6	11	31	#
35	494981	0	1	5	6	8	10	11	12	13	15	20	32	#
36	640897	3	5	6	7	8	10	11	12	13	16	17	32	#
37	628073	1	5	6	8	10	11	12	15	16	17	20	32	#
38	622951	2	3	5	6	7	8	10	11	12	15	16	32	#
39	613304	5	6	7	8	10	11	13	16	17	18	22	32	#
40	609730	3	4	5	6	7	8	9	10	12	13	19	32	#
41	496425	2	3	4	6	7	8	9	10	15	33	#
42	648308	4	8	9	12	13	14	18	19	24	33	#
43	581939	1	2	5	6	7	8	10	15	22	33	#
44	573932	1	5	6	7	8	9	11	12	13	33	#
45	516777	2	3	4	6	7	8	9	10	14	33	#
46	502463	0	1	5	6	10	11	15	16	22	33	#
47	222003	0	5	10	34	#
48	175164	5	10	15	34	#
49	1313441	0	1	2	3	4	5	6	7	8	9	10	11	12	13	14	15	16	17	18	19	20	21	22	23	24	#
50	352121	2	3	4	8	13	35	#
51	264723	2	3	4	8	12	35	#
52	233467	3	8	13	14	19	35	#
53	231310	2	3	4	8	9	35	#
54	45805	20	21	#
55	666309	1	6	8	11	12	15	16	17	20	21	22	23	36	#
56	763301	1	5	6	7	11	12	15	16	17	20	21	22	36	#
57	666704	1	3	6	7	11	12	15	17	20	21	22	23	36	#
58	661914	5	6	7	8	9	11	15	16	17	20	21	22	36	#
59	655242	7	8	11	12	13	15	16	17	20	21	22	23	36	#
60	642337	1	6	7	10	11	15	16	17	18	20	21	22	36	#
61	559466	1	2	6	7	8	10	12	15	37	#
62	642014	1	2	3	4	6	7	8	10	37	#
63	609202	2	3	4	6	7	8	12	13	37	#
64	602369	0	1	2	3	4	5	6	7	37	#
65	511254	0	2	3	5	6	7	8	10	37	#
66	253734	15	20	21	22	38	#
67	278887	17	20	21	22	38	#
68	229029	17	18	21	22	38	#
69	177050	5	10	11	15	38	#
70	147217	10	11	15	20	38	#
71	124580	5	10	#
72	897027	0	1	5	6	10	11	12	15	16	17	18	19	21	22	23	24	39	#
73	1017210	0	1	2	3	5	6	7	10	11	12	15	16	17	18	21	22	39	#
74	976433	2	3	4	5	6	7	10	15	16	17	18	19	21	22	23	24	39	#
75	955909	1	2	3	5	6	7	10	11	12	15	16	17	18	21	22	23	39	#
76	915439	0	1	5	6	7	10	11	12	15	16	17	18	21	22	23	24	39	#
77	915419	1	3	5	6	7	11	12	15	16	17	18	20	21	22	23	24	39	#
78	618243	10	11	12	15	16	17	18	19	22	23	24	40	#
79	778401	6	11	13	15	16	17	18	20	22	23	24	40	#
80	734807	1	6	11	12	15	16	17	18	19	20	22	40	#
81	711628	4	9	13	14	15	16	18	19	22	23	24	40	#
82	674661	1	6	7	10	11	13	15	16	17	18	19	40	#
83	671194	1	6	7	10	11	12	15	16	20	21	22	40	#
84	332786	3	4	7	8	9	13	41	#
85	433636	3	4	5	6	7	8	41	#
86	376204	3	4	6	7	8	9	41	#
87	357140	11	13	15	16	17	22	41	#
88	309826	3	4	8	9	12	13	41	#
89	309724	2	3	4	8	9	12	41	#
90	338092	17	18	19	22	23	24	42	#
91	401235	16	20	21	22	23	24	42	#
92	350565	16	19	21	22	23	24	42	#
93	340242	13	14	18	19	23	24	42	#
94	312137	8	13	17	18	19	24	42	#
95	306400	8	9	14	19	23	24	42	#
96	19150	3	#
97	457823	1	5	6	10	11	16	43	#
98	486651	1	6	11	12	16	22	43	#
99	437199	1	5	6	10	11	15	43	#
100	435902	1	6	11	12	15	20	43	#
101	359895	5	10	11	14	15	20	43	#
102	313580	10	11	16	17	18	22	43	#
103	634358	3	4	6	7	8	16	17	18	21	22	23	44	#
104	677899	11	15	16	17	18	19	20	21	22	23	24	44	#
105	676798	6	11	13	15	17	18	20	21	22	23	24	44	#
106	640230	3	4	7	8	9	12	13	16	22	23	24	44	#
107	611110	11	13	15	16	17	18	19	20	21	22	23	44	#
108	534489	3	4	7	8	9	14	17	19	21	22	23	44	#
109	62968	14	#
110	313175	6	7	8	10	11	12	45	#
111	468146	1	4	6	11	16	22	45	#
112	430200	10	11	12	15	16	24	45	#
113	387518	2	6	7	8	11	15	45	#
114	380549	6	7	10	11	15	16	45	#
115	308265	6	7	8	11	12	15	45	#
116	823961	0	3	4	5	6	7	9	10	11	13	14	15	16	17	18	19	20	21	22	46	#
117	941220	0	1	2	3	4	5	6	7	9	10	11	14	15	16	20	21	22	23	24	46	#
118	931550	0	1	2	3	4	5	6	7	9	10	11	13	14	15	16	17	19	20	24	46	#
119	923181	0	1	2	3	5	6	7	10	11	12	14	15	16	18	19	20	21	22	24	46	#
120	921531	0	2	4	5	6	7	9	10	11	13	14	15	16	17	18	19	20	21	22	46	#
121	918400	0	1	2	3	4	5	6	7	10	11	14	15	16	17	18	19	20	21	22	46	#
122	394192	13	18	19	22	23	24	47	#
123	417515	2	7	21	22	23	24	47	#
124	401638	13	17	18	22	23	24	47	#
125	389667	7	8	13	17	18	22	47	#
126	324977	11	16	20	21	22	23	47	#
127	273620	13	14	18	19	23	24	47	#
128	320662	19	22	23	24	48	#
129	245072	14	19	23	24	48	#
130	233444	3	7	16	23	48	#
131	230569	13	18	19	24	48	#
132	198141	15	16	17	22	48	#
133	289704	3	7	8	12	13	18	49	#
134	407585	2	7	8	13	18	19	49	#
135	372395	7	8	12	13	18	19	49	#
136	368044	2	7	8	10	11	12	49	#
137	324894	2	3	7	8	13	18	49	#
138	305933	2	3	8	12	13	18	49	#
139	340319	0	5	6	10	11	15	16	50	#
140	442208	5	6	8	10	11	12	16	50	#
141	429003	0	5	10	11	15	16	22	50	#
142	406793	2	3	5	6	7	11	16	50	#
143	381866	10	11	12	15	16	17	22	50	#
144	354647	0	5	10	11	12	15	20	50	#
145	720188	1	2	3	4	5	6	7	8	9	10	13	51	#
146	770264	1	2	3	5	6	7	8	10	11	16	22	51	#
147	676163	2	3	4	5	6	7	8	9	10	12	13	51	#
148	671502	1	2	3	4	5	6	7	8	9	10	14	51	#
149	652534	0	1	3	5	6	7	8	9	10	11	16	51	#
150	652532	1	5	6	7	8	9	10	11	12	13	16	51	#
151	169948	2	6	7	11	52	#
152	225082	6	7	21	22	52	#
153	188936	2	3	8	9	52	#
154	640976	2	3	4	5	6	7	9	10	11	12	14	16	17	19	21	22	53	#
155	730896	2	3	4	5	6	7	9	10	11	12	13	14	15	19	20	24	53	#
156	729183	0	1	2	3	4	5	6	7	9	10	11	12	13	14	19	24	53	#
157	709700	1	2	3	4	6	7	9	10	11	12	13	14	15	16	19	20	53	#
158	698298	2	3	4	5	6	7	9	10	11	12	13	14	16	17	19	24	53	#
159	691902	1	2	3	4	5	6	7	8	9	10	11	12	13	14	19	24	53	#
160	614493	5	8	10	11	12	13	14	15	16	17	18	19	24	54	#
161	821276	1	2	4	5	6	7	8	9	10	11	12	15	16	54	#
162	772974	0	1	2	5	6	7	10	11	12	15	16	20	21	54	#
163	725051	0	1	2	3	5	6	7	10	11	12	15	16	20	54	#
164	700833	4	6	7	8	9	12	13	14	16	17	18	19	24	54	#
165	700517	1	2	3	5	6	7	8	10	11	12	15	16	17	54	#
166	239185	2	3	4	8	55	#
167	289053	2	3	4	7	55	#
168	243640	2	3	4	9	55	#
169	121283	3	4	8	12	55	#
170	114703	4	9	#
171	788262	0	2	3	4	5	7	8	9	10	11	12	14	15	18	19	56	#
172	967124	0	1	2	5	6	7	10	11	12	14	15	16	17	18	19	56	#
173	962556	0	1	2	3	4	5	6	7	9	10	11	12	14	15	16	56	#
174	913885	0	1	2	3	4	5	6	7	8	9	10	11	12	15	16	56	#
175	897513	0	1	5	6	10	11	12	15	16	17	18	19	22	23	24	56	#
176	889386	1	2	3	4	5	6	7	8	9	10	11	12	13	14	19	56	#
177	289177	3	4	8	9	13	57	#
178	332253	2	3	4	8	9	57	#
179	275912	3	4	8	9	12	57	#
180	262874	2	3	8	9	13	57	#
181	209705	8	9	13	14	17	57	#
182	220930	10	11	15	16	17	18	58	#
183	295502	11	15	16	17	18	20	58	#
184	292971	10	11	15	16	20	21	58	#
185	251509	1	6	10	15	16	17	58	#
186	122566	14	17	18	19	24	69	#
187	127789	11	16	17	22	23	69	#
188	229840	1	6	11	60	#
189	303587	1	6	7	60	#
190	180606	11	12	16	60	#
191	220154	0	5	10	61	#
192	107181	10	15	20	61	#
193	739133	9	11	13	14	16	17	18	19	20	21	22	23	24	62	#
194	903131	4	5	9	13	14	16	17	18	19	20	21	22	24	62	#
195	819579	1	6	7	10	11	15	16	17	20	21	22	23	24	62	#
196	809124	3	4	6	7	8	12	13	14	16	17	18	21	22	62	#
197	786990	4	7	8	9	13	14	17	18	19	21	22	23	24	62	#
198	763951	0	10	13	14	15	16	17	18	20	21	22	23	24	62	#
199	513039	2	6	7	11	12	15	16	17	63	#
200	554153	2	5	6	7	11	12	15	16	63	#
201	480209	2	3	4	6	7	11	15	16	63	#
202	392526	2	3	5	6	7	11	14	15	63	#
203	371719	1	6	7	11	12	13	14	16	63	#
204	340090	6	7	10	11	12	15	16	17	63	#
205	87344	0	#
206	149683	10	11	12	64	#
207	102410	8	11	12	64	#
208	389303	6	10	11	12	16	17	22	23	65	#
209	529767	1	6	11	12	15	16	20	22	65	#
210	460649	1	6	10	11	15	16	20	22	65	#
211	408908	1	6	10	11	12	15	20	21	65	#
212	403032	13	16	17	18	20	21	22	23	65	#
213	377044	5	6	7	10	11	12	15	20	65	#
214	408002	8	9	12	13	14	18	19	23	24	66	#
215	553657	1	6	10	11	16	20	21	22	23	66	#
216	520588	6	11	16	18	19	21	22	23	24	66	#
217	450674	3	8	13	14	18	19	20	21	22	66	#
218	439490	8	9	13	14	18	19	22	23	24	66	#
219	420151	2	3	5	8	9	10	11	12	14	66	#
220	1220904	0	2	3	4	5	6	7	8	9	10	11	12	13	14	15	16	17	18	19	20	21	22	23	24	67	#
221	1308254	0	1	2	4	5	6	7	8	9	10	11	12	13	14	15	16	17	18	19	20	21	22	23	24	67	#
222	1290814	0	1	2	3	4	5	6	7	8	9	10	11	12	13	14	15	16	17	19	20	21	22	23	24	67	#
223	1280528	0	1	2	3	4	5	6	7	8	9	10	11	12	14	15	16	17	18	19	20	21	22	23	24	67	#
224	1279694	0	1	2	3	4	5	6	7	8	9	10	11	12	13	14	15	16	17	18	19	20	22	23	24	67	#
225	1277675	0	1	2	3	4	5	6	8	9	10	11	12	13	14	15	16	17	18	19	20	21	22	23	24	67	#
226	129847	11	16	68	#
227	141055	16	17	68	#
228	98483	6	11	68	#
229	79089	2	#
230	681472	1	2	3	4	5	6	7	8	9	10	11	12	71	#
231	229207	6	11	16	22	23	69	#
232	176373	13	14	18	19	24	69	#
233	152908	7	8	13	14	18	69	#
234	136751	2	3	7	70	#
235	198615	2	7	8	70	#
236	130460	3	4	7	70	#
237	86142	3	7	8	70	#
238	540302	2	3	4	6	7	8	9	11	12	13	15	18	71	#
239	784855	0	1	2	3	4	5	6	7	8	9	11	12	71	#
240	762624	0	2	3	4	5	6	7	8	10	11	12	24	71	#
241	693098	1	2	5	6	7	8	11	12	15	16	20	22	71	#
242	691591	0	2	3	4	5	6	7	8	9	12	13	23	71	#
243	892266	3	6	7	8	10	11	13	14	16	17	18	19	21	22	23	24	72	#
244	1045681	1	3	4	6	7	8	11	13	14	16	17	18	19	22	23	24	72	#
245	984396	1	6	7	8	10	11	13	14	17	18	19	20	21	22	23	24	72	#
246	961188	1	6	8	10	11	13	14	16	17	18	19	20	21	22	23	24	72	#
247	950919	1	2	3	6	7	8	10	11	12	13	14	16	17	18	19	24	72	#
248	948885	1	3	6	7	8	10	11	12	13	14	16	17	18	19	23	24	72	#
249	195279	0	5	15	16	17	73	#
250	265874	0	5	6	11	16	73	#
251	189394	11	16	17	18	19	73	#
252	171234	0	5	10	11	15	73	#
253	164220	5	6	10	15	20	73	#
254	102292	10	11	12	15	16	73	#
