%% File generated by CATS v.2.1Mon Aug 19 20:31:22 2019

%% The CATS webpage is http://robotics.stanford.edu/CATS

%% PARAMETER SETTINGS:
% Goods: 50; Bids: 500; Distribution: regions; Runs: 10; Seed: 1566264752
% Regions Distribution Parameters:
% Max Substitutable Bids = 5
% Removing HV Neighbor   = 0.1
% Adding DIAG Neighbor   = 0.2
% Additional Location    = 0.9
% Jump Probability       = 0.05
% Additivity             = 0.2
% Budget Factor          = 1.5
% Resale Factor          = 0.5
% Uniform Private Value:
%   Deviation            = 0.5
%   Max Good Value       = 100



goods 50
bids 500
dummy 90

0	262423	7	14	15	50	#
1	235308	15	22	23	50	#
2	202708	0	7	15	50	#
3	187284	14	21	22	50	#
4	506762	31	32	33	38	45	46	51	#
5	549479	24	25	32	33	36	43	51	#
6	503563	25	31	32	38	45	46	51	#
7	487391	17	24	25	30	31	32	51	#
8	398049	29	30	31	32	38	46	51	#
9	396640	21	22	31	38	45	46	51	#
10	3023184	1	2	3	4	5	6	8	9	10	11	12	13	14	15	16	17	18	19	20	21	22	23	24	25	26	28	29	30	31	32	33	35	36	37	38	39	40	41	42	43	44	45	46	47	48	52	#
11	3109059	1	2	3	4	5	6	7	8	9	10	11	12	13	14	15	16	17	18	19	20	21	22	23	24	25	26	28	29	30	31	32	33	35	36	37	38	39	40	41	42	43	44	45	46	47	52	#
12	3102927	1	2	3	4	5	6	7	8	9	10	11	12	13	14	15	16	17	18	19	20	21	22	23	24	25	26	28	29	30	31	32	33	34	35	36	37	38	39	40	41	42	43	45	46	47	52	#
13	3088919	0	1	2	3	4	5	6	7	8	9	10	11	12	13	14	15	16	17	18	19	20	21	22	23	24	25	26	28	29	30	31	32	33	35	36	37	38	39	40	41	42	43	45	46	47	52	#
14	3086340	0	1	2	3	4	5	6	7	8	9	10	11	12	13	14	15	16	17	18	19	20	21	22	23	24	25	26	28	29	30	31	32	33	36	37	38	39	40	41	42	43	45	46	47	48	52	#
15	3071719	0	1	2	3	4	5	6	7	8	9	10	11	12	13	14	15	16	17	18	19	20	21	22	23	24	25	26	28	29	30	31	32	33	36	37	38	39	40	41	42	43	44	45	46	47	52	#
16	110547	37	#
17	113259	4	#
18	839555	13	18	19	20	26	33	37	38	39	40	46	53	#
19	858442	5	6	12	13	18	19	20	26	27	33	34	53	#
20	852072	6	11	12	13	18	19	20	26	27	33	34	53	#
21	836504	11	12	13	17	18	19	20	24	25	26	27	53	#
22	820698	3	6	10	11	12	13	17	18	19	20	27	53	#
23	814735	12	13	19	20	31	38	39	40	45	46	47	53	#
24	2368377	0	1	2	3	7	8	9	10	11	12	13	14	15	16	17	19	20	21	22	23	24	25	26	27	29	30	31	32	33	34	37	40	41	46	47	54	#
25	2514036	0	1	2	3	4	7	8	9	10	11	12	13	14	15	16	17	19	20	21	22	24	25	26	27	33	34	36	39	40	41	43	45	46	47	48	54	#
26	2498622	0	1	2	3	4	5	6	7	8	9	10	11	12	13	14	15	16	17	20	21	22	23	24	25	26	27	32	33	34	38	40	41	45	46	47	54	#
27	2448973	2	3	4	5	7	8	9	10	11	12	13	14	15	16	17	19	20	22	23	24	25	26	27	31	32	33	34	38	39	40	41	45	46	47	48	54	#
28	2445112	0	1	2	3	4	5	7	8	9	10	11	12	13	14	15	16	17	18	19	20	21	22	23	24	25	26	27	33	34	38	40	41	45	46	47	54	#
29	2420133	0	1	2	3	7	8	9	10	11	12	13	14	15	16	17	18	19	20	21	22	23	24	25	26	27	30	31	32	33	34	39	40	41	46	48	54	#
30	537121	0	1	7	8	14	15	21	55	#
31	486670	0	7	8	14	15	21	28	55	#
32	396725	0	1	7	8	9	15	17	55	#
33	382136	0	1	2	3	7	8	15	55	#
34	239561	21	28	29	30	31	35	37	55	#
35	445166	27	34	39	40	41	46	47	48	56	#
36	467133	32	33	34	39	40	41	46	47	56	#
37	452227	32	33	39	40	41	45	46	47	56	#
38	439375	32	33	39	40	41	46	47	48	56	#
39	430977	20	27	34	41	45	46	47	48	56	#
40	427326	32	39	40	41	45	46	47	48	56	#
41	1833569	9	10	16	17	18	22	23	24	25	26	28	29	30	31	32	33	34	36	37	38	39	40	41	42	43	44	45	46	47	57	#
42	2105106	2	3	4	5	7	8	9	10	12	13	14	15	16	17	18	19	21	22	23	24	25	26	29	30	36	37	42	43	44	57	#
43	2063062	2	3	4	7	8	9	10	16	17	18	22	23	24	25	28	29	30	31	36	37	38	39	40	41	42	43	44	45	46	57	#
44	2043068	1	2	3	4	5	8	9	10	11	12	16	17	18	23	24	25	27	30	31	32	34	36	37	39	41	42	43	44	46	57	#
45	2015800	0	1	2	3	4	7	8	9	10	11	12	16	17	18	23	24	25	26	29	30	31	36	37	38	39	42	43	44	45	57	#
46	2011140	2	3	7	8	9	10	12	13	14	15	16	17	18	19	21	22	23	24	25	29	30	36	37	38	39	43	44	45	46	57	#
47	249578	36	37	38	40	46	47	58	#
48	371408	30	31	32	38	45	46	58	#
49	308884	37	38	39	40	45	46	58	#
50	302515	34	40	41	46	47	48	58	#
51	238983	34	39	40	41	47	48	58	#
52	955540	0	1	2	3	4	7	8	10	14	16	17	18	19	24	25	59	#
53	1166026	16	19	21	22	23	24	25	26	27	32	33	34	39	40	41	59	#
54	1066319	7	11	14	17	18	19	23	24	25	31	32	33	38	39	40	59	#
55	1036144	3	4	5	8	9	10	11	16	17	18	19	23	25	26	32	59	#
56	1025921	4	9	10	11	16	17	18	19	24	25	32	34	39	41	47	59	#
57	1014080	3	10	17	18	19	23	24	25	32	38	39	42	43	45	47	59	#
58	913389	9	10	11	16	17	18	19	24	25	26	32	39	47	60	#
59	1037457	4	6	11	12	18	19	20	25	26	27	32	33	39	60	#
60	1020690	9	16	17	18	19	25	26	32	33	34	39	40	41	60	#
61	988767	1	2	4	8	9	11	15	16	17	18	23	24	25	60	#
62	965034	9	16	17	23	24	25	26	30	32	33	38	39	47	60	#
63	950123	9	11	16	17	18	19	24	25	26	32	38	39	47	60	#
64	190939	21	22	61	#
65	250010	14	21	61	#
66	177363	22	23	61	#
67	389615	24	25	30	31	32	62	#
68	486881	17	24	25	31	32	62	#
69	449638	8	9	16	17	24	62	#
70	376654	18	24	25	26	32	62	#
71	351111	22	29	30	31	32	62	#
72	296027	28	29	30	31	32	62	#
73	1702894	10	11	12	16	18	19	21	22	23	24	25	26	27	28	29	30	31	32	34	37	38	39	41	45	46	47	48	63	#
74	1917894	0	1	7	8	14	15	16	19	21	22	23	24	26	27	30	31	32	34	37	38	39	41	43	44	46	47	48	63	#
75	1815984	8	11	18	19	20	21	22	23	24	25	26	27	28	29	30	31	32	34	37	38	39	41	43	44	46	47	48	63	#
76	1766222	11	16	17	18	19	21	22	23	24	25	26	27	29	30	31	32	33	34	37	38	39	41	44	45	46	47	48	63	#
77	1758944	14	15	18	21	22	23	24	25	27	29	30	31	32	33	34	36	37	38	39	41	42	43	44	45	46	47	48	63	#
78	1741887	8	15	18	19	20	21	22	25	26	27	29	30	31	32	34	36	37	38	39	41	43	44	45	46	47	48	49	63	#
79	739100	19	20	25	26	27	32	34	39	41	47	64	#
80	803013	20	25	26	27	32	33	34	39	41	47	64	#
81	802780	25	26	27	32	33	34	39	41	46	47	64	#
82	752619	18	19	25	26	27	32	33	34	39	41	64	#
83	746963	6	13	18	19	20	25	26	27	32	33	64	#
84	716122	19	25	26	32	33	39	40	41	47	48	64	#
85	421494	10	11	16	17	18	24	65	#
86	539563	16	17	23	24	30	37	65	#
87	479920	10	16	17	18	23	24	65	#
88	414648	10	11	12	17	18	24	65	#
89	371291	3	10	11	12	17	18	65	#
90	348352	2	9	10	16	17	24	65	#
91	10064	46	#
92	696304	17	18	23	30	36	37	42	43	44	66	#
93	711977	7	15	16	17	22	23	24	29	30	66	#
94	704671	16	23	29	30	36	37	42	43	44	66	#
95	691632	23	30	31	32	36	37	42	43	44	66	#
96	655198	8	9	15	16	17	22	23	29	30	66	#
97	639966	23	29	30	31	36	37	42	43	44	66	#
98	425308	6	12	13	19	20	26	27	34	67	#
99	623293	5	10	11	12	13	17	18	20	67	#
100	571431	4	5	11	12	13	19	20	27	67	#
101	571150	6	15	21	22	23	28	29	35	67	#
102	483703	20	26	27	32	33	34	39	40	67	#
103	449855	13	19	20	26	27	32	34	39	67	#
104	934483	23	24	25	26	27	30	32	33	34	39	40	41	46	47	48	68	#
105	976906	13	16	17	19	20	23	24	25	26	27	31	32	34	41	48	68	#
106	965159	23	25	26	29	30	31	32	37	38	39	40	41	46	47	48	68	#
107	926018	25	26	27	29	30	31	32	33	34	39	40	41	46	47	48	68	#
108	919958	10	16	17	18	19	23	24	25	26	27	32	33	40	41	47	68	#
109	893094	25	26	27	30	31	32	33	34	38	39	40	41	46	47	48	68	#
110	494868	7	15	21	22	23	69	#
111	530126	13	21	22	23	29	69	#
112	484673	14	21	22	23	29	69	#
113	378725	0	7	8	15	22	69	#
114	297237	9	10	15	22	29	69	#
115	108365	26	#
116	1159434	0	1	2	7	8	9	14	15	16	22	23	27	29	34	41	48	70	#
117	1154526	13	18	20	25	26	27	31	32	33	34	38	39	41	46	47	48	70	#
118	1113841	13	20	26	27	31	32	33	34	37	38	39	41	45	46	47	48	70	#
119	1085521	0	1	2	3	7	8	9	14	15	22	23	25	29	30	32	39	70	#
120	1069644	4	5	6	7	11	12	13	14	15	16	18	22	23	28	29	35	70	#
121	1059040	0	1	2	7	8	9	14	15	16	17	18	21	22	23	24	28	70	#
122	336631	4	5	11	12	71	#
123	372752	3	4	5	11	71	#
124	330155	11	12	18	25	71	#
125	274812	2	3	4	11	71	#
126	845282	1	2	3	4	5	8	10	11	12	13	19	20	37	72	#
127	1051587	1	2	3	4	5	8	9	11	12	16	18	23	25	72	#
128	1033908	1	2	3	4	5	7	8	9	10	11	14	16	23	72	#
129	979839	1	2	3	4	5	7	8	10	12	13	14	15	19	72	#
130	973337	0	1	2	3	4	5	7	8	10	11	12	14	15	72	#
131	972567	0	1	2	3	4	7	8	14	25	27	32	33	34	72	#
132	591391	7	8	9	14	15	16	17	21	22	73	#
133	702099	3	10	16	17	18	23	25	29	30	73	#
134	664083	7	8	14	15	21	22	28	29	30	73	#
135	656619	7	14	15	39	40	41	46	47	48	73	#
136	594851	7	8	9	14	15	21	28	29	35	73	#
137	585719	7	14	15	21	22	28	29	30	35	73	#
138	1376373	0	7	14	15	16	18	21	22	23	24	25	28	29	30	31	32	35	37	39	74	#
139	1403900	0	7	14	15	16	21	22	23	26	28	29	30	31	32	35	37	39	45	46	74	#
140	1394812	0	7	10	14	15	16	17	21	22	23	28	29	30	31	32	35	37	39	42	74	#
141	1356672	15	21	22	23	25	26	28	29	30	31	32	35	36	37	38	39	42	43	46	74	#
142	1345372	0	7	8	10	11	14	15	16	17	21	22	23	28	29	30	31	35	36	37	74	#
143	1326392	0	7	14	15	16	21	22	23	28	29	30	31	32	35	36	37	38	39	46	74	#
144	1595929	2	3	4	6	9	10	11	12	13	16	17	19	20	23	24	25	26	27	31	32	33	34	38	39	40	41	46	47	75	#
145	1760527	0	1	2	3	4	6	7	8	9	10	11	12	13	14	15	16	19	21	22	23	24	25	26	27	33	39	40	47	75	#
146	1746813	1	2	3	4	6	7	8	9	10	11	12	13	14	15	16	17	19	22	23	24	25	26	27	29	30	31	33	34	75	#
147	1682605	1	2	3	4	7	9	10	11	12	15	16	17	22	23	24	25	26	28	29	32	33	38	39	40	41	46	47	48	75	#
148	1680052	1	2	3	4	6	9	10	11	12	13	14	16	17	19	20	21	22	23	24	25	26	27	33	34	39	41	47	48	75	#
149	1668185	1	6	7	8	9	10	11	12	13	14	15	16	17	19	20	21	22	23	24	25	26	27	28	31	32	33	34	39	75	#
150	133779	5	#
151	328503	6	10	11	12	13	76	#
152	377069	11	12	13	19	20	76	#
153	368454	6	11	12	13	20	76	#
154	260774	9	10	11	12	19	76	#
155	238208	3	10	11	12	19	76	#
156	164341	6	13	38	39	47	76	#
157	1983636	1	2	4	6	8	9	10	11	12	13	14	15	16	17	19	20	21	22	23	24	25	26	27	29	33	34	38	40	41	45	46	47	48	77	#
158	2145242	1	4	5	8	9	10	11	12	13	15	16	17	20	21	22	23	24	25	26	27	29	30	31	32	33	34	36	37	38	40	43	45	46	77	#
159	2112635	1	4	5	8	9	10	11	12	13	15	16	17	19	20	23	24	25	26	27	31	32	33	34	37	38	39	40	41	44	45	46	47	48	77	#
160	2086409	3	4	8	9	10	11	12	13	15	16	17	19	20	22	23	24	25	26	27	29	31	32	33	34	36	40	41	42	43	44	45	46	47	77	#
161	2084792	1	5	8	9	12	13	16	20	21	22	23	24	25	26	27	28	29	30	31	32	33	34	35	36	37	38	40	41	44	45	46	47	48	77	#
162	2075798	7	8	11	12	13	14	15	20	21	22	23	24	25	26	27	28	29	30	31	32	33	34	36	37	38	39	40	41	44	45	46	47	48	77	#
163	77463	30	#
164	1509109	5	8	12	15	19	20	22	24	25	26	27	28	29	30	31	34	36	37	38	42	43	44	46	78	#
165	1689824	2	4	5	8	9	10	11	12	14	15	16	17	21	22	23	24	28	29	30	31	35	37	38	78	#
166	1652712	14	21	22	24	25	26	29	30	31	33	34	36	37	38	39	40	41	42	43	45	46	47	48	78	#
167	1645810	2	9	10	14	16	17	21	22	23	24	25	28	29	30	31	35	37	38	39	45	46	47	48	78	#
168	1636823	8	9	14	15	16	17	21	22	23	24	25	28	29	30	31	35	36	37	38	39	45	46	47	78	#
169	1635061	4	5	9	11	12	16	17	18	19	20	22	23	24	25	26	27	32	33	34	37	40	41	48	78	#
170	460369	2	3	4	10	17	24	79	#
171	457932	9	16	17	18	24	25	79	#
172	435937	2	3	4	5	9	11	79	#
173	420167	2	3	4	9	10	17	79	#
174	407919	10	17	24	25	32	39	79	#
175	392622	2	3	8	9	10	17	79	#
176	608104	21	23	28	29	30	31	36	37	38	42	43	44	80	#
177	858245	4	5	8	14	15	21	22	23	28	29	30	37	80	#
178	816489	8	9	14	15	16	17	21	22	23	28	29	30	80	#
179	698448	30	34	36	37	38	41	42	43	44	45	46	47	80	#
180	691055	9	10	11	17	18	23	25	26	30	31	32	33	80	#
181	688079	15	21	22	28	29	30	31	36	37	42	43	44	80	#
182	1705575	3	4	5	9	10	11	12	14	16	17	18	19	21	23	24	25	26	28	29	31	32	33	34	37	38	39	40	41	45	46	47	48	81	#
183	2059008	0	1	3	4	6	7	8	9	11	12	13	15	17	18	19	21	22	23	25	26	27	29	31	32	33	34	39	40	41	42	46	48	81	#
184	2013668	4	11	12	13	16	17	18	21	22	23	25	26	27	28	29	30	31	32	33	34	36	37	38	39	40	41	42	43	44	45	46	48	81	#
185	1928295	1	7	8	9	10	11	12	13	15	16	17	18	19	20	21	22	23	24	25	26	27	28	29	31	32	34	37	38	39	41	44	46	81	#
186	1912396	0	1	3	4	7	8	9	10	11	12	13	15	16	17	18	19	20	21	22	23	24	25	26	27	31	32	34	37	38	39	41	46	81	#
187	1886513	3	4	5	6	10	11	12	13	17	18	19	20	21	22	23	24	25	26	27	28	29	31	32	33	34	38	39	40	41	46	48	49	81	#
188	794579	0	1	2	7	8	9	10	14	15	16	17	82	#
189	984044	4	5	7	8	9	10	11	12	16	17	18	82	#
190	920816	1	2	3	4	8	10	11	12	16	17	18	82	#
191	887433	0	1	2	3	4	5	7	8	12	13	15	82	#
192	874787	7	8	9	10	11	14	15	16	17	22	23	82	#
193	834110	0	1	2	3	4	7	8	10	11	15	18	82	#
194	100807	38	45	46	83	#
195	85315	31	38	39	83	#
196	799515	10	17	18	19	22	23	24	30	37	84	#
197	831089	16	17	21	22	23	24	30	36	37	84	#
198	769982	3	8	9	10	15	16	17	18	24	84	#
199	714159	1	3	8	9	10	16	17	18	24	84	#
200	713847	29	30	36	37	38	42	43	44	45	84	#
201	702687	5	9	10	11	12	17	19	24	29	84	#
202	354090	17	24	25	36	43	85	#
203	457751	24	25	32	33	34	85	#
204	395503	17	18	24	31	36	85	#
205	340134	30	36	37	43	44	85	#
206	305830	16	22	23	24	30	85	#
207	298016	30	31	36	37	38	85	#
208	1562006	0	1	7	13	14	19	20	21	25	26	27	28	30	31	32	33	34	37	38	39	40	41	44	45	47	48	86	#
209	1847851	4	5	9	10	11	12	13	17	18	19	20	23	24	25	26	27	32	33	34	37	39	40	41	42	43	44	86	#
210	1826466	0	4	5	7	8	9	10	11	12	13	14	19	20	25	26	27	31	32	33	34	37	38	39	40	43	44	86	#
211	1809343	3	4	5	9	10	11	12	13	16	17	19	20	23	24	25	26	27	30	31	32	33	34	37	39	41	44	86	#
212	1737628	0	1	3	4	5	7	8	9	10	11	13	14	15	16	17	18	19	20	21	22	23	24	26	28	29	30	86	#
213	1718506	0	1	3	6	7	8	9	10	11	13	14	15	16	17	21	22	23	24	25	26	28	30	31	32	33	35	86	#
214	2051773	1	2	3	4	5	6	9	10	11	12	13	15	16	17	18	19	21	22	23	24	25	26	27	29	30	31	32	33	34	36	37	87	#
215	2209728	5	9	10	12	15	16	17	21	22	23	24	25	26	27	28	29	30	31	32	33	34	36	37	38	40	41	43	44	45	46	47	87	#
216	2160407	0	1	7	9	10	12	13	14	15	16	17	18	21	22	24	25	26	27	28	29	30	31	32	33	34	35	36	37	38	40	41	87	#
217	2155249	3	4	5	9	10	11	12	13	15	16	17	22	24	25	26	27	28	29	30	31	32	33	34	37	38	39	40	41	44	47	48	87	#
218	2141883	5	7	9	10	14	15	16	17	18	19	21	23	24	25	26	27	29	30	31	32	33	34	37	38	39	40	41	44	46	47	48	87	#
219	2082585	3	4	5	9	10	11	12	16	17	18	23	24	25	26	27	29	30	31	32	33	34	36	37	38	39	40	41	44	46	47	48	87	#
220	347832	36	37	42	43	44	88	#
221	335340	1	8	37	38	44	88	#
222	292685	30	31	36	37	43	88	#
223	246313	30	31	36	37	38	88	#
224	519848	0	1	2	7	8	9	16	49	89	#
225	688885	1	2	7	8	9	14	15	21	89	#
226	681989	8	9	16	17	18	23	30	31	89	#
227	658568	1	7	8	9	15	16	21	22	89	#
228	596559	0	1	2	7	8	9	14	15	89	#
229	589228	0	1	2	7	8	15	22	43	89	#
230	1589737	0	1	2	7	8	9	10	11	14	16	17	18	19	21	22	23	24	25	26	28	29	30	31	35	90	#
231	2015126	3	4	5	7	8	9	10	11	12	14	16	17	18	19	23	24	25	26	30	31	32	33	40	48	90	#
232	1956674	3	4	5	7	8	9	10	11	12	16	17	18	19	20	22	23	24	25	26	29	30	31	32	33	90	#
233	1892777	3	4	5	6	7	8	9	10	11	12	13	16	17	18	19	23	24	25	26	30	31	32	33	40	90	#
234	1887630	3	4	7	8	9	10	11	12	14	16	17	18	19	21	22	23	24	25	28	30	31	32	35	38	90	#
235	1856227	5	6	7	8	9	10	11	12	13	16	17	18	19	20	22	23	24	25	26	27	32	33	34	41	90	#
236	689067	26	27	33	34	40	41	46	47	48	91	#
237	745735	25	26	31	32	33	40	41	47	48	91	#
238	718497	27	32	33	34	40	41	46	47	48	91	#
239	712757	6	13	26	27	31	32	33	34	47	91	#
240	706254	7	15	26	27	30	31	32	34	38	91	#
241	703920	26	27	31	32	33	34	38	40	41	91	#
242	1074479	5	25	27	31	32	33	34	38	39	40	41	45	46	47	48	92	#
243	1212916	18	25	26	30	31	32	33	37	38	39	40	41	45	46	47	92	#
244	1146322	18	25	26	32	33	34	39	40	41	42	43	45	46	47	48	92	#
245	1129111	2	18	24	25	26	31	32	33	38	39	40	41	45	46	47	92	#
246	1119745	11	12	18	25	32	33	34	38	39	40	41	45	46	47	48	92	#
247	1107228	18	19	25	26	30	31	32	33	34	36	37	38	39	41	48	92	#
248	123391	39	45	46	93	#
249	111847	38	45	46	93	#
250	229291	6	13	20	94	#
251	191556	13	19	20	94	#
252	244331	41	48	95	#
253	229818	40	41	95	#
254	1245597	0	1	2	3	4	7	8	9	11	12	15	16	18	19	23	24	25	30	96	#
255	1443111	0	1	4	7	8	11	15	18	25	32	33	34	39	41	45	46	47	48	96	#
256	1430299	2	3	4	5	8	9	10	11	12	16	17	18	24	25	30	31	32	37	96	#
257	1407755	1	2	3	4	5	7	8	9	10	11	14	16	17	18	25	32	33	39	96	#
258	1398189	2	3	4	5	6	9	11	12	13	17	18	20	24	25	31	32	33	34	96	#
259	1380609	1	2	3	4	5	6	8	9	10	11	12	13	18	19	20	25	27	32	96	#
260	966652	2	3	4	5	8	9	10	11	16	17	18	23	24	30	97	#
261	1099730	3	8	9	10	14	16	17	21	22	23	24	26	29	30	97	#
262	1061413	3	4	8	9	10	11	16	17	18	22	23	24	26	32	97	#
263	1057323	3	4	8	9	10	11	15	16	17	18	23	24	25	26	97	#
264	1024343	2	3	8	9	10	14	15	16	17	21	22	23	24	30	97	#
265	983061	2	3	4	5	8	9	10	15	16	17	18	23	24	30	97	#
266	524445	33	39	40	41	46	47	98	#
267	571510	26	33	39	40	41	47	98	#
268	523125	33	39	40	41	47	48	98	#
269	457301	38	39	40	41	47	48	98	#
270	455933	18	24	25	26	33	34	98	#
271	436677	31	38	39	40	41	47	98	#
272	522314	2	8	9	10	15	16	17	99	#
273	602169	1	8	14	15	21	22	23	99	#
274	584972	8	9	15	16	17	23	30	99	#
275	566529	0	1	2	3	4	7	8	99	#
276	541234	4	5	10	11	12	13	40	99	#
277	503690	1	2	3	8	9	10	15	99	#
278	1406202	14	16	17	21	22	23	24	25	28	29	30	32	33	35	36	37	41	42	43	44	100	#
279	1521097	0	2	3	4	7	8	9	14	15	16	17	21	22	23	24	25	29	30	31	32	100	#
280	1442291	2	3	4	5	9	12	14	16	17	21	22	23	24	25	28	29	30	31	32	35	100	#
281	1381979	0	1	2	3	4	5	7	8	9	12	14	16	21	22	23	24	28	29	30	35	100	#
282	1380871	2	3	4	5	9	11	12	13	16	17	19	20	21	22	23	24	25	28	30	45	100	#
283	1362640	0	1	2	3	4	7	8	9	14	16	17	21	22	23	24	25	28	29	30	35	100	#
284	667156	11	12	18	19	20	25	27	32	34	41	101	#
285	773517	18	24	25	31	32	39	40	41	47	48	101	#
286	743768	18	19	25	26	32	39	40	41	47	48	101	#
287	701951	4	11	12	13	18	19	20	25	27	32	101	#
288	699943	2	3	4	10	11	12	18	19	21	22	101	#
289	660494	18	19	24	25	26	27	32	34	40	41	101	#
290	1847362	1	2	3	4	8	9	10	13	15	17	18	20	21	22	23	24	25	28	29	30	32	35	36	37	38	39	42	43	46	47	102	#
291	2064349	0	1	7	8	15	18	19	20	21	22	23	25	26	29	30	31	32	33	34	37	38	39	40	41	42	43	44	46	47	48	102	#
292	2057024	2	3	4	5	10	11	12	15	16	17	18	21	22	23	24	25	26	29	30	31	32	33	34	37	38	39	40	46	47	48	102	#
293	2046964	0	1	2	3	4	5	7	8	10	11	15	17	18	22	23	24	25	26	30	32	36	38	39	40	42	43	44	46	47	48	102	#
294	2029706	0	1	2	3	4	7	8	15	16	21	22	23	24	25	26	28	29	30	32	33	34	35	37	38	39	40	41	46	47	48	102	#
295	1996173	0	1	2	3	4	7	8	14	18	19	21	23	25	26	29	30	31	32	34	36	37	38	39	40	41	43	44	46	47	48	102	#
296	970621	7	8	14	16	21	23	28	29	30	31	32	37	103	#
297	891382	7	8	14	21	22	23	28	29	30	37	39	44	103	#
298	881329	3	4	5	26	32	33	34	38	39	41	45	46	103	#
299	847883	0	7	8	14	21	22	23	28	29	30	31	37	103	#
300	815180	21	28	29	30	31	32	33	34	37	38	39	41	103	#
301	815088	14	16	17	21	23	28	29	30	31	32	35	39	103	#
302	636263	14	21	28	29	30	31	35	38	39	41	46	47	104	#
303	787414	7	8	14	15	21	22	23	28	30	31	35	38	104	#
304	783102	9	14	16	21	23	28	29	30	35	36	37	43	104	#
305	772052	14	15	16	21	22	23	24	28	29	30	35	37	104	#
306	754337	7	8	9	14	15	21	28	29	30	31	35	37	104	#
307	727525	30	31	34	36	37	38	39	41	43	46	47	48	104	#
308	891182	26	27	31	32	33	34	37	38	39	41	45	46	47	48	105	#
309	1142071	4	11	12	16	17	18	19	20	25	26	27	33	34	41	105	#
310	1026694	11	12	15	18	21	22	24	25	26	32	33	38	39	45	105	#
311	974872	9	10	16	17	31	34	37	38	39	41	45	46	47	48	105	#
312	963351	12	19	20	26	27	33	34	37	38	39	41	45	46	47	105	#
313	894039	11	12	19	20	26	27	33	34	37	38	39	41	47	48	105	#
314	1152561	0	1	3	7	8	9	10	12	15	16	17	18	19	22	23	24	106	#
315	1204679	3	4	5	10	12	17	18	19	20	23	24	26	30	31	32	33	106	#
316	1195181	5	10	12	13	16	17	18	19	20	23	26	27	32	33	39	40	106	#
317	1188223	0	1	3	7	8	9	10	11	15	16	17	18	22	23	30	37	106	#
318	1149885	3	4	6	10	12	13	16	17	18	19	20	23	26	27	33	34	106	#
319	1143197	0	1	7	8	14	15	16	17	21	22	23	24	28	29	30	37	106	#
320	442658	31	37	38	39	40	42	43	45	46	107	#
321	593397	16	23	24	25	30	36	37	42	43	107	#
322	572040	7	8	13	15	22	38	39	47	48	107	#
323	520334	30	31	38	39	40	41	46	47	48	107	#
324	512529	30	31	38	40	41	45	46	47	48	107	#
325	500857	30	31	33	37	38	39	40	46	47	107	#
326	432763	2	3	33	34	39	40	46	47	108	#
327	618193	31	32	33	39	40	41	46	47	108	#
328	602978	26	31	32	33	34	39	40	47	108	#
329	575527	19	25	26	31	32	39	40	47	108	#
330	550258	31	32	33	38	39	40	45	46	108	#
331	466919	2	3	4	5	9	10	12	19	108	#
332	699423	23	30	37	38	39	40	41	45	46	47	109	#
333	787783	13	16	23	29	30	31	37	38	45	48	109	#
334	787318	3	4	5	37	38	39	41	46	47	48	109	#
335	765968	7	8	9	15	16	22	23	28	29	30	109	#
336	765587	16	22	23	28	29	30	33	37	38	45	109	#
337	671585	30	32	37	38	39	41	45	46	47	48	109	#
338	68811	2	#
339	2385838	0	1	2	3	7	8	9	10	11	12	14	15	16	17	18	19	20	21	22	23	24	25	26	27	29	30	31	32	34	36	37	38	39	45	47	110	#
340	2643642	4	5	7	8	9	10	11	14	15	16	17	18	19	20	21	22	23	25	26	27	29	30	31	32	33	34	36	37	38	39	40	41	42	43	44	110	#
341	2558847	0	1	7	8	9	10	11	14	15	16	17	18	19	20	21	22	23	25	26	29	30	31	32	33	36	37	38	39	40	42	43	44	45	46	47	110	#
342	2519920	0	1	2	3	7	8	9	10	11	13	14	15	16	17	18	19	20	21	22	23	25	26	29	30	31	33	34	36	37	38	42	43	44	45	46	110	#
343	2519441	7	9	10	11	14	15	16	17	18	20	21	22	23	24	25	26	27	29	30	31	32	33	34	36	37	38	39	40	42	43	44	45	46	47	49	110	#
344	2500954	1	3	5	6	7	8	9	10	11	12	13	14	15	16	17	18	19	20	21	22	23	25	26	27	30	31	32	33	34	38	39	40	45	46	47	110	#
345	1426919	7	8	14	15	21	22	23	25	26	28	29	30	31	32	33	37	39	40	44	111	#
346	1504888	0	2	7	8	9	15	16	17	21	22	23	24	25	26	29	30	31	32	33	111	#
347	1434732	0	1	7	8	9	14	15	16	17	22	23	24	25	26	27	29	30	31	32	111	#
348	1403664	3	4	10	11	12	14	16	17	23	24	25	26	27	32	33	39	40	41	47	111	#
349	1339252	16	17	18	22	23	24	25	26	29	30	31	32	33	37	38	39	40	41	47	111	#
350	1335083	0	1	2	3	7	8	9	10	15	16	17	18	22	23	24	29	30	31	32	111	#
351	568618	4	10	11	18	19	25	26	32	112	#
352	727836	9	11	16	17	18	25	31	32	112	#
353	560116	2	3	4	9	10	11	16	18	112	#
354	539365	18	25	26	30	31	32	38	46	112	#
355	505459	1	3	4	10	11	12	17	18	112	#
356	500894	20	24	25	26	27	32	33	34	112	#
357	1150335	18	25	26	28	30	31	32	34	35	37	38	39	40	41	43	44	45	46	47	48	113	#
358	1566359	8	9	15	16	18	22	23	25	28	29	31	32	35	38	39	40	41	45	46	48	113	#
359	1512251	3	4	7	8	9	10	11	12	13	15	16	17	18	19	24	25	28	35	42	43	113	#
360	1448146	15	16	22	23	25	28	29	30	31	32	36	37	38	39	40	41	45	46	47	48	113	#
361	1431512	3	4	9	10	11	12	16	17	18	24	25	31	32	36	37	39	40	42	43	44	113	#
362	1418236	16	18	22	23	25	26	28	29	30	31	32	33	36	37	38	42	43	44	45	46	113	#
363	150987	28	29	30	35	#
364	2989892	0	1	2	3	4	5	6	7	8	9	10	11	12	13	14	15	16	17	18	19	20	21	22	23	24	25	26	27	28	29	30	31	32	33	34	35	36	37	38	39	40	41	42	43	44	45	46	47	48	114	#
365	3070595	1	2	3	4	5	6	7	8	9	10	11	12	13	14	15	16	17	18	19	20	21	22	23	24	25	26	27	28	29	30	31	32	33	34	35	36	37	38	39	40	41	42	43	44	45	46	47	48	49	114	#
366	3062965	0	1	2	3	4	5	6	7	8	9	10	11	12	13	14	15	16	17	18	19	20	21	22	23	24	25	26	27	28	29	30	31	32	33	35	36	37	38	39	40	41	42	43	44	45	46	47	48	49	114	#
367	2995648	0	1	2	3	4	5	6	7	8	9	10	11	12	13	14	15	16	17	18	19	20	21	22	24	25	26	27	28	29	30	31	32	33	34	35	36	37	38	39	40	41	42	43	44	45	46	47	48	49	114	#
368	75904	49	#
369	389061	31	32	33	38	39	40	45	46	47	115	#
370	561277	11	18	25	31	32	41	46	47	48	115	#
371	475401	25	32	33	38	39	40	41	46	47	115	#
372	473234	25	32	33	37	38	39	40	46	47	115	#
373	448452	25	31	32	33	38	39	40	46	47	115	#
374	445897	24	25	31	33	38	39	40	46	47	115	#
375	1074028	20	27	31	32	33	34	37	38	39	40	41	42	43	44	46	47	48	116	#
376	1305071	9	16	17	23	30	31	32	33	34	38	39	40	41	45	46	47	48	116	#
377	1253461	0	7	8	9	14	15	16	21	22	23	30	31	35	38	39	46	47	116	#
378	1252119	5	6	11	12	13	17	18	20	27	32	34	38	39	40	41	47	48	116	#
379	1205219	16	23	30	31	32	33	34	36	37	38	39	40	41	45	46	47	48	116	#
380	1197620	16	23	30	31	32	36	37	38	39	40	41	42	43	45	46	47	48	116	#
381	561235	7	8	14	15	21	28	117	#
382	647684	4	8	15	21	22	23	117	#
383	600095	0	7	8	14	15	21	117	#
384	545907	0	7	8	9	14	16	117	#
385	505999	8	9	10	16	17	23	117	#
386	476399	14	21	22	23	28	35	117	#
387	195730	37	38	45	118	#
388	203183	31	37	38	118	#
389	196902	36	37	44	118	#
390	189217	31	38	45	118	#
391	402165	6	11	12	13	20	119	#
392	420581	4	5	11	12	13	119	#
393	417148	6	12	13	20	27	119	#
394	414091	12	13	20	26	27	119	#
395	336804	13	20	26	27	34	119	#
396	335426	5	10	11	12	18	119	#
397	273309	25	26	32	120	#
398	256927	7	24	25	120	#
399	214102	19	20	26	120	#
400	1249177	4	5	12	18	19	23	26	30	32	37	38	39	42	43	44	45	46	48	121	#
401	1391215	4	13	18	25	30	32	37	38	39	40	41	42	43	44	45	46	47	48	121	#
402	1314362	19	25	26	27	32	33	37	38	39	40	41	42	43	44	45	46	47	48	121	#
403	1263111	25	26	27	32	33	36	37	38	39	40	41	42	43	44	45	46	47	48	121	#
404	1262799	3	4	10	12	17	18	19	20	24	25	26	32	33	38	39	40	41	47	121	#
405	1262798	0	1	2	3	4	7	8	9	10	15	16	17	18	19	22	23	25	32	121	#
406	401462	6	32	33	34	39	40	41	47	122	#
407	587657	4	5	6	10	11	12	13	18	122	#
408	582480	5	12	18	19	31	32	33	34	122	#
409	520175	37	38	39	41	44	45	46	47	122	#
410	462919	16	22	23	24	26	32	33	34	122	#
411	450889	1	26	32	33	34	41	47	48	122	#
412	219078	9	16	17	123	#
413	205512	2	9	16	123	#
414	154010	10	16	17	123	#
415	153122	9	10	17	123	#
416	321574	11	12	17	18	24	124	#
417	384994	11	12	18	19	25	124	#
418	324023	17	18	19	25	26	124	#
419	228260	5	9	10	11	12	124	#
420	101446	28	29	35	125	#
421	79580	28	29	30	125	#
422	915122	2	3	9	10	16	17	18	19	22	23	24	25	30	126	#
423	1304182	4	8	9	11	16	17	18	20	22	23	24	25	32	126	#
424	1240890	8	9	11	16	17	18	23	24	25	26	31	32	33	126	#
425	1204979	2	3	4	5	7	8	9	14	15	16	17	23	24	126	#
426	1180819	7	8	9	15	16	17	18	22	23	24	25	28	29	126	#
427	1179509	2	8	9	11	16	17	18	22	23	24	25	29	32	126	#
428	668836	22	28	29	30	31	33	34	38	39	40	41	45	46	47	48	127	#
429	958119	4	11	12	13	18	19	23	28	29	30	31	38	45	46	47	127	#
430	947748	0	7	11	12	15	16	17	21	22	23	24	28	29	30	35	127	#
431	896041	6	11	12	13	18	19	33	34	38	40	41	45	46	47	48	127	#
432	864303	0	1	2	3	7	8	9	14	15	16	21	23	28	29	35	127	#
433	830521	5	12	13	19	26	27	33	34	36	40	41	42	43	46	47	127	#
434	182118	37	44	#
435	468372	30	31	38	39	40	41	45	46	47	48	128	#
436	681451	6	12	19	26	27	40	41	45	46	47	128	#
437	626547	10	11	17	22	29	30	37	42	43	44	128	#
438	622682	0	1	8	16	23	30	31	38	46	47	128	#
439	567789	16	23	29	30	31	38	39	45	46	47	128	#
440	565097	30	34	37	38	40	41	45	46	47	48	128	#
441	252888	9	16	17	129	#
442	259642	8	9	17	129	#
443	206929	9	10	16	129	#
444	171781	10	17	18	129	#
445	174240	38	45	46	47	48	130	#
446	211681	40	41	46	47	48	130	#
447	199964	31	37	38	45	46	130	#
448	181621	31	38	45	46	47	130	#
449	166548	34	40	41	46	47	130	#
450	138965	38	39	45	46	47	130	#
451	138192	11	18	131	#
452	199692	17	18	131	#
453	140762	4	11	131	#
454	1794255	0	2	3	4	5	6	7	8	9	10	11	12	13	14	15	16	17	18	19	21	22	23	25	26	28	29	30	132	#
455	1964209	0	2	3	4	5	6	7	8	9	10	11	12	13	14	15	16	17	18	19	20	21	23	26	27	30	32	33	132	#
456	1938217	0	3	6	7	8	9	10	12	13	14	15	16	17	18	19	20	21	23	25	26	27	29	30	31	32	33	34	132	#
457	1891012	2	3	6	7	8	9	10	13	14	15	16	17	18	19	20	21	22	23	25	26	28	30	32	33	34	35	37	132	#
458	1851957	2	3	4	8	9	10	14	15	16	17	18	19	21	22	23	25	26	29	30	32	33	36	37	38	43	44	46	132	#
459	1848707	3	4	7	8	9	10	11	13	14	15	16	17	18	19	20	21	22	23	26	27	29	30	31	32	34	37	38	132	#
460	505769	20	27	33	34	39	41	46	47	48	133	#
461	638743	1	7	8	13	19	20	26	27	33	133	#
462	622818	18	19	26	27	31	32	33	34	39	133	#
463	613170	20	22	26	27	29	32	33	34	39	133	#
464	582197	12	18	19	32	33	34	39	41	48	133	#
465	572207	25	31	32	33	39	40	41	47	48	133	#
466	2278610	7	8	9	14	15	16	17	18	21	22	23	24	25	26	28	29	30	31	32	33	34	35	36	37	38	39	40	41	42	43	44	45	46	47	48	134	#
467	2462805	0	1	4	5	7	8	10	12	14	15	16	17	18	19	21	23	24	25	26	28	29	30	31	32	33	37	38	39	40	42	43	44	46	47	48	134	#
468	2364056	7	8	9	10	12	13	14	15	16	17	18	19	23	24	25	26	27	29	30	31	32	33	34	37	38	39	40	41	42	43	44	45	46	47	48	134	#
469	2320970	1	2	3	4	5	7	8	14	15	16	18	19	20	21	22	23	24	26	27	28	29	30	31	32	35	37	38	39	40	42	43	44	45	46	49	134	#
470	2315403	1	2	6	7	8	9	12	13	14	15	16	17	21	22	23	24	26	28	29	30	31	32	35	36	37	38	39	40	41	42	43	44	45	46	47	134	#
471	2312359	1	2	3	4	5	7	8	10	11	12	14	15	18	19	20	21	22	23	25	26	28	29	31	32	34	35	37	38	39	40	41	45	46	47	48	134	#
472	2147481	3	4	10	11	12	15	16	17	22	23	24	25	26	27	28	29	30	31	32	33	34	35	36	37	38	39	40	42	43	45	46	47	48	135	#
473	2404264	3	4	5	7	10	11	12	13	15	16	17	18	22	23	24	25	26	27	29	30	31	32	33	34	37	38	39	40	41	45	46	47	48	135	#
474	2384647	3	4	5	6	7	12	15	16	21	22	23	24	25	26	27	28	29	30	31	32	33	34	36	37	38	39	40	41	42	43	46	47	48	135	#
475	2367554	4	5	7	12	13	15	16	17	19	21	22	23	24	25	26	27	29	30	31	32	33	34	37	38	39	40	41	42	43	44	46	47	48	135	#
476	2296847	1	2	3	4	5	11	12	15	16	17	18	19	21	22	23	24	25	26	27	29	30	31	32	37	38	39	40	41	44	45	46	47	48	135	#
477	2284436	1	2	3	4	5	12	13	15	16	17	18	19	20	22	23	24	25	26	27	29	30	31	32	33	34	36	37	38	39	40	46	47	48	135	#
478	470926	0	1	7	8	15	136	#
479	496574	7	15	23	24	25	136	#
480	463686	0	7	8	15	22	136	#
481	459640	0	1	7	8	12	136	#
482	990458	4	6	8	9	10	11	12	13	16	17	18	19	23	24	137	#
483	1082214	4	5	6	11	12	13	14	18	21	22	28	29	30	37	137	#
484	1032410	2	4	5	6	8	9	11	12	16	17	18	19	23	30	137	#
485	985219	3	4	5	6	10	11	12	13	17	18	25	26	32	33	137	#
486	945168	11	12	16	18	19	22	23	24	25	26	30	32	33	34	137	#
487	912078	1	2	8	9	10	11	12	15	16	17	18	21	22	28	137	#
488	552339	18	29	30	33	40	41	46	47	138	#
489	704364	25	26	27	31	32	33	34	41	138	#
490	554213	19	20	27	33	34	41	47	48	138	#
491	532355	25	26	31	32	37	38	45	46	138	#
492	525836	8	14	15	21	22	28	29	30	138	#
493	525565	27	34	38	40	41	46	47	48	138	#
494	644800	15	16	21	22	23	28	29	30	31	139	#
495	812283	7	8	14	15	21	22	29	30	31	139	#
496	775358	16	17	18	21	22	23	24	25	29	139	#
497	712078	1	2	7	8	9	10	15	16	17	139	#
498	703090	14	15	21	22	23	24	29	30	31	139	#
499	681602	0	1	7	8	15	21	22	29	30	139	#
