%% File generated by CATS v.2.1Mon Aug 19 20:29:08 2019

%% The CATS webpage is http://robotics.stanford.edu/CATS

%% PARAMETER SETTINGS:
% Goods: 30; Bids: 300; Distribution: regions; Runs: 10; Seed: 1566264327
% Regions Distribution Parameters:
% Max Substitutable Bids = 5
% Removing HV Neighbor   = 0.1
% Adding DIAG Neighbor   = 0.2
% Additional Location    = 0.9
% Jump Probability       = 0.05
% Additivity             = 0.2
% Budget Factor          = 1.5
% Resale Factor          = 0.5
% Uniform Private Value:
%   Deviation            = 0.5
%   Max Good Value       = 100



goods 30
bids 300
dummy 53

0	395794	16	17	18	19	21	22	23	24	30	#
1	449577	14	16	19	21	22	23	24	25	30	#
2	412117	0	1	17	19	21	22	23	24	30	#
3	393584	13	14	18	19	21	22	23	24	30	#
4	389145	10	11	12	15	16	17	21	22	30	#
5	385196	14	15	16	19	21	22	23	24	30	#
6	261172	1	5	6	10	31	#
7	350104	5	6	10	11	31	#
8	311339	0	5	6	10	31	#
9	251170	5	10	15	16	31	#
10	232196	0	1	2	6	31	#
11	991238	0	1	2	3	4	6	7	8	9	11	12	13	14	16	17	18	19	21	22	23	24	32	#
12	1272312	0	1	2	3	4	7	8	9	10	11	12	13	14	15	16	17	18	19	20	21	24	32	#
13	1202232	1	2	3	4	6	7	8	9	10	11	12	13	14	15	16	17	18	20	21	23	24	32	#
14	1193703	0	1	2	3	4	7	8	9	10	12	13	14	15	16	17	18	19	20	21	22	24	32	#
15	1159416	0	1	2	3	4	6	7	8	9	10	13	14	15	16	17	18	19	20	21	23	24	32	#
16	1152514	0	1	2	3	4	5	7	8	9	10	13	14	15	16	17	18	19	20	21	22	24	32	#
17	982045	2	3	4	6	7	8	10	11	12	13	14	15	16	17	18	19	20	21	22	23	24	33	#
18	1068450	2	3	6	7	8	9	10	11	12	13	14	15	16	17	18	19	20	21	22	23	24	33	#
19	1064099	2	3	5	6	7	8	9	10	12	13	14	15	16	17	18	19	21	22	23	24	26	33	#
20	1057522	2	3	4	6	7	8	9	10	11	12	13	15	16	17	18	19	20	21	22	23	24	33	#
21	1023113	2	3	4	6	7	8	9	10	12	13	14	15	16	17	18	19	20	21	22	23	24	33	#
22	1018375	2	3	4	6	7	8	9	12	13	14	15	16	17	18	19	20	21	22	23	24	27	33	#
23	283224	7	13	18	29	34	#
24	321584	7	12	13	18	34	#
25	304624	6	7	11	12	34	#
26	250069	12	17	18	19	34	#
27	196783	15	20	21	29	34	#
28	109612	18	#
29	224135	2	3	5	7	8	13	35	#
30	332977	6	7	8	11	13	14	35	#
31	296367	6	7	8	13	14	18	35	#
32	283563	0	1	2	6	7	13	35	#
33	272311	5	6	7	8	11	13	35	#
34	247165	0	1	2	5	6	7	35	#
35	45774	8	#
36	699491	6	7	8	10	12	13	16	17	18	19	23	36	#
37	833525	7	8	11	12	13	16	17	18	20	21	22	36	#
38	797521	1	2	3	4	7	8	9	13	17	18	19	36	#
39	762403	7	8	10	11	12	15	16	17	18	22	23	36	#
40	744563	7	10	11	12	13	17	18	19	22	23	24	36	#
41	727735	7	8	11	12	13	17	18	19	22	23	24	36	#
42	284525	2	3	4	7	9	13	14	19	37	#
43	418249	9	13	14	16	17	18	19	22	37	#
44	312178	4	9	13	14	19	22	23	24	37	#
45	227592	2	3	4	8	9	13	14	19	37	#
46	217169	1	2	3	4	9	19	22	24	37	#
47	194122	2	3	4	5	8	9	14	19	37	#
48	1381706	0	1	2	3	4	6	7	8	9	10	11	13	14	15	16	17	18	19	20	21	23	24	38	#
49	1397747	0	1	2	3	4	6	9	11	12	13	14	15	16	17	18	19	20	21	22	23	24	26	38	#
50	1362053	0	1	2	3	4	6	7	9	11	12	13	14	15	16	17	18	19	20	21	22	23	24	38	#
51	1338393	0	1	2	3	4	6	7	8	9	11	13	14	15	16	17	18	19	20	21	22	23	24	38	#
52	1332352	0	1	2	3	4	5	6	7	9	11	13	14	15	16	17	18	19	20	21	22	23	24	38	#
53	1312473	0	1	2	3	4	6	7	8	9	11	12	13	14	15	16	17	18	19	21	22	23	24	38	#
54	130885	26	#
55	322909	2	6	7	10	11	39	#
56	387930	5	10	11	16	25	39	#
57	330074	5	10	11	15	20	39	#
58	235045	6	7	11	12	13	39	#
59	223266	7	12	13	17	18	39	#
60	168310	0	1	2	7	12	39	#
61	1286736	0	1	2	3	4	5	6	7	8	9	10	11	12	13	14	15	16	17	18	19	20	21	22	23	24	40	#
62	1445146	0	1	2	4	5	6	7	9	10	11	12	13	14	15	16	17	18	19	20	21	22	23	24	26	27	40	#
63	1417616	0	1	2	4	5	6	7	8	9	10	11	12	13	14	15	16	17	18	19	20	21	22	23	24	26	40	#
64	1342712	0	1	2	3	4	5	6	7	8	9	10	11	12	13	14	15	16	17	18	19	20	21	22	24	25	40	#
65	1328836	0	1	2	4	5	6	7	8	9	10	11	12	13	14	15	16	17	18	19	20	21	22	23	24	25	40	#
66	1325297	1	2	4	5	6	7	8	9	10	11	12	13	14	15	16	17	18	19	20	21	22	23	24	25	28	40	#
67	70170	2	3	#
68	1326438	0	1	2	3	4	5	6	7	8	9	10	11	12	13	14	15	16	17	18	19	20	21	22	23	24	25	27	29	41	#
69	1459803	0	1	2	3	4	5	6	7	8	9	10	11	12	13	14	15	16	17	18	19	20	21	22	23	24	26	28	29	41	#
70	1451309	0	1	2	3	4	5	6	7	8	9	10	11	12	13	14	15	16	17	18	19	20	21	22	23	24	25	26	29	41	#
71	1420682	0	1	2	3	4	5	6	7	8	9	10	11	12	13	14	15	16	17	18	19	20	21	22	23	24	26	27	28	41	#
72	1418956	0	1	2	3	4	5	6	7	8	9	10	11	12	13	14	15	16	17	18	19	20	21	22	23	24	25	28	29	41	#
73	1412189	0	1	2	3	4	5	6	7	8	9	10	11	12	13	14	15	16	17	18	19	20	21	22	23	24	25	26	27	41	#
74	170923	25	26	42	#
75	174200	26	27	42	#
76	125153	7	25	42	#
77	712093	0	1	2	5	6	7	8	11	13	14	26	43	#
78	984016	10	11	13	14	15	16	18	20	21	23	24	43	#
79	857267	2	5	6	7	8	10	11	13	15	16	18	43	#
80	840631	4	5	10	11	13	15	16	18	19	23	24	43	#
81	824291	0	1	5	6	7	10	11	16	20	21	22	43	#
82	794097	0	1	2	5	6	7	8	10	11	15	16	43	#
83	652857	3	4	8	9	11	12	13	14	18	19	24	44	#
84	697063	2	3	4	7	8	9	11	12	13	14	18	44	#
85	655147	3	4	8	9	11	12	13	14	18	19	23	44	#
86	614540	2	3	4	7	8	9	12	13	15	16	20	44	#
87	581156	2	3	4	6	7	8	9	12	13	14	18	44	#
88	571634	0	1	6	10	11	12	16	17	18	19	23	44	#
89	635794	1	2	3	4	7	8	9	11	12	13	14	45	#
90	621950	1	2	3	4	6	7	8	11	12	17	22	45	#
91	618328	1	2	3	4	5	6	7	8	11	12	17	45	#
92	617632	1	2	3	5	6	7	8	11	12	17	22	45	#
93	615266	1	2	3	4	5	6	7	8	9	11	12	45	#
94	614380	1	2	3	4	7	8	9	11	12	13	20	45	#
95	441005	12	18	20	21	22	23	46	#
96	594248	7	10	11	12	17	18	46	#
97	550858	7	12	13	16	17	18	46	#
98	492953	12	16	17	20	21	22	46	#
99	448571	12	17	18	21	22	23	46	#
100	384472	7	13	18	19	23	24	46	#
101	91027	28	#
102	612703	6	7	8	11	12	13	14	18	47	#
103	649403	2	3	4	7	8	9	13	14	47	#
104	648486	6	7	8	10	11	13	14	18	47	#
105	647286	2	4	6	7	8	9	13	14	47	#
106	636205	2	7	8	9	12	13	14	18	47	#
107	578993	6	7	8	10	11	12	13	18	47	#
108	344566	0	1	2	3	5	6	7	8	13	48	#
109	508062	7	9	13	14	18	19	22	23	24	48	#
110	504044	0	1	2	3	4	5	6	7	11	48	#
111	452770	0	1	2	3	4	9	13	14	19	48	#
112	435937	0	1	2	3	4	5	8	9	13	48	#
113	424058	0	1	2	3	5	6	7	8	11	48	#
114	1395203	0	1	2	3	4	5	6	7	8	9	10	11	12	13	14	15	16	17	18	19	20	21	22	23	24	26	49	#
115	1506210	0	1	2	3	4	5	6	7	8	9	10	11	12	13	14	15	16	17	18	19	20	22	23	24	25	28	49	#
116	1476104	0	1	2	4	5	6	7	8	9	10	11	12	13	14	15	16	17	18	19	20	21	22	23	24	25	29	49	#
117	1438357	0	1	2	3	4	5	6	7	8	9	10	11	12	13	14	15	16	17	18	19	20	21	22	23	24	28	49	#
118	1412582	0	1	2	3	4	5	6	7	8	9	10	11	12	13	14	15	16	17	18	19	20	21	22	23	24	25	49	#
119	1396399	0	1	2	3	4	5	6	7	8	9	10	11	12	13	14	15	16	17	18	19	20	21	22	23	24	29	49	#
120	1344486	0	1	2	3	4	5	6	7	8	9	10	11	12	13	14	15	16	17	18	19	20	21	22	23	24	26	50	#
121	1369811	0	1	2	3	4	5	6	7	8	9	10	11	12	13	14	15	16	17	18	19	20	21	22	23	24	28	50	#
122	1369625	0	1	2	3	4	5	6	7	8	9	10	11	12	13	14	15	16	17	18	19	20	21	22	23	24	25	50	#
123	1358126	0	1	2	3	4	5	6	7	8	9	10	11	12	13	14	15	16	17	18	19	20	21	22	23	24	27	50	#
124	1342794	0	1	2	3	4	5	6	7	8	10	11	12	13	14	15	17	18	19	20	21	22	23	24	26	27	28	50	#
125	1334430	0	1	2	3	4	5	6	7	8	9	10	11	12	13	14	15	17	18	19	20	21	22	23	24	27	29	50	#
126	487068	0	1	3	4	5	8	9	13	14	19	51	#
127	654655	0	1	4	5	6	7	8	9	12	14	51	#
128	652853	1	4	6	7	8	9	12	13	14	18	51	#
129	601607	1	3	5	6	7	8	12	13	17	18	51	#
130	596698	2	3	4	7	8	9	12	13	14	28	51	#
131	586639	3	4	6	7	8	9	12	13	14	19	51	#
132	431332	0	1	5	6	10	15	18	20	21	22	23	24	52	#
133	600754	3	4	7	9	13	14	17	18	19	22	23	24	52	#
134	576739	9	10	11	14	16	17	18	19	21	22	23	24	52	#
135	549134	2	3	4	5	6	7	10	11	12	13	15	18	52	#
136	545517	4	9	14	16	17	18	19	20	21	22	23	24	52	#
137	531835	0	1	2	3	4	5	6	7	9	10	11	15	52	#
138	538337	9	13	14	16	17	18	19	24	53	#
139	493577	3	4	9	13	14	19	23	24	53	#
140	484842	10	11	16	17	20	21	22	23	53	#
141	468503	3	6	7	8	9	12	13	14	53	#
142	447413	7	13	14	18	19	22	23	24	53	#
143	444931	13	14	17	18	19	22	23	24	53	#
144	101466	24	#
145	319465	3	4	8	9	13	14	54	#
146	365846	4	9	13	14	19	24	54	#
147	356093	8	9	13	14	17	18	54	#
148	305752	8	12	13	14	17	18	54	#
149	302716	8	12	13	17	18	22	54	#
150	221237	2	3	4	8	9	22	54	#
151	272726	0	7	12	13	18	55	#
152	358596	1	2	7	12	17	55	#
153	348755	12	16	17	18	23	55	#
154	345519	6	11	12	17	18	55	#
155	242614	7	8	13	18	23	55	#
156	208523	0	1	2	6	7	55	#
157	66315	4	#
158	598116	3	4	7	8	9	13	14	19	23	24	56	#
159	764723	6	7	8	9	10	11	12	13	14	15	56	#
160	710686	0	3	4	5	7	8	9	10	13	14	56	#
161	660722	3	4	7	8	9	12	13	14	17	25	56	#
162	647417	2	3	4	7	8	9	11	12	13	14	56	#
163	631298	3	7	8	9	12	13	14	16	17	19	56	#
164	173097	0	3	8	57	#
165	191493	7	8	13	57	#
166	118351	0	1	5	57	#
167	362127	1	2	3	4	5	6	7	8	9	27	58	#
168	520628	3	4	7	9	12	13	14	18	19	24	58	#
169	493034	12	13	15	16	17	18	19	22	24	27	58	#
170	483428	0	1	2	5	6	15	16	17	18	21	58	#
171	456405	2	3	4	7	8	9	12	17	18	22	58	#
172	409220	0	1	2	3	5	6	7	10	12	18	58	#
173	1107950	0	1	2	3	5	6	7	8	10	11	12	13	15	16	17	18	19	21	22	59	#
174	1239272	0	1	2	3	5	6	7	8	9	10	11	12	13	14	16	18	19	21	24	59	#
175	1207458	0	1	2	3	5	6	7	8	10	11	12	13	14	16	17	18	19	21	24	59	#
176	1185000	0	1	2	3	5	6	7	8	9	10	11	12	13	14	15	16	18	19	21	59	#
177	1176823	1	2	3	6	7	8	9	10	11	12	13	14	16	17	18	19	21	22	23	59	#
178	1164543	0	1	2	3	5	6	7	8	9	10	11	12	13	14	17	18	19	23	24	59	#
179	72494	25	#
180	117040	11	12	60	#
181	153386	7	12	60	#
182	1183985	0	1	2	3	4	5	6	7	8	9	10	11	12	13	14	15	16	17	18	19	20	21	22	23	24	29	61	#
183	1283089	0	2	3	4	5	6	7	8	9	10	11	12	13	14	15	16	17	18	19	21	22	23	24	26	27	29	61	#
184	1266703	0	1	2	3	4	5	6	7	8	9	10	11	12	13	14	15	16	17	18	19	21	22	23	24	25	29	61	#
185	1258766	0	1	2	3	4	5	6	7	8	9	10	11	12	13	14	15	16	17	18	19	20	21	22	23	24	25	61	#
186	1258667	0	1	2	3	4	5	6	7	8	9	10	11	12	13	14	15	16	17	18	19	20	21	22	23	24	26	61	#
187	1232815	0	1	2	3	4	5	6	7	8	9	10	11	12	13	14	15	16	17	18	19	20	21	22	23	24	28	61	#
188	943810	2	7	8	10	11	12	13	14	15	18	19	20	23	24	62	#
189	1029241	7	10	11	12	14	15	16	17	18	19	20	21	22	24	62	#
190	1013796	0	1	2	7	10	11	12	13	14	15	16	18	19	24	62	#
191	984070	7	10	11	12	13	15	16	17	18	19	20	22	23	26	62	#
192	970966	1	2	7	8	9	10	11	12	13	14	16	17	18	19	62	#
193	967541	2	4	7	8	10	11	12	13	14	15	17	18	19	20	62	#
194	722850	1	2	5	6	7	12	13	16	17	18	21	22	23	63	#
195	936819	0	1	2	5	6	7	10	11	12	16	17	18	21	63	#
196	892133	1	2	6	7	8	10	11	12	16	17	20	21	22	63	#
197	880743	0	1	2	3	4	6	7	8	9	11	12	13	18	63	#
198	865616	0	1	2	5	6	10	11	15	16	20	21	22	26	63	#
199	861737	1	2	3	6	7	8	11	12	13	18	20	21	22	63	#
200	277811	15	16	17	21	64	#
201	320251	10	15	16	21	64	#
202	292712	10	15	16	23	64	#
203	232201	15	16	20	21	64	#
204	212434	12	17	18	22	64	#
205	276722	0	5	10	15	20	65	#
206	357982	6	10	11	15	20	65	#
207	344508	10	11	15	20	21	65	#
208	228883	5	15	16	20	21	65	#
209	184535	0	1	5	6	11	65	#
210	124303	0	1	5	8	10	65	#
211	381491	5	6	7	8	9	13	25	66	#
212	482580	7	8	12	13	18	19	24	66	#
213	403879	1	6	7	8	13	17	18	66	#
214	386542	4	8	9	13	14	18	19	66	#
215	385814	6	7	8	12	13	18	29	66	#
216	344011	1	5	6	7	11	13	19	66	#
217	787312	1	3	4	6	7	8	9	11	12	13	18	67	#
218	761752	0	1	3	6	7	8	11	12	13	17	18	67	#
219	716953	2	3	6	7	8	9	12	13	14	18	19	67	#
220	710895	0	1	2	3	4	6	7	8	9	12	13	67	#
221	708845	2	3	7	8	10	11	12	13	18	19	24	67	#
222	705754	1	6	7	8	11	12	13	14	18	19	27	67	#
223	44074	3	#
224	725363	2	6	7	8	11	12	13	18	19	20	24	68	#
225	807717	4	6	7	8	9	11	13	14	18	19	23	68	#
226	739645	2	4	7	8	9	12	13	14	17	18	19	68	#
227	736804	1	2	3	6	7	8	10	11	13	14	18	68	#
228	736142	2	3	6	7	8	11	13	14	18	19	23	68	#
229	724606	0	1	5	6	10	11	15	16	17	20	21	68	#
230	60880	29	#
231	129156	15	16	69	#
232	147170	10	15	69	#
233	262810	17	18	19	24	70	#
234	265107	9	14	19	24	70	#
235	248766	12	17	18	19	70	#
236	226007	17	18	22	29	70	#
237	92104	18	19	23	24	70	#
238	853091	0	1	2	3	5	6	7	8	10	11	12	13	17	18	19	71	#
239	983658	1	5	6	7	8	10	11	12	13	15	16	17	18	21	22	71	#
240	974646	3	7	8	10	11	12	13	14	16	17	18	19	21	22	24	71	#
241	932334	0	1	5	6	7	8	10	11	12	13	15	16	17	18	19	71	#
242	929883	0	1	2	5	6	7	10	11	12	15	16	17	18	21	22	71	#
243	929626	0	1	2	5	6	7	8	10	11	12	13	15	16	17	18	71	#
244	455988	7	9	13	14	18	19	72	#
245	528306	9	11	12	14	18	19	72	#
246	515563	9	14	17	18	19	24	72	#
247	393466	9	13	14	18	19	24	72	#
248	389748	2	7	8	13	17	18	72	#
249	373580	6	7	8	11	12	21	72	#
250	859530	0	1	2	3	5	6	7	10	11	12	15	16	18	20	21	22	23	73	#
251	1009643	1	2	3	4	5	6	7	8	10	11	12	13	16	18	19	21	28	73	#
252	998995	0	1	2	3	4	5	6	7	8	9	10	11	12	13	14	16	18	73	#
253	982274	0	1	2	3	4	5	6	7	8	9	10	11	15	16	20	21	22	73	#
254	967765	0	1	2	3	4	5	6	7	8	9	10	11	13	14	16	19	26	73	#
255	960651	0	1	2	3	4	5	6	7	8	10	11	12	13	15	16	20	21	73	#
256	374967	1	2	7	8	16	20	21	74	#
257	528810	10	11	12	15	16	17	20	74	#
258	501733	10	11	15	16	17	21	22	74	#
259	498461	0	1	6	7	8	11	13	74	#
260	465779	5	6	10	11	15	16	17	74	#
261	395123	1	2	7	8	13	17	18	74	#
262	214537	5	10	11	75	#
263	242875	10	11	15	75	#
264	202371	0	5	10	75	#
265	42788	5	6	7	75	#
266	309392	0	5	6	10	15	16	76	#
267	365482	10	15	16	17	20	21	76	#
268	328809	5	10	15	16	19	20	76	#
269	327785	5	6	10	11	15	16	76	#
270	287075	2	3	4	5	6	11	76	#
271	259542	0	5	15	16	17	21	76	#
272	1156648	0	1	2	3	4	6	7	8	9	10	11	12	13	17	25	27	77	#
273	1345624	0	1	2	3	6	7	8	9	10	11	12	13	17	18	23	24	77	#
274	1251665	0	1	2	6	7	8	9	10	11	12	13	14	17	18	19	24	77	#
275	1247612	0	1	2	3	6	7	8	10	11	12	13	17	18	19	23	24	77	#
276	1220459	0	1	2	3	6	7	8	10	11	12	13	18	19	22	24	26	77	#
277	1216503	0	1	2	3	6	7	8	10	11	12	15	17	18	20	21	22	77	#
278	407768	10	11	15	16	20	78	#
279	471931	10	11	15	16	17	78	#
280	407460	0	5	10	11	15	78	#
281	396595	10	15	16	17	18	78	#
282	367775	17	20	21	22	23	78	#
283	100301	2	7	79	#
284	99453	2	3	79	#
285	94009	7	12	79	#
286	171189	3	4	26	80	#
287	217022	4	9	14	80	#
288	182995	3	4	9	80	#
289	348643	5	10	15	16	20	21	81	#
290	457414	16	17	18	20	21	22	81	#
291	368143	16	17	20	21	22	23	81	#
292	351737	2	5	6	7	10	11	81	#
293	313699	5	6	10	15	20	21	81	#
294	728297	3	7	8	12	13	14	15	16	17	18	19	21	22	82	#
295	858333	1	2	3	7	8	9	11	12	13	14	18	19	27	82	#
296	824010	0	1	2	3	7	8	11	12	13	16	17	18	19	82	#
297	818410	1	2	3	7	8	11	12	13	14	15	18	19	20	82	#
298	760088	2	3	4	6	7	8	9	11	12	13	14	18	19	82	#
299	757812	3	5	7	8	10	12	13	14	16	17	18	21	22	82	#
