%% File generated by CATS v.2.1Mon Aug 19 19:25:26 2019

%% The CATS webpage is http://robotics.stanford.edu/CATS

%% PARAMETER SETTINGS:
% Goods: 10; Bids: 400; Distribution: regions; Runs: 10; Seed: 1566252994
% Regions Distribution Parameters:
% Max Substitutable Bids = 5
% Removing HV Neighbor   = 0.1
% Adding DIAG Neighbor   = 0.2
% Additional Location    = 0.9
% Jump Probability       = 0.05
% Additivity             = 0.2
% Budget Factor          = 1.5
% Resale Factor          = 0.5
% Normal Private Value:
%   Mean                 = 0
%   Standard Deviation   = 30



goods 10
bids 404
dummy 168

0	198226	1	4	5	6	7	10	#
1	271051	1	2	4	5	8	10	#
2	226621	2	4	5	7	8	10	#
3	197382	1	4	6	7	8	10	#
4	186398	0	1	2	4	7	10	#
5	115416	1	4	7	8	#
6	184942	0	1	4	6	7	174	#
7	135551	1	2	4	7	8	87	#
8	159355	0	1	2	3	6	77	#
9	57497	2	#
10	70373	6	#
11	109384	8	#
12	332640	0	1	2	3	4	5	7	13	#
13	300979	0	1	2	3	5	7	8	13	#
14	294574	0	1	2	3	4	6	7	13	#
15	207302	0	1	2	3	4	7	9	13	#
16	188497	1	2	5	6	7	8	9	13	#
17	185696	1	2	4	5	7	8	9	13	#
18	254627	0	1	2	4	5	7	8	14	#
19	350730	0	1	2	3	4	5	8	14	#
20	335298	1	2	4	5	6	7	8	14	#
21	333632	0	1	3	4	5	7	8	14	#
22	314074	0	1	2	3	5	6	8	14	#
23	252943	0	1	2	4	6	7	8	14	#
24	520708	0	1	2	3	4	5	6	7	8	#
25	150740	0	1	3	4	9	87	#
26	143206	1	2	4	7	138	#
27	149180	2	4	6	7	138	#
28	249087	2	4	5	6	7	8	16	#
29	317104	0	1	2	3	4	9	16	#
30	258653	0	1	2	4	5	8	16	#
31	242533	0	1	2	4	7	8	16	#
32	234162	1	2	4	6	7	8	16	#
33	204700	1	2	5	6	7	8	16	#
34	141834	1	4	7	17	#
35	121206	0	1	3	17	#
36	209328	1	4	6	7	138	#
37	182967	1	4	6	7	8	77	#
38	266759	0	1	2	3	4	69	#
39	75117	1	#
40	202173	0	1	2	4	5	126	#
41	200053	6	7	8	19	#
42	184139	5	7	8	19	#
43	126971	4	6	7	19	#
44	437400	0	1	2	3	4	6	7	8	9	68	#
45	149289	0	4	6	7	8	100	#
46	113618	0	3	#
47	256093	0	1	2	3	4	5	7	8	21	#
48	275199	0	1	2	4	5	6	7	8	21	#
49	269183	0	1	2	3	4	6	7	8	21	#
50	124984	1	2	5	#
51	134500	1	2	4	#
52	135087	0	3	4	6	7	8	#
53	246916	0	1	2	3	4	5	8	23	#
54	250687	0	1	2	3	5	8	9	23	#
55	140041	0	1	2	3	4	7	8	23	#
56	408801	0	1	2	4	5	6	7	8	9	68	#
57	200078	0	1	2	5	8	24	#
58	237054	0	1	2	3	5	24	#
59	230641	1	2	4	5	8	126	#
60	304069	0	2	3	4	5	6	7	8	9	#
61	159909	0	1	2	3	111	#
62	140304	1	4	5	7	8	#
63	495536	0	1	2	3	4	5	7	8	9	#
64	141456	0	1	2	3	4	70	#
65	302353	0	1	2	3	4	7	8	152	#
66	258691	2	5	8	28	#
67	169823	5	7	8	28	#
68	153985	1	2	5	28	#
69	336144	0	1	2	4	5	7	8	29	#
70	386290	0	1	2	3	4	5	7	29	#
71	361139	0	1	2	3	4	5	8	29	#
72	345849	0	1	2	3	4	7	8	29	#
73	340653	0	1	3	5	7	8	9	29	#
74	325282	1	2	4	5	6	7	8	29	#
75	301391	0	1	2	4	5	6	7	8	39	#
76	485214	0	1	2	3	4	5	6	7	9	30	#
77	445176	0	1	2	3	5	6	7	8	9	30	#
78	157879	0	1	2	4	5	70	#
79	249413	0	1	3	4	7	69	#
80	125726	0	1	2	5	32	#
81	127621	0	1	2	3	32	#
82	187148	0	1	2	4	5	8	67	#
83	183791	1	2	4	5	8	70	#
84	116748	5	8	#
85	142294	2	5	8	#
86	290439	3	4	7	8	34	#
87	232889	0	1	3	4	34	#
88	163999	0	1	4	5	34	#
89	110137	1	4	6	7	134	#
90	88102	9	#
91	278212	0	1	3	4	7	8	35	#
92	306096	0	1	2	3	4	9	35	#
93	259175	0	1	2	3	4	7	35	#
94	210030	1	2	4	5	7	8	35	#
95	205527	0	1	4	5	7	8	35	#
96	271067	1	3	4	6	7	36	#
97	236799	0	1	3	4	7	36	#
98	212506	1	2	4	7	8	36	#
99	148384	0	1	4	6	7	36	#
100	131770	0	1	3	6	7	36	#
101	236534	0	1	2	3	4	126	#
102	195243	1	4	5	6	7	8	37	#
103	269206	0	1	2	3	5	8	37	#
104	239224	2	4	5	6	7	8	37	#
105	169865	0	1	2	3	4	7	37	#
106	139760	0	1	2	4	5	7	37	#
107	357158	0	1	2	3	4	5	6	7	39	#
108	428698	0	1	2	3	4	5	6	7	9	#
109	367736	0	1	2	3	4	5	7	8	39	#
110	201891	2	4	5	6	7	8	67	#
111	124670	0	1	2	3	9	70	#
112	189958	1	2	4	5	7	8	67	#
113	179065	4	5	6	7	8	9	41	#
114	255314	1	2	4	5	7	8	41	#
115	243600	2	4	5	6	7	8	41	#
116	224611	1	2	5	6	7	8	41	#
117	216863	1	4	5	6	7	8	41	#
118	141710	0	1	2	3	42	#
119	204941	0	1	3	4	42	#
120	157658	1	2	4	7	42	#
121	147008	0	1	2	5	42	#
122	137753	0	1	4	7	42	#
123	343327	0	1	2	3	4	6	7	8	9	#
124	440175	0	1	2	4	5	6	7	8	9	119	#
125	314646	0	1	2	3	5	6	7	8	44	#
126	362472	0	1	2	3	4	5	7	8	44	#
127	316898	0	1	3	4	5	6	7	8	44	#
128	264537	0	1	2	3	4	5	6	7	44	#
129	251380	0	1	2	4	5	6	7	8	44	#
130	199488	1	4	5	6	7	8	45	#
131	243937	2	4	5	6	7	8	45	#
132	238603	0	1	2	3	4	5	45	#
133	214934	0	4	5	6	7	8	45	#
134	207733	1	2	4	5	7	8	45	#
135	178730	0	1	4	5	7	8	45	#
136	188157	0	1	3	4	6	7	46	#
137	239365	0	4	5	6	7	8	46	#
138	211982	0	1	3	4	7	8	46	#
139	161645	0	1	4	6	7	8	46	#
140	211322	2	4	5	7	8	126	#
141	137255	5	7	8	47	#
142	95317	4	6	7	47	#
143	151734	1	2	5	8	125	#
144	165296	1	2	4	6	7	87	#
145	226630	1	2	4	5	8	87	#
146	215808	1	2	4	5	7	69	#
147	324183	0	2	4	5	6	7	8	9	49	#
148	374877	1	2	4	5	6	7	8	9	49	#
149	341495	0	1	2	3	5	6	7	8	49	#
150	340560	0	1	2	3	4	5	7	8	49	#
151	336154	0	1	2	3	4	6	7	8	49	#
152	330411	0	1	2	4	5	6	7	8	49	#
153	72848	4	#
154	222887	0	1	2	3	4	6	7	51	#
155	307347	0	1	2	3	4	5	8	51	#
156	284219	0	1	3	4	5	7	8	51	#
157	235189	0	1	3	4	6	7	8	51	#
158	175720	0	1	4	5	6	7	8	51	#
159	162284	0	1	2	5	6	7	8	51	#
160	173984	4	6	7	8	52	#
161	178605	2	4	6	7	52	#
162	233070	0	3	4	6	7	8	67	#
163	122728	2	5	54	#
164	84019	2	6	54	#
165	99539	1	4	#
166	128696	1	6	7	8	134	#
167	413117	0	1	3	4	5	6	7	8	57	#
168	375114	0	1	2	3	4	5	7	8	57	#
169	292553	0	1	2	3	4	5	6	7	57	#
170	292409	0	1	2	4	5	6	7	8	57	#
171	189172	0	1	2	4	5	7	8	59	#
172	252750	0	1	2	4	5	8	9	59	#
173	193055	0	1	2	3	4	5	6	59	#
174	169369	1	2	4	5	6	7	8	59	#
175	149473	0	1	3	4	6	7	8	59	#
176	146274	0	1	2	4	6	7	8	59	#
177	142862	0	1	2	4	7	145	#
178	506632	0	1	3	4	5	6	7	8	9	119	#
179	166315	0	1	2	3	4	87	#
180	223139	1	2	4	5	8	69	#
181	261958	0	1	2	4	5	7	8	63	#
182	337520	1	2	4	5	6	7	8	63	#
183	317309	0	1	2	3	5	6	7	63	#
184	304038	0	1	2	4	5	6	7	63	#
185	275121	0	1	2	3	4	6	7	63	#
186	265255	0	1	2	5	6	7	8	63	#
187	299736	2	4	5	6	7	8	64	#
188	297767	1	2	5	6	7	8	64	#
189	288075	0	1	2	3	5	8	64	#
190	220244	1	2	4	5	7	8	64	#
191	157570	0	1	4	5	7	8	64	#
192	343836	0	1	2	3	4	5	7	65	#
193	288264	0	1	2	4	5	7	8	65	#
194	275475	0	1	4	5	6	7	8	65	#
195	271269	0	1	2	3	4	6	7	65	#
196	244239	0	1	2	4	5	6	7	65	#
197	232531	1	2	4	5	6	7	8	65	#
198	308717	0	1	4	5	6	7	8	9	66	#
199	366623	0	1	3	4	5	6	7	8	66	#
200	336738	0	1	2	3	4	5	7	8	66	#
201	306918	0	1	2	4	5	6	7	8	66	#
202	300951	0	1	2	3	4	5	6	7	66	#
203	236290	0	1	2	3	5	6	7	9	66	#
204	396759	0	1	3	4	5	6	7	8	71	#
205	395800	0	1	2	3	4	5	7	8	71	#
206	342620	0	1	2	3	4	5	7	9	71	#
207	325258	0	1	2	4	5	6	7	8	71	#
208	280737	0	1	3	4	6	7	8	152	#
209	200497	1	2	5	7	8	100	#
210	268628	2	5	6	7	8	100	#
211	245194	1	2	4	112	#
212	134856	0	1	3	4	#
213	235672	4	7	8	9	75	#
214	286171	0	1	3	9	75	#
215	175374	1	4	7	8	75	#
216	159105	4	5	7	8	75	#
217	123014	4	6	7	8	75	#
218	180870	1	2	5	112	#
219	332685	1	2	4	5	7	8	9	152	#
220	181329	1	2	4	5	8	77	#
221	188608	1	4	5	7	8	77	#
222	186599	0	1	2	3	4	77	#
223	86568	0	#
224	268433	1	2	4	5	7	79	#
225	252591	0	1	2	4	5	79	#
226	201888	2	5	6	7	8	79	#
227	196254	0	1	2	5	8	79	#
228	146023	0	3	5	7	8	86	#
229	184480	1	4	5	7	8	80	#
230	165917	1	2	4	7	8	80	#
231	142477	0	1	2	5	8	80	#
232	135114	0	1	2	3	4	86	#
233	83513	3	#
234	151019	0	1	3	4	82	#
235	140983	1	2	4	7	82	#
236	211103	4	6	7	8	83	#
237	147732	1	4	6	7	83	#
238	154243	5	6	7	8	134	#
239	147791	4	5	6	7	8	86	#
240	433997	0	1	2	3	4	6	7	8	9	119	#
241	115933	1	2	8	90	#
242	161473	4	7	8	90	#
243	174276	0	1	2	4	6	7	155	#
244	316340	1	2	4	5	6	7	8	91	#
245	327662	0	1	2	3	4	5	7	91	#
246	262629	0	1	2	4	5	7	8	91	#
247	204364	0	1	2	4	5	6	7	91	#
248	219876	1	2	4	5	6	7	8	9	151	#
249	196468	0	1	2	4	5	7	8	94	#
250	160956	0	1	2	3	5	7	8	94	#
251	141469	0	1	2	4	6	7	8	94	#
252	199372	0	1	2	4	5	6	7	8	#
253	244016	0	1	2	3	4	5	6	7	95	#
254	239457	0	1	2	3	5	6	7	8	95	#
255	236700	0	1	2	3	4	6	7	8	95	#
256	225894	0	1	2	3	4	5	7	8	95	#
257	356039	0	1	2	4	5	6	7	8	96	#
258	390026	0	1	2	3	4	5	6	8	96	#
259	381088	0	1	2	3	4	5	7	8	96	#
260	377950	0	1	2	3	5	6	7	8	96	#
261	347715	1	2	4	5	6	7	8	9	96	#
262	340740	0	1	2	4	6	7	8	9	96	#
263	150711	1	2	4	5	8	9	101	#
264	222786	2	4	5	6	7	8	101	#
265	180341	1	4	5	6	7	8	101	#
266	157357	0	1	2	5	8	9	101	#
267	254620	0	1	2	3	4	102	#
268	278245	1	2	4	5	8	102	#
269	235926	0	1	2	4	5	102	#
270	191336	1	2	4	5	7	102	#
271	159945	0	1	2	3	9	102	#
272	187531	0	1	2	3	5	8	155	#
273	247749	0	1	3	5	8	103	#
274	242828	0	3	5	7	8	103	#
275	205793	4	5	6	7	8	103	#
276	153636	0	1	2	3	5	103	#
277	174383	1	2	4	7	111	#
278	157065	1	2	4	6	7	104	#
279	147776	0	1	2	4	7	104	#
280	138494	0	1	2	3	8	104	#
281	185250	1	4	7	8	125	#
282	82078	5	#
283	198348	0	1	3	4	105	#
284	154725	0	1	3	9	105	#
285	127032	0	1	2	3	105	#
286	202645	0	1	3	4	6	7	155	#
287	235250	0	1	2	3	4	6	7	106	#
288	306802	1	2	4	5	6	7	8	106	#
289	285498	0	1	2	3	4	5	7	106	#
290	267516	0	1	2	3	4	7	8	106	#
291	166605	1	4	6	7	109	#
292	215469	5	6	7	8	109	#
293	163576	4	6	7	8	109	#
294	159733	0	1	2	5	109	#
295	228962	1	2	4	5	7	8	155	#
296	540786	0	1	2	3	4	5	6	7	8	9	#
297	239214	1	2	5	8	110	#
298	240749	1	2	4	5	110	#
299	227261	2	5	7	8	110	#
300	207698	0	1	2	3	110	#
301	202858	0	1	3	4	111	#
302	259062	1	2	4	5	6	7	8	121	#
303	269010	0	1	3	4	6	7	8	121	#
304	233126	0	1	4	5	6	7	8	121	#
305	187543	0	1	2	4	6	7	8	121	#
306	143764	0	1	2	5	6	7	8	121	#
307	85341	6	7	#
308	215837	4	6	7	8	125	#
309	147579	4	6	7	8	123	#
310	194375	4	5	7	8	123	#
311	168344	5	6	7	8	123	#
312	255953	4	5	7	8	125	#
313	136631	4	7	8	9	#
314	232581	0	1	2	4	5	7	155	#
315	176353	1	2	4	5	6	7	129	#
316	143077	0	1	2	4	5	8	129	#
317	280621	1	2	3	4	5	6	7	152	#
318	288300	1	2	4	5	6	7	8	152	#
319	163744	1	2	4	5	7	8	#
320	196970	1	2	4	7	8	130	#
321	219535	1	4	6	7	8	130	#
322	208235	0	1	2	4	7	130	#
323	188671	0	1	2	3	5	130	#
324	183704	0	1	3	4	7	130	#
325	341739	1	2	4	5	6	7	8	132	#
326	346582	0	1	2	4	5	7	8	132	#
327	332208	0	1	2	4	5	6	7	132	#
328	313322	0	1	2	4	6	7	8	132	#
329	263632	0	1	2	4	5	7	9	132	#
330	156498	1	2	5	6	7	8	155	#
331	225226	0	1	2	3	4	5	6	7	151	#
332	185712	1	2	4	5	8	143	#
333	148777	1	2	4	7	8	143	#
334	147951	1	2	4	5	6	143	#
335	126529	1	2	5	7	8	143	#
336	256393	0	1	2	4	5	7	8	152	#
337	390861	0	1	2	4	5	6	7	8	9	#
338	175498	1	2	5	7	8	145	#
339	236755	1	2	4	7	8	145	#
340	211657	2	5	6	7	8	145	#
341	195361	0	1	2	4	5	145	#
342	185142	1	4	6	7	8	145	#
343	180240	0	1	3	4	148	#
344	153899	0	1	2	4	148	#
345	152200	1	4	7	8	148	#
346	134211	0	1	3	9	148	#
347	238399	0	1	3	4	9	150	#
348	246535	0	1	2	3	4	150	#
349	185219	0	1	4	7	9	150	#
350	148289	0	1	4	6	7	150	#
351	276774	0	1	2	3	4	6	7	8	151	#
352	264319	0	1	2	3	4	5	7	8	151	#
353	304663	0	1	2	4	5	6	7	8	158	#
354	387422	0	1	2	3	4	5	7	8	158	#
355	357834	0	1	2	4	5	7	8	9	158	#
356	333809	0	1	2	3	4	5	6	7	158	#
357	331125	0	1	2	3	5	6	7	8	158	#
358	203782	1	2	5	8	163	#
359	239128	5	6	7	8	163	#
360	220970	2	5	7	8	163	#
361	189837	1	2	4	5	163	#
362	139993	0	1	2	3	165	#
363	182953	0	1	3	4	165	#
364	154343	0	1	2	4	165	#
365	85247	0	1	2	9	165	#
366	164581	0	1	2	4	6	7	166	#
367	245020	0	1	2	3	4	7	166	#
368	211733	1	4	5	6	7	8	166	#
369	128371	0	1	3	4	7	9	166	#
370	142756	1	4	167	#
371	88053	4	7	167	#
372	84540	1	2	167	#
373	229082	4	5	6	7	8	169	#
374	219367	1	2	5	7	8	169	#
375	208544	1	4	6	7	8	169	#
376	187765	2	5	7	8	9	169	#
377	235085	0	1	2	4	5	8	171	#
378	241282	0	1	2	3	5	8	171	#
379	201478	2	4	5	6	7	8	171	#
380	131038	0	1	4	5	7	8	171	#
381	107729	0	1	2	4	6	7	171	#
382	47824	0	1	3	4	6	7	171	#
383	250409	0	1	3	4	5	6	7	8	9	#
384	244090	1	2	4	5	7	174	#
385	299328	0	1	2	3	4	174	#
386	283482	1	2	4	5	8	174	#
387	229612	2	4	5	7	8	174	#
388	187385	1	2	4	6	7	174	#
389	187381	0	1	2	3	4	6	7	9	175	#
390	252803	0	1	2	3	4	5	6	7	175	#
391	182631	0	1	2	3	4	5	7	9	175	#
392	177504	0	1	2	3	4	5	7	8	175	#
393	177258	0	1	3	4	5	6	7	8	175	#
394	142575	0	1	2	4	5	6	7	8	175	#
395	168773	4	6	7	8	176	#
396	131770	2	5	7	8	176	#
397	118553	0	1	3	4	176	#
398	245647	1	2	4	5	7	177	#
399	280962	2	4	5	7	8	177	#
400	278132	0	1	2	3	4	177	#
401	258814	1	2	5	7	8	177	#
402	227478	1	2	4	6	7	177	#
403	173702	0	1	4	7	8	177	#
