%% File generated by CATS v.2.1Mon Aug 19 18:51:15 2019

%% The CATS webpage is http://robotics.stanford.edu/CATS

%% PARAMETER SETTINGS:
% Goods: 25; Bids: 250; Distribution: regions-upv; Runs: 10; Seed: 1566246941
% Regions Distribution Parameters:
% Max Substitutable Bids = 5
% Removing HV Neighbor   = 0.1
% Adding DIAG Neighbor   = 0.2
% Additional Location    = 0.9
% Jump Probability       = 0.05
% Additivity             = 0.2
% Budget Factor          = 1.5
% Resale Factor          = 0.5
% Uniform Private Value:
%   Deviation            = 0.5
%   Max Good Value       = 100



goods 25
bids 252
dummy 49

0	550237	8	9	12	13	14	17	18	19	22	23	24	25	#
1	663797	3	4	6	7	9	12	17	18	22	23	24	25	#
2	659434	3	4	7	12	13	17	18	19	22	23	24	25	#
3	638660	2	3	5	6	7	8	9	12	13	18	23	25	#
4	632025	2	7	9	11	12	13	14	18	19	23	24	25	#
5	601046	6	7	12	13	17	18	19	21	22	23	24	25	#
6	496007	12	17	18	21	22	23	24	26	#
7	527085	7	12	13	17	18	22	23	26	#
8	442909	11	12	17	18	19	23	24	26	#
9	399401	9	11	12	13	15	16	17	26	#
10	384950	12	16	17	18	19	22	23	26	#
11	347039	7	11	15	16	20	21	23	26	#
12	191156	19	23	24	27	#
13	261476	18	23	24	27	#
14	248084	18	19	24	27	#
15	163669	5	11	12	16	28	#
16	230643	1	5	6	7	28	#
17	205165	11	16	17	22	28	#
18	203492	12	15	16	20	28	#
19	158753	5	7	10	11	28	#
20	239660	0	5	6	7	11	12	29	#
21	326288	6	7	10	11	16	24	29	#
22	298059	5	10	11	12	16	17	29	#
23	291784	0	1	6	10	11	16	29	#
24	254632	5	6	10	11	16	17	29	#
25	247688	5	10	11	15	20	21	29	#
26	974733	2	3	4	7	8	9	11	12	13	14	18	19	22	23	24	30	#
27	1050212	1	2	3	4	6	7	8	9	12	13	14	18	19	23	24	30	#
28	1010821	0	1	2	3	4	5	6	7	8	10	11	13	15	18	20	30	#
29	1010655	1	2	3	4	6	7	8	12	13	14	18	19	22	23	24	30	#
30	1002395	1	5	6	7	8	9	11	12	13	16	17	18	21	23	24	30	#
31	992977	2	3	4	7	8	9	12	13	15	17	18	20	21	23	24	30	#
32	179672	23	24	#
33	307482	8	12	13	31	#
34	247396	7	12	13	31	#
35	236631	7	8	13	31	#
36	182400	13	21	22	31	#
37	1350926	0	1	2	3	4	5	6	7	8	9	10	11	12	13	14	15	16	17	18	19	20	21	22	23	24	#
38	192587	5	7	11	32	#
39	252407	6	7	11	32	#
40	221078	1	6	7	32	#
41	83626	11	#
42	341224	0	5	6	10	11	15	33	#
43	404245	0	6	10	11	15	21	33	#
44	361776	5	10	11	15	21	22	33	#
45	351584	5	10	11	15	20	21	33	#
46	349411	5	6	11	15	20	21	33	#
47	297652	5	10	15	16	21	22	33	#
48	746707	3	5	7	8	10	11	12	15	16	17	18	21	34	#
49	883836	2	3	4	5	10	11	12	15	16	17	21	22	34	#
50	860646	2	3	5	7	11	12	15	16	17	18	21	22	34	#
51	799928	3	7	8	9	11	12	13	15	16	17	18	21	34	#
52	796258	0	2	3	5	7	11	12	15	16	17	21	22	34	#
53	777213	3	4	7	8	9	11	12	13	16	17	18	22	34	#
54	905942	0	2	3	4	6	7	11	12	15	16	17	18	21	22	23	35	#
55	997902	2	5	6	7	11	12	13	14	15	18	19	21	22	23	24	35	#
56	957177	1	2	3	5	6	7	11	12	14	15	16	18	21	23	24	35	#
57	923409	2	6	7	10	11	12	15	16	18	19	20	21	22	23	24	35	#
58	923101	0	2	3	6	7	11	12	13	14	15	16	18	19	21	22	35	#
59	913219	2	3	4	8	9	11	12	13	14	18	19	21	22	23	24	35	#
60	913641	0	1	3	4	5	6	9	11	12	13	14	16	18	19	21	22	23	24	36	#
61	997301	0	1	2	3	4	5	6	10	11	12	13	14	15	16	18	21	22	24	36	#
62	979145	0	1	2	3	4	5	6	8	9	11	12	14	16	18	19	21	22	24	36	#
63	927132	0	1	2	3	4	5	6	9	10	12	13	14	17	18	19	21	22	24	36	#
64	926051	0	1	2	3	4	5	6	9	11	12	14	15	16	17	18	19	21	24	36	#
65	907046	0	1	2	4	5	6	7	10	11	12	14	15	16	18	21	22	23	24	36	#
66	51193	4	9	#
67	66937	6	#
68	316737	14	16	17	18	19	23	24	38	#
69	372533	8	9	13	18	19	23	24	38	#
70	356070	14	15	16	17	18	19	23	38	#
71	348713	5	10	12	15	16	17	21	38	#
72	324978	12	13	14	17	18	19	23	38	#
73	324422	12	14	16	17	18	19	23	38	#
74	322021	13	14	18	19	22	23	39	#
75	419792	11	12	16	21	22	23	39	#
76	395677	11	12	16	17	18	22	39	#
77	394276	12	17	18	19	22	23	39	#
78	322360	8	9	14	18	19	23	39	#
79	246029	0	1	5	14	18	19	39	#
80	128208	6	10	11	16	21	40	#
81	183773	15	16	21	22	23	40	#
82	173917	5	6	11	15	16	40	#
83	115340	10	15	16	17	20	40	#
84	402656	0	1	5	6	7	10	11	15	16	17	22	41	#
85	564030	1	5	6	7	10	11	12	14	16	18	24	41	#
86	551841	3	4	8	10	11	16	17	18	19	22	23	41	#
87	537856	5	10	11	14	16	17	18	19	22	23	24	41	#
88	490035	0	1	2	3	5	6	7	11	15	16	20	41	#
89	488086	0	1	5	6	7	11	12	15	16	17	22	41	#
90	344365	12	18	24	42	#
91	317914	18	23	24	42	#
92	299891	17	18	24	42	#
93	198700	12	16	17	42	#
94	448202	10	15	16	17	20	21	22	23	43	#
95	579689	10	11	12	16	17	18	21	22	43	#
96	572448	12	13	14	17	18	19	23	24	43	#
97	570859	6	10	11	12	13	16	17	18	43	#
98	549497	10	11	12	15	16	17	21	22	43	#
99	535113	12	13	16	17	20	21	22	23	43	#
100	313962	12	13	14	18	19	23	44	#
101	355156	12	13	14	16	17	18	44	#
102	347218	0	6	12	13	14	18	44	#
103	343356	15	16	17	18	20	23	44	#
104	293580	5	12	13	16	17	22	44	#
105	283054	14	17	18	19	22	23	44	#
106	699145	7	8	9	10	12	13	14	16	17	18	19	22	23	24	45	#
107	903537	1	2	5	7	8	11	12	13	16	17	19	21	22	23	45	#
108	875046	2	6	7	8	12	13	14	17	18	19	21	22	23	24	45	#
109	851825	1	2	3	6	7	8	10	11	12	13	14	16	17	22	45	#
110	817455	3	4	7	8	9	12	13	14	17	18	19	22	23	24	45	#
111	808840	0	1	4	6	7	8	9	11	12	13	14	19	23	24	45	#
112	1203956	1	2	3	5	6	7	10	11	12	13	14	17	18	19	22	23	24	46	#
113	1293974	1	2	3	4	5	6	10	11	12	13	14	15	16	18	19	22	24	46	#
114	1285232	0	1	2	3	5	6	7	11	12	13	14	15	18	19	20	23	24	46	#
115	1265066	0	1	2	3	5	6	7	10	11	12	13	15	18	19	20	21	22	46	#
116	1250331	0	1	2	3	4	5	6	7	8	11	12	13	14	18	19	23	24	46	#
117	1245733	0	1	2	3	5	6	7	8	10	12	13	14	18	19	22	23	24	46	#
118	901113	1	2	3	4	8	9	12	13	14	16	19	23	24	47	#
119	959231	0	1	2	8	9	12	13	14	18	19	22	23	24	47	#
120	951569	0	1	2	3	4	5	8	9	10	12	13	14	15	47	#
121	897432	1	2	3	8	9	10	12	13	14	16	18	19	24	47	#
122	880635	0	1	2	5	6	10	11	12	13	15	16	18	24	47	#
123	866213	0	1	2	3	4	8	9	13	14	18	19	23	24	47	#
124	777366	0	2	3	4	5	6	7	8	9	10	11	15	20	21	48	#
125	866263	0	1	2	3	5	6	7	10	11	12	15	17	22	23	48	#
126	844267	0	1	2	3	4	6	7	8	11	12	13	14	15	16	48	#
127	837067	0	1	2	3	5	6	7	8	9	10	11	12	15	18	48	#
128	816768	2	3	4	7	8	9	10	11	12	13	14	15	17	20	48	#
129	800214	0	2	3	4	5	6	7	8	9	10	11	13	15	20	48	#
130	69018	14	19	23	#
131	127356	18	23	49	#
132	169248	13	18	49	#
133	165670	5	10	16	50	#
134	224092	5	10	15	50	#
135	192920	16	17	21	50	#
136	634955	1	2	3	4	7	11	12	16	51	#
137	729350	1	2	3	4	8	9	20	21	51	#
138	720679	2	3	4	7	8	9	11	12	51	#
139	712681	2	3	4	8	9	13	14	18	51	#
140	676867	2	4	7	8	9	11	13	19	51	#
141	620501	2	3	4	7	8	13	19	23	51	#
142	1159105	0	1	2	5	6	9	10	11	12	13	14	15	16	17	18	19	20	21	22	23	52	#
143	1335695	0	1	2	3	4	5	6	8	9	10	11	13	15	16	17	18	20	21	22	23	52	#
144	1319840	0	1	3	4	5	6	9	10	11	12	13	14	15	16	17	18	20	21	22	23	52	#
145	1287218	0	1	2	3	4	5	6	8	9	10	11	12	14	15	16	17	18	21	22	24	52	#
146	1259197	0	1	2	3	4	5	6	7	8	9	10	11	14	15	16	17	18	20	21	22	52	#
147	1254098	0	1	3	5	6	8	9	10	11	12	13	14	15	16	17	18	20	21	22	23	52	#
148	369180	8	12	13	14	17	18	53	#
149	411041	4	7	8	9	11	14	53	#
150	406993	4	8	9	12	13	14	53	#
151	314457	3	8	9	13	14	19	53	#
152	305892	12	14	17	18	19	23	53	#
153	302536	12	16	17	18	22	23	53	#
154	219452	15	16	20	21	54	#
155	316915	15	20	21	22	54	#
156	201640	16	20	21	22	54	#
157	179339	10	15	16	21	54	#
158	875940	0	1	2	5	6	7	8	10	11	12	13	15	16	18	55	#
159	970061	0	2	4	5	6	7	8	11	12	13	15	18	20	21	55	#
160	920864	0	2	5	6	7	11	12	13	15	16	17	18	20	21	55	#
161	890132	0	2	5	6	7	8	10	11	12	13	15	16	18	21	55	#
162	828698	2	6	7	8	12	13	14	17	18	19	21	22	23	24	55	#
163	828447	0	2	3	5	6	7	8	11	13	14	18	19	23	24	55	#
164	866773	0	5	6	7	8	9	12	13	14	16	18	19	21	22	23	24	56	#
165	1041544	1	2	3	4	8	12	13	14	16	18	19	20	21	22	23	24	56	#
166	1021917	2	3	4	7	8	12	13	14	15	16	18	19	21	22	23	24	56	#
167	1006134	0	2	3	5	6	7	8	12	13	14	15	16	18	19	21	24	56	#
168	975664	2	6	7	8	12	13	14	15	16	18	19	20	21	22	23	24	56	#
169	974570	2	6	7	8	9	12	14	15	16	18	19	20	21	22	23	24	56	#
170	111464	12	16	#
171	146052	0	6	7	57	#
172	212878	7	12	16	57	#
173	204081	5	6	7	57	#
174	46781	0	#
175	398761	4	9	12	13	14	18	19	58	#
176	568561	2	7	8	9	12	13	18	58	#
177	459176	9	12	13	14	18	19	24	58	#
178	425654	12	13	14	17	18	19	24	58	#
179	409469	4	7	9	12	14	18	24	58	#
180	367945	13	14	18	19	20	23	24	58	#
181	251796	10	14	17	18	19	23	59	#
182	371174	11	12	13	14	16	17	59	#
183	367228	6	7	8	9	13	14	59	#
184	351492	13	14	18	19	23	24	59	#
185	303842	14	17	18	19	23	24	59	#
186	237247	9	14	16	17	18	19	59	#
187	213275	0	5	6	7	12	60	#
188	282663	6	7	12	13	16	60	#
189	235565	6	7	8	10	11	60	#
190	224972	0	1	6	11	15	60	#
191	203039	5	6	10	11	16	60	#
192	164297	0	5	6	10	11	60	#
193	757361	2	4	7	8	9	10	11	12	13	14	17	18	61	#
194	775218	2	5	7	8	11	12	13	14	17	18	22	23	61	#
195	770782	2	3	4	7	8	9	12	13	14	17	18	22	61	#
196	765261	2	3	4	8	9	12	13	14	18	22	23	24	61	#
197	753459	4	7	8	9	12	13	14	17	18	20	23	24	61	#
198	711397	2	7	8	9	12	13	14	17	20	21	22	23	61	#
199	293710	8	9	13	14	18	19	62	#
200	378364	12	13	17	18	22	23	62	#
201	313454	12	13	14	18	19	23	62	#
202	309441	10	12	13	16	18	19	62	#
203	296755	9	13	14	18	19	24	62	#
204	251965	4	8	9	14	18	19	62	#
205	294200	3	4	8	9	14	63	#
206	425375	3	8	12	13	18	63	#
207	413997	1	2	3	8	9	63	#
208	402905	2	3	4	8	9	63	#
209	257673	8	9	13	14	18	63	#
210	144621	6	11	64	#
211	176154	11	15	64	#
212	415012	0	1	2	5	6	11	65	#
213	440471	2	3	4	7	12	18	65	#
214	387648	1	2	3	7	11	12	65	#
215	344940	0	1	5	6	7	11	65	#
216	308148	0	1	5	6	10	11	65	#
217	1262961	0	1	2	4	5	6	7	8	9	10	11	12	15	16	17	19	20	21	22	23	24	66	#
218	1267995	0	1	2	4	5	6	7	9	10	12	13	14	15	16	17	18	19	21	22	23	24	66	#
219	1259334	0	1	2	3	4	5	6	7	8	9	10	12	14	15	16	17	19	21	22	23	24	66	#
220	1252307	0	1	2	4	5	6	7	8	9	10	11	12	14	15	16	17	19	21	22	23	24	66	#
221	1243015	0	1	2	3	4	5	6	7	8	9	10	12	14	15	16	17	20	21	22	23	24	66	#
222	1233323	0	1	2	3	4	5	6	7	8	9	10	12	13	14	16	17	18	21	22	23	24	66	#
223	235947	18	24	67	#
224	212265	23	24	67	#
225	186421	0	1	6	68	#
226	178638	1	6	11	68	#
227	217756	18	19	23	24	69	#
228	289760	1	18	23	24	69	#
229	238892	9	13	14	18	69	#
230	149256	9	13	14	19	69	#
231	700786	2	3	4	7	9	12	13	14	15	16	17	18	19	21	70	#
232	873375	2	3	4	5	6	7	8	10	11	12	15	16	18	24	70	#
233	844173	0	2	3	4	5	6	7	8	11	12	15	16	18	19	70	#
234	795802	1	2	3	6	7	8	9	11	12	13	14	16	18	19	70	#
235	770273	0	1	2	5	7	11	12	14	15	16	18	19	23	24	70	#
236	751152	0	2	3	6	7	8	10	11	12	13	16	17	18	24	70	#
237	312893	11	12	15	16	20	21	22	71	#
238	404394	12	17	18	21	22	23	24	71	#
239	322180	0	1	5	10	11	16	21	71	#
240	319127	6	11	15	17	20	21	22	71	#
241	317675	12	16	17	18	20	21	22	71	#
242	295777	12	15	16	17	20	21	22	71	#
243	214544	10	15	20	72	#
244	254227	11	15	20	72	#
245	139735	21	22	#
246	448683	2	3	7	12	16	73	#
247	460329	10	11	12	13	16	73	#
248	435907	1	2	7	11	16	73	#
249	428719	6	7	11	12	13	73	#
250	411173	2	3	4	7	8	73	#
251	302655	6	7	10	11	16	73	#
