%% File generated by CATS v.2.1Mon Aug 19 19:06:54 2019

%% The CATS webpage is http://robotics.stanford.edu/CATS

%% PARAMETER SETTINGS:
% Goods: 75; Bids: 1500; Distribution: regions-upv; Runs: 10; Seed: 1566249871
% Regions Distribution Parameters:
% Max Substitutable Bids = 5
% Removing HV Neighbor   = 0.1
% Adding DIAG Neighbor   = 0.2
% Additional Location    = 0.9
% Jump Probability       = 0.05
% Additivity             = 0.2
% Budget Factor          = 1.5
% Resale Factor          = 0.5
% Uniform Private Value:
%   Deviation            = 0.5
%   Max Good Value       = 100



goods 75
bids 1501
dummy 271

0	910388	6	14	21	29	30	31	38	39	47	49	61	62	75	#
1	1019532	5	6	7	13	14	21	22	23	28	29	31	36	75	#
2	990577	22	23	31	38	39	47	53	54	55	61	62	63	75	#
3	987508	6	7	13	14	21	22	23	28	29	30	31	38	75	#
4	943509	23	31	38	45	51	52	53	54	60	61	62	63	75	#
5	942692	5	6	49	50	51	53	54	55	56	61	62	63	75	#
6	104960	74	#
7	86607	6	#
8	90911	72	#
9	239536	3	4	5	12	13	76	#
10	305580	11	12	19	27	28	76	#
11	286377	13	14	20	21	28	76	#
12	268817	2	3	4	10	11	76	#
13	263789	3	4	5	6	12	76	#
14	232842	4	5	12	13	21	76	#
15	415660	28	29	30	35	36	37	43	77	#
16	552952	20	26	28	34	36	44	52	77	#
17	529805	26	27	28	29	30	36	37	77	#
18	523573	13	21	28	29	30	38	59	77	#
19	485632	18	19	20	26	27	28	54	77	#
20	425546	28	29	30	37	38	39	45	77	#
21	1332020	22	29	30	31	37	38	39	44	45	46	47	52	53	54	55	60	61	62	63	78	#
22	1502028	15	22	23	29	30	31	36	37	38	43	44	45	46	53	54	60	61	62	63	78	#
23	1501085	22	23	30	31	33	35	36	42	43	44	45	46	51	53	54	61	62	63	64	78	#
24	1475766	9	10	11	35	36	42	43	44	45	46	50	51	52	53	54	60	61	62	63	78	#
25	1430636	6	7	13	15	21	22	23	29	30	31	36	37	38	44	45	46	54	61	62	78	#
26	1416481	3	10	11	12	19	35	36	43	44	45	50	51	52	53	54	60	61	62	63	78	#
27	121562	65	#
28	186771	61	62	79	#
29	221925	54	62	79	#
30	153173	6	14	80	#
31	162957	14	15	80	#
32	78568	66	#
33	605736	0	9	16	17	25	26	33	34	35	36	42	43	69	81	#
34	880452	11	19	20	21	22	26	34	35	36	37	45	53	54	81	#
35	856498	26	33	34	40	41	42	43	48	49	50	51	52	58	81	#
36	825522	18	19	26	33	34	35	41	42	43	50	51	58	69	81	#
37	810086	3	4	9	17	18	19	24	25	26	27	30	31	38	81	#
38	810011	17	18	19	24	25	26	32	33	34	35	40	42	48	81	#
39	1410926	2	3	4	5	6	7	8	11	12	13	14	16	18	19	20	21	22	28	36	51	82	#
40	1748529	4	5	6	7	13	14	15	21	22	23	28	29	31	36	38	39	44	52	61	65	82	#
41	1634203	2	3	4	5	6	7	11	12	13	14	15	18	19	20	21	22	23	28	31	36	82	#
42	1607412	3	4	5	6	7	10	11	12	13	14	18	19	20	21	22	28	29	35	36	37	82	#
43	1597482	1	2	3	4	5	6	7	11	12	13	14	19	20	21	28	31	38	39	47	71	82	#
44	1568708	5	6	11	12	13	14	19	20	21	28	29	33	34	35	36	37	40	44	45	53	82	#
45	167051	54	55	62	83	#
46	212259	55	62	63	83	#
47	105277	53	54	55	83	#
48	140596	4	5	12	13	#
49	626117	9	10	11	16	17	18	24	25	26	27	32	84	#
50	779965	1	9	17	18	24	25	26	32	40	48	56	84	#
51	777934	18	21	25	26	27	28	29	32	34	40	48	84	#
52	696522	26	32	33	34	40	41	42	48	49	56	57	84	#
53	692678	9	10	11	17	18	24	25	26	33	34	42	84	#
54	673637	10	18	25	26	27	33	34	35	40	41	42	84	#
55	857591	10	12	13	18	19	20	21	27	28	29	36	37	43	44	45	85	#
56	1127868	4	5	11	12	13	19	20	21	22	26	27	28	29	30	38	85	#
57	1110535	3	4	5	11	12	18	19	20	21	26	27	34	42	50	58	85	#
58	1092955	1	5	6	9	10	11	13	14	17	18	19	20	21	28	36	85	#
59	1071635	4	5	6	7	11	12	13	14	15	19	20	21	27	28	36	85	#
60	1070055	5	6	12	13	14	15	20	21	29	36	40	43	44	45	52	85	#
61	187986	6	7	15	86	#
62	182790	5	6	13	86	#
63	534282	8	9	17	18	25	26	32	33	34	42	87	#
64	754038	9	10	11	12	18	20	25	26	34	46	87	#
65	708035	8	9	10	18	26	27	28	53	54	71	87	#
66	667691	22	26	32	33	34	35	41	42	50	58	87	#
67	620659	2	8	9	10	20	28	36	37	44	45	87	#
68	618976	8	9	10	11	17	18	25	26	27	34	87	#
69	940219	35	36	39	44	45	47	51	52	53	54	55	60	61	62	88	#
70	1024111	3	11	13	14	19	20	21	27	28	36	44	52	60	61	88	#
71	1012529	17	18	19	20	25	26	27	28	34	35	36	42	44	50	88	#
72	963420	36	38	39	44	45	47	52	53	54	55	60	61	62	63	88	#
73	963226	18	26	27	34	37	42	45	52	53	54	55	60	61	62	88	#
74	963040	19	20	21	28	36	37	44	45	52	53	54	60	61	62	88	#
75	110569	38	#
76	145408	53	61	62	89	#
77	207781	61	62	63	89	#
78	131297	52	53	61	89	#
79	98983	53	56	61	89	#
80	76951	3	#
81	1340106	15	21	22	23	28	29	30	31	38	39	47	51	54	55	58	59	90	#
82	1466246	21	23	29	30	31	37	38	39	45	46	47	53	54	55	62	63	90	#
83	1461884	3	6	7	9	10	11	15	21	23	29	30	31	38	39	47	55	90	#
84	1436435	7	15	20	21	22	23	28	29	30	31	36	37	38	39	47	55	90	#
85	1426401	7	15	22	23	30	31	34	38	39	42	45	47	53	54	55	63	90	#
86	1423982	28	29	30	31	37	38	39	45	46	47	53	54	55	62	63	66	90	#
87	288802	12	13	14	15	21	91	#
88	398760	13	14	15	22	23	91	#
89	385217	13	14	15	21	29	91	#
90	380622	13	14	15	20	21	91	#
91	347223	13	14	21	28	29	91	#
92	284836	11	12	13	20	28	91	#
93	74228	69	#
94	417835	41	42	43	44	51	52	60	92	#
95	509967	26	33	34	35	41	42	72	92	#
96	481234	35	41	42	43	50	51	52	92	#
97	443607	33	41	42	43	44	49	52	92	#
98	437846	24	32	33	41	42	43	49	92	#
99	375010	45	46	52	53	54	55	60	92	#
100	279519	35	36	43	44	52	93	#
101	343583	29	35	36	37	44	93	#
102	298762	34	35	36	37	44	93	#
103	261006	33	42	43	44	52	93	#
104	257583	44	52	53	60	61	93	#
105	236479	24	25	32	52	60	93	#
106	1281983	2	3	4	12	41	44	49	50	51	52	54	58	59	60	61	62	94	#
107	1336252	26	27	34	35	36	41	42	43	44	48	49	51	54	58	59	62	94	#
108	1233119	21	29	35	37	41	42	43	44	45	49	51	52	58	59	60	61	94	#
109	1220649	2	3	4	5	35	36	37	41	42	43	44	51	52	60	61	62	94	#
110	1206883	26	31	35	36	37	38	39	43	44	45	46	47	54	55	62	63	94	#
111	1121441	16	17	34	35	40	41	42	43	44	48	49	51	56	57	58	59	94	#
112	1009566	6	7	12	13	14	15	23	29	30	31	36	37	38	39	47	70	71	95	#
113	1306776	3	7	11	12	13	15	19	20	23	27	28	29	30	37	53	61	62	95	#
114	1194407	22	23	29	30	38	39	44	46	47	52	53	54	55	60	61	62	63	95	#
115	1173451	3	5	11	12	13	17	19	20	26	28	29	30	31	34	35	37	38	95	#
116	1171844	6	7	13	14	15	20	23	28	29	30	36	37	44	52	53	60	61	95	#
117	1170276	23	30	31	37	38	39	45	47	51	52	53	54	55	60	61	62	63	95	#
118	134858	44	#
119	135733	35	#
120	294101	15	22	23	96	#
121	194931	14	15	23	96	#
122	772852	26	27	28	29	30	33	34	35	36	37	42	97	#
123	853884	37	44	45	47	52	53	54	55	61	62	63	97	#
124	820536	3	10	11	12	19	20	21	27	28	29	30	97	#
125	815220	19	26	32	33	34	40	41	42	48	56	74	97	#
126	801495	9	10	11	17	18	19	24	25	26	32	40	97	#
127	780859	25	32	33	34	35	40	41	42	43	44	50	97	#
128	289285	8	9	10	16	17	24	98	#
129	419745	1	8	9	16	17	70	98	#
130	398464	8	16	17	26	34	35	98	#
131	342226	2	3	9	10	18	26	98	#
132	335767	8	9	16	17	36	44	98	#
133	152044	24	25	32	#
134	2610236	3	5	11	16	17	18	19	21	22	23	24	25	26	27	28	29	30	31	32	33	34	35	36	37	38	40	41	42	43	44	45	47	48	49	50	53	54	55	56	57	70	99	#
135	2727694	1	2	3	4	5	6	8	9	12	13	14	16	17	21	24	25	26	27	28	29	32	33	35	36	37	39	40	41	45	46	47	48	49	50	54	55	56	57	59	63	69	99	#
136	2707294	3	4	5	6	12	13	14	17	18	21	22	24	25	26	28	29	30	31	33	34	35	36	37	41	43	44	45	46	47	49	50	52	53	54	55	56	57	61	62	63	66	99	#
137	2690064	3	4	5	6	7	11	12	13	14	18	19	21	22	25	26	27	28	29	30	31	32	33	34	35	36	37	40	41	43	44	45	47	48	49	50	54	55	56	57	58	59	99	#
138	2670860	1	2	3	6	7	8	9	10	13	14	16	17	20	21	22	24	25	26	27	28	29	30	31	32	33	34	35	36	37	40	41	42	43	45	49	50	53	54	56	57	72	99	#
139	2668994	0	1	4	5	6	7	8	9	13	14	15	16	17	19	21	22	23	24	25	26	27	28	29	30	31	32	35	36	37	43	45	46	47	52	53	54	55	63	69	70	71	99	#
140	1722310	5	6	7	12	13	14	15	18	19	20	21	22	23	26	27	28	29	30	31	33	34	37	56	57	58	100	#
141	2026111	5	6	7	11	12	13	14	15	18	19	20	21	22	23	25	26	27	29	30	31	44	45	54	55	64	100	#
142	2008698	5	6	7	10	11	13	14	15	18	19	20	21	22	23	29	30	31	37	45	54	55	57	58	66	68	100	#
143	1858313	4	5	6	7	11	12	13	14	15	18	19	20	21	22	23	26	27	28	29	30	31	37	44	45	54	100	#
144	1796350	0	1	2	7	8	9	13	14	15	16	17	20	21	22	23	24	25	29	31	32	50	57	58	59	66	100	#
145	1786620	2	3	5	6	11	13	14	18	19	20	21	26	27	28	29	30	34	35	36	37	45	50	51	58	59	100	#
146	937285	3	4	5	6	11	12	14	15	18	19	20	23	27	28	101	#
147	1069105	0	8	9	10	11	14	15	16	18	22	23	30	31	38	101	#
148	1067166	3	4	5	6	7	12	14	15	20	22	23	30	31	38	101	#
149	1057580	3	4	5	6	11	12	13	14	15	20	22	23	30	31	101	#
150	1048015	5	6	14	15	22	23	30	31	38	39	45	52	53	54	101	#
151	1029018	3	4	5	6	12	13	14	15	21	22	23	30	31	38	101	#
152	840553	42	43	49	50	51	52	53	54	55	59	61	102	#
153	935901	35	36	41	42	43	48	49	50	51	52	59	102	#
154	922302	5	6	7	15	48	49	50	51	52	60	61	102	#
155	913511	50	51	52	53	54	55	59	60	61	62	63	102	#
156	843744	3	51	52	53	54	55	59	60	61	62	63	102	#
157	829292	32	33	40	41	48	49	50	51	52	53	59	102	#
158	288017	34	35	43	44	103	#
159	406077	34	35	41	42	103	#
160	368395	33	34	41	42	103	#
161	301908	43	44	51	59	103	#
162	232871	43	44	45	53	103	#
163	122781	70	#
164	254565	0	1	9	10	104	#
165	310155	1	9	17	22	104	#
166	263542	9	10	16	17	104	#
167	175351	0	1	8	16	104	#
168	165678	0	1	8	9	104	#
169	98980	64	#
170	116939	67	71	105	#
171	153730	41	71	105	#
172	721057	7	15	22	23	29	30	31	106	#
173	730651	21	22	23	28	30	31	38	106	#
174	703972	19	20	21	22	23	28	29	106	#
175	688751	15	21	22	23	30	31	38	106	#
176	681963	5	6	7	14	15	22	23	106	#
177	601392	6	7	14	15	23	47	55	106	#
178	96211	68	#
179	699122	32	33	34	40	41	42	50	58	59	107	#
180	727405	31	32	33	34	38	40	41	42	50	107	#
181	704323	33	34	41	42	43	44	45	50	51	107	#
182	693809	25	32	33	40	41	42	50	58	60	107	#
183	646543	24	25	32	33	40	41	42	43	44	107	#
184	608152	8	16	24	25	32	33	34	40	42	107	#
185	563476	4	12	13	14	20	21	22	23	29	108	#
186	775757	6	7	15	22	23	29	30	31	38	108	#
187	714364	14	15	22	23	29	30	31	38	73	108	#
188	703507	5	6	7	22	23	29	30	31	68	108	#
189	653184	6	7	12	13	14	15	20	22	23	108	#
190	571408	5	6	7	12	13	14	15	20	23	108	#
191	1109852	12	20	21	28	29	36	44	45	46	53	54	60	61	62	109	#
192	1159861	6	20	28	29	36	37	44	45	46	53	54	60	61	62	109	#
193	1145118	15	17	19	20	21	22	23	25	26	27	28	29	30	38	109	#
194	1132701	12	13	19	20	21	22	23	27	28	29	30	36	38	74	109	#
195	1118195	21	27	29	37	41	44	45	46	49	50	53	54	61	62	109	#
196	1112495	5	7	9	12	13	15	20	21	23	27	28	29	36	37	109	#
197	808847	39	44	45	46	47	52	53	54	55	59	60	61	62	63	110	#
198	921806	16	17	24	25	32	40	46	47	52	53	54	55	63	73	110	#
199	806532	15	23	36	42	43	44	46	52	53	54	55	60	61	62	110	#
200	778338	16	38	39	46	47	51	52	53	54	55	60	61	62	63	110	#
201	773265	38	39	44	45	46	47	51	52	53	54	55	61	62	63	110	#
202	766164	29	37	39	45	46	47	52	53	54	55	60	61	62	63	110	#
203	254453	33	34	35	40	41	111	#
204	356527	33	40	41	42	49	111	#
205	326803	33	41	42	43	51	111	#
206	273267	17	26	27	34	35	111	#
207	262049	32	33	40	41	42	111	#
208	775766	21	26	27	28	29	36	37	45	46	47	53	54	55	112	#
209	918724	11	12	17	19	20	21	22	26	27	28	29	30	34	112	#
210	854082	11	12	13	20	21	22	27	28	30	46	53	54	55	112	#
211	841084	11	12	17	19	20	21	22	25	26	27	28	35	36	112	#
212	819317	19	20	21	22	23	27	28	29	35	36	37	45	53	112	#
213	791124	11	12	13	14	19	20	21	26	27	28	29	34	36	112	#
214	143989	9	10	17	113	#
215	182775	9	10	11	113	#
216	104074	2	9	10	113	#
217	479460	3	4	5	12	19	20	21	72	114	#
218	578828	3	4	5	6	12	19	20	28	114	#
219	570808	6	19	20	27	28	29	37	43	114	#
220	570746	12	13	20	21	28	29	37	45	114	#
221	550993	5	12	13	14	20	21	29	37	114	#
222	541201	18	19	20	21	26	27	28	29	114	#
223	124238	48	56	#
224	683028	38	39	45	47	54	55	61	62	63	115	#
225	779953	30	38	39	47	53	54	55	62	63	115	#
226	748334	22	30	31	38	39	45	47	54	55	115	#
227	725729	19	25	26	27	30	38	39	47	55	115	#
228	708911	37	43	44	45	51	54	55	62	63	115	#
229	666029	22	23	30	31	38	45	46	53	54	115	#
230	1202528	8	16	17	26	27	42	43	44	48	49	50	51	52	53	54	56	58	60	61	116	#
231	1366500	34	37	42	44	45	47	48	49	50	51	52	53	54	55	56	60	61	62	63	116	#
232	1351322	16	26	34	42	44	45	48	49	50	51	52	54	56	57	60	61	62	63	65	116	#
233	1332047	36	37	39	44	45	47	49	50	51	52	53	54	55	59	60	61	62	63	71	116	#
234	1321632	2	8	9	10	11	16	17	18	19	20	24	25	26	27	32	34	35	42	50	116	#
235	1319365	35	39	42	43	44	45	47	49	50	51	52	53	54	55	59	60	61	62	63	116	#
236	277118	0	1	2	3	4	117	#
237	342368	0	36	37	44	45	117	#
238	342059	2	3	4	11	19	117	#
239	296033	4	11	12	13	19	117	#
240	275022	0	1	2	3	8	117	#
241	271259	0	1	2	3	10	117	#
242	1162043	39	44	45	46	47	50	51	52	53	54	55	60	61	62	63	118	#
243	1260217	5	11	12	13	19	20	21	22	27	28	30	39	47	54	55	118	#
244	1225807	21	22	30	38	39	42	43	44	45	46	47	51	54	55	62	118	#
245	1190171	28	36	41	42	44	45	49	50	51	52	53	54	58	61	62	118	#
246	1167786	36	44	45	46	47	50	51	52	53	54	55	58	59	61	62	118	#
247	1167166	21	29	39	44	45	47	51	52	53	54	55	60	61	62	63	118	#
248	400799	5	6	7	14	15	119	#
249	451266	14	15	22	23	31	119	#
250	435292	6	7	14	15	30	119	#
251	383672	6	7	13	14	15	119	#
252	291105	4	5	6	14	15	119	#
253	116877	29	#
254	377779	22	29	30	120	#
255	370841	29	30	31	120	#
256	292671	21	22	23	120	#
257	175350	9	17	29	120	#
258	147158	10	11	121	#
259	143818	11	19	121	#
260	625128	41	42	43	48	49	50	51	57	58	59	122	#
261	748977	9	17	25	26	32	33	34	35	42	44	122	#
262	748394	41	42	49	50	51	52	53	58	59	60	122	#
263	685591	32	40	41	42	48	49	50	51	57	58	122	#
264	684705	41	49	50	51	52	53	57	58	59	60	122	#
265	622732	42	49	50	51	52	53	57	58	59	69	122	#
266	1450112	18	20	21	26	27	28	29	34	35	36	37	42	44	45	46	50	52	53	54	58	60	61	70	72	123	#
267	1703868	11	28	36	40	41	42	44	45	46	48	49	50	51	52	53	54	55	57	58	59	60	61	62	63	123	#
268	1699606	20	21	22	26	27	28	29	34	35	36	40	41	42	44	45	46	48	49	50	51	57	58	62	63	123	#
269	1683819	2	3	4	5	7	11	12	13	14	15	20	21	22	23	27	28	29	31	35	36	44	45	46	53	123	#
270	1645080	3	5	11	12	13	15	20	21	22	23	27	28	29	31	36	37	44	45	46	51	52	53	54	59	123	#
271	1645006	11	12	13	20	26	27	28	29	35	36	37	44	45	46	50	51	52	53	59	60	61	62	63	71	123	#
272	353010	18	19	25	26	27	28	32	33	124	#
273	504212	18	19	26	28	29	30	36	37	124	#
274	472024	19	20	25	26	32	33	34	40	124	#
275	457318	19	26	27	28	29	30	34	36	124	#
276	443114	24	25	32	33	34	41	49	57	124	#
277	436767	18	19	20	24	25	26	27	34	124	#
278	669815	6	7	15	23	29	37	38	45	53	125	#
279	846733	7	15	22	23	28	29	30	31	38	125	#
280	763218	5	20	21	27	28	29	30	31	38	125	#
281	754622	11	12	19	20	21	22	27	28	29	125	#
282	753640	5	6	7	14	15	22	23	31	38	125	#
283	654498	4	5	6	7	13	14	21	22	29	125	#
284	668774	5	6	8	9	13	14	16	17	24	25	26	27	32	126	#
285	918616	5	13	14	20	21	44	51	52	53	60	61	62	63	126	#
286	858002	6	10	11	13	14	20	27	28	35	36	43	44	45	126	#
287	783884	4	5	6	12	13	14	15	17	20	23	25	26	51	126	#
288	742323	6	24	25	26	27	28	35	36	37	43	44	45	53	126	#
289	668623	4	5	6	12	13	20	21	24	25	26	27	28	32	126	#
290	707036	0	8	9	10	16	17	26	28	29	37	64	127	#
291	997872	5	11	13	14	19	20	26	27	28	29	30	127	#
292	911467	13	19	20	25	26	27	28	31	35	36	44	127	#
293	819297	18	19	27	28	29	30	35	36	37	43	44	127	#
294	729207	29	35	36	37	44	45	46	53	54	55	62	127	#
295	679783	11	12	13	18	19	20	26	27	28	34	64	127	#
296	1917209	6	8	10	11	12	13	14	15	16	18	19	20	21	22	23	24	25	26	27	28	29	30	31	32	33	38	39	47	65	72	128	#
297	2202070	5	6	7	11	12	13	14	15	17	18	19	20	21	22	23	25	26	27	28	29	30	31	32	38	39	47	54	55	63	70	128	#
298	2188082	0	2	3	4	8	9	10	11	12	13	14	19	20	21	22	27	29	30	38	41	42	45	49	50	51	54	57	58	59	68	128	#
299	2165940	0	2	5	8	9	10	12	13	14	17	18	19	20	21	22	23	25	26	28	30	31	32	33	38	39	42	43	50	51	58	128	#
300	2151144	0	1	2	3	8	9	10	12	13	16	17	18	19	20	21	22	23	24	25	26	27	28	29	30	32	43	49	50	51	59	128	#
301	2146124	2	3	6	8	9	10	11	12	13	14	15	17	18	19	20	21	22	23	25	26	27	28	29	30	31	34	38	39	55	63	128	#
302	771068	46	50	51	52	54	55	59	60	61	62	63	129	#
303	861379	28	29	36	37	44	45	46	52	54	55	62	129	#
304	824178	28	36	44	45	46	47	52	54	55	62	63	129	#
305	769471	36	44	50	51	52	53	54	55	61	62	63	129	#
306	721104	35	43	44	45	46	52	53	54	55	62	63	129	#
307	682839	32	33	41	42	43	50	51	52	58	59	65	129	#
308	560731	0	1	8	9	10	17	48	56	63	130	#
309	821019	0	3	9	10	11	12	13	20	21	130	#
310	702100	0	1	3	8	9	10	11	12	19	130	#
311	695199	24	45	46	50	52	53	54	62	63	130	#
312	654517	0	8	9	10	11	12	20	29	67	130	#
313	644814	0	1	8	9	10	11	16	24	25	130	#
314	71041	52	#
315	1362623	4	5	13	19	20	21	22	27	29	30	31	37	38	44	45	46	52	53	54	61	131	#
316	1680144	4	5	11	12	13	17	19	20	21	26	28	29	30	31	36	37	38	44	52	60	131	#
317	1678979	3	10	11	12	13	15	19	20	21	22	23	28	29	30	31	36	37	38	44	45	131	#
318	1630997	5	6	10	11	12	13	19	20	21	22	28	29	30	36	37	38	44	60	61	62	131	#
319	1628842	4	5	11	12	13	19	20	21	22	26	28	29	30	31	36	37	38	44	45	46	131	#
320	1619265	3	4	5	6	11	12	13	19	20	21	22	26	28	29	30	36	44	45	52	63	131	#
321	778527	3	4	5	6	12	20	41	42	43	49	132	#
322	864830	3	11	12	19	20	26	27	29	37	45	132	#
323	834678	25	26	27	34	35	41	42	43	44	52	132	#
324	753612	3	4	5	6	7	12	14	15	20	23	132	#
325	731101	34	35	41	42	43	44	45	52	53	69	132	#
326	659912	1	2	3	4	9	11	12	19	20	28	132	#
327	235468	32	40	48	133	#
328	207886	40	48	49	133	#
329	162937	48	49	57	133	#
330	380904	44	45	46	53	54	55	134	#
331	539425	7	15	46	54	55	62	134	#
332	386777	36	41	44	45	46	53	134	#
333	381277	24	36	44	53	54	61	134	#
334	341379	27	53	54	55	61	62	134	#
335	291662	45	46	53	54	60	61	134	#
336	218467	17	24	25	26	135	#
337	281671	17	26	27	28	135	#
338	222068	17	26	27	59	135	#
339	586621	33	34	35	42	49	50	58	59	276	#
340	616932	46	52	53	54	60	61	62	63	276	#
341	467561	34	35	36	37	42	50	136	#
342	548808	41	42	43	49	50	51	136	#
343	493084	29	30	36	37	44	45	136	#
344	487312	19	28	36	37	44	45	136	#
345	473490	34	35	36	42	43	50	136	#
346	468786	34	42	43	49	50	66	136	#
347	588629	40	41	42	48	49	50	74	137	#
348	561917	34	35	40	41	42	48	49	137	#
349	517403	33	40	41	42	48	49	50	137	#
350	460864	35	40	41	42	43	48	56	137	#
351	457091	33	34	40	41	42	49	50	137	#
352	436550	33	40	41	42	43	49	50	137	#
353	1625862	0	3	8	9	10	11	12	13	16	17	18	19	20	21	40	41	42	48	49	50	51	57	58	138	#
354	1851798	2	3	9	10	11	12	13	15	19	20	21	22	23	28	31	36	37	44	45	46	52	53	54	138	#
355	1829618	0	3	9	10	11	12	15	18	19	20	21	22	23	25	26	28	29	36	37	44	47	52	53	138	#
356	1767558	4	6	11	12	13	14	15	19	20	21	28	36	37	40	45	48	52	53	54	55	61	62	63	138	#
357	1762323	0	1	2	3	8	9	10	11	12	13	16	17	18	19	20	21	26	28	29	37	53	54	55	138	#
358	1724531	1	2	3	5	6	8	9	10	11	12	13	14	15	17	18	19	20	21	23	26	28	34	56	138	#
359	316442	36	44	52	60	61	139	#
360	421215	19	28	29	36	37	139	#
361	340071	52	53	54	60	61	139	#
362	339080	44	45	52	53	61	139	#
363	303950	52	53	60	61	62	139	#
364	256694	43	51	52	53	61	139	#
365	700991	8	9	10	11	12	16	17	20	21	140	#
366	649667	3	4	11	12	13	15	20	21	22	140	#
367	638740	1	2	3	11	12	13	20	21	22	140	#
368	565485	6	11	12	13	14	20	21	28	36	140	#
369	551444	12	13	14	20	21	22	28	29	74	140	#
370	548922	0	1	8	9	10	11	16	17	24	140	#
371	608443	12	37	39	44	45	47	52	53	54	55	62	63	141	#
372	886682	10	11	12	17	19	20	21	22	25	26	28	32	141	#
373	784870	14	15	22	23	30	31	38	39	47	54	55	63	141	#
374	774106	3	4	5	6	44	45	46	51	52	53	54	61	141	#
375	770922	40	42	44	48	49	50	51	52	53	59	61	62	141	#
376	769524	33	41	44	45	49	50	51	52	53	54	59	61	141	#
377	699164	36	44	46	47	52	54	55	61	62	63	142	#
378	867181	7	14	15	35	36	41	42	43	44	45	142	#
379	794648	42	43	44	45	52	54	55	61	62	63	142	#
380	755309	34	35	42	43	44	45	46	53	54	61	142	#
381	739537	38	39	44	45	46	47	52	54	55	63	142	#
382	720080	27	29	33	34	35	36	37	42	43	44	142	#
383	308592	35	36	42	43	48	143	#
384	398473	35	43	44	45	52	143	#
385	285112	34	35	36	43	44	143	#
386	267940	10	18	26	34	42	143	#
387	226395	32	33	40	48	56	143	#
388	195048	16	17	24	35	36	143	#
389	163177	38	39	47	144	#
390	223586	11	38	39	144	#
391	160044	39	47	55	144	#
392	483658	24	32	33	42	43	50	73	145	#
393	576708	42	43	48	49	50	51	58	145	#
394	575653	1	2	9	10	16	17	73	145	#
395	478010	32	33	35	41	43	53	61	145	#
396	459954	43	49	50	51	52	57	58	145	#
397	420805	41	42	43	50	51	52	60	145	#
398	210701	11	18	19	146	#
399	302297	3	11	19	146	#
400	277343	11	12	19	146	#
401	106219	10	18	19	146	#
402	856951	29	34	35	36	37	43	44	50	51	52	53	66	147	#
403	911180	5	12	13	34	35	40	41	42	43	49	50	58	147	#
404	901285	5	11	12	13	20	28	35	36	37	41	42	43	147	#
405	857741	3	11	12	13	20	21	28	29	35	36	37	65	147	#
406	824809	36	42	43	44	51	52	53	54	55	60	62	63	147	#
407	823340	29	35	36	37	45	46	51	52	53	54	55	62	147	#
408	205837	33	41	42	148	#
409	234492	40	41	42	148	#
410	172599	34	40	42	148	#
411	121565	33	42	43	148	#
412	1009971	11	20	21	22	27	28	29	30	36	44	60	72	149	#
413	1151335	28	29	30	35	36	37	38	39	44	45	46	54	149	#
414	1100049	15	21	22	23	27	28	29	35	36	37	45	54	149	#
415	1098484	6	7	15	22	23	28	29	30	36	37	38	39	149	#
416	1078842	3	10	11	13	20	22	28	29	30	37	38	45	149	#
417	1064882	21	22	23	28	29	30	37	38	45	46	54	55	149	#
418	334438	3	11	19	26	150	#
419	326381	2	3	11	19	150	#
420	297333	3	11	19	20	150	#
421	256818	10	11	18	19	150	#
422	198766	26	27	34	35	150	#
423	280386	20	28	64	151	#
424	300595	11	19	20	151	#
425	207980	19	27	28	151	#
426	77473	37	64	69	151	#
427	215367	66	73	152	#
428	146224	23	73	152	#
429	97478	39	66	152	#
430	1127121	3	4	5	6	12	16	17	18	19	20	24	25	26	27	32	40	74	153	#
431	1243659	4	5	6	7	12	15	18	19	20	23	24	25	26	28	36	66	73	153	#
432	1217423	2	6	7	9	10	15	17	18	19	21	22	23	26	27	28	34	74	153	#
433	1212898	4	5	6	7	9	12	13	15	17	18	19	20	26	27	28	36	73	153	#
434	1176282	1	9	10	12	16	17	18	19	20	24	26	27	28	35	36	44	73	153	#
435	1155641	4	5	6	7	12	13	15	18	19	20	26	27	28	36	37	45	54	153	#
436	1616044	6	17	18	19	25	26	32	33	34	35	36	40	42	43	44	45	46	49	50	51	52	53	54	55	57	62	63	154	#
437	1814246	4	5	13	18	19	20	21	22	23	25	27	29	32	33	34	35	36	40	42	43	44	49	50	51	57	58	59	154	#
438	1796357	19	20	21	22	27	28	33	35	36	41	42	43	44	45	46	50	51	52	53	54	55	59	60	61	62	63	71	154	#
439	1762795	2	3	4	5	11	13	17	18	19	20	21	26	27	28	29	30	31	34	35	36	37	42	43	44	45	50	53	154	#
440	1736784	7	11	18	19	20	22	27	28	29	30	33	34	35	36	37	42	43	44	45	46	50	51	53	54	55	62	63	154	#
441	1701471	6	21	22	29	30	31	32	33	34	35	37	40	41	42	43	44	45	46	48	49	50	51	53	56	57	58	59	154	#
442	600739	32	33	40	41	42	43	48	49	57	58	155	#
443	844382	20	28	29	33	34	35	36	40	41	42	155	#
444	709619	20	28	29	33	34	35	36	42	43	51	155	#
445	696005	33	40	41	48	49	51	56	57	58	59	155	#
446	693982	33	34	39	40	41	42	48	49	50	51	155	#
447	685895	20	21	27	28	29	36	56	57	58	59	155	#
448	860965	13	14	19	21	22	23	27	28	29	30	31	37	38	39	47	156	#
449	1099641	19	22	23	28	29	30	35	36	37	38	44	45	46	54	74	156	#
450	1072041	5	6	7	13	14	15	19	20	23	28	36	42	43	49	50	156	#
451	1063366	5	6	7	14	15	22	23	30	31	38	39	44	45	46	47	156	#
452	1016666	4	11	12	19	27	28	35	36	43	44	48	49	50	51	56	156	#
453	1007910	5	6	7	12	13	14	15	22	23	30	31	38	39	47	64	156	#
454	164491	42	50	157	#
455	149926	49	50	157	#
456	125345	41	42	157	#
457	1850075	9	17	18	25	26	28	32	33	34	35	36	37	40	41	42	44	45	48	49	50	53	54	57	58	61	62	63	72	158	#
458	1934213	3	4	5	6	7	12	13	14	15	18	19	21	22	28	33	34	35	36	37	38	39	43	44	45	47	54	55	63	158	#
459	1908616	7	11	12	15	18	19	21	22	23	28	29	30	31	33	34	35	36	37	38	42	43	44	45	46	52	53	54	63	158	#
460	1897256	0	1	2	3	13	19	21	26	28	29	30	33	34	35	36	37	43	44	45	47	52	53	54	55	60	61	62	63	158	#
461	1891659	17	24	25	26	28	29	30	31	32	33	34	35	36	37	38	42	43	44	45	46	49	50	51	52	53	54	62	63	158	#
462	1853647	5	6	7	13	14	15	16	17	22	24	25	30	32	33	34	35	38	40	42	43	44	48	49	50	52	53	57	58	158	#
463	96027	40	#
464	330980	1	2	8	9	10	11	24	32	33	34	159	#
465	491647	2	3	4	10	11	12	13	19	20	27	159	#
466	478299	1	8	9	10	11	16	17	24	32	40	159	#
467	460893	1	2	8	9	10	11	17	19	27	28	159	#
468	441914	13	20	24	32	33	40	41	42	48	56	159	#
469	416923	8	9	10	11	16	17	19	20	24	25	159	#
470	1132554	6	13	14	16	17	18	19	20	21	22	26	27	28	29	30	31	33	34	35	37	160	#
471	1468001	19	21	22	28	29	30	31	35	37	43	44	45	50	51	52	53	58	60	61	62	160	#
472	1403246	9	10	18	19	21	22	27	28	29	30	31	35	36	43	44	45	46	51	52	54	160	#
473	1402289	10	11	12	18	19	20	21	22	28	29	30	37	45	48	49	50	56	57	58	74	160	#
474	1366241	12	18	19	20	21	22	26	27	28	29	30	31	35	36	37	38	39	44	45	47	160	#
475	1358456	5	6	7	14	15	21	22	29	30	32	33	37	38	39	43	44	45	46	52	54	160	#
476	1632518	0	1	2	5	6	7	8	10	13	14	15	16	17	18	19	20	21	22	23	24	25	27	28	31	161	#
477	1778303	7	12	15	16	17	18	19	20	21	22	23	24	25	26	27	28	31	34	37	44	45	46	54	55	161	#
478	1764722	5	6	7	14	15	19	20	21	22	23	27	28	30	31	33	38	39	40	41	42	43	49	50	58	161	#
479	1702741	4	5	6	7	12	13	14	15	18	19	20	21	22	23	27	28	31	45	46	47	54	55	61	62	161	#
480	1698108	4	5	6	7	11	12	13	14	15	16	17	18	19	20	21	22	23	26	27	28	30	31	38	44	161	#
481	1619134	1	5	6	7	9	10	11	12	13	14	15	19	20	21	22	23	27	28	29	30	31	37	38	39	161	#
482	989996	10	11	13	20	21	27	28	29	36	37	44	45	53	162	#
483	1116511	4	5	11	13	14	19	20	21	28	29	35	36	37	162	#
484	1089015	3	5	11	12	13	19	20	21	28	29	50	51	58	162	#
485	1077265	5	6	11	12	13	14	19	20	21	23	28	29	44	162	#
486	1076861	11	12	13	14	19	21	28	29	35	36	37	45	51	162	#
487	1040164	13	19	20	21	22	28	29	36	37	44	45	46	53	162	#
488	41991	24	#
489	377779	24	25	26	32	33	34	40	41	48	56	163	#
490	561582	2	9	10	11	16	17	19	25	26	34	163	#
491	496709	1	9	16	17	24	25	32	33	40	48	163	#
492	458109	24	25	26	32	33	34	40	41	48	66	163	#
493	455511	10	16	17	18	19	20	25	26	27	34	163	#
494	422521	4	5	6	17	24	25	32	33	34	40	163	#
495	238625	47	52	55	61	164	#
496	319818	45	54	55	63	164	#
497	287353	39	47	55	63	164	#
498	277874	51	52	59	61	164	#
499	191834	52	53	54	61	164	#
500	600288	5	6	13	20	21	22	165	#
501	629847	20	22	23	28	29	30	165	#
502	617713	13	19	20	21	28	29	165	#
503	610908	5	6	13	20	21	28	165	#
504	579500	5	13	20	21	29	48	165	#
505	558372	5	13	20	21	28	36	165	#
506	470289	34	35	36	41	42	43	58	166	#
507	501962	33	34	35	40	41	42	71	166	#
508	464168	28	29	35	36	37	43	44	166	#
509	435652	13	14	15	33	42	43	51	166	#
510	428124	33	34	35	40	41	42	43	166	#
511	375437	32	33	34	40	41	42	43	166	#
512	927273	4	6	7	12	13	14	15	20	21	22	23	29	30	167	#
513	964297	4	6	11	12	13	14	15	20	21	22	51	52	53	167	#
514	961658	0	1	2	8	9	13	21	22	29	30	37	38	45	167	#
515	956657	3	6	7	10	11	12	13	14	15	20	22	23	42	167	#
516	951913	3	4	5	6	11	12	13	14	15	20	21	22	23	167	#
517	927438	4	12	15	20	21	22	23	29	30	36	37	40	48	167	#
518	219606	35	36	37	43	168	#
519	277208	28	35	36	43	168	#
520	234912	34	35	42	43	168	#
521	215093	37	45	60	61	168	#
522	561996	10	11	12	19	24	25	26	27	34	169	#
523	712278	2	3	10	11	12	19	25	26	34	169	#
524	598882	11	17	19	22	24	25	26	27	34	169	#
525	597607	4	10	11	12	18	19	25	26	71	169	#
526	591051	2	3	4	10	11	12	19	27	28	169	#
527	578320	11	12	19	25	26	27	32	33	34	169	#
528	197389	3	4	11	170	#
529	278725	3	11	20	170	#
530	211064	3	4	5	170	#
531	119596	10	11	72	170	#
532	574385	3	11	12	13	19	20	171	#
533	585037	4	11	12	13	19	20	171	#
534	567766	11	12	13	19	20	27	171	#
535	556740	10	11	12	19	20	27	171	#
536	537088	11	12	13	14	49	52	171	#
537	533574	3	9	11	13	20	28	171	#
538	343748	51	52	53	59	61	172	#
539	435517	49	50	51	52	59	172	#
540	370084	50	51	52	53	71	172	#
541	308599	45	52	53	60	61	172	#
542	297787	46	52	53	54	61	172	#
543	194236	28	29	173	#
544	154158	27	28	173	#
545	104821	29	37	173	#
546	1407795	0	1	5	6	8	13	17	20	21	22	24	25	26	27	28	29	36	37	44	45	57	58	174	#
547	1839079	0	1	2	5	9	10	11	12	13	14	15	20	21	22	23	30	38	39	42	43	51	73	174	#
548	1812741	12	13	15	19	20	21	22	23	29	30	31	34	35	38	42	43	44	50	51	52	58	59	174	#
549	1726285	3	4	5	6	7	11	12	13	14	19	20	21	22	23	28	29	30	31	36	38	39	44	174	#
550	1696604	2	3	4	10	11	12	13	18	19	20	21	22	23	26	29	30	31	32	38	39	40	73	174	#
551	1689230	0	1	2	3	6	8	9	10	11	14	15	19	21	22	23	29	30	38	48	53	56	61	174	#
552	573291	22	28	29	30	34	35	36	37	175	#
553	718748	21	22	26	27	28	29	30	38	175	#
554	617031	10	11	12	13	20	21	28	29	175	#
555	573097	21	28	29	30	36	37	38	70	175	#
556	565897	5	12	13	14	15	21	22	28	175	#
557	536788	29	36	37	44	45	52	53	54	175	#
558	230563	41	49	56	57	58	176	#
559	315788	41	49	50	57	58	176	#
560	294675	24	32	33	40	41	176	#
561	246790	40	41	49	56	57	176	#
562	240793	49	50	56	57	58	176	#
563	347165	26	45	53	54	177	#
564	373619	44	45	53	54	177	#
565	287847	45	46	53	54	177	#
566	778195	5	6	7	14	15	22	23	29	30	31	178	#
567	844595	7	13	15	21	22	23	28	29	30	31	178	#
568	844467	7	13	15	19	20	21	23	29	30	31	178	#
569	764696	4	5	6	7	11	12	13	19	62	63	178	#
570	737975	13	19	20	21	22	27	28	29	30	31	178	#
571	729185	4	5	6	7	13	19	21	27	28	29	178	#
572	316097	0	1	32	40	179	#
573	410857	40	41	42	48	179	#
574	348498	32	40	41	48	179	#
575	284825	1	9	10	18	179	#
576	240450	0	1	2	28	179	#
577	638312	14	15	21	22	23	29	30	180	#
578	629514	21	22	23	28	29	30	38	180	#
579	629337	7	15	21	22	23	28	30	180	#
580	597126	21	22	30	47	54	55	69	180	#
581	587180	1	14	15	21	22	23	28	180	#
582	584724	4	5	13	14	15	22	23	180	#
583	93162	51	#
584	277985	10	11	19	181	#
585	279787	3	10	11	181	#
586	266104	11	19	27	181	#
587	127346	0	9	10	181	#
588	817209	36	37	44	45	46	50	51	52	53	54	55	61	63	182	#
589	1112730	20	21	22	27	28	29	30	37	44	45	53	54	64	182	#
590	987124	3	11	12	13	20	45	52	53	54	55	61	62	63	182	#
591	911696	29	30	37	38	39	45	47	52	53	54	55	61	63	182	#
592	893298	34	37	42	45	50	51	52	53	54	55	61	62	63	182	#
593	891419	29	30	37	44	45	47	52	53	54	55	60	61	63	182	#
594	48979	67	#
595	218544	70	73	183	#
596	245187	1	73	183	#
597	214500	42	70	183	#
598	792129	16	17	19	21	22	24	25	26	28	29	184	#
599	815952	5	6	7	13	14	15	22	23	31	38	184	#
600	790094	0	1	9	16	17	19	25	26	27	28	184	#
601	789073	0	1	9	10	18	19	26	27	28	29	184	#
602	778354	10	11	17	19	21	26	27	28	29	34	184	#
603	744403	13	19	21	22	27	28	29	30	31	36	184	#
604	197935	43	44	45	185	#
605	220253	43	44	51	185	#
606	219925	44	45	46	185	#
607	186064	43	44	52	185	#
608	961338	27	28	35	36	42	43	44	45	50	51	52	53	58	59	61	64	186	#
609	1213224	4	11	12	13	19	20	21	22	23	26	27	28	29	36	58	59	186	#
610	1157599	22	30	31	38	44	45	46	50	51	52	53	54	55	59	61	64	186	#
611	1103559	33	41	42	43	44	45	46	49	50	51	52	53	55	58	63	66	186	#
612	1087693	7	11	19	20	27	28	29	30	36	44	45	46	52	53	60	61	186	#
613	1065205	3	4	5	11	12	13	14	15	19	20	21	26	27	28	36	66	186	#
614	378389	48	50	56	57	58	187	#
615	404047	48	49	50	56	58	187	#
616	401993	40	48	49	50	56	187	#
617	398302	41	42	50	57	58	187	#
618	326818	50	51	57	58	59	187	#
619	296007	26	27	28	36	57	187	#
620	208771	2	3	4	188	#
621	279673	3	4	11	188	#
622	1378920	4	5	7	10	12	13	14	15	18	19	20	21	22	23	25	26	27	28	30	31	34	35	36	38	43	189	#
623	1714886	5	7	13	14	15	18	19	21	22	23	27	28	29	30	31	36	37	38	42	44	45	49	50	51	52	189	#
624	1663368	7	14	15	22	23	30	34	35	36	38	39	42	44	45	46	47	50	52	53	54	55	60	61	62	63	189	#
625	1650098	0	1	2	5	7	9	12	13	14	15	17	19	20	26	27	28	35	36	44	45	52	53	54	55	61	189	#
626	1570543	4	5	6	7	12	13	14	15	18	19	20	21	22	23	26	28	33	36	41	42	49	50	58	59	65	189	#
627	1570471	1	2	3	4	5	7	10	11	12	13	14	15	18	19	20	21	28	35	36	37	42	44	50	51	58	189	#
628	1247580	14	29	37	42	43	44	45	50	51	52	53	60	61	62	66	71	190	#
629	1407205	33	35	36	41	42	43	44	49	50	51	52	59	60	61	62	66	190	#
630	1360842	6	7	35	36	37	43	44	45	50	51	52	53	54	55	61	62	190	#
631	1334431	2	28	33	35	36	42	43	44	45	49	50	51	52	54	55	59	190	#
632	1288800	16	17	25	26	32	33	34	35	43	44	45	51	54	55	62	63	190	#
633	1268321	36	37	43	44	45	49	50	51	52	53	54	59	60	61	62	63	190	#
634	880217	4	5	11	12	18	19	26	28	29	36	37	45	191	#
635	1157053	6	7	13	14	21	23	29	30	31	37	38	71	191	#
636	957047	19	27	28	29	30	31	35	36	37	43	44	45	191	#
637	947986	19	21	28	29	35	36	37	45	46	52	53	54	191	#
638	912858	3	4	5	6	11	12	13	14	18	19	21	29	191	#
639	880271	37	44	45	46	47	51	52	53	54	55	62	63	191	#
640	1379575	0	1	2	3	8	9	10	11	16	17	18	24	25	26	27	32	33	34	35	40	41	42	48	49	56	192	#
641	1728586	5	9	11	12	13	16	17	18	19	20	21	24	25	26	27	28	29	32	35	36	37	40	45	54	62	192	#
642	1659444	0	1	2	3	4	5	9	10	11	12	13	14	15	20	21	23	28	29	30	31	35	36	37	42	43	192	#
643	1621637	0	1	2	5	8	9	10	11	12	13	16	17	18	20	21	25	26	27	28	32	36	40	54	62	72	192	#
644	1607290	21	29	30	32	35	36	37	40	41	42	43	45	46	48	49	50	51	52	53	54	56	57	58	59	60	192	#
645	1558629	0	1	2	8	9	10	11	16	17	18	21	24	25	26	28	29	35	36	37	42	43	45	50	51	53	192	#
646	458453	54	55	62	63	193	#
647	419474	47	55	62	63	193	#
648	397556	46	54	62	63	193	#
649	371204	47	53	54	55	193	#
650	347070	46	53	54	62	193	#
651	1807011	2	4	5	10	11	12	13	14	15	17	18	19	20	21	22	24	25	26	27	28	29	30	32	33	34	35	36	41	44	194	#
652	2231953	1	2	3	4	5	6	7	12	13	14	15	18	19	20	21	22	23	26	27	28	29	30	31	35	36	38	43	44	45	194	#
653	2220891	1	2	3	4	5	6	7	9	10	12	13	14	15	18	19	20	21	22	23	28	29	30	31	33	41	42	49	70	73	194	#
654	2176089	0	1	2	8	9	10	12	13	14	15	16	17	18	19	20	21	22	23	24	26	27	28	29	30	31	36	38	44	45	194	#
655	2168677	14	15	18	19	20	21	22	23	26	27	28	29	30	31	34	36	38	39	40	41	43	44	45	47	52	53	54	55	62	194	#
656	2162894	2	4	5	6	7	9	10	12	13	14	15	17	18	19	20	21	23	26	27	28	29	30	31	36	38	43	44	45	54	194	#
657	336157	17	24	25	26	32	67	195	#
658	494606	15	22	23	31	67	69	195	#
659	413638	17	19	24	25	26	32	195	#
660	363749	24	25	32	40	41	42	195	#
661	351824	17	24	25	26	32	40	195	#
662	341863	18	19	26	27	34	69	195	#
663	331612	10	11	12	19	21	26	196	#
664	392967	9	10	11	12	17	19	196	#
665	378396	4	12	19	20	23	26	196	#
666	370957	11	12	19	20	25	26	196	#
667	334056	4	11	12	19	20	26	196	#
668	258949	12	19	20	21	28	36	196	#
669	419864	1	2	32	33	40	41	42	197	#
670	496645	2	3	4	12	13	14	20	197	#
671	489863	33	35	41	42	43	49	57	197	#
672	448018	26	33	34	41	48	49	56	197	#
673	424805	11	33	34	41	42	43	62	197	#
674	413953	39	40	47	48	56	57	63	197	#
675	541920	15	22	23	31	48	198	#
676	544834	22	23	30	31	38	198	#
677	538813	15	22	23	31	38	198	#
678	415450	23	30	31	38	39	198	#
679	384905	5	7	13	14	15	198	#
680	290851	40	48	56	57	58	198	#
681	122566	47	55	#
682	383088	22	29	30	38	199	#
683	462102	22	23	29	30	199	#
684	377855	15	22	23	30	199	#
685	330669	21	22	30	38	199	#
686	315534	21	29	37	45	199	#
687	237225	6	7	14	200	#
688	306782	6	7	38	200	#
689	275608	5	6	14	200	#
690	207897	6	14	56	200	#
691	720755	26	33	34	42	43	44	49	50	52	201	#
692	726396	17	19	26	28	33	34	42	43	44	201	#
693	693897	33	35	36	42	43	48	49	50	51	201	#
694	687598	11	12	13	19	20	21	28	36	49	201	#
695	673113	11	19	20	26	27	28	33	34	35	201	#
696	666828	33	34	35	42	43	49	50	51	58	201	#
697	1142390	3	11	12	18	19	20	26	28	29	54	55	62	63	202	#
698	985514	1	2	3	9	10	11	12	18	19	21	22	28	29	202	#
699	984887	23	30	31	38	39	45	46	47	53	54	55	62	63	202	#
700	983622	3	4	11	12	13	19	20	21	22	23	28	51	52	202	#
701	975689	2	3	11	44	45	46	52	53	54	55	61	62	63	202	#
702	891219	1	2	3	4	10	11	12	19	26	27	28	55	61	202	#
703	1980907	0	1	8	9	10	16	17	18	19	21	24	25	26	27	28	29	30	31	32	33	34	35	36	37	40	41	42	43	45	48	49	51	52	60	203	#
704	2468281	0	1	2	3	6	7	10	11	12	18	19	20	21	22	26	27	28	29	30	31	32	34	38	40	42	44	45	47	52	53	54	55	62	63	203	#
705	2426423	7	15	19	20	22	23	26	27	28	29	30	31	33	34	35	36	37	38	39	41	42	43	44	45	47	51	52	53	54	55	60	61	62	63	203	#
706	2339013	3	7	11	15	18	19	20	22	23	24	25	26	27	28	29	30	31	32	33	34	35	36	37	38	39	40	41	42	43	45	48	51	52	53	203	#
707	2337990	0	1	2	3	5	8	9	10	11	12	13	18	19	20	21	22	23	26	27	28	29	30	31	34	35	36	37	38	39	42	44	45	52	55	203	#
708	2290895	12	15	19	20	21	22	23	25	26	27	28	29	30	31	32	33	34	35	36	37	38	39	41	42	43	45	47	51	52	53	54	55	62	63	203	#
709	191665	6	7	204	#
710	184724	7	15	204	#
711	180683	5	6	204	#
712	375256	30	31	36	38	39	205	#
713	419872	21	22	30	31	38	205	#
714	397408	30	38	39	47	55	205	#
715	368141	39	46	47	54	55	205	#
716	289814	35	36	37	43	44	205	#
717	435755	32	33	40	41	42	43	48	49	56	57	206	#
718	528230	32	40	48	49	55	56	57	58	59	63	206	#
719	510597	17	24	25	26	32	40	41	42	48	49	206	#
720	507558	0	9	24	32	33	40	41	42	43	57	206	#
721	505402	24	32	33	40	42	43	50	51	58	59	206	#
722	490114	24	32	33	40	42	43	48	49	57	58	206	#
723	444202	13	15	17	20	24	25	27	28	207	#
724	519019	5	7	13	14	15	22	23	31	207	#
725	479576	11	12	13	14	15	20	23	52	207	#
726	376692	8	9	16	17	24	25	32	73	207	#
727	373241	9	17	26	27	28	34	35	36	207	#
728	367516	8	9	16	17	24	25	26	27	207	#
729	176419	13	20	21	208	#
730	200114	20	21	28	208	#
731	197514	20	28	29	208	#
732	151639	13	14	#
733	126931	37	45	46	209	#
734	155418	45	46	53	209	#
735	1350674	13	15	21	22	23	28	30	31	38	39	45	47	54	55	61	62	63	210	#
736	1405942	3	4	11	13	20	21	22	23	28	29	30	31	35	36	38	39	47	210	#
737	1368826	3	4	5	7	13	15	20	21	22	23	28	29	30	31	38	39	47	210	#
738	1327751	3	4	11	13	15	19	20	21	22	23	28	29	30	31	36	38	39	210	#
739	1324612	22	29	30	31	36	38	39	43	44	47	52	54	55	60	61	62	63	210	#
740	1310757	5	6	7	11	13	14	15	20	21	22	23	29	30	31	38	39	47	210	#
741	2014662	12	13	19	20	21	22	26	27	28	29	30	31	36	38	40	42	44	48	49	50	56	57	58	59	64	73	211	#
742	2026330	5	11	12	13	16	17	20	21	22	26	27	28	29	30	31	36	38	43	44	45	46	52	53	54	60	61	211	#
743	2010451	3	5	10	11	12	13	14	15	18	20	21	22	26	27	28	29	30	31	35	38	43	51	52	58	59	60	211	#
744	1972337	3	4	5	7	10	11	12	13	14	15	19	20	21	22	23	26	27	28	29	30	31	34	36	38	40	48	211	#
745	1910159	3	4	5	7	9	10	11	12	13	14	15	19	20	21	22	26	27	28	29	30	31	34	36	37	38	44	211	#
746	1890568	11	13	18	19	21	22	26	27	28	29	36	37	43	44	45	46	50	51	52	53	54	58	59	60	61	62	211	#
747	1493	12	#
748	1013997	23	30	31	38	39	44	45	46	47	52	53	54	55	60	61	62	212	#
749	1292690	5	13	14	15	20	21	22	23	27	28	30	31	36	38	39	47	212	#
750	1275038	5	12	13	14	20	21	22	23	28	42	45	46	50	53	58	73	212	#
751	1273370	5	12	13	14	15	20	21	22	23	27	28	29	30	31	38	39	212	#
752	1239187	5	6	7	13	14	15	22	23	30	31	38	39	47	53	54	55	212	#
753	1190415	14	15	22	23	30	31	38	39	45	47	52	53	54	55	61	62	212	#
754	252138	39	45	47	53	54	55	213	#
755	329573	46	52	54	60	61	62	213	#
756	313003	30	31	38	39	47	55	213	#
757	309473	37	45	52	53	54	61	213	#
758	290188	37	44	45	46	52	53	213	#
759	251608	18	26	39	52	60	61	213	#
760	623268	11	19	21	22	27	28	29	30	38	214	#
761	674042	3	11	12	13	19	20	21	22	28	214	#
762	638413	5	6	11	12	13	20	21	28	29	214	#
763	590412	4	11	12	18	19	20	21	26	28	214	#
764	584510	13	19	21	22	23	27	28	30	38	214	#
765	574697	20	26	27	28	35	36	44	52	64	214	#
766	572928	32	33	40	41	48	49	50	56	57	215	#
767	749933	40	41	48	49	50	56	57	58	73	215	#
768	729587	26	27	33	34	40	41	49	50	58	215	#
769	671296	33	40	41	48	49	50	56	57	58	215	#
770	645642	33	41	48	49	50	56	57	58	59	215	#
771	610446	27	33	34	41	49	50	57	58	59	215	#
772	340343	32	40	48	50	56	57	58	216	#
773	424009	16	17	25	32	33	34	35	216	#
774	367466	49	50	51	56	57	58	59	216	#
775	365506	40	48	49	50	56	57	58	216	#
776	365190	41	42	50	56	57	58	59	216	#
777	314318	25	32	33	34	40	48	64	216	#
778	460801	1	2	3	4	12	42	217	#
779	547490	2	3	9	10	17	68	217	#
780	528812	0	1	2	3	9	61	217	#
781	504864	4	11	12	13	20	21	217	#
782	488108	1	2	3	8	9	10	217	#
783	431412	3	4	5	6	12	14	217	#
784	273564	43	44	45	51	53	218	#
785	346646	43	44	50	51	52	218	#
786	300188	43	44	45	51	52	218	#
787	263656	44	45	52	53	61	218	#
788	253238	43	44	45	53	54	218	#
789	230676	44	45	46	53	54	218	#
790	29689	56	#
791	770641	16	24	25	32	33	34	35	40	41	42	50	219	#
792	834742	24	25	32	33	34	35	40	41	42	48	49	219	#
793	775336	11	14	19	20	27	28	29	33	34	35	36	219	#
794	760905	24	25	32	33	34	35	40	41	42	49	57	219	#
795	752755	24	25	26	32	33	34	40	41	42	48	49	219	#
796	750288	8	9	25	32	33	34	40	41	42	48	50	219	#
797	962456	11	12	13	19	20	21	22	25	26	27	28	29	36	37	220	#
798	1139710	11	12	19	22	23	25	26	27	28	29	30	31	38	59	220	#
799	1133518	3	4	5	6	10	11	12	13	19	20	25	26	27	28	220	#
800	1120653	3	4	11	12	13	19	20	21	22	28	29	30	31	36	220	#
801	1104432	3	4	5	10	11	12	13	19	20	21	26	27	28	36	220	#
802	1095554	13	15	19	20	21	22	23	28	29	30	31	36	38	39	220	#
803	588394	21	28	29	36	43	44	51	52	221	#
804	732189	21	23	29	30	31	36	37	44	221	#
805	684747	44	49	50	51	52	57	58	59	221	#
806	664588	44	51	52	53	54	60	61	62	221	#
807	641868	5	13	19	20	21	22	28	29	221	#
808	606617	35	36	43	44	50	51	52	59	221	#
809	646993	5	6	7	15	22	30	222	#
810	575172	13	21	22	23	30	38	222	#
811	563144	13	14	15	21	22	30	222	#
812	511262	6	7	14	15	22	23	222	#
813	482150	5	6	7	13	14	15	222	#
814	664317	4	12	13	16	20	28	29	36	37	44	45	223	#
815	879691	21	22	29	30	36	37	38	43	44	45	54	223	#
816	845183	3	11	13	19	20	21	22	27	28	29	36	223	#
817	834801	13	19	20	27	28	29	30	36	37	43	44	223	#
818	762868	3	4	12	13	20	21	22	28	30	31	38	223	#
819	736772	36	37	41	43	44	49	51	52	59	60	61	223	#
820	168820	35	43	224	#
821	148824	34	35	224	#
822	2105533	3	10	11	12	13	18	19	20	21	22	26	28	29	30	34	36	37	42	43	44	45	46	47	51	52	53	54	55	60	61	62	63	225	#
823	2446288	3	5	6	11	12	13	15	19	20	21	22	23	26	28	29	30	31	35	36	37	38	43	44	45	52	54	55	60	61	62	70	72	225	#
824	2375087	5	11	12	13	14	15	17	18	19	20	21	22	23	26	28	29	30	31	34	35	37	38	42	43	44	45	46	52	53	54	60	61	225	#
825	2274885	2	3	5	11	12	13	15	19	20	21	22	23	26	27	28	29	30	31	32	34	35	36	37	38	40	42	43	44	45	46	50	54	225	#
826	2264821	5	11	12	13	20	21	28	29	30	35	37	39	41	42	43	44	45	46	47	48	49	50	52	53	54	55	56	60	61	62	63	73	225	#
827	2257170	5	6	9	10	11	12	13	15	17	18	19	20	21	22	23	26	27	28	29	34	35	36	37	40	43	44	45	48	52	54	56	60	225	#
828	651487	3	4	5	12	13	14	15	21	34	42	226	#
829	697104	24	32	33	34	42	43	44	50	57	58	226	#
830	678237	3	4	5	6	12	13	14	20	54	55	226	#
831	678072	3	4	5	6	13	14	17	20	21	28	226	#
832	642902	4	5	6	12	13	19	20	21	28	73	226	#
833	631320	4	5	12	13	14	15	20	21	22	28	226	#
834	88570	3	4	227	#
835	119100	4	5	227	#
836	1398346	4	5	6	7	11	12	13	14	15	20	21	22	23	29	30	32	33	40	48	228	#
837	1657494	3	4	6	7	11	12	13	14	19	20	21	22	23	27	28	29	30	31	38	228	#
838	1638356	3	4	6	7	11	12	13	14	21	22	23	29	30	31	36	37	38	39	50	228	#
839	1595023	13	19	21	22	23	27	28	29	30	31	35	36	37	44	45	46	54	62	63	228	#
840	1586385	6	11	12	13	14	19	20	21	22	23	27	28	29	30	31	37	38	39	47	228	#
841	1550477	6	7	10	11	12	13	14	15	18	19	20	21	22	23	28	29	30	31	38	228	#
842	508425	0	8	9	16	17	24	25	26	34	42	229	#
843	656897	17	25	26	33	34	35	41	42	43	50	229	#
844	638778	17	24	25	26	33	34	35	42	43	50	229	#
845	610921	16	17	25	41	42	43	49	50	57	58	229	#
846	605752	33	41	42	43	49	50	51	57	58	74	229	#
847	582627	0	1	2	8	9	16	17	24	25	26	229	#
848	2314506	13	17	19	20	21	25	26	28	29	30	32	33	34	35	36	37	39	40	41	42	43	44	45	46	47	48	49	50	51	52	53	54	55	56	57	58	59	60	61	62	230	#
849	2706221	11	12	15	16	20	21	22	23	24	25	26	28	29	30	31	32	33	37	40	41	42	44	45	46	47	48	49	50	51	52	53	54	55	56	57	58	59	60	61	62	230	#
850	2679775	1	2	3	9	10	11	16	17	19	20	21	23	24	25	26	28	29	30	31	32	33	34	35	39	40	41	42	43	44	47	48	49	52	53	56	57	58	59	60	61	230	#
851	2669072	1	2	9	10	14	15	16	17	20	21	22	23	24	25	26	28	29	30	31	32	33	34	35	36	37	40	41	42	44	49	50	51	52	53	56	57	58	59	60	68	230	#
852	2667114	1	2	3	4	5	6	9	10	11	12	13	14	15	16	17	19	20	21	22	23	24	25	26	27	28	29	30	31	32	38	39	40	46	47	52	53	54	55	60	61	230	#
853	2622572	5	6	7	10	11	12	13	14	15	17	19	20	21	22	23	26	27	28	29	30	31	32	33	34	35	37	38	42	43	44	51	52	53	54	55	59	60	61	62	70	230	#
854	2706168	4	5	6	7	11	12	13	15	18	19	20	21	23	26	27	28	29	30	31	34	36	37	38	39	41	42	44	45	46	47	52	54	55	62	63	231	#
855	2835866	3	5	6	7	8	9	12	13	14	15	16	18	19	20	21	23	24	26	27	28	29	30	31	34	35	37	38	40	41	42	43	44	45	46	49	231	#
856	2764063	1	2	3	4	6	11	12	13	14	15	18	19	20	21	23	26	27	28	29	30	31	36	37	38	39	42	43	44	45	46	47	49	54	55	62	231	#
857	2741758	11	12	13	14	15	19	20	21	23	27	28	29	30	31	35	37	38	39	41	42	43	44	45	46	47	49	50	51	52	54	55	61	62	67	72	231	#
858	2695299	3	4	5	10	11	12	13	14	17	18	19	20	21	23	24	26	27	28	29	30	31	35	36	37	38	42	43	44	45	46	51	52	54	60	62	231	#
859	2676458	1	2	3	4	5	6	7	10	11	12	13	14	15	18	19	20	21	23	24	26	27	28	29	30	31	32	37	38	39	46	47	54	55	62	65	231	#
860	875514	9	10	11	12	17	18	19	20	26	28	29	34	232	#
861	1002687	1	2	3	9	10	11	12	18	19	20	26	34	232	#
862	973996	1	2	9	10	11	12	13	18	19	20	26	34	232	#
863	940480	11	18	19	22	26	27	28	30	31	34	38	57	232	#
864	922703	1	2	9	10	11	12	13	18	19	20	25	26	232	#
865	892743	2	3	10	11	17	18	19	20	26	28	34	36	232	#
866	1690691	1	3	5	6	7	11	13	14	15	19	20	21	22	23	26	27	28	29	34	36	37	44	233	#
867	1826248	0	1	2	3	5	6	7	8	9	10	11	13	17	20	28	29	33	34	35	36	44	65	233	#
868	1725171	3	5	10	11	13	19	20	22	23	25	26	27	28	29	30	31	32	34	35	36	37	38	233	#
869	1705661	3	4	5	11	13	19	20	25	26	27	28	29	34	35	36	37	42	43	44	48	49	50	233	#
870	1676388	0	9	10	17	20	26	27	28	29	30	32	33	34	35	36	37	42	43	44	45	50	58	233	#
871	1675683	0	1	2	3	4	5	6	9	10	11	17	18	19	22	26	27	28	29	30	33	34	35	233	#
872	373554	21	22	30	31	234	#
873	459681	22	30	38	71	234	#
874	421997	15	22	23	70	234	#
875	382789	15	23	30	31	234	#
876	254028	21	23	29	31	234	#
877	2481921	1	2	3	4	5	6	7	9	10	11	12	13	14	18	19	20	21	24	25	26	27	28	29	30	33	34	35	36	37	39	41	42	43	47	48	50	56	58	235	#
878	2815604	1	2	3	4	5	6	9	10	13	14	15	17	18	19	20	21	22	23	26	28	29	30	31	36	37	38	39	43	45	47	49	50	51	52	53	58	60	61	235	#
879	2809491	2	3	5	6	10	11	12	13	14	18	19	20	21	23	24	25	26	28	29	30	31	33	38	40	41	42	43	44	45	49	50	51	52	56	57	58	61	73	235	#
880	2748790	2	3	4	5	6	7	10	11	12	13	14	15	18	19	20	21	22	23	24	25	26	27	28	29	30	31	32	33	35	37	41	42	43	44	45	49	50	51	235	#
881	2700210	2	3	4	5	6	10	11	13	14	15	17	18	19	20	21	22	23	24	25	26	28	29	30	31	32	36	37	38	39	45	47	53	54	55	60	61	62	63	235	#
882	2679578	0	1	2	3	5	9	10	11	13	14	15	18	19	20	21	23	24	25	26	28	29	30	31	32	33	34	35	36	37	38	40	41	42	43	44	49	50	64	235	#
883	711936	4	5	12	18	19	20	21	26	27	28	36	236	#
884	997353	4	5	6	11	13	14	19	20	21	28	29	236	#
885	924552	5	11	13	19	20	26	27	28	39	47	55	236	#
886	903520	4	11	12	13	19	20	21	26	27	28	29	236	#
887	900144	5	11	12	13	18	19	20	21	26	27	28	236	#
888	846671	11	13	18	19	20	21	26	27	28	36	37	236	#
889	679311	21	22	29	30	31	37	38	45	46	237	#
890	716532	7	15	22	23	29	30	37	38	45	237	#
891	703024	19	22	27	29	30	31	37	38	45	237	#
892	686472	21	22	23	29	30	31	37	38	45	237	#
893	656990	44	45	46	51	52	53	58	59	61	237	#
894	646203	21	22	23	29	30	37	38	45	53	237	#
895	1236727	19	20	26	28	29	33	34	35	36	37	41	42	43	44	50	51	57	58	238	#
896	1396034	3	10	11	12	18	19	22	23	35	41	43	48	49	50	51	57	58	59	238	#
897	1388683	3	11	15	19	21	22	23	26	27	28	29	30	31	34	36	37	38	44	238	#
898	1321027	3	11	12	18	19	20	22	26	27	28	29	30	34	35	36	37	43	44	238	#
899	1287123	24	28	29	32	33	34	35	36	37	40	41	42	43	44	48	49	50	52	238	#
900	1284597	17	19	26	28	29	30	32	33	34	35	36	40	41	42	43	44	46	49	238	#
901	264606	33	34	35	36	42	239	#
902	385378	20	27	28	36	44	239	#
903	317212	33	34	42	50	58	239	#
904	300788	26	27	33	34	42	239	#
905	741754	36	39	44	46	47	52	53	54	55	60	61	62	63	240	#
906	906066	19	22	26	27	49	50	51	52	53	58	59	60	61	240	#
907	887702	30	31	38	39	47	52	53	54	55	60	61	62	63	240	#
908	879343	44	45	48	49	51	52	53	57	58	59	60	61	62	240	#
909	866698	44	46	51	52	53	54	55	58	59	60	61	62	63	240	#
910	863328	5	13	21	22	36	39	47	53	54	55	61	62	63	240	#
911	308738	33	41	45	53	54	241	#
912	409918	33	40	41	49	50	241	#
913	337262	33	34	41	42	49	241	#
914	309368	47	54	55	63	74	241	#
915	287473	52	53	54	61	62	241	#
916	250387	45	49	50	53	58	241	#
917	1697537	4	5	11	13	18	19	20	21	27	28	36	37	43	44	45	46	47	51	52	53	54	55	56	60	61	62	63	67	242	#
918	2135724	5	13	20	21	22	23	28	30	31	35	38	39	43	46	47	50	51	52	53	54	55	58	59	60	61	62	63	71	242	#
919	2048958	4	5	11	12	13	19	20	21	23	28	30	31	35	36	37	38	39	45	46	47	52	53	54	55	60	61	62	63	242	#
920	2046197	3	4	12	13	15	19	20	21	22	23	28	30	31	36	37	38	39	44	45	46	47	52	53	54	55	61	62	63	242	#
921	1983425	0	1	2	3	8	9	11	13	16	19	20	21	22	28	36	37	44	45	46	52	53	54	55	60	61	62	63	74	242	#
922	1974020	22	23	30	31	32	33	34	35	36	37	38	40	43	44	45	46	50	51	52	53	54	55	57	58	60	61	62	63	242	#
923	617872	2	10	11	12	16	17	18	19	24	25	26	27	34	35	243	#
924	902186	17	18	19	26	27	33	34	35	36	37	42	43	44	51	243	#
925	893969	1	2	8	9	10	16	17	19	25	26	27	34	35	42	243	#
926	800082	0	1	2	3	4	7	9	10	11	12	18	19	20	27	243	#
927	790634	0	1	8	9	16	17	19	24	25	26	32	38	39	40	243	#
928	789784	9	10	11	12	15	18	19	20	26	27	28	45	46	54	243	#
929	1254855	3	10	11	13	14	18	19	20	21	26	27	28	29	33	34	42	50	244	#
930	1357210	24	32	33	40	41	42	43	44	48	49	50	51	52	58	61	62	63	244	#
931	1338881	5	6	7	11	12	13	14	15	20	21	22	23	29	30	31	38	64	244	#
932	1261012	3	8	9	10	11	12	13	18	19	20	21	26	27	29	30	37	38	244	#
933	1244921	0	3	4	8	9	10	11	12	18	19	20	21	26	27	28	29	30	244	#
934	1201873	4	10	11	12	18	19	20	21	26	28	29	33	34	35	42	43	44	244	#
935	53878	32	#
936	736256	38	39	44	45	46	47	54	55	62	63	245	#
937	755534	22	29	30	31	38	39	47	55	62	63	245	#
938	667474	35	43	44	45	46	51	52	54	59	60	245	#
939	634267	36	44	45	47	51	52	53	54	55	63	245	#
940	628257	45	46	51	52	53	54	55	61	62	63	245	#
941	615109	38	39	45	46	47	54	55	62	63	67	245	#
942	211325	32	33	42	43	60	246	#
943	265932	25	32	33	42	43	246	#
944	453770	19	27	28	29	36	37	44	247	#
945	640029	19	21	28	29	36	44	45	247	#
946	623819	28	29	36	42	43	44	51	247	#
947	571574	5	13	21	28	29	30	36	247	#
948	489614	19	21	25	26	28	29	34	247	#
949	415102	18	19	28	29	36	37	45	247	#
950	1669204	24	25	32	33	34	35	36	40	41	42	43	44	45	46	48	49	50	51	52	53	56	57	58	59	60	62	63	248	#
951	1949555	11	12	19	20	27	28	29	30	32	33	34	35	36	41	42	43	44	45	46	48	49	50	51	52	53	60	61	248	#
952	1916128	3	11	18	19	20	27	28	29	33	34	35	36	37	41	42	43	44	45	46	49	50	51	52	53	60	61	62	248	#
953	1885912	3	5	6	11	12	13	19	20	25	32	33	34	35	40	41	42	43	48	49	50	51	52	56	57	58	59	70	248	#
954	1847253	11	12	18	19	20	26	27	28	33	34	35	36	37	41	42	43	44	45	46	49	50	51	52	53	60	61	62	248	#
955	1843407	2	3	9	10	11	12	17	18	19	20	25	26	28	32	33	34	35	36	40	41	42	43	48	49	50	56	71	248	#
956	1257246	0	1	2	3	4	5	8	9	10	11	12	13	16	17	18	19	20	21	22	24	25	26	27	28	29	32	36	249	#
957	1622469	0	1	2	6	7	8	9	10	11	12	13	14	15	18	19	20	21	23	27	28	29	36	37	38	39	47	70	249	#
958	1614177	22	27	28	29	30	31	33	34	35	36	37	38	39	40	41	42	45	46	47	49	52	54	55	57	60	61	62	249	#
959	1606557	4	5	6	11	12	13	14	18	19	20	21	22	25	26	27	28	29	30	35	36	37	38	39	47	54	55	63	249	#
960	1606206	0	1	2	3	4	5	6	7	8	9	10	11	12	13	14	15	18	20	21	23	27	28	29	31	37	45	70	249	#
961	1593805	0	1	2	3	8	9	10	11	12	16	18	19	20	21	22	24	26	27	28	29	35	36	37	44	45	52	54	249	#
962	338101	36	44	45	46	52	53	61	250	#
963	489212	42	43	44	51	52	59	61	250	#
964	485856	43	51	52	53	54	60	65	250	#
965	457419	33	34	36	42	43	44	45	250	#
966	443070	43	44	51	52	53	59	61	250	#
967	408005	29	36	37	44	45	53	61	250	#
968	265768	25	26	34	35	251	#
969	273493	33	34	35	43	251	#
970	240791	16	17	25	26	251	#
971	212742	32	33	34	35	251	#
972	172631	19	26	27	28	251	#
973	1906556	0	1	3	4	5	6	9	11	12	13	14	15	19	20	21	22	23	26	27	28	29	30	31	36	38	39	252	#
974	2087094	14	15	19	20	21	22	23	29	30	31	35	36	38	39	44	45	46	47	52	53	54	55	60	61	62	63	252	#
975	2024182	4	11	12	13	15	19	20	21	22	23	26	27	28	29	30	31	34	35	36	37	38	39	44	47	55	63	252	#
976	2021747	3	4	5	6	7	9	10	11	12	13	14	15	18	19	20	21	22	23	26	27	30	31	38	39	47	55	252	#
977	2007305	3	4	5	6	7	11	12	13	14	15	18	19	20	21	22	23	29	30	31	37	47	54	55	61	62	63	252	#
978	1974794	5	6	7	11	13	15	19	20	21	22	23	25	26	27	28	29	30	31	36	38	39	43	44	47	51	55	252	#
979	332519	4	12	20	66	253	#
980	390916	47	54	55	66	253	#
981	285215	12	14	20	21	253	#
982	249527	4	5	12	13	253	#
983	183845	4	12	20	27	253	#
984	527707	17	18	19	24	25	26	27	34	35	43	254	#
985	728496	11	12	13	18	19	20	24	25	26	39	254	#
986	699939	9	10	11	13	18	19	20	26	28	34	254	#
987	672276	10	18	19	22	24	25	26	28	30	32	254	#
988	530680	16	17	24	25	26	32	34	35	36	40	254	#
989	477338	16	17	19	24	25	26	27	32	34	35	254	#
990	870630	0	1	8	16	17	24	26	27	40	48	49	56	255	#
991	1017831	0	1	2	8	9	10	11	16	17	26	29	30	255	#
992	904787	8	16	17	21	24	26	27	28	29	30	34	38	255	#
993	864323	0	1	2	8	9	10	16	17	24	26	32	40	255	#
994	841400	0	1	2	8	9	10	16	17	18	24	26	27	255	#
995	836899	0	1	8	9	10	17	18	19	21	26	27	28	255	#
996	997956	6	7	14	15	23	28	29	30	31	36	37	38	39	45	256	#
997	1095153	5	15	23	29	30	31	37	45	52	53	54	60	61	62	256	#
998	1058272	2	3	4	5	6	7	13	14	15	22	23	29	30	31	256	#
999	1029492	2	3	4	5	6	7	12	13	14	15	23	29	30	31	256	#
1000	973593	13	14	19	20	21	27	28	29	30	31	37	45	53	54	256	#
1001	970411	20	21	27	28	29	30	31	37	46	51	52	53	60	61	256	#
1002	461293	15	22	23	30	31	38	257	#
1003	463517	6	14	15	23	30	31	257	#
1004	438958	14	15	23	30	31	38	257	#
1005	400176	21	22	29	30	31	38	257	#
1006	381720	6	7	14	15	23	31	257	#
1007	345464	2	21	22	28	30	36	257	#
1008	1549214	5	6	13	14	15	19	20	21	22	25	26	27	28	29	35	36	42	44	50	258	#
1009	1573489	7	14	15	17	19	20	21	22	23	26	28	29	30	34	35	36	37	44	52	258	#
1010	1539822	5	12	13	14	19	20	21	22	26	27	28	29	30	31	33	35	36	37	45	258	#
1011	1496040	3	5	6	7	10	11	12	13	14	19	20	21	22	26	27	28	29	31	36	258	#
1012	1462423	4	5	6	12	13	14	20	21	22	23	27	28	29	30	31	35	36	37	74	258	#
1013	1451733	5	6	7	10	11	12	13	14	15	19	20	21	22	23	25	27	28	31	47	258	#
1014	50746	4	#
1015	429006	45	53	54	62	74	259	#
1016	429560	36	37	44	45	46	259	#
1017	379954	53	54	55	62	63	259	#
1018	316041	45	52	53	54	60	259	#
1019	311033	32	33	42	62	63	259	#
1020	269025	21	27	28	36	74	259	#
1021	165892	49	56	57	260	#
1022	240169	49	50	51	260	#
1023	812156	18	19	26	27	28	29	30	34	37	44	45	54	261	#
1024	1078041	6	7	15	19	22	23	27	28	29	30	31	38	261	#
1025	891261	29	37	44	45	46	51	52	53	54	55	59	62	261	#
1026	839519	2	3	10	11	12	18	19	20	23	27	28	31	261	#
1027	839458	28	29	30	37	45	46	52	53	54	55	61	62	261	#
1028	835624	37	44	45	46	51	52	53	54	55	59	61	62	261	#
1029	696529	21	22	29	30	31	38	39	65	262	#
1030	757037	11	20	21	22	28	29	30	31	262	#
1031	711416	5	6	13	20	21	22	30	31	262	#
1032	691081	22	28	29	30	31	38	39	42	262	#
1033	671594	5	6	13	14	20	21	29	30	262	#
1034	629197	5	6	11	13	14	20	21	29	262	#
1035	634124	8	9	16	17	26	28	29	30	66	263	#
1036	751063	41	42	48	49	56	57	58	59	66	263	#
1037	727062	15	21	22	23	29	30	31	38	39	263	#
1038	672217	11	12	20	21	27	28	29	30	33	263	#
1039	669636	11	12	19	20	28	29	30	37	45	263	#
1040	567904	0	1	4	5	6	8	9	16	17	263	#
1041	619684	45	51	52	53	59	60	61	62	66	264	#
1042	751364	11	13	18	19	20	26	27	28	66	264	#
1043	674787	45	47	52	53	54	55	61	62	63	264	#
1044	648570	49	51	52	53	56	57	58	59	61	264	#
1045	547936	43	45	51	52	53	60	61	62	63	264	#
1046	540678	45	46	51	52	53	54	59	61	62	264	#
1047	5891	18	#
1048	1871286	2	10	17	18	19	20	25	26	27	28	34	35	36	37	41	42	43	44	49	50	51	52	53	54	55	56	57	58	59	60	61	62	63	265	#
1049	2349035	5	6	11	13	20	21	22	28	29	30	31	34	35	36	37	38	43	44	45	46	47	50	51	52	53	54	55	59	60	61	62	63	69	265	#
1050	2330675	13	19	20	21	22	26	27	28	29	30	35	36	37	38	43	44	45	46	47	50	51	52	53	54	55	58	59	60	61	62	63	66	68	265	#
1051	2311580	4	5	6	12	13	14	15	20	21	22	27	28	29	30	31	34	35	36	37	38	43	44	46	50	51	52	53	54	55	59	60	61	63	265	#
1052	2306507	4	5	12	13	20	22	30	31	32	34	35	36	38	40	41	43	44	45	46	49	50	51	52	53	54	55	56	57	58	59	60	61	63	265	#
1053	2281516	13	20	21	22	26	27	28	29	30	31	34	35	36	37	41	42	43	44	45	46	49	50	51	52	54	55	57	58	59	60	61	62	65	265	#
1054	39586	28	#
1055	471320	28	33	34	35	36	42	44	45	66	266	#
1056	597000	11	18	19	26	28	33	34	42	50	266	#
1057	594971	11	19	26	27	28	29	36	44	45	266	#
1058	569708	5	6	7	14	15	22	23	31	66	266	#
1059	534334	21	22	30	36	42	43	44	52	60	266	#
1060	459559	18	19	26	27	28	33	34	41	42	266	#
1061	1165248	5	7	13	14	15	19	21	22	23	28	29	30	31	36	37	38	39	267	#
1062	1423527	7	15	21	22	23	28	29	30	31	35	36	37	38	39	44	45	47	267	#
1063	1365254	21	22	23	27	28	29	30	31	36	38	39	44	45	47	52	55	66	267	#
1064	1345375	0	21	22	23	29	30	31	35	36	37	38	39	43	44	45	51	52	267	#
1065	1342296	17	21	22	23	24	25	26	27	28	29	30	31	36	37	38	44	45	267	#
1066	1339435	21	22	27	28	29	30	31	35	36	37	42	43	44	45	52	53	61	267	#
1067	330727	5	6	14	15	268	#
1068	304655	6	7	14	15	268	#
1069	548840	2	3	4	5	6	7	8	9	10	11	14	15	18	269	#
1070	756360	1	2	3	4	5	10	11	12	19	20	21	26	27	269	#
1071	743645	2	3	4	5	6	7	13	14	15	19	20	21	22	269	#
1072	735279	2	3	10	11	18	19	20	21	24	25	26	27	28	269	#
1073	725086	7	14	15	22	23	43	44	50	51	52	58	59	60	269	#
1074	693861	7	14	15	25	32	33	40	41	49	52	53	54	60	269	#
1075	527646	53	54	55	60	61	62	63	270	#
1076	595431	52	54	55	60	61	62	63	270	#
1077	584657	45	52	54	55	61	62	63	270	#
1078	562078	43	44	50	51	52	60	61	270	#
1079	503443	47	53	54	55	61	62	63	270	#
1080	485460	16	36	44	52	53	60	61	270	#
1081	310306	22	30	38	271	#
1082	305760	30	31	73	271	#
1083	299917	20	21	22	271	#
1084	1649091	0	2	3	4	5	6	7	8	9	10	11	12	13	18	19	20	26	27	33	34	36	37	41	42	43	44	45	49	272	#
1085	1945425	4	5	6	7	11	12	13	14	15	19	20	21	22	23	28	29	30	31	35	36	37	44	45	46	53	54	68	72	272	#
1086	1866903	15	18	19	20	21	22	23	24	25	26	27	28	29	30	31	32	33	36	37	40	41	44	45	46	47	48	54	55	272	#
1087	1818951	4	5	6	7	12	13	14	15	20	21	22	23	28	29	30	31	36	37	43	44	45	46	49	53	56	57	58	59	272	#
1088	1812432	4	5	7	11	13	14	15	18	19	20	24	25	26	27	29	32	33	34	35	36	37	40	41	42	43	44	45	52	272	#
1089	1809582	6	14	15	23	25	29	32	33	34	35	36	37	40	41	42	43	44	45	46	49	50	53	54	55	57	58	63	73	272	#
1090	517838	0	1	2	3	8	9	17	18	24	25	26	32	273	#
1091	720876	0	1	2	9	11	17	18	19	26	34	35	42	273	#
1092	711255	0	1	2	3	9	10	17	18	19	25	26	35	273	#
1093	694782	0	1	2	3	9	10	18	33	34	42	50	51	273	#
1094	670727	17	18	19	20	25	26	27	28	34	35	36	42	273	#
1095	667146	0	1	2	3	33	41	45	49	50	53	54	57	273	#
1096	69223	55	#
1097	522756	22	23	30	31	38	274	#
1098	553570	15	23	30	31	38	274	#
1099	550430	23	29	30	31	38	274	#
1100	471019	23	30	31	38	39	274	#
1101	343614	21	22	28	29	37	274	#
1102	174126	44	51	52	53	275	#
1103	229122	44	51	52	61	275	#
1104	197182	52	53	60	61	275	#
1105	142018	33	46	53	54	275	#
1106	59454	46	#
1107	673357	47	49	50	54	55	57	58	63	276	#
1108	700606	44	46	52	53	54	55	61	63	276	#
1109	673171	31	38	39	46	47	54	55	63	276	#
1110	654624	46	52	53	54	55	60	61	63	276	#
1111	615354	5	37	44	45	52	54	55	61	277	#
1112	671625	45	47	54	55	60	61	62	63	277	#
1113	643928	4	5	6	11	13	14	15	20	277	#
1114	574685	45	52	53	54	60	61	62	63	277	#
1115	572889	15	37	45	52	53	54	61	62	277	#
1116	567107	37	45	46	53	54	55	62	63	277	#
1117	345347	36	37	45	54	62	278	#
1118	440122	23	54	55	62	63	278	#
1119	438369	37	45	54	55	62	278	#
1120	342987	20	21	28	29	37	278	#
1121	331903	45	46	53	54	62	278	#
1122	308796	26	34	35	36	37	278	#
1123	284723	0	9	16	17	26	279	#
1124	277219	17	25	26	45	46	279	#
1125	248170	0	8	9	17	26	279	#
1126	214922	0	9	16	17	25	279	#
1127	209156	0	8	9	16	24	279	#
1128	422393	6	7	13	14	15	23	280	#
1129	518116	6	7	14	15	22	23	280	#
1130	466643	5	6	7	14	15	23	280	#
1131	444442	4	5	6	7	12	50	280	#
1132	388739	13	14	15	23	31	38	280	#
1133	384737	4	5	6	7	14	17	280	#
1134	1185454	5	11	12	13	14	15	18	19	20	21	23	26	28	29	36	37	281	#
1135	1295694	6	7	14	15	21	22	23	28	29	30	31	33	36	38	42	63	281	#
1136	1292469	11	13	19	20	21	22	28	29	30	31	34	35	36	37	45	54	281	#
1137	1275622	4	5	6	11	12	13	19	20	21	28	29	36	37	53	54	62	281	#
1138	1268448	3	11	18	19	20	21	22	26	28	36	37	45	46	53	54	62	281	#
1139	1202087	4	5	11	12	13	19	20	21	22	28	29	36	37	45	54	70	281	#
1140	158094	11	12	#
1141	95480	17	24	25	282	#
1142	124725	8	16	24	282	#
1143	63541	24	25	32	282	#
1144	284593	51	52	53	61	283	#
1145	312579	35	43	51	53	283	#
1146	303718	35	43	51	59	283	#
1147	291106	16	23	52	61	283	#
1148	263025	36	44	52	53	283	#
1149	424346	43	50	51	52	53	58	59	60	284	#
1150	566864	52	53	54	60	61	62	63	70	284	#
1151	545218	33	40	41	48	49	50	58	59	284	#
1152	512305	24	25	26	28	34	35	36	43	284	#
1153	506606	41	48	49	50	51	58	59	69	284	#
1154	491581	35	43	50	51	52	58	59	60	284	#
1155	129538	62	#
1156	284432	32	33	41	42	285	#
1157	302782	32	33	40	48	285	#
1158	275719	32	40	41	49	285	#
1159	248614	20	32	33	42	285	#
1160	207802	33	34	41	42	285	#
1161	852187	32	40	41	42	48	49	50	51	57	58	59	66	69	286	#
1162	912878	21	29	30	31	36	37	45	46	53	54	55	61	66	286	#
1163	840925	4	5	13	21	32	33	42	49	50	51	57	58	59	286	#
1164	766772	24	32	33	40	41	42	43	48	49	50	51	58	59	286	#
1165	759253	32	33	41	42	43	48	49	50	51	52	57	58	59	286	#
1166	747174	32	33	40	41	42	43	48	49	50	51	57	58	59	286	#
1167	245110	33	34	42	43	44	52	287	#
1168	335691	34	42	43	50	51	58	287	#
1169	293227	28	36	37	43	44	45	287	#
1170	288105	37	43	44	45	46	53	287	#
1171	284150	43	51	52	53	60	61	287	#
1172	260091	8	9	17	26	33	34	287	#
1173	689739	18	32	40	48	49	50	56	57	58	59	288	#
1174	830567	43	44	49	50	51	52	57	58	59	61	288	#
1175	817672	40	41	42	48	49	56	57	58	59	73	288	#
1176	786797	5	6	7	40	48	49	50	51	57	58	288	#
1177	774393	32	40	41	42	48	49	50	56	57	59	288	#
1178	754148	33	40	41	42	48	49	50	56	57	58	288	#
1179	143208	38	39	47	#
1180	1082707	13	20	21	28	29	30	34	35	36	37	43	44	50	51	52	289	#
1181	1270492	11	12	13	19	20	21	22	23	28	29	30	31	40	41	49	289	#
1182	1218553	5	11	13	19	20	21	26	28	29	35	36	37	43	50	51	289	#
1183	1191519	2	3	4	5	12	13	20	21	29	35	36	43	44	50	51	289	#
1184	1183003	5	13	14	20	21	28	29	30	35	36	37	38	41	42	43	289	#
1185	1182645	3	4	5	6	11	12	13	14	15	20	21	28	29	30	38	289	#
1186	645033	5	6	13	18	19	20	21	28	290	#
1187	679118	6	13	14	20	21	22	28	41	290	#
1188	656428	5	6	11	12	13	14	20	21	290	#
1189	620041	4	5	6	13	14	15	20	21	290	#
1190	591972	11	18	19	20	21	22	27	28	290	#
1191	572391	18	19	21	26	27	28	43	44	290	#
1192	648085	6	7	15	44	60	61	62	63	291	#
1193	815297	7	15	22	23	29	30	31	37	291	#
1194	553940	3	4	5	6	7	12	14	20	291	#
1195	547969	39	46	47	54	55	61	62	63	291	#
1196	535534	3	4	12	20	36	37	43	44	291	#
1197	523668	46	53	54	55	60	61	62	63	291	#
1198	2331892	0	1	2	3	4	5	6	7	8	9	10	11	12	13	14	17	18	19	20	21	22	24	25	26	27	28	29	30	32	33	34	35	36	37	40	41	42	43	44	48	49	50	56	292	#
1199	2654472	1	2	5	6	7	8	9	10	11	12	13	14	15	17	18	19	20	21	22	25	26	27	28	29	30	32	36	37	40	41	44	45	46	49	50	52	53	54	55	57	58	60	61	292	#
1200	2594824	0	1	2	3	4	5	6	7	8	9	10	11	12	13	14	15	17	18	19	20	22	24	25	26	27	28	29	30	31	32	33	34	36	37	40	41	42	44	46	50	54	55	74	292	#
1201	2578849	0	1	2	5	6	7	8	9	10	11	12	13	14	15	16	17	18	19	20	21	22	24	25	26	27	28	29	30	31	32	33	34	36	37	40	41	42	44	45	46	50	53	54	292	#
1202	2562074	0	1	2	5	6	7	8	9	10	11	12	13	14	15	16	17	18	19	20	21	22	24	25	26	27	28	29	30	31	32	33	34	35	37	40	41	42	43	44	48	49	50	71	292	#
1203	2558897	2	4	5	6	7	8	9	10	11	12	13	14	15	17	18	19	20	23	24	25	26	28	29	30	31	32	33	34	36	37	41	42	44	45	46	47	50	52	53	54	60	61	71	292	#
1204	298200	0	1	2	8	9	17	293	#
1205	354142	0	1	8	9	10	18	293	#
1206	346144	0	1	2	8	9	10	293	#
1207	335546	0	1	2	9	10	17	293	#
1208	333297	0	1	8	9	10	60	293	#
1209	1367596	17	18	19	20	21	22	26	28	30	37	45	46	47	51	52	53	54	55	59	60	63	294	#
1210	1548392	2	3	5	6	7	11	12	13	14	19	20	21	22	23	26	27	28	29	30	31	36	294	#
1211	1446157	23	29	30	31	36	37	38	42	43	44	45	46	50	51	52	53	54	55	58	59	63	294	#
1212	1333402	2	3	9	10	17	18	19	20	21	22	26	28	29	30	31	34	36	37	38	45	54	294	#
1213	1321978	11	19	21	26	28	34	35	36	37	43	44	45	46	50	51	52	53	54	55	58	59	294	#
1214	1310371	1	2	10	16	17	18	19	20	21	22	26	28	29	30	34	35	36	37	40	41	42	294	#
1215	591056	1	9	17	24	25	32	40	295	#
1216	638256	0	1	9	11	17	19	26	295	#
1217	545344	0	1	2	3	4	9	17	295	#
1218	543324	25	32	34	35	40	41	42	295	#
1219	543280	1	9	17	24	25	26	32	295	#
1220	529156	17	25	26	27	34	35	36	295	#
1221	1280112	3	4	5	6	7	11	12	13	14	15	19	20	22	23	29	30	31	296	#
1222	1298214	1	3	4	5	6	7	9	10	11	12	13	14	15	18	20	23	70	296	#
1223	1293954	0	1	4	5	6	7	11	12	13	14	15	20	22	23	29	30	31	296	#
1224	1251400	5	6	7	11	12	13	14	15	18	19	20	22	23	28	29	30	31	296	#
1225	1219160	4	5	6	7	10	11	12	13	14	15	20	21	22	23	29	30	31	296	#
1226	1213665	3	4	5	6	7	10	11	12	13	15	20	23	27	28	29	35	36	296	#
1227	832153	2	10	11	12	17	18	20	26	27	28	36	37	44	45	46	54	297	#
1228	1090555	21	28	29	30	33	34	35	36	37	42	44	45	46	54	55	63	297	#
1229	1069670	4	12	13	14	19	21	23	27	28	29	30	31	36	37	45	64	297	#
1230	1064667	4	7	9	10	11	12	16	17	18	19	20	26	27	28	29	34	297	#
1231	1046892	8	9	10	11	16	17	19	24	25	26	27	34	35	41	42	49	297	#
1232	1041620	9	10	16	17	19	24	26	27	28	29	32	33	34	35	36	40	297	#
1233	387388	4	11	12	48	54	56	57	62	298	#
1234	563706	10	11	12	18	19	20	27	28	298	#
1235	553058	47	52	54	55	60	61	62	63	298	#
1236	518344	36	37	45	53	54	62	63	67	298	#
1237	459557	40	41	48	49	50	51	52	56	298	#
1238	435357	4	5	12	20	21	34	35	43	298	#
1239	925180	33	35	36	41	42	43	44	52	53	55	60	61	62	63	299	#
1240	1210704	9	17	19	26	27	36	44	45	54	55	60	61	62	63	299	#
1241	1027144	17	25	29	32	33	40	41	42	43	44	48	50	51	59	299	#
1242	1006683	41	42	43	44	45	46	51	52	54	55	60	61	62	63	299	#
1243	982563	28	29	33	35	36	37	40	41	42	43	44	45	50	51	299	#
1244	946833	36	37	38	39	44	45	46	47	53	54	55	61	62	63	299	#
1245	695429	2	9	10	17	18	19	20	24	25	26	27	28	34	36	42	300	#
1246	1006551	1	2	3	4	5	9	10	11	12	13	17	20	21	26	28	300	#
1247	994978	32	33	34	35	36	41	42	43	44	49	50	51	58	59	69	300	#
1248	994226	29	30	32	33	34	35	36	37	41	42	43	45	46	50	51	300	#
1249	981491	19	28	32	33	34	35	36	41	42	43	49	50	51	58	59	300	#
1250	960398	1	9	16	17	19	24	25	26	32	33	34	35	41	42	66	300	#
1251	1205241	7	15	23	29	30	31	36	37	38	39	46	47	54	55	63	301	#
1252	1199010	14	22	23	28	29	30	31	37	38	39	44	45	46	47	54	301	#
1253	1185354	3	15	23	31	36	37	38	39	43	44	45	46	47	54	55	301	#
1254	1160649	20	22	23	24	28	29	30	31	32	35	36	37	38	39	47	301	#
1255	1142768	6	7	13	14	15	19	20	23	31	38	39	45	46	54	55	301	#
1256	1134846	28	29	35	36	37	44	45	46	52	53	54	55	60	61	63	301	#
1257	130245	26	#
1258	686765	13	19	20	21	22	28	29	65	302	#
1259	720003	13	20	21	22	28	29	30	38	302	#
1260	692308	13	20	21	22	28	29	30	31	302	#
1261	644944	3	11	13	14	20	21	28	30	302	#
1262	622707	13	14	19	20	21	28	29	30	302	#
1263	595223	4	5	32	33	40	41	65	66	302	#
1264	878037	33	35	41	42	43	48	49	51	54	55	56	59	62	63	303	#
1265	957865	15	23	30	31	38	39	46	47	54	55	60	61	62	63	303	#
1266	914941	8	9	16	17	19	24	28	29	30	38	42	43	51	59	303	#
1267	907718	23	31	38	39	47	48	49	54	55	56	57	58	62	63	303	#
1268	895843	2	9	10	11	18	19	27	28	33	35	36	42	43	44	303	#
1269	859384	8	16	17	24	32	33	34	35	42	43	44	55	62	63	303	#
1270	668725	2	3	4	5	11	12	13	19	20	21	28	59	304	#
1271	897190	2	3	4	5	6	7	11	13	14	20	21	22	304	#
1272	853177	5	6	12	13	14	20	21	28	29	30	36	37	304	#
1273	841973	3	4	5	6	7	12	13	14	19	20	21	22	304	#
1274	833899	2	3	4	5	6	13	14	19	20	28	29	37	304	#
1275	833656	4	5	13	21	35	43	50	51	52	58	59	60	304	#
1276	1125119	1	4	9	10	11	12	16	17	18	19	20	24	25	26	27	33	34	41	305	#
1277	1397980	16	17	25	26	27	33	34	40	41	42	43	44	48	49	50	51	59	68	305	#
1278	1315541	0	1	3	4	6	9	10	11	12	13	14	15	19	20	23	26	27	31	305	#
1279	1290633	12	17	20	21	22	23	25	26	27	28	29	31	33	34	38	39	47	55	305	#
1280	1282617	6	7	8	9	10	14	15	17	26	33	34	40	41	42	48	49	50	51	305	#
1281	1282026	0	1	3	4	6	9	10	11	12	13	14	19	20	21	22	26	27	28	305	#
1282	314466	43	51	52	53	59	61	306	#
1283	404063	43	44	49	50	51	57	306	#
1284	375481	33	42	43	49	50	51	306	#
1285	343240	50	51	52	53	60	61	306	#
1286	331649	43	45	51	52	53	59	306	#
1287	676770	2	9	10	18	24	25	26	27	32	33	40	307	#
1288	755992	1	2	10	18	24	25	26	32	33	40	48	307	#
1289	750533	0	1	9	10	11	18	19	26	27	34	69	307	#
1290	742473	26	33	34	40	41	42	43	48	49	50	58	307	#
1291	740004	0	1	2	9	10	17	18	25	26	27	32	307	#
1292	733055	3	11	13	18	19	20	21	26	27	28	41	307	#
1293	1045054	3	4	5	11	13	14	15	18	19	20	21	22	26	27	28	34	308	#
1294	1323333	6	13	14	15	19	20	21	22	23	28	29	30	31	37	60	61	308	#
1295	1256583	3	4	11	15	18	19	20	21	22	23	25	26	28	30	36	37	308	#
1296	1227261	3	11	12	13	14	15	19	20	21	22	23	27	28	30	36	37	308	#
1297	1142260	5	6	7	11	12	13	14	15	20	21	22	23	29	30	31	38	308	#
1298	1120260	6	7	13	14	15	18	19	20	21	22	23	26	27	28	36	37	308	#
1299	1751237	13	14	19	20	21	22	23	26	27	28	29	30	34	35	36	37	45	46	47	52	53	54	55	61	62	309	#
1300	1912419	0	1	2	3	6	11	16	21	24	28	29	30	32	34	35	36	37	40	41	45	46	48	49	50	57	309	#
1301	1828277	3	4	7	11	12	13	14	15	19	20	21	22	26	28	29	30	32	33	34	35	36	37	50	51	58	309	#
1302	1794752	18	26	34	35	36	37	39	41	42	45	46	47	48	49	50	51	52	53	54	55	58	59	61	62	66	309	#
1303	1792274	2	3	9	11	12	13	14	17	20	21	22	26	27	28	29	30	31	34	35	36	37	45	53	54	62	309	#
1304	1774332	12	13	21	26	28	29	30	34	35	36	37	39	45	46	47	50	51	52	53	54	55	60	61	62	63	309	#
1305	158100	21	22	28	310	#
1306	212065	20	27	28	310	#
1307	357447	1	2	53	60	61	311	#
1308	491429	53	55	61	62	63	311	#
1309	374871	46	53	54	61	62	311	#
1310	329173	0	1	2	9	10	311	#
1311	307762	46	53	54	60	61	311	#
1312	292077	1	2	9	10	17	311	#
1313	418329	25	26	27	28	35	36	37	312	#
1314	554194	11	17	19	26	27	28	34	312	#
1315	485777	11	19	26	27	28	36	37	312	#
1316	484063	19	20	21	27	28	29	36	312	#
1317	480611	18	24	25	26	32	40	41	312	#
1318	452890	32	33	34	35	41	42	43	312	#
1319	645044	0	1	8	9	16	17	18	19	26	34	313	#
1320	659107	11	18	19	26	27	28	33	34	35	42	313	#
1321	656822	0	1	2	3	4	8	9	10	11	30	313	#
1322	635401	0	1	2	3	8	9	16	17	18	26	313	#
1323	630112	3	4	10	11	12	18	19	20	26	27	313	#
1324	615708	0	1	8	9	17	18	26	33	34	42	313	#
1325	237615	32	33	40	41	314	#
1326	267811	24	25	32	40	314	#
1327	226252	32	40	41	42	314	#
1328	441045	40	48	49	50	56	64	315	#
1329	526786	19	21	28	29	30	64	315	#
1330	488224	26	34	40	48	49	50	315	#
1331	478693	32	40	41	49	50	69	315	#
1332	446337	40	41	48	49	50	56	315	#
1333	388013	40	48	49	50	56	58	315	#
1334	309988	21	28	36	37	44	316	#
1335	416941	19	20	21	28	29	316	#
1336	391434	36	43	44	50	51	316	#
1337	370980	12	19	20	21	28	316	#
1338	337771	28	29	36	37	44	316	#
1339	255920	18	19	27	28	36	316	#
1340	532791	33	41	48	49	57	58	74	317	#
1341	595923	18	19	26	33	34	41	42	317	#
1342	524564	32	33	34	40	41	42	48	317	#
1343	472830	36	44	48	49	50	51	52	317	#
1344	450905	33	41	42	49	56	57	58	317	#
1345	375602	24	25	32	33	40	48	60	317	#
1346	201413	56	57	58	318	#
1347	270357	49	57	58	318	#
1348	226510	49	56	57	318	#
1349	190986	48	56	57	318	#
1350	31264	57	#
1351	215775	35	36	37	45	319	#
1352	310156	13	20	35	43	319	#
1353	298415	22	29	30	37	319	#
1354	296834	44	45	46	54	319	#
1355	274343	33	34	35	36	319	#
1356	644731	21	22	23	30	31	38	320	#
1357	612754	15	22	23	30	31	38	320	#
1358	583434	21	28	29	30	31	38	320	#
1359	494493	5	13	21	22	28	29	320	#
1360	493243	19	23	26	27	30	31	320	#
1361	482229	22	30	31	38	39	47	320	#
1362	381676	18	19	20	21	26	27	48	321	#
1363	516227	9	17	25	26	27	34	42	321	#
1364	507227	11	16	17	18	19	25	26	321	#
1365	473977	4	12	19	20	25	26	27	321	#
1366	444258	18	19	20	26	33	34	42	321	#
1367	440664	4	9	10	11	12	20	21	321	#
1368	363559	6	7	15	23	322	#
1369	389716	7	15	23	41	322	#
1370	378907	15	23	31	38	322	#
1371	234839	6	34	42	54	322	#
1372	1039728	0	1	2	3	4	5	8	10	11	12	18	19	20	21	22	29	323	#
1373	1243050	11	12	20	21	29	30	31	36	37	38	44	45	52	53	61	74	323	#
1374	1159272	3	4	10	11	12	18	19	20	21	22	27	28	29	30	37	45	323	#
1375	1117463	3	4	5	10	11	12	13	20	21	22	28	29	30	36	39	47	323	#
1376	1117034	0	1	2	3	4	5	10	11	12	18	19	20	21	27	29	61	323	#
1377	1103554	0	1	2	3	4	10	11	12	18	19	20	21	27	29	30	64	323	#
1378	56155	2	#
1379	515944	32	33	34	35	40	41	42	43	324	#
1380	641264	21	29	33	42	43	44	49	50	324	#
1381	637180	20	33	34	35	42	43	44	50	324	#
1382	609577	32	33	34	41	42	43	44	50	324	#
1383	605245	24	25	32	33	40	41	42	50	324	#
1384	590813	35	36	41	42	43	44	49	65	324	#
1385	658549	19	28	29	30	36	37	38	44	52	325	#
1386	875884	15	21	23	28	29	30	31	37	38	325	#
1387	871109	15	21	23	28	29	30	31	36	44	325	#
1388	870671	23	29	30	31	36	37	38	44	45	325	#
1389	722904	3	4	11	12	17	18	19	26	28	325	#
1390	706758	21	28	29	30	36	37	38	45	54	325	#
1391	828181	0	1	2	3	4	5	8	10	11	12	13	14	19	326	#
1392	938169	2	3	4	5	10	11	12	13	17	19	26	27	28	326	#
1393	920286	2	3	4	5	10	11	12	13	14	15	45	46	54	326	#
1394	916340	4	5	6	7	11	12	13	14	15	19	27	28	29	326	#
1395	869665	3	4	5	6	7	11	12	13	14	15	20	21	29	326	#
1396	868933	1	2	3	10	11	12	17	18	19	25	26	27	50	326	#
1397	3431866	0	1	2	3	4	5	6	7	8	9	10	11	12	13	14	15	16	17	18	19	20	21	22	23	24	25	26	27	28	29	30	31	32	33	34	35	36	37	38	39	40	41	42	43	44	45	46	47	48	49	50	51	52	53	54	55	56	57	58	59	60	61	62	63	327	#
1398	3715705	1	2	3	4	5	6	7	10	11	12	13	15	16	17	18	19	20	21	22	23	24	25	26	27	28	29	30	31	32	33	34	35	36	37	38	39	40	41	42	43	44	45	46	47	48	49	50	51	52	53	54	55	56	57	58	59	60	61	62	63	64	66	68	74	327	#
1399	3666864	0	1	2	3	4	5	6	7	8	9	10	11	12	15	16	17	18	19	20	21	22	23	24	25	26	27	28	29	30	31	32	33	34	35	36	37	38	39	40	41	42	43	44	45	46	47	48	49	50	51	52	53	54	55	56	57	58	59	60	61	62	63	66	73	327	#
1400	3612658	0	1	2	3	4	5	6	7	8	10	11	12	13	14	15	16	17	18	19	20	21	22	23	24	25	26	27	28	29	30	31	32	33	34	35	36	37	38	39	40	41	42	43	44	45	47	48	49	50	51	52	53	54	55	56	57	58	59	60	61	62	63	70	71	327	#
1401	3603734	0	1	2	3	4	5	6	7	8	9	10	11	12	13	14	15	16	17	18	19	20	21	22	23	24	25	26	27	28	29	30	31	32	33	34	35	36	37	38	40	41	42	43	44	45	47	48	49	50	51	52	53	54	55	56	57	58	59	60	61	62	63	67	70	327	#
1402	3594008	0	1	2	3	4	5	6	7	8	9	10	11	12	13	16	17	18	19	20	21	22	23	24	25	26	27	28	29	30	31	32	33	34	35	36	37	38	39	40	41	42	43	44	45	47	48	49	50	51	52	53	54	55	56	57	58	59	60	61	62	63	67	69	70	327	#
1403	476025	22	23	30	31	328	#
1404	455151	15	22	23	31	328	#
1405	433898	29	30	31	38	328	#
1406	262566	41	44	45	53	329	#
1407	362105	21	22	23	41	329	#
1408	239796	52	53	60	61	329	#
1409	209489	37	45	46	54	329	#
1410	201386	36	43	44	60	329	#
1411	2042426	1	2	3	4	5	6	11	12	13	14	15	17	18	19	20	21	22	23	26	28	29	30	31	34	35	37	38	39	72	330	#
1412	2291875	3	6	10	11	13	14	15	18	19	20	21	23	26	28	29	30	31	36	37	38	39	44	47	52	53	55	62	63	73	330	#
1413	2179816	1	2	3	5	6	10	11	13	14	15	18	19	20	21	22	23	26	28	30	31	33	34	35	38	39	41	47	55	70	330	#
1414	2166746	3	4	5	6	7	13	14	15	19	20	21	23	27	28	30	31	38	39	42	43	44	52	53	54	55	60	61	62	63	330	#
1415	2079566	6	7	14	15	23	31	33	34	38	41	42	43	44	45	46	49	50	51	52	53	54	55	57	58	59	60	61	62	63	330	#
1416	2079444	3	4	5	6	13	14	15	19	21	28	29	30	31	33	34	35	36	37	43	44	45	46	51	52	53	54	60	61	62	330	#
1417	403840	45	46	53	54	62	68	331	#
1418	471750	52	53	54	55	62	63	331	#
1419	441257	42	50	58	59	67	68	331	#
1420	439425	5	13	20	21	53	54	331	#
1421	417456	51	52	53	54	55	59	331	#
1422	390668	37	41	45	53	54	55	331	#
1423	341745	1	9	17	74	332	#
1424	399317	1	9	17	26	332	#
1425	389636	22	23	30	74	332	#
1426	314471	1	8	9	17	332	#
1427	297249	8	16	17	26	332	#
1428	1571528	0	2	3	4	5	6	7	8	9	10	11	12	13	14	15	19	20	21	22	23	28	29	30	31	36	37	333	#
1429	1946816	3	5	6	7	11	12	13	14	15	19	21	22	23	25	26	28	29	30	31	35	36	37	38	44	45	54	333	#
1430	1824649	3	9	10	11	17	18	19	20	22	23	25	26	27	28	29	30	31	33	34	35	36	41	42	44	49	56	333	#
1431	1792996	3	5	6	7	11	12	13	14	15	17	18	19	20	21	22	23	26	28	29	30	31	36	38	39	44	66	333	#
1432	1777869	3	11	13	17	19	20	21	22	23	25	26	27	28	29	34	35	36	37	40	41	42	43	44	45	49	54	333	#
1433	1753976	5	6	7	11	12	13	14	15	16	17	19	21	22	23	26	27	28	29	30	31	36	38	44	45	52	61	333	#
1434	464937	26	27	31	34	35	38	42	334	#
1435	652766	13	20	21	22	23	30	31	334	#
1436	500029	25	26	28	29	34	35	36	334	#
1437	477964	28	35	36	43	44	51	59	334	#
1438	438200	11	18	19	25	26	27	28	334	#
1439	402897	19	26	33	34	35	42	43	334	#
1440	1661346	0	1	2	3	4	5	6	8	9	10	11	12	13	14	16	17	18	20	21	22	23	24	25	26	27	28	335	#
1441	2025743	0	1	2	3	5	8	9	11	12	13	17	20	21	22	23	26	27	28	30	31	35	36	37	44	45	46	335	#
1442	2018063	5	6	7	12	13	14	20	21	22	23	26	27	28	30	31	33	35	40	42	43	48	50	51	52	59	61	335	#
1443	2003791	0	1	2	3	4	5	6	9	10	11	12	13	14	17	20	21	22	26	28	30	37	45	52	53	60	61	335	#
1444	1950957	2	3	4	5	6	9	10	11	12	13	14	17	19	20	21	22	26	28	33	34	35	40	41	42	48	51	335	#
1445	1933493	1	2	3	4	5	6	7	9	10	11	12	13	14	15	16	17	19	20	21	22	23	26	27	28	30	31	335	#
1446	282142	29	36	37	44	336	#
1447	299942	21	28	29	36	336	#
1448	251263	29	36	37	45	336	#
1449	166020	35	36	37	43	336	#
1450	162887	36	37	43	44	336	#
1451	162153	66	67	337	#
1452	69405	28	67	337	#
1453	1607587	6	7	12	13	14	15	19	20	21	22	23	26	28	29	30	31	36	38	39	47	55	70	73	338	#
1454	1641275	2	3	4	5	6	7	10	12	13	14	15	19	20	21	22	23	25	26	28	29	30	31	70	338	#
1455	1621645	3	4	5	6	7	11	12	13	14	15	19	20	21	22	23	28	29	30	31	36	44	46	52	338	#
1456	1601671	3	4	5	6	7	11	12	13	14	15	18	19	20	21	22	23	26	27	28	29	30	31	36	338	#
1457	1563370	4	5	6	7	9	10	12	13	14	15	17	18	19	20	21	22	23	26	27	28	29	30	31	338	#
1458	1552691	2	3	4	5	6	7	10	11	12	13	14	15	19	20	21	22	23	28	29	30	31	35	36	338	#
1459	1259622	4	5	11	12	13	17	19	20	21	22	26	27	28	29	30	36	38	39	47	339	#
1460	1459402	4	5	6	12	13	14	19	20	21	28	29	30	31	37	38	39	46	53	54	339	#
1461	1438794	29	30	35	37	38	39	42	43	44	50	51	52	53	57	58	60	61	62	63	339	#
1462	1422542	1	2	3	4	5	11	12	13	14	19	20	21	22	27	28	29	30	37	72	339	#
1463	1374844	4	5	6	7	10	11	12	13	14	15	19	20	21	27	28	29	30	37	38	339	#
1464	1351997	2	4	5	10	11	12	19	20	27	28	29	30	36	37	44	45	52	53	54	339	#
1465	692028	0	1	9	10	16	17	25	26	27	28	340	#
1466	902764	13	14	17	19	20	21	25	26	28	29	340	#
1467	804357	9	17	26	27	28	29	33	34	35	42	340	#
1468	784222	1	2	9	17	19	20	25	26	27	34	340	#
1469	771478	1	9	16	17	19	25	26	27	28	34	340	#
1470	755447	8	16	17	19	20	26	27	28	29	70	340	#
1471	449146	16	17	18	19	24	25	26	27	28	341	#
1472	647688	3	9	11	17	18	19	25	26	28	341	#
1473	584933	17	18	19	20	21	22	26	27	28	341	#
1474	570023	9	17	18	19	24	25	26	34	35	341	#
1475	538063	12	13	19	20	21	22	23	28	29	341	#
1476	532639	8	9	16	17	24	25	26	34	71	341	#
1477	604618	11	20	21	22	23	30	31	342	#
1478	644057	15	22	23	30	31	53	61	342	#
1479	615545	7	14	15	22	23	30	64	342	#
1480	586530	15	21	22	23	30	31	38	342	#
1481	561536	22	23	28	29	30	31	38	342	#
1482	458849	12	13	20	21	22	28	30	342	#
1483	998408	25	26	32	34	35	40	41	43	48	49	50	51	59	343	#
1484	965756	26	32	33	34	35	40	41	42	43	44	49	50	58	343	#
1485	958605	19	20	25	26	27	32	33	34	35	40	41	42	48	343	#
1486	951170	40	41	42	44	48	49	50	51	52	56	57	58	59	343	#
1487	943686	0	1	2	33	41	42	48	49	50	51	57	58	59	343	#
1488	927334	11	19	20	24	25	26	27	32	33	34	35	41	42	343	#
1489	1410383	10	17	18	19	25	26	32	33	34	35	40	41	42	43	48	49	50	51	54	344	#
1490	1541815	18	22	23	26	28	31	34	35	36	37	39	41	42	43	44	45	46	50	51	344	#
1491	1424754	10	11	18	19	20	25	26	28	33	34	35	41	42	43	49	50	57	58	73	344	#
1492	1418840	3	10	11	18	19	20	21	25	26	28	29	32	33	34	40	41	42	43	49	344	#
1493	1413949	11	19	20	21	22	26	28	29	36	37	43	44	45	46	52	53	54	62	63	344	#
1494	1385631	0	3	8	9	10	11	13	14	16	17	18	19	20	21	25	26	34	35	47	344	#
1495	704253	4	5	6	7	10	11	12	13	14	19	20	21	345	#
1496	997248	5	6	7	13	14	15	21	22	23	28	31	38	345	#
1497	896598	4	5	6	7	12	15	23	30	31	38	51	52	345	#
1498	864745	4	5	6	7	13	14	15	22	23	31	38	39	345	#
1499	853483	5	6	7	11	12	13	14	20	21	22	28	30	345	#
1500	852026	3	4	5	6	7	12	13	14	15	22	23	73	345	#
