%% File generated by CATS v.2.1Mon Aug 19 20:28:53 2019

%% The CATS webpage is http://robotics.stanford.edu/CATS

%% PARAMETER SETTINGS:
% Goods: 20; Bids: 800; Distribution: regions; Runs: 10; Seed: 1566264273
% Regions Distribution Parameters:
% Max Substitutable Bids = 5
% Removing HV Neighbor   = 0.1
% Adding DIAG Neighbor   = 0.2
% Additional Location    = 0.9
% Jump Probability       = 0.05
% Additivity             = 0.2
% Budget Factor          = 1.5
% Resale Factor          = 0.5
% Normal Private Value:
%   Mean                 = 0
%   Standard Deviation   = 30



goods 20
bids 803
dummy 155

0	450128	0	2	4	5	6	7	20	#
1	489497	2	4	5	6	7	8	20	#
2	445503	2	4	5	6	7	9	20	#
3	441414	0	4	6	8	9	13	20	#
4	436060	4	6	8	9	10	13	20	#
5	411049	1	2	5	6	7	9	20	#
6	185055	5	6	17	21	#
7	219603	1	5	17	21	#
8	196567	5	6	10	21	#
9	181818	1	5	9	21	#
10	746140	0	1	2	3	4	5	6	7	8	9	10	11	12	14	15	22	#
11	914095	0	1	2	3	4	6	7	8	9	10	11	12	13	16	19	22	#
12	792089	0	1	2	3	4	5	6	7	8	9	10	11	12	13	14	22	#
13	760649	0	1	2	3	4	5	6	7	8	9	10	11	12	15	18	22	#
14	427374	4	8	9	12	13	14	23	#
15	443581	4	8	9	10	12	13	23	#
16	426688	0	4	8	9	10	13	23	#
17	423442	4	5	8	9	10	13	23	#
18	408313	8	9	10	12	13	14	23	#
19	390490	0	1	4	5	9	13	23	#
20	481796	0	1	2	3	4	5	6	7	10	11	24	#
21	589295	0	1	5	9	10	11	12	13	14	15	24	#
22	572360	3	4	5	6	7	9	10	11	12	15	24	#
23	548944	2	3	5	6	7	9	10	11	14	15	24	#
24	544384	3	5	6	7	9	10	11	13	14	15	24	#
25	519988	1	2	3	5	6	7	9	10	11	17	24	#
26	352114	4	5	8	9	12	13	25	#
27	387970	5	8	9	12	13	14	25	#
28	379851	8	9	11	12	13	14	25	#
29	359503	4	5	8	9	12	14	25	#
30	316468	1	4	5	8	9	13	25	#
31	306677	4	8	9	10	12	13	25	#
32	338384	5	6	7	10	11	26	#
33	360664	5	6	7	10	13	26	#
34	337704	0	1	4	5	6	26	#
35	313735	5	6	8	9	10	26	#
36	262152	10	11	13	14	15	26	#
37	249578	3	6	7	10	11	26	#
38	829617	0	1	2	3	4	5	6	7	8	9	10	11	12	13	14	15	17	27	#
39	883400	0	1	2	3	4	5	6	7	8	9	10	11	12	13	14	15	16	27	#
40	877778	0	1	2	3	4	5	6	7	8	9	10	11	12	13	14	15	18	27	#
41	813646	0	1	2	3	4	5	6	7	8	9	10	11	12	13	14	15	19	27	#
42	591088	2	4	6	8	9	10	11	12	13	14	15	28	#
43	696921	1	4	6	8	9	10	11	12	13	14	16	28	#
44	659801	0	1	2	3	4	5	6	8	9	10	12	28	#
45	623649	0	1	2	4	5	6	8	9	10	11	12	28	#
46	622564	2	3	6	8	9	10	11	12	13	14	15	28	#
47	615400	1	2	4	5	8	9	10	11	12	14	15	28	#
48	52257	5	#
49	1049961	0	1	2	3	4	5	6	7	8	9	10	11	12	13	14	15	16	18	19	29	#
50	1065492	0	1	2	3	4	5	6	7	8	9	10	11	12	13	14	15	16	17	18	29	#
51	1053973	0	1	2	3	4	5	6	7	8	9	10	11	12	13	14	15	16	17	19	29	#
52	1026569	0	1	2	3	4	5	6	7	8	9	10	11	12	13	14	15	17	18	19	29	#
53	399267	1	2	6	7	10	11	15	30	#
54	501747	1	2	6	12	13	14	19	30	#
55	488002	5	6	8	9	10	13	14	30	#
56	432323	5	6	7	10	11	14	15	30	#
57	413981	1	2	5	6	10	11	15	30	#
58	398619	6	10	11	13	14	15	19	30	#
59	79529	9	#
60	74434	19	#
61	778957	0	1	2	3	4	5	6	7	8	9	10	11	12	13	14	15	17	32	#
62	883930	0	1	2	3	4	5	6	7	8	9	10	11	12	13	14	15	16	32	#
63	859057	0	1	2	3	4	5	6	7	8	9	10	11	12	13	14	15	18	32	#
64	842279	0	1	2	3	4	5	6	7	9	10	11	12	13	14	15	17	18	32	#
65	807061	0	1	2	3	4	5	6	7	8	9	10	11	12	13	14	15	19	32	#
66	790284	0	1	2	3	4	5	6	7	9	10	11	12	13	14	15	17	19	32	#
67	467825	2	5	6	7	9	10	11	13	14	15	33	#
68	580405	0	4	5	9	10	11	13	14	15	16	33	#
69	533845	2	4	5	6	7	9	10	11	13	14	33	#
70	526141	3	4	5	6	7	10	11	13	14	15	33	#
71	496397	0	1	5	6	10	11	12	13	14	15	33	#
72	490439	5	6	7	9	10	11	12	13	14	15	33	#
73	197350	1	2	3	7	34	#
74	238946	1	2	3	18	34	#
75	159002	1	5	9	15	34	#
76	150344	7	#
77	147107	2	6	9	10	34	#
78	1006817	0	1	2	3	4	5	6	7	8	9	10	12	13	14	15	35	#
79	1051760	0	1	2	4	5	6	7	8	9	10	11	12	13	14	18	35	#
80	1019931	0	1	2	3	4	5	6	7	8	9	11	12	13	14	15	35	#
81	1012697	0	1	2	4	5	6	7	8	9	10	11	12	13	14	15	35	#
82	990342	0	2	3	4	5	6	7	8	9	10	11	12	13	14	15	35	#
83	988061	0	1	2	3	4	5	6	7	8	9	10	11	12	13	14	35	#
84	68004	8	#
85	506769	0	1	4	5	6	8	9	12	13	14	36	#
86	503098	1	2	3	5	6	7	9	13	14	15	36	#
87	472510	2	4	6	8	9	10	11	12	13	14	36	#
88	461471	0	1	2	3	4	5	7	8	9	13	36	#
89	460844	2	3	5	6	7	9	10	11	12	13	36	#
90	450835	0	1	2	3	4	5	6	9	10	13	36	#
91	178489	4	5	8	37	#
92	230147	4	8	12	37	#
93	186496	8	12	13	37	#
94	105814	4	5	9	37	#
95	770397	0	1	2	3	4	5	6	7	8	9	10	11	12	13	14	15	38	#
96	789473	0	1	2	3	4	5	6	7	8	9	10	11	12	13	15	17	38	#
97	754338	0	2	3	4	5	6	7	8	9	10	11	12	13	14	15	17	38	#
98	355920	8	9	10	12	13	39	#
99	408276	5	8	9	13	14	39	#
100	345322	3	8	10	12	13	39	#
101	339720	5	9	10	13	14	39	#
102	296152	9	10	11	12	13	39	#
103	288501	4	8	9	10	12	39	#
104	226609	4	8	12	40	#
105	207169	4	12	13	40	#
106	186231	4	8	9	40	#
107	142747	0	4	8	40	#
108	67384	1	#
109	488301	2	5	6	7	9	10	11	15	41	#
110	602936	6	7	9	10	11	12	13	14	41	#
111	558301	3	7	9	10	11	13	14	15	41	#
112	545897	0	1	3	4	7	10	11	15	41	#
113	505624	2	3	5	6	7	9	10	11	41	#
114	497433	2	6	7	9	10	11	14	15	41	#
115	590841	0	1	2	4	5	6	8	9	10	11	12	13	14	15	42	#
116	740574	1	2	3	4	5	6	7	8	9	10	12	13	14	15	42	#
117	714027	1	2	3	5	6	7	8	9	10	11	12	13	14	15	42	#
118	709818	1	2	3	5	6	7	8	9	10	11	13	14	15	16	42	#
119	702372	3	4	5	6	7	8	9	10	11	12	13	14	15	16	42	#
120	701748	1	2	4	5	6	7	8	9	10	11	12	13	14	15	42	#
121	762850	1	2	3	5	6	7	8	9	10	11	13	14	17	43	#
122	779863	1	3	4	5	6	7	8	9	10	11	13	14	18	43	#
123	733100	0	1	4	5	6	7	8	9	10	11	12	13	14	43	#
124	696397	1	2	3	4	5	6	7	8	9	10	11	12	13	43	#
125	655618	0	1	2	3	5	6	7	8	9	10	11	12	13	43	#
126	654332	0	1	2	4	5	6	7	8	9	10	11	12	13	43	#
127	498319	0	1	4	5	6	7	8	9	12	13	44	#
128	513294	0	1	3	4	5	6	7	8	9	12	44	#
129	508158	0	4	5	6	7	8	9	10	12	13	44	#
130	457767	4	5	6	7	8	9	10	11	12	13	44	#
131	453785	0	1	4	5	6	8	9	10	12	13	44	#
132	391390	0	2	4	5	6	7	8	9	10	13	44	#
133	522961	0	1	2	3	4	5	6	8	9	45	#
134	630132	1	2	3	4	5	6	7	8	9	45	#
135	621424	0	1	2	3	4	6	7	8	9	45	#
136	584683	0	1	2	3	4	5	6	7	9	45	#
137	584530	0	1	2	4	5	6	7	9	19	45	#
138	563052	1	2	3	6	7	9	10	13	14	45	#
139	325113	3	6	7	10	46	#
140	318328	5	6	7	11	46	#
141	287348	3	6	7	11	46	#
142	270668	7	10	11	13	46	#
143	56909	10	#
144	624090	5	6	7	9	10	11	13	14	47	#
145	710430	1	2	5	6	7	8	9	11	47	#
146	668964	6	7	8	10	11	12	13	15	47	#
147	655136	6	7	8	11	12	13	14	15	47	#
148	600416	1	2	3	4	5	6	7	8	47	#
149	592600	5	6	7	10	11	13	14	15	47	#
150	46993	0	#
151	733408	0	1	2	3	4	5	6	7	8	9	10	11	12	13	14	15	17	48	#
152	780494	0	1	2	3	4	5	6	7	8	9	10	11	12	13	14	15	18	48	#
153	746668	0	1	2	3	4	5	6	7	8	9	10	11	13	14	15	17	18	48	#
154	705208	0	1	2	3	4	5	6	7	8	9	10	11	12	13	14	15	19	48	#
155	669246	0	1	2	3	4	5	6	7	8	9	10	11	12	13	14	15	16	48	#
156	75186	4	#
157	581672	0	1	2	3	4	5	6	7	9	10	11	13	15	49	#
158	831427	2	3	6	7	9	10	11	13	14	15	16	17	18	49	#
159	669669	1	2	5	6	7	8	9	10	11	12	13	15	16	49	#
160	645785	1	2	3	5	6	7	8	9	10	11	12	13	15	49	#
161	638288	0	1	2	3	6	7	8	10	11	12	13	14	15	49	#
162	636568	2	3	4	6	7	8	9	10	11	12	13	14	15	49	#
163	281586	9	10	12	13	14	15	50	#
164	316949	10	11	12	13	14	15	50	#
165	298560	2	3	7	11	14	15	50	#
166	293510	6	10	11	13	14	15	50	#
167	263385	1	5	8	9	10	13	50	#
168	245988	5	6	9	10	11	13	50	#
169	757905	1	2	3	4	5	6	7	8	10	11	13	14	15	51	#
170	787075	0	1	2	3	4	5	6	7	8	10	11	13	16	51	#
171	735686	1	2	3	5	6	7	8	9	10	11	12	13	14	51	#
172	733070	0	1	2	3	4	5	6	7	9	10	11	13	14	51	#
173	695463	1	2	3	5	6	7	8	9	10	11	13	14	15	51	#
174	695215	2	3	5	6	7	8	9	10	12	13	14	15	17	51	#
175	445636	4	8	9	10	12	13	52	#
176	478043	4	5	8	9	12	13	52	#
177	447652	1	3	4	5	8	12	52	#
178	388754	8	9	10	11	12	13	52	#
179	365833	3	5	6	7	8	9	52	#
180	284306	5	6	8	9	10	11	52	#
181	152484	7	11	53	#
182	195389	1	7	53	#
183	639372	2	3	4	5	6	7	8	10	11	13	14	15	54	#
184	696282	3	4	6	7	8	9	10	11	12	13	14	15	54	#
185	691550	0	1	3	6	7	9	10	11	12	13	14	15	54	#
186	635469	0	1	2	3	4	5	6	7	8	10	11	13	54	#
187	629306	2	3	6	7	8	9	10	11	13	14	15	18	54	#
188	617963	2	3	6	7	8	9	10	11	12	13	14	15	54	#
189	563891	0	1	2	3	4	5	6	7	8	9	10	11	12	13	14	15	55	#
190	724191	1	2	3	5	6	7	8	9	10	11	12	13	14	15	17	18	55	#
191	669221	0	1	2	3	4	5	6	7	8	9	10	11	12	13	15	18	55	#
192	623877	0	2	3	4	5	6	7	8	9	10	11	12	13	14	15	17	55	#
193	615606	0	1	2	4	5	6	7	8	9	10	11	12	13	14	15	19	55	#
194	926279	0	1	2	3	4	5	6	7	8	9	10	11	12	13	14	15	16	56	#
195	1048512	0	1	3	4	5	6	7	8	9	10	11	12	13	14	15	18	19	56	#
196	973347	0	1	2	3	4	5	6	7	8	9	10	11	12	13	14	15	18	56	#
197	928087	0	1	2	3	4	5	6	7	8	9	10	11	12	13	14	15	17	56	#
198	889093	0	1	2	3	4	5	6	7	8	9	10	11	12	13	14	15	19	56	#
199	838601	0	1	2	3	4	5	6	7	8	9	10	11	12	13	14	15	57	#
200	931018	0	1	2	3	4	5	6	7	8	9	10	11	12	13	14	19	57	#
201	528020	4	6	7	8	9	10	58	#
202	583373	5	6	7	8	9	10	58	#
203	428642	2	4	5	6	8	9	58	#
204	428236	2	3	6	7	9	10	58	#
205	418475	2	3	6	7	10	11	58	#
206	383300	0	1	4	5	8	12	58	#
207	489576	4	8	9	10	12	13	59	#
208	533295	8	9	10	12	13	14	59	#
209	484743	8	9	10	11	12	13	59	#
210	368101	4	5	8	9	10	13	59	#
211	346238	6	9	10	11	13	14	59	#
212	195441	0	1	2	4	8	9	59	#
213	716339	0	1	2	3	4	5	6	7	8	9	10	11	12	13	14	15	60	#
214	823790	1	2	3	4	5	6	7	8	9	10	11	12	13	14	15	16	60	#
215	782986	1	2	3	4	5	6	7	8	9	10	11	12	13	14	15	17	60	#
216	748653	0	1	2	4	5	6	7	8	9	10	11	12	13	14	15	16	60	#
217	1111397	0	1	2	3	4	5	6	7	8	9	10	11	12	13	14	15	18	61	#
218	1189330	0	1	2	3	4	5	6	7	8	9	10	11	12	13	14	16	17	61	#
219	1118073	0	1	2	3	4	5	6	7	8	9	10	11	12	13	14	15	17	61	#
220	1097705	0	1	2	3	4	5	6	7	8	9	10	11	12	13	14	15	16	61	#
221	1007090	0	1	2	3	4	5	6	7	8	9	10	11	12	13	14	15	19	61	#
222	190836	4	8	62	#
223	139027	0	4	62	#
224	612918	0	1	2	3	4	5	6	7	8	9	10	12	13	14	63	#
225	738245	1	2	3	5	6	7	8	9	10	11	12	13	14	17	63	#
226	699552	0	1	2	3	4	5	6	8	9	10	12	13	14	18	63	#
227	665138	1	2	3	4	5	6	7	9	10	11	12	13	15	18	63	#
228	635002	0	1	3	4	5	6	7	8	9	10	11	12	13	14	63	#
229	627783	1	2	3	4	5	6	7	8	9	10	11	12	13	14	63	#
230	218684	4	5	8	64	#
231	230885	4	8	12	64	#
232	73586	5	6	9	64	#
233	986088	0	1	2	3	4	5	6	7	8	9	10	11	12	13	14	15	65	#
234	1148929	0	1	2	3	4	6	7	8	9	10	11	12	13	14	15	18	65	#
235	1128516	1	2	3	5	6	7	8	9	10	11	12	13	14	15	16	17	65	#
236	1079908	0	1	2	3	4	5	6	7	9	10	11	12	13	14	15	18	65	#
237	1008099	0	1	2	3	4	5	6	7	8	9	10	11	12	13	15	16	65	#
238	957338	0	1	2	3	5	6	7	8	9	10	11	13	14	15	17	19	65	#
239	103496	6	8	9	#
240	796151	3	5	6	7	8	9	10	11	13	14	15	66	#
241	914077	1	2	3	4	5	6	7	8	9	10	13	66	#
242	865263	2	4	5	6	7	8	9	10	12	13	19	66	#
243	863756	2	3	4	5	6	7	8	9	10	11	13	66	#
244	856941	0	1	4	5	6	8	9	10	11	13	16	66	#
245	845763	4	5	6	7	8	9	10	11	12	13	14	66	#
246	85421	14	#
247	96675	0	4	19	67	#
248	107607	0	1	4	67	#
249	95028	4	5	9	67	#
250	504093	1	4	5	8	9	10	12	13	68	#
251	474509	0	1	4	5	8	9	13	14	68	#
252	467235	4	8	9	10	11	12	13	14	68	#
253	423376	1	2	3	5	8	9	11	12	68	#
254	363646	5	6	8	9	10	11	12	13	68	#
255	324886	2	3	6	7	8	9	10	13	68	#
256	405762	0	1	2	5	9	13	14	69	#
257	491244	6	7	9	10	12	13	14	69	#
258	453154	5	6	8	9	10	12	13	69	#
259	410887	1	5	6	7	9	13	19	69	#
260	384495	0	1	2	6	9	10	13	69	#
261	354418	0	1	2	6	7	9	10	69	#
262	411447	0	1	2	4	5	8	12	70	#
263	460040	4	5	8	9	12	13	14	70	#
264	436316	0	1	2	3	4	5	7	70	#
265	429056	0	1	4	5	8	9	12	70	#
266	418489	2	3	4	5	6	7	11	70	#
267	412818	0	1	2	3	4	6	7	70	#
268	1058446	0	1	2	3	4	5	6	7	8	9	10	11	12	13	14	15	71	#
269	1155386	0	1	2	3	4	5	6	7	8	9	10	11	12	13	14	16	71	#
270	1101163	0	1	2	3	4	5	6	7	8	9	10	11	12	13	15	18	71	#
271	1046678	0	1	2	3	4	5	6	7	8	9	10	11	12	13	15	17	71	#
272	1037119	0	2	3	4	5	6	7	8	9	10	11	12	13	14	15	19	71	#
273	127657	17	#
274	68414	2	6	#
275	94412	1	2	#
276	208383	0	4	8	9	10	13	73	#
277	277194	1	4	5	8	9	12	73	#
278	256766	0	4	5	8	9	12	73	#
279	254354	4	8	9	10	11	13	73	#
280	215348	0	1	4	5	6	8	73	#
281	185823	2	7	9	10	11	13	73	#
282	67851	13	#
283	777798	0	1	2	3	4	5	6	7	8	9	10	11	12	14	15	17	74	#
284	802139	0	1	2	3	4	5	6	7	8	9	10	11	12	15	17	18	74	#
285	796323	0	1	2	3	4	5	6	7	8	9	10	11	12	14	15	18	74	#
286	770749	0	1	2	3	4	5	6	7	8	9	10	11	12	15	16	17	74	#
287	764932	0	1	2	3	4	5	6	7	8	9	10	11	12	14	15	16	74	#
288	761715	0	1	2	3	4	5	6	7	8	9	10	11	12	15	18	19	74	#
289	242910	6	8	9	10	75	#
290	265683	6	8	9	13	75	#
291	248141	6	9	10	13	75	#
292	226585	5	6	9	10	75	#
293	190133	0	6	9	10	75	#
294	954539	0	1	2	3	4	5	6	7	8	9	10	11	12	13	14	15	76	#
295	1045863	0	1	2	3	5	6	7	8	9	10	11	12	13	14	15	19	76	#
296	1011030	0	1	2	3	4	5	6	7	8	9	10	11	13	14	15	16	76	#
297	971523	0	1	2	3	4	5	6	7	8	9	10	11	12	13	15	18	76	#
298	83390	11	#
299	340724	2	3	6	7	9	10	11	77	#
300	400348	7	10	11	12	13	14	15	77	#
301	394461	2	6	7	9	11	13	14	77	#
302	391797	7	8	9	10	11	13	14	77	#
303	301233	0	1	2	3	5	6	7	77	#
304	296870	0	1	2	3	5	6	10	77	#
305	814299	0	1	2	3	4	5	6	7	8	9	10	11	12	13	14	15	19	78	#
306	871440	1	2	3	4	5	6	7	8	9	10	11	12	13	14	15	16	19	78	#
307	860739	0	1	2	3	4	5	6	7	8	9	10	11	12	13	14	15	16	78	#
308	858811	0	1	2	3	4	5	6	7	8	9	10	11	12	13	14	15	18	78	#
309	844707	0	1	2	3	4	5	6	7	8	9	10	11	12	13	14	15	17	78	#
310	823793	0	1	2	3	4	5	6	7	8	9	10	11	12	13	14	15	79	#
311	887295	0	1	2	3	4	5	6	7	8	9	10	11	12	13	14	18	79	#
312	841064	1	2	3	4	5	6	7	8	9	10	11	12	13	14	15	16	79	#
313	748579	0	2	3	4	5	6	7	8	9	10	11	12	13	14	15	17	79	#
314	423811	6	7	10	11	13	15	18	80	#
315	469879	6	10	11	13	14	15	18	80	#
316	452963	2	4	5	6	7	8	12	80	#
317	446244	6	9	10	11	12	13	14	80	#
318	444031	6	10	11	12	13	14	15	80	#
319	439554	1	4	5	6	7	9	10	80	#
320	716652	0	1	2	3	4	5	6	7	8	9	10	11	12	13	14	15	81	#
321	895413	0	1	3	4	5	6	7	8	9	10	11	12	13	14	15	18	81	#
322	838279	0	1	3	4	5	6	7	8	9	10	11	12	13	14	15	17	81	#
323	815599	0	1	3	4	5	6	7	8	9	10	12	13	14	15	16	19	81	#
324	717268	0	1	2	3	4	5	6	7	8	9	10	12	13	14	15	19	81	#
325	676196	0	1	2	3	4	5	6	7	8	9	10	11	13	14	15	82	#
326	837757	0	1	2	3	4	5	6	7	8	9	11	12	13	14	16	82	#
327	816665	0	3	4	5	6	7	8	9	10	11	12	13	14	15	16	82	#
328	803813	1	2	3	5	6	7	8	9	10	11	12	13	14	15	16	82	#
329	754845	0	1	4	5	6	7	8	9	10	11	12	13	14	15	17	82	#
330	743337	0	1	2	3	4	5	6	7	8	9	11	12	13	14	15	82	#
331	144778	18	#
332	316042	6	7	11	18	83	#
333	316109	5	6	7	9	83	#
334	283114	10	11	13	18	83	#
335	246862	3	6	7	9	83	#
336	168993	10	11	14	15	83	#
337	867500	0	1	2	3	4	5	6	7	8	9	10	11	12	13	14	15	16	17	18	84	#
338	823731	0	1	2	3	4	5	6	7	8	9	10	11	12	13	14	15	16	18	19	84	#
339	806867	0	1	2	3	4	5	6	7	8	9	10	11	12	13	14	15	17	18	19	84	#
340	749262	0	1	2	3	4	5	6	7	8	9	10	11	12	13	14	15	16	17	19	84	#
341	939750	0	1	2	3	4	5	6	7	8	9	10	11	12	13	14	15	17	85	#
342	1024608	0	1	2	3	4	5	6	7	8	9	10	11	12	13	14	15	18	85	#
343	990896	0	1	2	3	4	5	6	7	8	9	10	11	12	13	14	15	16	85	#
344	936403	0	1	2	3	4	5	6	7	8	9	10	11	12	13	14	15	19	85	#
345	897184	0	2	3	4	5	6	7	8	9	10	11	12	13	14	15	17	19	85	#
346	414893	1	4	5	6	7	9	10	11	13	86	#
347	502417	1	4	5	6	9	10	12	13	14	86	#
348	430946	3	6	7	10	11	12	13	14	15	86	#
349	425114	0	1	2	3	4	5	6	7	10	86	#
350	408738	0	1	4	5	6	8	9	13	17	86	#
351	404249	0	1	2	3	4	5	6	8	10	86	#
352	1218865	0	1	2	3	4	5	6	7	8	9	10	11	12	13	14	15	16	17	18	19	#
353	239501	1	2	3	7	87	#
354	232272	0	1	2	3	87	#
355	214470	1	2	3	5	87	#
356	165892	7	10	11	15	87	#
357	161239	2	6	7	10	87	#
358	416976	2	3	4	6	7	8	9	88	#
359	418773	2	6	7	8	9	10	13	88	#
360	399562	6	8	9	10	11	12	13	88	#
361	349150	1	2	3	5	6	7	9	88	#
362	332182	2	4	5	6	8	9	10	88	#
363	300900	0	1	4	5	6	8	9	88	#
364	423953	0	1	2	4	5	6	8	9	89	#
365	475603	4	8	9	10	12	13	14	15	89	#
366	470274	2	4	5	6	8	9	10	18	89	#
367	444274	0	1	2	5	6	8	9	12	89	#
368	394096	0	1	2	3	4	5	6	8	89	#
369	391528	0	1	2	4	5	8	9	10	89	#
370	564198	2	4	5	6	8	9	10	12	13	14	90	#
371	743719	0	4	5	8	9	10	12	13	14	18	90	#
372	692026	4	5	6	7	8	9	10	11	12	13	90	#
373	675919	4	5	6	7	8	9	10	12	13	17	90	#
374	675207	3	5	6	7	8	9	10	11	12	13	90	#
375	628692	4	5	6	8	9	10	11	12	13	14	90	#
376	135665	16	#
377	424348	3	6	7	8	9	10	11	13	14	15	91	#
378	561217	0	1	2	4	5	6	7	8	9	11	91	#
379	556948	0	1	2	3	4	5	6	7	8	9	91	#
380	544092	5	6	7	8	9	10	12	13	14	15	91	#
381	520859	0	1	3	4	5	6	7	9	10	13	91	#
382	519001	6	7	8	9	10	11	12	13	14	15	91	#
383	260953	5	9	10	11	92	#
384	232524	9	10	12	13	92	#
385	232131	4	5	6	7	92	#
386	229458	6	7	10	11	92	#
387	121305	2	6	10	13	92	#
388	345869	11	13	14	15	18	93	#
389	325929	9	11	13	14	15	93	#
390	315212	2	6	7	11	18	93	#
391	256533	2	3	6	7	11	93	#
392	245213	8	10	12	13	14	93	#
393	210785	1	2	3	15	19	93	#
394	325889	16	17	18	19	94	#
395	345156	10	13	14	18	94	#
396	194143	13	14	15	19	94	#
397	182570	9	10	13	17	94	#
398	105969	0	4	5	16	94	#
399	243720	0	1	5	95	#
400	187699	4	5	8	95	#
401	130103	0	1	4	95	#
402	320067	5	6	7	9	10	11	13	96	#
403	366204	4	5	8	9	10	12	13	96	#
404	337258	1	2	6	10	12	13	14	96	#
405	334633	3	5	6	7	9	11	13	96	#
406	316752	5	6	9	10	11	13	19	96	#
407	312821	2	3	6	7	9	11	14	96	#
408	74308	12	#
409	138814	3	6	7	135	#
410	495934	2	3	6	7	9	10	11	13	14	15	97	#
411	618275	5	6	7	8	9	10	11	13	14	15	97	#
412	567437	3	5	6	7	9	10	11	13	14	15	97	#
413	565698	0	4	5	6	8	9	10	11	13	18	97	#
414	556197	0	4	8	9	10	11	12	13	14	15	97	#
415	553450	2	3	5	6	8	9	10	13	14	15	97	#
416	163464	12	13	98	#
417	178611	8	12	98	#
418	163876	13	14	98	#
419	681324	3	6	7	8	9	10	11	12	13	14	19	99	#
420	634381	0	4	5	8	9	10	11	12	13	14	15	99	#
421	597465	3	6	7	9	10	11	12	13	14	15	19	99	#
422	586325	0	2	3	4	5	6	8	9	12	13	14	99	#
423	563844	2	4	6	8	9	10	11	12	13	14	15	99	#
424	561499	2	3	4	5	6	7	8	9	10	12	13	99	#
425	714882	0	1	2	3	4	5	6	7	8	9	10	11	12	13	14	15	100	#
426	802469	0	1	3	4	5	6	7	8	9	10	11	12	13	14	15	19	100	#
427	773068	1	2	3	4	5	6	7	8	9	10	11	12	13	14	15	19	100	#
428	762630	0	1	2	3	4	5	6	7	8	9	10	11	12	13	15	18	100	#
429	751584	0	1	2	4	5	6	7	8	9	10	11	12	13	14	15	16	100	#
430	740529	1	2	3	4	5	6	7	8	9	10	11	12	13	14	15	17	100	#
431	209433	7	9	11	13	101	#
432	297123	8	12	13	14	101	#
433	216071	6	10	11	13	101	#
434	128970	6	9	10	13	101	#
435	124218	3	7	11	15	101	#
436	830099	0	1	2	3	4	5	6	7	8	9	10	11	12	13	14	15	19	102	#
437	891116	0	1	2	3	4	5	6	7	8	9	10	11	12	13	14	15	16	102	#
438	873222	0	1	2	3	4	5	6	7	8	9	10	11	12	13	14	15	18	102	#
439	863289	0	1	2	3	5	6	7	8	9	10	11	12	13	14	15	18	19	102	#
440	837853	0	1	2	3	4	5	6	7	8	9	10	11	12	13	14	15	17	102	#
441	561726	5	6	9	10	12	13	14	103	#
442	536336	8	9	10	11	12	13	14	103	#
443	529052	5	6	7	9	10	11	13	103	#
444	502216	4	5	6	7	8	9	12	103	#
445	498159	4	8	9	10	12	13	14	103	#
446	482164	1	5	6	9	10	11	13	103	#
447	187459	2	3	6	7	104	#
448	224739	2	6	7	10	104	#
449	195810	6	7	11	15	104	#
450	181997	0	1	2	6	104	#
451	148569	1	2	3	7	104	#
452	900442	0	1	2	3	4	5	6	7	8	9	10	11	12	13	14	15	16	18	19	105	#
453	962903	0	1	2	3	4	5	6	7	8	9	10	11	12	13	14	15	16	17	18	105	#
454	947451	0	1	2	3	4	5	6	7	8	9	10	11	12	13	14	15	17	18	19	105	#
455	902854	0	1	2	3	4	5	6	7	8	9	10	11	12	13	14	15	16	17	19	105	#
456	741748	0	1	2	3	4	5	6	7	8	9	10	11	12	13	14	15	16	106	#
457	718465	0	1	2	3	4	5	6	7	8	9	10	11	12	13	15	16	18	106	#
458	705487	0	1	2	3	4	5	6	7	8	9	10	11	12	13	14	15	17	106	#
459	697335	0	1	2	3	4	5	6	7	8	9	10	11	12	13	14	15	19	106	#
460	692923	0	1	2	3	4	5	6	7	8	9	10	11	12	13	14	15	18	106	#
461	877896	0	1	2	3	4	5	6	7	8	9	10	11	12	13	14	15	18	107	#
462	945073	0	1	2	3	4	5	6	7	8	9	10	11	13	14	15	16	17	107	#
463	936570	0	1	2	3	4	5	6	7	8	9	10	11	12	13	15	16	18	107	#
464	936225	0	1	2	3	4	5	6	7	8	9	10	11	12	13	14	15	16	107	#
465	903535	0	1	2	3	4	5	6	7	8	9	10	11	12	13	14	15	17	107	#
466	886743	0	1	2	3	4	5	6	7	8	9	10	11	13	14	15	17	18	107	#
467	350477	4	5	8	9	12	13	14	15	108	#
468	453902	0	1	2	4	5	8	9	12	108	#
469	441099	0	4	5	8	9	12	13	14	108	#
470	436559	4	6	7	8	9	12	13	14	108	#
471	374603	7	8	9	11	12	13	14	15	108	#
472	342893	2	4	5	6	8	9	12	13	108	#
473	161434	0	1	2	3	6	10	109	#
474	157978	0	1	2	4	5	6	109	#
475	126008	1	2	5	6	7	9	109	#
476	103367	0	1	2	3	5	6	109	#
477	101913	0	1	2	3	4	5	109	#
478	214458	11	14	15	135	#
479	357099	2	3	7	9	10	11	13	110	#
480	415687	4	5	6	9	10	12	13	110	#
481	401016	4	5	8	9	10	11	13	110	#
482	385208	2	3	5	6	7	9	18	110	#
483	311070	2	3	5	6	7	10	11	110	#
484	307496	6	7	9	10	11	13	15	110	#
485	152553	10	11	15	111	#
486	221035	10	13	14	111	#
487	177577	3	7	11	111	#
488	421971	1	2	3	4	5	6	7	16	112	#
489	594071	1	4	5	8	9	12	13	14	112	#
490	517367	5	6	8	9	10	12	13	16	112	#
491	508798	2	3	5	6	7	8	9	12	112	#
492	465319	1	2	3	5	6	7	8	9	112	#
493	465093	0	1	2	4	5	8	12	13	112	#
494	676614	0	1	2	3	4	5	6	7	8	9	10	11	12	13	14	15	113	#
495	770881	0	1	2	3	4	5	6	7	8	9	10	11	12	13	14	18	113	#
496	744100	0	1	2	3	4	5	6	7	8	9	11	12	13	14	17	18	113	#
497	716572	1	2	3	4	5	6	7	8	9	10	11	12	13	14	15	17	113	#
498	674059	0	1	2	3	4	6	7	8	9	10	11	12	13	14	15	19	113	#
499	461639	0	1	2	3	4	6	7	11	15	114	#
500	465530	0	1	2	3	6	7	11	15	18	114	#
501	422595	1	2	3	6	7	9	11	14	15	114	#
502	419574	0	1	2	3	6	7	9	10	11	114	#
503	403168	0	1	4	5	6	7	9	10	13	114	#
504	381769	1	2	3	5	6	7	9	10	13	114	#
505	128602	10	11	15	135	#
506	86054	2	6	9	10	#
507	139719	0	4	8	116	#
508	154050	8	12	13	116	#
509	151446	0	1	4	116	#
510	762310	1	2	3	5	6	7	8	9	10	11	12	14	15	117	#
511	808614	3	4	5	6	7	8	9	10	11	12	13	14	15	117	#
512	801648	1	4	5	6	7	8	9	10	11	12	13	14	15	117	#
513	782080	0	1	3	4	5	7	8	9	10	11	13	14	15	117	#
514	751832	2	3	4	6	7	8	9	10	11	12	13	14	15	117	#
515	746865	1	2	4	5	6	8	9	10	11	12	13	14	17	117	#
516	353279	1	2	3	5	7	11	118	#
517	441166	3	6	7	9	10	19	118	#
518	395921	0	1	5	6	10	13	118	#
519	353015	1	2	5	6	9	10	118	#
520	351531	9	10	11	13	14	15	118	#
521	326591	2	3	6	7	11	14	118	#
522	883398	0	1	2	3	4	5	6	7	8	9	10	11	12	13	14	15	19	119	#
523	925498	0	1	2	3	4	5	6	7	8	9	10	11	12	13	14	15	16	119	#
524	901167	0	1	2	3	4	5	6	7	8	9	10	11	12	13	14	15	17	119	#
525	867691	0	1	2	3	4	5	6	7	8	9	10	11	12	13	14	15	18	119	#
526	691374	0	1	2	3	4	5	6	7	8	9	10	11	12	13	14	15	120	#
527	848806	0	1	2	3	4	5	6	7	8	9	10	11	12	13	17	19	120	#
528	814181	0	2	3	4	5	6	7	8	9	10	11	12	13	14	15	18	120	#
529	727943	0	1	2	4	5	6	7	8	9	10	11	12	13	14	15	17	120	#
530	706117	0	1	2	4	5	6	7	8	9	10	11	12	13	14	15	16	120	#
531	982714	0	1	2	3	4	5	6	7	8	9	10	11	12	13	14	15	16	121	#
532	971344	0	1	2	3	4	5	6	7	8	9	10	11	12	13	14	15	18	121	#
533	951236	0	1	2	3	4	5	6	7	8	9	10	11	12	13	14	15	17	121	#
534	934493	0	1	2	3	4	5	6	7	8	9	10	11	12	13	14	15	19	121	#
535	619514	2	4	6	7	8	9	10	11	12	13	14	122	#
536	751647	0	1	2	4	5	6	7	8	9	10	12	122	#
537	737655	0	1	4	5	6	8	9	10	11	12	19	122	#
538	719363	0	2	4	5	6	7	8	9	10	11	12	122	#
539	647597	0	1	2	4	5	6	8	9	10	11	18	122	#
540	638430	4	5	6	8	9	10	11	12	13	14	15	122	#
541	700441	4	5	6	8	9	10	11	12	13	14	15	123	#
542	817261	5	7	8	9	10	11	12	13	14	15	17	123	#
543	764898	5	6	8	9	10	11	12	13	14	15	17	123	#
544	674724	3	6	7	8	9	10	11	12	13	14	15	123	#
545	650712	3	5	6	7	8	9	10	11	13	14	15	123	#
546	559598	2	4	5	6	7	8	9	10	11	12	13	123	#
547	607070	1	2	4	5	6	7	8	9	12	13	124	#
548	567722	4	5	6	7	8	9	10	11	12	13	124	#
549	564258	0	1	4	5	8	9	10	11	12	13	124	#
550	550943	1	3	5	6	7	9	10	11	12	13	124	#
551	525368	0	1	2	3	4	5	9	12	13	14	124	#
552	522087	5	6	8	9	10	11	12	13	14	15	124	#
553	200205	13	14	125	#
554	220030	10	13	125	#
555	499238	2	6	7	8	9	10	11	14	15	126	#
556	596441	0	4	7	8	9	12	13	14	15	126	#
557	567787	6	7	8	9	10	11	12	13	15	126	#
558	549192	4	6	7	8	9	10	11	12	13	126	#
559	534902	3	7	9	10	11	12	13	14	15	126	#
560	498680	5	6	7	9	10	11	12	13	15	126	#
561	340281	6	9	10	12	13	127	#
562	393845	4	8	9	12	13	127	#
563	287599	2	6	8	9	10	127	#
564	270055	2	3	6	9	10	127	#
565	252838	3	6	7	9	10	127	#
566	211896	10	11	13	14	15	127	#
567	881433	0	1	2	3	4	5	6	7	8	9	10	11	12	13	14	15	19	128	#
568	907926	0	1	2	3	4	5	6	7	8	9	10	11	12	13	14	15	18	128	#
569	897247	0	1	2	3	4	5	6	7	8	9	10	11	12	13	14	15	17	128	#
570	894334	0	1	2	3	4	5	6	7	8	9	10	11	12	13	14	15	16	128	#
571	868838	0	1	2	3	4	5	6	7	8	9	10	11	12	13	15	18	19	128	#
572	715228	0	1	2	3	4	5	6	7	8	9	10	11	12	13	14	15	129	#
573	874285	0	1	2	4	5	6	7	9	10	11	12	13	14	15	16	17	129	#
574	814058	0	1	2	3	4	5	6	7	8	9	11	12	13	14	15	16	129	#
575	786311	0	1	2	3	4	5	6	8	9	10	11	12	13	14	18	19	129	#
576	774732	0	1	3	4	5	6	7	8	9	10	11	12	13	14	15	17	129	#
577	713079	0	1	2	3	4	5	6	7	8	9	10	11	12	15	18	19	129	#
578	154200	1	5	130	#
579	111876	5	6	130	#
580	108170	0	1	130	#
581	334092	8	9	12	131	#
582	299367	8	9	13	131	#
583	281551	8	12	13	131	#
584	227919	9	10	13	131	#
585	288903	0	1	2	3	6	7	132	#
586	328713	0	1	4	5	6	18	132	#
587	313086	3	4	5	6	7	11	132	#
588	285272	0	1	2	4	5	6	132	#
589	221383	2	3	6	7	10	11	132	#
590	198515	4	5	6	10	11	15	132	#
591	368607	0	1	4	8	12	133	#
592	395985	8	10	11	12	13	133	#
593	283322	5	6	7	8	9	133	#
594	270665	0	1	5	15	16	133	#
595	245412	0	1	4	5	9	133	#
596	236201	0	1	2	4	8	133	#
597	670032	1	2	3	5	6	7	9	10	11	14	15	17	134	#
598	814988	0	1	2	3	4	5	6	7	8	9	10	12	134	#
599	767603	0	1	2	3	5	6	7	9	10	11	14	15	134	#
600	737939	0	1	3	4	5	6	7	8	9	10	11	15	134	#
601	719008	1	3	5	6	7	9	10	11	12	13	14	15	134	#
602	719003	0	1	2	3	4	5	6	8	9	10	11	12	134	#
603	193051	7	11	15	135	#
604	1005362	0	1	2	3	4	5	6	7	8	9	10	11	12	13	14	15	17	18	19	136	#
605	1066788	0	1	2	3	4	5	6	7	8	9	10	11	12	13	14	15	16	17	18	136	#
606	1041004	0	1	2	3	4	5	6	7	8	9	10	11	12	13	14	15	16	18	19	136	#
607	985058	0	1	2	3	4	5	6	7	8	9	10	11	12	13	14	15	16	17	19	136	#
608	402738	3	7	10	11	14	15	137	#
609	395535	7	10	11	13	14	15	137	#
610	337743	7	9	11	13	14	15	137	#
611	304629	0	7	10	11	14	15	137	#
612	302539	1	5	6	10	11	13	137	#
613	274261	3	7	9	10	11	15	137	#
614	340617	3	6	7	10	11	15	138	#
615	475715	5	6	7	10	11	16	138	#
616	445954	4	5	6	7	10	11	138	#
617	373393	1	4	5	6	7	10	138	#
618	289214	10	11	13	14	15	19	138	#
619	280614	2	3	6	7	10	11	138	#
620	1031265	0	1	2	3	4	5	6	7	8	9	10	11	12	13	14	15	17	139	#
621	1056364	0	1	2	3	4	5	6	7	8	9	10	11	12	13	14	15	16	139	#
622	1051381	0	1	2	3	4	5	6	7	8	9	10	11	12	13	14	15	18	139	#
623	982643	0	1	2	3	4	5	6	7	8	9	10	11	12	13	14	15	19	139	#
624	538763	0	1	2	3	5	6	7	8	9	10	140	#
625	614930	6	7	8	9	10	11	12	13	14	15	140	#
626	571123	0	1	2	3	4	5	6	7	8	12	140	#
627	547032	1	2	3	5	6	7	8	9	10	13	140	#
628	540712	1	2	5	6	7	8	9	10	11	13	140	#
629	538252	0	1	2	4	5	6	7	8	9	10	140	#
630	399450	8	9	11	12	13	14	15	141	#
631	566990	5	8	9	10	12	13	14	141	#
632	538372	5	6	8	9	10	12	13	141	#
633	511635	1	5	6	7	9	10	11	141	#
634	491443	4	5	8	9	10	12	13	141	#
635	459966	5	6	7	10	13	14	15	141	#
636	659215	0	1	2	3	4	5	6	7	8	9	10	11	12	13	14	15	16	142	#
637	643551	0	1	2	3	4	5	6	7	8	9	10	11	12	13	14	15	19	142	#
638	619892	0	1	2	3	4	5	6	7	8	9	10	11	12	13	14	15	18	142	#
639	597121	0	1	2	3	4	5	6	7	8	9	10	11	12	13	14	15	17	142	#
640	196537	1	2	3	6	18	143	#
641	291148	0	1	2	4	8	143	#
642	270577	2	3	6	7	9	143	#
643	244663	2	3	5	6	7	143	#
644	177573	2	5	6	9	10	143	#
645	738979	0	1	3	4	5	6	7	8	9	10	11	12	13	15	144	#
646	791895	0	1	2	4	5	6	7	8	9	10	11	12	13	16	144	#
647	760987	0	1	3	4	5	6	8	9	10	11	12	13	15	16	144	#
648	714421	0	1	2	3	4	5	6	7	8	9	10	11	12	13	144	#
649	710448	0	1	2	3	4	5	6	7	8	11	12	13	14	16	144	#
650	699226	0	1	2	3	4	5	6	7	8	9	10	12	13	14	144	#
651	510815	4	8	9	10	11	12	13	14	15	145	#
652	584038	4	5	6	8	9	10	12	13	14	145	#
653	533784	0	1	4	5	6	8	9	10	14	145	#
654	509041	0	4	5	6	8	9	10	11	12	145	#
655	506606	4	5	7	9	10	12	13	14	15	145	#
656	498918	5	6	7	8	9	11	13	14	15	145	#
657	305556	0	1	2	4	5	6	9	10	146	#
658	367125	1	2	5	6	9	10	11	13	146	#
659	353729	1	2	4	5	6	7	10	11	146	#
660	344230	0	1	2	3	4	6	7	8	146	#
661	342677	2	3	4	6	8	9	10	13	146	#
662	305945	2	3	5	6	9	10	13	14	146	#
663	367274	0	1	2	3	6	7	147	#
664	397320	1	2	3	6	7	10	147	#
665	386354	1	2	6	8	12	13	147	#
666	384601	2	5	6	7	9	10	147	#
667	340417	2	3	6	7	11	12	147	#
668	301156	2	3	4	5	6	14	147	#
669	302217	1	5	9	10	148	#
670	288155	1	5	8	9	148	#
671	283786	1	5	9	13	148	#
672	283036	9	10	13	14	148	#
673	274964	2	5	6	9	148	#
674	673552	4	5	6	7	9	10	11	13	16	149	#
675	657253	4	5	6	7	8	9	10	13	16	149	#
676	588847	4	5	6	8	9	10	11	13	14	149	#
677	546218	2	3	5	6	7	9	10	11	13	149	#
678	525276	1	4	5	6	7	10	11	14	15	149	#
679	494820	2	4	5	6	8	9	10	12	13	149	#
680	931389	0	1	2	3	4	5	6	7	8	9	10	11	12	13	14	15	16	17	150	#
681	969365	0	1	2	3	4	5	6	7	8	9	10	11	12	13	14	15	16	18	150	#
682	964168	0	1	2	3	4	5	6	7	8	9	10	11	12	13	14	15	16	19	150	#
683	915886	0	1	2	3	4	5	6	7	8	9	10	11	12	13	14	15	18	19	150	#
684	883106	0	1	2	3	4	5	6	7	8	9	10	11	12	13	14	15	17	18	150	#
685	877910	0	1	2	3	4	5	6	7	8	9	10	11	12	13	14	15	17	19	150	#
686	977039	0	1	2	3	4	5	6	7	8	9	10	11	12	13	14	15	16	17	18	151	#
687	946720	0	1	2	3	4	5	6	7	8	9	10	11	12	13	14	15	17	18	19	151	#
688	942762	0	1	2	3	4	5	6	7	8	9	10	11	12	13	14	15	16	17	19	151	#
689	938674	0	1	2	3	4	5	6	7	8	9	10	11	12	13	14	15	16	18	19	151	#
690	506808	0	1	2	3	4	5	6	7	8	9	10	11	12	13	14	15	152	#
691	628465	0	1	2	3	4	5	6	7	8	9	11	12	13	14	15	16	152	#
692	562252	0	1	2	4	5	6	7	8	9	10	11	12	13	14	15	17	152	#
693	534083	0	1	2	3	4	5	6	7	8	9	10	11	12	13	15	16	152	#
694	502978	0	1	2	3	4	5	6	7	8	9	10	11	13	14	15	17	152	#
695	495747	0	1	2	3	4	5	6	7	8	9	10	12	13	14	15	19	152	#
696	170773	7	11	153	#
697	183014	6	7	153	#
698	545051	0	1	2	4	5	6	8	9	10	11	12	13	17	154	#
699	612701	0	2	3	4	5	6	7	8	9	11	12	13	17	154	#
700	579833	0	1	2	3	4	5	6	7	8	9	11	12	13	154	#
701	575104	0	1	2	3	4	5	6	7	8	9	10	13	14	154	#
702	567663	0	1	2	3	4	5	6	8	9	10	12	13	14	154	#
703	567077	0	1	2	4	5	6	7	8	9	10	11	12	13	154	#
704	27933	3	#
705	453358	2	3	4	5	6	7	8	10	11	15	155	#
706	584854	0	1	2	4	5	8	9	10	12	13	155	#
707	579396	1	2	3	6	7	9	10	11	12	13	155	#
708	576885	0	1	2	4	5	6	7	8	9	10	155	#
709	575853	4	5	6	7	8	9	10	11	12	13	155	#
710	563758	0	1	2	4	5	6	8	9	10	17	155	#
711	844375	0	1	2	4	5	6	8	9	10	11	12	13	156	#
712	924390	1	4	5	6	7	8	9	10	11	13	14	15	156	#
713	917752	0	1	4	5	6	8	9	10	11	12	13	14	156	#
714	894715	0	1	2	4	5	6	7	9	10	13	14	18	156	#
715	860255	0	1	2	4	5	6	8	9	10	11	13	15	156	#
716	850373	1	2	3	4	5	6	8	9	10	11	13	15	156	#
717	897527	0	1	2	3	4	5	6	7	8	9	10	11	12	13	14	15	157	#
718	967048	0	1	2	3	4	5	6	7	8	9	10	11	12	13	14	19	157	#
719	321445	2	3	4	5	6	9	13	158	#
720	451126	0	1	2	3	5	7	16	158	#
721	443807	0	1	4	5	6	7	9	158	#
722	425547	3	4	5	6	7	8	9	158	#
723	408861	5	6	8	9	13	14	15	158	#
724	402824	3	5	6	7	8	10	11	158	#
725	391566	0	4	6	8	9	12	159	#
726	504124	8	9	10	12	13	14	159	#
727	451744	4	6	8	9	10	12	159	#
728	448709	0	4	8	10	12	13	159	#
729	405789	0	1	4	5	6	18	159	#
730	377585	1	2	5	6	9	10	159	#
731	254805	2	4	6	9	13	14	160	#
732	277614	8	9	10	13	14	15	160	#
733	271543	2	5	6	9	10	13	160	#
734	212264	9	11	12	13	14	15	160	#
735	182730	0	1	4	5	6	9	160	#
736	181536	1	2	3	6	7	9	160	#
737	450494	6	7	9	10	12	13	161	#
738	410999	6	8	9	10	12	13	161	#
739	390882	4	8	9	10	12	13	161	#
740	377936	3	6	7	10	11	13	161	#
741	350221	9	10	12	13	14	15	161	#
742	340822	0	4	5	6	9	10	161	#
743	4180	2	#
744	187496	1	2	3	162	#
745	187816	0	1	4	162	#
746	183302	2	3	14	162	#
747	154051	2	3	6	162	#
748	768164	0	1	2	3	4	5	6	7	8	9	10	11	12	13	14	15	16	18	163	#
749	771160	0	1	2	3	4	5	6	7	8	9	10	11	12	13	14	15	16	17	163	#
750	728526	0	1	2	3	4	5	6	7	8	9	10	11	12	13	14	15	16	19	163	#
751	716673	0	1	2	3	4	5	6	7	8	9	10	11	12	13	14	15	17	18	163	#
752	677035	0	1	2	3	4	5	6	7	8	9	10	11	12	13	14	15	17	19	163	#
753	674039	0	1	2	3	4	5	6	7	8	9	10	11	12	13	14	15	18	19	163	#
754	169204	3	7	164	#
755	154448	7	11	164	#
756	698514	0	1	2	3	4	5	6	8	9	10	11	12	13	14	16	165	#
757	763261	2	3	4	5	6	7	8	9	10	11	12	13	14	15	16	165	#
758	718646	1	2	3	4	5	6	7	8	9	10	11	12	13	14	15	165	#
759	716980	0	1	2	3	4	5	6	7	8	9	10	11	12	13	14	165	#
760	713468	1	2	3	4	5	6	7	8	9	10	11	12	13	15	16	165	#
761	704290	0	1	3	4	5	6	7	8	9	10	11	12	13	14	15	165	#
762	216468	2	3	7	10	11	166	#
763	223555	2	3	6	7	9	166	#
764	167642	2	3	6	7	11	166	#
765	165136	1	2	3	6	10	166	#
766	322302	8	9	10	12	13	167	#
767	344854	4	8	9	12	13	167	#
768	286160	6	10	12	13	18	167	#
769	276285	2	5	6	8	9	167	#
770	259193	5	6	9	10	13	167	#
771	234778	5	6	7	9	11	167	#
772	168709	13	14	168	#
773	85775	14	15	168	#
774	47746	11	13	168	#
775	261033	4	8	12	169	#
776	257339	8	9	12	169	#
777	39541	15	#
778	420394	5	6	8	9	10	12	13	170	#
779	489178	1	2	3	5	6	7	9	170	#
780	466754	5	6	8	9	12	13	14	170	#
781	426845	1	2	3	4	5	6	9	170	#
782	402022	5	6	9	10	11	12	13	170	#
783	382823	0	4	8	9	12	13	19	170	#
784	198812	9	10	11	171	#
785	272289	7	10	11	171	#
786	216193	6	10	11	171	#
787	118162	5	8	9	171	#
788	187835	2	3	6	7	10	11	13	15	172	#
789	279314	3	5	6	7	10	11	14	15	172	#
790	276529	2	3	6	7	10	11	14	15	172	#
791	470957	0	1	2	5	6	7	9	13	17	19	173	#
792	668976	1	3	4	5	6	8	9	10	12	13	173	#
793	662359	5	6	7	9	10	11	12	13	14	15	173	#
794	655509	4	5	6	7	8	10	11	12	13	15	173	#
795	633958	1	4	5	6	7	8	9	10	11	19	173	#
796	632394	0	1	2	4	5	6	7	8	9	12	173	#
797	378440	0	1	2	4	5	9	10	16	174	#
798	376514	5	9	10	11	13	14	15	16	174	#
799	351984	0	1	2	3	4	5	6	7	174	#
800	324038	0	4	5	6	7	8	9	10	174	#
801	319479	0	1	4	5	8	9	10	12	174	#
802	308297	2	3	5	6	7	8	9	11	174	#
