%% File generated by CATS v.2.1Mon Aug 19 20:29:27 2019

%% The CATS webpage is http://robotics.stanford.edu/CATS

%% PARAMETER SETTINGS:
% Goods: 35; Bids: 700; Distribution: regions; Runs: 10; Seed: 1566264390
% Regions Distribution Parameters:
% Max Substitutable Bids = 5
% Removing HV Neighbor   = 0.1
% Adding DIAG Neighbor   = 0.2
% Additional Location    = 0.9
% Jump Probability       = 0.05
% Additivity             = 0.2
% Budget Factor          = 1.5
% Resale Factor          = 0.5
% Uniform Private Value:
%   Deviation            = 0.5
%   Max Good Value       = 100



goods 35
bids 700
dummy 132

0	1838831	0	1	2	3	4	5	6	7	8	9	10	11	12	13	14	15	16	17	18	19	20	21	22	23	24	26	28	30	35	#
1	1979984	0	1	2	3	4	5	6	7	8	9	10	11	12	13	14	15	16	17	18	19	20	21	22	23	24	27	29	32	35	#
2	1976528	0	1	2	3	4	5	6	7	8	9	10	11	12	13	14	15	16	17	18	19	20	21	22	23	24	25	32	33	35	#
3	1970684	0	1	2	3	4	5	6	7	8	9	10	11	12	13	14	15	16	17	18	19	20	21	22	23	24	25	32	34	35	#
4	1938645	0	1	2	3	4	5	6	7	8	9	10	11	12	13	14	15	16	17	18	19	20	21	22	23	24	25	28	32	35	#
5	1938469	0	1	2	3	4	5	6	7	8	9	10	11	12	13	14	15	16	17	18	19	20	21	22	23	24	25	30	32	35	#
6	1126134	4	6	7	8	9	11	12	13	14	16	17	18	19	20	21	22	23	24	29	36	#
7	1227253	1	2	4	6	7	8	9	10	11	12	13	14	16	18	19	22	23	24	29	36	#
8	1207406	2	4	6	7	8	9	10	12	13	14	16	17	18	19	20	21	22	23	24	36	#
9	1200974	1	2	4	6	7	8	9	10	11	12	13	14	15	16	18	19	20	22	24	36	#
10	1190042	7	8	9	10	13	14	15	16	17	18	19	20	21	22	23	24	26	29	32	36	#
11	1171566	4	6	7	8	9	10	11	12	13	14	15	16	17	18	19	20	22	23	24	36	#
12	104767	27	#
13	603945	0	1	2	3	4	5	6	7	8	9	12	37	#
14	809312	0	1	2	3	6	7	10	15	16	20	22	37	#
15	719492	0	1	2	3	5	6	7	8	10	13	29	37	#
16	705262	2	3	5	6	7	8	12	13	15	16	20	37	#
17	700799	0	1	2	3	5	6	8	10	15	16	20	37	#
18	682233	0	2	5	6	7	8	10	11	15	16	20	37	#
19	1031867	0	1	2	5	6	7	8	10	11	12	15	16	17	18	22	23	38	#
20	1121239	1	2	7	8	9	10	11	12	13	14	15	16	17	18	22	23	38	#
21	1098358	0	1	5	8	9	10	11	13	14	15	16	17	18	20	22	23	38	#
22	1091875	1	2	3	7	8	9	10	11	12	13	14	17	18	22	23	34	38	#
23	1089074	0	1	5	6	7	8	9	10	11	13	14	17	18	22	23	24	38	#
24	1083911	0	1	2	4	5	7	8	9	10	11	13	14	15	16	17	20	38	#
25	111775	32	#
26	78253	31	#
27	348218	4	7	8	9	13	39	#
28	379614	4	9	13	14	19	39	#
29	375487	7	8	13	14	18	39	#
30	358476	8	9	13	14	19	39	#
31	354910	7	12	15	16	17	39	#
32	318832	3	6	7	8	11	39	#
33	921558	6	7	10	11	15	16	17	18	19	20	21	22	23	24	40	#
34	1092456	0	1	5	6	7	10	11	12	16	17	18	22	23	31	40	#
35	1020078	1	6	7	10	11	12	13	14	16	17	18	22	23	24	40	#
36	1008270	0	1	3	5	6	7	8	10	11	12	13	17	18	22	40	#
37	958496	0	5	6	10	11	12	15	16	17	18	20	21	22	23	40	#
38	951422	0	1	3	5	6	7	8	9	10	11	12	17	18	20	40	#
39	421421	4	9	14	18	19	23	41	#
40	389514	3	4	8	9	14	19	41	#
41	384074	3	4	8	9	14	33	41	#
42	352145	4	8	9	13	14	29	41	#
43	288619	14	16	17	18	19	24	41	#
44	265097	11	16	17	18	19	23	41	#
45	1388469	0	1	2	3	4	5	6	7	9	10	12	13	14	16	17	18	19	21	22	23	28	42	#
46	1473066	0	1	2	3	4	6	7	9	11	12	13	14	16	17	18	19	20	21	22	24	26	42	#
47	1432701	2	4	5	6	7	9	10	11	12	13	14	15	16	17	18	19	20	21	22	26	28	42	#
48	1427571	0	1	2	3	4	6	7	9	11	12	13	14	15	16	17	18	19	20	21	22	24	42	#
49	1401404	0	1	2	4	5	6	7	9	10	11	12	13	14	15	16	17	18	19	20	21	24	42	#
50	1400178	0	1	2	3	4	5	6	7	9	10	11	12	13	14	15	16	17	18	19	20	21	42	#
51	214370	11	15	16	43	#
52	231243	15	16	21	43	#
53	228783	16	17	21	43	#
54	94791	28	#
55	129321	33	#
56	368445	0	5	10	15	20	21	44	#
57	471976	0	5	6	11	12	13	44	#
58	456428	0	1	2	5	6	11	44	#
59	334202	13	15	17	20	21	22	44	#
60	325275	5	10	11	12	15	16	44	#
61	293375	2	7	12	15	16	17	44	#
62	1246093	0	1	2	3	4	5	6	7	8	9	10	11	12	13	14	15	16	17	18	19	20	21	22	23	24	34	45	#
63	1342849	0	1	2	3	4	5	6	7	8	9	10	11	12	13	14	15	16	17	18	19	20	22	23	24	26	34	45	#
64	1327491	0	1	2	3	4	5	8	9	10	11	12	13	14	15	16	17	18	19	20	21	22	23	24	26	31	34	45	#
65	1309489	0	1	2	3	4	5	6	8	9	10	11	12	13	14	15	16	17	18	19	20	21	22	23	24	26	34	45	#
66	1306957	0	1	2	3	4	5	6	7	8	9	10	11	12	13	14	15	16	17	18	19	20	21	22	23	24	26	45	#
67	1305927	0	1	2	3	4	5	6	7	8	9	10	11	12	13	14	15	16	17	18	19	20	22	23	24	25	30	45	#
68	444349	8	9	13	14	16	17	18	19	22	24	46	#
69	662627	6	7	8	11	12	13	14	17	18	22	46	#
70	618831	10	11	12	13	14	15	16	17	18	22	46	#
71	594538	6	7	8	12	13	14	17	18	20	22	46	#
72	575282	7	8	13	14	17	18	19	22	23	24	46	#
73	545885	3	4	7	8	9	12	13	14	17	22	46	#
74	333721	6	11	15	16	47	#
75	339928	6	10	11	15	47	#
76	318738	15	16	21	22	47	#
77	278201	1	2	6	7	47	#
78	104902	29	#
79	187202	0	8	12	13	48	#
80	212095	7	10	11	12	48	#
81	1152836	0	1	5	6	7	9	10	11	12	13	14	15	16	17	18	21	34	49	#
82	1247454	0	4	5	6	7	8	9	10	11	12	13	14	17	18	19	24	34	49	#
83	1242376	0	3	5	6	7	8	9	10	11	12	13	14	15	16	19	20	34	49	#
84	1235584	0	1	5	6	7	8	9	10	11	12	13	14	15	16	18	22	23	49	#
85	1222672	0	5	6	7	8	9	10	11	12	13	15	16	17	18	19	23	24	49	#
86	1215407	3	4	6	7	8	9	10	11	12	13	14	17	18	19	22	23	24	49	#
87	1334221	0	1	3	5	8	10	11	12	13	14	15	16	17	18	19	20	21	22	23	24	50	#
88	1422420	0	1	5	6	9	10	11	12	13	14	15	16	17	18	20	21	22	23	32	33	50	#
89	1400610	0	1	3	5	6	8	9	10	11	12	13	14	16	17	18	19	22	23	26	27	50	#
90	1347907	0	1	3	4	5	8	9	10	11	12	13	14	15	16	17	18	19	20	22	23	50	#
91	1341283	0	1	3	5	8	9	10	11	12	13	14	15	16	17	18	19	20	21	22	23	50	#
92	1330507	0	1	3	5	8	9	10	11	12	13	14	15	16	17	18	19	20	22	23	24	50	#
93	344694	0	3	5	6	7	8	13	51	#
94	505953	2	6	7	8	13	16	21	51	#
95	437602	0	5	6	10	11	14	16	51	#
96	432065	0	1	2	3	6	7	8	51	#
97	402395	0	5	10	15	16	20	21	51	#
98	395466	5	6	10	11	15	16	17	51	#
99	431611	3	5	10	15	16	20	21	52	#
100	604672	0	5	6	10	15	20	21	52	#
101	543116	0	5	6	7	10	15	20	52	#
102	530248	0	1	2	5	6	10	15	52	#
103	505373	0	5	10	11	15	20	21	52	#
104	441960	7	10	12	15	18	20	22	52	#
105	1329776	0	1	2	3	4	5	6	7	8	9	10	11	12	13	14	15	16	17	18	19	20	21	22	23	24	34	53	#
106	1574706	0	1	2	3	4	6	7	8	9	10	12	13	14	15	16	17	18	19	20	21	22	23	24	28	31	33	53	#
107	1542128	1	2	3	4	6	7	8	9	10	11	12	13	14	15	16	17	18	19	20	21	22	23	24	26	33	34	53	#
108	1490358	0	1	2	3	4	6	7	8	9	10	11	12	13	14	15	16	17	18	19	20	21	22	23	24	25	26	53	#
109	1461951	0	1	3	4	5	6	7	8	9	10	11	12	13	14	15	16	17	18	19	20	21	22	23	24	25	33	53	#
110	1415507	0	1	2	3	4	6	7	8	9	10	11	12	13	14	15	16	17	18	19	20	21	22	23	24	29	34	53	#
111	192078	10	11	54	#
112	234728	10	15	54	#
113	188800	6	11	54	#
114	256677	10	15	20	55	#
115	254890	5	6	10	55	#
116	179585	17	20	22	55	#
117	967917	0	1	2	3	5	6	7	8	10	11	12	15	16	17	34	56	#
118	1083942	0	1	2	5	6	7	8	10	11	12	13	15	16	22	23	56	#
119	994173	0	1	2	5	6	7	10	11	12	16	17	18	21	22	23	56	#
120	991226	0	1	2	3	4	6	7	8	9	10	11	12	14	15	16	56	#
121	984131	0	1	2	3	5	6	7	8	10	11	12	15	16	21	22	56	#
122	983307	0	5	7	8	9	10	12	15	16	17	18	20	21	22	23	56	#
123	270172	10	11	12	17	57	#
124	359295	2	7	11	12	57	#
125	288884	7	8	12	17	57	#
126	258296	12	17	18	33	57	#
127	255823	10	15	20	33	57	#
128	482122	0	5	6	10	11	12	16	17	58	#
129	564237	0	5	6	10	11	15	20	21	58	#
130	558488	7	10	11	12	15	16	17	21	58	#
131	515931	9	13	14	15	16	17	20	21	58	#
132	514033	0	5	6	10	11	12	15	16	58	#
133	512370	2	6	7	10	11	12	17	22	58	#
134	260967	8	9	14	59	#
135	267992	4	9	14	59	#
136	131635	2	3	8	59	#
137	1090376	0	1	2	5	6	7	10	11	12	15	16	17	18	19	20	21	22	23	30	60	#
138	1254458	0	1	2	3	5	6	7	8	10	11	12	13	14	15	16	17	18	20	27	60	#
139	1242562	0	1	2	3	5	6	7	8	10	11	12	13	14	15	16	17	19	20	21	60	#
140	1219669	0	1	2	3	5	6	7	8	10	11	12	13	14	15	16	17	18	19	20	60	#
141	1216446	0	1	5	6	8	10	11	12	13	14	16	17	18	19	20	21	23	24	28	60	#
142	1210020	0	1	2	3	5	6	7	8	10	11	12	15	16	17	18	20	21	26	28	60	#
143	514772	10	11	13	15	16	17	20	30	61	#
144	650237	10	11	12	13	14	15	16	19	61	#
145	627428	6	10	11	12	16	17	20	21	61	#
146	611997	6	10	11	15	16	17	20	21	61	#
147	576477	0	5	6	10	11	16	20	21	61	#
148	573389	10	11	15	16	21	25	30	34	61	#
149	59322	34	#
150	239379	7	8	12	62	#
151	245061	8	12	13	62	#
152	225776	4	8	13	62	#
153	218344	2	6	7	62	#
154	1162592	1	2	3	4	5	6	7	8	9	10	11	12	13	14	17	18	19	21	22	23	24	29	63	#
155	1241617	0	1	2	3	4	5	6	7	8	9	10	11	13	14	17	18	19	21	22	23	24	29	63	#
156	1224624	0	1	2	3	4	5	6	7	8	9	10	11	13	14	15	17	18	19	21	22	23	24	63	#
157	1216255	0	1	2	3	4	5	6	7	8	9	10	11	13	14	15	17	18	19	20	22	23	24	63	#
158	1207390	1	2	3	4	5	6	7	9	10	11	13	14	15	16	17	18	19	20	21	22	23	24	63	#
159	1201526	0	1	2	3	4	5	6	7	8	9	10	11	12	13	14	15	16	17	21	22	23	32	63	#
160	109101	4	#
161	117302	26	#
162	64113	30	#
163	89502	8	9	#
164	946000	1	2	3	4	6	7	8	9	11	12	13	14	16	17	18	19	21	22	23	66	#
165	1175134	0	1	2	3	5	6	7	8	9	10	12	13	17	18	19	22	23	25	28	66	#
166	1164936	0	1	2	3	5	6	7	10	11	12	14	15	16	17	18	19	20	22	23	66	#
167	1137990	0	1	2	3	5	6	7	10	11	12	15	16	17	18	19	20	21	22	23	66	#
168	1125144	0	1	2	3	5	6	7	10	12	15	17	18	19	20	21	22	23	24	34	66	#
169	1082296	0	1	2	3	4	5	6	7	8	10	11	12	15	16	17	20	21	22	28	66	#
170	513585	0	1	6	11	16	67	#
171	468161	6	7	11	15	16	67	#
172	466928	1	2	6	11	16	67	#
173	446419	0	1	2	3	6	67	#
174	362866	11	13	15	16	21	67	#
175	313834	0	1	2	3	5	67	#
176	474229	4	6	7	11	12	16	17	22	68	#
177	591520	1	2	3	4	6	7	8	9	68	#
178	569141	0	1	5	6	10	11	12	16	68	#
179	561066	6	7	11	15	16	20	21	27	68	#
180	521685	15	16	17	18	20	22	23	24	68	#
181	518321	2	7	10	11	12	16	17	18	68	#
182	373798	2	5	6	7	8	10	11	12	69	#
183	509191	6	7	8	9	10	11	15	20	69	#
184	463000	5	6	10	11	15	16	20	21	69	#
185	459196	2	3	4	8	9	13	14	19	69	#
186	447695	0	5	6	10	11	12	16	21	69	#
187	380927	5	10	11	12	15	16	17	20	69	#
188	1076748	0	1	2	3	5	6	7	8	9	11	12	13	14	16	17	18	19	21	22	26	70	#
189	1234561	0	1	2	4	5	6	7	8	9	11	12	13	14	15	16	17	19	21	22	23	70	#
190	1208258	0	1	2	5	6	7	8	9	11	12	13	14	16	17	19	21	22	23	25	26	70	#
191	1194443	0	1	2	4	5	6	7	8	9	11	12	13	14	17	18	19	21	22	23	34	70	#
192	1182358	0	1	2	3	6	7	8	9	11	12	13	14	16	17	18	19	21	23	26	32	70	#
193	1175248	0	1	2	5	6	7	8	9	10	11	12	13	14	15	16	17	19	20	21	33	70	#
194	284357	16	18	19	22	23	71	#
195	391074	6	7	17	22	26	71	#
196	331071	10	15	16	18	23	71	#
197	270895	16	17	18	22	23	71	#
198	257517	17	18	19	23	24	71	#
199	152354	11	12	13	17	18	71	#
200	137908	0	1	#
201	780607	0	1	2	3	5	6	7	10	12	16	17	18	22	23	72	#
202	859341	0	1	2	5	6	7	9	10	12	13	14	17	18	22	72	#
203	843091	0	1	2	5	6	7	9	10	12	13	17	18	22	23	72	#
204	825078	0	1	2	5	6	7	10	11	12	16	17	22	23	28	72	#
205	815460	1	6	8	9	10	11	12	13	14	18	22	23	24	33	72	#
206	798850	1	2	6	7	9	12	13	14	17	18	19	22	23	24	72	#
207	210924	15	20	#
208	426988	2	3	7	12	13	17	29	73	#
209	552585	13	14	16	17	18	22	23	73	#
210	516205	2	3	7	8	13	14	31	73	#
211	507534	0	1	2	3	8	13	14	73	#
212	487416	2	3	5	6	7	8	13	73	#
213	400587	11	12	13	14	17	18	22	73	#
214	707777	0	4	5	10	11	15	16	17	20	21	74	#
215	737010	0	1	5	6	10	11	12	13	15	17	74	#
216	697559	0	1	5	6	7	10	11	16	17	21	74	#
217	691362	5	6	10	11	12	15	16	17	18	21	74	#
218	682028	0	1	5	6	10	11	12	15	20	25	74	#
219	681747	12	13	14	15	16	17	18	21	22	23	74	#
220	128217	4	9	75	#
221	154604	9	13	75	#
222	92356	19	#
223	241741	7	8	13	76	#
224	279163	7	8	12	76	#
225	214164	2	7	8	76	#
226	189350	8	12	13	76	#
227	1453571	0	1	2	3	4	6	7	8	9	10	11	12	13	14	15	16	17	18	19	20	21	22	23	24	29	33	77	#
228	1480691	1	2	3	4	6	7	8	9	10	11	12	13	14	15	16	17	18	19	20	21	22	23	24	26	33	34	77	#
229	1469128	1	2	3	4	6	7	8	9	10	11	12	13	14	15	16	17	18	19	20	21	22	23	24	25	33	34	77	#
230	1419996	0	1	2	3	4	6	7	8	9	10	11	12	13	14	15	16	17	18	19	20	21	22	23	24	26	29	77	#
231	1387363	0	1	2	3	4	5	6	7	8	9	10	11	12	13	14	15	16	17	18	19	20	21	22	23	24	33	77	#
232	1382333	0	1	2	3	4	6	7	8	9	10	11	12	13	14	15	16	17	18	19	20	21	22	23	24	27	34	77	#
233	136386	7	#
234	722160	2	3	4	7	8	9	12	13	16	17	18	19	22	24	29	78	#
235	865691	2	5	6	7	8	10	11	12	13	15	16	18	20	22	23	78	#
236	835463	2	4	5	7	8	9	10	12	13	15	16	17	18	20	22	78	#
237	802290	2	4	7	8	9	12	13	15	16	17	18	19	22	23	24	78	#
238	770636	2	3	4	7	8	9	12	13	14	16	17	18	22	23	24	78	#
239	767921	2	6	7	8	9	12	13	14	16	17	18	19	22	23	24	78	#
240	710690	8	12	13	15	16	17	18	20	21	22	23	32	79	#
241	844723	4	9	10	11	16	17	18	19	21	22	23	24	79	#
242	829616	10	11	15	16	17	18	19	20	21	22	23	24	79	#
243	818803	10	11	13	16	17	18	19	20	21	22	23	24	79	#
244	781752	4	7	8	9	13	14	17	18	22	23	24	32	79	#
245	779723	8	9	10	11	13	16	17	18	19	21	22	24	79	#
246	331184	4	9	13	14	19	80	#
247	347306	11	12	14	19	24	80	#
248	311173	13	14	19	23	24	80	#
249	250228	4	8	9	13	14	80	#
250	241572	12	13	14	16	17	80	#
251	138032	2	3	4	8	9	80	#
252	719598	12	13	16	17	18	19	20	21	22	23	81	#
253	729244	7	12	13	14	17	18	19	21	22	23	81	#
254	694455	9	12	14	17	18	19	20	21	22	23	81	#
255	689547	9	12	13	14	17	18	19	22	23	26	81	#
256	671040	7	12	16	17	18	19	21	22	23	34	81	#
257	641131	4	8	9	12	13	14	17	18	19	23	81	#
258	954030	0	1	2	3	5	6	7	8	10	12	13	18	19	21	22	23	24	82	#
259	1037103	0	1	2	3	5	6	7	8	12	13	14	16	17	18	19	21	23	82	#
260	1023297	0	1	2	3	5	6	7	8	11	13	14	16	17	18	19	21	23	82	#
261	997615	0	1	2	3	5	6	7	8	11	12	13	14	16	17	18	23	25	82	#
262	975029	0	1	2	3	5	6	7	8	12	13	14	18	19	21	22	23	24	82	#
263	973518	0	1	2	3	5	6	7	8	10	12	13	16	17	18	20	21	23	82	#
264	488955	10	12	15	16	17	18	22	83	#
265	527016	4	9	10	15	16	17	21	83	#
266	444187	7	8	9	13	17	18	22	83	#
267	439010	5	6	7	10	12	15	16	83	#
268	419773	9	13	16	17	18	19	22	83	#
269	415452	12	16	17	18	21	22	26	83	#
270	1587702	1	2	3	4	5	6	7	8	9	10	12	13	14	15	16	17	18	19	20	21	22	23	24	84	#
271	1723039	0	1	2	4	5	7	8	9	10	12	13	14	15	16	17	18	19	20	21	22	23	24	26	84	#
272	1681809	0	1	2	4	5	6	7	8	9	10	12	13	14	15	16	17	18	19	20	21	22	23	24	84	#
273	1655405	1	2	3	4	7	8	9	10	12	13	14	15	16	17	18	19	20	21	22	23	24	28	29	84	#
274	1649403	0	1	2	5	6	7	8	9	10	12	13	14	15	16	17	18	19	20	21	22	23	24	26	84	#
275	1634289	0	1	2	4	6	7	8	9	10	11	12	13	14	15	16	17	18	19	20	21	22	23	24	84	#
276	144849	2	3	8	19	29	101	#
277	152587	26	27	85	#
278	133373	25	27	85	#
279	289062	11	15	16	20	86	#
280	336341	10	11	15	20	86	#
281	312407	6	11	16	17	86	#
282	284803	10	15	16	20	86	#
283	1507871	0	1	2	3	4	5	6	7	8	9	10	11	12	13	14	15	16	17	18	19	20	21	22	87	#
284	1578994	0	1	2	3	4	5	6	7	8	9	10	11	13	14	15	16	17	18	20	21	22	31	33	87	#
285	1517444	0	1	2	4	5	6	7	8	9	10	11	12	13	14	15	16	17	18	19	20	21	24	30	87	#
286	1506788	1	2	4	5	6	7	8	9	11	12	13	14	16	17	18	19	21	22	26	27	31	32	34	87	#
287	1499542	0	1	2	3	5	6	7	8	9	10	11	12	13	14	15	16	17	18	19	21	22	24	31	87	#
288	1484198	0	1	2	3	4	5	6	7	8	9	10	11	12	13	14	15	16	17	18	19	21	22	24	87	#
289	84016	25	#
290	213696	20	21	22	88	#
291	189433	17	21	22	88	#
292	186081	15	20	21	88	#
293	128120	2	3	8	89	#
294	85583	3	8	13	89	#
295	1038128	0	1	2	3	5	6	7	8	9	12	13	14	17	18	19	22	23	90	#
296	1169981	0	1	2	3	5	6	7	8	9	10	12	13	14	17	18	21	22	90	#
297	1134482	0	1	2	5	6	10	11	12	13	14	15	17	18	19	20	21	22	90	#
298	1133890	0	1	2	3	5	6	7	8	9	12	13	14	16	17	18	21	22	90	#
299	1131749	0	1	2	3	4	5	6	7	8	9	10	12	13	14	15	18	23	90	#
300	1118084	1	2	3	5	6	7	11	12	13	15	16	17	18	21	22	23	33	90	#
301	230405	6	7	91	#
302	155536	5	6	91	#
303	142291	7	12	91	#
304	969400	2	3	4	7	8	9	12	13	16	17	21	22	23	26	33	92	#
305	1090110	2	4	6	7	8	9	12	13	14	16	17	19	21	26	33	92	#
306	1034642	2	4	6	7	8	9	11	12	14	16	17	19	21	22	27	92	#
307	1016508	4	7	8	9	13	14	16	17	19	20	21	22	23	24	26	92	#
308	1005810	2	4	5	6	7	8	9	10	12	14	16	17	19	22	33	92	#
309	996465	2	4	7	8	9	12	13	14	16	17	18	20	21	22	23	92	#
310	271172	22	23	24	93	#
311	234481	19	23	24	93	#
312	167523	18	19	22	93	#
313	246499	4	8	9	94	#
314	266410	8	13	14	94	#
315	235115	4	9	13	94	#
316	149971	3	8	9	94	#
317	796270	0	8	9	11	12	13	15	16	17	18	19	22	23	24	95	#
318	981240	2	3	4	7	8	9	13	14	15	16	17	18	19	23	95	#
319	969205	4	7	8	9	11	12	13	14	15	16	17	19	20	21	95	#
320	964647	4	8	9	11	13	14	15	16	17	18	19	20	23	24	95	#
321	939505	5	6	10	11	14	15	16	17	18	19	21	22	23	24	95	#
322	919317	9	13	14	15	16	17	18	19	20	21	22	23	24	32	95	#
323	391051	13	18	19	22	23	24	96	#
324	442905	9	13	16	18	21	22	96	#
325	405205	18	19	21	22	23	24	96	#
326	345249	17	18	21	22	23	24	96	#
327	331928	3	4	7	8	9	13	96	#
328	320576	17	18	19	22	23	24	96	#
329	1126436	0	1	2	3	6	7	8	9	11	12	13	14	16	17	18	22	23	24	97	#
330	1303271	0	1	5	6	7	8	10	11	12	13	14	15	16	17	18	22	23	33	97	#
331	1285930	0	1	2	3	6	7	8	9	10	11	12	13	14	15	16	18	20	22	97	#
332	1250179	0	1	2	3	5	6	7	8	9	10	11	12	13	14	16	18	22	23	97	#
333	1238010	0	1	2	3	6	7	8	9	10	11	12	13	14	15	17	18	22	23	97	#
334	1237465	0	1	5	6	7	10	11	12	13	14	15	16	17	18	19	22	23	24	97	#
335	252394	10	15	16	17	26	98	#
336	264794	10	11	16	17	21	98	#
337	226164	11	15	16	20	21	98	#
338	195643	8	13	17	18	22	98	#
339	446454	2	3	7	8	13	15	17	20	21	99	#
340	633662	6	11	12	13	14	15	19	20	21	99	#
341	628350	1	2	6	7	10	11	12	15	25	99	#
342	578325	4	6	7	8	9	13	18	22	23	99	#
343	548625	1	5	6	10	15	18	20	21	22	99	#
344	506935	1	2	3	8	9	12	13	14	19	99	#
345	475000	1	2	3	5	6	7	8	10	12	28	31	100	#
346	655431	0	1	2	5	6	7	8	10	11	15	20	100	#
347	646880	0	1	2	3	5	6	7	8	10	15	20	100	#
348	643993	6	7	8	12	13	17	18	19	22	23	24	100	#
349	584973	0	1	2	3	6	7	8	9	13	14	18	100	#
350	580528	1	3	5	6	7	10	11	15	16	17	20	100	#
351	170166	9	13	14	21	29	101	#
352	227973	9	14	18	19	24	101	#
353	195550	4	8	9	14	19	101	#
354	490727	10	11	12	15	16	25	102	#
355	526236	10	11	12	13	14	15	102	#
356	501801	10	11	12	13	15	16	102	#
357	435848	10	11	15	16	20	21	102	#
358	404715	2	7	11	12	13	18	102	#
359	304422	15	16	17	20	21	22	102	#
360	492623	0	1	5	6	7	10	103	#
361	495313	0	1	2	5	6	10	103	#
362	473203	1	2	3	5	6	10	103	#
363	448046	2	6	7	8	13	17	103	#
364	433491	2	3	5	6	7	10	103	#
365	367858	0	1	2	3	5	9	103	#
366	972965	1	2	3	4	6	8	9	12	13	17	18	19	20	21	22	23	24	25	104	#
367	1152595	5	6	7	8	10	12	13	14	15	17	18	19	20	21	22	23	30	34	104	#
368	1143131	5	6	7	8	9	10	11	12	13	15	16	17	18	20	21	22	23	33	104	#
369	1114485	2	5	6	7	8	9	12	13	16	17	18	19	20	21	22	23	25	27	104	#
370	1105843	1	2	5	6	7	8	9	10	12	13	15	16	17	18	20	21	22	23	104	#
371	1095863	4	5	6	9	10	12	13	15	16	17	18	19	20	21	22	23	24	32	104	#
372	364254	0	1	2	3	6	105	#
373	500160	0	1	21	22	23	105	#
374	439029	0	1	6	7	12	105	#
375	416685	0	1	2	3	7	105	#
376	352215	1	2	6	7	11	105	#
377	279977	1	2	6	11	12	105	#
378	404638	1	5	6	15	20	106	#
379	441324	5	6	10	15	20	106	#
380	410124	0	5	6	10	11	106	#
381	373438	0	1	5	6	11	106	#
382	355609	7	8	9	15	20	106	#
383	260279	1	2	5	6	7	106	#
384	486353	9	12	13	17	18	19	22	23	24	107	#
385	559146	8	13	14	16	17	18	19	23	24	107	#
386	538992	3	8	12	13	17	18	19	23	24	107	#
387	530185	8	9	13	14	17	18	19	23	24	107	#
388	521275	9	12	13	16	17	18	19	22	23	107	#
389	479556	3	8	9	12	13	16	17	18	22	107	#
390	308348	8	13	17	20	29	33	108	#
391	459871	1	2	3	8	25	33	108	#
392	440273	10	15	16	20	21	22	108	#
393	377674	3	8	9	12	13	14	108	#
394	334684	0	5	17	21	22	29	108	#
395	329233	12	16	17	21	22	23	108	#
396	465358	0	5	6	10	11	15	109	#
397	487285	6	10	11	15	16	20	109	#
398	458838	5	6	7	10	11	15	109	#
399	431907	5	6	10	11	15	20	109	#
400	422827	6	10	11	12	15	17	109	#
401	399938	10	11	15	16	23	24	109	#
402	299006	0	5	10	28	110	#
403	430081	0	1	2	7	110	#
404	294126	25	28	32	34	110	#
405	231269	5	10	15	20	110	#
406	228105	0	5	6	11	110	#
407	519712	2	3	7	8	9	12	17	18	19	22	111	#
408	595605	2	7	12	16	17	18	19	22	23	24	111	#
409	576078	8	9	12	13	17	18	19	22	23	24	111	#
410	568807	0	1	2	5	7	8	10	12	13	17	111	#
411	541464	4	7	8	9	12	13	17	18	21	22	111	#
412	540714	14	16	17	18	19	20	21	22	23	24	111	#
413	126369	18	23	112	#
414	171272	22	23	112	#
415	63164	17	18	112	#
416	68396	8	#
417	844694	3	6	7	8	9	10	11	12	13	14	15	16	19	113	#
418	904885	0	1	6	9	10	11	12	13	14	16	17	21	22	113	#
419	893298	1	6	7	8	9	10	11	12	13	14	15	18	23	113	#
420	885380	0	1	5	6	10	11	12	15	16	20	21	22	23	113	#
421	882126	7	8	9	10	12	13	14	15	18	19	20	22	23	113	#
422	860088	0	1	6	8	9	11	12	13	15	16	20	21	22	113	#
423	658267	1	6	8	9	13	14	18	19	23	24	114	#
424	762692	0	1	2	3	5	7	8	10	15	20	114	#
425	742151	7	8	9	13	14	15	16	17	18	19	114	#
426	666634	7	12	13	14	16	17	18	19	23	24	114	#
427	661584	3	7	8	9	12	13	14	17	18	19	114	#
428	632703	3	8	9	13	14	17	18	19	23	24	114	#
429	135757	26	32	115	#
430	192010	0	26	115	#
431	95522	19	32	115	#
432	1340119	2	3	6	7	9	10	11	12	13	14	15	16	17	18	19	20	21	22	23	24	116	#
433	1418432	2	3	4	5	6	7	9	10	11	12	13	14	15	16	17	18	19	22	23	29	116	#
434	1391350	2	3	4	6	7	9	11	12	13	14	15	16	17	18	19	20	21	22	23	24	116	#
435	1388810	2	4	6	7	9	10	11	12	13	14	15	16	17	18	19	20	21	22	23	24	116	#
436	1359975	2	4	5	6	7	9	11	12	13	14	16	17	18	19	20	21	22	23	24	25	116	#
437	1354459	2	3	4	6	7	8	9	11	12	13	14	15	16	17	18	19	20	22	23	24	116	#
438	75624	2	#
439	606251	0	1	2	5	6	10	15	30	117	#
440	550935	0	1	2	3	5	6	8	13	117	#
441	548368	0	1	2	5	7	8	12	13	117	#
442	524859	9	12	13	17	18	22	28	30	117	#
443	519418	5	10	15	16	17	20	21	22	117	#
444	518321	12	13	15	16	17	18	19	21	117	#
445	192028	21	22	118	#
446	132065	22	23	118	#
447	336249	4	8	9	13	14	18	22	119	#
448	496902	11	12	13	15	16	17	18	119	#
449	440629	4	9	12	13	14	16	17	119	#
450	436353	4	9	13	14	17	18	32	119	#
451	427944	4	8	9	11	13	16	17	119	#
452	423265	7	8	9	12	13	17	18	119	#
453	220879	4	8	9	27	34	120	#
454	205442	14	18	19	24	34	120	#
455	194427	2	3	4	8	9	120	#
456	191427	27	28	31	33	34	120	#
457	183037	7	8	9	13	17	120	#
458	1549750	0	1	2	3	4	5	6	7	8	9	10	11	12	13	14	15	16	17	18	19	20	21	22	23	24	121	#
459	1664307	0	1	2	3	4	5	6	7	9	10	11	12	13	14	15	16	17	18	19	20	21	22	23	24	34	121	#
460	1633844	0	1	2	3	4	5	6	7	9	10	11	12	13	14	15	16	17	18	19	20	21	22	23	24	26	121	#
461	1627772	0	1	2	3	4	5	6	7	9	10	11	12	13	14	15	16	17	18	19	20	21	22	23	24	32	121	#
462	1618838	0	1	2	3	4	5	6	7	9	10	11	12	13	14	15	16	17	18	19	20	21	22	23	24	28	121	#
463	1587679	0	2	3	4	5	6	7	8	9	10	11	12	13	14	15	16	17	18	19	20	21	22	23	24	29	121	#
464	502522	15	16	17	18	20	21	22	23	122	#
465	584440	14	17	19	20	21	22	23	24	122	#
466	583027	5	10	13	15	17	20	21	22	122	#
467	563575	5	10	15	17	18	20	21	22	122	#
468	555792	10	11	13	15	16	17	20	21	122	#
469	536339	10	11	15	16	17	18	20	21	122	#
470	580427	1	6	11	15	16	17	20	21	123	#
471	622496	1	2	6	9	11	13	16	17	123	#
472	548318	8	13	14	15	16	17	20	32	123	#
473	548310	1	2	3	6	7	8	11	16	123	#
474	526874	5	9	10	11	13	15	16	17	123	#
475	500523	5	6	10	11	16	20	21	27	123	#
476	66860	20	#
477	119252	22	#
478	1332790	0	1	2	3	4	5	6	7	8	9	11	12	13	14	16	17	18	19	22	23	24	32	124	#
479	1390276	0	1	2	3	5	6	7	8	10	11	12	13	14	15	16	17	18	19	20	22	23	34	124	#
480	1367648	0	1	2	3	5	6	7	8	9	10	11	12	13	14	16	17	18	19	22	23	33	34	124	#
481	1361844	0	1	2	3	4	5	6	7	8	9	11	12	13	14	16	17	18	19	22	23	24	27	124	#
482	1355627	0	1	2	3	5	6	7	8	9	10	11	12	13	14	15	16	17	18	19	20	22	23	124	#
483	1354520	0	1	2	3	5	6	7	8	9	10	11	12	13	14	16	17	18	19	22	23	24	32	124	#
484	1933812	0	1	2	3	4	5	6	7	8	9	10	11	12	13	14	15	16	17	18	19	20	21	22	23	24	25	31	32	125	#
485	2000458	0	1	2	3	4	5	6	7	8	9	10	11	12	13	14	15	16	17	18	19	20	21	22	23	24	25	28	33	125	#
486	1978948	0	1	2	3	4	5	6	7	8	9	10	11	12	13	14	15	16	17	18	19	20	21	22	23	24	25	29	33	125	#
487	1976201	0	1	2	3	4	5	6	7	8	9	10	11	12	13	14	15	16	17	18	19	20	21	22	23	24	27	32	33	125	#
488	1956247	0	1	2	3	4	5	6	7	8	9	10	11	12	13	14	15	16	17	18	19	20	21	22	23	24	27	29	33	125	#
489	1951636	0	1	2	3	4	5	6	7	8	9	10	11	12	13	14	15	16	17	18	19	20	21	22	23	24	31	33	34	125	#
490	272407	10	11	12	13	17	126	#
491	342589	10	11	12	15	16	126	#
492	338641	10	11	15	16	20	126	#
493	316870	8	13	14	16	17	126	#
494	302607	6	11	12	15	16	126	#
495	200912	12	13	17	18	19	126	#
496	210872	11	16	17	21	127	#
497	265826	15	16	17	21	127	#
498	249340	13	16	17	21	127	#
499	243681	16	17	21	22	127	#
500	245444	0	1	128	#
501	207616	1	2	128	#
502	116562	25	27	129	#
503	152042	25	32	129	#
504	630639	1	5	6	7	11	12	13	16	17	18	20	21	22	130	#
505	688726	0	1	5	6	7	9	10	11	12	13	17	18	33	130	#
506	667526	0	1	5	6	7	10	11	12	17	18	22	23	25	130	#
507	653358	5	6	7	8	10	11	12	13	14	17	18	22	23	130	#
508	644963	6	7	8	10	11	12	13	14	17	18	22	23	32	130	#
509	602591	4	7	9	11	12	14	16	17	18	20	21	22	23	130	#
510	74872	12	#
511	1544562	0	1	2	3	4	5	6	7	8	9	10	11	12	13	14	15	16	17	18	19	20	21	22	23	24	131	#
512	1678172	0	1	2	4	5	6	9	10	11	12	13	14	15	16	17	18	19	20	21	22	23	24	25	26	33	131	#
513	1646294	0	1	2	4	5	6	7	8	9	10	11	12	13	14	15	16	17	18	19	20	21	22	23	24	32	131	#
514	1613766	0	1	2	3	4	5	6	7	8	9	10	11	12	13	14	15	17	18	19	20	21	22	23	24	29	131	#
515	1591308	0	1	2	3	4	5	6	7	8	9	10	11	12	13	14	16	17	18	19	21	22	23	24	28	33	131	#
516	1582558	0	1	2	4	5	6	7	8	9	10	11	12	13	14	15	16	17	18	19	20	21	22	23	24	25	131	#
517	1249648	0	1	4	5	6	7	8	9	11	12	13	14	15	16	18	19	20	21	22	23	24	132	#
518	1341734	0	1	2	5	6	7	8	9	10	11	12	13	14	15	16	18	19	21	22	23	33	132	#
519	1304178	0	1	2	4	5	6	8	9	11	12	13	14	15	16	18	19	20	21	22	23	29	132	#
520	1274083	0	1	2	5	6	7	8	10	11	12	13	14	15	16	17	18	20	21	22	23	29	132	#
521	1266305	0	2	3	5	6	7	8	10	11	12	13	14	15	16	18	19	21	22	23	24	25	132	#
522	1260868	0	1	2	5	6	7	8	10	11	12	13	14	15	16	18	19	20	21	22	23	24	132	#
523	1294071	0	1	2	3	4	5	6	7	8	9	10	11	12	13	14	15	16	17	18	19	21	22	24	32	133	#
524	1397200	0	1	2	3	5	6	7	8	10	11	12	14	15	16	17	18	19	20	21	22	23	24	26	28	133	#
525	1381233	0	1	2	3	5	6	7	8	10	11	12	14	15	16	17	18	19	20	21	22	23	24	25	29	133	#
526	1370637	0	1	2	3	5	6	7	8	9	10	11	12	14	15	16	17	18	19	20	21	22	23	24	34	133	#
527	1336197	0	1	2	3	4	5	6	7	8	9	10	11	12	13	14	15	16	17	18	19	21	22	23	24	133	#
528	1334215	0	1	2	4	5	6	7	8	9	10	11	12	13	14	15	16	17	18	19	20	21	22	23	24	133	#
529	664439	0	1	2	5	6	10	11	15	20	134	#
530	704150	1	5	6	7	8	10	11	12	25	134	#
531	701564	0	5	6	7	8	10	11	12	34	134	#
532	651898	12	16	17	18	20	21	22	23	27	134	#
533	651481	5	6	7	11	12	15	16	21	25	134	#
534	627090	0	5	6	8	9	10	11	15	16	134	#
535	1278554	2	3	4	5	6	7	8	9	10	11	12	13	14	16	17	18	19	20	21	22	23	24	135	#
536	1459832	0	2	3	5	6	7	8	10	11	12	13	14	15	16	17	18	20	21	22	23	24	33	135	#
537	1390801	0	2	3	5	6	7	8	10	11	12	13	14	15	16	17	18	19	20	21	22	23	24	135	#
538	1389363	0	2	4	5	6	7	8	9	11	12	13	14	15	16	17	18	19	20	21	22	23	24	135	#
539	1375397	0	2	3	4	5	6	7	8	9	11	12	13	14	15	16	17	18	19	20	21	22	23	135	#
540	1355499	0	3	5	6	7	8	9	10	11	12	13	14	15	16	17	18	19	20	21	22	23	24	135	#
541	996468	2	5	6	7	8	11	12	13	14	15	16	17	18	19	21	22	23	24	136	#
542	1191192	0	1	5	6	7	8	9	10	11	12	13	14	15	17	18	19	22	24	136	#
543	1189171	0	1	5	6	7	8	10	11	12	13	15	16	17	18	20	21	22	33	136	#
544	1181982	0	1	2	5	6	7	8	10	11	12	13	14	15	16	17	18	19	22	136	#
545	1172259	0	1	5	6	7	9	10	11	12	13	14	15	16	17	18	19	22	23	136	#
546	1170637	0	5	6	7	9	10	11	12	14	15	16	17	18	19	20	21	22	24	136	#
547	261796	14	19	24	137	#
548	266729	6	11	24	137	#
549	262609	9	14	19	137	#
550	220768	8	9	14	137	#
551	59783	13	17	138	#
552	88314	12	17	138	#
553	755703	1	2	4	7	8	9	13	14	16	17	18	19	22	24	139	#
554	868029	4	6	7	8	9	13	16	17	18	19	20	21	22	26	139	#
555	850924	4	6	9	10	11	13	14	16	17	18	19	20	21	22	139	#
556	832272	1	2	3	4	5	6	7	8	9	10	15	20	21	22	139	#
557	826604	1	2	4	5	6	7	8	9	10	13	14	18	19	22	139	#
558	794803	4	7	8	9	13	14	16	17	18	19	20	21	22	24	139	#
559	135420	16	17	140	#
560	165969	15	16	140	#
561	123463	12	17	141	#
562	120543	17	18	141	#
563	367952	8	13	18	23	142	#
564	348435	8	13	18	19	142	#
565	290712	9	13	14	17	142	#
566	256207	17	18	23	24	142	#
567	238793	3	7	8	13	142	#
568	305676	0	1	2	15	143	#
569	274726	1	2	7	8	143	#
570	272754	0	1	6	7	143	#
571	262209	0	9	14	19	143	#
572	222541	15	16	17	20	143	#
573	845415	2	3	4	7	8	9	12	13	14	17	18	19	22	23	24	144	#
574	1066161	0	1	2	4	6	7	8	9	10	11	12	13	14	17	18	144	#
575	1015218	2	4	6	7	9	10	11	12	13	14	16	17	18	19	22	144	#
576	961499	1	4	6	7	9	11	12	13	14	16	17	18	19	22	24	144	#
577	957820	0	1	2	3	4	5	7	8	9	10	12	13	14	17	18	144	#
578	949346	0	1	2	5	7	10	11	12	13	16	17	18	19	21	22	144	#
579	79276	11	12	145	#
580	88837	12	13	145	#
581	367516	11	12	16	17	18	21	146	#
582	441248	11	12	15	16	17	21	146	#
583	430837	12	13	16	17	21	22	146	#
584	429262	12	13	16	17	22	29	146	#
585	421110	5	10	11	12	16	21	146	#
586	386259	15	16	17	20	21	22	146	#
587	240785	10	15	25	147	#
588	237982	15	16	20	147	#
589	205164	5	10	15	147	#
590	204560	0	5	25	147	#
591	1065346	1	2	3	7	8	9	10	11	12	13	14	15	16	18	19	32	148	#
592	1148991	7	8	9	10	12	13	14	15	16	18	19	21	22	23	24	32	148	#
593	1147853	0	5	7	8	9	10	11	12	13	14	15	16	18	21	22	23	148	#
594	1099469	2	3	7	8	9	10	11	12	13	14	15	16	18	19	22	23	148	#
595	1053887	0	1	2	3	5	7	8	9	10	11	12	13	14	15	16	19	148	#
596	1032780	1	2	3	4	5	7	8	9	10	11	12	13	14	15	19	27	148	#
597	1341580	2	5	7	10	11	12	13	14	15	16	17	18	19	20	21	22	23	24	26	149	#
598	1388791	0	1	5	7	10	11	12	13	14	15	16	17	18	20	21	22	23	24	26	149	#
599	1365360	0	1	2	3	5	6	10	11	13	14	15	16	17	18	20	21	22	23	24	149	#
600	1357612	0	4	5	9	10	11	13	14	15	16	17	18	19	20	21	22	23	24	27	149	#
601	1349886	0	1	2	3	5	10	11	13	14	15	16	17	18	19	20	21	22	23	24	149	#
602	1347430	0	1	2	3	5	10	11	13	14	15	16	17	18	20	21	22	23	24	29	149	#
603	243050	9	11	12	13	18	150	#
604	360244	6	7	10	11	12	150	#
605	345461	7	9	12	13	14	150	#
606	235201	13	18	20	21	22	150	#
607	211419	9	12	13	17	18	150	#
608	499450	1	3	5	6	7	8	9	11	151	#
609	609285	1	5	6	7	10	11	15	16	151	#
610	550562	6	10	11	12	15	16	20	21	151	#
611	535924	0	1	6	7	8	12	14	19	151	#
612	491103	1	5	6	7	8	9	14	17	151	#
613	490360	6	7	8	9	11	12	13	14	151	#
614	766299	2	3	4	7	8	9	12	13	17	18	19	20	21	22	23	24	152	#
615	1105538	0	1	2	4	6	7	8	9	12	13	18	19	22	23	24	25	152	#
616	1004843	0	1	2	4	6	7	8	9	12	13	17	18	19	22	23	24	152	#
617	977197	1	6	8	9	10	11	12	13	17	18	19	21	22	23	24	25	152	#
618	973651	4	6	7	8	9	10	11	13	17	18	19	20	21	22	23	24	152	#
619	953982	1	2	4	6	7	8	9	11	12	13	17	18	19	22	23	24	152	#
620	80394	23	#
621	693094	1	2	3	6	7	11	15	16	26	153	#
622	760778	6	7	11	15	16	20	21	22	23	153	#
623	730138	10	11	15	16	20	21	22	23	33	153	#
624	711855	4	6	7	9	12	13	14	26	33	153	#
625	710965	6	7	10	11	15	16	20	21	27	153	#
626	619018	2	3	6	7	11	12	15	16	20	153	#
627	563612	1	4	8	9	12	13	14	18	23	154	#
628	644783	0	1	2	5	6	11	12	13	29	154	#
629	636475	4	6	7	8	9	11	13	14	18	154	#
630	636403	3	4	8	9	11	15	16	20	21	154	#
631	583220	4	9	12	13	15	18	19	20	23	154	#
632	576475	3	4	6	7	8	9	13	14	18	154	#
633	319210	1	2	3	7	12	155	#
634	367773	0	1	5	6	24	155	#
635	355180	3	8	13	14	19	155	#
636	303942	1	2	3	7	8	155	#
637	279291	3	6	7	8	12	155	#
638	630467	9	13	15	16	17	18	20	21	22	156	#
639	761976	0	1	4	5	6	7	9	13	14	156	#
640	704434	9	13	14	15	16	17	20	21	22	156	#
641	701429	4	9	13	14	15	16	17	20	21	156	#
642	688109	13	14	16	18	20	21	22	23	24	156	#
643	660425	10	11	14	18	19	20	21	22	23	156	#
644	174396	9	13	18	30	157	#
645	236542	16	17	18	22	157	#
646	199915	9	12	13	17	157	#
647	883329	0	1	2	3	5	6	9	10	13	14	15	16	17	18	19	20	158	#
648	958022	0	1	2	4	5	6	8	9	10	13	15	16	17	18	19	23	158	#
649	923773	0	1	2	3	4	5	6	8	9	10	13	14	17	18	19	34	158	#
650	894747	0	1	2	5	6	9	10	13	14	15	16	17	18	20	21	22	158	#
651	891516	1	2	3	4	6	8	9	13	14	16	17	18	19	22	23	24	158	#
652	889565	0	1	4	5	6	9	12	13	14	17	18	19	21	22	23	24	158	#
653	1456604	0	1	2	3	4	5	6	7	8	9	10	11	12	13	14	15	16	17	18	19	20	21	22	23	24	25	159	#
654	1472709	0	1	2	3	4	5	6	7	8	9	10	12	13	14	15	16	17	18	19	20	21	22	23	24	25	30	159	#
655	1466382	0	1	2	3	4	5	6	7	8	9	10	11	12	13	14	15	16	17	18	19	20	21	22	23	24	32	159	#
656	1447746	0	1	2	3	4	6	7	8	9	10	11	12	13	14	15	16	17	18	19	20	21	22	23	24	27	29	159	#
657	1421214	0	1	2	3	4	5	6	7	8	9	10	11	12	13	14	15	16	17	18	19	20	21	22	23	24	33	159	#
658	1407176	0	1	2	3	4	5	6	7	8	9	10	11	12	13	14	15	16	17	18	19	20	21	22	23	24	27	159	#
659	1074163	7	10	11	12	14	16	17	18	19	20	21	22	23	24	26	28	160	#
660	1064636	0	1	2	5	7	10	11	12	14	17	18	19	22	23	24	28	160	#
661	1059037	1	6	7	11	12	14	16	17	18	19	20	21	22	23	24	28	160	#
662	1034371	0	1	4	5	6	7	10	11	12	15	20	21	25	26	27	33	160	#
663	1026142	4	7	9	10	11	12	14	16	17	18	19	20	21	22	23	24	160	#
664	1022816	1	2	3	6	7	10	11	12	16	17	18	19	22	23	24	28	160	#
665	243980	8	9	13	14	18	161	#
666	364303	2	6	7	8	12	161	#
667	291166	13	14	18	19	22	161	#
668	289190	4	9	13	18	23	161	#
669	275499	9	13	14	18	21	161	#
670	184537	7	8	9	12	17	161	#
671	871628	0	1	2	3	5	6	7	8	10	11	12	13	15	16	18	162	#
672	1002942	0	1	2	3	5	6	7	10	11	12	13	14	15	17	20	162	#
673	983516	0	1	2	5	6	7	10	11	12	15	16	17	20	21	22	162	#
674	939422	0	1	2	3	5	6	10	11	12	13	15	16	17	21	22	162	#
675	925386	0	5	6	11	12	13	14	16	17	18	19	21	22	23	31	162	#
676	923494	0	2	3	5	6	7	8	10	11	12	13	16	17	22	28	162	#
677	1043821	2	5	6	7	9	12	13	14	15	16	17	18	19	22	24	163	#
678	1185105	0	1	2	5	6	7	9	10	12	13	15	16	17	18	22	163	#
679	1127591	0	1	2	6	7	9	12	13	14	17	18	19	22	23	24	163	#
680	1082369	1	2	6	7	9	12	13	15	16	17	18	19	22	23	24	163	#
681	1063050	0	1	2	5	6	7	10	12	13	15	17	18	20	21	28	163	#
682	1050910	0	1	5	9	10	12	13	15	16	17	18	20	21	22	23	163	#
683	461847	13	14	18	19	22	23	24	164	#
684	547429	13	14	19	21	22	23	24	164	#
685	462607	14	17	18	19	22	23	24	164	#
686	442659	9	12	13	14	17	19	22	164	#
687	442064	17	18	19	21	22	23	24	164	#
688	387808	17	18	19	21	22	23	31	164	#
689	268111	3	7	8	13	165	#
690	344248	6	7	8	12	165	#
691	298082	7	8	12	13	165	#
692	209187	3	8	13	17	165	#
693	209135	2	3	7	8	165	#
694	425372	12	13	14	17	18	19	24	166	#
695	556755	7	8	12	13	14	17	22	166	#
696	491485	7	8	12	13	17	18	22	166	#
697	485279	8	12	13	14	17	19	24	166	#
698	437859	7	8	13	17	18	22	23	166	#
699	411275	9	13	14	18	19	22	24	166	#
