%% File generated by CATS v.2.1Mon Aug 19 18:51:09 2019

%% The CATS webpage is http://robotics.stanford.edu/CATS

%% PARAMETER SETTINGS:
% Goods: 20; Bids: 800; Distribution: regions-upv; Runs: 10; Seed: 1566246921
% Regions Distribution Parameters:
% Max Substitutable Bids = 5
% Removing HV Neighbor   = 0.1
% Adding DIAG Neighbor   = 0.2
% Additional Location    = 0.9
% Jump Probability       = 0.05
% Additivity             = 0.2
% Budget Factor          = 1.5
% Resale Factor          = 0.5
% Uniform Private Value:
%   Deviation            = 0.5
%   Max Good Value       = 100



goods 20
bids 800
dummy 168

0	886374	0	1	2	3	4	5	6	7	8	9	10	11	12	13	14	15	18	20	#
1	918998	0	1	2	3	4	5	6	7	8	9	10	11	12	14	15	16	17	20	#
2	915033	0	1	2	3	4	5	6	7	8	9	10	11	12	13	14	15	19	20	#
3	894708	0	1	2	3	4	5	6	7	8	9	10	11	12	13	14	15	17	20	#
4	860969	0	1	2	3	4	5	6	7	8	9	10	11	12	13	14	15	16	20	#
5	324885	9	14	15	21	#
6	255569	13	14	15	21	#
7	228315	10	11	15	21	#
8	214876	9	10	#
9	440048	8	9	10	11	12	13	15	22	#
10	601518	0	5	6	9	10	14	15	22	#
11	538218	5	6	8	10	12	13	14	22	#
12	478347	0	1	4	5	6	8	12	22	#
13	473505	6	7	9	10	11	14	15	22	#
14	442491	2	4	5	6	8	10	14	22	#
15	93140	19	#
16	550343	5	6	10	11	13	14	15	23	#
17	509932	0	2	5	6	10	11	14	23	#
18	468539	6	7	10	11	13	14	15	23	#
19	467094	6	7	10	11	14	15	16	23	#
20	421469	7	9	10	11	13	14	15	23	#
21	415211	0	1	2	3	4	5	14	23	#
22	267977	0	1	5	#
23	570712	4	5	8	10	12	13	14	15	24	#
24	642103	6	8	9	10	12	13	14	15	24	#
25	583274	0	6	8	9	10	12	13	14	24	#
26	571991	6	9	10	11	12	13	14	15	24	#
27	560032	4	5	8	9	12	13	14	15	24	#
28	484212	7	9	10	11	12	13	14	15	24	#
29	310246	10	11	14	15	25	#
30	302267	6	9	10	11	25	#
31	214559	6	7	11	15	25	#
32	191677	6	7	10	11	25	#
33	134746	5	6	#
34	107984	6	#
35	746996	0	1	2	3	4	5	6	7	8	9	10	11	12	13	14	15	27	#
36	851235	0	1	2	3	4	5	6	7	8	10	11	12	13	14	15	19	27	#
37	831352	0	1	2	3	4	5	6	7	8	9	10	11	12	13	15	19	27	#
38	805928	0	1	2	3	4	5	6	7	8	10	11	12	13	14	15	17	27	#
39	755999	0	2	3	4	5	6	7	8	9	10	11	12	13	14	15	17	27	#
40	740364	0	1	2	3	4	5	6	7	8	9	10	11	13	14	15	16	27	#
41	96402	17	#
42	82706	18	#
43	27820	2	#
44	577818	0	1	2	3	5	7	9	10	11	13	14	15	28	#
45	615936	1	2	3	4	5	6	7	10	11	13	14	15	28	#
46	587527	0	1	2	3	4	5	7	10	11	13	14	15	28	#
47	565711	0	1	2	3	4	5	7	9	10	11	13	15	28	#
48	547311	0	1	2	3	4	7	9	10	11	13	14	15	28	#
49	537075	1	2	3	4	5	6	7	8	10	11	12	15	28	#
50	42454	7	#
51	139270	4	8	12	29	#
52	201281	8	12	13	29	#
53	99841	0	4	8	29	#
54	246940	7	9	10	11	12	15	30	#
55	334123	7	9	10	11	13	15	30	#
56	306678	7	9	10	11	13	14	30	#
57	287462	1	2	3	7	11	18	30	#
58	276574	0	4	5	8	12	13	30	#
59	267319	3	7	9	10	11	13	30	#
60	531678	0	1	2	4	5	6	7	10	31	#
61	584335	0	1	2	4	5	6	10	19	31	#
62	580677	0	1	2	4	5	6	8	10	31	#
63	568373	0	1	2	4	5	6	10	11	31	#
64	558356	1	2	3	5	6	7	11	15	31	#
65	519117	2	5	6	7	9	10	11	15	31	#
66	831952	0	1	2	3	4	5	6	7	8	9	10	11	12	13	14	15	16	17	19	32	#
67	879254	0	1	2	3	4	5	6	7	8	9	10	11	12	13	14	15	17	18	19	32	#
68	878134	0	1	2	3	4	5	6	7	8	9	10	11	12	13	14	15	16	18	19	32	#
69	749064	0	1	2	3	4	5	6	7	8	9	10	11	12	13	14	15	16	17	18	32	#
70	231399	6	9	10	11	15	33	#
71	307767	1	5	6	9	10	33	#
72	261970	8	9	10	12	13	33	#
73	209372	11	12	13	14	15	33	#
74	53657	11	#
75	686837	0	1	2	4	5	6	7	8	9	10	12	13	14	15	16	34	#
76	765153	0	1	2	4	5	6	8	9	10	11	12	13	14	18	19	34	#
77	710931	0	1	2	4	5	6	7	8	9	10	11	13	14	15	19	34	#
78	693350	0	1	4	5	6	7	8	9	10	11	12	13	14	15	16	34	#
79	678899	0	1	2	4	5	6	7	8	9	10	11	13	14	15	16	34	#
80	641240	0	1	2	4	5	6	7	9	10	11	12	13	14	15	19	34	#
81	135207	16	18	35	#
82	146806	12	16	35	#
83	274495	0	1	5	6	#
84	568426	0	1	2	3	4	5	6	7	8	11	12	13	14	17	36	#
85	654577	1	2	3	4	5	6	7	8	9	10	11	13	14	15	36	#
86	605355	0	1	2	3	4	5	6	7	8	10	11	13	14	15	36	#
87	583512	0	1	3	4	5	6	7	8	9	11	12	13	14	15	36	#
88	573152	0	1	2	3	4	5	6	7	8	11	12	13	14	15	36	#
89	556879	0	1	3	4	5	6	7	8	9	10	11	12	13	14	36	#
90	100332	4	5	8	#
91	76129	12	#
92	480125	1	2	3	6	7	10	11	14	160	#
93	761074	0	1	2	3	4	5	6	7	8	9	10	11	12	13	14	15	17	68	#
94	147001	0	4	5	6	#
95	93284	5	#
96	588084	0	1	2	3	4	5	6	7	8	9	10	11	12	13	14	15	39	#
97	689431	0	1	2	3	4	5	6	7	8	9	10	11	13	14	15	19	39	#
98	615484	0	1	3	4	5	6	7	8	9	10	11	12	13	14	15	18	39	#
99	602725	0	1	2	3	4	5	6	7	8	9	10	12	13	14	15	16	39	#
100	841540	0	1	2	3	4	5	6	7	8	10	11	12	13	14	15	40	#
101	927997	0	1	2	4	5	6	7	8	9	10	11	12	14	16	19	40	#
102	877225	0	1	2	3	4	5	6	7	8	10	11	13	14	15	16	40	#
103	849453	0	1	2	4	5	6	7	8	9	10	11	12	13	14	15	40	#
104	843730	0	1	2	3	4	5	6	7	8	9	10	11	12	14	15	40	#
105	831421	0	1	2	3	4	5	6	7	8	9	10	11	13	14	15	40	#
106	187622	4	5	8	16	41	#
107	257238	1	4	5	8	41	#
108	224476	9	10	13	16	41	#
109	190733	4	5	6	8	41	#
110	816516	0	1	2	3	4	5	6	7	8	9	10	11	12	13	14	15	42	#
111	897919	0	1	2	3	4	5	6	7	8	9	10	11	12	13	16	17	42	#
112	863615	0	1	2	3	4	5	6	7	8	9	10	11	12	13	15	17	42	#
113	431907	1	2	3	6	7	10	14	78	#
114	188410	10	11	#
115	159002	2	6	10	#
116	425881	1	2	5	6	9	10	11	44	#
117	388720	0	1	2	4	5	6	8	44	#
118	383697	2	6	9	10	11	13	15	44	#
119	324613	2	3	6	9	10	11	15	44	#
120	314875	0	1	2	3	4	5	6	44	#
121	313506	2	5	6	7	9	10	11	44	#
122	149412	0	2	4	5	6	7	#
123	547298	6	9	10	11	13	14	15	45	#
124	549352	2	6	9	10	13	14	16	45	#
125	511586	0	1	5	6	9	10	13	45	#
126	452168	2	3	6	9	10	13	14	45	#
127	412971	0	1	2	3	4	5	6	8	10	46	#
128	589934	0	1	2	4	5	6	10	14	17	46	#
129	561899	0	1	4	5	6	7	8	10	14	46	#
130	559148	1	4	5	6	7	8	10	11	14	46	#
131	517312	3	6	7	9	10	11	13	14	15	46	#
132	516081	0	1	2	4	5	6	8	10	16	46	#
133	202205	0	5	6	7	47	#
134	222625	0	5	6	10	47	#
135	201399	3	5	6	7	47	#
136	143460	3	6	7	8	47	#
137	277722	1	2	6	48	#
138	209344	6	10	14	48	#
139	177453	1	2	5	48	#
140	155247	1	2	3	48	#
141	995859	0	1	2	3	4	5	6	7	8	9	10	11	12	13	14	15	16	49	#
142	1107538	0	1	2	3	5	6	7	8	9	10	11	12	13	14	15	16	19	49	#
143	1087652	0	1	2	3	4	5	6	7	9	10	11	12	13	14	15	16	19	49	#
144	1042933	0	1	2	3	4	5	6	7	8	9	10	11	12	13	14	15	19	49	#
145	961154	0	1	2	3	4	5	6	7	8	9	10	11	12	13	14	15	18	49	#
146	944656	0	1	2	3	4	5	6	7	8	9	10	11	12	13	14	15	17	49	#
147	130833	1	#
148	628188	0	1	2	3	4	5	6	7	8	9	10	11	12	13	14	15	50	#
149	690868	0	1	2	3	5	6	7	8	9	10	11	12	13	14	15	16	50	#
150	676086	0	1	2	3	5	6	7	8	9	10	11	12	13	14	15	19	50	#
151	653449	0	1	2	3	4	5	6	7	8	9	10	11	13	14	15	17	50	#
152	642915	0	1	2	3	4	5	6	7	9	10	11	12	13	14	15	19	50	#
153	586954	0	1	2	3	4	5	6	7	8	10	11	12	13	14	15	17	50	#
154	814574	0	1	2	3	4	5	6	7	8	9	10	11	12	13	14	15	19	51	#
155	885395	0	1	3	4	5	6	7	8	9	10	11	12	13	14	15	18	19	51	#
156	809521	0	1	2	3	4	5	6	7	8	9	10	11	12	13	14	15	17	51	#
157	771361	0	1	2	3	4	5	6	7	8	9	10	11	12	13	14	15	18	51	#
158	759134	0	1	2	3	4	5	6	7	8	9	10	11	12	13	14	15	16	51	#
159	592250	2	3	6	7	9	10	11	13	14	15	52	#
160	756395	1	4	5	6	8	10	11	12	14	15	52	#
161	687849	5	6	7	9	10	11	12	13	14	15	52	#
162	666060	3	6	7	9	10	11	12	13	14	15	52	#
163	647568	1	2	3	5	6	7	10	11	14	15	52	#
164	639403	3	6	7	8	9	10	11	12	13	14	52	#
165	208994	1	2	3	18	53	#
166	242614	8	12	13	18	53	#
167	241796	1	5	13	14	53	#
168	224975	1	2	3	6	53	#
169	148108	1	2	3	7	53	#
170	287294	0	1	2	4	5	54	#
171	345784	0	1	2	3	6	54	#
172	317187	0	1	2	5	6	54	#
173	297036	0	1	4	5	6	54	#
174	188133	1	2	3	5	55	#
175	192703	1	2	5	11	55	#
176	165742	1	2	3	7	55	#
177	125782	0	5	#
178	161084	2	3	7	56	#
179	208254	0	1	3	56	#
180	166117	3	6	7	56	#
181	451584	0	1	2	3	4	5	7	8	160	#
182	318912	0	1	2	3	6	7	57	#
183	351172	1	2	3	7	10	11	57	#
184	332591	0	1	2	3	5	6	57	#
185	299562	0	1	2	3	4	6	57	#
186	294385	0	1	2	4	8	16	57	#
187	289642	2	3	6	7	10	11	57	#
188	219146	3	6	7	10	11	58	#
189	265178	3	7	10	11	14	58	#
190	228015	2	3	6	7	16	58	#
191	214617	3	6	7	9	11	58	#
192	201843	5	6	7	11	18	58	#
193	799957	0	1	2	3	4	5	6	7	8	9	10	11	12	13	14	15	17	59	#
194	910079	0	1	2	4	5	6	7	8	9	10	11	12	13	14	15	17	19	59	#
195	795077	0	1	2	3	4	5	6	7	8	9	10	11	12	13	14	15	19	59	#
196	752375	0	1	2	3	4	5	6	7	8	9	10	11	12	13	14	15	18	59	#
197	749985	0	1	2	3	4	5	6	7	8	9	10	11	12	13	14	15	16	59	#
198	182293	9	13	60	#
199	220455	9	10	60	#
200	123120	12	13	60	#
201	338231	1	2	4	5	6	8	61	#
202	378320	4	8	9	10	12	13	61	#
203	338492	0	1	4	5	6	8	61	#
204	308098	1	2	4	5	6	10	61	#
205	272196	0	1	2	4	5	8	61	#
206	239770	0	5	6	7	10	11	61	#
207	497314	3	4	6	7	8	10	11	15	160	#
208	641977	0	3	4	5	6	7	8	10	11	14	15	18	62	#
209	661965	0	1	2	3	4	5	6	7	8	12	13	19	62	#
210	658951	0	2	4	5	6	7	8	10	12	14	17	18	62	#
211	638188	2	4	5	6	7	8	9	10	12	13	14	15	62	#
212	619059	0	3	4	5	6	7	8	11	12	13	14	16	62	#
213	614233	0	2	3	4	5	6	7	8	10	11	14	15	62	#
214	521447	2	3	5	6	7	9	10	11	12	13	15	63	#
215	635072	1	4	5	6	7	9	10	11	12	13	15	63	#
216	569973	3	5	6	7	9	10	11	12	13	14	15	63	#
217	556986	1	2	3	6	7	9	10	11	12	13	15	63	#
218	555244	0	4	5	6	7	9	11	12	13	14	15	63	#
219	521282	2	3	6	7	9	10	11	12	13	14	15	63	#
220	567456	6	7	9	10	11	14	15	64	#
221	641155	5	6	9	10	11	14	15	64	#
222	640411	1	6	9	10	11	14	15	64	#
223	614467	5	6	10	11	13	14	15	64	#
224	596148	1	5	6	7	10	11	15	64	#
225	540768	6	7	10	11	13	14	15	64	#
226	701357	0	1	2	4	5	6	7	8	10	11	12	15	17	65	#
227	849112	0	1	2	4	5	6	9	10	11	12	13	14	15	65	#
228	801361	0	1	2	4	5	6	7	9	10	11	12	13	15	65	#
229	800022	0	1	2	4	5	6	8	9	10	12	13	14	15	65	#
230	784506	1	2	5	6	7	9	10	11	12	13	14	15	17	65	#
231	780653	0	1	2	4	5	6	8	9	10	11	12	13	16	65	#
232	266484	1	11	14	15	179	#
233	142752	0	1	2	4	66	#
234	140089	4	5	8	10	66	#
235	133006	4	5	8	12	66	#
236	218025	8	12	13	14	67	#
237	277142	10	11	14	15	67	#
238	235140	9	10	13	14	67	#
239	166098	8	9	12	13	67	#
240	758090	0	1	2	3	4	5	6	7	8	9	10	11	12	13	14	15	16	68	#
241	902656	0	1	2	3	4	6	7	8	9	10	11	12	13	14	15	18	19	68	#
242	841007	0	1	2	3	4	6	7	8	9	10	11	12	13	14	15	16	18	68	#
243	831895	0	1	2	3	4	5	6	7	8	9	10	11	12	13	14	15	18	68	#
244	819740	0	1	2	3	4	5	6	7	8	9	10	11	12	13	14	15	19	68	#
245	815741	0	1	2	3	4	5	6	7	8	9	10	11	12	13	14	15	16	69	#
246	955811	1	2	3	4	5	6	7	8	9	10	11	13	14	15	16	17	19	69	#
247	914007	0	1	2	3	4	5	6	7	8	9	10	11	12	13	14	15	19	69	#
248	804362	0	1	2	3	4	5	6	7	8	9	10	11	12	13	14	15	18	69	#
249	795420	0	1	2	3	4	5	6	7	8	9	10	11	12	13	14	15	17	69	#
250	243090	6	10	11	70	#
251	186658	5	6	7	70	#
252	162773	6	7	11	70	#
253	785018	0	1	2	3	4	5	6	7	8	9	10	11	12	13	14	15	72	#
254	952088	0	1	2	3	5	6	7	8	9	10	11	12	13	14	15	19	72	#
255	861506	0	2	3	4	5	6	7	8	9	10	11	12	13	14	15	19	72	#
256	848938	0	1	2	3	5	6	7	8	9	10	11	12	13	14	15	16	72	#
257	787572	0	1	2	3	4	5	6	7	8	9	10	11	13	14	15	18	72	#
258	752616	0	1	2	3	4	5	6	7	9	10	11	13	14	15	17	18	72	#
259	724585	1	4	6	8	9	10	12	13	14	15	73	#
260	744643	0	1	4	5	6	8	9	10	11	15	73	#
261	733514	0	1	4	5	6	10	11	13	14	15	73	#
262	713796	0	4	5	6	9	10	11	13	14	15	73	#
263	698631	4	5	6	9	10	11	12	13	14	15	73	#
264	652315	0	1	2	4	5	6	8	10	12	13	73	#
265	924752	0	1	2	3	4	5	6	7	8	9	10	11	12	15	16	74	#
266	971818	0	1	2	4	5	6	8	9	10	11	12	13	14	15	16	74	#
267	880748	0	1	2	3	4	5	6	7	8	9	10	11	12	15	17	74	#
268	875594	0	1	2	3	4	5	6	7	8	9	10	11	12	14	15	74	#
269	859712	0	1	2	3	4	5	6	7	8	9	10	11	12	13	15	74	#
270	848714	0	1	2	3	4	5	7	8	9	10	11	12	13	14	15	74	#
271	289611	10	11	14	15	75	#
272	255761	9	10	13	14	75	#
273	239554	7	9	10	11	75	#
274	237344	11	13	14	15	75	#
275	211001	3	7	11	15	75	#
276	150837	11	19	76	#
277	204946	10	19	76	#
278	471562	1	2	5	6	9	10	11	78	#
279	589894	1	2	9	10	12	13	14	78	#
280	572056	2	6	9	10	13	14	15	78	#
281	569263	6	9	10	11	13	14	15	78	#
282	568942	0	1	5	6	9	10	14	78	#
283	833900	0	1	2	3	4	5	6	7	8	9	10	11	12	13	14	15	79	#
284	879362	0	1	2	3	4	5	6	7	8	9	10	11	13	14	15	17	79	#
285	859244	0	1	2	3	4	5	6	7	8	9	10	11	12	13	14	18	79	#
286	842996	0	1	2	3	4	5	6	7	8	9	10	11	12	13	14	17	79	#
287	401875	2	3	6	7	9	10	13	14	80	#
288	573188	1	2	5	6	7	10	14	15	80	#
289	552497	2	5	6	9	10	13	14	15	80	#
290	540109	1	2	3	5	7	10	13	14	80	#
291	483331	2	3	6	10	12	13	14	15	80	#
292	453241	2	3	5	6	7	10	14	15	80	#
293	404539	8	9	10	12	13	14	15	81	#
294	436498	2	6	10	12	13	14	15	81	#
295	436300	0	1	2	5	6	9	10	81	#
296	430807	0	1	5	6	8	12	13	81	#
297	380915	6	8	9	10	12	13	14	81	#
298	351582	6	8	9	10	11	12	13	81	#
299	173826	16	19	82	#
300	169743	5	16	82	#
301	128556	2	19	82	#
302	416176	0	1	2	3	5	6	7	10	83	#
303	542878	4	5	8	9	10	12	13	14	83	#
304	392899	1	2	3	5	6	7	10	11	83	#
305	380619	0	1	2	3	5	6	10	16	83	#
306	327004	0	1	2	3	5	6	7	11	83	#
307	304742	0	1	2	3	4	5	6	7	83	#
308	174822	9	12	13	14	18	84	#
309	260050	6	9	10	13	14	84	#
310	250346	10	12	13	14	15	84	#
311	246704	6	10	12	13	14	84	#
312	426156	0	1	4	5	6	8	12	13	85	#
313	628463	1	5	6	9	10	11	12	13	85	#
314	471665	4	8	9	10	11	12	13	14	85	#
315	451219	0	1	4	8	9	12	13	14	85	#
316	413162	6	7	9	10	11	12	13	14	85	#
317	380200	0	1	2	4	5	6	10	11	85	#
318	737491	0	1	2	3	4	5	6	7	9	10	11	12	13	14	15	86	#
319	781705	1	2	3	4	5	6	7	8	9	10	11	12	13	14	15	86	#
320	746496	0	1	2	3	4	5	6	7	8	9	10	11	12	14	15	86	#
321	721158	0	1	2	3	4	5	6	7	8	9	10	11	13	14	15	86	#
322	687142	0	1	2	3	4	5	6	7	8	9	10	11	12	13	14	86	#
323	663600	0	1	2	3	4	5	6	7	8	10	11	12	13	14	15	86	#
324	627024	0	1	2	3	4	5	6	7	8	9	11	12	13	14	15	87	#
325	799263	0	1	4	5	6	7	8	9	11	12	13	14	15	17	19	87	#
326	753605	0	1	2	3	4	5	6	8	9	10	12	13	14	15	19	87	#
327	722595	0	1	2	4	5	6	7	8	9	10	12	13	14	15	19	87	#
328	698593	0	1	2	4	5	6	7	8	9	10	12	13	14	15	16	87	#
329	695655	0	1	2	3	4	5	6	8	9	10	11	12	13	14	15	87	#
330	498897	10	11	13	14	15	88	#
331	517162	9	10	13	14	15	88	#
332	457363	9	10	11	12	13	88	#
333	441056	6	10	11	14	15	88	#
334	347649	3	7	10	11	15	88	#
335	264712	3	6	7	10	11	88	#
336	514058	7	9	10	11	14	15	89	#
337	486985	2	6	9	10	14	15	89	#
338	353631	6	9	10	12	13	14	89	#
339	223789	0	1	2	3	7	11	89	#
340	692647	0	1	2	3	4	5	6	7	8	9	10	11	12	13	14	15	90	#
341	833032	0	1	2	5	6	7	8	9	10	11	12	13	14	15	16	19	90	#
342	804699	0	1	2	3	4	5	6	8	9	10	11	12	13	14	15	17	90	#
343	797722	0	1	2	3	4	5	6	8	9	10	11	12	13	14	15	18	90	#
344	772659	0	1	2	3	4	5	6	8	9	10	11	12	13	14	15	16	90	#
345	791231	0	1	2	4	5	6	7	8	9	10	12	13	91	#
346	810644	0	1	2	3	5	6	7	9	10	12	13	14	91	#
347	806828	0	1	5	6	7	9	10	11	12	13	14	16	91	#
348	799126	0	1	2	4	5	6	7	8	9	10	11	19	91	#
349	791406	0	1	2	4	5	6	8	9	10	12	13	14	91	#
350	787174	1	2	4	5	6	7	8	9	10	12	13	14	91	#
351	595423	0	1	2	3	4	5	6	7	8	9	10	11	12	13	14	15	92	#
352	708498	0	1	2	4	5	6	7	8	9	10	11	12	13	14	15	16	92	#
353	694455	0	1	2	4	5	6	7	8	9	10	11	12	13	14	15	18	92	#
354	690699	0	1	2	4	5	6	7	8	9	10	11	12	13	14	15	19	92	#
355	632301	0	1	2	4	5	6	7	8	9	10	11	12	13	14	15	17	92	#
356	616687	0	1	2	3	4	5	6	7	8	9	10	11	12	13	14	18	92	#
357	70404	16	#
358	879789	0	1	2	3	4	5	6	7	8	9	10	11	12	13	14	15	93	#
359	981115	0	1	3	4	5	6	7	9	10	11	12	13	14	15	17	19	93	#
360	931340	0	1	2	3	4	5	6	7	8	10	11	12	13	14	15	17	93	#
361	911588	0	1	2	3	4	5	6	7	8	9	10	11	12	13	15	16	93	#
362	895921	0	1	2	3	4	5	6	7	9	10	11	12	13	14	15	19	93	#
363	967202	0	1	2	3	4	5	6	7	8	9	10	11	12	13	14	15	94	#
364	943726	0	1	2	3	4	5	6	7	8	9	10	11	12	13	14	18	94	#
365	942388	0	1	2	3	4	5	6	7	8	9	10	11	12	14	18	19	94	#
366	268079	0	1	2	4	6	95	#
367	312410	0	1	4	8	12	95	#
368	273315	0	1	2	4	17	95	#
369	228173	0	1	2	3	4	95	#
370	223496	0	1	2	4	5	95	#
371	135332	2	17	96	#
372	85180	3	17	96	#
373	436488	0	1	2	3	4	5	6	7	8	11	97	#
374	637608	0	2	4	5	6	8	10	12	13	16	97	#
375	631781	0	2	3	4	5	6	8	9	12	13	97	#
376	604977	0	2	3	4	5	6	9	10	12	13	97	#
377	545512	1	2	6	7	9	10	11	13	14	15	97	#
378	527684	0	1	2	3	5	6	7	9	10	11	97	#
379	776153	0	1	2	3	4	5	6	7	8	9	10	11	12	13	14	15	98	#
380	792021	0	1	2	3	4	5	7	8	9	10	11	12	13	14	15	17	98	#
381	774099	0	1	2	3	4	5	6	7	8	9	10	11	12	14	15	18	98	#
382	501009	6	7	9	10	11	13	14	15	99	#
383	624366	0	1	5	6	9	10	13	14	99	#
384	595818	6	9	10	11	12	13	14	15	99	#
385	572823	8	9	10	11	12	13	14	15	99	#
386	515614	5	6	7	9	10	12	13	14	99	#
387	486262	3	7	9	10	11	13	14	15	99	#
388	623552	0	2	3	4	5	6	7	8	12	13	14	19	100	#
389	803843	0	1	4	5	6	8	9	10	11	12	14	15	100	#
390	798888	0	1	2	3	4	5	6	8	10	11	14	15	100	#
391	772504	0	1	2	4	5	6	7	8	10	11	14	15	100	#
392	765902	0	1	2	3	4	5	6	8	10	12	13	14	100	#
393	750978	1	2	5	6	7	10	11	12	13	14	15	19	100	#
394	540427	0	1	2	3	4	5	6	7	10	11	15	101	#
395	756842	0	1	2	3	7	9	10	11	13	14	15	101	#
396	740776	2	3	6	7	9	10	11	12	13	14	15	101	#
397	735565	0	2	3	7	9	10	11	12	13	14	15	101	#
398	697756	1	2	3	5	6	7	10	11	13	14	15	101	#
399	668773	0	1	2	3	5	6	7	9	10	11	15	101	#
400	113230	14	15	102	#
401	155721	10	14	102	#
402	431373	2	3	5	6	7	8	12	13	14	15	103	#
403	527335	2	5	6	8	9	10	12	13	14	15	103	#
404	514320	2	3	6	8	9	10	12	13	14	15	103	#
405	424886	0	1	2	3	5	6	7	10	14	17	103	#
406	420495	2	6	7	8	9	10	12	13	14	19	103	#
407	406528	2	3	6	7	10	11	13	14	15	18	103	#
408	337130	1	2	3	5	6	7	10	11	104	#
409	345235	3	4	5	6	9	10	11	14	104	#
410	338295	0	1	2	3	4	6	10	11	104	#
411	313985	1	2	3	5	7	9	10	11	104	#
412	306056	2	3	7	9	10	11	14	15	104	#
413	250863	0	2	3	4	5	6	7	10	104	#
414	341720	0	1	2	4	5	8	12	105	#
415	418636	0	1	4	5	8	12	13	105	#
416	346021	0	4	5	8	9	12	13	105	#
417	325223	4	8	11	12	13	14	15	105	#
418	218572	0	1	2	4	5	7	11	105	#
419	356019	9	10	11	13	14	106	#
420	464875	9	10	11	14	15	106	#
421	317049	5	6	7	9	10	106	#
422	310954	6	7	10	11	15	106	#
423	296126	2	9	10	11	14	106	#
424	267972	4	8	12	13	14	106	#
425	143387	0	5	15	#
426	459487	0	1	4	5	6	7	8	10	11	12	13	14	15	16	108	#
427	536141	0	1	4	5	7	8	9	10	11	12	13	14	15	19	108	#
428	457584	0	1	4	5	6	7	8	9	10	11	12	13	14	15	108	#
429	439253	0	1	3	4	5	6	7	8	9	10	11	13	14	15	108	#
430	429519	0	1	2	4	5	6	7	8	9	10	11	13	14	15	108	#
431	426238	0	1	2	4	5	6	8	9	10	11	12	13	14	15	108	#
432	830879	0	1	2	3	4	5	6	7	8	9	10	11	12	13	14	15	109	#
433	897960	0	1	2	3	4	5	6	7	9	10	11	12	13	14	15	19	109	#
434	881386	0	1	2	3	4	5	7	8	9	10	11	12	13	14	15	19	109	#
435	842338	0	1	2	3	4	5	6	7	8	9	10	11	12	13	14	16	109	#
436	817300	0	1	2	3	4	5	6	7	8	10	11	12	13	14	15	19	109	#
437	817099	0	1	2	3	4	5	6	7	9	10	11	12	13	14	15	18	109	#
438	17639	0	#
439	173634	6	7	11	111	#
440	219662	7	10	11	111	#
441	194130	1	2	6	111	#
442	138799	5	18	112	#
443	139538	5	6	112	#
444	136543	8	18	112	#
445	600732	0	1	2	4	5	6	7	10	11	15	113	#
446	730905	1	5	6	9	10	11	12	13	14	15	113	#
447	669250	0	1	2	4	5	8	10	12	13	14	113	#
448	652789	0	1	2	4	5	6	7	8	10	12	113	#
449	632607	0	1	2	4	5	6	7	10	13	14	113	#
450	624906	0	1	2	5	6	7	10	13	14	17	113	#
451	670170	0	1	2	3	4	5	6	7	8	9	10	11	12	13	14	15	18	19	114	#
452	703031	0	1	2	3	4	5	6	7	8	9	10	11	12	13	14	15	16	18	114	#
453	692435	0	1	2	3	4	5	6	7	8	9	10	11	12	13	14	15	16	19	114	#
454	672104	0	1	2	3	4	5	6	7	8	9	10	11	12	13	14	15	16	17	114	#
455	649839	0	1	2	3	4	5	6	7	8	9	10	11	12	13	14	15	17	18	114	#
456	639243	0	1	2	3	4	5	6	7	8	9	10	11	12	13	14	15	17	19	114	#
457	524056	0	1	2	5	6	7	10	11	115	#
458	621473	0	1	2	5	6	10	11	15	115	#
459	594668	0	1	2	5	6	9	10	11	115	#
460	476890	1	2	3	5	6	7	9	11	115	#
461	463050	5	6	7	10	11	12	13	14	115	#
462	454295	0	1	2	4	5	6	8	10	115	#
463	703299	0	1	2	3	4	5	6	7	8	9	10	11	12	13	14	15	16	116	#
464	741668	0	1	2	3	4	5	6	7	8	9	10	11	12	13	14	15	18	116	#
465	741355	0	1	2	3	4	5	6	7	8	9	10	11	12	13	14	15	17	116	#
466	721220	0	1	2	3	4	5	6	7	8	9	10	11	12	13	14	15	19	116	#
467	795710	0	1	2	3	4	5	6	7	8	9	10	11	12	13	14	15	117	#
468	874964	0	1	2	3	4	5	6	7	8	10	11	12	13	14	15	19	117	#
469	853533	0	1	2	3	4	5	6	7	8	10	11	12	13	14	15	17	117	#
470	845000	0	1	2	3	4	5	6	7	8	9	10	11	13	14	15	19	117	#
471	788289	0	1	2	3	4	5	6	7	8	10	11	12	13	14	15	18	117	#
472	726011	0	1	2	3	4	5	6	7	8	9	10	11	12	13	14	16	117	#
473	866915	0	1	2	3	6	7	10	13	14	15	17	118	#
474	889963	1	2	3	6	7	8	10	12	13	14	15	118	#
475	881491	0	1	2	3	6	7	10	12	13	14	15	118	#
476	859581	0	1	2	3	4	6	8	10	12	13	14	118	#
477	858641	0	1	2	3	5	6	8	10	12	13	14	118	#
478	826090	1	2	3	6	7	8	10	11	13	14	15	118	#
479	130757	3	17	119	#
480	147802	2	17	119	#
481	658622	0	1	2	3	4	5	6	7	8	9	10	11	12	13	14	15	18	120	#
482	671411	0	1	2	3	4	5	6	7	8	9	10	11	12	13	14	15	19	120	#
483	668047	0	1	2	3	4	5	6	7	8	9	10	11	12	13	14	15	17	120	#
484	662010	0	1	2	3	4	5	6	7	8	9	10	11	12	13	14	15	16	120	#
485	264647	6	9	10	11	14	15	121	#
486	300153	6	10	11	13	14	15	121	#
487	285940	9	10	11	13	14	15	121	#
488	250777	4	8	10	12	13	14	121	#
489	225065	0	1	4	5	6	8	121	#
490	482001	1	2	5	6	7	11	15	122	#
491	550320	1	2	5	6	10	14	15	122	#
492	512011	5	6	10	11	14	15	17	122	#
493	509622	2	5	6	10	11	14	15	122	#
494	447781	1	5	6	7	10	11	14	122	#
495	441390	2	5	6	7	10	11	15	122	#
496	742227	0	1	2	3	4	5	6	7	8	9	10	11	12	13	14	15	123	#
497	813721	1	2	3	4	5	6	7	8	9	10	11	12	13	14	15	19	123	#
498	805940	1	2	3	4	5	6	7	8	9	10	11	12	13	14	15	18	123	#
499	762134	0	1	2	3	4	5	6	7	8	9	10	11	12	13	15	19	123	#
500	738719	0	1	2	4	5	6	7	8	9	10	11	12	13	14	15	16	123	#
501	708386	0	2	3	4	5	6	7	8	9	10	11	12	13	14	15	17	123	#
502	832311	0	1	2	3	4	5	6	7	8	9	10	11	12	13	14	15	16	18	124	#
503	927684	0	1	2	3	4	5	6	7	8	10	11	12	13	14	15	16	17	19	124	#
504	899665	0	1	2	3	4	5	6	7	8	9	10	11	12	13	14	15	17	19	124	#
505	891538	0	1	2	3	4	5	6	7	8	9	10	11	12	13	14	15	16	17	124	#
506	869660	0	1	2	3	4	5	6	7	8	9	10	11	12	13	14	15	17	18	124	#
507	862316	0	1	2	3	4	5	6	7	8	9	10	11	12	13	14	15	16	19	124	#
508	799260	0	1	3	5	6	7	9	10	11	14	15	125	#
509	823852	0	1	4	5	6	9	10	11	14	15	16	125	#
510	807414	1	5	6	7	9	10	11	12	13	14	15	125	#
511	792508	5	6	7	9	10	11	12	13	14	15	17	125	#
512	750269	0	1	2	5	6	7	9	10	11	14	15	125	#
513	746306	6	7	8	9	10	11	12	13	14	15	18	125	#
514	531667	2	5	6	7	10	11	12	13	14	15	126	#
515	753698	1	4	5	8	10	11	12	13	14	15	126	#
516	735226	0	1	4	5	6	8	10	12	13	14	126	#
517	648273	4	5	6	8	10	11	12	13	14	15	126	#
518	637840	0	1	2	3	4	5	6	8	12	13	126	#
519	636323	0	1	2	3	4	5	6	8	10	12	126	#
520	227058	7	10	11	127	#
521	302840	10	14	15	127	#
522	241142	6	7	11	127	#
523	77409	2	3	7	128	#
524	95497	3	7	11	128	#
525	47520	2	3	7	#
526	130035	7	10	11	13	14	161	#
527	186802	1	2	5	130	#
528	275565	9	10	11	15	179	#
529	116219	1	2	3	130	#
530	199254	0	4	5	6	8	131	#
531	225323	0	2	4	5	6	131	#
532	215632	1	2	3	6	7	131	#
533	302227	0	1	4	8	12	132	#
534	404363	8	10	12	13	14	132	#
535	328758	4	8	9	12	13	132	#
536	305301	0	4	8	12	13	132	#
537	279035	0	4	5	6	8	132	#
538	142902	0	1	2	3	5	132	#
539	173894	9	12	13	133	#
540	259867	1	2	6	133	#
541	214030	9	10	13	133	#
542	91640	9	#
543	293781	9	10	14	134	#
544	266156	9	10	11	134	#
545	241510	11	14	15	134	#
546	151894	0	5	135	#
547	94522	4	5	135	#
548	694163	0	1	2	3	4	6	7	10	11	13	14	15	136	#
549	756932	0	1	2	3	4	6	7	8	10	11	14	15	136	#
550	714081	0	1	2	3	4	6	8	10	12	13	14	15	136	#
551	705782	0	1	2	3	4	5	6	7	8	10	11	15	136	#
552	684633	2	3	6	7	8	10	11	12	13	14	15	17	136	#
553	682196	0	1	2	3	4	6	7	9	10	11	14	15	136	#
554	305095	5	6	7	10	11	137	#
555	388472	0	5	6	9	10	137	#
556	385791	1	5	6	10	14	137	#
557	349869	4	5	6	10	11	137	#
558	308881	3	6	7	10	11	137	#
559	304191	2	3	5	6	10	137	#
560	545349	0	1	2	3	4	5	6	7	8	10	11	14	138	#
561	712706	0	1	2	4	5	6	8	9	10	13	14	15	138	#
562	685190	0	1	2	5	6	7	9	10	11	13	14	15	138	#
563	666400	0	1	2	4	5	6	7	8	10	11	14	15	138	#
564	651632	0	1	2	4	5	6	8	10	11	12	13	15	138	#
565	638982	0	1	2	3	5	6	7	10	11	13	14	15	138	#
566	92061	4	8	#
567	204309	12	13	14	139	#
568	194713	9	13	14	139	#
569	169702	2	12	13	139	#
570	923338	0	1	2	3	4	5	6	7	8	9	10	11	12	13	14	15	16	18	140	#
571	1082589	0	1	3	4	5	6	7	8	9	10	11	12	13	14	15	16	18	19	140	#
572	1026709	0	1	2	3	4	5	6	7	8	9	10	11	12	13	14	15	16	19	140	#
573	1006071	0	1	2	3	4	5	6	7	8	9	10	11	12	13	14	15	17	19	140	#
574	967253	0	1	2	3	4	5	6	7	8	9	10	11	12	13	14	15	16	17	140	#
575	962157	0	1	2	3	4	5	6	7	8	9	10	11	12	13	14	15	18	19	140	#
576	532072	6	9	10	11	14	15	141	#
577	527112	9	10	11	13	14	15	141	#
578	494254	6	10	11	13	14	15	141	#
579	463513	4	6	8	9	10	14	141	#
580	340392	0	1	2	4	8	9	141	#
581	295959	2	3	4	6	8	10	141	#
582	471744	0	1	2	3	4	6	7	8	160	#
583	800094	0	1	2	3	4	5	6	7	9	10	11	12	13	14	15	142	#
584	935678	0	1	2	3	4	5	6	7	9	10	11	14	15	17	19	142	#
585	835730	0	1	2	3	5	6	7	9	10	11	12	13	14	15	16	142	#
586	819655	0	2	3	4	5	6	7	8	9	10	11	13	14	15	19	142	#
587	786575	0	2	3	4	5	6	7	9	10	11	12	13	14	15	18	142	#
588	780882	0	1	2	3	4	5	6	7	8	9	10	12	13	14	15	142	#
589	426738	0	1	2	4	5	6	7	8	9	10	11	14	143	#
590	505350	0	1	2	6	7	9	10	11	13	14	15	18	143	#
591	457611	0	1	2	4	5	6	7	8	9	10	11	13	143	#
592	429497	0	1	2	4	5	6	7	9	10	11	13	14	143	#
593	421173	0	1	2	4	5	6	7	9	10	11	13	17	143	#
594	400097	0	1	2	3	4	5	6	8	9	10	12	13	143	#
595	628101	0	1	2	3	4	5	6	7	8	9	10	11	12	13	14	144	#
596	824952	0	1	2	3	4	5	6	8	9	10	12	13	14	15	19	144	#
597	785957	0	1	2	4	5	6	7	8	9	10	11	13	14	15	19	144	#
598	722021	0	1	2	3	4	5	6	8	9	10	11	12	13	14	15	144	#
599	707186	0	1	2	3	5	6	7	9	10	11	12	13	14	15	16	144	#
600	705678	0	1	2	3	4	5	6	7	8	9	10	11	13	14	15	144	#
601	861811	0	1	2	3	4	5	6	7	8	9	10	11	12	13	14	15	145	#
602	900009	0	1	2	3	4	5	6	7	9	10	11	13	14	15	16	17	145	#
603	881841	0	1	2	3	4	5	6	7	8	9	10	11	12	13	16	19	145	#
604	848223	0	1	2	3	4	5	6	7	8	9	10	11	12	13	14	18	145	#
605	835592	0	1	2	3	4	5	6	7	8	9	10	11	12	13	15	16	145	#
606	811117	0	1	2	3	4	5	6	7	8	9	10	11	12	13	14	16	145	#
607	646436	0	1	2	3	4	5	6	7	8	9	10	11	12	13	14	15	146	#
608	700228	0	1	3	4	5	6	7	8	9	10	11	12	13	14	15	16	146	#
609	663477	0	1	2	3	4	5	6	7	8	10	11	12	13	14	15	16	146	#
610	624634	0	1	2	3	4	5	6	7	8	9	10	11	12	13	14	16	146	#
611	671959	0	1	2	3	4	5	6	7	9	10	11	13	14	18	147	#
612	776283	0	1	2	3	5	6	7	9	10	11	13	14	15	18	147	#
613	740837	1	2	3	5	6	7	8	9	10	11	12	13	14	15	147	#
614	723696	0	1	2	3	5	6	7	9	10	11	13	14	15	17	147	#
615	697582	0	1	2	3	5	6	7	9	10	11	12	13	14	15	147	#
616	679849	1	2	3	4	5	6	7	9	10	11	12	13	14	15	147	#
617	906668	0	1	2	3	4	5	6	7	8	9	10	11	12	13	14	15	16	17	148	#
618	1056699	1	2	3	4	5	6	7	8	9	10	11	12	13	14	15	16	17	19	148	#
619	984886	0	1	2	3	4	5	6	7	8	9	10	11	12	13	14	15	17	19	148	#
620	956330	0	1	2	3	4	5	6	7	8	9	10	11	12	13	14	15	16	19	148	#
621	902857	0	1	2	3	4	5	6	7	8	9	10	11	12	13	14	15	18	19	148	#
622	853195	0	1	2	3	4	5	6	7	8	9	10	11	12	13	14	15	17	18	148	#
623	289172	8	9	12	13	149	#
624	301903	9	12	13	14	149	#
625	289430	8	12	13	14	149	#
626	705716	1	2	3	6	7	9	10	11	12	13	14	15	150	#
627	746264	1	2	4	5	6	7	9	10	11	13	14	15	150	#
628	742875	0	1	2	4	5	6	7	8	10	11	14	15	150	#
629	742371	1	2	4	5	6	8	9	10	12	13	14	15	150	#
630	742161	0	1	2	6	7	9	10	11	12	13	14	15	150	#
631	710642	2	3	6	7	8	9	10	11	12	13	14	15	150	#
632	671037	0	2	3	4	5	6	7	8	9	10	11	12	13	14	15	16	151	#
633	810410	0	1	2	4	5	6	8	9	10	12	13	14	15	16	17	18	151	#
634	735746	0	1	2	3	4	6	7	8	9	10	11	12	13	14	15	17	151	#
635	718804	0	1	2	3	4	5	6	7	8	9	10	11	12	13	14	15	151	#
636	527814	4	5	6	7	8	9	10	11	12	13	14	152	#
637	746788	0	1	3	5	6	7	10	11	13	14	15	152	#
638	740584	1	2	5	6	7	9	10	11	13	14	15	152	#
639	705507	1	2	3	5	6	7	9	10	11	13	14	152	#
640	676795	0	1	5	6	8	9	10	11	12	13	14	152	#
641	656930	0	1	2	5	6	7	9	10	11	13	14	152	#
642	201364	9	13	14	153	#
643	248756	10	13	14	153	#
644	207576	9	10	14	153	#
645	96586	10	#
646	606110	0	1	2	3	4	5	6	7	10	11	14	15	154	#
647	722032	0	1	3	4	5	6	7	10	11	13	14	15	154	#
648	690450	0	1	3	4	5	7	8	10	11	12	13	14	154	#
649	675750	1	2	3	4	5	6	7	10	11	13	14	15	154	#
650	663574	0	1	2	3	4	5	6	7	8	10	11	13	154	#
651	621284	0	1	2	3	4	5	6	7	8	10	11	15	154	#
652	786268	0	1	2	3	4	5	6	7	8	9	10	11	12	13	14	15	16	18	155	#
653	967329	0	1	2	3	4	5	6	7	8	9	10	11	12	13	14	15	17	19	155	#
654	954382	0	1	2	3	4	5	6	7	9	10	11	12	13	14	15	17	18	19	155	#
655	910378	0	1	2	3	4	5	6	7	8	9	10	11	12	13	14	15	16	19	155	#
656	882918	0	1	2	3	4	5	6	7	8	9	10	11	12	13	14	15	18	19	155	#
657	870680	0	1	2	3	4	5	6	7	8	9	10	11	12	13	14	15	16	17	155	#
658	814638	0	1	2	3	4	5	6	7	8	9	10	11	12	13	14	15	18	156	#
659	917712	0	1	2	3	4	5	6	7	8	9	10	11	12	13	14	15	19	156	#
660	872721	0	1	2	3	4	5	6	7	8	9	10	11	12	13	14	15	17	156	#
661	840617	1	2	3	4	5	6	7	8	9	10	11	12	13	14	15	16	18	156	#
662	817428	0	1	2	3	4	5	6	7	8	9	10	11	12	13	14	15	16	156	#
663	321274	0	1	4	5	6	8	10	157	#
664	433880	8	10	11	12	13	14	15	157	#
665	400202	0	4	5	10	13	14	15	157	#
666	384993	2	3	5	6	9	10	14	157	#
667	373703	0	1	4	5	6	10	14	157	#
668	252162	0	1	2	4	5	6	18	157	#
669	415812	0	1	2	3	4	5	7	8	11	15	158	#
670	517155	1	2	3	7	9	10	11	13	14	15	158	#
671	478759	0	4	5	6	9	10	11	13	14	15	158	#
672	477547	0	1	2	3	4	5	7	10	11	15	158	#
673	468491	0	1	2	3	4	5	7	9	10	11	158	#
674	455542	0	3	5	6	7	9	10	11	14	15	158	#
675	1049660	0	1	2	3	4	5	6	7	8	9	10	11	12	13	14	15	16	159	#
676	1118771	0	1	2	3	4	5	6	7	8	9	10	11	12	13	14	15	19	159	#
677	1078683	0	1	2	3	4	5	6	7	8	9	10	11	12	13	14	15	18	159	#
678	1049560	0	1	2	3	4	5	6	7	8	9	10	11	12	13	14	15	17	159	#
679	437064	0	1	2	4	5	6	7	8	160	#
680	528631	1	2	3	6	7	10	11	15	160	#
681	246481	1	2	5	6	7	161	#
682	298640	0	1	2	5	6	161	#
683	229248	0	1	2	4	5	161	#
684	222751	0	1	2	3	5	161	#
685	681544	0	1	2	3	4	5	6	7	9	10	11	12	13	14	15	163	#
686	756398	0	1	3	4	5	6	7	8	9	10	11	12	13	14	15	163	#
687	706907	1	2	3	4	5	6	7	8	9	10	11	12	13	14	15	163	#
688	705452	0	1	2	3	4	5	6	7	8	9	10	11	12	14	15	163	#
689	653286	0	2	3	4	5	6	7	8	9	10	11	12	13	14	15	163	#
690	617334	0	1	2	3	4	5	6	7	8	9	10	12	13	14	18	163	#
691	194055	11	15	16	164	#
692	212777	10	11	15	164	#
693	122579	7	10	11	170	#
694	1039619	0	1	2	3	4	5	6	7	8	9	10	11	12	13	14	15	18	19	165	#
695	1089138	0	1	2	3	4	5	6	7	8	9	10	11	12	13	14	15	17	19	165	#
696	1082702	0	1	2	3	4	5	6	7	8	9	10	11	12	13	14	15	16	19	165	#
697	1074190	0	1	2	3	4	5	6	7	8	9	10	11	12	13	14	15	16	17	165	#
698	1031107	0	1	2	3	4	5	6	7	8	9	10	11	12	13	14	15	17	18	165	#
699	1024671	0	1	2	3	4	5	6	7	8	9	10	11	12	13	14	15	16	18	165	#
700	388722	8	9	10	12	13	14	166	#
701	469251	6	10	12	13	14	15	166	#
702	453606	5	6	10	11	14	15	166	#
703	411213	9	11	12	13	14	15	166	#
704	377396	9	10	11	12	13	14	166	#
705	355788	7	10	11	13	14	15	166	#
706	242013	13	14	15	167	#
707	186593	11	14	15	167	#
708	173244	10	13	14	167	#
709	662395	0	1	2	3	4	5	6	7	8	9	10	11	12	13	14	15	16	168	#
710	678006	0	1	2	3	4	5	6	7	8	9	10	11	12	13	14	15	19	168	#
711	673458	0	1	2	3	4	5	6	7	8	9	10	11	12	13	14	15	17	168	#
712	591425	0	1	2	3	4	5	6	7	8	9	10	11	12	13	14	15	18	168	#
713	134961	4	5	169	#
714	190774	1	5	169	#
715	115261	2	6	7	170	#
716	167930	2	3	6	170	#
717	129423	2	6	12	170	#
718	323942	4	8	9	12	13	172	#
719	405601	9	12	13	14	15	172	#
720	385827	9	10	11	13	14	172	#
721	349029	4	8	12	13	14	172	#
722	329800	1	4	5	6	8	172	#
723	3601	4	#
724	974762	0	1	2	5	6	9	10	11	12	13	14	15	19	173	#
725	1074439	1	2	4	5	6	8	9	10	12	13	14	15	19	173	#
726	979328	1	2	4	5	6	8	9	10	12	13	14	15	18	173	#
727	949772	1	2	4	5	6	7	8	9	10	11	13	14	15	173	#
728	944830	1	2	6	7	8	9	10	11	12	13	14	15	16	173	#
729	897783	2	3	4	5	6	8	9	10	11	12	13	14	15	173	#
730	488781	6	7	9	10	11	13	14	174	#
731	632062	1	9	10	11	13	14	19	174	#
732	604422	1	4	5	9	10	13	14	174	#
733	490269	3	7	9	10	11	13	14	174	#
734	466399	3	6	7	9	10	11	14	174	#
735	431982	7	9	10	11	12	13	14	174	#
736	105329	13	#
737	650950	1	2	3	5	6	7	9	10	11	13	14	15	175	#
738	740539	0	1	2	4	5	6	8	9	10	11	14	15	175	#
739	725060	1	2	3	4	5	7	8	9	10	11	14	19	175	#
740	704502	1	3	4	5	6	7	8	9	10	11	13	14	175	#
741	670473	1	2	3	4	5	6	7	9	10	11	14	15	175	#
742	660267	0	1	2	4	5	6	7	8	9	10	11	15	175	#
743	353563	4	5	6	8	12	13	176	#
744	414818	9	10	11	13	14	15	176	#
745	347060	0	4	5	6	8	10	176	#
746	291221	0	4	5	6	8	12	176	#
747	268517	2	5	6	7	11	15	176	#
748	258586	2	3	4	5	6	10	176	#
749	411963	0	1	2	3	4	5	8	12	177	#
750	592307	0	4	5	6	9	10	13	14	177	#
751	583173	2	6	8	9	10	12	13	14	177	#
752	529005	0	1	2	3	4	5	6	10	177	#
753	493876	0	1	4	5	6	7	8	10	177	#
754	419221	0	1	2	3	5	6	7	11	177	#
755	320623	2	5	6	7	10	11	178	#
756	471400	0	1	5	6	10	13	178	#
757	386255	0	1	2	5	6	10	178	#
758	359072	2	6	7	10	11	15	178	#
759	284846	0	1	2	5	6	7	178	#
760	263204	0	2	5	6	7	11	178	#
761	235840	10	11	14	15	179	#
762	307659	6	9	10	14	179	#
763	193511	1	5	180	#
764	185602	5	6	180	#
765	699127	1	2	3	5	6	7	9	10	11	12	13	14	15	16	181	#
766	835157	0	1	2	3	4	5	6	8	9	10	11	13	14	15	181	#
767	819694	0	1	2	3	4	5	6	8	9	10	12	13	14	19	181	#
768	807152	0	1	2	3	4	5	6	8	9	10	11	13	14	16	181	#
769	795952	0	1	2	3	4	5	6	9	10	11	12	13	14	17	181	#
770	794375	0	1	2	3	4	5	6	9	10	11	12	13	14	15	181	#
771	940233	0	1	2	3	4	5	6	7	8	9	11	13	14	15	182	#
772	893024	0	1	2	3	4	5	6	7	8	9	12	13	14	15	182	#
773	889807	0	1	2	3	4	5	6	8	9	11	12	13	14	15	182	#
774	866996	0	1	2	3	4	5	6	7	8	9	10	11	14	15	182	#
775	860176	0	1	2	3	4	5	6	7	8	9	11	12	13	14	182	#
776	853490	0	1	2	3	4	5	6	7	8	11	12	13	14	15	182	#
777	730639	0	1	2	3	4	5	6	7	8	9	10	11	12	13	14	15	183	#
778	769077	0	1	2	4	5	6	7	8	9	10	11	12	13	14	15	17	183	#
779	764454	0	1	3	4	5	6	7	8	9	10	11	12	13	14	15	18	183	#
780	715686	0	2	3	4	5	6	7	8	9	10	11	12	13	14	15	19	183	#
781	105673	8	12	184	#
782	128884	4	8	184	#
783	546321	0	1	5	6	9	10	11	12	13	185	#
784	572875	2	6	8	9	10	11	12	13	15	185	#
785	557089	2	5	6	8	9	10	12	13	18	185	#
786	545813	2	3	6	9	10	11	12	13	15	185	#
787	526237	0	1	2	3	5	6	9	10	13	185	#
788	519693	0	1	2	3	6	9	10	11	15	185	#
789	274887	0	1	2	3	5	6	186	#
790	301434	1	2	3	5	6	7	186	#
791	295072	1	2	4	5	6	8	186	#
792	288373	4	5	8	9	12	13	186	#
793	284826	1	2	3	7	16	18	186	#
794	487763	0	1	2	3	4	5	6	8	10	187	#
795	557349	2	3	4	5	6	9	10	11	14	187	#
796	538350	0	4	5	8	10	12	13	14	15	187	#
797	530868	2	3	6	7	9	10	11	14	15	187	#
798	483446	2	3	5	6	7	9	10	13	14	187	#
799	480283	0	1	2	4	5	6	8	12	17	187	#
