%% File generated by CATS v.2.1Mon Aug 19 18:51:07 2019

%% The CATS webpage is http://robotics.stanford.edu/CATS

%% PARAMETER SETTINGS:
% Goods: 15; Bids: 1200; Distribution: regions-upv; Runs: 10; Seed: 1566246899
% Regions Distribution Parameters:
% Max Substitutable Bids = 5
% Removing HV Neighbor   = 0.1
% Adding DIAG Neighbor   = 0.2
% Additional Location    = 0.9
% Jump Probability       = 0.05
% Additivity             = 0.2
% Budget Factor          = 1.5
% Resale Factor          = 0.5
% Uniform Private Value:
%   Deviation            = 0.5
%   Max Good Value       = 100



goods 15
bids 1200
dummy 421

0	256450	0	3	6	15	#
1	226775	3	6	7	15	#
2	172203	0	1	3	15	#
3	365619	0	1	3	4	6	7	8	11	16	#
4	440452	0	2	3	4	5	6	7	8	16	#
5	434917	0	3	4	6	7	8	10	11	16	#
6	374969	0	1	3	4	5	6	7	8	16	#
7	367246	0	1	3	4	6	7	8	13	16	#
8	364452	0	1	2	3	4	5	6	7	16	#
9	337040	3	6	7	9	17	#
10	365399	0	3	6	9	17	#
11	328867	0	3	6	7	17	#
12	254634	3	6	7	8	17	#
13	679697	0	1	2	3	4	5	6	7	8	#
14	108811	9	#
15	457729	0	1	2	4	7	8	414	#
16	310515	0	3	6	7	8	19	#
17	235515	3	4	6	7	8	19	#
18	108014	10	#
19	135214	11	#
20	635387	0	1	2	3	4	5	6	7	20	#
21	594923	0	1	2	4	5	6	7	8	20	#
22	538020	0	1	3	4	5	6	7	8	20	#
23	531654	0	1	2	3	4	5	7	10	20	#
24	492411	0	1	2	4	6	7	10	14	20	#
25	326438	0	1	3	6	22	#
26	376355	0	1	2	14	22	#
27	302835	0	1	3	8	22	#
28	97321	8	#
29	79785	14	#
30	208116	3	6	#
31	271823	1	3	4	6	7	23	#
32	259971	3	4	5	6	7	23	#
33	217131	0	3	4	6	12	23	#
34	277170	0	1	2	3	5	6	313	#
35	75961	12	#
36	756486	0	1	2	3	4	5	6	7	8	9	24	#
37	841425	0	1	2	3	4	5	6	7	8	11	24	#
38	762141	0	1	2	3	4	5	6	7	8	14	24	#
39	745883	0	1	2	3	4	5	6	7	8	12	24	#
40	698532	0	1	2	3	4	5	6	7	8	13	24	#
41	692045	0	1	2	3	4	5	7	8	9	10	24	#
42	772448	0	1	2	3	4	5	6	7	8	9	10	12	13	25	#
43	892611	0	1	2	3	4	5	6	7	8	9	10	11	12	25	#
44	852306	0	1	2	3	4	5	6	7	8	10	11	12	14	25	#
45	844249	0	1	2	3	4	5	6	7	8	9	10	12	14	25	#
46	836965	0	1	2	3	4	5	6	7	8	9	11	12	13	25	#
47	829570	0	1	3	4	5	6	7	8	9	10	11	12	13	25	#
48	327400	4	5	6	7	14	26	#
49	403734	0	3	6	7	8	26	#
50	332970	0	1	2	4	5	26	#
51	311857	4	5	7	8	14	26	#
52	298316	1	3	4	6	7	26	#
53	296288	1	4	5	7	8	26	#
54	414792	1	2	5	9	11	27	#
55	372439	0	1	2	3	4	27	#
56	351835	1	2	4	5	9	27	#
57	350836	0	3	4	6	11	27	#
58	314850	0	1	2	4	5	27	#
59	256208	0	1	3	4	5	27	#
60	83815	1	#
61	406599	1	2	3	4	5	6	7	8	12	28	#
62	499116	0	1	2	3	4	6	7	8	9	28	#
63	448680	0	1	2	3	4	5	6	7	13	28	#
64	417855	0	1	2	4	5	6	7	29	#
65	413558	0	2	3	4	5	6	7	29	#
66	380077	0	1	2	3	4	5	14	29	#
67	367359	0	1	2	4	5	7	14	29	#
68	367126	0	1	2	3	4	5	13	29	#
69	365388	0	1	2	3	4	6	8	29	#
70	685325	1	2	4	6	7	8	9	10	13	14	177	#
71	145389	4	7	8	32	#
72	210795	4	6	7	32	#
73	118367	0	#
74	465115	1	3	4	6	7	8	9	11	13	33	#
75	703518	0	1	2	3	4	5	6	7	8	9	#
76	501109	0	1	2	3	4	6	7	8	12	33	#
77	205489	1	4	5	34	#
78	200945	0	1	3	34	#
79	171815	4	5	7	34	#
80	509167	0	1	3	4	6	7	8	12	14	317	#
81	689086	0	1	2	3	4	5	6	7	8	13	177	#
82	730598	0	1	2	3	5	6	7	8	14	#
83	748675	0	1	2	3	4	5	6	7	8	14	177	#
84	319009	1	2	3	6	7	8	10	162	#
85	754406	0	1	2	3	4	5	6	7	8	12	177	#
86	491182	0	1	2	3	4	5	10	11	12	160	#
87	773635	0	1	2	3	4	5	6	7	8	10	177	#
88	379484	0	1	2	4	5	10	13	162	#
89	481549	0	1	2	3	5	6	414	#
90	293232	6	7	8	130	#
91	635703	0	1	2	3	4	5	6	7	10	#
92	292031	1	4	7	8	157	#
93	742605	0	1	2	3	4	5	6	7	8	9	10	14	#
94	336281	4	6	7	8	157	#
95	390983	0	1	4	5	6	7	8	13	14	175	#
96	147069	4	5	11	40	#
97	228749	2	5	#
98	154304	1	4	5	40	#
99	147877	0	4	#
100	479734	0	1	2	4	6	7	9	11	13	14	#
101	439722	0	1	3	4	5	6	7	13	14	175	#
102	508349	0	1	3	4	5	6	7	8	9	175	#
103	539146	0	1	2	3	4	5	6	7	8	268	#
104	221762	3	4	6	7	43	#
105	260976	3	6	7	8	43	#
106	298883	2	4	5	7	9	13	313	#
107	203331	1	4	6	7	43	#
108	521561	0	1	2	3	6	7	8	9	12	14	#
109	517577	0	1	2	3	4	5	7	8	14	175	#
110	339774	0	1	3	4	6	7	174	#
111	344348	3	4	6	7	157	#
112	703643	0	1	2	3	4	5	6	7	8	9	10	#
113	344459	0	1	2	3	4	7	174	#
114	361071	0	1	2	4	7	8	174	#
115	371078	0	1	3	4	7	8	174	#
116	495043	0	1	2	3	4	5	6	47	#
117	528080	0	2	3	4	5	6	7	47	#
118	480185	0	1	2	4	5	6	7	47	#
119	461429	0	1	2	3	4	5	12	47	#
120	455388	0	1	2	3	4	5	7	47	#
121	434979	0	1	3	4	6	7	8	47	#
122	403040	0	3	4	6	7	8	174	#
123	489793	0	1	2	3	4	5	6	7	9	282	#
124	143697	7	8	#
125	568456	0	1	2	3	4	5	6	7	14	420	#
126	713644	0	1	2	3	4	5	6	7	8	12	50	#
127	336124	3	6	7	8	157	#
128	409205	1	2	4	5	7	8	12	162	#
129	715157	0	1	2	3	4	5	6	7	8	10	50	#
130	709658	0	1	2	3	4	6	7	8	12	13	50	#
131	283295	0	1	2	3	4	5	13	283	#
132	424064	0	1	4	5	6	7	51	#
133	379697	1	3	4	5	6	7	51	#
134	379114	0	1	4	6	7	8	51	#
135	367910	1	4	5	6	7	8	51	#
136	365448	0	3	4	6	7	8	51	#
137	356414	0	1	4	5	7	9	51	#
138	338151	0	1	4	5	7	8	52	#
139	463021	0	1	2	3	6	12	52	#
140	408526	0	1	2	3	4	6	52	#
141	400506	0	1	3	4	5	6	52	#
142	389696	0	4	5	6	7	8	52	#
143	353912	0	1	3	4	6	7	52	#
144	568576	0	1	2	3	4	5	6	7	11	317	#
145	550859	0	1	3	4	5	6	7	8	10	268	#
146	560077	0	1	2	4	5	6	7	8	11	#
147	116617	4	7	8	321	#
148	382276	0	2	4	5	7	55	#
149	408363	2	4	5	6	7	55	#
150	405188	0	2	4	5	10	55	#
151	311382	0	4	6	7	8	55	#
152	277915	0	1	4	6	7	55	#
153	958684	0	1	2	3	4	5	6	7	8	10	11	14	56	#
154	956960	0	1	2	3	4	5	6	7	8	9	10	14	56	#
155	921262	0	1	2	3	4	5	6	7	8	9	10	12	56	#
156	866878	0	1	2	3	4	5	6	7	8	10	11	13	56	#
157	865154	0	1	2	3	4	5	6	7	8	9	10	13	56	#
158	859245	0	1	2	3	4	5	6	7	8	11	13	14	56	#
159	529183	0	1	2	3	4	5	7	8	10	#
160	247406	4	5	6	7	58	#
161	271494	0	4	5	7	58	#
162	247189	0	1	4	5	58	#
163	605456	0	1	2	4	5	6	7	8	10	14	415	#
164	369539	0	3	4	5	6	7	8	59	#
165	444609	0	1	2	3	4	5	6	59	#
166	411406	0	1	2	4	5	6	7	59	#
167	376358	0	1	3	4	5	6	7	59	#
168	354851	0	1	3	4	6	7	8	59	#
169	346398	0	1	4	5	6	7	12	59	#
170	593093	0	1	2	3	4	5	7	8	10	274	#
171	318026	0	1	4	5	7	266	#
172	309695	0	1	3	4	6	7	8	13	61	#
173	411565	0	1	2	3	4	6	7	8	61	#
174	374236	0	1	3	4	6	7	8	9	61	#
175	351619	0	1	3	4	5	6	7	8	61	#
176	284550	0	1	3	6	7	8	12	13	61	#
177	351224	0	1	2	3	4	6	174	#
178	613819	0	1	2	3	4	5	6	7	11	63	#
179	591833	0	1	3	4	5	6	7	8	10	63	#
180	585741	0	1	3	4	5	6	7	8	14	63	#
181	436381	0	1	3	4	5	6	7	8	9	64	#
182	551375	0	1	2	3	4	5	6	7	11	64	#
183	493356	0	3	4	5	6	7	8	9	12	65	#
184	619598	0	3	4	5	6	7	8	11	13	65	#
185	262888	0	3	4	6	7	8	66	#
186	370361	0	1	3	4	6	11	66	#
187	345701	0	3	4	6	7	11	66	#
188	270860	0	1	3	6	7	8	66	#
189	231860	1	3	4	6	7	8	66	#
190	461200	0	3	4	6	7	8	14	418	#
191	412531	0	1	2	3	4	5	6	11	13	67	#
192	471248	0	1	2	3	4	5	6	11	12	67	#
193	730745	0	1	2	3	4	5	6	7	8	10	12	13	68	#
194	850682	0	1	2	3	4	5	6	7	8	9	10	11	68	#
195	791841	0	1	2	3	4	5	6	7	8	9	10	12	68	#
196	762472	0	1	2	3	4	5	6	7	8	9	12	14	68	#
197	57899	7	#
198	751297	0	1	2	3	4	5	6	7	8	9	10	13	68	#
199	313989	0	1	2	3	4	5	173	#
200	595800	1	2	3	4	5	6	7	8	11	70	#
201	592184	1	2	3	4	5	6	7	8	13	70	#
202	577095	0	2	3	4	5	6	7	8	12	70	#
203	429596	0	1	3	4	6	7	8	12	14	70	#
204	55124	13	#
205	103341	5	#
206	385029	1	2	4	5	6	7	73	#
207	325282	1	2	4	5	7	8	73	#
208	314826	1	3	4	5	6	7	73	#
209	310065	0	1	2	4	5	7	73	#
210	260902	0	1	2	4	7	8	73	#
211	468241	0	1	3	4	6	7	8	74	#
212	524536	1	2	3	4	6	7	8	74	#
213	522764	0	1	2	4	6	7	8	74	#
214	513810	0	1	2	3	4	6	7	74	#
215	505455	1	2	3	4	5	6	7	74	#
216	503683	0	1	2	4	5	6	7	74	#
217	84068	3	#
218	279384	0	1	2	3	4	5	75	#
219	270630	0	2	3	4	5	7	75	#
220	216579	0	1	3	4	5	7	75	#
221	262282	0	3	11	76	#
222	250934	7	8	11	76	#
223	557436	0	1	2	3	5	6	7	12	272	#
224	155000	4	7	8	156	#
225	168295	0	4	13	156	#
226	701676	0	1	2	3	4	5	6	7	8	12	13	77	#
227	305678	0	1	2	3	4	5	7	283	#
228	690889	0	1	2	3	4	5	6	7	8	10	13	77	#
229	443670	1	2	4	5	6	7	8	162	#
230	383837	0	1	4	5	7	13	78	#
231	440878	0	1	2	4	5	7	78	#
232	418506	0	2	4	5	7	8	78	#
233	396927	0	1	4	5	7	8	78	#
234	368685	0	3	4	5	6	7	78	#
235	251684	1	4	5	7	8	79	#
236	292793	0	1	3	4	5	79	#
237	285238	0	1	2	4	5	79	#
238	250368	0	1	4	7	8	79	#
239	243152	1	4	7	8	10	79	#
240	375480	0	3	4	6	7	12	414	#
241	514734	0	1	2	4	6	7	8	418	#
242	137595	4	5	7	#
243	156899	10	14	81	#
244	184375	0	10	81	#
245	144990	2	#
246	354933	1	2	4	5	6	7	173	#
247	722086	2	3	4	5	6	7	8	9	10	12	82	#
248	129085	1	4	7	156	#
249	362668	1	3	4	5	6	7	173	#
250	373568	0	1	3	4	5	6	173	#
251	610319	0	2	3	4	5	6	7	8	12	14	82	#
252	393698	0	1	3	4	6	7	414	#
253	264935	0	1	3	6	7	8	83	#
254	213019	0	1	3	4	7	8	83	#
255	59740	4	#
256	536181	0	1	3	4	5	6	7	8	11	#
257	552929	0	2	3	4	5	6	7	8	10	#
258	157840	2	13	14	87	#
259	117810	4	10	#
260	192847	0	4	10	87	#
261	400759	0	1	2	3	6	7	173	#
262	779232	0	1	2	3	4	5	6	7	8	11	#
263	322959	0	1	2	3	4	5	7	162	#
264	320336	0	1	3	4	6	7	173	#
265	572219	0	1	2	4	5	6	7	8	9	14	#
266	217797	6	7	8	321	#
267	215551	5	10	13	87	#
268	468459	0	1	2	3	4	6	7	418	#
269	386842	0	1	3	4	5	6	7	88	#
270	506829	0	1	2	4	5	7	8	88	#
271	492607	0	1	2	4	5	6	7	88	#
272	430106	0	1	2	3	4	7	8	88	#
273	387627	1	3	4	5	6	7	8	88	#
274	359018	0	1	3	4	6	7	8	88	#
275	243968	3	4	6	7	8	89	#
276	293828	0	3	6	7	8	89	#
277	240915	1	4	5	7	8	89	#
278	400987	0	1	2	3	4	7	10	90	#
279	466564	0	1	2	3	4	5	9	90	#
280	459936	0	1	2	4	7	8	10	90	#
281	452620	0	1	2	4	5	7	8	90	#
282	436753	0	1	2	3	4	5	10	90	#
283	434160	0	1	2	3	4	5	6	90	#
284	262386	0	3	4	7	8	106	#
285	348322	0	3	4	6	7	8	14	283	#
286	236584	1	2	4	5	92	#
287	265749	1	2	4	14	92	#
288	238619	2	4	5	7	92	#
289	259898	0	1	2	3	5	13	313	#
290	210822	0	1	4	5	7	286	#
291	405958	0	1	2	4	5	6	7	8	10	12	13	#
292	228273	0	1	4	7	9	13	171	#
293	170496	0	1	12	161	#
294	260733	0	1	3	161	#
295	286392	0	1	2	4	7	8	171	#
296	594192	0	1	2	3	4	5	6	7	11	154	#
297	301297	0	1	2	4	5	7	171	#
298	206032	4	6	7	321	#
299	252519	0	1	3	6	170	#
300	254215	3	4	5	6	7	96	#
301	288097	0	1	3	6	7	96	#
302	253514	0	3	6	7	8	96	#
303	247859	0	3	4	6	7	96	#
304	515654	0	1	2	4	5	6	7	8	13	417	#
305	497389	0	1	2	3	4	5	6	7	13	417	#
306	452767	0	1	2	3	4	5	7	8	11	253	#
307	223217	0	1	4	7	170	#
308	347292	0	1	3	4	5	6	7	8	12	#
309	426633	0	1	4	6	7	8	12	383	#
310	501915	0	1	2	3	4	6	7	8	10	99	#
311	503245	0	1	3	4	5	6	7	8	12	99	#
312	159580	3	9	10	100	#
313	191669	0	9	12	100	#
314	565252	1	2	3	4	5	6	7	8	272	#
315	126843	0	3	10	100	#
316	201434	0	4	5	101	#
317	246666	2	4	5	101	#
318	617434	0	1	2	3	5	6	7	8	272	#
319	366210	0	1	2	4	5	266	#
320	401125	0	1	3	4	5	6	7	12	13	102	#
321	497935	0	1	2	3	4	6	7	8	12	102	#
322	492236	0	1	3	4	5	6	7	8	12	102	#
323	351542	0	1	3	4	5	6	7	8	103	#
324	460922	2	3	4	5	6	7	8	11	103	#
325	404918	0	2	3	4	5	6	7	8	103	#
326	372275	0	3	4	5	6	7	8	14	103	#
327	346187	0	1	2	3	4	5	7	8	103	#
328	322315	0	1	2	3	4	5	6	7	103	#
329	371363	0	1	2	3	4	6	104	#
330	382340	0	1	2	4	5	6	104	#
331	311966	0	1	2	3	4	5	104	#
332	275193	0	1	2	4	5	7	104	#
333	227444	0	1	3	4	6	7	104	#
334	270406	1	2	4	7	170	#
335	284212	0	1	2	4	170	#
336	468888	0	1	2	3	4	6	7	8	169	#
337	370143	0	1	2	3	4	106	#
338	360612	0	1	3	4	6	106	#
339	324770	0	1	3	4	7	106	#
340	316114	4	5	6	7	8	107	#
341	373399	0	3	6	7	8	107	#
342	358352	0	4	6	7	8	107	#
343	280425	3	4	6	7	8	107	#
344	242506	0	1	2	4	5	107	#
345	589697	0	1	2	3	4	6	7	8	12	274	#
346	506878	0	1	3	4	5	6	7	8	169	#
347	450291	0	1	3	4	5	6	7	8	14	154	#
348	210156	0	1	4	161	#
349	399213	0	1	4	6	7	8	110	#
350	445760	0	1	2	3	6	12	110	#
351	415258	0	1	2	4	6	7	110	#
352	407590	0	3	4	6	7	8	110	#
353	362385	0	1	2	3	4	5	110	#
354	333160	0	1	3	4	6	7	110	#
355	231600	1	4	6	7	111	#
356	291900	4	6	7	8	111	#
357	220587	4	5	7	8	111	#
358	529357	0	1	2	3	4	5	6	7	11	#
359	238654	1	2	4	5	112	#
360	317290	0	1	2	3	112	#
361	306272	0	1	2	5	112	#
362	215541	0	1	3	4	112	#
363	362993	1	4	6	7	8	113	#
364	368293	3	6	7	8	10	113	#
365	354458	0	1	2	4	7	113	#
366	323188	0	1	2	4	5	113	#
367	317772	1	2	4	5	7	113	#
368	246695	0	3	4	6	7	8	114	#
369	368445	2	3	4	5	6	7	114	#
370	315310	0	3	6	7	8	9	114	#
371	289015	0	3	4	5	6	7	114	#
372	197405	0	1	11	115	#
373	236207	1	2	4	115	#
374	234984	1	4	5	7	8	315	#
375	145661	1	11	13	115	#
376	427784	0	1	2	3	4	6	7	8	116	#
377	508988	0	2	3	4	5	6	7	9	116	#
378	437838	0	1	3	4	6	7	8	11	116	#
379	573414	0	1	2	3	4	5	6	7	13	117	#
380	665721	0	1	2	4	5	6	7	8	10	117	#
381	512129	0	1	2	3	4	5	6	7	169	#
382	550725	0	3	4	5	6	7	8	10	13	117	#
383	201194	10	12	13	118	#
384	168747	1	4	10	118	#
385	156647	0	11	13	118	#
386	141994	1	4	12	118	#
387	546309	0	1	2	3	4	5	6	7	11	119	#
388	550085	0	1	2	3	4	6	7	8	12	119	#
389	438996	0	1	2	3	4	5	6	7	12	#
390	440021	0	1	3	4	6	7	13	383	#
391	583615	0	1	2	3	4	5	6	7	11	12	#
392	562026	1	2	3	4	5	6	7	8	11	160	#
393	552124	0	1	2	4	5	6	7	8	169	#
394	502287	0	1	2	3	4	5	7	8	169	#
395	477646	0	1	2	4	6	7	8	12	14	#
396	331240	0	2	4	5	7	123	#
397	405233	2	4	5	6	7	123	#
398	309488	0	3	6	7	8	123	#
399	298216	0	3	4	6	7	123	#
400	279418	0	1	2	4	5	123	#
401	275005	1	2	4	5	7	123	#
402	450284	0	1	2	3	4	5	6	283	#
403	812598	0	1	2	3	4	5	6	7	8	10	11	124	#
404	791991	0	1	2	3	4	5	6	7	8	9	10	124	#
405	330923	0	1	3	4	6	7	8	153	#
406	550167	0	1	2	4	5	6	7	8	13	160	#
407	290179	0	1	3	4	6	286	#
408	522724	0	3	4	6	7	8	11	383	#
409	349836	0	1	3	4	5	6	7	13	14	126	#
410	625677	0	1	2	3	4	6	7	8	9	191	#
411	500955	0	1	2	3	4	5	7	8	14	126	#
412	480893	0	1	2	3	4	5	7	8	13	126	#
413	360895	0	3	6	7	127	#
414	308849	0	1	4	7	127	#
415	305199	3	6	7	8	127	#
416	283392	0	1	3	4	127	#
417	280892	3	4	6	7	127	#
418	269673	1	2	4	5	7	315	#
419	292404	0	3	4	5	6	7	8	319	#
420	189450	1	4	5	128	#
421	152466	1	2	4	128	#
422	414174	0	1	3	4	5	6	7	8	9	#
423	217489	4	7	8	130	#
424	363972	0	1	3	4	6	7	12	131	#
425	492017	0	1	2	3	6	7	8	131	#
426	418537	0	1	3	4	6	7	8	131	#
427	403804	0	1	2	3	4	6	12	131	#
428	388231	0	1	3	4	5	6	7	131	#
429	641049	0	1	2	3	5	6	11	13	132	#
430	608947	0	1	2	3	4	5	7	11	132	#
431	588450	0	1	2	3	4	5	7	9	132	#
432	565147	0	1	2	3	4	5	6	7	132	#
433	488394	0	1	2	3	4	6	7	8	132	#
434	437414	0	1	3	4	5	7	8	13	132	#
435	477059	0	1	2	3	4	6	7	8	272	#
436	199758	0	4	5	#
437	492008	0	1	2	3	4	5	7	8	12	308	#
438	616044	0	1	3	4	5	6	7	8	10	14	#
439	109718	3	9	167	#
440	333410	0	1	4	5	134	#
441	375537	0	1	2	4	134	#
442	309828	1	4	5	7	134	#
443	303255	2	4	5	12	134	#
444	439530	0	1	2	3	4	5	7	8	12	#
445	679310	0	1	2	3	4	6	7	8	11	191	#
446	462309	0	1	4	5	6	7	8	9	12	13	#
447	134836	9	13	167	#
448	607638	0	1	2	3	4	5	6	7	11	14	166	#
449	561182	0	1	2	4	5	6	7	8	12	154	#
450	594789	0	1	2	3	4	5	6	7	11	13	166	#
451	225770	4	6	7	8	#
452	431472	0	1	2	3	4	6	7	153	#
453	431910	0	1	2	4	5	7	14	153	#
454	478666	0	1	2	4	5	6	7	153	#
455	702996	0	1	2	3	4	5	6	7	8	10	12	#
456	468346	0	4	5	6	7	8	10	383	#
457	366503	0	3	6	7	8	13	138	#
458	341254	3	4	5	6	7	8	138	#
459	335599	0	3	4	6	7	8	138	#
460	316730	0	3	4	5	6	7	138	#
461	198904	0	1	2	4	7	13	138	#
462	296255	0	1	4	6	7	8	139	#
463	440380	1	2	4	5	7	8	139	#
464	408474	0	1	2	3	4	5	139	#
465	315830	0	1	4	5	6	7	139	#
466	246786	0	1	3	4	5	13	139	#
467	234594	2	4	5	#
468	452625	0	1	3	4	5	6	7	8	9	420	#
469	307112	0	1	3	4	6	7	8	141	#
470	436708	0	1	2	3	6	7	8	141	#
471	351630	0	1	2	4	5	6	7	141	#
472	347121	0	1	2	3	4	6	7	141	#
473	345574	0	1	2	3	4	6	13	141	#
474	670476	0	1	2	3	4	5	6	7	8	9	415	#
475	619862	1	2	3	4	5	6	7	8	11	142	#
476	556497	0	1	2	3	4	5	6	7	12	142	#
477	439505	0	1	2	3	4	5	7	8	13	142	#
478	343127	0	1	2	3	4	6	7	8	143	#
479	397994	0	1	3	4	5	6	7	8	143	#
480	373593	0	1	2	3	4	5	6	7	143	#
481	322768	0	1	2	3	4	7	8	12	143	#
482	303106	0	1	3	4	6	7	8	9	143	#
483	377081	0	1	2	3	4	5	6	319	#
484	199878	0	4	5	9	#
485	160969	0	1	276	#
486	169379	5	11	276	#
487	456957	0	1	2	3	4	5	7	10	11	268	#
488	416371	0	1	2	3	6	145	#
489	361236	0	1	2	4	5	145	#
490	336785	4	6	7	8	11	145	#
491	310468	0	1	2	3	4	145	#
492	289304	0	1	3	4	6	145	#
493	381182	3	4	5	6	7	8	146	#
494	378220	0	3	4	6	7	8	146	#
495	376384	0	3	6	7	8	14	146	#
496	363716	0	3	4	5	6	7	146	#
497	353299	1	2	4	5	6	7	146	#
498	529601	0	2	3	4	5	6	7	8	14	148	#
499	537480	1	2	3	4	5	6	7	8	9	148	#
500	517881	1	2	3	4	5	6	7	8	14	148	#
501	368029	2	4	5	7	8	164	#
502	498538	0	1	2	4	5	6	7	8	12	149	#
503	619236	0	1	2	3	4	5	6	7	14	149	#
504	575450	0	1	2	3	4	5	6	7	14	191	#
505	140813	0	1	3	#
506	379377	0	3	4	5	7	164	#
507	432904	0	2	3	4	5	6	7	153	#
508	414915	0	1	2	3	5	164	#
509	335694	0	1	2	4	5	164	#
510	590288	1	2	3	4	5	6	7	8	9	163	#
511	615125	0	1	2	3	4	5	6	7	11	163	#
512	736840	0	1	2	3	4	5	6	7	8	9	14	152	#
513	800162	0	1	2	4	5	6	7	8	9	11	13	152	#
514	245491	0	3	6	7	179	#
515	277333	0	3	4	6	179	#
516	253545	0	3	6	12	179	#
517	233897	3	6	7	8	179	#
518	151653	6	7	#
519	271230	0	1	3	6	180	#
520	251282	3	6	7	8	180	#
521	539990	0	1	2	3	4	5	7	8	11	13	181	#
522	605661	0	1	2	3	4	5	6	7	8	11	181	#
523	588594	0	1	2	3	4	5	7	8	10	12	181	#
524	304981	0	1	2	4	5	286	#
525	558625	0	1	2	3	4	5	6	7	8	14	181	#
526	446486	0	1	2	3	4	5	7	8	182	#
527	541755	0	2	3	4	5	6	7	8	182	#
528	487682	0	1	2	3	4	6	7	8	182	#
529	478683	0	1	2	3	4	5	6	7	182	#
530	444233	0	3	4	5	6	7	8	13	182	#
531	437230	0	1	3	4	5	6	7	8	182	#
532	164982	1	4	5	7	183	#
533	233797	0	4	7	8	183	#
534	397278	0	1	2	4	5	7	8	11	185	#
535	427684	0	1	2	3	4	5	7	8	185	#
536	424254	0	1	2	3	4	7	8	11	185	#
537	415902	0	1	2	3	4	5	6	7	185	#
538	412472	0	1	2	3	4	6	7	11	185	#
539	409940	0	1	2	3	4	5	7	10	185	#
540	507444	0	1	2	3	4	6	7	8	12	186	#
541	595186	0	1	2	3	4	6	7	8	14	186	#
542	335887	1	4	6	7	8	286	#
543	517495	0	1	2	3	4	5	6	7	12	186	#
544	369387	1	2	4	6	7	286	#
545	583442	0	1	2	3	4	6	7	8	13	#
546	260574	0	1	3	4	7	396	#
547	375302	1	2	4	7	8	396	#
548	585428	0	1	2	3	4	5	6	7	9	#
549	141430	10	14	192	#
550	100533	12	14	192	#
551	97642	0	10	192	#
552	550732	0	1	3	4	5	6	7	8	12	193	#
553	586311	0	1	3	4	5	6	7	8	9	193	#
554	230282	1	2	11	318	#
555	118528	1	4	#
556	266531	0	1	4	5	312	#
557	691373	0	1	2	3	4	5	6	7	8	195	#
558	782351	0	1	2	3	4	5	6	7	10	195	#
559	713402	0	1	2	3	4	5	6	7	12	195	#
560	667134	0	1	3	4	5	6	7	8	12	195	#
561	577142	0	1	2	3	4	5	7	8	196	#
562	556901	0	1	2	3	4	5	6	7	196	#
563	496252	0	1	3	4	5	6	7	8	196	#
564	482538	0	1	2	4	5	7	8	13	196	#
565	403574	0	1	3	4	5	6	7	8	10	198	#
566	459981	0	1	2	3	4	5	6	7	8	198	#
567	452230	0	1	2	3	4	5	7	8	9	198	#
568	441154	0	1	2	3	4	5	6	7	9	198	#
569	694926	0	1	2	3	4	5	6	7	10	11	13	14	199	#
570	712526	0	1	2	3	4	5	6	7	8	9	13	14	199	#
571	705099	0	1	2	3	4	5	6	7	8	12	13	14	199	#
572	136738	11	13	201	#
573	198312	8	11	201	#
574	538439	0	1	2	4	5	6	7	8	14	377	#
575	605993	0	1	2	3	4	6	7	8	202	#
576	626691	0	2	3	4	5	6	7	8	202	#
577	561515	1	2	3	4	5	6	7	8	202	#
578	556051	0	1	2	3	4	5	6	7	202	#
579	411418	0	1	2	3	4	5	6	10	12	204	#
580	472016	0	2	3	4	5	6	7	8	10	204	#
581	458313	0	1	2	4	5	6	7	8	10	204	#
582	446441	0	1	2	3	4	5	6	7	11	204	#
583	415880	1	2	4	5	10	205	#
584	426902	0	1	2	4	5	205	#
585	385346	1	2	4	5	7	205	#
586	357457	2	4	5	6	7	205	#
587	241215	0	4	5	8	10	205	#
588	590392	0	2	3	4	5	6	7	8	13	206	#
589	596538	0	1	2	4	5	6	7	8	9	206	#
590	401921	0	3	4	6	7	207	#
591	449825	0	1	2	3	6	207	#
592	408928	0	1	3	6	7	207	#
593	361217	0	1	3	4	5	207	#
594	342286	0	1	3	4	7	207	#
595	300431	0	1	4	5	7	207	#
596	499436	0	1	2	3	4	5	209	#
597	556265	0	1	2	3	4	6	209	#
598	468430	1	2	4	5	6	7	209	#
599	452266	0	1	2	3	4	7	209	#
600	444693	0	1	2	4	5	7	209	#
601	439760	0	1	2	4	5	9	209	#
602	328689	0	1	2	4	5	210	#
603	359178	0	1	2	3	6	210	#
604	314801	0	1	2	3	4	210	#
605	262210	0	1	4	5	7	210	#
606	227545	0	1	4	7	9	210	#
607	376952	0	1	2	3	4	5	7	12	211	#
608	527015	0	2	3	4	5	6	7	8	211	#
609	516676	0	1	2	3	4	5	6	7	211	#
610	462876	0	1	4	5	6	7	9	12	211	#
611	442945	0	1	3	4	5	6	7	8	211	#
612	435038	0	2	4	5	7	8	14	212	#
613	478194	0	2	3	4	5	7	8	212	#
614	443102	0	1	2	3	4	5	7	212	#
615	428281	0	1	2	4	5	7	8	212	#
616	378229	0	1	2	4	5	7	13	212	#
617	378089	1	2	4	5	7	8	13	212	#
618	504728	0	1	3	4	5	6	7	8	12	213	#
619	613515	0	2	3	4	5	6	7	8	12	213	#
620	604891	0	2	3	4	5	6	7	8	10	213	#
621	393302	0	4	6	7	8	266	#
622	178110	0	1	2	3	#
623	190128	0	11	276	#
624	317325	0	1	2	3	4	5	6	7	215	#
625	330352	0	1	2	4	5	6	7	8	215	#
626	286120	0	1	3	4	5	6	7	8	215	#
627	235341	0	1	3	4	6	7	8	12	215	#
628	493501	0	1	3	4	5	6	7	8	272	#
629	172703	0	3	4	#
630	252816	2	4	5	285	#
631	567790	0	1	2	3	4	5	6	7	8	11	218	#
632	567672	0	2	3	4	5	6	7	8	10	14	218	#
633	424297	0	2	4	5	7	219	#
634	386528	0	1	2	4	5	219	#
635	385380	2	4	5	7	8	219	#
636	312004	0	1	2	4	7	219	#
637	302710	4	5	6	7	8	219	#
638	752060	0	1	2	3	4	5	6	7	8	12	13	220	#
639	930576	0	1	2	3	4	5	6	7	8	10	11	220	#
640	881013	0	1	2	3	4	5	6	7	8	11	12	220	#
641	870913	0	1	2	3	4	5	6	7	8	9	14	220	#
642	870609	0	1	2	3	4	5	6	7	8	11	13	220	#
643	864354	0	1	2	3	4	5	6	7	8	10	14	220	#
644	693749	0	1	2	3	4	5	6	7	8	10	221	#
645	822664	0	1	2	4	5	6	7	8	10	11	221	#
646	747010	0	1	2	3	4	5	6	7	8	9	221	#
647	706198	0	1	2	3	4	5	6	7	8	12	221	#
648	654329	0	1	2	3	4	5	6	7	8	14	221	#
649	631288	0	1	2	3	4	5	6	7	8	13	221	#
650	123425	0	12	223	#
651	184580	2	12	223	#
652	297220	1	3	4	6	7	396	#
653	482807	0	1	3	4	5	6	7	8	14	225	#
654	584427	0	1	2	3	4	5	6	7	12	225	#
655	535542	0	1	2	4	5	6	7	8	226	#
656	582478	0	2	4	5	6	7	8	11	226	#
657	529483	0	2	3	4	5	6	7	8	226	#
658	445604	0	2	3	4	5	6	7	8	13	227	#
659	447383	0	1	2	4	5	6	7	8	12	227	#
660	460139	0	1	3	4	5	6	7	8	12	228	#
661	523077	0	1	3	4	5	6	7	8	11	228	#
662	500120	0	1	2	3	4	5	7	8	9	228	#
663	203820	0	1	4	7	229	#
664	277398	0	1	4	5	229	#
665	267510	4	5	7	8	229	#
666	253326	0	3	4	7	229	#
667	481973	0	1	2	3	5	6	7	8	12	230	#
668	487165	0	1	2	3	4	6	7	8	9	230	#
669	485998	1	2	3	4	5	6	7	8	231	#
670	533013	0	1	2	3	5	6	7	8	231	#
671	468378	0	1	2	3	4	6	7	8	231	#
672	462072	0	1	2	3	4	5	6	7	231	#
673	382836	0	1	3	4	5	6	7	8	231	#
674	274330	1	2	5	285	#
675	624981	0	1	2	3	4	5	6	7	11	232	#
676	583739	0	2	3	4	5	6	7	8	14	232	#
677	278392	0	3	4	5	233	#
678	249781	2	4	5	7	233	#
679	235840	3	6	7	8	233	#
680	228199	0	3	4	14	233	#
681	211288	4	5	7	8	233	#
682	305202	0	1	2	4	234	#
683	264783	0	3	4	12	234	#
684	247443	2	4	5	7	234	#
685	417848	0	2	4	5	7	266	#
686	336210	0	1	2	4	7	8	265	#
687	423830	0	3	4	5	6	7	8	11	13	268	#
688	192380	5	6	7	8	237	#
689	210442	0	4	5	10	237	#
690	209216	3	6	7	8	237	#
691	509564	0	1	2	3	4	5	6	7	272	#
692	378805	2	4	5	6	7	14	238	#
693	417611	2	4	5	6	7	8	238	#
694	380138	1	2	4	5	6	7	238	#
695	310376	3	4	5	6	7	8	238	#
696	268560	1	4	5	7	312	#
697	461398	0	1	3	4	6	7	8	383	#
698	381245	0	1	2	4	5	6	7	8	13	#
699	376717	0	1	2	3	241	#
700	310221	0	1	2	4	241	#
701	265774	0	1	3	4	241	#
702	360352	0	2	4	5	14	243	#
703	335679	0	1	2	4	7	243	#
704	333996	0	2	4	5	7	243	#
705	325904	0	1	4	5	7	243	#
706	325138	1	2	4	7	14	243	#
707	486838	0	1	3	4	5	6	7	8	14	244	#
708	161668	7	8	9	284	#
709	498167	0	1	2	3	4	5	6	7	12	244	#
710	208127	3	6	245	#
711	181549	6	7	245	#
712	356009	1	2	3	4	5	6	7	8	13	#
713	498269	0	3	4	5	6	7	8	383	#
714	318118	0	1	2	3	12	247	#
715	314105	1	2	11	12	14	247	#
716	306226	0	1	2	3	5	247	#
717	251179	0	1	2	3	4	247	#
718	687234	0	1	2	3	4	5	6	7	8	11	415	#
719	765090	0	1	2	3	4	5	6	7	8	249	#
720	788291	1	2	3	4	5	6	7	8	11	249	#
721	784419	0	1	2	3	4	5	6	7	10	249	#
722	697610	0	1	2	3	4	6	7	8	11	13	14	250	#
723	762287	0	1	2	3	4	5	6	7	8	11	14	250	#
724	758988	0	1	2	3	4	5	6	7	8	9	12	250	#
725	363992	0	1	2	3	4	5	14	283	#
726	420408	0	2	3	4	5	6	7	9	10	13	14	#
727	280524	0	1	4	5	14	252	#
728	346588	0	1	3	6	7	252	#
729	309966	0	1	3	4	6	252	#
730	239697	0	1	4	5	7	252	#
731	213967	1	4	5	7	14	252	#
732	441258	0	1	2	3	4	5	6	7	14	253	#
733	571293	0	1	2	4	5	6	7	8	9	253	#
734	499204	0	1	3	4	5	6	7	8	10	254	#
735	582258	1	2	3	4	5	6	7	8	11	254	#
736	566934	0	1	2	3	4	5	6	7	8	254	#
737	485619	0	1	3	4	5	6	7	8	9	254	#
738	436066	0	3	4	5	6	7	8	10	13	254	#
739	578680	0	1	2	4	5	6	7	8	11	14	#
740	318688	2	4	7	8	256	#
741	333352	4	6	7	8	256	#
742	287034	1	2	4	7	256	#
743	280235	0	4	6	7	256	#
744	277971	2	4	5	7	256	#
745	386059	0	2	3	4	5	257	#
746	383908	2	4	5	6	7	257	#
747	322163	0	1	2	4	5	257	#
748	290169	0	1	3	4	6	257	#
749	287618	0	1	3	4	5	257	#
750	443834	1	2	3	4	5	6	7	8	258	#
751	439438	0	1	2	4	5	6	7	8	258	#
752	434266	0	1	2	3	4	5	7	9	258	#
753	429315	1	3	4	5	6	7	8	9	258	#
754	426416	0	1	2	3	4	5	7	8	258	#
755	683372	0	1	2	4	5	6	7	8	11	13	259	#
756	712994	0	1	2	3	4	5	6	7	8	11	259	#
757	700805	0	1	2	3	4	5	6	7	8	12	259	#
758	687416	0	1	3	4	5	6	7	8	10	12	259	#
759	463055	1	2	3	4	5	6	7	8	12	260	#
760	217840	6	7	8	284	#
761	563363	0	1	2	3	4	5	6	7	11	260	#
762	494485	0	1	2	3	4	5	6	7	12	260	#
763	355766	3	6	7	9	11	14	261	#
764	344493	0	2	4	5	7	8	261	#
765	340322	0	3	6	7	8	11	261	#
766	326470	0	3	4	5	6	7	261	#
767	310215	0	3	4	9	13	14	261	#
768	302830	0	3	4	6	7	8	261	#
769	148232	0	4	262	#
770	165381	0	3	262	#
771	803174	0	1	2	3	4	5	6	7	8	10	13	263	#
772	826538	0	1	2	3	4	5	6	7	8	9	10	263	#
773	797344	0	1	2	3	4	5	6	7	8	10	12	263	#
774	775110	0	1	2	3	4	5	6	7	8	10	14	263	#
775	767283	0	1	2	3	4	5	6	7	8	11	13	263	#
776	761452	0	1	2	3	4	5	6	7	8	11	12	263	#
777	178798	0	1	4	#
778	297007	1	2	5	318	#
779	414627	1	2	4	6	7	8	265	#
780	389322	1	4	5	6	7	8	265	#
781	339995	3	4	5	6	7	8	265	#
782	337946	0	1	2	3	4	5	265	#
783	337522	0	1	2	4	5	14	265	#
784	267317	1	2	5	277	#
785	184175	1	2	4	277	#
786	722290	0	1	2	4	5	6	7	11	12	14	#
787	188519	8	9	279	#
788	158886	9	10	279	#
789	111773	7	8	279	#
790	133397	10	12	280	#
791	58663	7	10	280	#
792	420117	0	1	2	3	4	5	6	7	13	#
793	567677	0	1	3	4	5	6	7	8	11	281	#
794	589673	0	1	2	4	5	6	7	8	10	281	#
795	478261	0	2	3	4	5	6	7	8	13	282	#
796	215674	0	3	6	289	#
797	190255	0	3	14	289	#
798	237767	1	2	12	318	#
799	135304	0	1	3	289	#
800	561683	0	1	2	3	4	5	7	8	9	290	#
801	562048	0	1	2	3	4	5	7	8	14	290	#
802	251067	0	3	4	5	7	8	313	#
803	197619	1	2	4	293	#
804	161463	1	4	5	293	#
805	361864	0	1	4	6	7	8	10	295	#
806	399201	0	1	2	3	4	6	11	295	#
807	358986	0	1	2	4	5	10	12	295	#
808	281423	0	1	3	4	6	7	8	295	#
809	268107	0	1	2	3	4	6	7	295	#
810	260235	0	1	3	4	6	7	12	295	#
811	319682	0	1	3	4	6	7	8	14	298	#
812	424026	0	1	2	3	4	6	7	8	298	#
813	342082	0	1	3	4	6	7	8	12	298	#
814	160534	0	3	14	300	#
815	170907	0	3	4	300	#
816	276598	0	2	3	4	5	7	313	#
817	156911	2	9	14	300	#
818	432291	0	1	2	3	4	5	7	301	#
819	477021	0	1	2	4	5	7	8	301	#
820	435374	0	1	2	4	5	7	12	301	#
821	397836	0	1	2	3	4	6	7	301	#
822	376148	0	1	3	4	5	6	7	301	#
823	110333	4	5	302	#
824	118464	1	4	302	#
825	597214	0	2	3	4	5	6	10	12	304	#
826	541237	0	1	2	3	4	5	6	10	304	#
827	517753	0	1	2	3	4	5	6	9	304	#
828	505694	0	1	2	4	5	9	11	12	304	#
829	466529	0	1	2	3	4	5	6	14	304	#
830	462347	0	1	2	3	4	5	6	7	304	#
831	365429	0	1	4	5	6	7	8	12	305	#
832	510048	0	1	2	3	4	5	6	7	305	#
833	482773	0	1	2	4	5	6	7	13	305	#
834	478815	0	4	5	6	7	8	11	12	305	#
835	438244	0	1	2	3	4	6	7	12	305	#
836	583244	0	1	2	3	4	6	7	8	10	306	#
837	625355	0	1	2	3	4	6	7	8	11	306	#
838	600961	0	1	2	3	4	6	7	8	12	306	#
839	584133	0	1	2	3	4	6	7	8	14	306	#
840	160002	0	6	307	#
841	412195	0	1	2	3	4	7	8	418	#
842	67564	0	1	307	#
843	473373	0	1	3	4	5	6	7	8	12	308	#
844	503855	0	1	3	4	5	6	7	8	14	308	#
845	473581	1	3	4	5	6	7	8	309	#
846	482912	3	4	5	6	7	8	10	309	#
847	460326	0	3	4	6	7	8	9	309	#
848	418246	0	1	3	4	5	7	8	309	#
849	407591	0	1	2	3	4	5	7	309	#
850	184470	9	12	310	#
851	109619	9	14	310	#
852	502683	0	2	3	4	5	6	7	8	13	311	#
853	584200	0	2	3	4	5	6	7	8	10	311	#
854	509909	0	2	3	4	5	6	7	8	14	311	#
855	262899	1	4	5	10	312	#
856	295822	1	2	5	10	312	#
857	277022	1	2	4	5	312	#
858	455323	0	1	2	3	4	7	414	#
859	224873	1	4	10	322	#
860	205194	0	1	4	322	#
861	174216	1	4	5	322	#
862	167502	0	4	323	#
863	131224	1	4	323	#
864	496829	0	1	2	3	5	6	325	#
865	453454	0	1	3	6	7	8	325	#
866	436259	0	1	2	3	6	14	325	#
867	370760	0	1	2	4	5	7	325	#
868	359323	0	1	2	3	4	5	325	#
869	119712	1	4	5	326	#
870	173095	1	2	5	326	#
871	563929	0	1	2	3	6	7	8	327	#
872	537218	0	1	2	3	5	6	7	327	#
873	499481	0	2	3	4	5	6	7	327	#
874	485865	0	1	2	3	4	5	6	327	#
875	481364	0	1	3	6	7	8	13	327	#
876	465484	0	3	4	5	6	7	8	327	#
877	699492	0	1	2	3	4	5	6	7	8	10	328	#
878	676464	0	1	2	3	4	5	6	7	8	11	328	#
879	589615	0	1	2	3	4	5	6	7	8	13	328	#
880	582813	0	1	2	3	4	5	6	7	8	14	328	#
881	284703	1	3	4	5	6	7	329	#
882	370848	0	1	2	4	5	11	329	#
883	341254	0	1	3	4	5	6	329	#
884	306437	0	1	3	6	7	8	329	#
885	301309	1	2	4	5	7	8	329	#
886	288063	0	1	2	4	5	14	329	#
887	259528	4	6	7	330	#
888	248655	4	5	7	330	#
889	246429	0	3	6	330	#
890	196827	0	1	3	332	#
891	242439	0	3	6	332	#
892	205847	0	1	4	332	#
893	215516	6	7	8	333	#
894	255831	3	6	7	333	#
895	348355	0	1	2	4	5	6	7	334	#
896	389300	0	1	2	3	4	5	6	334	#
897	350954	0	3	4	5	6	7	8	334	#
898	346153	0	1	2	4	5	7	8	334	#
899	342765	0	1	3	4	6	7	8	334	#
900	282946	0	1	3	4	6	7	9	334	#
901	569944	0	1	2	3	5	8	336	#
902	531496	0	1	2	3	4	5	336	#
903	507470	0	1	2	3	4	6	336	#
904	464124	0	1	2	4	5	14	336	#
905	456350	0	1	2	4	7	8	336	#
906	454971	0	1	2	3	4	9	336	#
907	339054	0	1	3	4	5	6	7	8	13	337	#
908	356672	0	1	2	3	4	5	7	8	12	337	#
909	473953	0	1	2	3	4	6	7	8	14	338	#
910	482157	0	1	3	4	5	6	7	8	11	338	#
911	159444	0	6	339	#
912	154573	3	6	339	#
913	151635	0	1	339	#
914	443974	0	1	2	3	4	6	7	8	9	340	#
915	511903	0	1	2	3	4	5	6	7	11	340	#
916	888677	0	1	2	3	4	5	6	7	8	11	14	341	#
917	859528	0	1	2	3	4	5	6	7	8	11	12	341	#
918	834247	0	1	2	3	4	5	6	7	8	10	12	341	#
919	809049	0	1	2	3	4	5	6	7	8	9	10	341	#
920	805993	0	1	2	3	4	5	6	7	8	12	14	341	#
921	780795	0	1	2	3	4	5	6	7	8	9	14	341	#
922	158240	4	7	8	342	#
923	121121	7	8	13	342	#
924	860319	0	1	2	3	4	5	6	7	8	11	343	#
925	820810	0	1	2	3	4	5	6	7	8	10	343	#
926	805413	0	1	2	3	4	5	6	7	8	9	343	#
927	791857	0	1	2	3	4	5	6	7	8	12	343	#
928	775899	0	1	2	3	4	5	6	7	8	13	343	#
929	750461	0	1	2	3	4	5	6	7	8	14	343	#
930	420206	0	1	2	4	5	7	8	344	#
931	459947	0	1	2	3	4	5	6	344	#
932	426638	0	2	3	4	5	7	8	344	#
933	410390	0	3	4	5	6	7	8	344	#
934	390767	0	1	3	4	5	7	8	344	#
935	388682	0	1	3	4	5	6	7	344	#
936	697514	0	1	2	3	4	5	6	7	8	13	345	#
937	744647	0	1	2	3	4	5	6	7	8	10	345	#
938	732013	0	1	2	3	4	5	6	7	8	9	345	#
939	721294	0	1	2	3	4	5	6	7	8	14	345	#
940	429699	1	2	3	4	5	6	7	413	#
941	233088	0	1	2	346	#
942	173611	0	1	3	346	#
943	269861	0	4	5	7	348	#
944	339821	2	4	5	7	348	#
945	316868	4	5	6	7	348	#
946	237428	0	3	4	7	348	#
947	412754	0	1	2	4	5	7	349	#
948	453364	1	2	4	5	6	7	349	#
949	418734	1	2	4	5	7	8	349	#
950	389612	0	1	2	3	4	5	349	#
951	320157	0	1	4	6	7	8	349	#
952	301207	0	1	2	4	5	13	349	#
953	255830	4	6	7	350	#
954	287827	0	3	6	350	#
955	219254	4	5	7	350	#
956	218121	6	7	8	350	#
957	595875	0	2	3	4	5	6	7	8	14	351	#
958	720423	0	2	4	5	6	7	8	9	10	351	#
959	439554	0	1	3	4	6	7	8	418	#
960	184889	0	4	7	#
961	440529	0	1	3	4	6	7	8	9	13	354	#
962	493317	0	1	2	3	4	6	7	8	9	354	#
963	294495	0	1	4	5	7	355	#
964	378145	0	1	2	4	7	355	#
965	374435	0	1	2	4	5	355	#
966	351472	0	4	5	6	7	355	#
967	295229	1	4	5	6	7	355	#
968	362472	0	1	2	4	5	6	7	9	14	#
969	249543	0	1	3	4	6	7	8	13	357	#
970	353546	0	1	3	4	6	7	11	13	357	#
971	192753	10	11	358	#
972	174168	11	14	358	#
973	137522	10	12	358	#
974	242004	0	1	2	3	4	5	359	#
975	359723	0	2	3	4	5	6	359	#
976	271908	0	1	4	6	7	8	359	#
977	258222	0	1	3	4	6	7	359	#
978	210106	0	1	3	4	5	8	359	#
979	541959	0	3	4	5	6	7	8	360	#
980	591579	0	2	3	4	5	6	7	360	#
981	509368	0	2	3	4	5	7	13	360	#
982	493991	0	3	4	5	6	7	9	360	#
983	460478	1	2	4	5	6	7	9	360	#
984	466133	0	1	2	3	4	5	6	7	12	14	361	#
985	614883	0	1	2	3	4	5	6	7	8	10	361	#
986	565474	0	1	2	3	4	5	6	7	8	11	361	#
987	545823	0	1	2	3	4	5	6	7	8	9	361	#
988	503072	0	1	2	3	4	5	6	7	8	14	361	#
989	716396	0	1	2	3	4	5	6	7	8	10	362	#
990	725401	0	2	3	4	5	6	7	8	10	12	362	#
991	259951	6	7	8	363	#
992	233285	4	6	7	363	#
993	184339	3	6	7	363	#
994	676266	1	2	3	4	5	6	7	8	10	11	#
995	205440	0	1	3	4	366	#
996	269776	0	1	2	3	366	#
997	707344	0	1	2	3	4	5	6	7	8	10	368	#
998	722624	0	1	2	3	4	5	6	7	8	9	368	#
999	712042	0	1	2	3	4	5	6	7	8	11	368	#
1000	699508	0	1	2	3	4	5	6	7	8	14	368	#
1001	668385	0	1	2	3	4	5	6	7	8	12	368	#
1002	246741	4	5	7	8	369	#
1003	258575	2	4	5	9	369	#
1004	244964	1	4	7	8	369	#
1005	209424	1	4	6	7	369	#
1006	225840	0	1	4	11	370	#
1007	319603	0	1	2	5	370	#
1008	196607	1	4	5	10	370	#
1009	278339	0	1	3	10	371	#
1010	295683	0	3	4	11	371	#
1011	210534	3	4	6	7	371	#
1012	174343	1	2	4	7	371	#
1013	167074	0	1	10	13	371	#
1014	218126	6	7	8	372	#
1015	243210	2	7	8	372	#
1016	187291	3	6	7	372	#
1017	615516	0	1	2	4	5	6	7	8	10	12	373	#
1018	645309	0	1	2	3	4	5	6	7	8	11	373	#
1019	531788	0	1	2	3	4	5	7	8	9	374	#
1020	610050	0	1	2	4	5	6	7	8	11	374	#
1021	382490	0	3	4	6	7	8	375	#
1022	395921	0	1	3	6	7	8	375	#
1023	389339	0	2	3	4	5	7	375	#
1024	306650	0	1	3	4	7	8	375	#
1025	268837	4	6	7	8	376	#
1026	192300	0	1	2	4	376	#
1027	468829	0	1	2	3	6	7	8	12	13	377	#
1028	447650	1	2	3	4	5	6	7	8	378	#
1029	463815	0	2	3	4	5	6	7	8	378	#
1030	453806	0	3	4	5	6	7	8	9	378	#
1031	404850	0	1	2	3	4	5	7	8	378	#
1032	357512	0	1	3	4	5	6	7	8	378	#
1033	336994	0	3	4	5	6	379	#
1034	394329	0	3	6	7	8	379	#
1035	290986	0	1	3	4	6	379	#
1036	266256	4	5	7	8	11	379	#
1037	265610	1	3	4	6	7	379	#
1038	213119	0	1	3	4	9	379	#
1039	845752	0	1	2	3	4	5	6	7	8	9	10	11	12	14	380	#
1040	876210	0	1	2	3	4	5	6	7	8	9	10	11	13	14	380	#
1041	818017	0	1	2	3	4	5	6	7	8	9	10	11	12	13	380	#
1042	790917	0	1	2	3	4	5	6	7	8	9	10	12	13	14	380	#
1043	785158	0	1	2	3	4	5	6	7	8	9	11	12	13	14	380	#
1044	764251	0	1	2	3	4	5	6	7	8	10	11	12	13	14	380	#
1045	512948	0	1	2	3	4	5	7	9	381	#
1046	479750	0	3	4	5	7	8	9	12	381	#
1047	463181	0	1	2	3	4	5	6	7	381	#
1048	454736	0	1	2	3	4	5	7	13	381	#
1049	432269	0	1	2	3	4	5	7	8	381	#
1050	427224	0	1	2	3	4	6	7	8	381	#
1051	523449	0	1	2	3	4	6	7	8	11	#
1052	772991	0	1	2	3	4	5	6	7	8	9	10	384	#
1053	802174	0	1	2	3	4	5	6	7	8	9	11	384	#
1054	762101	0	1	2	3	4	5	6	7	8	10	11	384	#
1055	738336	0	1	2	3	4	5	6	7	8	9	12	384	#
1056	727446	0	1	2	3	4	5	6	7	8	11	12	384	#
1057	723815	0	1	2	3	4	5	6	7	8	9	14	384	#
1058	469341	0	1	2	3	4	5	385	#
1059	386485	0	3	4	6	7	8	385	#
1060	504509	0	1	3	4	6	7	8	10	14	#
1061	556237	0	1	2	3	4	5	6	7	12	388	#
1062	629853	0	1	2	3	4	5	7	8	11	388	#
1063	198367	1	2	389	#
1064	252831	2	5	389	#
1065	433374	0	1	2	3	4	5	414	#
1066	368489	0	1	2	4	7	396	#
1067	442539	1	2	4	5	6	7	12	413	#
1068	300364	0	1	3	4	6	7	391	#
1069	414336	1	2	4	6	7	8	391	#
1070	363321	3	4	5	6	7	8	391	#
1071	355499	1	3	4	6	7	8	391	#
1072	332227	0	1	2	4	7	8	391	#
1073	143876	7	8	392	#
1074	81339	4	7	392	#
1075	188804	4	5	393	#
1076	96709	1	4	393	#
1077	445885	1	2	3	4	5	6	7	10	13	394	#
1078	493446	0	1	2	3	4	5	6	7	9	394	#
1079	448960	0	1	2	4	5	6	7	8	9	394	#
1080	314584	0	4	7	8	395	#
1081	302718	4	5	7	8	395	#
1082	172040	0	1	3	4	395	#
1083	317303	0	1	2	3	4	396	#
1084	478807	0	1	2	3	4	5	6	7	14	397	#
1085	487235	0	1	2	3	4	5	6	7	8	397	#
1086	428699	0	1	2	3	4	5	7	8	14	397	#
1087	438880	0	1	2	3	6	398	#
1088	394443	0	1	3	6	14	398	#
1089	393359	0	1	3	6	7	398	#
1090	356533	0	1	2	3	5	398	#
1091	420733	0	1	3	4	5	6	7	8	14	399	#
1092	464587	0	1	3	4	5	6	7	8	12	399	#
1093	737497	0	1	2	3	4	5	6	7	8	13	400	#
1094	751649	0	1	2	3	4	5	6	7	8	11	400	#
1095	734548	0	1	2	3	4	5	6	7	8	14	400	#
1096	722539	0	1	2	3	4	5	6	7	8	10	400	#
1097	403934	0	1	4	5	7	10	14	401	#
1098	484479	0	1	2	3	4	5	6	401	#
1099	471210	0	1	2	3	5	10	13	401	#
1100	449889	0	1	2	3	4	5	7	401	#
1101	445658	0	1	2	4	5	6	7	401	#
1102	429588	1	2	4	5	6	7	14	401	#
1103	847687	0	1	2	3	4	5	6	7	8	10	11	13	402	#
1104	876860	0	1	2	3	4	5	6	7	8	9	11	14	402	#
1105	863977	0	1	2	3	4	5	6	7	8	9	11	13	402	#
1106	860570	0	1	2	3	4	5	6	7	8	10	11	14	402	#
1107	811621	0	1	2	3	4	5	6	7	8	9	12	13	402	#
1108	808911	0	1	2	3	4	5	6	7	8	11	12	13	402	#
1109	478522	0	1	3	4	5	6	404	#
1110	478999	0	1	2	3	4	5	404	#
1111	456028	0	1	3	4	6	8	404	#
1112	399459	0	1	4	5	6	13	404	#
1113	353245	0	3	4	6	7	8	404	#
1114	489219	0	1	2	3	5	6	7	13	14	405	#
1115	551128	0	1	2	3	5	6	7	8	10	405	#
1116	538756	0	1	3	4	5	6	7	8	11	405	#
1117	446648	0	1	2	3	4	5	7	8	12	406	#
1118	589075	0	1	3	4	5	6	7	8	14	406	#
1119	581140	0	1	2	3	4	5	6	7	9	406	#
1120	296145	3	4	6	7	8	407	#
1121	363157	4	6	7	8	14	407	#
1122	360734	0	4	6	7	8	407	#
1123	290210	1	4	5	6	7	407	#
1124	233675	1	4	5	7	8	407	#
1125	331063	0	1	3	4	5	6	7	8	408	#
1126	436706	0	1	2	3	4	6	7	10	408	#
1127	403270	0	1	2	4	5	6	7	8	408	#
1128	373661	0	1	2	3	4	5	6	7	408	#
1129	368112	0	1	2	3	4	6	7	8	408	#
1130	420207	0	1	2	3	4	5	7	8	13	#
1131	253217	1	2	4	411	#
1132	340259	1	2	5	411	#
1133	222690	1	4	5	411	#
1134	368396	0	1	2	3	4	5	412	#
1135	501580	0	1	2	4	5	11	412	#
1136	424495	0	1	2	4	5	8	412	#
1137	421436	1	2	4	5	6	7	412	#
1138	371046	0	1	2	4	5	7	412	#
1139	304803	1	3	4	5	6	7	412	#
1140	435782	1	2	4	5	6	7	8	413	#
1141	464519	0	1	2	3	4	5	6	413	#
1142	464231	2	3	4	5	6	7	8	413	#
1143	245892	0	3	12	14	421	#
1144	250064	0	1	3	6	421	#
1145	391702	0	1	2	4	9	422	#
1146	442717	0	1	2	3	4	422	#
1147	439939	0	1	2	4	5	422	#
1148	373942	0	1	3	7	8	422	#
1149	348810	0	1	4	5	9	422	#
1150	328431	0	1	4	6	7	422	#
1151	653767	0	1	2	3	4	5	6	7	10	423	#
1152	678575	0	1	2	3	4	5	6	7	11	423	#
1153	173528	1	2	424	#
1154	149230	2	12	424	#
1155	607232	0	1	2	3	4	6	7	9	10	11	425	#
1156	678494	0	2	3	4	5	6	7	8	10	14	425	#
1157	641156	0	1	2	3	4	5	6	7	8	11	425	#
1158	628735	0	1	2	3	4	5	6	7	8	10	425	#
1159	617825	0	1	2	3	4	5	6	7	8	9	425	#
1160	582177	0	1	2	3	4	5	6	7	8	12	425	#
1161	309663	2	4	5	7	426	#
1162	339009	0	2	4	5	426	#
1163	293001	4	5	6	7	426	#
1164	254151	1	2	4	5	426	#
1165	239989	0	3	4	7	426	#
1166	459266	0	1	2	3	4	5	6	7	12	427	#
1167	463511	0	1	2	3	4	6	7	8	13	427	#
1168	246247	1	2	4	5	428	#
1169	196497	0	1	4	5	428	#
1170	700999	0	1	2	3	4	5	6	7	8	12	429	#
1171	732525	0	1	2	3	4	5	6	7	8	10	429	#
1172	253193	0	1	2	4	430	#
1173	264530	1	2	4	7	430	#
1174	204710	1	4	7	8	430	#
1175	176640	0	1	4	13	430	#
1176	172465	0	4	7	8	430	#
1177	492023	0	1	2	4	5	6	7	8	431	#
1178	469983	1	2	3	4	5	6	7	8	431	#
1179	456318	0	1	2	4	5	7	8	10	431	#
1180	418115	0	1	3	4	5	6	7	8	431	#
1181	334050	0	1	2	3	4	6	7	432	#
1182	377761	2	3	4	5	6	7	8	432	#
1183	358232	0	1	2	3	4	5	6	432	#
1184	300872	1	3	4	5	6	7	8	432	#
1185	297049	0	1	3	4	6	7	8	432	#
1186	274459	0	1	2	3	4	5	7	432	#
1187	762148	0	1	2	3	4	5	6	7	8	10	12	13	433	#
1188	976020	0	1	2	3	4	5	6	7	8	9	10	11	433	#
1189	908281	0	1	2	3	4	5	6	7	8	10	11	14	433	#
1190	896140	0	1	2	3	4	5	6	7	8	9	11	13	433	#
1191	882401	0	1	2	3	4	5	6	7	8	10	11	12	433	#
1192	845255	0	1	2	3	4	5	6	7	8	9	10	12	433	#
1193	373509	4	5	6	7	8	434	#
1194	452214	0	1	2	4	5	434	#
1195	421899	0	3	6	7	8	434	#
1196	408002	1	2	4	7	8	434	#
1197	385827	0	3	4	6	7	434	#
1198	381894	0	1	4	7	8	434	#
1199	648130	1	2	3	4	5	6	7	8	9	435	#
