%% File generated by CATS v.2.1Mon Aug 19 20:28:29 2019

%% The CATS webpage is http://robotics.stanford.edu/CATS

%% PARAMETER SETTINGS:
% Goods: 15; Bids: 150; Distribution: regions; Runs: 10; Seed: 1566264184
% Regions Distribution Parameters:
% Max Substitutable Bids = 5
% Removing HV Neighbor   = 0.1
% Adding DIAG Neighbor   = 0.2
% Additional Location    = 0.9
% Jump Probability       = 0.05
% Additivity             = 0.2
% Budget Factor          = 1.5
% Resale Factor          = 0.5
% Uniform Private Value:
%   Deviation            = 0.5
%   Max Good Value       = 100



goods 15
bids 153
dummy 45

0	587385	0	1	2	3	4	5	6	7	8	#
1	94571	11	#
2	119080	12	#
3	236568	6	7	#
4	654041	0	1	2	3	4	5	6	7	8	10	14	42	#
5	578663	0	1	2	3	4	5	6	7	14	15	#
6	493784	0	2	3	4	5	6	7	11	13	15	#
7	414901	0	1	2	3	4	5	6	16	#
8	490873	1	2	3	4	5	6	14	16	#
9	453476	1	2	3	4	5	6	7	16	#
10	434887	0	2	3	4	5	6	7	16	#
11	810502	0	1	2	3	4	5	6	7	8	9	10	11	12	13	14	#
12	56655	6	#
13	114922	14	#
14	248809	7	8	#
15	466666	0	1	2	3	4	5	6	8	57	#
16	101073	10	#
17	380307	6	7	8	10	19	#
18	318153	3	4	8	10	19	#
19	312931	3	6	7	8	19	#
20	233988	0	3	6	7	19	#
21	478340	0	1	2	3	5	6	7	8	13	20	#
22	586702	1	3	4	5	7	8	11	13	14	20	#
23	569606	0	1	2	3	4	5	7	8	11	20	#
24	549887	0	1	2	3	4	5	7	8	12	20	#
25	517752	0	1	2	3	4	5	6	7	8	20	#
26	335920	0	1	2	3	4	5	6	21	#
27	491899	1	2	4	5	6	7	8	21	#
28	380176	0	2	3	4	5	6	7	21	#
29	364337	0	3	4	5	6	7	8	21	#
30	173733	1	2	22	#
31	169457	2	5	22	#
32	585704	0	1	2	3	4	5	7	8	13	14	24	#
33	586708	0	1	2	3	4	5	7	8	9	14	24	#
34	254089	0	3	6	7	8	14	25	#
35	374007	1	2	3	4	5	8	25	#
36	319780	3	5	6	7	8	11	25	#
37	282813	0	1	3	4	5	6	25	#
38	533227	0	1	2	3	4	6	7	8	9	10	26	#
39	617349	0	1	2	3	4	6	7	8	9	14	26	#
40	562241	0	1	2	3	4	5	6	7	8	12	26	#
41	274177	1	2	5	8	27	#
42	246803	1	2	4	5	27	#
43	245329	1	3	4	5	27	#
44	229833	2	5	7	8	27	#
45	206723	5	6	7	8	27	#
46	349079	6	7	8	28	#
47	304547	5	7	8	28	#
48	251924	3	6	7	28	#
49	105990	0	3	4	5	8	29	#
50	324330	4	5	6	7	8	29	#
51	294937	3	4	6	7	8	29	#
52	282058	1	3	4	6	7	29	#
53	44412	13	#
54	606831	0	1	2	3	4	5	6	7	8	30	#
55	716340	1	2	3	4	5	6	7	8	10	30	#
56	156201	1	4	#
57	388112	1	2	4	5	9	10	31	#
58	515295	2	4	5	6	7	8	31	#
59	506264	1	2	4	5	7	8	31	#
60	447366	1	2	4	5	8	9	31	#
61	289197	1	2	3	4	5	10	31	#
62	615528	0	1	2	3	4	5	6	7	8	9	10	40	#
63	511910	0	2	3	4	5	7	8	9	57	#
64	476970	0	1	2	3	4	6	7	8	9	32	#
65	466522	1	2	3	4	5	6	7	8	13	32	#
66	694006	0	1	2	3	4	5	6	7	8	33	#
67	713059	0	1	2	3	4	6	7	8	9	33	#
68	650002	0	1	2	3	4	5	7	8	9	33	#
69	612762	0	1	3	4	5	6	7	8	9	33	#
70	610612	0	1	2	3	5	6	7	8	13	33	#
71	610509	0	1	3	4	6	7	8	9	10	33	#
72	394062	0	3	6	7	8	34	#
73	315061	1	3	4	6	7	34	#
74	313226	3	4	5	7	8	34	#
75	282862	0	3	4	6	7	34	#
76	607122	0	1	2	3	4	5	6	7	8	35	#
77	680194	0	3	4	5	6	7	8	10	14	35	#
78	607363	0	1	2	3	4	5	6	7	14	35	#
79	154543	11	12	36	#
80	107288	3	12	36	#
81	89974	6	11	36	#
82	565134	1	2	3	4	5	6	7	8	14	#
83	98436	9	#
84	527164	1	2	3	4	5	6	7	8	11	#
85	673098	0	1	2	3	4	5	6	7	8	10	14	40	#
86	740231	0	1	2	3	4	5	7	8	11	12	14	40	#
87	684034	0	1	2	3	4	5	6	7	8	11	14	40	#
88	678324	0	1	2	3	4	5	6	7	8	9	14	40	#
89	626464	0	1	2	3	4	5	6	7	8	9	11	40	#
90	491362	0	1	2	3	4	5	6	7	13	#
91	690063	0	1	2	3	4	5	6	7	8	11	12	42	#
92	695295	0	1	2	3	4	5	6	7	8	9	12	42	#
93	675779	0	1	2	3	4	5	6	7	8	10	11	42	#
94	672307	0	1	2	3	4	5	6	7	8	9	11	42	#
95	668326	0	1	2	3	4	5	6	7	8	12	14	42	#
96	352764	5	7	8	43	#
97	311181	2	4	5	43	#
98	431440	1	2	3	4	5	44	#
99	489778	1	2	5	7	8	44	#
100	476450	1	2	4	5	8	44	#
101	399958	1	3	4	6	7	44	#
102	233744	2	5	8	45	#
103	309879	6	7	8	45	#
104	129108	1	2	4	45	#
105	906134	0	1	2	3	4	5	6	7	8	10	11	12	14	46	#
106	905870	0	1	2	3	4	5	6	7	8	9	10	11	14	46	#
107	889349	0	1	2	3	4	5	6	7	8	10	12	13	14	46	#
108	878707	0	1	2	3	4	5	6	7	8	10	11	12	13	46	#
109	859559	0	1	2	3	4	5	6	7	8	9	10	12	13	46	#
110	853511	0	1	2	3	4	5	6	7	8	9	11	13	14	46	#
111	200007	0	1	3	4	47	#
112	233555	1	2	3	4	47	#
113	133393	0	3	4	5	47	#
114	58519	7	#
115	185655	2	5	8	48	#
116	223245	5	7	8	48	#
117	203916	4	5	8	48	#
118	197277	1	2	4	48	#
119	472834	0	1	2	3	4	6	7	8	49	#
120	492820	0	2	3	5	6	7	8	9	49	#
121	478164	0	1	2	3	4	6	7	9	49	#
122	456055	1	2	3	4	5	6	7	8	49	#
123	412545	0	1	2	3	4	5	6	7	49	#
124	397962	0	1	3	4	6	7	8	10	49	#
125	273976	0	1	3	4	5	50	#
126	315156	1	2	3	4	5	50	#
127	309257	0	3	4	5	8	50	#
128	242697	0	1	3	4	6	50	#
129	510064	0	1	2	3	4	5	6	11	14	#
130	436684	0	1	2	3	4	6	7	8	10	53	#
131	513377	0	2	3	4	5	6	8	14	57	#
132	513373	0	1	2	3	4	6	7	8	9	53	#
133	175481	5	7	54	#
134	227279	6	7	54	#
135	97474	4	5	54	#
136	306026	1	3	4	9	55	#
137	249565	1	3	4	5	55	#
138	217137	3	6	7	9	55	#
139	600919	0	1	2	3	4	6	7	8	14	#
140	496500	0	2	3	4	5	6	7	8	57	#
141	450553	2	3	4	5	7	8	58	#
142	523383	1	2	4	5	7	8	58	#
143	446697	2	3	5	6	7	8	58	#
144	404571	1	2	3	4	5	8	58	#
145	355241	0	1	2	3	4	5	58	#
146	313644	0	2	3	4	5	6	58	#
147	715425	0	1	2	3	4	5	6	7	8	10	13	59	#
148	745028	0	1	2	3	4	5	6	7	8	13	14	59	#
149	738702	0	1	2	3	4	5	6	7	8	12	14	59	#
150	710917	0	1	2	3	4	5	6	7	8	12	13	59	#
151	709099	0	1	2	3	4	5	6	7	8	10	12	59	#
152	701857	0	1	2	3	4	5	6	7	8	9	13	59	#
