%% File generated by CATS v.2.1Mon Aug 19 18:22:41 2019

%% The CATS webpage is http://robotics.stanford.edu/CATS

%% PARAMETER SETTINGS:
% Goods: 50; Bids: 500; Distribution: regions-npv; Runs: 10; Seed: 1566241816
% Regions Distribution Parameters:
% Max Substitutable Bids = 5
% Removing HV Neighbor   = 0.1
% Adding DIAG Neighbor   = 0.2
% Additional Location    = 0.9
% Jump Probability       = 0.05
% Additivity             = 0.2
% Budget Factor          = 1.5
% Resale Factor          = 0.5
% Normal Private Value:
%   Mean                 = 0
%   Standard Deviation   = 30



goods 50
bids 501
dummy 92

0	729293	23	28	29	30	31	35	36	37	43	44	50	#
1	835387	23	24	25	28	29	35	36	37	42	43	50	#
2	820761	9	15	16	22	23	28	29	35	36	43	50	#
3	747218	14	15	16	22	23	28	29	35	36	42	50	#
4	742339	15	16	23	29	30	31	35	36	42	43	50	#
5	719321	20	28	29	35	36	42	43	44	45	46	50	#
6	212137	36	37	44	51	#
7	263427	36	37	38	51	#
8	249778	43	44	45	51	#
9	238649	22	29	36	51	#
10	337806	27	33	34	52	#
11	272833	20	27	34	52	#
12	217903	20	27	39	52	#
13	563753	1	2	3	4	5	6	9	10	11	13	17	18	21	53	#
14	791138	2	3	4	9	10	11	16	17	18	23	25	26	29	53	#
15	771752	0	1	2	3	4	7	9	10	16	21	22	23	29	53	#
16	734738	2	3	4	5	6	10	11	12	13	19	20	27	34	53	#
17	730647	2	3	4	7	9	10	11	12	13	14	17	19	26	53	#
18	724469	0	1	2	3	7	10	14	17	39	40	46	47	48	53	#
19	1501624	6	14	21	23	26	28	29	30	31	32	33	34	36	37	38	39	40	41	44	45	46	47	54	#
20	1614210	14	21	22	25	26	27	29	32	33	34	35	36	37	39	40	41	43	44	45	46	47	48	54	#
21	1612474	2	9	11	12	14	15	16	19	20	21	22	23	26	27	28	29	30	31	32	34	37	41	54	#
22	1573290	3	4	5	10	11	12	13	19	20	25	26	30	31	32	33	34	37	39	40	41	46	47	54	#
23	1571509	16	21	22	23	25	28	29	30	32	33	34	35	37	38	39	40	41	44	45	46	47	48	54	#
24	1567325	14	15	16	21	22	28	29	30	31	32	33	34	36	37	38	39	40	41	44	45	46	47	54	#
25	534798	23	29	30	35	36	37	55	#
26	452134	3	9	15	16	23	30	55	#
27	448967	23	29	35	36	37	42	55	#
28	443514	29	36	37	38	43	44	55	#
29	437797	9	15	16	37	38	39	55	#
30	431287	13	16	20	23	29	30	55	#
31	820045	0	1	2	7	8	9	14	15	16	21	22	23	24	29	30	56	#
32	1160059	14	15	16	21	22	23	24	28	29	30	31	35	36	37	44	56	#
33	1140237	1	7	8	14	15	21	23	28	29	35	36	37	42	43	44	56	#
34	1112561	7	13	14	15	20	21	22	23	28	29	35	36	43	44	48	56	#
35	1068699	16	21	22	23	24	25	28	29	30	31	32	36	37	43	44	56	#
36	1039714	16	17	18	22	23	24	29	30	31	35	36	37	38	42	43	56	#
37	482820	0	1	2	3	4	7	10	11	14	15	57	#
38	631090	4	5	10	11	12	13	18	24	25	26	57	#
39	594886	3	4	5	10	11	12	13	18	25	26	57	#
40	568550	3	4	5	10	11	12	13	18	19	20	57	#
41	528710	2	3	4	10	11	12	17	18	24	33	57	#
42	508846	7	14	15	16	21	22	23	28	29	30	57	#
43	1188960	10	11	12	13	19	20	27	30	34	36	37	38	39	44	45	46	58	#
44	1294745	16	21	22	23	24	28	29	36	37	38	39	43	44	45	46	47	58	#
45	1264544	2	3	14	15	16	21	22	23	24	25	28	29	30	35	36	37	58	#
46	1241212	22	23	24	28	29	30	35	36	37	38	39	42	43	44	45	46	58	#
47	1234192	18	21	22	23	24	25	28	29	30	32	35	36	37	38	43	44	58	#
48	1162900	10	11	16	17	18	22	23	24	25	26	27	29	30	32	33	34	58	#
49	500443	32	39	40	44	45	46	47	48	59	#
50	713915	36	37	38	39	43	45	46	47	59	#
51	669865	32	38	39	44	45	46	47	48	59	#
52	546061	38	39	40	41	45	46	47	48	59	#
53	492686	37	38	39	40	41	46	47	48	59	#
54	476062	0	33	40	41	45	46	47	48	59	#
55	589587	11	17	18	25	37	39	43	44	45	46	60	#
56	793568	4	11	23	29	36	37	43	44	45	46	60	#
57	734375	23	29	30	35	36	37	38	44	45	46	60	#
58	712530	9	16	23	28	29	30	31	35	36	37	60	#
59	704666	10	17	18	19	25	26	31	32	33	34	60	#
60	699465	3	4	10	11	17	18	19	20	26	33	60	#
61	496060	11	12	17	18	19	24	25	26	32	61	#
62	661240	4	5	11	12	13	18	19	26	27	61	#
63	644614	11	12	13	18	19	20	25	27	34	61	#
64	595804	5	12	18	19	25	26	32	33	40	61	#
65	555249	0	4	11	12	18	23	24	25	30	61	#
66	548271	8	11	12	13	18	19	20	25	27	61	#
67	1424238	0	1	7	14	15	17	18	21	22	23	24	25	28	29	35	36	38	42	43	44	45	62	#
68	1480072	19	22	23	24	25	26	28	29	31	32	33	35	36	38	39	40	41	42	43	44	45	62	#
69	1466923	4	11	14	15	16	17	18	19	21	22	23	24	25	28	29	30	31	35	36	43	44	62	#
70	1394068	17	18	21	22	23	24	28	29	32	35	36	37	38	39	40	41	42	43	44	45	46	62	#
71	1367927	4	7	11	14	15	16	17	18	21	22	23	25	28	29	32	35	36	39	42	43	44	62	#
72	1363212	7	14	15	21	22	23	24	28	29	31	32	35	36	37	38	39	42	43	44	45	46	62	#
73	111849	3	10	63	#
74	113443	10	11	63	#
75	337926	0	7	8	9	10	17	64	#
76	377176	0	1	7	8	14	15	64	#
77	364163	10	11	12	17	23	24	64	#
78	359329	0	1	2	7	8	14	64	#
79	343037	7	8	9	10	16	17	64	#
80	339197	8	9	10	11	17	18	64	#
81	401856	11	12	21	22	23	65	#
82	407408	15	21	22	23	24	65	#
83	380222	21	22	23	29	36	65	#
84	342349	14	21	28	29	35	65	#
85	237782	10	11	17	18	40	65	#
86	165746	5	6	12	13	20	65	#
87	436027	2	3	9	10	11	17	18	19	25	66	#
88	539144	10	11	12	17	18	19	24	25	26	66	#
89	497709	2	3	4	10	11	17	18	25	26	66	#
90	494761	10	17	18	19	20	23	24	25	26	66	#
91	430579	3	4	5	6	9	10	11	12	18	66	#
92	399144	2	3	4	8	9	10	11	12	34	66	#
93	24039	40	#
94	616453	0	1	2	7	8	15	16	17	23	24	67	#
95	792865	12	16	17	18	19	21	22	23	24	29	67	#
96	749060	0	1	7	9	14	15	16	22	23	24	67	#
97	744408	7	14	15	16	21	22	23	24	28	29	67	#
98	723452	1	2	9	10	16	22	23	24	25	30	67	#
99	682538	13	14	15	20	21	22	23	24	28	29	67	#
100	108590	21	22	68	#
101	124961	22	29	68	#
102	518277	12	13	19	20	26	27	33	34	69	#
103	718067	19	24	26	27	32	33	34	40	69	#
104	645147	19	20	25	26	27	32	33	34	69	#
105	609179	32	33	34	38	39	40	45	46	69	#
106	536963	12	18	19	20	26	27	33	34	69	#
107	482111	11	12	18	19	25	26	33	40	69	#
108	138576	5	11	12	70	#
109	166667	4	11	12	70	#
110	116059	5	6	13	70	#
111	101006	10	11	17	70	#
112	121661	17	18	19	71	#
113	109580	10	17	18	71	#
114	103501	10	17	27	71	#
115	59928	24	#
116	133316	25	27	72	#
117	190018	26	27	72	#
118	93791	25	#
119	1391833	21	23	25	26	28	29	30	31	32	33	34	35	36	37	38	39	40	42	44	46	47	73	#
120	1525244	0	7	14	18	24	25	26	27	30	31	32	33	34	36	37	38	39	44	45	46	47	73	#
121	1508121	14	16	21	22	23	25	29	30	31	32	33	36	37	38	39	40	41	43	44	45	46	73	#
122	1505664	14	21	23	28	29	30	33	34	35	36	37	38	39	40	41	43	44	45	46	47	48	73	#
123	1492260	19	22	23	24	25	26	28	29	30	31	32	36	37	38	39	40	44	45	46	47	48	73	#
124	1488753	14	15	16	17	21	22	23	24	25	28	29	30	32	33	36	37	38	39	40	44	45	73	#
125	81417	0	1	8	74	#
126	22746	1	7	8	74	#
127	1646141	0	1	7	8	14	17	19	20	21	22	23	24	25	26	27	28	29	30	31	32	33	35	36	37	44	45	75	#
128	1775206	1	2	3	4	5	6	8	9	14	15	16	21	22	23	24	26	28	29	33	35	36	37	43	44	45	46	75	#
129	1733269	11	15	16	18	19	20	21	22	23	24	25	26	27	28	30	31	32	33	34	36	37	38	39	40	43	44	75	#
130	1723390	0	1	2	3	6	7	8	14	15	16	21	22	23	24	25	26	28	29	30	31	35	36	37	38	43	44	75	#
131	1698167	4	5	12	21	22	23	24	25	26	28	29	31	32	33	34	35	36	37	38	39	40	42	44	45	46	47	75	#
132	1697122	0	1	2	3	4	5	7	8	9	11	14	15	16	18	19	21	22	23	24	25	26	27	28	30	32	33	75	#
133	63312	35	#
134	779828	13	17	18	19	20	24	25	26	27	33	34	40	76	#
135	1014519	17	18	19	20	24	25	26	30	31	32	33	36	76	#
136	873552	18	25	26	31	32	33	34	38	39	40	47	48	76	#
137	832510	11	12	18	19	20	25	26	27	33	34	40	41	76	#
138	832120	20	25	26	27	32	33	36	38	39	40	44	45	76	#
139	803091	19	20	26	27	33	34	38	39	40	41	47	48	76	#
140	187948	0	1	2	7	8	77	#
141	220779	0	1	7	8	14	77	#
142	177500	1	2	8	9	10	77	#
143	166324	1	7	8	9	10	77	#
144	3054150	1	2	3	4	5	6	7	8	9	10	11	12	14	15	16	17	18	19	21	22	23	24	25	26	27	28	29	30	31	32	33	34	35	36	37	38	39	40	41	42	43	44	45	46	47	48	78	#
145	3152616	0	1	2	3	4	5	6	8	9	10	11	12	13	14	15	16	17	18	19	20	21	22	23	24	25	26	28	29	30	31	32	33	34	35	36	37	38	39	40	41	43	44	45	46	47	48	78	#
146	3110862	0	1	2	3	4	5	6	8	9	10	11	12	13	14	15	16	17	18	19	20	21	22	23	24	25	26	27	28	29	30	31	32	33	34	35	36	37	38	39	40	41	44	45	46	47	48	78	#
147	3094895	0	1	2	3	4	5	6	7	8	9	10	11	12	13	14	15	16	17	18	19	20	21	22	23	24	25	26	28	29	30	31	32	33	34	35	36	37	38	39	40	43	44	45	46	47	48	78	#
148	3090769	0	1	2	3	4	5	6	7	8	9	10	11	12	13	15	16	17	18	19	20	22	23	24	25	26	27	28	29	30	31	32	33	34	35	36	37	38	39	40	41	43	44	45	46	47	48	78	#
149	3090618	0	1	2	3	4	5	6	7	8	9	10	11	12	13	14	15	16	17	18	19	20	22	23	24	25	26	27	28	29	30	32	33	34	35	36	37	38	39	40	41	43	44	45	46	47	48	78	#
150	564250	4	10	11	17	18	24	25	26	32	79	#
151	786063	16	22	23	24	25	29	30	31	32	79	#
152	724909	18	24	25	26	27	31	32	33	34	79	#
153	628254	9	10	17	18	24	25	32	33	34	79	#
154	610204	10	17	18	23	24	25	29	30	33	79	#
155	606844	3	10	17	18	19	22	23	24	25	79	#
156	165334	23	28	29	80	#
157	153104	22	23	29	80	#
158	139230	18	19	28	80	#
159	533739	22	23	29	30	35	37	42	44	81	#
160	749141	14	21	23	28	29	36	37	38	81	#
161	659703	14	15	16	23	35	36	37	44	81	#
162	648723	15	16	22	23	30	31	37	38	81	#
163	626786	21	28	30	35	36	37	38	45	81	#
164	572441	9	16	21	23	28	29	36	37	81	#
165	1878630	2	3	4	5	6	9	11	12	13	19	20	23	25	26	27	29	30	31	32	33	34	36	37	38	40	41	44	45	47	82	#
166	1992932	3	4	11	16	17	18	19	20	21	22	23	24	25	26	27	30	31	32	33	34	36	37	38	39	40	41	45	47	48	82	#
167	1963336	12	14	19	20	21	22	23	24	25	26	27	29	30	31	32	33	34	36	37	38	39	40	41	43	44	45	46	47	48	82	#
168	1959044	10	11	12	13	14	15	16	17	18	19	20	22	23	24	25	26	27	30	31	32	33	34	35	36	38	40	41	44	47	82	#
169	1953318	3	10	11	12	17	18	19	20	24	25	26	27	30	31	32	33	34	36	37	38	39	40	41	43	44	45	46	47	48	82	#
170	1868566	9	10	14	15	16	21	22	23	24	25	26	28	29	30	31	32	33	34	36	37	38	39	40	41	43	44	46	47	48	82	#
171	114767	17	18	83	#
172	154529	18	19	83	#
173	112934	35	42	#
174	215614	9	17	24	25	84	#
175	296616	18	19	25	42	84	#
176	251389	17	18	24	25	84	#
177	178991	10	17	24	37	84	#
178	153599	1	2	9	16	84	#
179	742769	1	2	3	4	8	9	10	11	16	17	23	24	25	29	30	31	36	85	#
180	1073779	2	9	16	23	29	30	32	33	36	37	38	39	40	43	44	45	46	85	#
181	1063660	17	19	22	23	24	25	26	29	32	33	34	38	39	40	45	46	47	85	#
182	1034168	17	24	25	26	27	31	32	33	34	35	36	37	39	40	42	45	46	85	#
183	1001786	3	4	5	10	15	16	17	18	22	23	24	25	29	32	33	34	39	85	#
184	936029	3	4	5	6	11	13	17	18	19	24	25	26	27	32	33	34	42	85	#
185	1583339	2	8	9	14	15	16	21	22	23	24	25	26	28	29	30	31	32	35	36	37	38	39	40	42	43	44	45	46	86	#
186	1863782	3	4	5	11	12	13	16	18	19	23	26	27	28	29	30	31	32	33	35	36	37	38	39	40	41	43	44	45	86	#
187	1826755	4	10	11	12	14	15	17	19	21	22	23	24	26	28	29	30	31	32	35	36	37	38	39	42	43	44	45	46	86	#
188	1809330	3	4	5	6	9	10	11	12	13	16	17	19	20	21	22	23	28	29	30	31	32	36	37	38	39	44	45	46	86	#
189	1798240	5	12	16	19	20	22	23	24	25	26	27	29	30	31	32	33	34	36	38	39	40	41	43	44	45	46	47	48	86	#
190	1789208	8	9	11	14	15	16	17	18	19	21	22	23	24	25	26	28	29	30	31	32	33	35	36	37	38	43	44	45	86	#
191	619683	2	3	4	5	6	9	10	11	12	18	19	87	#
192	750236	5	6	11	12	13	18	19	20	24	25	27	87	#
193	716721	3	4	5	6	11	12	13	18	20	24	25	87	#
194	700139	11	18	25	32	38	39	40	44	45	46	47	87	#
195	670953	3	4	5	6	11	12	13	18	19	20	26	87	#
196	666775	5	10	11	12	17	18	19	24	26	27	38	87	#
197	623561	2	7	8	14	15	16	21	22	23	29	30	88	#
198	896850	21	22	23	24	25	28	29	36	37	43	44	88	#
199	884587	14	15	21	22	23	29	30	35	36	37	44	88	#
200	858476	14	15	21	22	23	24	28	29	30	37	38	88	#
201	842489	14	21	22	23	24	25	28	29	30	35	36	88	#
202	833630	14	15	16	21	22	23	28	29	30	35	37	88	#
203	737951	35	36	37	38	39	40	44	45	46	47	48	89	#
204	782437	9	23	29	35	36	37	42	43	44	45	46	89	#
205	722009	3	10	36	37	38	39	43	44	45	46	47	89	#
206	721813	23	29	30	36	37	38	39	43	44	45	46	89	#
207	684233	22	32	33	37	38	39	40	45	46	47	48	89	#
208	681157	4	5	6	25	26	32	33	39	40	41	46	89	#
209	397272	30	31	32	37	44	45	90	#
210	566330	25	30	31	32	37	38	90	#
211	525138	30	31	36	37	38	39	90	#
212	515143	14	21	28	36	43	44	90	#
213	493591	36	37	38	39	44	45	90	#
214	442443	25	26	27	32	38	39	90	#
215	717599	14	15	21	22	23	28	29	30	36	43	48	91	#
216	1020682	2	30	31	32	35	36	37	38	42	43	44	91	#
217	1014123	0	7	22	23	24	30	31	37	38	43	44	91	#
218	904345	23	28	29	30	35	36	37	38	39	43	44	91	#
219	822369	14	15	21	22	23	28	29	30	35	36	43	91	#
220	815306	25	26	32	33	34	38	39	40	46	47	48	91	#
221	922608	7	8	9	14	15	16	21	22	23	30	31	36	37	44	92	#
222	1114690	23	24	28	29	30	31	32	36	37	38	41	43	44	45	92	#
223	1093644	16	17	23	24	29	30	31	37	38	39	43	44	45	46	92	#
224	1090637	1	7	14	15	21	22	23	24	25	28	29	30	36	37	92	#
225	1048277	0	1	2	3	4	7	8	9	14	16	22	23	24	29	92	#
226	1038153	16	21	22	23	28	29	30	35	36	37	38	43	44	45	92	#
227	1137466	4	5	6	10	11	12	13	17	18	19	20	24	25	27	34	93	#
228	1177410	4	5	6	10	11	12	13	17	18	19	20	24	25	32	33	93	#
229	1166109	4	11	12	13	15	16	17	18	19	24	25	26	31	32	33	93	#
230	1152819	3	4	5	6	11	12	13	18	19	20	24	25	26	27	34	93	#
231	1109630	4	5	6	11	12	13	17	18	19	20	24	25	26	33	40	93	#
232	1102012	5	6	10	11	12	13	18	19	20	25	26	27	32	33	34	93	#
233	492977	25	32	38	39	40	41	46	94	#
234	549248	29	32	37	38	39	45	46	94	#
235	522709	38	39	40	41	45	46	47	94	#
236	522175	32	33	34	38	39	40	41	94	#
237	493160	33	38	39	40	45	46	47	94	#
238	404404	8	25	32	33	39	40	41	94	#
239	1714950	14	15	16	21	22	23	24	25	26	28	29	30	31	32	35	36	37	38	39	42	43	44	45	46	95	#
240	1810872	3	4	10	11	15	16	18	19	20	22	23	24	25	26	27	29	30	31	32	35	36	37	38	44	95	#
241	1781895	4	5	9	10	12	13	14	16	17	21	22	23	24	28	29	30	31	35	36	37	38	43	44	45	95	#
242	1705995	3	9	10	11	14	15	16	17	18	21	22	23	24	25	26	32	36	38	39	43	44	45	46	47	95	#
243	1697737	0	1	2	3	7	8	9	14	15	16	21	22	23	24	28	29	30	31	36	37	38	43	44	45	95	#
244	1695178	9	10	16	17	18	21	22	23	24	28	29	30	31	35	36	37	38	42	43	44	45	46	47	48	95	#
245	374156	32	33	38	39	45	96	#
246	366383	26	27	33	34	45	96	#
247	335434	30	36	37	38	45	96	#
248	296427	32	38	39	45	46	96	#
249	280225	38	43	44	45	46	96	#
250	236366	38	39	40	46	47	96	#
251	252883	5	6	13	20	97	#
252	299316	5	11	12	13	97	#
253	256877	17	20	27	34	97	#
254	233154	5	6	12	13	97	#
255	67295	40	41	#
256	77480	29	#
257	297345	4	32	39	46	98	#
258	329557	25	26	31	32	98	#
259	259041	3	4	11	12	98	#
260	216300	39	40	45	46	98	#
261	211228	32	33	39	40	98	#
262	83490	46	#
263	575830	10	11	12	13	14	18	20	23	29	99	#
264	679394	7	14	15	16	21	26	28	29	35	99	#
265	664495	9	14	16	21	22	23	28	29	30	99	#
266	625106	14	15	16	21	22	23	29	30	31	99	#
267	588893	5	6	10	11	12	13	18	19	20	99	#
268	587277	4	5	6	9	10	11	12	19	26	99	#
269	954918	2	3	4	5	6	10	11	12	13	17	18	19	23	24	29	30	100	#
270	1201698	3	9	10	11	16	21	22	23	28	29	30	31	35	36	37	42	100	#
271	1192370	14	15	21	22	23	26	28	29	30	31	32	33	35	36	40	42	100	#
272	1175166	4	9	10	11	15	16	17	18	19	20	22	23	24	26	29	33	100	#
273	1104200	4	5	6	10	11	12	13	17	18	19	20	26	27	32	33	34	100	#
274	1044411	3	4	5	6	9	10	11	12	13	16	17	18	19	20	26	27	100	#
275	1154617	0	1	2	3	4	5	6	7	8	9	10	11	12	13	14	16	17	19	20	21	24	101	#
276	1506545	0	3	4	5	6	10	11	12	28	29	30	31	35	36	37	38	39	43	44	45	46	101	#
277	1421693	3	4	5	9	10	11	12	17	18	19	24	25	30	31	37	38	39	45	46	47	48	101	#
278	1416175	1	2	3	4	5	9	10	11	12	17	22	24	25	26	29	30	36	37	43	44	45	101	#
279	1391634	0	1	2	3	4	5	8	9	10	11	15	16	17	18	19	20	24	25	26	27	33	101	#
280	1355804	0	1	2	3	4	5	8	9	10	11	12	16	17	18	19	20	24	25	26	27	33	101	#
281	152580	9	16	102	#
282	162527	15	16	102	#
283	701149	3	9	10	11	16	17	23	24	25	103	#
284	748758	23	25	26	30	32	33	36	37	39	103	#
285	703298	9	10	15	16	17	22	23	25	26	103	#
286	611880	4	10	11	12	13	17	18	25	26	103	#
287	601227	2	7	8	9	14	15	16	23	29	103	#
288	580505	7	8	9	14	15	16	22	23	30	103	#
289	169568	0	1	2	3	8	9	104	#
290	235823	0	1	2	7	14	21	104	#
291	194194	1	2	3	4	8	10	104	#
292	154023	2	8	9	10	16	23	104	#
293	36400	1	2	7	8	9	13	104	#
294	914103	0	1	2	7	8	9	10	15	16	22	29	30	36	37	44	45	105	#
295	1311210	9	12	15	16	19	22	23	24	25	26	27	30	31	32	33	37	105	#
296	1182811	1	2	3	4	8	9	10	15	16	22	23	28	29	35	36	43	105	#
297	1148702	14	15	21	22	23	28	29	30	32	35	36	37	39	42	43	46	105	#
298	1120876	0	1	2	7	8	9	14	15	16	21	22	28	35	36	37	42	105	#
299	1118061	1	7	14	15	16	21	22	23	24	28	29	30	31	35	36	37	105	#
300	391088	16	18	23	24	25	30	106	#
301	475316	14	15	16	22	23	29	106	#
302	465715	23	29	36	41	43	44	106	#
303	424465	17	18	24	25	32	39	106	#
304	407193	21	22	23	29	30	37	106	#
305	342222	17	24	25	30	31	32	106	#
306	207427	17	18	25	32	107	#
307	247839	32	39	40	41	107	#
308	224941	3	4	10	17	107	#
309	212872	11	17	18	24	107	#
310	340900	14	15	16	21	28	108	#
311	336823	21	22	28	35	47	108	#
312	316918	21	22	28	29	36	108	#
313	306304	14	21	22	28	29	108	#
314	306120	9	14	15	16	36	108	#
315	294365	9	15	16	23	30	108	#
316	546895	5	6	13	20	26	27	33	34	109	#
317	621329	6	11	12	13	16	18	23	49	109	#
318	501949	4	5	6	11	12	13	19	26	109	#
319	486602	12	19	20	27	31	32	33	34	109	#
320	480369	4	5	6	11	12	13	20	27	109	#
321	439635	5	6	12	13	19	20	26	27	109	#
322	2818118	0	1	2	3	4	5	6	7	8	9	10	12	13	15	16	17	18	19	20	21	22	23	24	25	26	27	28	29	30	31	32	33	34	35	36	37	38	39	40	41	43	44	45	46	47	48	110	#
323	2952851	2	3	4	5	6	7	8	9	10	11	12	13	14	15	16	17	18	19	20	21	22	23	24	25	26	27	28	29	30	31	32	33	34	35	36	37	38	39	40	41	43	44	45	46	47	48	110	#
324	2919628	2	3	4	5	6	8	9	10	11	12	13	14	15	16	17	18	19	20	21	22	23	24	25	26	27	28	29	30	31	32	33	34	35	36	37	38	39	40	41	42	43	44	45	46	47	48	110	#
325	2913966	1	2	3	4	5	6	7	8	9	10	11	12	13	14	15	16	17	18	19	20	21	22	23	24	25	26	27	28	29	30	32	33	34	35	36	37	38	39	40	41	43	45	46	47	48	49	110	#
326	2908564	2	3	5	6	7	8	9	10	11	12	13	14	15	16	17	18	19	20	21	22	23	24	25	26	27	28	29	30	31	32	33	34	35	36	37	38	39	40	41	42	43	44	45	46	47	48	110	#
327	2888706	1	2	3	4	5	6	7	8	9	10	11	12	13	15	16	17	18	19	20	21	22	23	24	25	26	27	28	29	30	31	32	33	34	35	36	37	38	39	40	41	43	44	45	46	47	48	110	#
328	1012353	8	9	10	11	16	17	22	23	29	35	36	37	38	42	43	44	45	111	#
329	1380223	1	2	7	10	14	15	16	17	22	23	24	28	29	33	34	35	36	111	#
330	1299823	7	9	10	14	15	16	17	21	22	24	25	32	36	39	43	46	47	111	#
331	1297029	24	25	30	31	32	33	34	35	36	37	38	39	40	41	43	44	45	111	#
332	1278616	7	14	15	16	22	23	33	34	38	39	40	41	43	44	45	46	47	111	#
333	1275174	3	4	5	10	11	12	17	18	24	25	26	32	33	35	36	40	43	111	#
334	100545	17	18	#
335	100661	11	18	#
336	2160948	0	1	3	4	5	6	7	8	10	11	12	17	18	20	22	23	24	25	26	27	28	29	30	31	32	33	34	35	36	37	39	113	#
337	2347717	3	9	10	11	15	16	17	18	19	20	21	22	23	24	25	26	27	28	29	30	32	33	34	35	36	37	38	42	43	44	45	113	#
338	2278219	0	1	2	3	4	5	6	8	9	10	11	12	13	15	16	17	18	19	20	22	23	24	25	26	27	29	33	34	35	36	43	113	#
339	2254670	2	8	9	10	11	15	16	17	18	19	21	22	23	24	25	26	27	28	29	30	32	33	34	35	36	37	38	43	44	45	46	113	#
340	2233551	7	9	10	11	13	14	15	16	17	18	19	20	21	22	23	24	25	26	27	28	29	30	31	32	33	34	35	36	37	42	43	113	#
341	2232104	3	4	5	6	11	12	13	14	17	18	19	20	21	22	23	24	25	26	27	28	29	30	31	32	33	34	35	36	37	39	46	113	#
342	490389	11	17	18	19	24	25	114	#
343	501687	3	4	10	11	17	18	114	#
344	496081	11	17	18	23	24	25	114	#
345	482642	11	18	19	24	25	26	114	#
346	440658	17	23	24	25	29	30	114	#
347	424905	17	18	24	25	26	27	114	#
348	1265954	11	12	17	18	19	20	25	26	27	32	33	34	35	36	38	39	40	41	115	#
349	1275322	11	12	15	16	17	18	19	20	23	24	25	26	27	31	32	33	39	46	115	#
350	1271893	3	4	5	6	9	10	11	12	13	16	17	18	19	20	24	25	27	34	115	#
351	1268753	12	13	15	16	18	19	20	22	23	25	27	29	30	35	36	37	43	44	115	#
352	1266964	10	12	15	17	19	24	25	26	27	31	32	33	34	38	39	40	41	46	115	#
353	1231665	5	6	10	11	12	13	18	19	20	21	26	27	28	33	34	35	36	44	115	#
354	1010606	15	16	21	22	23	28	29	35	36	42	43	44	116	#
355	1089060	15	16	21	23	28	29	30	31	32	36	43	48	116	#
356	1046558	14	15	16	21	22	23	28	29	35	36	43	44	116	#
357	976689	15	16	22	23	24	28	29	35	36	37	42	43	116	#
358	969478	14	21	22	23	28	29	35	36	37	38	41	45	116	#
359	959785	14	21	22	23	28	29	30	31	35	36	42	43	116	#
360	793950	4	5	6	9	10	11	12	13	18	19	20	26	27	117	#
361	963921	2	3	7	8	9	14	15	16	21	22	23	24	29	117	#
362	898263	3	4	5	6	9	10	11	12	13	15	17	19	22	117	#
363	880333	3	4	5	6	10	11	12	13	19	20	26	27	34	117	#
364	828064	3	4	5	6	10	12	13	18	19	20	26	27	34	117	#
365	787809	4	5	6	11	12	13	17	18	19	24	25	26	32	117	#
366	700574	15	16	22	23	24	30	31	32	33	118	#
367	663491	15	16	17	18	22	23	24	25	32	118	#
368	642647	16	19	23	24	25	29	30	32	39	118	#
369	636016	13	19	20	25	26	27	32	33	34	118	#
370	570514	7	14	15	16	21	22	23	29	30	118	#
371	558792	5	7	9	10	14	15	16	22	32	118	#
372	517769	25	26	27	31	32	33	34	40	119	#
373	613786	12	13	18	19	24	25	26	27	119	#
374	603667	15	16	23	30	31	32	33	37	119	#
375	600773	18	19	25	26	31	32	33	34	119	#
376	573943	22	23	24	30	33	34	39	40	119	#
377	567519	12	19	26	27	33	34	39	40	119	#
378	334094	36	37	43	44	120	#
379	333619	22	29	36	43	120	#
380	285749	30	36	37	38	120	#
381	277793	36	43	44	45	120	#
382	268424	30	36	37	44	120	#
383	220277	1	7	8	14	15	21	121	#
384	328683	1	7	14	15	16	21	121	#
385	199460	0	1	7	8	14	21	121	#
386	125938	0	1	7	8	9	16	121	#
387	19126	1	7	8	9	10	16	121	#
388	270235	30	31	37	122	#
389	338639	30	37	38	122	#
390	327044	23	30	37	122	#
391	239410	23	30	31	122	#
392	2053554	0	1	2	7	8	13	15	16	20	21	22	23	24	25	27	28	29	30	31	32	33	34	36	37	38	39	40	41	43	44	45	46	47	48	123	#
393	2295300	4	5	6	7	9	11	12	13	14	15	16	17	18	19	22	23	24	25	26	28	29	30	31	33	36	37	38	39	40	41	43	44	45	46	123	#
394	2283844	5	6	12	13	14	15	16	19	20	21	22	23	24	25	26	27	28	29	30	31	32	33	36	37	38	39	40	41	43	44	45	46	47	48	123	#
395	2264502	1	4	5	7	8	9	11	14	16	18	19	23	24	25	26	28	29	30	31	32	33	35	36	37	38	39	40	41	42	43	44	45	46	49	123	#
396	2231993	4	5	6	11	12	13	16	17	18	19	20	22	23	24	25	26	27	30	31	32	33	34	36	37	38	39	40	41	43	44	45	46	47	48	123	#
397	2196200	12	14	15	18	19	20	21	22	23	24	25	26	27	28	29	30	31	32	33	34	35	36	37	38	39	40	41	42	43	44	45	46	47	48	123	#
398	466263	37	38	44	45	46	47	48	124	#
399	676657	30	37	38	39	43	44	45	124	#
400	592493	30	36	37	38	44	45	46	124	#
401	560814	28	29	36	37	38	39	44	124	#
402	495923	31	32	38	39	45	46	47	124	#
403	408201	5	12	39	40	46	47	48	124	#
404	725359	2	3	4	5	6	10	11	12	13	17	18	19	20	125	#
405	845860	19	24	25	26	32	33	34	38	39	40	45	46	47	125	#
406	838576	3	4	5	6	7	11	12	13	14	19	20	21	22	125	#
407	838337	6	11	13	18	19	20	24	25	26	33	34	40	47	125	#
408	805021	3	4	5	6	10	11	12	13	17	18	19	24	25	125	#
409	777377	4	5	6	10	11	12	13	17	18	19	20	25	32	125	#
410	767462	2	3	4	5	6	8	9	10	11	12	13	16	18	19	20	26	45	126	#
411	1147258	0	1	2	3	4	5	6	7	8	9	12	13	14	21	22	25	28	126	#
412	1092173	0	1	2	3	8	9	10	11	14	15	16	21	22	23	24	28	29	126	#
413	1087867	0	1	2	3	4	5	7	8	9	10	11	14	16	21	22	28	29	126	#
414	957472	2	3	4	5	6	9	10	11	12	13	14	15	16	17	19	30	37	126	#
415	934993	4	5	6	11	12	13	19	20	25	26	27	33	34	40	41	47	48	126	#
416	701422	12	13	19	25	26	27	32	34	127	#
417	785247	19	25	26	27	31	32	33	34	127	#
418	722822	25	27	31	32	33	34	36	44	127	#
419	655350	23	24	25	30	31	32	33	39	127	#
420	616480	12	18	19	24	25	26	27	33	127	#
421	549556	4	5	6	11	12	18	19	26	127	#
422	386266	2	3	4	5	8	128	#
423	420493	3	4	5	6	12	128	#
424	329207	3	4	10	11	18	128	#
425	194189	2	3	8	9	10	128	#
426	182185	0	1	2	7	8	128	#
427	1526594	0	1	2	3	4	5	7	8	9	10	11	15	16	17	18	19	21	22	23	24	25	26	29	36	129	#
428	1698234	3	4	5	6	10	11	12	13	17	18	19	20	24	25	26	27	32	33	34	37	38	39	40	47	129	#
429	1643246	2	3	4	8	11	13	17	18	19	20	21	22	23	24	25	26	28	29	30	35	36	37	43	44	129	#
430	1623670	2	3	4	5	6	8	10	11	12	17	18	19	20	25	26	27	30	31	32	35	36	37	43	44	129	#
431	1623188	0	7	8	23	24	25	28	29	30	32	33	35	36	37	38	39	40	41	42	43	44	45	46	47	129	#
432	1612247	15	21	22	23	24	25	26	28	29	30	31	32	35	36	37	38	39	40	42	43	44	45	46	47	129	#
433	557079	26	32	33	34	39	40	45	46	47	48	130	#
434	692155	9	18	22	23	24	25	26	29	33	40	130	#
435	663393	28	35	36	37	38	42	43	44	45	46	130	#
436	647338	19	20	25	26	27	31	32	33	39	40	130	#
437	578664	31	32	33	38	39	40	41	46	47	48	130	#
438	573365	30	33	37	38	39	40	41	45	46	47	130	#
439	1603421	2	3	4	5	8	9	10	11	12	16	17	18	19	21	22	23	24	28	29	35	36	37	43	44	45	131	#
440	1666351	1	2	3	4	5	6	8	9	11	12	17	18	19	20	21	23	24	25	26	27	28	29	30	33	34	131	#
441	1664815	4	7	9	11	12	13	14	15	16	17	18	19	20	21	22	23	24	25	26	27	29	32	33	36	43	131	#
442	1592365	4	5	6	7	11	12	13	14	15	19	21	22	23	28	29	33	36	37	38	39	40	43	45	46	47	131	#
443	1589874	1	2	3	4	5	7	8	9	10	11	12	13	17	18	19	20	23	24	25	26	27	28	29	32	33	131	#
444	1569113	1	2	3	4	5	7	8	9	10	11	12	14	15	17	18	21	22	23	24	25	26	28	29	31	32	131	#
445	222919	3	4	8	9	10	17	24	132	#
446	303165	4	5	6	10	11	12	18	132	#
447	282839	3	4	9	10	11	12	17	132	#
448	219091	9	12	13	15	16	19	20	132	#
449	70205	1	2	7	8	9	14	21	132	#
450	344988	19	20	27	34	133	#
451	388346	20	27	34	38	133	#
452	322042	18	19	20	27	133	#
453	312686	20	25	26	27	133	#
454	890002	14	15	16	21	22	23	24	28	29	30	36	37	38	44	134	#
455	1039956	24	25	26	27	31	32	33	37	38	39	40	45	46	47	134	#
456	1026842	25	26	27	30	31	32	33	36	37	38	39	40	41	44	134	#
457	927985	5	8	9	10	11	12	16	19	36	38	39	43	44	45	134	#
458	907954	0	1	22	23	28	29	32	36	37	38	39	43	44	46	134	#
459	872944	22	28	29	32	35	36	37	38	39	42	43	44	45	46	134	#
460	1091046	17	18	19	24	25	26	27	29	30	31	32	33	34	37	39	40	135	#
461	1313031	14	15	16	22	23	24	25	29	30	31	32	33	36	37	44	45	135	#
462	1259477	16	22	23	24	26	27	29	30	31	32	33	34	36	37	40	44	135	#
463	1216960	14	17	18	21	22	23	24	25	26	28	29	32	33	36	43	44	135	#
464	1185344	18	23	24	25	26	27	30	31	32	33	34	39	40	44	45	46	135	#
465	1151554	16	17	19	23	24	25	26	27	30	32	33	34	37	40	47	48	135	#
466	1039266	4	5	9	10	11	12	13	17	18	19	20	24	25	26	32	33	40	47	136	#
467	1277356	5	6	11	12	13	15	16	18	19	20	23	26	27	29	30	34	35	36	136	#
468	1273378	13	15	16	19	20	22	23	24	25	26	27	32	33	34	39	40	41	47	136	#
469	1256977	6	12	13	18	19	20	24	25	26	27	30	31	32	33	34	39	40	47	136	#
470	1241554	5	10	11	12	16	17	18	19	20	23	24	25	26	27	30	31	32	34	136	#
471	1210449	1	7	25	26	30	31	32	33	34	36	37	39	40	43	44	45	46	47	136	#
472	1825128	2	3	4	5	6	7	8	9	10	11	12	13	16	17	18	19	20	23	24	25	26	27	30	31	32	33	34	40	45	46	47	137	#
473	2159496	4	5	6	11	12	13	16	17	18	19	20	21	22	23	24	25	26	27	29	31	32	33	34	37	38	39	40	41	44	46	47	137	#
474	2115179	2	3	4	5	6	9	10	11	12	13	16	17	18	19	20	23	24	25	26	27	29	32	33	34	36	38	39	40	46	47	48	137	#
475	2110458	1	2	3	8	12	13	16	17	18	19	20	22	23	24	25	26	27	29	30	31	32	33	34	35	36	37	38	39	43	44	46	137	#
476	2084817	3	10	11	12	17	18	19	20	22	23	24	25	26	27	30	31	32	33	34	36	37	38	39	40	41	44	45	46	47	48	49	137	#
477	2081953	0	1	2	3	4	9	10	11	16	17	18	19	21	22	23	24	25	26	27	29	30	31	32	33	34	37	38	39	40	44	47	137	#
478	1197136	7	14	21	22	28	29	30	31	32	33	35	36	37	38	39	43	44	45	46	47	48	138	#
479	1451075	3	4	11	12	13	14	15	16	18	19	20	23	25	26	27	31	32	33	34	40	47	138	#
480	1426762	2	3	9	14	15	16	21	22	23	25	26	27	28	30	31	32	33	34	37	38	39	138	#
481	1409405	6	7	12	13	14	15	19	20	21	22	25	26	27	31	32	33	34	37	39	40	43	138	#
482	1356935	19	20	26	27	29	30	31	32	33	34	35	36	37	38	39	40	41	43	44	45	46	138	#
483	1348826	2	3	9	15	16	22	23	24	25	29	30	32	36	37	38	39	43	44	45	46	47	138	#
484	786622	33	35	36	37	39	40	41	43	44	45	46	47	48	139	#
485	996502	11	12	18	19	25	26	27	32	33	34	38	39	46	139	#
486	961865	21	22	23	25	28	30	31	32	36	37	38	43	44	139	#
487	943633	14	15	16	21	22	23	28	29	36	37	43	44	45	139	#
488	939397	16	19	22	23	25	26	27	30	31	32	33	34	40	139	#
489	920345	0	7	10	11	12	13	19	20	36	37	38	44	45	139	#
490	108874	1	2	7	140	#
491	152100	0	1	8	140	#
492	133025	0	1	7	140	#
493	127949	1	2	8	140	#
494	5587	10	#
495	2070291	1	2	3	4	5	6	8	9	10	11	12	13	14	15	16	17	18	19	20	22	23	24	25	26	28	29	30	33	36	37	38	43	44	45	141	#
496	2440326	9	11	14	15	16	18	19	20	21	22	23	24	25	26	27	28	29	30	31	32	33	34	35	36	37	38	39	40	43	44	45	46	47	48	141	#
497	2432212	4	11	15	16	18	19	20	22	23	24	25	26	27	28	29	30	31	32	33	34	35	36	37	38	39	40	41	42	43	44	45	46	47	48	141	#
498	2397550	5	9	10	11	12	16	17	18	19	20	23	24	25	26	27	28	29	30	31	32	33	34	35	36	37	38	39	40	43	44	45	46	47	48	141	#
499	2395575	0	2	3	4	5	6	7	8	10	14	15	16	17	18	21	22	23	24	26	28	29	30	31	32	33	34	35	36	37	38	39	43	44	45	141	#
500	2351570	2	3	4	5	6	8	9	10	11	12	16	17	18	19	20	22	23	24	26	27	29	30	31	32	33	34	36	37	38	39	40	44	45	46	141	#
