%% File generated by CATS v.2.1Mon Aug 19 18:20:06 2019

%% The CATS webpage is http://robotics.stanford.edu/CATS

%% PARAMETER SETTINGS:
% Goods: 35; Bids: 350; Distribution: regions-npv; Runs: 10; Seed: 1566241320
% Regions Distribution Parameters:
% Max Substitutable Bids = 5
% Removing HV Neighbor   = 0.1
% Adding DIAG Neighbor   = 0.2
% Additional Location    = 0.9
% Jump Probability       = 0.05
% Additivity             = 0.2
% Budget Factor          = 1.5
% Resale Factor          = 0.5
% Normal Private Value:
%   Mean                 = 0
%   Standard Deviation   = 30



goods 35
bids 350
dummy 66

0	473332	3	7	8	12	13	17	18	35	#
1	591385	2	3	9	12	13	14	18	35	#
2	577957	7	11	12	15	16	17	18	35	#
3	574545	5	11	12	17	18	19	24	35	#
4	529259	11	12	13	14	17	18	22	35	#
5	482450	3	4	11	12	17	22	32	35	#
6	59342	0	#
7	272187	9	14	19	24	36	#
8	292846	9	13	14	19	36	#
9	256477	13	14	19	24	36	#
10	176244	18	19	23	24	36	#
11	172275	5	10	11	12	37	#
12	204307	7	11	12	17	37	#
13	114318	2	7	8	12	37	#
14	126831	0	1	2	7	38	#
15	183589	0	1	5	10	38	#
16	136520	1	2	7	8	38	#
17	1426563	0	1	2	3	4	5	6	7	8	9	10	11	12	13	14	15	16	17	18	19	20	21	22	23	24	26	27	34	39	#
18	1617525	0	1	2	3	4	5	6	7	8	9	10	11	12	13	14	15	16	17	18	19	20	21	22	23	24	28	29	30	39	#
19	1565677	0	1	2	3	4	5	6	7	8	9	10	11	12	13	14	15	16	17	18	19	20	21	22	23	24	26	30	33	39	#
20	1558929	0	1	2	3	4	5	6	7	8	9	10	11	12	13	14	15	16	17	18	19	20	21	22	23	24	29	31	32	39	#
21	1553124	0	1	2	3	4	5	6	7	8	9	10	11	12	13	14	15	16	17	18	19	20	21	22	23	24	27	32	33	39	#
22	1531555	0	1	2	3	4	5	6	7	8	9	10	11	12	13	14	15	16	17	18	19	20	21	22	23	24	26	28	33	39	#
23	257374	15	16	20	40	#
24	259674	15	20	23	40	#
25	242741	15	20	21	40	#
26	81880	28	#
27	129847	28	30	41	#
28	187352	11	28	41	#
29	125313	30	#
30	1115635	2	3	5	6	7	8	9	11	12	13	14	16	17	18	19	22	23	24	42	#
31	1252014	0	1	2	3	4	5	6	7	8	9	10	11	12	13	14	15	17	18	42	#
32	1241156	2	3	5	6	7	8	11	12	13	14	15	16	17	18	19	22	23	27	42	#
33	1193091	0	1	2	3	5	6	7	8	10	11	12	13	15	16	17	18	22	23	42	#
34	1184371	0	3	4	5	7	8	10	11	12	13	14	15	16	17	18	19	22	23	42	#
35	1181674	3	5	6	7	8	9	10	11	12	13	14	16	17	18	19	22	23	24	42	#
36	36564	25	#
37	317205	25	30	33	34	43	#
38	283694	15	16	20	33	43	#
39	268371	3	7	8	34	43	#
40	252757	12	17	25	30	43	#
41	222430	8	12	13	25	43	#
42	340104	3	7	8	13	14	18	19	44	#
43	470000	3	4	8	11	12	13	14	44	#
44	427238	9	12	13	14	17	18	19	44	#
45	426985	11	12	13	16	17	18	23	44	#
46	400082	0	2	3	5	7	11	12	44	#
47	381841	3	8	12	13	18	24	26	44	#
48	243556	11	17	22	26	45	#
49	293766	11	17	18	19	45	#
50	246482	18	19	22	23	45	#
51	199965	3	7	8	11	45	#
52	197463	7	10	11	26	45	#
53	1094183	0	2	3	5	7	8	9	10	11	12	13	15	16	17	20	21	22	23	46	#
54	1155942	3	5	6	7	8	10	11	12	13	15	16	17	18	20	21	22	23	32	46	#
55	1124422	3	5	6	7	8	9	10	11	12	13	14	16	17	18	19	21	22	23	46	#
56	1122717	0	1	2	3	5	6	7	8	10	11	12	13	14	17	18	19	22	23	46	#
57	1097240	5	6	7	8	9	10	11	13	14	15	16	17	18	19	20	21	22	23	46	#
58	1095662	0	2	3	5	6	7	8	10	11	12	13	15	16	17	18	20	21	22	46	#
59	1444089	0	1	2	3	4	5	6	7	8	9	10	11	12	13	14	15	16	17	18	19	21	22	23	24	47	#
60	1504081	0	2	3	4	5	6	7	8	10	11	12	13	14	15	16	17	18	19	21	22	23	28	33	34	47	#
61	1490820	0	2	3	4	5	6	7	8	9	10	11	12	13	14	15	16	17	18	19	21	22	23	24	26	47	#
62	1481094	0	1	2	3	5	6	7	8	9	10	11	12	13	14	15	16	17	18	19	21	22	23	24	32	47	#
63	1468395	0	1	2	3	5	6	7	8	9	10	11	12	13	14	15	16	17	18	19	21	22	23	24	33	47	#
64	1467180	0	1	2	3	5	6	7	8	9	10	11	12	13	14	15	16	17	18	19	21	22	23	24	30	47	#
65	598410	0	5	10	15	16	20	22	29	48	#
66	605582	0	2	5	7	10	11	12	17	48	#
67	605071	0	2	3	5	6	7	8	11	48	#
68	559351	5	7	11	15	16	17	20	22	48	#
69	539544	0	3	5	10	15	16	20	21	48	#
70	482028	0	1	5	10	11	15	20	21	48	#
71	698124	3	8	9	13	14	18	19	22	23	24	49	#
72	777467	6	9	11	12	13	14	16	17	18	23	49	#
73	736281	11	13	14	15	16	17	18	19	22	24	49	#
74	705696	11	12	13	14	15	16	17	20	21	22	49	#
75	669872	14	16	17	18	19	21	22	23	24	28	49	#
76	651791	1	2	3	6	7	8	11	12	13	18	49	#
77	1035709	2	3	4	5	6	7	8	10	11	12	13	14	15	16	17	18	19	20	21	22	23	24	50	#
78	1096667	2	3	4	5	6	7	8	9	10	11	12	13	14	15	16	17	18	19	20	21	22	23	50	#
79	1088212	0	1	2	3	4	5	6	7	8	10	11	12	13	15	16	17	18	19	20	21	22	29	50	#
80	1067413	0	1	2	3	5	6	7	8	9	10	11	12	13	14	15	16	17	18	19	20	22	23	50	#
81	1061075	1	2	3	5	6	7	8	9	10	11	12	13	14	15	16	17	18	19	21	22	23	24	50	#
82	1053775	1	2	3	4	5	6	7	8	10	11	12	13	15	16	17	18	19	20	21	22	23	24	50	#
83	1071165	1	2	5	6	7	8	10	11	12	13	14	15	16	17	18	19	20	21	22	23	27	51	#
84	1119945	0	1	2	3	5	6	7	8	9	10	11	12	13	14	15	16	17	18	21	22	33	51	#
85	1117131	1	2	3	6	7	8	9	11	12	13	14	15	16	17	18	19	20	21	22	23	24	51	#
86	1102820	1	2	3	4	5	7	8	11	12	13	14	15	16	17	18	19	20	21	22	23	24	51	#
87	1093658	2	3	5	6	7	8	9	10	11	12	13	15	16	17	18	21	22	23	24	31	34	51	#
88	1092808	1	2	5	6	7	8	9	10	11	12	13	14	15	16	17	18	20	21	22	23	27	51	#
89	1333501	0	1	2	3	4	5	6	7	8	10	11	12	13	14	15	16	17	18	20	21	22	23	52	#
90	1389409	0	2	3	4	5	6	7	8	9	11	12	13	14	15	16	17	18	19	23	24	27	33	52	#
91	1354220	0	3	5	6	7	8	9	10	11	12	13	14	15	16	17	19	20	21	22	23	26	32	52	#
92	1341318	0	1	2	3	4	5	6	7	8	10	11	12	13	15	16	17	18	20	21	22	23	26	52	#
93	1329055	2	3	4	5	6	7	8	9	10	11	12	13	14	15	16	17	18	19	20	21	22	23	52	#
94	1308938	0	1	2	3	4	5	6	7	8	9	10	11	12	13	14	15	16	17	18	19	20	21	52	#
95	145039	13	18	#
96	283459	2	3	4	5	53	#
97	288731	3	4	8	34	53	#
98	248760	2	3	7	8	53	#
99	234876	0	1	5	13	53	#
100	179787	2	7	11	12	53	#
101	245181	6	11	54	#
102	191239	6	32	54	#
103	88982	11	16	54	#
104	86343	33	#
105	736799	0	1	5	6	10	11	15	16	17	18	20	21	22	23	24	55	#
106	924787	1	2	3	4	5	6	8	10	11	12	13	14	17	18	19	55	#
107	882091	2	3	6	8	11	12	13	15	16	17	18	19	21	22	23	55	#
108	807618	0	1	2	3	4	5	6	8	10	11	12	13	17	18	22	55	#
109	798167	5	6	7	10	11	12	13	14	15	16	17	18	21	22	23	55	#
110	777645	6	7	8	10	11	12	13	14	15	16	17	18	19	20	23	55	#
111	453378	2	3	4	13	16	17	18	21	22	56	#
112	554360	1	2	3	6	7	8	11	16	17	56	#
113	554152	5	9	11	15	16	17	18	22	23	56	#
114	552355	0	1	2	3	5	6	7	10	11	56	#
115	503271	11	13	15	16	17	18	20	21	22	56	#
116	464881	1	2	3	4	6	7	8	11	16	56	#
117	196613	3	4	8	#
118	128122	5	11	57	#
119	132014	0	5	57	#
120	99941	11	12	57	#
121	116259	14	#
122	180024	2	3	58	#
123	166382	1	2	58	#
124	140555	3	4	58	#
125	1497875	0	1	2	3	4	5	6	7	8	9	10	11	12	13	14	16	17	18	19	23	24	29	59	#
126	1537234	0	1	2	3	4	5	6	7	8	9	10	11	12	13	14	16	17	18	19	23	24	34	59	#
127	1521385	0	2	5	6	7	8	9	11	12	13	14	15	16	17	18	19	20	21	22	23	24	32	59	#
128	1475840	0	1	2	5	6	7	8	9	10	11	12	13	14	15	16	17	18	19	20	21	23	24	59	#
129	1459527	1	2	6	7	8	9	10	11	12	13	14	15	16	17	18	19	20	21	22	23	24	28	59	#
130	1455554	1	2	3	5	6	7	8	9	11	12	13	14	15	16	17	18	19	20	21	22	23	24	59	#
131	273169	15	16	21	22	60	#
132	345861	15	16	17	21	60	#
133	339863	5	10	11	15	60	#
134	191060	12	16	17	32	60	#
135	1542981	0	1	2	3	4	5	6	7	8	9	10	11	12	13	14	15	16	17	18	19	20	21	22	23	24	27	29	32	61	#
136	1655022	0	1	2	3	4	5	6	7	8	9	10	11	12	13	14	15	16	17	18	19	20	21	22	23	24	26	33	34	61	#
137	1623255	0	1	2	3	4	5	6	7	8	9	10	11	12	13	14	15	16	17	18	19	20	21	22	23	24	26	29	34	61	#
138	1620314	0	1	2	3	4	5	6	7	8	9	10	11	12	13	14	15	16	17	18	19	20	21	22	23	24	30	32	33	61	#
139	1617571	0	1	2	3	4	5	6	7	8	9	10	11	12	13	14	15	16	17	18	19	20	21	22	23	24	28	33	34	61	#
140	1614203	0	1	2	3	4	5	6	7	8	9	10	11	12	13	14	15	16	17	18	19	20	21	22	23	24	26	32	34	61	#
141	675054	2	3	6	7	8	10	11	12	13	16	62	#
142	844804	5	6	10	11	13	15	16	17	18	22	62	#
143	833764	2	3	6	7	10	11	12	13	17	18	62	#
144	741432	2	6	7	10	11	15	16	20	21	22	62	#
145	732761	2	3	6	7	8	9	13	14	18	19	62	#
146	666838	2	3	4	6	7	8	11	16	17	21	62	#
147	75875	31	#
148	374063	9	14	17	18	19	24	63	#
149	378624	13	14	18	19	23	24	63	#
150	364039	17	18	19	22	23	24	63	#
151	322863	8	9	12	13	14	31	63	#
152	320049	9	14	18	19	22	23	63	#
153	303990	2	3	6	7	8	24	63	#
154	607728	10	11	15	16	20	21	22	23	26	28	34	64	#
155	651910	11	12	13	15	16	17	18	21	22	23	29	64	#
156	636605	13	14	16	17	18	19	21	22	23	24	34	64	#
157	627792	12	13	15	16	17	18	20	21	22	23	34	64	#
158	625510	0	1	2	3	5	8	9	11	13	14	28	64	#
159	625328	12	13	15	16	17	18	19	20	21	22	23	64	#
160	54621	26	#
161	205586	18	23	24	65	#
162	246157	14	18	19	65	#
163	217511	19	23	24	65	#
164	388953	6	11	12	16	21	22	66	#
165	561232	5	6	10	11	12	17	66	#
166	452122	11	17	20	21	22	23	66	#
167	408090	5	6	7	10	11	16	66	#
168	395761	13	16	18	21	22	23	66	#
169	393736	15	16	17	21	22	32	66	#
170	125974	3	8	67	#
171	163215	3	4	67	#
172	129906	8	13	67	#
173	41075	21	#
174	257961	1	2	3	4	68	#
175	247145	0	1	2	5	68	#
176	216775	2	3	4	7	68	#
177	199714	3	8	13	21	68	#
178	42466	32	#
179	117042	22	23	#
180	1146617	5	6	10	11	13	14	15	16	17	18	19	20	21	22	69	#
181	1097182	2	6	7	9	10	11	12	13	14	15	16	17	21	22	69	#
182	1079532	5	6	7	9	10	11	12	13	14	15	16	17	21	22	69	#
183	1067537	1	2	3	5	6	7	10	11	12	15	16	17	20	22	69	#
184	1053605	2	6	7	8	9	11	12	13	14	16	17	18	19	22	69	#
185	1051058	0	3	7	8	9	10	11	13	14	15	16	17	18	19	69	#
186	165739	19	23	24	70	#
187	203307	14	19	24	70	#
188	199425	10	13	23	70	#
189	137182	18	19	24	70	#
190	349558	5	6	11	15	16	71	#
191	309645	0	5	6	10	11	71	#
192	289520	15	16	17	18	22	71	#
193	289280	6	7	11	16	17	71	#
194	199779	7	11	12	16	17	71	#
195	151660	15	16	20	21	22	71	#
196	1494907	0	1	2	3	4	5	6	7	8	9	10	11	12	13	14	15	16	17	18	19	20	21	22	23	24	28	30	32	72	#
197	1620040	0	1	2	3	4	5	6	7	8	9	10	11	12	13	14	15	16	17	18	19	20	21	22	23	24	30	33	34	72	#
198	1600102	0	1	2	3	4	5	6	7	8	9	10	11	12	13	14	15	16	17	18	19	20	21	22	23	24	30	32	33	72	#
199	1590447	0	1	2	3	4	5	6	7	8	9	10	11	12	13	14	15	16	17	18	19	20	21	22	23	24	25	30	33	72	#
200	1576813	0	1	2	3	4	5	6	7	8	9	10	11	12	13	14	15	16	17	18	19	20	21	22	23	24	28	30	33	72	#
201	1543452	0	1	2	3	4	5	6	7	8	9	10	11	12	13	14	15	16	17	18	19	20	21	22	23	24	29	30	34	72	#
202	161497	2	7	8	11	73	#
203	240905	10	11	15	16	73	#
204	216371	2	3	13	33	73	#
205	170635	2	3	7	8	73	#
206	583315	0	1	2	5	7	10	11	15	16	21	22	74	#
207	869935	3	5	6	7	8	9	10	11	13	14	15	74	#
208	803956	2	3	4	7	8	9	13	14	18	19	23	74	#
209	782013	2	3	5	7	11	12	15	16	17	18	22	74	#
210	689548	2	5	7	10	11	15	16	17	21	22	23	74	#
211	676596	0	1	2	5	6	7	10	11	15	16	17	74	#
212	530743	9	13	14	17	18	19	75	#
213	557068	9	12	13	14	17	19	75	#
214	473254	8	9	12	13	14	19	75	#
215	413989	9	14	18	19	23	24	75	#
216	399783	12	17	18	19	23	27	75	#
217	358773	13	14	18	19	23	24	75	#
218	1182729	0	1	2	3	4	5	6	7	8	9	10	11	12	13	14	15	16	17	18	19	20	21	22	23	24	76	#
219	1345652	0	1	2	5	6	7	8	9	10	11	12	13	14	15	16	17	18	19	20	21	22	23	24	32	34	76	#
220	1340793	1	2	3	5	6	7	8	9	10	11	12	13	14	15	16	17	18	19	20	21	22	23	24	29	31	76	#
221	1298573	0	1	2	3	5	6	7	8	9	10	11	12	13	14	15	16	17	18	19	20	21	22	23	24	29	76	#
222	1282577	0	1	2	3	4	5	6	7	8	9	10	11	12	13	14	15	16	17	18	19	21	22	23	24	29	76	#
223	1275837	0	1	2	3	5	6	7	8	9	10	11	12	13	14	15	16	17	18	19	20	21	22	23	24	34	76	#
224	982075	0	5	6	7	10	11	13	15	16	17	18	19	22	24	77	#
225	921611	6	7	9	11	12	13	14	15	16	17	18	19	24	27	77	#
226	920895	5	10	11	13	14	15	16	17	18	19	20	23	24	34	77	#
227	900897	5	6	7	8	10	11	13	15	16	17	18	19	22	24	77	#
228	821178	2	5	6	7	10	11	13	15	16	17	18	20	21	22	77	#
229	812540	5	6	7	10	11	12	15	16	17	18	19	20	22	24	77	#
230	206269	3	7	8	11	78	#
231	293764	2	3	8	13	78	#
232	284875	2	3	7	12	78	#
233	246306	8	11	12	13	78	#
234	192869	11	16	21	22	78	#
235	1073655	0	1	2	3	4	5	6	7	8	9	10	11	12	13	14	15	16	17	18	19	20	21	22	23	24	32	79	#
236	1130525	0	1	2	3	4	5	6	7	8	9	10	11	12	13	14	15	16	17	18	19	20	21	22	23	25	33	79	#
237	1128689	0	1	2	3	4	5	6	7	8	9	10	11	12	13	14	15	16	17	18	19	20	21	22	23	24	34	79	#
238	1122534	0	1	2	3	4	5	6	7	8	10	11	12	13	14	15	16	17	18	19	20	21	22	23	24	26	28	79	#
239	1111526	0	1	2	3	4	5	6	7	8	9	10	11	12	13	14	15	16	17	18	19	20	21	22	23	24	28	79	#
240	1096883	0	1	2	3	4	5	6	7	8	9	10	11	12	13	14	15	16	17	18	19	20	21	22	23	24	33	79	#
241	525414	2	3	5	7	8	11	17	22	80	#
242	590457	5	6	11	12	17	18	19	23	80	#
243	569932	6	7	11	17	18	19	21	22	80	#
244	560680	8	12	13	17	18	19	22	23	80	#
245	542237	2	3	6	7	8	11	13	17	80	#
246	483279	2	3	6	7	8	12	17	18	80	#
247	327409	13	16	17	18	22	23	27	81	#
248	425353	13	14	17	18	19	23	24	81	#
249	373424	12	13	14	18	19	23	24	81	#
250	367841	17	18	19	21	22	23	32	81	#
251	353927	15	16	17	20	21	22	27	81	#
252	295878	16	17	18	20	21	22	23	81	#
253	83319	27	#
254	1233546	0	1	2	3	4	5	6	7	8	9	10	11	12	13	14	15	16	17	18	19	20	21	22	23	24	82	#
255	1316549	0	2	3	4	5	6	7	8	9	10	11	12	13	14	15	16	17	18	19	20	21	22	23	24	33	82	#
256	1308876	0	1	2	3	5	6	7	8	9	11	12	13	14	15	16	17	18	19	20	21	22	23	24	30	34	82	#
257	1295343	0	1	2	3	4	5	6	7	8	10	11	12	13	14	15	16	17	18	19	20	21	22	23	24	32	82	#
258	1294740	1	2	3	5	6	7	8	9	10	11	12	13	14	15	16	17	18	19	20	21	22	23	24	27	33	82	#
259	1288287	0	1	2	3	4	5	6	7	8	9	10	11	12	13	14	15	16	17	18	19	20	21	22	23	29	82	#
260	665341	3	7	8	12	13	14	17	18	19	24	83	#
261	707930	3	8	13	14	16	17	18	19	23	24	83	#
262	674947	12	13	14	17	18	19	22	23	24	31	83	#
263	664319	8	12	13	14	17	18	19	22	23	24	83	#
264	620001	7	8	12	13	14	17	18	19	23	24	83	#
265	618560	6	7	8	11	12	13	14	17	18	28	83	#
266	1476244	0	1	2	3	4	5	6	7	8	9	10	11	12	13	14	15	16	17	18	19	20	21	22	23	24	33	84	#
267	1613295	1	2	3	4	5	6	7	8	9	10	11	12	13	14	15	16	17	18	19	20	21	22	23	24	30	33	84	#
268	1606384	1	2	3	4	5	6	7	8	9	10	11	12	13	14	15	16	17	18	19	20	21	22	23	24	30	34	84	#
269	1494669	0	1	2	3	4	5	6	7	8	9	10	11	12	13	14	15	16	17	18	19	20	21	22	23	24	32	84	#
270	1488190	0	1	2	5	6	7	8	9	10	11	12	13	14	15	16	17	18	19	20	21	22	23	24	28	33	34	84	#
271	1476056	0	1	2	3	4	5	6	7	8	9	10	11	12	13	14	15	16	17	18	19	20	21	22	23	24	30	84	#
272	213302	0	5	10	11	85	#
273	276388	7	11	15	16	85	#
274	186517	5	10	11	16	85	#
275	145920	0	1	2	7	85	#
276	98657	16	20	21	22	86	#
277	36069	16	22	23	24	86	#
278	1545291	0	1	2	3	4	5	6	7	8	9	10	11	12	13	14	15	16	17	18	19	20	21	22	23	24	87	#
279	1611779	0	1	2	3	4	5	6	7	8	9	10	11	12	13	14	15	16	17	18	19	20	21	22	26	33	87	#
280	1601559	0	2	3	5	6	7	8	9	10	11	12	13	14	15	16	17	18	19	20	21	22	23	24	32	33	87	#
281	1574171	0	1	2	3	4	5	6	7	8	9	10	11	12	13	14	15	16	17	18	20	21	22	23	24	33	87	#
282	1551131	0	1	2	3	4	5	6	7	8	9	10	11	12	13	14	15	16	17	18	19	20	21	22	23	28	87	#
283	1542620	0	1	2	3	4	5	6	7	8	10	11	12	15	16	17	18	21	22	23	24	26	28	29	33	34	87	#
284	288410	7	8	9	13	14	88	#
285	343602	3	8	13	18	19	88	#
286	337521	3	8	13	14	18	88	#
287	214795	6	7	11	12	17	88	#
288	218454	0	5	11	89	#
289	224563	0	1	5	89	#
290	181553	5	7	11	89	#
291	170122	16	18	22	23	90	#
292	244039	18	19	23	24	90	#
293	194020	17	20	21	22	90	#
294	191016	15	16	21	22	90	#
295	139656	17	18	91	#
296	157870	17	22	91	#
297	143837	13	18	91	#
298	20170	1	#
299	181566	22	23	92	#
300	211821	17	22	92	#
301	105311	18	23	92	#
302	89005	17	#
303	1118844	0	2	3	5	6	8	9	10	11	12	13	14	16	17	18	19	20	21	22	23	24	93	#
304	1219188	0	1	2	3	4	5	6	8	9	10	11	12	13	14	16	17	18	21	22	23	29	93	#
305	1201286	0	1	2	3	4	5	6	7	8	10	11	12	13	14	15	17	18	19	22	23	24	93	#
306	1198822	2	3	4	5	6	8	10	11	12	13	14	15	16	17	18	19	20	21	22	23	24	93	#
307	1192768	0	1	2	3	4	5	6	10	11	12	13	14	15	16	17	18	19	20	21	22	23	93	#
308	1171323	0	1	3	5	6	8	9	10	11	12	13	14	15	16	17	18	19	20	21	22	23	93	#
309	110171	34	#
310	338786	3	6	7	8	12	13	94	#
311	390812	2	6	7	11	12	17	94	#
312	389101	10	11	12	15	17	33	94	#
313	375179	8	13	18	19	23	24	94	#
314	338362	2	7	12	16	17	22	94	#
315	313084	3	8	11	12	13	16	94	#
316	1216085	2	3	4	6	7	8	9	11	12	13	14	15	16	17	18	19	23	24	95	#
317	1298905	1	2	3	6	7	8	9	10	11	12	13	14	15	17	18	19	23	24	95	#
318	1257091	0	1	2	3	5	6	7	8	9	10	11	12	13	14	17	18	19	24	95	#
319	1211187	0	1	2	5	6	7	8	9	10	11	12	13	14	17	18	19	23	24	95	#
320	1210944	3	5	6	7	8	10	11	12	13	14	15	16	17	18	19	22	23	24	95	#
321	1194744	0	1	2	3	5	6	7	8	9	10	11	12	17	18	19	23	27	30	95	#
322	397210	9	13	14	19	33	96	#
323	333053	2	3	4	33	34	96	#
324	312597	13	14	18	19	23	96	#
325	290187	9	13	14	18	19	96	#
326	212795	12	13	14	17	18	96	#
327	136762	8	10	13	18	23	96	#
328	1576600	0	1	2	3	4	5	6	7	8	9	10	11	12	13	14	15	16	17	18	19	20	21	22	23	24	97	#
329	1610825	0	1	2	3	4	5	6	7	8	10	11	12	13	14	15	16	17	18	19	20	21	22	23	24	33	97	#
330	1597393	1	2	3	4	5	6	7	8	9	10	11	12	13	14	15	16	17	18	19	20	21	22	23	24	33	97	#
331	1590576	0	2	3	4	5	6	7	8	9	10	11	12	13	14	15	16	17	18	19	20	21	22	23	24	31	97	#
332	1583099	0	1	2	3	5	6	7	8	9	10	11	12	13	14	15	16	17	18	19	20	21	22	23	24	32	97	#
333	1577918	0	1	2	3	4	5	6	7	8	9	10	11	12	13	14	15	16	17	18	20	21	22	23	24	34	97	#
334	85286	13	#
335	180940	2	3	7	8	98	#
336	222283	2	6	7	11	98	#
337	210670	3	4	7	8	98	#
338	201525	2	3	7	12	98	#
339	98313	2	7	8	12	98	#
340	226408	16	17	21	22	99	#
341	320011	11	16	17	22	99	#
342	249345	15	16	17	18	99	#
343	233853	17	18	21	22	99	#
344	393976	14	18	19	23	24	25	100	#
345	468321	9	13	14	18	19	24	100	#
346	418153	14	16	17	18	19	24	100	#
347	386136	6	10	11	16	18	22	100	#
348	363775	2	3	4	7	8	25	100	#
349	348753	14	19	21	22	23	24	100	#
