%% File generated by CATS v.2.1Mon Aug 19 18:52:41 2019

%% The CATS webpage is http://robotics.stanford.edu/CATS

%% PARAMETER SETTINGS:
% Goods: 45; Bids: 900; Distribution: regions-upv; Runs: 10; Seed: 1566247218
% Regions Distribution Parameters:
% Max Substitutable Bids = 5
% Removing HV Neighbor   = 0.1
% Adding DIAG Neighbor   = 0.2
% Additional Location    = 0.9
% Jump Probability       = 0.05
% Additivity             = 0.2
% Budget Factor          = 1.5
% Resale Factor          = 0.5
% Uniform Private Value:
%   Deviation            = 0.5
%   Max Good Value       = 100



goods 45
bids 901
dummy 174

0	120630	29	#
1	38943	18	#
2	81330	40	#
3	181856	10	11	16	17	45	#
4	262544	5	10	11	#
5	178736	3	9	16	22	45	#
6	162082	15	16	17	21	45	#
7	548786	1	2	3	8	9	16	46	#
8	549310	3	5	9	25	26	31	46	#
9	499673	1	2	8	9	10	11	46	#
10	431714	0	1	2	3	8	9	46	#
11	413771	0	1	6	7	8	9	46	#
12	384551	7	8	9	10	16	17	46	#
13	1702072	0	1	6	7	8	9	10	12	13	14	15	16	18	19	20	21	22	23	24	25	26	27	28	29	30	31	32	33	34	37	47	#
14	1782102	3	5	6	7	8	9	10	11	12	13	15	16	17	18	19	20	21	22	23	24	25	27	28	29	30	31	32	33	34	35	47	#
15	1760492	3	4	7	8	9	10	11	13	15	16	17	18	19	20	21	22	23	24	25	26	27	28	29	30	31	32	33	34	35	37	47	#
16	1746269	1	6	7	8	10	11	12	13	14	15	16	17	18	19	20	21	22	23	24	25	26	27	28	29	30	31	32	33	34	35	47	#
17	1745478	0	1	6	7	8	10	11	12	13	15	16	17	18	19	20	21	22	23	24	25	27	28	29	30	31	32	33	34	35	38	47	#
18	1742507	0	1	3	6	7	8	9	10	11	12	13	15	16	17	18	19	21	22	23	24	25	26	27	28	29	30	31	32	33	34	47	#
19	256045	23	28	29	48	#
20	247660	29	33	34	48	#
21	240213	27	28	34	48	#
22	702354	6	12	13	14	18	19	20	24	25	26	27	31	32	38	49	#
23	939720	6	7	10	11	12	13	14	17	18	19	24	25	31	32	49	#
24	938620	2	3	4	5	6	7	8	9	10	11	16	17	35	38	49	#
25	913997	1	3	6	7	8	9	10	12	13	18	19	24	25	30	49	#
26	872066	12	18	19	20	24	25	26	27	28	29	30	31	32	33	49	#
27	824089	12	13	14	18	19	20	24	25	26	27	28	30	31	32	49	#
28	235103	28	34	35	50	#
29	159777	22	28	34	50	#
30	1894303	2	8	9	10	11	13	14	15	16	17	18	19	20	21	22	23	24	25	26	27	28	29	30	31	32	33	34	35	51	#
31	2034212	2	5	8	9	10	11	14	15	16	18	19	20	21	22	23	24	25	26	27	28	29	30	31	32	33	34	35	39	51	#
32	2031534	0	1	2	5	7	8	9	10	11	14	15	16	17	18	19	20	21	22	24	26	27	28	29	30	31	32	33	34	51	#
33	1990721	2	5	8	9	10	11	14	15	16	17	18	19	20	21	22	23	24	25	26	27	28	29	30	31	32	33	34	35	51	#
34	1987247	2	5	7	8	9	10	11	13	14	15	16	18	19	20	21	22	23	24	25	26	27	28	29	30	31	32	33	34	51	#
35	1984619	0	1	2	4	5	7	8	9	10	11	14	15	16	19	20	21	22	24	26	27	28	29	30	31	32	33	34	35	51	#
36	1365088	1	2	3	4	5	7	8	9	10	11	15	16	17	21	23	27	28	29	34	35	38	39	41	52	#
37	1281814	1	2	3	4	5	6	7	8	9	10	11	12	13	14	15	16	17	18	20	21	26	31	40	52	#
38	1263520	1	2	3	4	5	6	7	8	9	10	11	12	13	14	15	16	17	18	20	21	24	38	43	52	#
39	1247042	1	2	3	4	5	8	9	10	11	12	13	14	15	16	17	18	20	21	28	31	32	33	34	52	#
40	1223614	0	1	2	3	4	5	6	7	8	9	10	11	12	13	14	17	18	19	20	24	25	30	31	52	#
41	1220455	1	2	3	4	5	6	7	8	9	10	11	12	13	14	15	16	17	18	19	22	25	28	29	52	#
42	115975	37	#
43	360841	19	24	25	30	31	43	53	#
44	419880	0	1	6	7	12	43	53	#
45	358045	12	18	24	25	30	31	53	#
46	329440	18	24	25	30	31	32	53	#
47	215743	12	13	18	19	24	25	53	#
48	282347	13	14	15	19	20	21	22	54	#
49	423430	13	14	20	25	26	31	32	54	#
50	367058	13	14	15	19	20	22	25	54	#
51	358352	9	10	13	14	15	20	21	54	#
52	347743	13	14	19	20	21	24	25	54	#
53	346559	9	13	14	15	16	20	21	54	#
54	107942	39	#
55	116592	42	#
56	474063	19	25	26	30	31	32	55	#
57	501395	7	26	27	30	31	32	55	#
58	462609	25	26	30	31	32	33	55	#
59	461652	18	19	25	26	30	31	55	#
60	391124	20	21	26	30	31	32	55	#
61	351069	18	19	23	25	26	29	55	#
62	1067578	14	15	16	18	20	21	22	23	25	26	27	28	29	31	32	33	34	35	56	#
63	1358930	1	7	8	9	10	14	15	16	17	23	26	28	29	31	32	33	34	35	56	#
64	1293204	1	2	3	4	5	7	8	9	10	11	14	15	16	17	20	21	26	36	56	#
65	1278790	9	10	14	15	16	20	21	23	26	27	28	29	30	31	32	33	34	35	56	#
66	1276190	1	3	7	8	9	14	15	16	21	22	23	27	28	29	34	35	38	39	56	#
67	1204972	2	3	7	8	9	10	11	14	15	16	17	20	21	22	26	27	30	31	56	#
68	2353491	0	1	2	3	4	5	6	7	8	9	10	11	12	13	14	15	16	17	18	19	20	21	22	23	24	25	26	27	28	29	30	31	32	33	34	35	57	#
69	2652231	1	2	3	4	5	6	7	8	9	10	11	12	13	14	15	16	17	18	19	21	22	23	24	25	26	27	28	29	30	31	32	33	34	40	42	44	57	#
70	2611414	1	2	3	4	5	6	7	8	9	10	12	13	14	15	16	17	18	19	21	22	23	24	25	26	27	28	29	30	31	32	33	34	35	39	40	42	57	#
71	2558942	1	2	3	4	5	6	7	8	9	10	11	12	13	14	15	16	17	18	19	21	22	23	24	25	26	27	28	29	30	31	32	33	34	35	41	42	57	#
72	2502078	0	1	2	3	4	5	6	7	8	9	10	11	12	13	14	15	16	17	18	19	21	22	23	24	25	26	27	28	29	30	31	32	33	34	35	42	57	#
73	2500104	1	2	3	4	5	6	7	8	9	10	11	12	13	14	15	16	17	18	19	20	21	22	23	24	25	26	27	28	29	30	31	32	33	34	35	42	57	#
74	696914	14	15	16	20	21	22	28	29	32	33	34	37	58	#
75	913629	5	21	22	23	26	27	28	29	32	33	34	35	58	#
76	835854	20	21	23	25	26	27	28	29	32	33	34	35	58	#
77	797543	9	15	21	22	26	27	28	29	31	32	33	34	58	#
78	796478	14	18	20	21	25	26	29	30	31	32	33	34	58	#
79	786308	14	15	21	22	23	26	27	28	29	33	34	35	58	#
80	143646	18	19	24	25	59	#
81	178493	18	24	25	30	59	#
82	67503	13	#
83	904043	1	2	3	6	7	8	9	14	15	16	21	27	60	#
84	922195	1	2	3	6	7	8	9	13	14	15	16	21	60	#
85	915875	0	1	2	3	6	7	8	9	15	16	23	29	60	#
86	891693	1	2	3	4	5	7	8	9	10	15	16	21	60	#
87	838253	0	1	2	3	4	6	7	9	10	11	15	16	60	#
88	791317	1	2	3	7	8	9	10	15	16	21	22	27	60	#
89	1789652	2	3	8	9	10	14	15	16	17	19	20	21	22	23	24	25	26	27	28	29	31	33	34	40	61	#
90	1786388	2	3	6	7	8	9	12	15	16	18	19	20	21	22	24	25	26	27	28	29	31	33	34	42	61	#
91	1780520	2	3	6	7	8	9	10	13	14	15	16	17	20	21	22	23	25	26	27	28	29	31	33	34	61	#
92	1767144	2	3	8	9	13	14	15	16	17	19	20	21	22	23	24	25	26	27	28	29	31	33	34	35	61	#
93	1763620	2	3	8	9	15	16	17	18	19	20	21	22	23	24	25	26	27	28	29	31	33	34	35	44	61	#
94	1754206	2	3	6	7	8	9	13	14	15	16	17	19	20	21	22	23	24	25	26	27	28	29	31	34	61	#
95	117244	43	#
96	169307	0	1	7	62	#
97	196953	7	28	29	62	#
98	139187	0	6	7	62	#
99	163767	27	28	63	#
100	205133	28	34	63	#
101	1286008	4	5	10	11	12	13	14	15	16	17	19	20	21	24	25	26	30	31	32	64	#
102	1438848	5	9	10	11	12	13	14	15	16	21	22	23	28	29	31	32	33	34	37	64	#
103	1314785	4	5	9	10	11	12	13	14	15	16	17	19	20	21	24	25	26	30	31	64	#
104	1311876	1	2	3	4	5	9	10	11	12	13	14	15	16	17	20	21	25	26	27	64	#
105	1310610	4	10	11	12	13	14	15	16	17	20	21	24	25	26	29	31	32	33	34	64	#
106	1285458	4	5	6	9	11	12	13	14	15	16	17	19	20	21	24	25	26	30	31	64	#
107	1020370	5	10	11	15	16	17	22	28	29	33	34	35	65	#
108	894260	5	10	11	13	14	15	16	17	22	28	29	34	65	#
109	892942	10	15	16	17	22	28	29	32	33	34	35	39	65	#
110	881213	4	5	8	9	10	11	14	15	16	22	28	29	65	#
111	854331	16	17	18	19	21	22	25	26	27	28	29	34	65	#
112	822205	9	14	15	16	17	21	22	28	29	33	34	35	65	#
113	1677742	0	1	2	3	6	7	8	9	10	12	13	14	15	16	18	19	20	21	23	24	25	26	27	28	29	31	32	33	34	66	#
114	2033966	0	1	2	3	4	5	6	7	8	9	10	11	12	15	16	18	19	22	23	26	27	28	29	31	32	33	34	35	37	66	#
115	2012542	0	1	2	3	4	5	6	7	8	10	11	12	13	16	18	19	20	23	24	25	26	27	28	29	31	32	33	34	35	66	#
116	2010434	0	1	2	3	4	5	6	7	8	9	10	11	12	15	16	17	22	23	26	27	28	29	31	32	33	34	35	37	44	66	#
117	1917106	1	2	3	4	5	6	7	8	9	10	11	12	13	15	16	18	19	20	22	26	28	29	31	32	33	34	35	41	42	66	#
118	1909379	0	1	2	3	6	7	8	9	10	12	13	14	18	19	20	23	24	25	26	27	28	29	30	31	32	33	34	35	40	66	#
119	115299	38	#
120	1257204	13	14	15	18	19	20	22	24	25	26	27	28	30	31	32	33	34	35	67	#
121	1316503	6	12	13	18	19	21	22	24	26	27	28	30	31	32	33	34	35	38	67	#
122	1302656	3	4	8	9	10	13	14	15	21	22	26	27	28	30	31	32	33	34	67	#
123	1296600	9	13	15	18	19	20	21	24	25	26	27	28	30	31	32	33	34	37	67	#
124	1296249	4	9	10	15	18	19	21	22	24	25	26	27	28	30	31	32	33	42	67	#
125	1268111	10	13	14	15	16	17	18	21	22	25	26	27	28	31	32	33	34	35	67	#
126	952254	1	3	4	6	7	8	9	10	11	15	16	17	22	68	#
127	1037440	4	5	9	10	11	13	14	15	16	17	22	23	28	68	#
128	1010213	3	4	5	9	10	11	15	16	17	22	28	29	43	68	#
129	948119	3	4	8	9	10	11	13	14	15	16	22	28	34	68	#
130	941780	3	5	8	9	10	11	15	16	17	22	27	28	29	68	#
131	901502	3	9	10	11	13	14	15	16	17	20	21	22	28	68	#
132	617756	22	23	27	28	29	33	34	69	#
133	585910	22	23	26	27	28	29	31	69	#
134	569455	22	23	28	29	30	34	35	69	#
135	562466	16	17	22	23	27	28	29	69	#
136	553111	23	26	29	32	33	34	35	69	#
137	489157	21	27	28	29	33	34	35	69	#
138	203314	24	25	30	70	#
139	249422	25	30	31	70	#
140	172158	18	24	25	70	#
141	116284	15	24	25	70	#
142	147379	19	25	71	#
143	207949	24	25	71	#
144	83370	5	#
145	756993	3	4	5	8	9	10	11	14	15	16	17	21	22	27	72	#
146	1065188	2	3	4	5	7	8	9	11	14	15	16	17	22	32	72	#
147	969759	15	21	22	24	25	26	27	28	30	31	32	33	34	35	72	#
148	909067	2	7	8	9	14	15	16	20	21	22	27	28	33	34	72	#
149	898566	2	4	5	7	8	9	10	11	15	16	17	22	27	28	72	#
150	871152	0	1	2	3	6	7	8	9	12	13	14	15	16	22	72	#
151	1517607	2	3	9	15	16	22	24	25	26	27	28	29	30	31	32	33	34	35	73	#
152	1319283	2	6	8	12	18	23	24	25	26	27	29	30	31	32	33	34	35	37	73	#
153	1301835	16	18	19	20	22	23	24	25	26	27	28	29	30	31	32	33	34	36	73	#
154	1263217	9	15	18	20	22	24	25	26	27	28	29	30	31	32	33	34	35	42	73	#
155	1257516	1	2	3	8	9	10	11	15	16	20	21	22	26	27	28	29	33	34	73	#
156	1246597	9	10	11	14	15	16	19	20	22	23	25	26	27	28	29	32	33	34	73	#
157	177331	26	27	31	74	#
158	197179	26	31	32	74	#
159	191743	26	27	28	74	#
160	154990	20	26	32	74	#
161	1106118	4	5	7	8	9	10	11	14	15	16	17	20	21	22	27	28	42	75	#
162	1333643	11	14	15	16	17	18	20	21	22	25	26	27	28	30	31	34	35	75	#
163	1250617	14	15	16	18	20	21	22	23	25	26	27	28	29	31	33	34	35	75	#
164	1250049	4	5	11	14	15	16	17	20	21	22	25	26	27	28	31	34	36	75	#
165	1231837	4	5	10	11	14	15	16	17	20	21	22	24	26	28	30	34	35	75	#
166	1208191	1	3	7	8	9	14	15	16	17	20	21	22	25	26	27	28	29	75	#
167	708571	0	1	2	3	6	7	8	9	12	15	16	22	28	76	#
168	898357	0	1	2	5	6	7	8	9	11	15	16	17	22	76	#
169	874743	0	1	6	7	8	9	12	13	19	25	26	27	32	76	#
170	857247	8	9	12	13	14	15	16	22	26	27	28	32	34	76	#
171	844613	1	2	3	4	5	8	9	10	11	15	16	17	22	76	#
172	833348	1	2	3	8	9	10	11	13	15	16	17	19	22	76	#
173	79984	13	14	77	#
174	87523	13	25	77	#
175	856544	6	7	8	10	12	13	15	16	17	18	19	20	22	24	27	28	38	78	#
176	1244961	3	9	10	11	15	16	17	21	22	23	28	29	32	33	34	35	38	78	#
177	1218513	1	2	3	7	8	9	10	15	16	17	21	22	27	28	33	34	35	78	#
178	1202761	6	12	13	15	16	17	18	22	23	24	25	28	29	32	33	34	35	78	#
179	1149374	2	3	8	9	10	11	15	16	17	21	22	23	27	28	29	34	35	78	#
180	1110121	9	10	15	16	17	20	21	22	23	24	25	28	29	32	33	34	35	78	#
181	1168936	9	15	16	17	18	19	20	21	23	24	25	26	27	29	30	31	32	33	34	79	#
182	1494021	4	5	6	7	10	11	12	13	14	16	17	18	24	30	31	32	33	34	36	79	#
183	1411961	1	2	3	4	5	9	10	11	16	17	18	19	24	25	30	31	32	33	34	79	#
184	1273363	1	6	7	12	13	14	18	19	20	21	24	25	26	27	30	31	32	33	34	79	#
185	1259991	6	7	12	13	14	18	19	20	21	24	25	26	27	30	31	32	33	34	35	79	#
186	1247793	12	13	14	15	19	20	21	23	24	25	26	27	28	29	30	31	32	33	34	79	#
187	422866	3	4	9	10	11	16	80	#
188	466213	4	5	10	11	16	17	80	#
189	457655	1	2	3	9	10	16	80	#
190	432333	9	10	11	15	16	17	80	#
191	390836	4	10	11	16	17	22	80	#
192	339807	9	14	15	16	20	21	80	#
193	38355	8	#
194	701395	0	2	3	6	7	8	9	12	15	16	21	22	81	#
195	820111	2	3	4	5	7	8	9	10	11	15	16	17	81	#
196	778205	2	8	9	15	16	17	19	21	22	25	26	27	81	#
197	772946	2	3	8	9	15	16	17	21	22	25	26	31	81	#
198	726326	2	3	4	9	10	11	15	16	17	21	22	27	81	#
199	712389	3	4	5	9	10	11	15	16	17	21	22	27	81	#
200	1754829	0	1	6	7	8	9	12	13	14	15	18	19	20	21	22	23	24	25	26	27	28	29	30	31	32	33	34	82	#
201	1933892	4	5	9	11	12	13	14	15	18	19	20	21	22	23	24	25	26	27	28	29	30	31	32	33	34	35	40	82	#
202	1875002	2	7	8	9	12	13	14	15	18	19	20	21	22	23	24	25	26	27	28	29	30	31	32	33	34	35	38	82	#
203	1872240	7	8	9	12	13	14	15	16	18	19	20	21	22	23	24	25	26	27	28	29	30	31	32	33	34	35	40	82	#
204	1832452	2	7	8	9	12	13	14	15	16	18	19	20	21	22	23	24	25	26	27	28	29	30	31	32	33	34	35	82	#
205	1828065	4	7	8	9	12	13	14	15	16	18	19	20	21	22	23	24	25	26	27	28	29	30	31	32	33	34	44	82	#
206	630698	1	2	3	5	9	10	11	42	83	#
207	574405	3	4	5	9	10	11	16	22	83	#
208	553940	1	3	4	5	6	7	9	10	83	#
209	550989	4	5	10	11	16	29	39	42	83	#
210	517132	1	6	7	12	13	14	19	25	83	#
211	488027	3	4	5	9	10	11	15	16	83	#
212	429539	4	5	9	10	11	16	17	22	84	#
213	507820	7	8	9	10	11	15	16	22	84	#
214	500453	3	5	8	9	10	11	16	17	84	#
215	431880	3	4	5	9	10	11	16	17	84	#
216	402157	3	9	10	11	15	16	17	22	84	#
217	384374	9	10	11	14	15	16	17	22	84	#
218	163831	34	35	85	#
219	222359	33	34	85	#
220	567394	4	5	9	11	15	16	17	22	38	86	#
221	739999	15	21	22	23	26	27	28	29	31	86	#
222	606569	0	6	12	29	32	33	34	35	38	86	#
223	565184	3	4	5	9	11	15	16	17	22	86	#
224	548731	3	9	14	15	16	21	22	27	28	86	#
225	534630	4	5	11	15	16	17	21	22	27	86	#
226	169364	42	44	87	#
227	219129	26	42	87	#
228	97053	17	44	87	#
229	405568	33	34	35	88	#
230	352821	29	34	35	88	#
231	340360	32	33	34	88	#
232	724042	2	8	22	23	26	27	28	29	34	35	89	#
233	827477	14	15	22	23	26	27	28	29	33	34	89	#
234	796050	15	16	22	23	27	28	29	33	34	35	89	#
235	792098	14	15	21	23	26	27	28	29	33	34	89	#
236	764015	9	13	16	19	22	23	25	28	29	34	89	#
237	739639	9	15	16	21	22	28	29	33	34	35	89	#
238	255082	3	9	16	90	#
239	246657	8	9	16	90	#
240	225679	2	3	9	90	#
241	403899	0	1	6	7	8	12	91	#
242	509797	0	1	2	6	7	34	91	#
243	399311	1	2	3	6	7	8	91	#
244	394903	0	1	2	6	7	8	91	#
245	386242	0	1	6	7	12	13	91	#
246	836887	2	3	4	5	8	9	10	11	14	15	16	20	22	34	92	#
247	965326	0	1	2	3	4	5	7	8	9	10	11	15	16	22	92	#
248	937495	0	1	2	4	5	6	7	8	9	10	11	15	16	21	92	#
249	928310	1	2	3	7	8	9	10	11	15	16	20	21	26	42	92	#
250	890789	1	3	4	5	7	8	9	10	11	15	16	18	19	22	92	#
251	851065	2	3	4	7	8	9	10	11	14	15	16	20	21	26	92	#
252	340716	18	19	24	25	26	30	93	#
253	480212	19	25	26	31	32	33	93	#
254	448903	25	26	27	31	32	33	93	#
255	353978	18	19	24	30	31	32	93	#
256	262093	10	13	14	15	16	19	93	#
257	439850	2	3	7	8	9	94	#
258	492446	2	7	8	9	16	94	#
259	383789	2	3	8	9	10	94	#
260	380174	1	2	3	7	8	94	#
261	265483	3	8	9	10	18	94	#
262	236708	3	9	10	15	21	94	#
263	661435	10	15	16	21	22	27	28	34	43	95	#
264	895833	16	21	22	23	27	28	29	34	35	95	#
265	854371	21	22	23	27	28	29	33	34	35	95	#
266	797865	14	15	16	21	22	23	27	28	29	95	#
267	765838	21	22	26	27	28	29	33	34	35	95	#
268	714779	9	10	11	14	15	16	17	22	28	95	#
269	216447	14	20	21	26	96	#
270	253680	21	26	27	31	96	#
271	210660	14	20	25	26	96	#
272	1079773	2	7	8	9	10	11	13	14	15	16	22	25	26	27	28	97	#
273	1293787	1	2	3	6	7	8	9	12	15	16	22	27	28	29	34	97	#
274	1162090	3	8	9	14	15	16	20	22	23	27	28	29	33	34	35	97	#
275	1141379	1	2	3	6	7	8	9	14	15	16	21	22	28	34	36	97	#
276	1118999	1	2	3	4	5	6	7	8	9	11	14	15	16	17	22	97	#
277	1088609	6	12	13	14	15	18	22	23	24	26	27	28	29	33	34	97	#
278	219059	33	34	35	98	#
279	310536	26	32	33	98	#
280	238052	29	34	35	98	#
281	197848	28	29	34	98	#
282	182140	24	25	30	99	#
283	221169	25	30	31	99	#
284	83048	18	24	25	99	#
285	399610	14	18	19	20	24	25	26	31	100	#
286	539878	11	16	17	18	19	24	25	31	100	#
287	417449	18	19	20	24	26	30	31	32	100	#
288	391316	14	19	20	21	24	26	30	31	100	#
289	351295	12	13	18	19	24	25	31	32	100	#
290	343386	9	14	15	16	17	20	22	28	100	#
291	365968	4	5	10	11	22	41	101	#
292	521680	4	5	9	10	11	16	101	#
293	462494	9	10	11	16	17	22	101	#
294	447685	4	5	10	11	16	17	101	#
295	441984	8	9	10	11	16	17	101	#
296	410861	8	9	16	17	22	28	101	#
297	1066526	9	14	15	20	21	22	23	26	27	28	29	32	33	34	35	102	#
298	1088615	2	8	9	23	24	26	27	28	29	30	31	32	33	34	35	102	#
299	1060613	3	9	14	15	19	20	21	23	25	26	27	28	29	31	34	102	#
300	1047744	0	1	2	3	6	7	12	25	28	29	31	32	33	34	35	102	#
301	1037324	9	15	16	17	19	20	21	22	23	27	28	29	32	33	34	102	#
302	1022801	3	9	14	15	19	20	21	22	23	27	28	29	32	33	34	102	#
303	311946	4	5	10	11	103	#
304	233656	10	11	14	16	103	#
305	203932	9	10	16	17	103	#
306	530978	22	23	28	29	34	43	104	#
307	583274	23	28	29	33	34	35	104	#
308	555506	22	23	28	29	34	35	104	#
309	500115	1	2	8	23	36	43	104	#
310	489497	26	27	28	29	31	34	104	#
311	433388	22	23	28	29	34	41	104	#
312	212241	25	31	105	#
313	190308	24	25	105	#
314	155860	31	32	105	#
315	585485	0	1	2	6	7	8	31	106	#
316	660329	1	2	6	7	8	12	35	106	#
317	581357	0	1	2	6	7	8	12	106	#
318	512620	0	1	2	6	8	30	42	106	#
319	438031	2	6	7	8	12	13	18	106	#
320	410479	0	1	6	12	18	19	20	106	#
321	548511	4	5	10	11	16	17	22	107	#
322	713665	4	5	10	11	16	33	34	107	#
323	596518	9	10	11	16	17	22	33	107	#
324	547491	10	11	16	17	20	22	26	107	#
325	531247	4	5	10	11	15	16	22	107	#
326	481284	4	5	10	11	15	16	17	107	#
327	1560192	1	2	6	7	8	9	10	13	14	15	16	17	19	20	21	22	26	27	28	29	32	33	34	37	108	#
328	1904409	2	4	5	7	8	9	10	14	15	16	20	21	22	23	26	27	28	29	30	31	32	33	34	35	108	#
329	1860524	2	4	5	8	9	10	14	15	16	19	20	21	22	23	26	27	28	29	30	31	32	33	34	35	108	#
330	1770352	2	4	5	8	9	10	13	14	15	16	17	19	21	22	24	25	26	27	28	29	32	33	34	35	108	#
331	1766346	2	4	5	8	9	10	11	13	14	15	16	17	20	21	22	23	26	27	28	29	32	33	34	35	108	#
332	1752075	0	1	2	3	4	5	6	7	8	9	10	14	15	16	21	22	23	26	27	28	29	32	33	34	108	#
333	138009	9	15	21	109	#
334	165319	8	9	10	109	#
335	77522	20	26	110	#
336	69649	14	20	110	#
337	271477	21	26	27	32	111	#
338	290191	26	27	32	33	111	#
339	212838	14	20	21	26	111	#
340	1388445	3	6	9	10	12	13	14	15	16	18	19	20	22	24	25	27	28	29	30	31	33	34	112	#
341	1777587	1	2	5	7	9	10	11	15	16	17	22	23	24	25	26	27	28	29	32	33	34	35	112	#
342	1657238	0	1	2	3	6	7	8	9	10	12	13	15	16	22	24	25	26	28	29	31	32	33	112	#
343	1652905	0	1	5	6	7	9	10	11	12	13	14	15	16	20	22	24	25	26	28	30	31	32	112	#
344	1630199	3	9	10	11	14	15	16	20	22	24	25	26	27	28	29	30	31	32	33	34	35	44	112	#
345	1560151	1	2	3	6	7	9	10	12	13	14	15	16	19	20	22	24	25	26	27	28	29	31	112	#
346	53709	0	#
347	949365	13	14	19	20	21	24	25	26	30	31	32	33	34	37	113	#
348	1050804	4	10	11	13	19	20	25	26	29	31	32	33	34	35	113	#
349	1034179	12	13	18	19	20	24	25	26	31	32	33	34	35	39	113	#
350	982130	13	14	18	19	20	25	26	29	31	32	33	34	35	43	113	#
351	861627	9	12	13	16	19	20	21	22	24	25	26	27	31	32	113	#
352	852694	12	13	14	19	20	21	24	25	26	27	30	31	32	33	113	#
353	113928	33	#
354	380644	4	10	11	16	17	114	#
355	412091	1	10	11	16	17	114	#
356	360492	4	9	10	11	17	114	#
357	338740	4	9	10	16	17	114	#
358	120478	30	#
359	1165773	0	1	2	3	5	7	8	9	10	11	14	15	16	17	21	22	27	28	115	#
360	1347687	5	9	10	11	14	15	16	17	21	22	23	27	28	29	33	34	35	42	115	#
361	1310435	1	2	3	6	7	9	10	11	14	15	16	17	21	22	23	27	28	29	115	#
362	1206255	2	3	5	6	7	8	9	10	11	14	15	16	17	20	21	22	39	42	115	#
363	1200013	0	1	2	3	4	5	6	7	9	10	11	15	16	17	21	22	27	28	115	#
364	1185677	0	1	2	3	6	9	12	15	16	17	18	21	22	24	25	26	30	43	115	#
365	2285393	0	1	2	3	4	5	6	7	8	9	10	11	12	13	14	15	16	17	18	19	20	21	22	23	24	25	26	27	28	29	30	31	32	33	34	35	36	44	116	#
366	2305803	0	1	2	3	4	5	6	7	8	9	10	11	12	13	14	15	16	17	18	19	20	21	22	23	24	25	26	27	28	29	30	31	32	33	34	35	36	43	116	#
367	2288603	0	1	2	3	4	5	6	7	8	9	10	11	12	13	14	15	16	17	18	19	20	21	22	23	24	25	26	27	28	29	30	31	32	33	34	35	36	40	116	#
368	2286570	0	1	2	3	4	5	6	7	8	9	10	11	12	13	14	15	16	17	18	19	20	21	22	23	24	25	26	27	28	29	30	31	32	33	34	35	36	42	116	#
369	2279161	0	1	2	3	4	5	6	7	8	9	10	11	12	13	14	15	16	17	18	19	20	21	22	23	24	25	26	27	28	29	30	31	32	33	34	35	40	43	116	#
370	2275951	0	1	2	3	4	5	6	7	8	9	10	11	12	13	14	15	16	17	18	19	20	21	22	23	24	25	26	27	28	29	30	31	32	33	34	35	43	44	116	#
371	1044630	1	2	3	7	8	9	10	14	15	16	20	22	26	34	35	38	117	#
372	1283379	9	16	17	18	19	22	25	26	27	28	29	30	31	32	34	35	117	#
373	1215093	0	6	14	20	24	25	26	27	28	29	30	31	32	33	34	35	117	#
374	1131032	3	6	9	14	15	16	21	22	27	28	29	31	32	33	34	35	117	#
375	1056160	1	6	7	8	9	10	12	15	16	20	21	22	28	29	33	34	117	#
376	994220	6	8	9	10	12	14	15	16	17	18	22	23	27	28	29	34	117	#
377	112274	31	#
378	117868	25	26	#
379	849806	0	1	2	3	6	7	8	9	12	15	16	18	22	25	119	#
380	954492	0	1	2	3	6	7	8	9	12	13	18	19	23	29	119	#
381	935991	0	1	2	4	5	6	7	8	9	10	11	15	16	22	119	#
382	915974	0	1	2	3	6	7	8	9	12	13	16	18	19	39	119	#
383	895413	0	1	2	6	7	8	9	15	16	18	19	20	21	22	119	#
384	893018	1	6	7	12	13	14	18	19	20	25	26	30	31	32	119	#
385	319822	21	26	27	30	31	120	#
386	393874	24	26	30	31	32	120	#
387	378833	26	27	30	31	32	120	#
388	197743	20	25	26	27	31	120	#
389	143733	9	15	20	21	27	120	#
390	126503	15	20	21	26	27	120	#
391	93501	44	#
392	46821	36	#
393	1340616	2	3	4	5	9	10	11	13	15	16	17	18	19	20	21	22	24	25	26	27	28	31	32	33	34	121	#
394	1674831	0	1	2	3	5	6	7	8	9	10	11	15	16	17	19	22	23	24	25	26	27	28	29	32	34	121	#
395	1575132	0	1	2	3	4	5	7	8	9	10	11	15	16	17	21	22	23	25	27	28	29	31	32	33	34	121	#
396	1566823	1	2	3	5	7	8	9	10	11	15	16	17	19	20	21	22	23	24	27	28	29	30	32	33	34	121	#
397	1501396	0	1	2	3	8	9	10	15	16	17	18	19	22	23	24	25	26	27	28	29	30	31	32	33	34	121	#
398	1497331	0	1	2	3	5	6	7	8	9	10	11	12	13	15	16	17	21	22	26	27	28	29	32	33	34	121	#
399	555611	25	26	30	31	32	33	122	#
400	542031	24	25	30	31	32	33	122	#
401	497866	20	25	26	29	30	31	122	#
402	390092	20	24	26	30	31	32	122	#
403	359065	3	27	28	31	32	33	122	#
404	335632	19	25	26	27	31	32	122	#
405	1009320	12	13	14	15	18	19	20	21	22	24	25	26	27	28	30	31	32	34	35	43	124	#
406	1503262	5	9	10	11	14	15	16	17	19	20	22	23	26	27	28	29	32	33	34	35	124	#
407	1434210	5	8	9	10	11	15	16	17	19	20	21	22	23	26	27	28	29	33	34	35	124	#
408	1331540	0	1	2	3	8	9	10	15	16	22	23	26	27	28	29	32	33	34	35	39	124	#
409	1293935	11	12	13	14	15	16	17	19	20	21	22	23	26	27	28	29	32	33	34	35	124	#
410	1219884	2	3	5	8	9	10	11	13	14	15	16	17	19	20	21	22	26	27	28	29	124	#
411	1025291	0	1	2	3	4	5	8	9	10	11	15	16	17	21	27	28	125	#
412	1368582	9	15	16	17	21	23	25	26	27	28	29	31	32	34	35	40	125	#
413	1199589	2	3	8	9	15	16	17	21	25	26	27	28	29	31	32	34	125	#
414	1181792	2	4	5	9	10	11	15	16	21	22	25	26	27	31	32	36	125	#
415	1153559	4	5	9	10	11	14	15	16	17	21	26	27	28	31	32	34	125	#
416	1114510	3	4	5	9	10	11	15	16	17	21	22	27	28	29	34	35	125	#
417	241632	14	20	21	27	28	126	#
418	292613	14	20	21	25	26	126	#
419	271828	15	21	26	27	32	126	#
420	259602	15	21	22	26	27	126	#
421	150516	26	27	127	#
422	170817	25	26	127	#
423	123942	27	28	127	#
424	155559	0	6	7	128	#
425	197681	1	2	7	128	#
426	40603	12	#
427	841389	2	3	7	8	9	13	15	16	19	20	21	22	25	26	27	30	31	129	#
428	1201767	0	1	2	3	7	15	16	22	23	24	27	28	29	30	33	34	35	129	#
429	1154173	9	12	15	16	18	22	24	25	26	27	28	30	31	32	33	34	35	129	#
430	1081614	8	9	11	13	14	15	16	17	22	23	26	27	28	29	33	34	35	129	#
431	1079582	2	3	5	7	8	9	11	15	16	17	22	27	28	29	33	34	35	129	#
432	1064732	11	15	16	17	18	19	20	22	24	25	26	27	28	30	31	34	35	129	#
433	1674352	1	2	3	6	7	9	11	12	15	16	17	18	20	21	22	23	24	25	26	27	28	29	34	35	130	#
434	1761728	3	9	12	14	15	16	18	19	20	21	22	23	24	25	26	27	28	29	30	31	32	33	34	35	130	#
435	1725635	0	1	2	6	7	12	18	19	20	21	22	23	24	25	26	27	28	29	30	31	32	33	34	35	130	#
436	1701557	0	1	9	12	15	16	18	19	20	21	22	23	24	25	26	27	28	29	30	31	32	33	34	35	130	#
437	1701451	9	12	14	15	16	17	18	19	20	21	22	23	24	25	26	27	28	29	30	31	32	33	34	35	130	#
438	1687704	10	11	12	14	15	16	17	18	20	21	22	23	24	25	26	27	28	29	30	31	32	33	34	35	130	#
439	629874	4	5	9	10	11	16	17	22	131	#
440	658959	4	5	9	10	16	17	22	28	131	#
441	653962	9	15	16	17	22	28	34	35	131	#
442	642451	2	3	4	5	9	10	16	17	131	#
443	627944	3	5	9	10	11	15	16	17	131	#
444	622509	5	9	10	11	15	16	17	22	131	#
445	435734	28	29	34	35	132	#
446	436821	32	33	34	35	132	#
447	436694	28	29	33	34	132	#
448	362332	14	20	21	25	26	27	39	133	#
449	509132	20	21	26	27	30	31	32	133	#
450	431971	14	15	19	20	26	27	30	133	#
451	401382	14	15	20	21	25	26	27	133	#
452	398713	15	20	21	22	27	28	34	133	#
453	243174	12	13	14	15	19	20	22	133	#
454	139922	35	#
455	144084	2	8	134	#
456	173983	2	3	134	#
457	1934606	0	1	2	3	4	5	6	7	8	9	10	11	12	13	14	15	16	17	18	19	20	21	22	23	24	25	26	27	28	29	30	31	32	33	34	35	36	39	135	#
458	2075767	0	1	2	3	4	5	6	7	8	9	10	11	12	13	14	15	16	17	18	19	20	21	22	23	24	25	26	27	28	29	30	31	32	33	34	35	38	42	135	#
459	2067179	0	1	2	3	4	5	6	7	8	9	10	11	12	13	14	15	16	17	19	20	21	22	23	24	25	26	27	28	29	30	31	32	33	34	35	36	40	43	135	#
460	2034545	0	1	2	3	4	5	6	7	8	9	10	11	12	13	14	15	16	17	18	19	20	21	22	23	24	25	26	27	28	29	30	31	32	33	34	35	37	40	135	#
461	2026745	0	1	2	3	4	5	6	7	8	9	10	11	12	13	14	15	16	17	18	19	20	21	22	23	24	25	26	27	28	29	30	31	32	33	34	35	38	44	135	#
462	2024851	0	1	2	3	4	5	6	7	8	9	10	11	12	13	14	15	16	17	18	19	20	21	22	23	24	25	26	27	28	29	30	31	32	33	34	35	42	44	135	#
463	383250	14	18	19	20	24	25	30	136	#
464	452483	9	11	14	15	16	22	40	136	#
465	449309	14	18	19	20	24	25	43	136	#
466	445163	18	19	24	25	26	32	33	136	#
467	422612	14	20	25	26	27	30	31	136	#
468	405586	6	12	18	24	25	26	32	136	#
469	52110	20	#
470	699736	12	13	14	18	19	20	24	25	26	30	31	137	#
471	836106	2	3	7	8	9	18	24	25	26	30	31	137	#
472	767689	8	9	14	15	16	18	19	20	24	25	26	137	#
473	764676	12	13	14	18	19	24	25	26	30	31	37	137	#
474	706130	12	13	14	18	20	24	25	26	27	30	31	137	#
475	703887	13	14	18	19	20	24	25	26	27	30	31	137	#
476	1921620	0	1	2	3	4	5	6	7	8	9	10	11	12	13	14	15	16	17	18	19	21	22	24	27	28	29	30	34	35	138	#
477	2154192	0	1	3	6	7	8	9	10	11	12	13	15	16	17	18	19	22	23	24	26	27	28	29	30	31	32	33	34	35	138	#
478	2148450	2	3	4	5	9	10	11	12	13	14	15	16	17	19	21	22	25	26	27	28	29	30	31	32	33	34	35	38	40	138	#
479	2100544	2	3	4	5	7	8	9	10	11	12	13	14	15	16	17	19	20	21	22	23	26	27	28	29	31	32	33	34	35	138	#
480	2092920	0	1	3	4	5	6	7	9	10	11	12	13	14	15	16	17	18	19	21	23	24	26	27	28	29	32	33	34	35	138	#
481	2086336	0	2	4	5	6	8	9	10	11	12	13	14	15	16	17	18	19	21	22	23	24	26	27	28	30	31	33	34	35	138	#
482	229748	3	8	9	43	139	#
483	292390	10	16	17	43	139	#
484	287374	1	2	3	8	139	#
485	282637	6	7	8	9	139	#
486	228792	3	8	9	10	139	#
487	970467	1	3	6	7	8	9	14	15	16	17	20	21	22	140	#
488	1110628	3	9	14	15	18	19	20	21	24	25	26	27	31	140	#
489	1098850	0	1	2	6	7	12	18	24	25	26	30	31	32	140	#
490	1079763	2	3	7	8	9	10	11	14	15	16	20	21	26	140	#
491	1029814	5	9	10	11	14	15	16	17	20	21	22	26	27	140	#
492	1011721	1	2	3	7	8	9	12	15	16	17	18	21	25	140	#
493	671653	13	14	15	18	19	20	21	24	25	26	30	43	141	#
494	893757	5	11	13	18	19	20	21	24	25	26	27	30	141	#
495	847925	12	13	14	18	19	20	24	25	26	29	30	34	141	#
496	795834	4	10	13	16	17	18	19	20	24	25	26	30	141	#
497	770311	11	13	14	15	16	17	19	20	25	26	27	43	141	#
498	719411	6	12	13	18	19	20	21	24	25	26	27	30	141	#
499	1758499	0	1	2	3	4	5	6	7	8	9	10	11	15	16	21	22	27	28	29	30	31	32	33	34	142	#
500	1899102	3	8	9	10	11	13	14	15	16	19	22	23	24	25	26	27	28	29	30	31	32	33	34	35	142	#
501	1767351	2	8	9	13	14	15	16	19	20	21	22	23	24	25	26	27	28	29	30	31	32	33	34	35	142	#
502	1762190	1	2	3	5	7	8	9	10	11	13	14	15	16	18	19	20	22	25	28	30	31	32	33	41	142	#
503	1754649	0	3	6	7	8	9	10	14	15	16	21	22	23	25	26	27	28	29	30	31	32	33	34	40	142	#
504	1736656	2	3	8	9	13	14	15	16	19	20	21	22	24	25	26	27	28	30	31	32	33	34	35	39	142	#
505	334890	12	18	19	20	24	25	143	#
506	365536	19	20	21	25	27	31	143	#
507	353822	18	19	20	24	25	31	143	#
508	338857	19	20	21	26	27	28	143	#
509	309517	0	6	7	12	18	43	143	#
510	282749	14	19	20	21	25	26	143	#
511	516171	2	8	9	14	15	16	20	21	44	144	#
512	736971	1	2	3	8	9	15	37	38	44	144	#
513	571310	1	2	3	9	14	15	16	21	22	144	#
514	564257	1	2	3	8	9	10	15	16	21	144	#
515	540826	9	10	11	12	13	14	15	16	20	144	#
516	505239	2	3	8	9	10	15	16	21	22	144	#
517	334917	4	5	9	10	11	17	21	145	#
518	446853	2	4	5	8	9	10	11	145	#
519	377629	4	5	9	10	14	15	20	145	#
520	370259	4	5	9	10	11	15	21	145	#
521	351826	4	5	9	10	11	15	22	145	#
522	339790	4	5	9	10	11	15	17	145	#
523	1227330	12	13	14	19	20	21	23	24	25	26	27	28	30	31	32	33	34	37	146	#
524	1411107	9	14	15	21	22	23	25	26	27	28	29	31	32	33	34	35	37	39	146	#
525	1303080	13	14	19	20	21	23	24	25	26	27	28	29	30	31	32	33	34	35	146	#
526	1249211	9	13	14	15	16	19	20	22	24	25	26	27	28	30	31	32	33	34	146	#
527	1238727	1	2	3	13	14	15	19	20	21	25	26	27	28	31	32	33	34	35	146	#
528	1235152	5	13	18	19	20	21	23	24	25	26	27	28	29	31	32	33	34	35	146	#
529	504906	0	1	2	6	7	8	9	147	#
530	615013	3	7	8	9	16	22	37	147	#
531	614537	8	9	10	11	15	16	22	147	#
532	587249	2	7	8	9	15	16	22	147	#
533	535756	6	7	12	18	24	30	39	147	#
534	432743	0	1	2	6	7	12	18	147	#
535	1204889	0	1	6	7	12	13	18	19	24	25	27	28	30	31	32	33	34	35	148	#
536	1199738	2	3	7	8	12	13	14	15	18	20	25	26	27	30	31	32	33	34	148	#
537	1171185	4	5	10	11	14	15	16	21	24	25	27	28	30	31	32	33	34	35	148	#
538	1137700	0	1	2	3	6	7	8	12	13	14	15	18	20	24	25	30	31	32	148	#
539	1114445	9	13	14	15	16	20	24	25	26	27	28	30	31	32	33	34	35	44	148	#
540	1099624	0	1	2	3	6	7	8	12	13	14	18	20	21	24	25	30	31	32	148	#
541	85708	40	41	149	#
542	112008	11	40	149	#
543	702068	0	1	2	3	6	7	8	9	12	15	16	22	150	#
544	971770	5	9	11	15	16	17	22	23	27	28	29	34	150	#
545	881971	2	3	8	9	12	18	19	23	24	25	29	31	150	#
546	845665	0	1	2	3	6	7	8	9	16	22	27	28	150	#
547	815881	11	15	16	17	20	21	22	23	27	28	29	34	150	#
548	812810	0	1	2	3	7	8	9	15	16	22	28	40	150	#
549	311877	14	15	16	21	22	28	29	151	#
550	450670	6	12	13	14	18	19	25	151	#
551	446886	3	9	10	11	16	17	22	151	#
552	422513	2	3	8	9	15	16	22	151	#
553	356291	10	13	14	15	16	17	22	151	#
554	282814	14	18	19	20	21	24	25	151	#
555	1366503	0	1	2	3	6	7	8	9	10	11	12	13	14	15	16	17	18	19	20	21	25	26	27	152	#
556	1609105	2	3	6	8	9	11	12	13	14	15	16	17	20	21	22	23	25	26	27	28	29	31	34	152	#
557	1523667	0	1	2	3	6	7	8	10	11	12	13	14	15	16	18	19	20	21	25	26	30	31	43	152	#
558	1507199	0	2	3	6	7	8	12	13	14	19	23	25	26	27	28	29	31	33	34	35	36	37	44	152	#
559	1489448	6	9	11	12	13	14	15	16	17	18	19	20	21	22	24	25	26	28	31	33	34	35	42	152	#
560	1468852	3	4	6	7	8	9	10	11	12	13	14	15	16	17	19	20	21	22	24	25	26	27	31	152	#
561	1041763	3	4	5	9	10	12	13	14	15	18	19	20	22	24	25	26	28	153	#
562	1283495	14	15	18	19	20	22	23	24	25	26	28	29	31	32	33	34	35	153	#
563	1163195	0	1	6	7	12	18	19	20	24	25	26	28	30	31	32	33	34	153	#
564	1160320	9	10	14	15	20	21	22	23	25	26	27	28	29	31	32	33	34	153	#
565	1099352	0	6	7	8	9	10	12	14	18	19	20	24	25	26	31	32	33	153	#
566	1067517	2	3	9	10	14	15	16	18	19	20	22	25	26	28	29	31	32	153	#
567	1108604	0	1	2	3	4	5	6	7	8	9	10	11	12	13	15	16	17	18	19	20	25	26	32	154	#
568	1361592	1	3	4	5	7	8	9	10	11	15	16	17	18	21	22	23	25	28	29	30	31	32	34	154	#
569	1330201	0	1	2	6	7	8	9	10	12	15	16	18	20	23	24	25	26	29	30	32	34	38	41	154	#
570	1322687	0	1	2	3	4	5	6	7	8	9	10	11	12	14	15	16	17	20	22	23	28	29	34	154	#
571	1303545	3	4	5	9	10	11	12	14	15	17	18	20	21	23	24	25	26	27	28	29	32	33	34	154	#
572	1281174	0	1	2	3	4	5	7	8	9	10	11	14	15	16	17	21	22	23	28	29	33	34	42	154	#
573	455578	4	5	9	10	11	40	155	#
574	465794	4	5	9	10	11	16	155	#
575	463629	4	5	8	9	10	11	155	#
576	452895	25	26	27	31	32	40	155	#
577	430820	1	2	7	8	9	15	155	#
578	297578	3	9	16	156	#
579	293515	9	15	16	156	#
580	176531	3	9	13	156	#
581	1876682	2	3	4	5	6	7	8	9	10	11	12	13	14	15	16	18	20	21	22	23	26	28	29	31	33	34	35	42	157	#
582	1952996	4	5	6	7	9	11	12	13	15	16	17	18	20	21	22	23	24	25	26	27	28	29	31	32	33	34	35	37	157	#
583	1919659	1	2	3	4	5	7	9	11	12	13	14	15	16	17	18	20	21	22	23	25	27	28	29	30	31	33	34	35	157	#
584	1906535	2	3	4	5	9	11	12	13	14	15	16	17	18	20	21	22	23	24	25	26	27	28	29	31	32	33	34	35	157	#
585	1900534	1	2	3	4	5	6	7	9	11	12	13	14	15	16	17	18	20	21	22	23	24	27	28	29	33	34	35	36	157	#
586	1892719	0	4	5	6	7	9	11	12	13	14	15	16	17	18	20	21	22	23	24	26	27	28	29	31	32	33	34	35	157	#
587	1122009	6	12	13	14	15	19	20	21	24	25	26	27	30	31	32	33	34	35	158	#
588	1393297	4	5	8	9	10	11	13	14	15	17	20	22	25	30	31	32	33	34	158	#
589	1290072	13	14	19	20	21	23	24	25	26	27	28	29	30	31	32	33	34	35	158	#
590	1288270	3	9	19	20	21	22	24	25	26	27	28	29	30	31	32	33	34	35	158	#
591	1230396	3	9	13	14	15	19	20	21	22	24	25	26	29	30	31	32	33	34	158	#
592	1226762	12	13	15	19	20	21	24	25	26	27	28	29	30	31	32	33	34	35	158	#
593	750782	3	8	9	10	12	13	14	15	16	18	20	24	25	159	#
594	848311	3	4	5	9	10	13	14	15	16	17	20	25	26	159	#
595	817450	12	13	14	15	16	18	19	20	25	26	27	31	32	159	#
596	811465	6	12	13	14	15	16	18	19	20	25	26	27	31	159	#
597	752624	12	14	18	19	20	24	25	26	27	31	32	33	34	159	#
598	746949	13	14	15	16	17	20	21	22	25	26	27	31	32	159	#
599	596757	9	13	14	15	16	20	21	22	25	26	160	#
600	720709	8	13	14	15	16	22	23	27	28	34	160	#
601	623992	13	14	15	20	21	22	26	27	28	34	160	#
602	618579	4	13	14	19	20	26	30	31	32	38	160	#
603	614637	14	15	16	17	20	21	22	27	28	34	160	#
604	599261	13	14	15	19	20	21	26	30	31	32	160	#
605	288431	12	18	24	25	26	30	161	#
606	295701	18	24	25	26	30	31	161	#
607	287247	18	20	24	25	26	30	161	#
608	273988	6	7	12	18	19	24	161	#
609	264624	18	19	20	24	25	30	161	#
610	257250	18	19	24	25	30	40	161	#
611	106624	28	#
612	1096423	0	1	2	3	4	5	6	7	8	9	10	11	15	16	17	22	162	#
613	1469568	2	3	4	9	10	11	16	22	25	26	27	29	32	33	34	35	162	#
614	1271665	0	1	2	3	4	5	6	7	9	10	11	16	17	22	41	44	162	#
615	1243756	4	5	9	10	11	14	16	19	20	21	26	28	29	33	34	35	162	#
616	1169981	0	2	3	4	5	6	7	8	9	10	11	12	16	17	22	39	162	#
617	1168732	0	1	2	3	6	7	8	9	10	11	16	17	22	27	28	29	162	#
618	228668	18	24	30	163	#
619	266351	18	24	25	163	#
620	252864	24	25	30	163	#
621	86977	6	#
622	90428	23	#
623	228170	19	20	21	26	164	#
624	271059	8	9	15	21	164	#
625	269756	20	25	26	31	164	#
626	243958	19	25	31	32	164	#
627	231989	9	15	20	21	164	#
628	1466102	9	12	13	14	15	16	18	19	20	22	23	24	25	26	28	29	30	31	32	33	34	35	165	#
629	1596883	0	1	2	3	5	8	9	10	11	14	15	16	17	22	23	28	29	31	32	33	34	35	165	#
630	1576381	2	3	5	8	9	10	11	12	13	14	15	16	18	19	20	22	23	25	28	29	34	35	165	#
631	1576222	1	2	3	4	5	8	9	10	11	13	14	15	16	20	22	24	26	28	30	32	34	35	165	#
632	1504233	0	1	2	3	4	5	7	8	9	10	11	13	14	15	16	17	22	23	28	29	34	35	165	#
633	1500311	0	1	2	3	4	5	9	10	11	12	13	14	15	16	17	19	22	28	29	32	33	34	165	#
634	188040	1	2	166	#
635	122952	2	3	166	#
636	105426	0	1	166	#
637	449755	2	3	6	7	8	167	#
638	427560	1	2	3	7	8	167	#
639	323568	6	7	8	12	18	167	#
640	275402	0	6	7	12	18	167	#
641	1336078	8	9	11	15	16	17	18	19	20	21	22	23	26	27	28	29	31	32	34	35	168	#
642	1503516	2	3	4	5	8	9	10	11	15	16	17	20	21	23	26	27	28	29	31	32	168	#
643	1433886	1	2	3	7	8	9	10	15	16	20	21	23	24	26	27	28	29	30	31	32	168	#
644	1407432	2	4	6	7	8	9	10	11	15	16	17	20	21	22	25	26	27	31	32	35	168	#
645	1393303	8	9	10	11	15	16	17	20	21	22	23	25	26	27	28	29	31	32	33	44	168	#
646	1379061	2	4	7	8	9	10	15	16	17	20	21	25	26	27	28	29	30	31	32	38	168	#
647	129864	2	41	169	#
648	166151	1	2	169	#
649	163903	0	1	170	#
650	180678	1	2	170	#
651	119083	13	14	18	19	20	171	#
652	141422	18	19	20	21	27	171	#
653	95743	12	13	14	19	20	171	#
654	569457	26	31	32	33	34	35	172	#
655	553107	23	28	29	33	34	35	172	#
656	534760	28	29	32	33	34	35	172	#
657	533408	23	28	29	32	33	34	172	#
658	516924	18	19	25	26	32	33	172	#
659	513331	18	19	25	26	31	32	172	#
660	749915	12	14	18	19	20	21	25	26	27	31	32	173	#
661	978756	19	21	24	25	26	27	30	31	32	33	34	173	#
662	935603	12	18	19	24	25	26	27	30	31	32	43	173	#
663	862806	14	15	19	21	24	25	26	27	30	31	32	173	#
664	842797	6	12	18	19	24	25	26	27	30	31	32	173	#
665	829630	9	14	15	18	19	21	24	25	26	27	31	173	#
666	529641	22	23	25	28	31	32	33	174	#
667	628047	28	30	31	32	33	34	35	174	#
668	577332	22	23	27	28	29	34	35	174	#
669	524362	18	24	25	30	31	32	37	174	#
670	515598	18	24	25	26	30	31	32	174	#
671	504427	1	2	3	6	22	28	34	174	#
672	595696	9	10	11	14	15	16	17	21	27	41	175	#
673	737981	10	11	16	17	22	26	27	28	31	41	175	#
674	724710	4	5	9	10	11	16	17	22	27	28	175	#
675	721588	4	5	6	7	8	9	10	11	16	17	175	#
676	715221	9	10	14	16	17	20	24	25	26	27	175	#
677	661166	2	4	5	8	9	10	11	16	17	22	175	#
678	47759	41	#
679	139794	36	37	176	#
680	133425	22	37	176	#
681	186530	25	26	205	#
682	399348	24	25	30	31	32	177	#
683	467244	25	30	31	32	33	177	#
684	421772	24	30	31	32	35	177	#
685	355807	19	25	26	30	31	177	#
686	264360	18	19	24	25	31	177	#
687	208137	13	14	19	25	41	177	#
688	1363507	12	13	18	19	21	23	24	25	26	27	28	29	30	31	32	33	34	35	40	178	#
689	1314387	1	13	14	18	19	21	22	24	25	26	27	28	29	30	31	32	33	34	35	178	#
690	1265480	13	14	18	19	20	21	23	24	25	26	27	28	29	30	31	32	33	34	35	178	#
691	1258366	2	8	9	15	19	21	22	23	25	26	27	28	29	31	32	33	34	35	39	178	#
692	1242265	6	12	13	14	18	19	20	21	24	25	26	28	30	31	32	33	34	35	40	178	#
693	1241778	13	15	18	19	21	22	23	24	25	26	27	28	29	30	31	32	33	34	35	178	#
694	1342826	0	1	9	15	16	17	18	20	21	22	24	25	26	27	28	29	31	32	33	34	35	179	#
695	1542531	2	3	7	8	9	14	15	16	18	20	21	22	25	26	27	28	30	31	32	33	34	179	#
696	1516537	9	10	11	14	15	16	18	19	20	21	22	25	26	27	28	31	32	33	34	35	42	179	#
697	1511929	2	3	8	9	12	13	14	15	16	18	20	25	27	28	29	31	32	33	34	35	40	179	#
698	1455411	2	3	7	8	9	10	13	14	15	16	20	21	22	27	28	29	31	32	33	34	35	179	#
699	1448720	8	9	13	14	15	16	18	19	21	22	24	25	26	27	28	29	31	32	33	34	35	179	#
700	538312	29	32	33	34	42	180	#
701	573058	28	31	32	33	34	180	#
702	498890	23	28	29	34	42	180	#
703	471448	19	25	31	32	33	180	#
704	452992	10	16	22	28	34	180	#
705	344371	15	16	21	22	29	180	#
706	708263	12	14	18	19	20	21	24	25	26	30	31	181	#
707	850682	12	13	18	20	24	25	26	30	31	32	43	181	#
708	826676	12	13	14	20	24	25	26	27	30	31	32	181	#
709	814670	3	12	18	24	25	26	27	28	30	31	32	181	#
710	808828	12	13	18	24	25	26	27	28	31	32	42	181	#
711	773874	12	13	14	18	20	21	24	25	26	30	31	181	#
712	69226	22	#
713	139809	0	6	12	18	182	#
714	196668	6	12	18	19	182	#
715	132971	0	6	12	13	182	#
716	119018	12	13	18	19	182	#
717	102828	6	12	13	18	182	#
718	1647324	4	5	8	9	10	13	14	15	16	17	18	19	21	22	23	24	25	26	27	28	29	30	31	32	33	34	39	183	#
719	1756582	1	2	4	5	7	8	9	10	13	15	16	17	19	21	22	23	24	25	26	27	28	29	30	31	32	33	34	183	#
720	1711864	2	4	5	8	9	10	11	13	14	15	16	17	18	19	21	22	23	26	27	28	29	30	31	32	33	34	35	183	#
721	1693997	0	1	2	3	4	5	8	9	10	13	14	15	16	17	19	21	22	23	24	25	26	27	28	29	30	31	34	183	#
722	1689039	4	5	8	9	10	13	14	15	16	17	19	20	21	22	23	24	25	26	27	28	29	30	31	32	33	34	43	183	#
723	1683376	3	4	5	9	10	11	13	14	15	16	18	19	21	22	23	25	26	27	28	29	30	31	32	33	34	35	39	183	#
724	777771	1	2	3	6	7	8	9	10	15	16	22	37	184	#
725	896330	4	5	9	10	11	15	16	17	22	28	29	34	184	#
726	863451	2	8	9	15	21	22	23	27	28	29	33	34	184	#
727	829467	4	5	8	9	10	11	15	16	17	22	28	38	184	#
728	826190	6	7	12	13	18	24	25	26	30	31	32	33	184	#
729	815216	1	2	3	6	7	8	9	10	15	16	17	22	184	#
730	264078	13	18	19	25	185	#
731	322899	18	24	25	26	185	#
732	297562	18	19	24	25	185	#
733	211366	13	19	20	25	185	#
734	535677	28	32	33	34	35	42	186	#
735	507726	25	26	32	33	34	43	186	#
736	505867	26	29	32	33	34	42	186	#
737	428201	22	27	28	33	34	35	186	#
738	421475	26	27	28	32	33	34	186	#
739	404921	16	22	27	28	34	35	186	#
740	164621	20	26	187	#
741	174633	5	26	187	#
742	260621	13	14	15	21	22	41	188	#
743	333831	10	15	16	20	21	22	188	#
744	328924	12	13	14	15	21	22	188	#
745	325796	9	10	15	20	21	22	188	#
746	296822	25	26	27	31	32	41	188	#
747	287838	9	13	14	15	19	23	188	#
748	1596535	0	4	5	8	9	10	11	14	15	16	19	20	21	22	23	26	27	28	29	33	34	35	40	189	#
749	1742069	0	1	2	3	4	5	8	9	10	11	15	16	18	19	20	21	23	26	27	28	29	34	35	189	#
750	1712163	1	2	3	4	5	8	9	10	14	15	21	24	25	26	27	28	29	30	31	32	33	34	35	189	#
751	1684248	0	1	3	4	5	8	9	10	11	15	16	21	22	26	27	28	29	33	34	35	39	40	41	189	#
752	1674951	3	4	5	9	10	11	14	15	16	18	19	20	21	24	25	26	27	28	29	30	33	34	35	189	#
753	1665446	1	2	8	9	10	15	16	18	19	21	22	23	24	25	26	27	28	29	30	31	33	34	35	189	#
754	1128500	4	5	9	10	11	15	21	22	23	27	28	29	33	34	35	190	#
755	1207651	0	1	6	7	8	20	21	23	26	27	28	29	33	34	42	190	#
756	1198462	15	19	20	21	23	25	26	27	28	29	31	32	33	34	35	190	#
757	1178623	14	19	20	21	23	25	26	27	28	29	31	32	33	34	35	190	#
758	1141782	4	9	10	15	16	17	22	25	26	27	28	31	34	35	42	190	#
759	1120762	13	14	19	20	21	24	25	26	27	28	30	31	32	33	34	190	#
760	348554	1	2	3	7	8	191	#
761	424304	1	2	3	7	9	191	#
762	379642	2	3	8	9	16	191	#
763	374221	0	1	2	6	7	191	#
764	275912	0	1	2	3	8	191	#
765	268091	2	3	8	15	26	191	#
766	154250	14	15	20	21	27	#
767	769924	16	22	23	28	29	32	33	34	193	#
768	776232	11	22	28	29	32	33	34	37	193	#
769	752728	22	23	28	29	32	33	34	35	193	#
770	722723	9	15	22	23	28	29	34	35	193	#
771	678390	10	16	22	28	29	33	34	35	193	#
772	654690	8	9	12	16	22	28	29	34	193	#
773	133775	9	#
774	1925156	0	1	2	3	5	6	7	8	9	10	11	12	13	14	15	16	17	18	19	20	21	22	23	24	25	26	27	28	29	30	31	33	34	35	42	194	#
775	2037831	0	1	2	3	5	7	9	10	11	13	14	15	16	17	18	19	20	21	22	23	24	25	26	27	28	29	30	31	32	33	34	35	37	41	42	194	#
776	2021491	0	1	2	3	5	6	7	9	10	11	12	13	14	15	16	17	18	19	20	21	22	23	24	25	27	28	29	30	31	32	33	34	35	38	42	194	#
777	1971018	0	1	2	3	5	6	7	8	9	10	11	13	14	15	16	17	18	19	20	21	22	23	24	25	26	27	28	29	30	31	32	33	34	35	43	194	#
778	1959405	0	1	2	3	5	6	7	9	10	11	12	13	14	15	16	17	18	19	20	21	22	23	24	25	26	27	28	29	30	31	32	33	34	35	42	194	#
779	1933012	0	1	2	3	5	6	7	9	10	11	12	13	14	15	16	17	18	19	20	21	22	23	24	25	26	27	28	29	30	31	32	33	34	35	36	194	#
780	697584	6	12	13	15	18	19	21	25	26	27	30	31	32	36	37	195	#
781	884972	1	2	3	12	18	19	20	21	25	26	27	28	29	31	32	195	#
782	865126	13	18	19	23	24	25	26	27	29	31	32	33	34	36	42	195	#
783	861408	1	2	3	8	9	14	15	16	19	20	21	22	27	28	29	195	#
784	841907	6	12	13	14	18	19	23	24	25	26	27	29	30	31	32	195	#
785	815971	12	13	14	18	19	20	23	25	26	27	28	29	31	32	33	195	#
786	456139	21	26	27	32	33	34	196	#
787	662054	24	29	30	32	33	34	196	#
788	593739	5	26	27	28	29	34	196	#
789	581600	14	20	26	32	33	34	196	#
790	498254	4	20	26	32	33	34	196	#
791	5305	10	#
792	243231	6	7	8	197	#
793	272037	6	7	12	197	#
794	123214	2	8	39	197	#
795	328489	0	1	2	3	7	8	198	#
796	464751	0	1	2	3	7	34	198	#
797	340136	0	1	2	3	6	7	198	#
798	317839	0	1	2	8	11	17	198	#
799	58302	14	15	199	#
800	80843	13	14	199	#
801	278484	16	22	28	200	#
802	335084	23	28	29	200	#
803	281846	9	16	22	200	#
804	280105	9	10	16	200	#
805	1010420	0	1	2	3	9	13	15	18	19	20	21	24	25	26	30	31	201	#
806	1264572	18	19	20	24	25	26	27	28	29	30	31	32	33	34	37	44	201	#
807	1152304	1	7	8	13	14	19	20	21	24	25	26	27	28	29	30	31	201	#
808	1081054	1	2	7	8	9	14	15	20	21	24	25	26	27	28	33	39	201	#
809	1044285	1	2	3	7	8	9	13	14	15	19	20	21	24	25	26	30	201	#
810	1031081	4	13	17	18	19	20	21	24	25	26	27	28	29	30	31	34	201	#
811	185302	2	8	202	#
812	189499	2	3	202	#
813	148569	8	9	202	#
814	300200	24	25	30	32	44	203	#
815	425156	24	25	26	30	31	203	#
816	383365	18	20	24	25	26	203	#
817	329380	13	25	26	27	32	203	#
818	142440	12	13	19	25	44	203	#
819	304389	26	32	33	204	#
820	318055	32	33	34	204	#
821	151666	20	26	27	204	#
822	177597	26	27	205	#
823	942470	3	9	10	12	13	14	15	18	19	20	21	22	24	25	37	206	#
824	1252840	3	5	6	7	8	9	10	11	14	15	16	21	22	28	34	206	#
825	1132240	6	7	8	9	10	13	14	15	16	18	19	20	21	25	26	206	#
826	1094609	4	5	7	8	9	10	11	13	14	15	16	19	20	21	22	206	#
827	1082696	0	6	7	8	9	10	12	13	14	15	16	18	19	21	25	206	#
828	1073064	3	9	10	14	15	16	18	19	20	21	22	25	26	31	32	206	#
829	496419	3	4	5	9	10	11	39	207	#
830	571824	4	5	9	10	11	16	17	207	#
831	547273	3	4	5	9	10	16	17	207	#
832	528345	4	5	9	10	16	17	22	207	#
833	515754	3	4	9	10	11	16	17	207	#
834	415984	3	9	13	15	16	17	22	207	#
835	938233	6	12	13	14	18	19	20	21	24	25	26	27	28	29	31	32	208	#
836	1142947	4	8	9	10	15	21	22	23	26	27	28	29	32	33	34	35	208	#
837	1114406	13	14	15	19	20	21	25	26	27	28	29	31	32	33	34	35	208	#
838	1104853	6	12	14	18	19	20	21	25	26	27	28	29	31	32	34	35	208	#
839	1065796	14	15	18	19	20	21	25	26	27	28	29	31	32	33	34	42	208	#
840	1056393	0	1	2	6	7	8	12	13	18	19	20	25	26	31	32	33	208	#
841	460752	5	10	11	15	16	17	21	209	#
842	486381	5	11	15	17	21	26	27	209	#
843	424391	4	5	10	11	15	16	17	209	#
844	399190	10	14	15	16	17	21	27	209	#
845	372315	14	15	16	17	20	21	27	209	#
846	365929	14	15	18	19	20	21	25	209	#
847	817115	0	1	2	3	6	7	8	9	12	14	15	21	27	28	210	#
848	1048214	2	3	8	9	15	20	21	22	23	28	29	33	34	39	210	#
849	1024151	2	3	8	9	14	15	20	21	22	26	28	29	34	39	210	#
850	998712	2	3	4	8	9	10	11	15	16	21	25	26	27	31	210	#
851	978729	1	2	3	4	5	7	8	9	10	11	15	16	17	22	210	#
852	973697	0	2	3	8	9	14	15	16	21	22	26	27	28	34	210	#
853	351547	15	16	22	28	34	211	#
854	495910	28	33	34	35	44	211	#
855	402414	9	15	16	22	28	211	#
856	364457	9	15	21	22	28	211	#
857	321942	8	9	15	16	21	211	#
858	290821	10	15	16	22	28	211	#
859	460453	4	5	9	10	11	15	17	212	#
860	570584	1	2	4	5	10	11	17	212	#
861	532184	3	4	5	8	9	10	11	212	#
862	520806	1	2	8	9	10	16	17	212	#
863	501066	4	5	9	10	11	15	22	212	#
864	467130	4	5	10	11	15	16	22	212	#
865	1847267	3	5	9	10	11	12	13	14	15	16	17	18	19	20	21	22	24	25	26	27	28	29	30	31	32	33	34	35	40	42	213	#
866	1965957	1	2	3	7	8	9	10	12	13	15	16	18	19	20	21	22	24	25	26	27	28	30	31	32	33	34	35	36	39	41	213	#
867	1948789	3	7	9	11	12	13	14	15	16	17	18	19	20	21	22	24	25	26	27	28	29	30	31	32	33	34	35	38	40	44	213	#
868	1931131	0	1	2	3	5	7	8	9	10	11	13	15	16	17	18	19	20	21	22	25	26	27	28	29	30	31	32	33	34	35	213	#
869	1925082	1	2	3	5	6	7	8	9	10	11	12	13	15	16	17	18	19	20	21	22	25	26	27	28	30	31	32	33	34	35	213	#
870	1925019	0	1	2	3	5	7	8	9	10	11	12	15	16	17	18	19	20	21	22	24	25	26	27	28	30	31	32	33	34	35	213	#
871	687994	3	4	5	8	9	10	15	16	17	22	214	#
872	796892	2	7	8	9	15	16	22	27	28	42	214	#
873	791024	1	2	3	7	8	9	15	16	17	22	214	#
874	782367	2	3	7	8	9	15	16	17	22	28	214	#
875	737602	2	3	9	15	16	17	21	26	27	32	214	#
876	734446	4	5	7	8	9	10	13	14	15	16	214	#
877	502285	9	10	11	15	16	17	22	215	#
878	632018	3	5	9	10	11	16	17	215	#
879	560196	8	9	10	11	16	17	22	215	#
880	545219	4	5	10	11	16	17	22	215	#
881	545213	2	3	8	9	10	11	22	215	#
882	447967	2	3	8	9	15	16	22	215	#
883	1008496	0	1	2	3	4	5	7	8	9	10	14	15	16	22	38	44	216	#
884	1151680	1	2	3	5	8	9	10	11	14	15	16	17	20	21	23	29	216	#
885	1017764	0	1	2	3	5	7	8	9	10	11	14	15	16	17	20	22	216	#
886	1000980	2	8	9	10	11	14	15	16	17	20	21	26	27	28	29	34	216	#
887	996422	2	3	8	9	10	14	15	16	20	21	22	28	29	33	34	35	216	#
888	986873	0	1	2	3	4	5	7	8	9	10	11	12	14	15	16	17	216	#
889	514723	0	1	2	3	6	7	8	9	217	#
890	692133	1	3	7	8	9	10	34	35	217	#
891	615728	1	2	3	5	8	9	10	11	217	#
892	584793	0	1	2	4	6	7	34	35	217	#
893	546079	3	4	5	9	10	11	16	22	217	#
894	531836	1	6	7	8	9	10	12	13	217	#
895	1275052	13	14	18	19	20	23	24	25	26	27	28	29	30	31	32	33	34	35	218	#
896	1360381	0	1	2	6	12	18	23	24	25	26	27	28	29	30	31	32	33	34	218	#
897	1294675	9	10	15	16	22	23	24	25	26	27	28	29	30	31	32	33	34	35	218	#
898	1287242	2	3	9	10	11	14	15	16	17	20	25	26	28	31	32	33	34	35	218	#
899	1257762	12	16	18	19	20	24	25	26	27	28	29	30	31	32	33	34	35	44	218	#
900	1251997	14	15	18	19	20	23	24	25	26	27	28	29	30	31	32	33	34	35	218	#
