%% File generated by CATS v.2.1Mon Aug 19 18:22:41 2019

%% The CATS webpage is http://robotics.stanford.edu/CATS

%% PARAMETER SETTINGS:
% Goods: 50; Bids: 1000; Distribution: regions-npv; Runs: 10; Seed: 1566241820
% Regions Distribution Parameters:
% Max Substitutable Bids = 5
% Removing HV Neighbor   = 0.1
% Adding DIAG Neighbor   = 0.2
% Additional Location    = 0.9
% Jump Probability       = 0.05
% Additivity             = 0.2
% Budget Factor          = 1.5
% Resale Factor          = 0.5
% Normal Private Value:
%   Mean                 = 0
%   Standard Deviation   = 30



goods 50
bids 1005
dummy 191

0	1816241	2	4	7	8	9	10	11	12	17	18	19	22	23	24	28	29	30	31	32	33	36	37	38	39	43	44	45	46	50	#
1	1887937	1	2	3	4	5	7	8	9	10	11	12	14	15	17	18	19	20	21	22	24	25	26	28	31	32	33	34	40	50	#
2	1877574	0	1	2	3	4	7	8	9	10	11	12	14	15	17	18	19	22	23	24	28	29	30	31	35	36	38	42	43	50	#
3	1872936	1	2	3	4	7	8	9	10	11	12	14	17	18	21	22	23	24	25	26	28	31	32	33	35	37	38	39	40	50	#
4	1811789	0	1	2	3	4	5	7	8	9	10	11	12	14	15	17	18	19	21	22	23	24	25	26	29	30	31	32	33	50	#
5	1805105	0	1	2	3	4	7	8	9	10	11	12	14	15	17	18	21	22	23	24	28	29	30	31	34	35	36	42	43	50	#
6	346009	32	38	39	43	44	45	46	48	51	#
7	508791	7	8	14	21	42	43	44	45	51	#
8	465005	23	25	26	30	31	32	39	45	51	#
9	464407	32	33	34	39	40	41	47	48	51	#
10	421705	26	30	31	33	38	39	40	47	51	#
11	409566	18	25	31	32	39	42	44	45	51	#
12	459106	26	33	39	40	41	47	48	52	#
13	536186	32	33	39	40	41	47	48	52	#
14	516499	24	31	32	33	39	40	41	52	#
15	497021	26	32	33	40	41	47	48	52	#
16	406808	14	15	23	31	32	33	39	52	#
17	406656	19	25	26	33	34	40	41	52	#
18	31709	15	#
19	129349	33	#
20	505438	25	31	32	33	34	38	39	45	53	#
21	555742	32	33	34	39	40	41	47	48	53	#
22	525225	3	8	9	10	15	16	24	31	53	#
23	524767	25	31	32	38	39	40	44	45	53	#
24	508385	25	31	32	33	38	39	45	46	53	#
25	488192	25	32	33	34	38	39	40	41	53	#
26	438831	3	4	5	6	11	12	18	19	20	26	27	33	54	#
27	572463	5	8	12	18	25	26	33	34	40	41	47	48	54	#
28	546771	3	4	9	10	11	15	16	18	25	26	33	34	54	#
29	534934	20	24	27	29	30	31	36	37	38	39	43	44	54	#
30	518713	1	2	3	4	5	8	9	10	11	12	15	16	54	#
31	459772	3	4	5	6	8	9	10	11	12	13	18	19	54	#
32	106862	42	43	55	#
33	126257	35	42	55	#
34	102632	43	44	55	#
35	390312	1	10	17	18	19	23	24	25	26	56	#
36	566731	0	7	9	14	15	16	22	23	24	56	#
37	536294	12	19	24	25	26	31	32	33	38	56	#
38	508214	3	10	12	17	18	19	25	26	32	56	#
39	480293	5	12	13	18	19	26	28	29	36	56	#
40	464362	12	19	26	30	31	33	41	47	48	56	#
41	1194794	0	1	2	3	4	6	7	8	9	10	11	12	13	14	15	16	21	22	28	29	30	31	32	33	35	36	37	39	40	47	48	57	#
42	1663926	1	3	4	7	8	9	11	12	13	14	15	16	18	19	20	23	24	25	27	30	31	32	33	34	36	37	38	39	40	45	46	57	#
43	1540076	0	1	2	3	4	7	8	9	12	14	15	16	17	18	19	20	21	22	23	24	25	26	27	28	29	30	31	32	33	35	40	57	#
44	1485223	0	1	2	3	4	7	8	9	10	11	12	14	15	16	17	18	19	22	24	25	26	28	29	32	33	34	35	36	40	42	43	57	#
45	1478166	1	2	3	7	8	9	10	12	13	15	16	17	18	19	20	23	24	25	27	29	30	31	32	33	34	36	39	40	41	47	49	57	#
46	1437358	0	1	2	3	4	5	7	8	9	10	11	12	15	16	17	18	19	20	22	24	25	26	27	32	33	34	38	39	40	45	47	57	#
47	536673	33	34	39	40	41	45	47	48	58	#
48	701436	19	26	31	32	33	34	41	47	58	#
49	644014	26	30	31	32	33	40	41	47	58	#
50	606864	26	32	33	34	40	41	47	48	58	#
51	587483	18	19	26	33	34	39	40	46	58	#
52	563893	32	33	34	39	40	41	47	48	58	#
53	118475	31	#
54	21979	5	#
55	1705936	0	1	3	7	8	9	11	12	15	16	18	20	23	24	29	30	31	32	33	34	36	37	38	39	40	44	45	46	47	59	#
56	1633710	1	2	3	7	8	9	11	12	14	15	16	18	19	20	22	23	24	25	28	29	30	31	32	37	38	39	40	45	46	59	#
57	1602722	0	1	2	3	7	8	9	14	15	16	22	23	24	25	26	29	31	32	33	37	38	39	40	41	44	45	46	47	48	59	#
58	1602543	1	7	8	15	16	22	23	24	26	28	29	30	31	32	33	34	36	37	38	39	40	41	42	43	44	45	46	47	49	59	#
59	1554212	1	2	3	4	11	18	19	20	23	24	25	26	30	31	32	33	34	36	37	38	39	40	41	43	44	45	46	47	48	59	#
60	1506151	0	2	3	7	8	9	15	17	22	23	24	28	29	30	31	32	35	36	37	38	39	40	42	43	44	45	46	47	48	59	#
61	1135857	6	17	22	23	24	28	29	30	31	33	34	35	36	37	38	39	40	42	44	45	46	49	60	#
62	1511973	1	7	8	15	16	17	22	23	24	25	26	28	29	31	32	33	38	39	40	45	46	47	60	#
63	1453679	3	8	9	12	13	14	15	16	17	19	20	22	23	24	25	26	29	30	31	32	38	45	60	#
64	1448199	7	8	14	15	17	21	22	23	24	25	26	28	29	30	31	33	35	38	39	40	45	46	60	#
65	1414632	7	14	15	16	17	22	23	24	29	30	31	32	33	37	38	39	40	41	44	45	46	47	60	#
66	1391363	2	3	4	7	8	9	10	14	15	16	17	21	22	23	24	25	26	28	30	31	35	42	60	#
67	153090	39	40	47	61	#
68	200111	33	39	40	61	#
69	185066	40	47	48	61	#
70	184108	15	16	22	29	215	#
71	500313	21	22	23	28	29	35	36	42	62	#
72	556223	9	10	14	15	16	17	23	24	62	#
73	542002	16	23	28	29	30	31	38	39	62	#
74	493435	0	7	14	21	28	29	35	36	62	#
75	483079	0	7	14	15	21	28	35	36	62	#
76	480370	14	15	21	22	28	29	35	42	62	#
77	432223	1	7	8	14	15	41	63	#
78	553660	32	33	34	40	41	47	63	#
79	516224	3	7	8	9	15	22	63	#
80	423182	7	14	15	22	23	24	63	#
81	415494	7	8	14	15	16	23	63	#
82	397485	0	1	7	8	9	15	63	#
83	2040930	1	2	3	4	7	8	9	10	12	13	14	15	16	17	19	20	21	22	23	24	25	26	27	29	30	31	32	33	34	36	37	38	39	40	41	45	47	48	64	#
84	2192109	0	1	2	3	7	8	9	10	14	15	16	17	21	22	23	24	25	28	29	30	31	32	33	34	35	36	37	38	39	40	41	42	43	44	45	46	47	48	64	#
85	2151730	0	1	2	3	7	8	9	10	11	12	13	14	15	16	19	20	21	22	23	24	25	26	27	28	29	30	31	32	33	35	36	39	40	42	43	44	46	49	64	#
86	2151541	2	3	7	8	9	10	14	15	16	17	19	21	22	23	24	25	26	28	29	30	31	32	33	34	35	36	37	38	39	40	41	42	43	44	45	46	47	48	64	#
87	2147196	0	1	2	3	4	7	8	9	10	11	14	15	16	17	21	22	23	24	25	26	29	30	31	32	33	34	36	37	38	39	40	41	42	43	44	46	47	48	64	#
88	2146636	1	2	3	4	7	8	9	10	11	14	15	16	17	19	21	22	23	24	25	26	28	29	30	31	32	33	34	35	36	37	38	39	40	42	43	44	45	46	64	#
89	258615	24	31	32	33	65	#
90	342456	33	34	40	47	65	#
91	243971	30	31	38	45	65	#
92	182975	31	32	38	39	65	#
93	146092	18	23	24	25	65	#
94	245236	3	4	8	9	10	17	66	#
95	314960	2	8	9	10	16	23	66	#
96	310581	2	3	9	10	11	16	66	#
97	261557	3	4	11	12	13	28	66	#
98	244903	2	8	9	12	15	16	66	#
99	224269	3	9	10	12	17	18	66	#
100	331039	4	5	6	10	11	12	13	18	19	20	26	27	33	67	#
101	480559	1	2	8	10	11	12	13	17	18	19	24	25	26	67	#
102	473863	2	4	6	8	9	10	11	12	13	17	18	19	26	67	#
103	469457	5	6	10	11	12	13	19	20	24	25	26	31	32	67	#
104	434147	4	6	10	11	12	13	19	20	25	26	27	32	39	67	#
105	363807	5	6	12	13	19	20	21	27	28	29	35	41	45	67	#
106	556195	15	22	23	28	29	30	35	36	37	38	42	43	44	45	68	#
107	822180	8	9	15	16	22	28	29	30	31	35	36	42	43	44	68	#
108	816031	7	8	9	14	15	21	22	28	29	30	35	36	42	43	68	#
109	791267	9	10	14	15	16	17	21	22	28	29	30	31	35	36	68	#
110	768855	22	28	29	30	31	32	35	36	38	39	40	42	43	45	68	#
111	766323	0	1	7	8	14	15	16	22	28	29	36	37	38	43	68	#
112	582080	13	19	20	26	28	33	35	40	41	47	69	#
113	731837	22	28	29	30	31	32	33	35	36	38	69	#
114	698792	26	32	33	34	35	36	40	41	47	48	69	#
115	616121	24	25	32	33	34	39	40	41	47	48	69	#
116	597857	19	26	32	33	39	40	45	46	47	48	69	#
117	559157	19	25	26	32	33	34	40	41	47	48	69	#
118	584671	0	1	7	8	9	10	14	15	16	22	24	70	#
119	765978	0	3	4	7	8	9	10	14	15	16	34	70	#
120	720107	2	3	7	8	9	10	14	15	16	21	22	70	#
121	688395	0	1	2	3	7	8	9	14	15	21	22	70	#
122	657031	1	2	3	8	9	10	11	15	16	22	23	70	#
123	624090	0	1	2	5	6	7	8	13	14	15	22	70	#
124	498549	3	4	5	9	10	11	12	18	19	34	41	71	#
125	657131	0	2	3	5	7	8	9	10	11	12	17	71	#
126	622235	1	2	3	9	10	15	16	23	24	29	30	71	#
127	605122	2	3	8	9	10	11	12	15	18	19	20	71	#
128	600654	3	4	5	9	10	11	12	13	16	17	23	71	#
129	584340	32	33	34	38	39	40	41	45	46	47	48	71	#
130	433544	32	33	34	39	40	41	45	72	#
131	416192	31	32	33	39	40	41	45	72	#
132	411571	26	33	34	40	41	47	48	72	#
133	387683	26	31	32	33	38	39	45	72	#
134	378837	32	37	39	42	43	44	45	72	#
135	376572	33	34	39	40	41	47	48	72	#
136	1160948	0	1	2	3	4	5	6	8	9	10	11	12	13	16	17	18	19	20	23	24	25	26	27	31	73	#
137	1397668	2	3	4	5	8	9	10	11	12	13	16	17	18	19	20	24	25	26	27	34	39	40	41	46	73	#
138	1391348	3	4	9	10	11	12	14	15	16	17	18	19	20	21	23	24	25	26	28	30	31	32	41	47	73	#
139	1388195	1	2	3	4	5	8	9	10	11	12	13	17	18	19	25	26	31	32	33	34	39	40	41	47	73	#
140	1375131	9	16	17	20	22	23	24	28	29	30	31	32	33	34	35	36	37	38	39	40	41	44	45	46	73	#
141	1369389	2	3	4	5	9	10	11	12	13	17	18	19	20	23	24	25	26	27	31	32	33	38	39	46	73	#
142	28796	43	#
143	383517	1	2	3	7	8	74	#
144	338198	1	7	8	36	37	74	#
145	313806	0	1	2	7	8	74	#
146	272638	7	8	14	15	21	74	#
147	214043	2	3	9	10	11	74	#
148	203509	3	10	11	12	18	74	#
149	427500	18	25	37	38	39	40	41	47	48	75	#
150	591677	33	37	38	39	40	43	44	45	46	75	#
151	540620	5	6	11	12	17	18	19	20	46	75	#
152	540055	14	25	26	32	33	34	40	41	47	75	#
153	512958	33	34	38	39	40	41	45	47	48	75	#
154	507709	36	37	38	39	42	43	44	45	46	75	#
155	248332	4	5	6	9	10	11	12	13	18	19	25	76	#
156	330583	10	11	12	16	17	18	19	20	22	23	24	76	#
157	323795	2	3	4	5	9	11	12	13	16	18	19	76	#
158	316620	3	4	11	12	13	17	18	19	20	24	25	76	#
159	302817	0	1	2	3	4	7	9	10	11	14	16	76	#
160	218347	2	3	4	5	6	9	10	11	12	13	19	76	#
161	266302	44	45	46	77	#
162	221815	37	44	45	77	#
163	1693464	0	2	3	7	8	9	10	17	18	19	20	23	24	25	26	27	30	31	32	33	34	38	39	40	41	45	46	47	48	49	78	#
164	1930017	0	1	2	3	4	7	8	9	14	15	16	18	21	22	23	24	25	26	28	29	30	31	32	33	34	36	37	38	39	40	78	#
165	1888789	0	1	7	8	9	14	15	16	18	21	22	23	24	25	28	29	30	31	32	33	35	37	38	39	40	44	45	46	47	48	78	#
166	1873110	0	1	2	7	8	9	10	12	14	15	16	17	18	19	20	21	22	24	25	26	27	28	29	30	31	32	33	34	40	41	78	#
167	1817905	0	2	5	7	8	9	12	14	15	16	18	19	20	21	22	23	24	25	26	27	29	31	32	33	34	39	40	41	46	47	78	#
168	1785706	0	3	4	9	10	11	14	15	16	17	18	19	20	21	22	23	24	25	26	28	30	31	32	33	34	38	39	40	41	47	78	#
169	465421	29	30	31	37	38	39	42	43	44	45	46	79	#
170	653222	32	33	34	37	38	39	40	41	44	45	46	79	#
171	557881	22	29	30	31	32	36	37	38	39	45	46	79	#
172	553653	32	33	35	36	37	38	39	40	43	44	45	79	#
173	550795	17	18	23	24	25	26	29	30	31	32	33	79	#
174	544137	28	29	32	36	37	38	39	40	44	45	46	79	#
175	467436	7	8	14	21	22	28	80	#
176	531015	14	21	22	23	28	35	80	#
177	428706	14	15	16	21	22	28	80	#
178	423029	0	7	14	15	21	28	80	#
179	342718	2	8	14	15	16	23	80	#
180	327007	12	16	19	22	23	30	80	#
181	28711	4	#
182	181557	29	36	37	43	44	81	#
183	221750	37	38	43	44	45	81	#
184	502890	29	31	35	36	37	38	40	42	43	44	45	47	82	#
185	719679	25	31	32	34	36	37	38	39	40	41	46	47	82	#
186	655601	7	14	15	16	21	22	37	38	42	43	44	45	82	#
187	588979	28	32	35	36	37	38	39	42	43	44	45	46	82	#
188	581837	18	24	25	30	31	38	39	40	41	44	45	46	82	#
189	539080	24	25	26	31	32	33	34	39	40	41	47	48	82	#
190	592819	32	33	34	37	40	41	47	48	83	#
191	579105	31	32	33	34	40	41	47	48	83	#
192	568385	1	6	32	33	34	40	41	47	83	#
193	512966	32	33	34	39	40	41	47	48	83	#
194	487495	31	32	33	34	37	38	39	41	83	#
195	429609	18	25	26	31	32	41	47	48	83	#
196	646820	23	24	30	31	32	35	36	37	38	42	43	44	45	84	#
197	861924	26	31	32	33	37	38	39	40	41	44	45	46	47	84	#
198	856648	0	1	2	3	8	9	10	16	35	42	43	44	45	84	#
199	809295	25	26	33	35	37	38	39	40	42	43	44	45	46	84	#
200	803591	24	30	31	32	33	34	37	38	39	40	41	45	47	84	#
201	801312	0	7	14	21	28	29	35	36	37	38	42	43	44	84	#
202	555007	1	16	23	24	30	31	32	37	38	39	40	42	43	45	46	85	#
203	822965	19	22	25	26	31	32	33	34	37	38	39	40	44	45	46	85	#
204	807892	0	2	7	8	9	10	14	15	16	21	22	23	24	25	30	85	#
205	797248	0	1	2	3	7	8	9	10	14	15	17	21	23	24	31	85	#
206	783547	17	18	19	25	26	33	34	36	37	38	39	40	44	45	46	85	#
207	782831	0	1	7	14	25	27	32	33	38	39	40	41	45	46	47	85	#
208	299756	28	29	30	35	86	#
209	426110	28	35	42	43	86	#
210	332025	28	35	36	42	86	#
211	197461	21	22	29	30	86	#
212	163286	15	16	23	30	86	#
213	363794	29	36	37	38	39	43	44	45	46	87	#
214	520315	14	30	31	37	38	39	44	45	46	87	#
215	424692	29	30	31	36	37	38	42	43	44	87	#
216	396157	10	11	17	18	19	34	38	39	46	87	#
217	394651	15	22	23	32	37	38	39	45	46	87	#
218	302045	36	37	38	39	42	43	44	45	46	87	#
219	62903	19	20	88	#
220	68200	12	19	88	#
221	93529	49	#
222	1241295	3	6	9	10	11	12	13	16	17	18	19	20	22	23	24	25	26	31	32	33	34	37	38	39	40	41	44	45	46	47	48	89	#
223	1443597	2	3	4	7	8	9	14	15	16	19	21	22	23	25	26	28	29	30	31	32	33	34	35	36	37	38	39	40	41	45	46	89	#
224	1416408	0	1	2	7	8	14	15	17	18	19	20	21	22	23	24	26	27	28	29	30	31	32	33	34	35	36	37	39	40	41	43	89	#
225	1404888	8	9	14	15	16	21	22	23	24	26	28	29	30	31	32	33	34	35	36	37	38	39	40	41	42	43	44	45	46	47	48	89	#
226	1385152	6	9	16	19	20	22	23	24	25	26	28	29	30	31	32	33	34	35	36	37	38	39	40	41	42	43	44	45	46	47	48	89	#
227	1375186	0	1	6	7	14	15	21	22	23	24	25	28	29	30	31	32	33	34	35	36	37	38	39	40	41	42	43	44	45	46	47	89	#
228	37162	13	#
229	943189	3	5	8	10	11	12	13	15	17	18	19	20	24	25	26	27	31	32	33	39	44	45	46	90	#
230	1335952	3	9	16	23	28	29	30	31	32	33	35	36	37	38	39	40	41	42	43	44	45	46	48	90	#
231	1316756	0	1	2	3	4	7	8	9	10	11	14	15	16	21	22	23	28	29	30	31	35	36	43	90	#
232	1232244	1	2	3	4	6	7	8	9	10	11	12	13	14	15	17	18	19	20	28	29	35	36	42	90	#
233	1222325	1	2	3	5	9	10	16	26	31	32	33	36	37	38	39	40	41	42	43	44	45	46	48	90	#
234	1211505	0	1	2	3	4	7	8	9	10	11	12	14	15	16	17	18	19	22	23	26	27	33	40	90	#
235	839197	0	1	3	4	7	8	9	10	14	15	16	21	22	23	24	31	91	#
236	1054549	7	8	9	13	14	15	16	17	18	21	22	23	24	30	31	35	91	#
237	1014747	0	1	2	7	8	9	15	16	17	21	22	23	24	30	31	46	91	#
238	960207	1	7	8	14	15	16	18	21	22	23	24	25	29	32	33	39	91	#
239	953970	1	7	8	9	14	15	16	21	22	23	24	28	29	30	31	35	91	#
240	950831	3	4	8	9	10	16	17	23	24	25	30	31	32	33	39	40	91	#
241	921721	21	25	26	28	29	30	31	32	33	36	37	38	39	40	42	43	44	45	46	92	#
242	1145257	3	4	5	11	12	13	17	18	19	20	25	26	32	33	34	39	40	41	47	92	#
243	1138831	13	15	16	17	18	19	20	21	22	23	24	25	26	27	29	30	31	32	33	92	#
244	1108765	7	9	10	11	12	14	15	17	18	19	21	22	26	28	29	30	33	45	46	92	#
245	1091285	0	1	7	8	14	15	16	21	22	23	28	29	30	31	32	33	35	36	42	92	#
246	1024721	12	13	17	18	19	20	23	25	26	27	30	31	32	33	34	37	38	40	41	92	#
247	259564	22	23	29	35	36	93	#
248	367958	28	29	30	31	32	93	#
249	326228	9	10	16	22	23	93	#
250	284607	29	30	36	37	44	93	#
251	243828	15	22	23	29	30	93	#
252	230151	28	29	35	36	37	93	#
253	570327	8	10	11	13	17	18	19	20	21	22	23	24	25	94	#
254	774994	2	3	9	10	11	12	13	16	17	22	23	24	37	94	#
255	751073	0	1	2	7	8	9	14	15	21	22	23	28	29	94	#
256	749813	7	8	9	10	14	15	21	22	28	29	30	31	32	94	#
257	684446	5	6	12	13	17	18	19	22	24	25	29	30	32	94	#
258	679781	3	9	10	11	17	18	19	20	25	26	33	34	41	94	#
259	576578	0	1	2	7	8	14	15	35	36	43	95	#
260	698466	0	1	3	4	7	8	9	10	11	47	95	#
261	632026	0	1	2	3	4	7	8	9	10	11	95	#
262	630029	0	1	2	3	7	9	10	11	16	18	95	#
263	616079	1	2	3	8	9	10	11	12	17	18	95	#
264	611184	0	1	7	8	14	15	16	22	23	30	95	#
265	72181	30	#
266	987581	29	30	32	33	34	35	36	38	39	40	41	42	43	44	45	46	47	48	96	#
267	1199421	7	8	9	10	14	15	16	17	18	22	23	24	25	26	28	29	30	31	96	#
268	1118419	2	9	10	13	16	17	18	19	20	23	25	26	27	32	33	34	40	41	96	#
269	1067247	0	1	2	7	8	9	10	14	15	21	22	28	29	35	36	42	43	44	96	#
270	1036677	7	9	14	15	16	21	22	23	24	28	29	30	31	35	36	42	43	44	96	#
271	1007529	9	10	11	12	18	19	25	32	33	34	38	39	40	41	45	46	47	48	96	#
272	870035	0	1	2	3	7	8	9	14	15	16	22	23	29	30	97	#
273	866723	0	1	2	3	7	8	9	14	15	16	21	22	23	28	97	#
274	847034	0	1	2	3	7	8	9	14	15	21	22	23	25	26	97	#
275	842151	0	1	2	3	7	8	9	14	15	16	22	23	24	29	97	#
276	830347	0	1	2	3	7	8	9	14	15	22	28	29	30	36	97	#
277	823397	0	1	2	3	4	7	8	9	14	15	16	20	23	30	97	#
278	608993	12	19	23	24	25	26	30	31	32	33	98	#
279	782940	25	30	31	32	33	34	38	40	41	47	98	#
280	770863	15	16	23	24	30	31	32	39	40	46	98	#
281	769856	18	19	20	25	26	31	32	33	34	40	98	#
282	729675	9	16	17	22	23	24	30	31	42	43	98	#
283	696657	17	18	19	20	24	25	26	32	33	40	98	#
284	242937	33	34	99	#
285	240793	33	41	99	#
286	166437	5	6	11	12	100	#
287	231928	5	6	12	13	100	#
288	168992	11	17	18	25	100	#
289	129674	12	13	18	19	100	#
290	1239262	5	6	9	10	11	12	13	17	18	19	20	25	26	27	31	32	33	34	36	37	38	39	40	41	45	46	47	48	101	#
291	1619783	2	3	4	9	10	11	12	16	17	18	19	20	24	25	26	30	31	32	33	34	38	39	40	41	45	46	47	48	101	#
292	1611623	3	9	10	15	16	17	22	23	24	25	26	30	31	32	33	34	35	36	37	38	39	40	41	44	45	46	47	48	101	#
293	1558873	2	9	10	11	12	13	17	18	19	20	24	25	28	29	30	31	32	33	34	36	38	39	40	41	45	46	47	48	101	#
294	1556313	2	3	4	10	11	14	15	17	18	19	20	22	24	25	26	30	31	32	33	34	38	39	40	41	45	46	47	48	101	#
295	1491923	1	2	3	4	5	7	9	10	11	12	13	14	15	16	17	18	19	20	24	25	26	30	31	32	33	38	39	41	101	#
296	117483	4	11	12	13	19	102	#
297	149032	4	10	11	17	24	102	#
298	87520	11	12	18	19	25	102	#
299	310967	21	22	28	29	35	42	103	#
300	435311	0	1	7	8	14	21	103	#
301	399518	22	23	24	28	29	35	103	#
302	354620	14	21	22	23	24	29	103	#
303	307896	21	22	28	29	35	36	103	#
304	297974	28	29	35	36	42	43	103	#
305	1875771	3	10	17	18	22	23	24	25	26	28	29	30	31	32	33	35	36	37	38	39	40	41	43	44	45	46	47	48	49	104	#
306	1963475	3	7	8	9	10	14	15	16	21	22	23	28	29	31	32	34	35	36	37	38	39	40	41	42	43	44	45	46	47	104	#
307	1900580	0	1	2	7	8	9	10	14	15	21	22	23	25	26	30	31	32	33	34	37	38	39	40	41	43	44	45	46	47	104	#
308	1888315	0	2	3	5	7	8	9	10	14	15	16	19	21	22	23	24	25	26	28	29	30	31	35	39	40	41	42	45	47	104	#
309	1881978	5	9	16	17	18	21	23	24	25	26	28	29	30	31	32	33	34	35	36	37	38	39	40	41	44	45	46	47	48	104	#
310	1869358	2	3	8	9	10	15	16	17	21	22	23	24	25	26	29	30	31	32	33	34	37	38	39	40	41	44	45	47	48	104	#
311	898159	7	14	15	16	21	22	23	28	29	30	35	36	37	40	42	43	44	105	#
312	1067893	28	29	33	34	35	36	37	38	40	41	42	43	44	45	46	47	48	105	#
313	1012701	7	15	18	22	23	24	25	31	32	38	39	40	41	44	45	46	47	105	#
314	992798	7	8	14	15	16	21	22	28	29	30	33	34	35	36	40	42	43	105	#
315	992023	15	21	22	26	32	33	34	36	37	38	39	40	41	44	45	46	47	105	#
316	991361	22	23	28	29	30	31	32	35	36	37	38	39	42	43	44	45	46	105	#
317	56678	27	#
318	222156	29	30	35	36	43	106	#
319	229321	28	35	36	42	43	106	#
320	218881	35	36	37	42	43	106	#
321	210371	28	29	36	37	43	106	#
322	210028	29	36	37	38	43	106	#
323	190930	23	29	30	36	43	106	#
324	122989	38	39	107	#
325	145542	38	45	107	#
326	118784	39	45	107	#
327	791126	1	18	19	26	32	33	34	39	40	41	46	108	#
328	879279	26	33	34	38	39	40	41	44	45	46	47	108	#
329	839897	7	14	32	33	39	40	44	45	46	47	48	108	#
330	818663	24	31	32	33	34	37	38	39	40	41	47	108	#
331	800671	25	26	31	32	33	34	39	40	41	47	48	108	#
332	791112	18	25	26	29	30	31	32	33	39	40	41	108	#
333	710812	2	3	4	5	6	8	9	10	11	12	13	18	19	109	#
334	844442	0	1	2	3	4	7	8	9	10	11	16	23	43	109	#
335	783964	3	4	5	9	10	11	12	16	17	18	23	25	49	109	#
336	735548	1	2	3	4	7	8	9	10	15	16	17	23	24	109	#
337	731422	0	1	2	3	4	8	9	10	11	16	17	18	24	109	#
338	705395	2	3	5	6	10	11	12	13	17	18	19	20	27	109	#
339	400350	3	4	5	9	10	11	12	17	18	19	20	24	25	26	27	110	#
340	599156	10	11	12	17	18	19	24	25	26	32	33	38	39	40	45	110	#
341	585179	2	3	5	6	9	10	11	12	13	17	18	19	25	26	32	110	#
342	584165	6	12	13	15	17	18	19	22	23	24	25	26	32	33	39	110	#
343	559394	0	1	2	3	4	7	8	9	10	11	12	15	16	17	19	110	#
344	543097	3	4	5	6	10	11	12	13	17	18	20	24	25	32	45	110	#
345	227373	8	15	23	24	29	30	111	#
346	338402	15	22	23	29	30	31	111	#
347	335019	15	22	29	30	36	40	111	#
348	286474	1	2	7	8	14	15	111	#
349	280996	14	15	21	22	39	40	111	#
350	203938	24	31	37	38	39	45	111	#
351	151021	38	39	112	#
352	143824	32	39	112	#
353	522258	0	7	8	14	15	16	22	23	113	#
354	612028	3	4	7	8	9	10	11	16	113	#
355	608411	3	9	10	15	16	22	23	30	113	#
356	598560	0	1	2	3	7	8	9	14	113	#
357	577825	0	3	7	8	9	10	14	15	113	#
358	459290	9	10	16	23	28	29	30	31	113	#
359	80597	37	38	114	#
360	89633	37	44	114	#
361	84673	38	39	114	#
362	113008	3	9	10	11	17	#
363	853783	2	3	9	10	12	14	15	16	17	18	19	21	22	23	24	25	26	28	29	30	35	36	37	115	#
364	1265995	3	4	10	17	18	19	20	22	23	24	25	26	29	30	31	32	33	34	38	40	41	45	48	115	#
365	1180495	0	1	2	3	7	8	9	10	17	18	22	23	24	25	29	30	31	32	38	39	43	44	45	115	#
366	1101567	1	2	3	6	9	10	12	13	15	16	17	20	22	23	24	25	26	27	31	32	33	34	41	115	#
367	1093505	0	1	2	3	4	7	8	9	10	11	14	16	18	23	24	25	30	31	32	37	38	44	45	115	#
368	1091316	7	8	9	14	15	16	22	23	24	28	29	30	31	35	36	37	38	39	42	43	44	45	46	115	#
369	417591	14	15	28	29	35	36	42	43	116	#
370	581839	7	9	14	15	16	22	23	30	116	#
371	452787	15	22	28	29	30	35	43	44	116	#
372	430199	21	22	29	30	31	32	35	36	116	#
373	422181	7	8	10	14	15	21	23	30	116	#
374	417548	22	28	29	35	36	42	43	44	116	#
375	908558	0	1	3	4	7	8	9	14	15	16	21	22	23	28	29	30	117	#
376	1159457	7	8	9	14	15	16	22	23	24	29	30	32	33	36	40	41	117	#
377	1053992	2	3	8	9	10	11	15	16	17	22	23	32	33	34	40	41	117	#
378	967379	0	1	2	7	8	14	15	16	22	23	30	32	39	40	41	48	117	#
379	963238	1	7	8	14	15	16	18	21	22	23	28	29	35	36	42	43	117	#
380	952965	0	7	8	9	14	15	16	21	22	23	25	26	32	33	34	48	117	#
381	394051	2	3	4	8	9	118	#
382	451902	2	3	7	8	9	118	#
383	390659	1	2	3	4	9	118	#
384	300308	2	9	19	25	26	118	#
385	287283	1	2	3	4	11	118	#
386	261508	3	4	10	11	18	118	#
387	161488	33	34	119	#
388	148190	32	33	119	#
389	65307	14	#
390	175327	21	35	36	37	38	43	45	120	#
391	216752	29	35	36	39	43	44	45	120	#
392	175116	5	21	28	29	35	36	37	120	#
393	183874	1	2	3	10	121	#
394	238228	1	7	8	15	121	#
395	220321	2	3	9	10	121	#
396	172624	2	9	10	11	121	#
397	166101	1	2	3	44	121	#
398	255728	23	24	25	26	32	122	#
399	304066	24	25	26	28	33	122	#
400	296329	25	32	33	34	39	122	#
401	273318	16	17	18	23	24	122	#
402	221638	16	23	26	30	31	122	#
403	200183	18	24	25	27	31	122	#
404	538771	4	6	11	12	13	18	19	20	25	31	32	37	38	39	123	#
405	796190	0	7	10	17	18	19	20	24	25	26	31	32	33	34	123	#
406	763831	2	3	4	9	10	11	12	17	18	19	25	26	32	39	123	#
407	726137	0	1	18	19	25	26	30	31	32	38	39	44	45	46	123	#
408	672268	2	9	10	11	16	18	24	25	31	32	33	38	39	45	123	#
409	656643	18	19	25	26	27	31	32	33	36	37	38	39	45	46	123	#
410	104318	25	32	#
411	85707	5	6	12	13	125	#
412	119312	6	12	13	30	125	#
413	111503	5	6	11	12	125	#
414	42273	6	13	#
415	310976	24	25	36	37	38	42	43	44	45	126	#
416	455067	22	23	29	30	35	36	37	42	43	126	#
417	454452	21	28	35	36	37	42	43	44	45	126	#
418	447536	29	30	35	36	37	42	44	45	46	126	#
419	437102	24	31	36	37	38	43	44	45	46	126	#
420	424048	23	24	30	31	32	37	38	39	45	126	#
421	130314	12	13	19	127	#
422	135414	6	12	13	127	#
423	96609	12	13	20	127	#
424	126369	19	26	#
425	427609	23	30	31	38	39	40	46	128	#
426	520565	33	38	39	40	41	45	46	128	#
427	487783	25	26	33	34	40	41	48	128	#
428	463696	30	31	38	39	44	45	46	128	#
429	420499	26	30	31	32	33	34	39	128	#
430	392586	14	15	23	24	25	30	31	128	#
431	710688	2	3	4	9	10	11	16	17	18	19	22	29	129	#
432	972730	1	2	3	4	7	8	9	10	13	16	23	30	129	#
433	941530	0	3	4	7	8	9	10	11	14	16	21	22	129	#
434	870182	0	1	2	3	4	7	8	9	10	16	17	35	129	#
435	769561	1	2	3	7	8	9	10	11	14	15	16	18	129	#
436	705562	1	2	3	4	8	9	10	11	17	18	24	31	129	#
437	246763	4	5	11	12	13	130	#
438	361027	12	13	31	38	39	130	#
439	247045	3	4	11	12	18	130	#
440	231087	3	9	10	11	16	130	#
441	222655	4	11	12	13	19	130	#
442	202346	5	12	13	19	20	130	#
443	283019	11	17	18	20	27	131	#
444	312380	3	4	10	11	18	131	#
445	284345	4	10	11	17	18	131	#
446	279363	3	10	11	17	18	131	#
447	278304	11	12	13	20	27	131	#
448	218160	5	12	13	20	27	131	#
449	208046	11	12	13	19	20	27	132	#
450	281098	5	6	12	13	20	27	132	#
451	239898	12	13	18	19	20	27	132	#
452	220485	6	11	12	13	19	20	132	#
453	217955	1	2	3	4	10	11	132	#
454	506812	10	11	17	18	25	28	35	36	37	42	43	44	45	133	#
455	725113	3	8	9	10	15	16	17	18	22	24	25	32	39	133	#
456	677915	24	25	26	31	32	33	38	39	41	43	44	45	46	133	#
457	665948	8	15	22	29	36	37	38	39	40	43	44	45	46	133	#
458	658261	15	21	22	28	29	30	31	35	36	37	38	39	44	133	#
459	634679	0	3	4	7	9	10	11	12	14	17	24	39	46	133	#
460	1424074	8	14	15	16	18	21	22	23	24	25	28	29	30	31	32	33	34	35	36	37	38	39	40	41	42	43	44	45	47	48	134	#
461	1663589	3	7	9	10	14	15	16	21	22	23	25	28	29	30	32	33	34	35	36	37	38	39	40	42	43	44	45	46	47	48	134	#
462	1599993	1	2	7	14	15	21	22	25	26	28	29	30	31	32	33	34	35	36	37	38	39	40	41	42	43	44	45	46	47	48	134	#
463	1599548	0	2	7	8	9	12	14	15	16	18	19	21	22	23	24	25	26	28	29	30	31	32	33	34	35	36	40	41	47	48	134	#
464	1565927	3	7	9	12	15	16	17	18	19	20	21	22	23	24	25	26	28	29	30	32	33	35	36	37	38	40	42	43	44	47	134	#
465	1545693	2	7	9	12	13	15	16	19	20	21	22	23	24	25	26	27	28	29	31	32	33	34	35	36	38	39	40	41	43	47	134	#
466	1063347	1	2	3	4	8	9	10	11	12	13	16	17	18	19	20	23	24	25	26	29	30	31	33	34	36	37	42	43	44	135	#
467	1535065	1	7	8	9	14	15	16	17	18	22	23	24	25	26	28	29	30	31	33	35	36	37	40	41	42	43	44	47	48	135	#
468	1523730	7	10	11	14	15	16	17	21	22	23	24	25	26	30	31	32	33	34	36	37	38	39	40	41	44	45	46	47	48	135	#
469	1477271	0	2	3	4	6	7	8	9	10	11	13	15	16	17	18	19	20	22	23	24	25	26	27	30	33	34	40	41	45	135	#
470	1462568	2	3	4	9	10	11	15	16	17	18	19	20	22	23	24	25	26	30	31	32	33	34	37	38	39	40	41	46	47	135	#
471	1448160	0	1	2	3	4	7	8	9	14	15	16	21	22	23	24	28	29	30	31	35	36	37	38	39	42	43	44	45	46	135	#
472	93587	38	39	45	#
473	106351	46	#
474	188940	5	6	12	13	18	19	20	27	137	#
475	224030	17	18	19	24	25	26	31	32	137	#
476	210042	4	10	11	18	24	25	26	31	137	#
477	201622	5	11	12	13	15	16	20	27	137	#
478	194462	5	6	12	13	19	20	25	26	137	#
479	193479	4	5	11	12	13	18	19	34	137	#
480	259056	25	26	32	33	138	#
481	331568	19	26	33	34	138	#
482	321159	26	33	34	41	138	#
483	203967	24	31	32	38	138	#
484	138313	11	18	25	32	138	#
485	882852	1	7	8	14	15	17	18	21	22	23	25	26	29	36	41	139	#
486	1079813	0	2	7	8	9	14	15	16	21	22	23	28	35	36	43	139	#
487	1077884	0	1	2	7	8	14	15	16	21	22	23	28	29	30	35	139	#
488	1077357	0	3	7	8	9	14	15	16	21	22	23	24	28	29	35	139	#
489	1039485	2	7	8	9	14	15	16	21	22	23	24	28	29	30	35	139	#
490	1016155	0	7	8	14	15	21	22	23	28	29	30	35	36	37	38	139	#
491	175135	31	37	38	141	#
492	202169	24	31	38	141	#
493	201058	38	45	46	141	#
494	132162	14	15	21	#
495	1453960	2	3	4	5	6	7	8	9	10	11	12	13	15	16	18	19	20	23	24	25	26	27	31	32	33	34	35	38	39	40	41	42	142	#
496	1736667	1	2	3	7	10	11	12	14	15	18	19	20	22	23	24	25	26	27	30	31	32	33	34	37	38	39	40	41	45	46	47	48	142	#
497	1683386	2	3	8	9	10	11	15	16	17	18	21	22	23	24	25	26	28	29	30	31	32	33	34	37	38	39	40	41	44	45	47	48	142	#
498	1676294	0	1	2	7	8	9	10	15	16	21	22	23	24	25	28	29	30	31	32	33	35	37	38	39	40	41	43	44	45	46	47	48	142	#
499	1647171	3	7	8	10	11	12	13	14	17	18	19	20	21	23	24	25	26	30	31	32	33	34	37	38	39	40	41	43	44	45	47	48	142	#
500	1632247	2	3	8	9	10	11	14	15	16	17	18	19	20	21	22	24	25	26	28	29	31	32	33	34	36	37	38	40	41	43	47	48	142	#
501	233924	10	11	12	17	18	19	20	143	#
502	337944	11	12	13	19	20	26	47	143	#
503	298159	3	10	11	17	18	24	25	143	#
504	264002	4	5	11	12	18	25	32	143	#
505	257979	4	10	11	12	17	18	19	143	#
506	226584	4	5	9	10	11	12	19	143	#
507	65515	44	#
508	180007	1	2	7	8	15	144	#
509	250235	14	15	22	23	29	144	#
510	241933	0	1	7	14	21	144	#
511	160784	8	9	15	22	29	144	#
512	159558	1	2	8	15	23	144	#
513	424099	3	4	10	11	17	20	24	27	31	145	#
514	575860	15	17	20	21	22	23	24	27	31	145	#
515	551247	15	17	22	23	24	25	26	30	31	145	#
516	491364	18	25	26	30	31	32	33	39	41	145	#
517	433926	1	2	3	4	7	8	9	10	16	145	#
518	396066	2	3	4	7	8	9	10	11	15	145	#
519	108300	8	#
520	9520	19	#
521	45655	47	48	#
522	383759	30	31	32	33	146	#
523	300993	31	32	38	39	146	#
524	295268	30	31	32	39	146	#
525	203168	25	26	32	33	146	#
526	413789	4	11	17	18	24	25	31	32	147	#
527	615444	3	4	11	17	24	31	32	33	147	#
528	408838	10	17	18	22	23	24	25	42	147	#
529	357565	4	11	12	18	19	25	26	33	147	#
530	334916	0	7	8	10	12	17	18	19	147	#
531	285039	10	11	17	18	19	20	24	25	147	#
532	53444	18	19	148	#
533	33134	11	18	148	#
534	389886	5	11	12	13	17	18	19	20	25	26	27	149	#
535	558220	2	3	4	11	12	17	18	19	20	26	33	149	#
536	434405	23	24	25	31	32	33	35	36	37	38	40	149	#
537	420675	5	6	11	12	13	17	18	19	24	26	31	149	#
538	402339	5	6	12	13	15	19	20	22	23	27	29	149	#
539	357477	5	6	12	13	17	18	19	20	25	26	27	149	#
540	416246	28	29	31	32	35	36	42	43	44	150	#
541	618507	32	33	34	36	38	39	40	41	46	150	#
542	528206	32	36	37	39	40	44	45	46	47	150	#
543	501880	15	22	23	28	29	35	36	43	44	150	#
544	461555	24	25	28	29	31	32	35	36	38	150	#
545	410144	14	21	22	28	35	36	37	42	43	150	#
546	538550	32	36	37	38	39	44	45	46	151	#
547	617386	8	9	16	38	39	40	45	46	151	#
548	597931	7	15	22	28	29	36	37	44	151	#
549	503668	0	28	29	30	36	37	44	45	151	#
550	458588	24	31	32	37	38	39	44	45	151	#
551	448208	25	30	31	32	37	38	39	44	151	#
552	120218	21	28	152	#
553	125462	14	21	152	#
554	253841	22	29	36	37	153	#
555	316691	22	23	29	36	153	#
556	193577	29	36	37	43	153	#
557	191403	29	36	37	38	153	#
558	182762	2	28	29	30	153	#
559	350677	15	16	17	23	24	30	31	154	#
560	460370	23	24	31	32	33	34	38	154	#
561	424257	17	24	28	29	30	31	35	154	#
562	409886	17	23	24	29	30	31	32	154	#
563	394573	1	14	15	19	20	22	23	154	#
564	368489	1	2	3	8	9	10	16	154	#
565	719870	8	11	15	17	18	22	24	28	29	30	31	36	37	38	155	#
566	1040444	3	7	8	9	11	14	15	21	22	28	29	30	35	36	155	#
567	1017479	3	7	8	9	10	14	15	16	21	22	23	28	29	30	155	#
568	981834	0	1	2	3	7	8	9	10	14	15	16	17	18	21	155	#
569	881796	7	8	14	15	16	20	21	22	23	27	28	29	30	36	155	#
570	825293	15	17	18	22	23	24	25	26	29	31	32	33	34	39	155	#
571	4046	42	#
572	422007	5	6	12	13	21	22	28	29	35	36	37	38	42	156	#
573	593836	12	13	14	18	19	20	21	22	26	27	28	29	35	156	#
574	541750	28	35	36	37	38	39	40	42	43	44	45	46	47	156	#
575	522452	14	15	21	22	23	28	29	35	36	37	42	43	44	156	#
576	503057	15	21	22	23	28	29	30	31	35	36	37	42	44	156	#
577	463989	2	3	4	5	6	9	10	11	12	13	16	20	27	156	#
578	156364	3	29	30	157	#
579	210159	23	30	31	157	#
580	133724	29	30	47	157	#
581	115598	2	3	4	157	#
582	698572	21	22	28	29	35	36	37	38	39	42	43	44	45	46	158	#
583	1032163	28	31	32	35	37	38	39	40	42	43	44	45	46	47	158	#
584	947996	14	21	22	23	24	25	28	29	30	31	32	33	34	35	158	#
585	943804	7	9	14	15	16	21	22	23	28	29	30	31	32	35	158	#
586	930387	14	21	22	23	28	29	32	35	37	39	42	43	44	45	158	#
587	866628	16	23	24	30	31	32	37	38	39	42	43	44	45	46	158	#
588	225006	28	29	35	42	159	#
589	289004	22	28	29	35	159	#
590	246601	20	27	35	42	159	#
591	176325	28	29	35	36	159	#
592	179673	34	41	47	48	160	#
593	221508	33	40	41	48	160	#
594	177667	33	41	47	48	160	#
595	474429	5	6	11	12	18	19	20	23	24	25	26	27	32	161	#
596	676819	5	6	12	13	18	19	20	26	27	31	32	33	40	161	#
597	627392	3	4	5	6	7	8	9	10	11	12	13	17	18	161	#
598	608824	2	3	7	8	9	10	11	12	16	17	23	24	25	161	#
599	529719	3	4	9	10	11	12	17	18	19	25	26	32	39	161	#
600	508360	5	6	12	13	15	16	19	20	23	25	26	27	32	161	#
601	177815	4	5	6	10	11	12	18	162	#
602	236836	5	6	12	35	42	43	44	162	#
603	224158	5	6	11	12	13	19	20	162	#
604	178922	2	3	4	10	11	12	18	162	#
605	134476	4	11	12	18	19	23	25	162	#
606	86807	6	10	11	12	18	25	35	162	#
607	440938	25	32	33	40	41	47	163	#
608	416091	4	32	33	34	41	47	163	#
609	399342	24	25	26	31	32	33	163	#
610	381872	4	26	32	33	39	40	163	#
611	346237	0	33	37	39	40	41	163	#
612	291402	39	40	41	45	47	48	163	#
613	256363	30	31	32	164	#
614	191161	29	30	36	164	#
615	182144	24	30	31	164	#
616	176150	25	26	32	164	#
617	216917	19	20	24	25	26	165	#
618	295955	17	18	23	24	25	165	#
619	201564	13	19	20	27	47	165	#
620	165432	12	19	20	26	27	165	#
621	139436	11	19	20	25	26	165	#
622	1017979	5	11	12	13	17	18	19	20	23	24	25	26	27	33	39	40	41	47	48	166	#
623	1453631	7	8	9	14	15	16	18	22	23	24	25	29	30	31	32	35	38	42	49	166	#
624	1382428	17	18	22	23	24	25	26	31	32	33	34	38	39	40	41	45	46	47	48	166	#
625	1377848	22	23	25	26	30	31	32	33	34	37	38	39	40	41	44	45	46	47	48	166	#
626	1360497	23	24	25	26	29	30	31	32	33	34	36	38	39	40	41	45	46	47	48	166	#
627	1292379	13	16	19	20	23	24	25	26	27	31	32	33	34	38	39	40	41	47	48	166	#
628	156352	5	6	11	12	13	18	19	167	#
629	230099	5	6	12	13	19	20	26	167	#
630	222956	10	11	18	19	20	25	32	167	#
631	147248	5	6	11	12	13	19	20	167	#
632	175946	33	40	168	#
633	220496	32	33	168	#
634	37188	39	40	168	#
635	1113742	3	10	17	18	23	24	25	31	32	33	34	38	39	40	41	46	47	48	169	#
636	1218252	12	13	20	28	29	30	31	32	33	34	36	37	38	39	40	41	45	46	169	#
637	1186544	16	17	22	23	24	29	30	31	32	33	34	36	37	38	39	44	45	46	169	#
638	1168357	7	8	9	15	16	17	23	24	25	26	29	30	31	32	33	34	40	41	169	#
639	1157829	7	8	14	15	19	20	22	25	26	31	32	33	39	40	41	45	46	47	169	#
640	1147978	24	26	31	32	33	34	36	37	38	39	40	41	42	43	44	45	46	47	169	#
641	153867	2	3	9	10	170	#
642	206647	3	4	9	10	170	#
643	136371	2	3	4	10	170	#
644	86449	28	29	36	#
645	61545	10	#
646	275665	1	7	8	15	172	#
647	368383	0	1	7	8	172	#
648	238936	7	8	14	15	172	#
649	213892	1	2	8	15	172	#
650	205482	7	14	15	23	172	#
651	243877	6	38	39	40	45	46	173	#
652	261595	5	6	12	13	19	20	173	#
653	240325	38	39	40	41	45	47	173	#
654	230824	33	34	40	41	47	48	173	#
655	224225	24	25	31	38	39	45	173	#
656	370121	4	10	11	12	18	19	24	25	32	39	174	#
657	550836	25	30	31	32	37	38	39	44	45	46	174	#
658	511130	6	11	12	13	17	18	19	20	26	33	174	#
659	482172	6	12	13	20	32	37	38	39	40	45	174	#
660	478374	1	2	3	4	8	9	10	11	12	17	174	#
661	465075	4	5	6	11	12	13	17	18	25	32	174	#
662	166720	35	36	37	175	#
663	152760	37	44	45	175	#
664	131930	36	37	38	175	#
665	96317	29	35	36	175	#
666	225898	1	2	8	9	10	176	#
667	305067	2	3	8	9	16	176	#
668	269092	1	8	15	22	29	176	#
669	241304	0	1	2	3	8	176	#
670	189212	9	10	17	18	19	176	#
671	125600	5	6	12	13	177	#
672	145908	5	10	11	12	177	#
673	113885	6	12	13	20	177	#
674	59331	5	6	12	19	177	#
675	613172	1	2	3	4	7	8	9	10	14	15	16	17	23	24	178	#
676	781073	0	1	2	3	7	8	9	14	15	16	22	23	30	31	178	#
677	768153	9	10	16	17	24	25	26	31	32	33	40	41	47	48	178	#
678	727464	0	1	2	3	4	5	7	8	9	11	12	15	16	17	178	#
679	720780	0	1	2	8	9	10	11	12	13	17	18	20	24	31	178	#
680	694883	0	1	2	3	4	5	7	8	9	10	12	15	41	48	178	#
681	182428	35	42	43	179	#
682	172969	35	36	42	179	#
683	153335	36	43	44	179	#
684	133622	42	43	44	179	#
685	857913	3	7	8	9	14	15	16	21	22	23	180	#
686	831399	7	8	14	15	16	21	22	23	24	30	180	#
687	818116	7	14	15	16	21	22	23	28	29	33	180	#
688	797823	1	2	3	7	8	9	15	16	22	23	180	#
689	753376	7	9	10	12	13	15	16	17	22	23	180	#
690	737274	2	7	8	9	10	14	15	17	21	22	180	#
691	542817	1	7	14	15	16	21	22	23	28	29	181	#
692	653674	1	7	8	14	15	22	28	29	35	36	181	#
693	631299	1	7	8	14	15	21	22	23	30	31	181	#
694	600297	7	15	16	22	23	28	29	30	31	38	181	#
695	586038	0	1	7	8	14	15	16	21	22	28	181	#
696	580345	0	1	2	3	7	8	9	10	15	34	181	#
697	755426	2	3	7	8	9	14	15	21	22	23	24	25	28	29	32	36	182	#
698	947295	7	15	21	22	28	29	32	35	38	39	40	42	43	44	45	46	182	#
699	912442	4	22	25	26	28	29	32	35	36	37	38	39	42	43	45	46	182	#
700	837548	0	1	3	7	8	9	10	14	15	16	17	18	22	23	24	25	182	#
701	820538	0	7	14	21	22	23	28	29	30	31	36	37	38	39	45	46	182	#
702	800338	0	1	2	3	7	8	9	10	14	15	16	21	22	28	29	35	182	#
703	394834	24	25	30	31	32	33	183	#
704	520899	22	23	26	32	33	34	183	#
705	481357	18	25	26	32	33	34	183	#
706	303949	24	25	31	32	37	38	183	#
707	292001	15	22	28	29	30	31	183	#
708	269866	10	17	24	25	31	32	183	#
709	638504	3	4	5	6	9	10	11	12	13	16	17	18	19	20	184	#
710	805537	0	1	2	3	4	7	8	9	10	11	16	17	18	24	184	#
711	767505	1	2	3	8	9	15	16	17	18	22	23	24	29	31	184	#
712	763652	6	13	18	19	20	24	25	26	27	31	32	39	45	46	184	#
713	753923	0	1	2	3	4	8	9	10	11	16	17	18	23	24	184	#
714	747638	2	3	5	6	9	10	11	12	13	14	17	18	19	20	184	#
715	1145059	5	8	9	12	15	16	19	23	24	25	26	27	29	30	31	32	33	34	39	40	41	44	45	46	47	48	185	#
716	1497064	1	2	3	8	9	15	16	22	23	28	29	31	32	35	36	37	38	39	40	42	43	44	45	46	47	49	185	#
717	1481176	7	8	14	15	16	17	18	21	22	23	24	25	28	29	30	31	32	35	36	38	39	40	45	46	47	48	185	#
718	1386515	0	1	2	3	4	7	8	9	12	13	14	15	17	18	19	20	21	22	23	24	25	26	29	30	32	34	185	#
719	1378204	7	12	15	18	19	23	25	29	30	31	32	33	34	35	36	37	38	39	40	41	43	44	45	46	47	48	185	#
720	1372629	15	16	22	23	24	25	26	28	29	30	31	32	33	35	36	37	38	39	40	42	43	44	45	46	47	48	185	#
721	161629	11	17	18	25	186	#
722	238367	3	9	10	11	186	#
723	140369	10	11	18	19	186	#
724	18820	10	17	18	24	186	#
725	713773	17	24	25	30	31	32	33	36	37	38	39	41	45	46	187	#
726	931389	2	9	16	17	22	23	24	25	26	30	32	33	34	39	187	#
727	822615	16	17	21	22	23	24	25	26	28	29	30	31	32	33	187	#
728	784572	9	10	17	24	30	31	32	33	34	37	38	39	40	45	187	#
729	720489	22	24	25	29	30	31	32	36	37	38	39	40	45	46	187	#
730	699986	10	16	17	18	22	23	24	25	26	30	31	33	38	45	187	#
731	1659607	3	10	16	17	18	19	22	23	24	25	26	29	30	31	32	33	34	36	37	38	39	40	41	42	43	44	45	46	47	188	#
732	1922897	0	1	7	8	11	14	15	16	17	18	19	21	22	23	24	25	26	30	31	32	33	34	38	39	40	41	45	47	48	188	#
733	1858372	0	1	3	7	8	9	10	11	14	15	16	17	18	19	20	21	22	23	24	25	26	28	29	30	31	32	35	36	46	188	#
734	1825690	0	1	2	3	4	5	7	8	9	10	11	12	13	14	15	16	17	18	19	20	21	22	25	26	31	32	38	39	45	188	#
735	1819888	0	1	2	3	4	7	8	9	10	11	14	15	16	17	21	22	23	24	25	30	31	32	35	38	39	42	43	45	46	188	#
736	1815585	1	2	3	7	8	9	11	15	16	18	21	22	23	25	26	28	29	30	31	32	33	35	36	37	38	39	43	44	46	188	#
737	281925	21	28	35	189	#
738	242080	28	35	42	189	#
739	210471	21	22	29	189	#
740	180378	21	28	29	189	#
741	610553	5	10	11	12	18	19	25	26	33	34	40	41	47	190	#
742	874358	3	4	7	9	10	11	14	15	16	18	24	25	32	190	#
743	853794	7	14	17	21	23	24	25	30	31	32	38	39	45	190	#
744	789845	18	19	25	31	32	33	34	39	40	41	45	46	47	190	#
745	749394	24	30	31	32	33	34	38	39	40	41	45	47	48	190	#
746	738753	24	25	31	32	33	34	39	40	41	45	46	47	48	190	#
747	140229	5	6	12	13	19	20	26	191	#
748	206990	4	5	6	10	11	12	13	191	#
749	181662	5	6	12	13	18	19	20	191	#
750	177161	5	6	11	12	13	19	20	191	#
751	153765	5	12	17	18	19	20	27	191	#
752	100554	11	18	25	218	#
753	2182879	0	1	2	3	5	6	7	8	9	10	11	12	13	14	15	16	17	18	20	21	22	23	24	25	28	29	30	31	32	33	35	36	38	39	40	41	42	43	44	45	47	48	192	#
754	2301425	0	1	3	5	6	7	8	9	10	11	12	13	14	15	16	17	18	19	20	22	23	24	25	26	28	29	30	31	32	33	34	36	37	38	39	40	41	42	43	44	45	46	192	#
755	2243777	0	1	3	7	8	9	10	11	12	14	15	16	17	18	19	21	22	23	24	25	26	28	29	30	31	32	33	34	35	36	37	38	39	40	41	42	43	44	45	46	47	48	192	#
756	2242775	2	3	7	8	9	10	11	12	13	14	15	16	17	18	19	20	21	22	23	24	25	26	28	29	30	31	32	33	34	35	36	37	38	39	40	41	42	43	44	45	46	47	192	#
757	2224049	0	3	5	6	7	9	10	11	12	13	14	15	16	17	18	19	20	22	23	24	25	26	27	28	29	30	31	32	33	34	35	36	37	38	39	40	41	44	45	46	47	48	192	#
758	2223824	0	5	7	8	9	10	11	12	13	14	15	16	17	18	19	20	21	22	23	24	25	26	29	30	31	32	33	34	35	36	37	38	39	40	41	42	43	44	45	46	47	48	192	#
759	885138	19	20	26	27	31	32	33	34	38	39	40	41	44	45	46	47	48	193	#
760	1106162	2	3	4	5	6	8	9	10	11	12	13	16	18	19	20	26	27	193	#
761	1094460	3	8	9	14	15	16	17	22	23	24	29	30	31	32	39	41	47	193	#
762	1022523	17	22	24	26	28	29	30	31	32	33	35	38	39	40	41	47	48	193	#
763	1021230	2	5	9	11	12	16	17	18	19	20	23	24	25	26	33	34	41	193	#
764	969851	10	11	17	18	19	24	25	26	32	33	34	39	40	41	46	47	48	193	#
765	544307	38	39	40	41	42	43	44	45	46	47	48	194	#
766	616479	31	32	33	34	38	39	40	41	44	45	48	194	#
767	592918	32	33	34	36	37	38	39	40	44	45	46	194	#
768	575075	35	36	37	38	39	40	42	43	44	45	46	194	#
769	571241	3	9	10	11	31	32	33	34	40	41	47	194	#
770	539922	32	33	37	39	40	41	44	45	46	47	48	194	#
771	1119741	4	5	9	11	12	16	18	19	20	22	24	25	26	32	33	34	39	40	41	42	45	195	#
772	1245424	5	9	16	23	26	28	29	30	31	32	33	34	35	38	39	40	41	44	45	47	48	195	#
773	1202270	2	5	8	9	10	11	12	13	16	17	18	19	20	24	25	26	31	32	33	40	41	195	#
774	1165298	7	10	12	13	17	18	19	20	24	25	26	30	31	32	33	34	39	40	41	45	48	195	#
775	1161332	5	11	12	16	17	23	24	25	26	30	32	33	34	38	39	40	41	45	46	47	48	195	#
776	1159010	4	11	12	13	18	19	20	22	23	24	25	26	27	32	33	34	39	40	41	46	47	195	#
777	71957	41	#
778	379773	3	6	10	11	12	13	19	20	196	#
779	487360	1	2	3	8	9	10	11	12	196	#
780	480175	1	2	3	8	9	10	12	28	196	#
781	396905	3	4	8	9	10	11	15	16	196	#
782	382736	5	11	12	13	18	19	20	44	196	#
783	349517	4	11	12	13	18	19	20	26	196	#
784	1404673	7	8	14	15	17	21	22	23	24	25	26	28	29	30	31	32	33	34	35	36	37	38	39	42	43	44	45	197	#
785	1591809	3	9	10	15	17	18	19	22	23	24	25	26	28	29	30	31	32	33	35	36	37	38	40	42	43	44	45	197	#
786	1509240	3	9	10	11	12	13	15	17	18	19	20	21	22	23	24	25	26	27	28	29	31	32	33	34	35	40	42	197	#
787	1480075	4	7	11	15	17	18	19	20	21	22	23	24	26	28	29	30	31	32	33	35	36	37	38	39	42	44	45	197	#
788	1434159	12	13	17	19	20	22	23	24	25	26	27	29	30	31	32	33	34	36	37	38	39	40	41	44	45	46	48	197	#
789	1427759	3	4	9	10	11	12	15	17	18	19	22	23	24	25	26	29	30	31	32	33	34	38	39	40	41	45	46	197	#
790	682393	2	3	4	9	10	11	12	17	18	19	24	25	26	31	32	198	#
791	885378	0	1	2	3	4	7	8	9	10	11	12	14	16	23	30	198	#
792	847978	0	1	2	3	4	8	9	10	11	15	16	18	22	23	30	198	#
793	749852	0	1	2	3	7	8	9	10	11	15	16	17	18	23	24	198	#
794	742866	3	4	10	11	17	18	25	31	32	33	38	39	40	45	46	198	#
795	736873	1	2	3	4	5	8	9	10	11	12	13	15	16	18	19	198	#
796	507717	32	33	34	40	41	47	48	199	#
797	491101	7	25	26	32	33	40	41	199	#
798	463578	26	33	34	40	41	47	48	199	#
799	455852	25	32	34	40	41	47	48	199	#
800	442152	18	34	35	40	41	42	47	199	#
801	428743	25	26	33	34	40	41	47	199	#
802	172949	4	11	18	200	#
803	223330	3	4	10	200	#
804	181883	10	11	17	200	#
805	156653	18	25	32	200	#
806	762483	7	15	16	17	22	23	24	28	29	30	31	32	38	201	#
807	843651	0	2	7	9	14	15	16	22	23	24	25	30	31	201	#
808	775216	2	3	4	9	10	11	17	18	19	25	32	33	39	201	#
809	749503	14	15	16	23	24	25	30	31	32	33	39	40	41	201	#
810	739654	17	22	23	24	28	29	30	31	33	34	35	36	41	201	#
811	710049	0	1	2	7	8	9	10	14	15	16	21	22	23	201	#
812	856316	9	10	16	17	18	21	22	23	24	25	29	30	31	32	36	37	38	39	43	45	46	202	#
813	1272688	7	14	15	16	19	22	23	26	28	29	30	31	32	33	37	38	39	40	44	45	46	202	#
814	1212265	0	1	7	8	9	14	15	16	18	22	28	29	30	35	36	37	38	39	44	45	46	202	#
815	1203901	0	1	2	7	8	9	10	14	15	16	17	18	20	22	23	24	28	29	30	35	36	202	#
816	1146610	1	2	5	7	8	9	10	11	12	14	15	16	22	23	28	29	30	31	38	44	45	202	#
817	1127806	1	2	3	4	7	8	9	10	11	12	13	15	16	17	18	19	20	26	33	40	41	202	#
818	118314	35	42	203	#
819	170359	28	35	203	#
820	73198	42	43	203	#
821	522635	9	10	11	15	16	22	23	24	29	30	204	#
822	723964	17	18	24	25	26	31	33	40	41	47	204	#
823	715286	0	7	14	15	17	22	23	24	25	29	204	#
824	712103	1	2	3	7	8	9	10	15	16	22	204	#
825	638212	14	15	16	21	22	23	28	29	35	42	204	#
826	580913	2	3	7	8	9	10	11	12	15	16	204	#
827	240977	36	43	44	205	#
828	227679	42	43	44	205	#
829	135311	37	44	45	205	#
830	111268	29	35	36	205	#
831	247998	14	15	23	24	206	#
832	294770	7	14	15	16	206	#
833	292195	7	8	14	15	206	#
834	131720	21	23	30	31	206	#
835	90940	17	20	24	25	206	#
836	1293584	1	3	4	7	8	9	10	14	15	16	17	21	22	23	24	28	29	30	31	35	36	37	38	39	42	207	#
837	1631698	1	3	7	8	10	14	15	17	18	21	22	23	24	25	28	29	30	31	32	33	35	36	38	40	42	207	#
838	1615882	8	14	15	18	21	22	23	24	25	28	29	30	31	32	33	34	35	36	38	39	40	41	42	45	46	207	#
839	1575375	7	14	15	21	22	23	24	25	26	28	29	30	31	32	33	34	35	36	37	38	39	40	41	43	47	207	#
840	1528567	8	12	14	15	16	19	21	22	23	24	25	26	28	29	30	32	33	35	36	38	39	40	42	43	45	207	#
841	1457471	7	8	10	14	15	17	18	19	21	22	23	24	25	26	28	29	30	31	32	33	35	36	38	39	45	207	#
842	127084	3	9	208	#
843	138507	3	4	208	#
844	17627	0	#
845	109649	41	48	209	#
846	110609	34	41	209	#
847	93600	47	48	209	#
848	638012	1	2	3	4	8	9	10	15	17	18	20	22	23	27	29	210	#
849	843693	12	17	18	19	20	24	25	26	31	32	33	34	39	40	41	210	#
850	827421	0	1	2	5	7	8	9	12	13	14	15	16	22	23	29	210	#
851	813806	0	1	2	8	9	15	16	18	22	23	24	25	29	30	31	210	#
852	804512	0	1	7	8	15	16	17	18	22	23	24	25	26	28	29	210	#
853	797230	1	8	14	15	16	21	22	23	24	29	30	31	35	36	37	210	#
854	140373	41	47	48	#
855	18666	48	#
856	337167	25	31	32	33	35	36	37	38	39	45	211	#
857	465563	2	9	28	29	30	31	36	37	38	45	211	#
858	442715	30	31	32	37	38	39	40	41	45	46	211	#
859	401686	14	21	28	29	35	36	37	42	43	44	211	#
860	363391	24	29	31	35	36	37	38	42	43	44	211	#
861	152279	4	11	17	18	212	#
862	219940	18	24	25	32	212	#
863	205258	10	17	19	26	212	#
864	533480	7	8	14	15	16	21	22	28	213	#
865	639279	0	1	3	7	8	9	14	15	213	#
866	605012	7	10	14	21	22	28	34	35	213	#
867	577176	0	3	7	8	9	14	15	23	213	#
868	500551	7	14	15	21	22	23	24	28	213	#
869	493206	0	1	2	3	4	8	9	16	213	#
870	131749	32	39	#
871	203820	12	15	23	30	215	#
872	272999	8	15	22	23	215	#
873	263134	5	12	18	19	215	#
874	237829	22	23	29	30	215	#
875	122024	37	42	43	44	216	#
876	122997	36	42	43	44	216	#
877	93578	36	37	43	44	216	#
878	22562	29	30	36	37	216	#
879	230180	20	32	39	217	#
880	287437	32	33	39	217	#
881	118711	39	40	45	217	#
882	146387	17	18	25	218	#
883	180058	18	25	26	218	#
884	155275	17	18	19	218	#
885	587703	15	16	21	22	23	28	29	46	219	#
886	634968	9	15	16	22	23	24	28	29	219	#
887	592797	7	15	16	22	23	24	30	31	219	#
888	589791	15	22	23	28	29	30	35	42	219	#
889	520627	14	15	16	22	23	24	25	26	219	#
890	461994	15	16	21	22	28	29	30	35	219	#
891	1436285	0	2	7	8	9	10	14	15	16	21	22	23	28	29	30	31	32	33	35	36	42	220	#
892	1411308	0	3	7	8	9	10	14	15	16	17	22	23	24	28	29	30	35	36	40	42	43	220	#
893	1407545	3	7	15	16	17	19	21	23	24	25	26	30	31	32	33	38	39	40	45	46	47	220	#
894	1392128	7	14	15	16	17	21	22	23	24	28	29	32	35	36	38	39	42	43	44	45	46	220	#
895	1367422	0	7	14	15	16	17	21	22	23	24	25	28	29	30	31	32	33	35	36	42	43	220	#
896	1359325	7	8	9	10	14	15	16	18	21	22	23	24	25	26	28	29	30	31	35	38	42	220	#
897	316810	0	1	2	3	10	17	221	#
898	410321	1	2	7	8	9	16	221	#
899	400306	3	8	9	10	16	17	221	#
900	372984	3	8	9	16	17	24	221	#
901	293118	0	1	7	11	15	16	221	#
902	280678	2	3	8	9	10	15	221	#
903	898926	15	21	22	23	24	30	31	32	33	34	37	38	39	44	45	46	222	#
904	1089459	0	2	3	7	8	9	15	16	21	22	23	28	29	30	31	45	222	#
905	1077336	7	14	15	16	21	22	23	24	28	29	30	31	35	36	37	44	222	#
906	1059876	7	8	9	14	15	16	17	21	22	23	24	28	29	30	31	35	222	#
907	1044388	2	3	9	10	17	22	23	24	28	29	30	31	32	33	34	39	222	#
908	955374	5	14	15	17	21	22	23	24	25	28	29	30	31	32	33	41	222	#
909	459190	22	23	26	29	38	39	40	47	223	#
910	463427	16	21	22	23	28	29	30	31	223	#
911	451358	29	32	36	39	40	45	46	47	223	#
912	443973	26	33	34	39	40	41	47	48	223	#
913	408233	31	36	37	38	43	44	45	46	223	#
914	389730	18	19	25	26	31	32	33	40	223	#
915	247651	34	40	41	224	#
916	295965	33	40	41	224	#
917	285272	33	40	47	224	#
918	178964	26	33	34	224	#
919	1232088	0	7	14	15	16	21	22	23	24	25	28	29	30	31	32	33	35	36	37	38	42	225	#
920	1354602	2	3	8	9	14	15	16	19	22	23	24	25	26	29	30	31	32	33	38	39	45	225	#
921	1314480	7	9	14	15	16	22	23	24	29	30	31	32	33	35	36	37	38	39	42	43	44	225	#
922	1268863	0	1	2	3	7	8	9	14	15	16	21	22	23	28	29	30	31	35	36	42	43	225	#
923	1262039	1	7	8	9	11	14	15	16	18	21	22	23	24	25	26	29	30	31	32	33	38	225	#
924	1244490	14	15	21	22	23	25	28	29	30	31	32	33	37	38	39	40	41	45	46	47	48	225	#
925	170009	8	15	23	226	#
926	220537	23	29	30	226	#
927	161202	7	8	15	226	#
928	103705	1	8	15	226	#
929	358441	7	14	15	21	22	28	29	227	#
930	531271	14	16	21	22	23	28	30	227	#
931	511057	7	14	15	16	21	22	23	227	#
932	499266	0	7	8	14	15	21	22	227	#
933	477396	0	7	8	14	15	21	23	227	#
934	471402	7	14	15	21	22	23	28	227	#
935	604006	18	22	25	29	31	32	36	37	38	39	43	44	45	228	#
936	890473	2	3	8	9	10	11	15	17	18	19	20	25	32	228	#
937	855221	10	11	17	18	19	25	26	32	33	34	39	45	46	228	#
938	787185	7	14	15	22	23	29	30	31	32	37	38	45	46	228	#
939	776025	7	15	16	22	28	29	30	35	36	37	38	43	44	228	#
940	775125	7	8	9	14	15	21	22	23	24	28	29	30	35	228	#
941	1923396	0	1	2	3	4	7	8	9	10	11	12	14	15	16	17	18	19	20	21	22	23	24	27	28	29	30	31	35	36	37	38	39	40	41	42	43	45	46	47	48	229	#
942	2313054	0	2	4	7	8	9	10	11	12	14	16	17	18	19	20	21	22	23	24	25	26	27	28	29	30	31	32	33	34	35	36	37	38	39	40	41	43	45	46	47	229	#
943	2283403	0	3	6	7	8	9	10	13	14	15	16	18	20	22	23	24	25	26	27	28	29	30	31	32	33	34	35	36	37	38	39	40	41	42	43	44	45	46	47	48	229	#
944	2247587	0	1	2	3	4	7	8	9	10	11	12	14	15	16	18	19	21	22	23	24	25	26	28	29	30	31	32	33	34	35	36	37	38	39	40	41	43	45	46	47	229	#
945	2216831	1	7	8	9	10	11	12	13	14	15	16	17	18	19	20	21	22	23	24	25	26	28	29	30	31	32	33	34	35	36	37	39	40	41	42	43	44	45	46	47	229	#
946	2195963	0	1	3	7	8	9	12	14	15	16	17	18	19	21	22	23	24	25	26	28	29	30	31	32	33	34	35	36	37	38	39	40	41	42	43	44	45	46	47	48	229	#
947	45501	38	#
948	232216	33	34	41	230	#
949	209200	25	32	33	230	#
950	206146	34	41	47	230	#
951	683900	1	2	3	4	9	10	11	12	17	18	19	23	24	25	26	33	231	#
952	1011598	3	4	7	8	9	10	11	14	16	17	18	23	24	25	30	31	231	#
953	990430	0	3	7	8	9	10	11	14	15	16	21	22	23	24	25	30	231	#
954	958187	0	1	2	3	7	8	9	10	11	14	15	16	17	18	23	24	231	#
955	949825	1	2	3	4	7	8	9	10	11	14	15	21	22	23	28	29	231	#
956	919287	0	1	2	3	4	7	8	9	10	11	14	15	16	17	18	23	231	#
957	397442	21	28	29	35	36	37	42	43	44	232	#
958	593075	7	8	14	15	21	22	23	28	29	232	#
959	504789	28	29	30	31	35	36	37	42	43	232	#
960	472875	17	22	24	28	29	30	31	35	36	232	#
961	447826	21	22	28	29	35	36	37	38	45	232	#
962	446746	9	15	16	21	22	23	28	29	30	232	#
963	193695	31	32	233	#
964	190998	32	39	233	#
965	526716	0	1	2	3	4	7	8	9	10	17	234	#
966	569271	1	2	3	7	8	9	10	11	16	17	234	#
967	565320	1	2	3	7	8	9	10	14	15	23	234	#
968	527286	0	1	7	8	9	14	15	16	22	23	234	#
969	512841	0	1	2	3	7	8	9	10	14	15	234	#
970	509293	1	2	7	8	9	14	15	21	22	23	234	#
971	663198	3	17	18	19	20	24	25	26	27	31	32	33	34	40	41	48	235	#
972	761378	20	25	26	28	32	33	34	35	36	37	39	40	42	43	44	45	235	#
973	754276	0	4	5	7	10	11	12	13	14	18	19	26	33	34	41	48	235	#
974	740764	3	4	24	25	29	31	32	33	34	36	37	38	39	41	45	46	235	#
975	706264	0	1	2	3	4	7	8	9	10	14	15	17	24	25	31	32	235	#
976	661059	9	16	18	19	20	25	26	32	33	34	38	39	40	41	47	48	235	#
977	1007851	0	1	2	3	7	8	9	10	11	14	15	16	18	22	23	29	30	236	#
978	1027101	0	1	2	3	4	7	8	9	10	14	15	18	22	23	24	25	29	236	#
979	968141	3	4	7	8	9	10	14	15	16	17	21	22	23	24	29	30	31	236	#
980	950606	0	1	7	8	10	14	15	17	18	23	24	25	26	31	32	33	38	236	#
981	939831	1	2	3	8	9	10	15	16	17	18	22	23	24	25	30	41	47	236	#
982	916995	2	3	7	8	9	15	31	32	33	36	37	38	39	40	41	44	46	236	#
983	1137576	0	1	2	3	4	5	6	7	8	9	10	11	12	13	14	15	16	17	18	19	20	21	23	24	25	26	27	30	31	38	237	#
984	1624203	1	2	3	4	5	7	8	9	14	15	16	19	21	22	23	25	26	28	29	30	32	33	34	36	40	41	42	43	47	48	237	#
985	1611703	2	3	4	5	7	9	10	11	12	13	14	15	16	17	18	19	22	23	24	25	26	29	30	32	33	36	40	41	47	49	237	#
986	1535858	0	1	2	3	4	7	8	9	10	12	13	14	15	16	21	23	26	32	33	36	37	38	39	40	41	43	44	45	46	47	237	#
987	1529322	2	3	4	7	8	9	10	11	12	15	16	17	18	19	22	23	24	25	26	29	30	31	32	33	36	38	39	40	41	47	237	#
988	1524733	3	4	7	8	10	14	15	16	18	19	21	22	23	24	25	26	29	30	31	32	33	35	36	37	39	40	41	46	47	48	237	#
989	87668	32	#
990	187562	24	30	31	238	#
991	185359	22	29	30	238	#
992	166594	23	24	31	238	#
993	376074	24	25	32	38	39	45	46	239	#
994	539799	25	32	33	34	39	40	41	239	#
995	377521	18	19	25	26	32	39	40	239	#
996	358211	5	31	32	38	39	40	46	239	#
997	349320	31	32	37	38	39	45	46	239	#
998	328440	24	31	37	38	39	45	46	239	#
999	863415	2	3	5	6	7	8	9	10	11	12	13	16	17	18	19	20	24	25	32	240	#
1000	995765	3	8	9	10	11	13	16	18	19	23	25	26	31	32	33	34	40	41	48	240	#
1001	942952	0	2	3	4	7	8	9	10	14	15	16	17	21	22	23	24	31	38	39	240	#
1002	931166	0	7	8	14	15	16	17	21	22	23	24	25	28	29	30	31	35	36	37	240	#
1003	909628	1	2	3	4	7	8	9	10	11	14	15	16	17	18	21	22	23	24	28	240	#
1004	900367	0	1	2	3	4	7	8	9	10	11	14	15	16	17	18	21	22	28	29	240	#
