%% File generated by CATS v.2.1Mon Aug 19 20:28:33 2019

%% The CATS webpage is http://robotics.stanford.edu/CATS

%% PARAMETER SETTINGS:
% Goods: 15; Bids: 600; Distribution: regions; Runs: 10; Seed: 1566264191
% Regions Distribution Parameters:
% Max Substitutable Bids = 5
% Removing HV Neighbor   = 0.1
% Adding DIAG Neighbor   = 0.2
% Additional Location    = 0.9
% Jump Probability       = 0.05
% Additivity             = 0.2
% Budget Factor          = 1.5
% Resale Factor          = 0.5
% Normal Private Value:
%   Mean                 = 0
%   Standard Deviation   = 30



goods 15
bids 603
dummy 195

0	128644	12	#
1	157724	11	#
2	871265	0	1	2	3	4	5	6	7	8	#
3	78444	3	#
4	333070	1	4	7	9	36	#
5	334219	0	1	3	6	36	#
6	363080	0	1	3	4	36	#
7	412850	3	6	7	8	16	#
8	366708	0	3	6	7	16	#
9	361552	6	7	8	13	16	#
10	340523	5	6	7	8	16	#
11	336402	4	5	7	8	16	#
12	360034	2	4	5	7	8	17	#
13	330107	4	5	6	7	8	17	#
14	308066	0	1	2	4	5	17	#
15	343393	1	2	4	6	7	18	#
16	410589	1	2	4	5	7	18	#
17	360558	1	4	5	6	7	18	#
18	344559	0	1	2	4	5	18	#
19	259411	0	3	4	6	7	18	#
20	357961	0	1	2	4	5	6	7	19	#
21	475516	1	3	4	5	6	7	8	19	#
22	471342	1	2	4	5	6	7	8	19	#
23	420857	0	1	4	5	6	7	8	19	#
24	397833	0	1	3	4	5	7	8	19	#
25	393659	0	1	2	4	5	7	8	19	#
26	499467	0	3	4	6	7	8	20	#
27	492134	0	1	3	4	6	7	20	#
28	447618	1	4	5	6	7	8	20	#
29	420471	0	1	2	4	7	8	20	#
30	367807	0	1	4	7	9	14	20	#
31	368911	3	6	7	13	36	#
32	576274	0	1	2	3	4	6	7	8	12	13	#
33	346844	0	3	6	7	36	#
34	615882	0	1	2	3	4	6	7	8	10	#
35	108751	0	1	4	#
36	190831	1	2	#
37	114514	9	#
38	262322	0	3	6	7	22	#
39	336559	3	4	6	7	22	#
40	312766	2	5	7	8	22	#
41	183656	0	1	3	6	22	#
42	468221	0	1	2	3	4	5	6	7	11	33	#
43	524568	0	1	2	3	4	5	7	8	11	33	#
44	649269	2	3	4	5	6	7	8	9	11	33	#
45	83740	13	#
46	271724	0	3	6	7	14	32	#
47	314333	0	4	5	7	8	32	#
48	378043	1	2	4	7	8	32	#
49	406416	4	5	6	7	8	32	#
50	402387	3	4	6	7	8	32	#
51	600377	0	1	2	3	4	5	7	8	13	31	#
52	628698	0	1	3	4	5	6	7	8	9	31	#
53	146898	5	#
54	99869	14	#
55	162475	10	#
56	650812	1	2	3	4	5	6	7	8	13	31	#
57	740052	1	2	3	4	5	6	7	8	12	25	#
58	680346	1	2	4	5	6	7	8	9	10	25	#
59	656674	0	1	2	3	4	5	6	8	11	25	#
60	638034	0	1	2	3	4	5	6	7	9	25	#
61	617931	0	1	2	4	5	6	7	8	10	25	#
62	131508	7	#
63	637729	0	1	2	4	5	6	7	8	14	201	#
64	259938	1	2	4	5	7	26	#
65	231289	0	1	3	6	7	26	#
66	711377	0	1	2	3	5	6	7	8	14	31	#
67	771350	1	2	3	4	5	6	7	8	11	27	#
68	743526	0	1	2	3	4	5	7	8	12	27	#
69	709063	0	1	2	3	4	5	7	8	10	27	#
70	706798	0	1	2	3	4	5	7	8	14	27	#
71	137936	6	9	28	#
72	118791	5	9	28	#
73	134141	6	#
74	263600	1	2	5	9	29	#
75	264662	3	6	9	13	29	#
76	264171	1	2	4	7	29	#
77	235049	2	4	5	8	29	#
78	234980	1	2	4	5	29	#
79	290742	0	1	3	4	11	30	#
80	341608	4	5	7	8	14	30	#
81	316443	1	2	4	5	11	30	#
82	283854	0	1	3	6	7	30	#
83	254462	0	1	3	4	6	30	#
84	510616	0	1	2	3	4	5	6	7	37	#
85	562529	1	2	3	4	5	6	7	8	37	#
86	491780	0	1	2	3	4	6	7	8	37	#
87	214071	12	13	38	#
88	215853	11	13	38	#
89	223723	12	14	#
90	306590	4	5	7	8	39	#
91	374057	5	6	7	8	39	#
92	307620	2	4	6	7	39	#
93	270310	2	4	5	7	39	#
94	561062	0	2	3	4	5	6	7	8	10	201	#
95	187773	9	10	40	#
96	191112	10	12	40	#
97	183841	9	11	40	#
98	680240	1	2	3	4	5	6	7	8	14	41	#
99	683886	0	1	3	4	5	6	7	8	11	41	#
100	319613	1	3	4	6	7	42	#
101	312701	0	3	6	7	8	42	#
102	276157	1	2	4	5	7	42	#
103	258679	2	3	4	6	7	42	#
104	239492	0	1	2	3	6	42	#
105	227506	0	1	2	4	7	42	#
106	754060	0	1	2	3	4	5	7	8	14	43	#
107	819551	0	1	2	3	4	5	6	7	9	43	#
108	332243	0	1	4	7	44	#
109	416935	2	4	6	7	44	#
110	378598	1	2	3	4	44	#
111	334528	0	3	6	7	44	#
112	386880	0	1	2	3	4	5	7	46	#
113	478696	2	3	4	5	6	7	8	46	#
114	449492	1	2	4	5	6	7	8	46	#
115	430990	1	2	3	4	5	6	7	46	#
116	419939	1	2	3	4	6	7	8	46	#
117	393378	0	1	2	3	4	5	6	46	#
118	296596	2	4	5	8	47	#
119	331133	1	2	4	5	47	#
120	274409	4	5	7	8	47	#
121	502944	0	1	2	3	4	5	6	7	9	50	#
122	561035	1	2	3	4	5	6	7	8	14	50	#
123	541519	0	1	2	3	4	5	7	8	9	50	#
124	450133	0	1	2	3	5	6	7	51	#
125	461575	1	2	4	5	6	7	14	51	#
126	443580	1	2	4	5	6	7	8	51	#
127	418451	0	2	3	5	6	7	8	51	#
128	353274	0	1	3	4	6	7	8	51	#
129	344432	0	1	2	3	4	5	10	51	#
130	361764	0	1	2	3	6	52	#
131	372664	1	2	4	5	8	52	#
132	334951	0	3	6	7	8	52	#
133	322854	0	1	3	6	7	52	#
134	315656	1	2	4	6	7	52	#
135	267718	0	1	2	4	7	52	#
136	132995	2	#
137	558439	0	1	2	4	5	6	7	8	9	53	#
138	659530	1	2	3	4	5	6	7	8	12	53	#
139	644140	0	1	2	3	4	5	7	8	10	53	#
140	602528	0	1	2	3	4	5	7	8	13	53	#
141	190301	0	1	3	54	#
142	265136	1	2	4	54	#
143	148702	0	4	7	54	#
144	980163	0	1	2	3	4	5	6	7	8	11	13	14	64	#
145	366038	4	5	6	7	9	10	55	#
146	496424	0	1	3	6	7	9	55	#
147	489223	0	3	5	6	7	8	55	#
148	443550	4	5	6	7	8	12	55	#
149	432817	0	1	2	4	5	8	55	#
150	418856	1	4	5	7	8	10	55	#
151	511703	0	1	2	4	5	6	7	56	#
152	572747	0	1	2	4	5	8	11	56	#
153	569320	0	1	3	5	6	7	8	56	#
154	569043	0	1	2	4	5	7	8	56	#
155	564192	0	1	2	3	4	5	7	56	#
156	558279	0	1	2	5	6	7	8	56	#
157	570436	1	2	3	4	5	6	7	8	13	#
158	246412	0	1	3	6	96	#
159	193498	4	7	14	59	#
160	213937	2	4	5	59	#
161	196781	3	6	7	59	#
162	476904	0	1	2	3	4	5	7	8	61	#
163	550677	0	2	3	4	6	7	11	12	61	#
164	504720	0	1	3	4	5	6	7	8	61	#
165	481205	0	2	3	4	5	6	7	8	61	#
166	466248	0	1	3	4	5	6	8	14	61	#
167	456995	0	2	3	4	5	6	7	13	61	#
168	880644	0	1	2	3	4	5	6	7	8	62	#
169	897799	0	1	2	3	4	5	7	8	9	62	#
170	848166	0	1	2	3	4	5	6	7	12	62	#
171	829655	0	1	2	3	4	5	8	11	13	62	#
172	577335	0	1	2	3	4	5	6	8	14	63	#
173	678533	0	1	2	3	4	5	7	8	10	63	#
174	988382	0	1	2	3	4	5	6	7	8	10	11	12	64	#
175	1015526	0	1	2	3	4	5	6	7	8	9	11	13	64	#
176	994921	0	1	2	3	4	5	6	7	8	9	13	14	64	#
177	987432	0	1	2	3	4	5	6	7	8	9	10	13	64	#
178	983341	0	1	2	3	4	5	6	7	8	12	13	14	64	#
179	216396	7	8	#
180	149212	4	7	65	#
181	145945	5	8	65	#
182	300474	0	4	5	6	7	8	147	#
183	144798	0	14	#
184	306252	0	1	2	4	5	7	147	#
185	159973	2	14	132	#
186	890462	0	1	2	3	4	5	6	7	8	10	11	12	#
187	146889	1	12	68	#
188	191719	5	12	68	#
189	90871	4	#
190	460899	0	1	2	4	5	6	7	8	13	69	#
191	494894	0	2	3	4	5	6	7	8	14	69	#
192	432281	1	2	4	5	8	71	#
193	391435	2	4	5	7	8	71	#
194	370573	1	2	4	5	7	71	#
195	364955	3	5	6	7	8	71	#
196	301935	0	1	3	4	7	71	#
197	506327	0	1	2	3	4	5	7	8	72	#
198	558223	1	2	3	4	5	6	7	8	72	#
199	541546	0	1	2	4	5	6	7	8	72	#
200	525679	0	1	2	3	4	6	7	8	72	#
201	522667	0	1	3	4	5	6	7	8	72	#
202	505681	0	1	2	3	4	5	6	7	72	#
203	616074	0	1	2	3	4	5	6	8	12	73	#
204	662726	0	1	2	3	4	5	8	9	13	73	#
205	629854	0	1	2	3	4	5	6	8	14	73	#
206	429159	3	4	7	8	9	11	75	#
207	472034	3	4	5	6	7	8	75	#
208	451506	2	3	4	6	7	8	75	#
209	405066	1	2	4	5	6	7	75	#
210	397961	1	2	4	5	7	11	75	#
211	373449	0	1	3	4	5	6	75	#
212	372072	3	4	5	6	7	8	76	#
213	378751	4	5	6	7	8	10	76	#
214	361831	1	2	4	5	7	8	76	#
215	330147	0	3	6	7	8	10	76	#
216	329404	1	2	4	6	7	8	76	#
217	458690	0	1	2	3	4	5	6	8	9	77	#
218	438055	0	1	2	3	4	5	6	8	14	77	#
219	406631	0	1	2	3	4	5	6	8	12	77	#
220	387738	1	2	3	4	5	6	7	8	9	77	#
221	380285	0	1	2	3	4	5	6	8	13	77	#
222	796634	1	2	3	4	5	6	7	8	9	14	78	#
223	843380	0	1	2	3	4	5	6	7	8	11	78	#
224	806900	0	1	2	3	4	5	6	7	8	9	78	#
225	803253	0	1	2	3	4	5	6	7	8	10	78	#
226	798093	0	1	2	3	4	5	6	7	8	14	78	#
227	462159	0	1	2	4	5	6	7	8	79	#
228	455474	0	1	2	3	4	5	7	8	79	#
229	438893	0	2	3	4	5	6	7	8	79	#
230	430821	0	1	2	3	4	6	7	8	79	#
231	164860	0	3	6	81	#
232	225904	0	1	3	81	#
233	656356	1	2	4	5	6	7	8	11	12	13	82	#
234	793953	0	1	2	3	4	5	6	7	8	9	82	#
235	779944	0	1	2	3	4	5	6	7	8	10	82	#
236	744488	0	1	2	3	4	5	6	7	8	11	82	#
237	715735	0	1	2	3	4	5	6	7	8	13	82	#
238	522075	0	1	2	3	4	5	7	8	83	#
239	538902	0	1	2	3	4	5	6	12	83	#
240	535664	1	2	3	4	5	6	7	8	83	#
241	482360	0	1	2	3	4	6	7	8	83	#
242	482117	0	1	2	3	4	5	6	7	83	#
243	444314	0	1	2	4	5	6	7	8	83	#
244	624025	0	1	2	4	5	7	8	13	84	#
245	719239	0	1	2	3	4	5	7	8	84	#
246	702208	0	1	2	3	4	5	6	7	84	#
247	698297	1	2	3	4	5	6	7	8	84	#
248	659630	0	1	2	4	5	7	8	12	84	#
249	639270	0	1	2	3	4	6	7	8	84	#
250	242732	3	6	7	13	85	#
251	325161	1	2	11	13	85	#
252	287283	1	4	7	8	85	#
253	222257	4	6	7	8	85	#
254	202511	0	1	3	4	85	#
255	614163	0	1	3	4	5	6	7	8	12	86	#
256	636786	0	1	2	3	4	5	7	8	11	86	#
257	232097	5	8	87	#
258	244110	2	5	87	#
259	202941	2	5	149	#
260	288649	5	7	8	88	#
261	324417	2	4	5	88	#
262	301781	3	6	7	88	#
263	675014	0	1	2	3	4	5	6	10	11	14	91	#
264	692027	0	1	2	3	4	5	6	7	8	9	91	#
265	884586	0	1	2	3	4	5	6	7	8	11	14	92	#
266	883518	0	1	3	4	5	6	7	8	10	11	14	92	#
267	876841	0	1	2	3	4	5	6	7	8	9	11	92	#
268	854895	0	1	2	3	4	5	6	7	8	11	12	92	#
269	843009	0	1	2	3	4	5	6	7	8	10	11	92	#
270	808634	0	1	2	3	4	5	6	7	8	9	10	92	#
271	443963	1	2	4	5	6	7	8	93	#
272	497296	0	1	3	4	6	7	8	93	#
273	483990	2	3	4	5	6	7	8	93	#
274	459110	0	3	4	5	6	7	8	93	#
275	444921	0	1	2	4	5	7	8	93	#
276	425125	1	2	4	5	7	13	14	93	#
277	247198	0	1	2	94	#
278	237940	0	1	3	94	#
279	211715	1	2	4	94	#
280	708755	0	1	2	3	4	5	7	8	12	13	194	#
281	658036	1	2	3	4	5	6	7	8	12	#
282	208015	0	1	3	4	96	#
283	296092	3	4	6	7	96	#
284	584186	0	1	2	3	4	6	7	13	98	#
285	639887	1	2	4	5	6	7	8	13	98	#
286	637240	0	1	2	3	4	5	7	8	98	#
287	605334	0	1	2	3	4	5	6	7	98	#
288	595089	0	1	2	4	5	6	7	8	98	#
289	594117	1	2	3	4	5	6	7	8	98	#
290	328360	3	6	7	13	99	#
291	308586	4	5	7	8	99	#
292	306763	6	7	8	13	99	#
293	280217	0	3	6	9	99	#
294	256214	1	4	6	7	99	#
295	322236	0	3	4	6	7	100	#
296	321332	4	5	6	7	8	100	#
297	320775	0	1	3	6	7	100	#
298	299772	0	1	2	3	4	100	#
299	298868	1	2	4	5	8	100	#
300	764548	1	2	4	5	6	7	8	11	13	14	#
301	552347	0	1	2	4	5	6	7	8	13	14	102	#
302	761602	1	2	3	4	5	6	7	8	12	14	102	#
303	593895	0	1	2	3	4	5	6	7	8	11	102	#
304	548982	0	1	2	3	4	6	7	10	14	161	#
305	354276	0	3	6	7	103	#
306	395345	3	6	7	8	103	#
307	353220	0	2	3	6	103	#
308	344913	0	1	3	6	103	#
309	269763	0	1	2	4	103	#
310	886018	0	1	2	3	4	5	6	7	8	13	14	166	#
311	175505	4	11	132	#
312	185540	13	14	105	#
313	176021	3	11	105	#
314	144215	8	#
315	303417	2	4	5	8	107	#
316	275536	4	5	7	10	107	#
317	272021	2	5	7	8	107	#
318	244716	0	1	2	4	107	#
319	584396	0	1	2	4	5	7	8	9	10	14	110	#
320	888960	0	1	2	3	4	5	6	7	8	11	12	166	#
321	593285	0	1	2	3	4	5	6	7	8	14	110	#
322	661747	0	2	3	4	5	6	7	8	10	111	#
323	798409	0	1	2	3	4	5	7	8	14	111	#
324	767724	0	1	2	4	5	6	7	8	9	111	#
325	460903	0	1	2	3	4	5	6	7	112	#
326	488706	0	1	2	3	6	7	8	11	112	#
327	458680	0	1	2	4	5	6	7	8	112	#
328	441866	0	1	2	4	5	7	8	13	112	#
329	423187	0	1	2	3	4	5	6	13	112	#
330	251169	2	4	5	8	113	#
331	254788	4	6	7	8	113	#
332	249824	2	4	5	7	113	#
333	242545	1	2	4	13	113	#
334	227916	5	8	149	#
335	157549	4	7	114	#
336	143477	5	8	114	#
337	467412	0	1	2	4	5	6	7	8	199	#
338	687799	0	1	2	3	4	5	8	9	10	11	194	#
339	166144	11	12	116	#
340	173557	11	14	132	#
341	143088	8	12	116	#
342	564261	0	1	2	3	4	5	8	13	117	#
343	613782	1	2	3	4	5	6	7	8	117	#
344	604286	0	1	2	3	4	5	7	8	117	#
345	583236	0	1	3	4	5	6	7	8	117	#
346	566014	0	1	2	4	5	6	7	8	117	#
347	562735	0	1	2	4	5	7	8	13	117	#
348	259930	2	4	5	8	118	#
349	361011	2	5	7	8	118	#
350	357746	5	6	7	8	118	#
351	313643	4	5	7	8	118	#
352	214880	1	2	4	5	118	#
353	296797	2	4	5	10	12	119	#
354	331535	2	4	5	7	8	119	#
355	320402	1	2	4	5	7	119	#
356	291690	4	5	6	7	8	119	#
357	172566	0	1	3	4	12	119	#
358	211602	0	1	3	4	6	7	147	#
359	383431	0	1	2	3	4	6	120	#
360	428775	0	1	2	3	6	7	120	#
361	407374	0	3	4	5	6	7	120	#
362	377520	1	2	4	5	7	8	120	#
363	367428	0	1	3	4	5	6	120	#
364	364009	0	1	3	4	6	7	120	#
365	114548	1	4	121	#
366	156176	5	8	121	#
367	682565	0	1	2	3	4	5	7	8	13	122	#
368	691997	0	1	2	3	4	5	6	7	12	122	#
369	237049	0	3	6	9	123	#
370	254548	0	1	2	3	123	#
371	239321	0	3	6	7	123	#
372	234761	3	4	6	7	123	#
373	215905	2	4	9	11	123	#
374	326009	4	5	7	8	9	13	124	#
375	435836	2	9	10	11	12	13	124	#
376	412159	2	3	4	6	7	8	124	#
377	384968	0	3	5	6	7	8	124	#
378	375812	1	2	4	6	7	8	124	#
379	313701	0	1	2	4	5	8	124	#
380	563434	0	1	2	4	5	6	7	8	125	#
381	626335	2	3	4	5	6	7	8	14	125	#
382	617285	1	2	3	4	5	6	7	8	125	#
383	557104	0	2	3	4	5	6	7	8	125	#
384	510525	0	1	2	3	4	5	6	7	125	#
385	246813	4	5	8	126	#
386	304080	5	7	8	126	#
387	275663	2	4	5	126	#
388	551015	2	3	4	5	6	7	8	127	#
389	539761	1	2	3	4	6	7	8	127	#
390	518856	0	1	3	4	5	6	7	127	#
391	506918	1	2	4	5	6	7	8	127	#
392	494812	0	1	2	3	4	5	7	127	#
393	485165	0	1	2	3	4	6	7	127	#
394	566034	1	2	4	5	6	7	8	10	12	129	#
395	551358	0	2	3	4	5	6	7	8	12	129	#
396	546188	0	1	2	3	4	5	6	7	8	129	#
397	540952	0	1	3	4	5	6	7	8	14	129	#
398	524481	0	1	2	3	4	5	7	8	9	129	#
399	518034	0	1	2	3	4	5	7	8	10	129	#
400	319080	0	1	3	4	6	7	173	#
401	215494	4	7	134	#
402	163094	1	4	134	#
403	564849	0	1	3	4	5	6	7	8	135	#
404	619858	1	2	3	4	5	6	7	8	135	#
405	613863	0	1	2	3	4	6	7	8	135	#
406	557678	0	1	2	4	5	7	8	9	135	#
407	541017	0	1	2	3	4	5	7	8	135	#
408	466117	0	1	2	4	5	6	7	8	136	#
409	528171	1	2	4	5	6	7	8	11	136	#
410	489619	0	1	2	3	4	5	7	8	136	#
411	448913	0	2	3	4	5	6	7	8	136	#
412	404650	0	1	2	3	4	6	7	8	136	#
413	657442	1	2	3	4	5	6	7	8	13	137	#
414	788114	0	1	2	3	4	5	7	8	9	137	#
415	282157	0	1	2	5	138	#
416	330230	2	5	7	8	138	#
417	313558	1	2	4	5	138	#
418	274871	0	1	2	4	138	#
419	717759	0	1	2	3	5	6	7	8	9	14	#
420	539902	0	1	2	3	5	6	7	8	140	#
421	529254	1	2	3	4	5	6	7	8	140	#
422	516112	0	1	2	3	4	5	7	8	140	#
423	474791	0	1	2	3	4	5	6	7	140	#
424	450689	0	1	2	3	4	6	7	8	140	#
425	401695	0	1	3	4	6	7	8	11	140	#
426	317274	3	6	7	141	#
427	242210	4	7	8	141	#
428	220969	0	3	6	141	#
429	240518	5	6	7	8	142	#
430	190446	2	4	6	7	142	#
431	273462	0	1	2	3	4	5	147	#
432	216927	4	5	7	143	#
433	221456	4	5	8	143	#
434	188026	4	5	6	143	#
435	170983	4	6	7	143	#
436	551541	0	1	2	3	4	5	6	7	8	161	#
437	705314	0	1	2	3	4	5	6	8	11	12	#
438	571786	0	1	2	3	4	5	7	8	13	#
439	491574	0	1	2	4	5	6	7	8	10	146	#
440	588904	0	1	2	3	4	5	6	7	8	146	#
441	460161	0	1	2	4	5	6	7	8	13	146	#
442	451670	0	1	2	4	5	6	7	10	14	146	#
443	474485	0	2	3	4	5	6	7	8	199	#
444	196895	1	2	4	153	#
445	105713	0	1	3	153	#
446	397298	2	3	4	5	6	7	8	154	#
447	480911	1	2	4	5	6	7	8	154	#
448	470421	0	1	2	4	5	6	7	154	#
449	417216	1	2	3	4	6	7	8	154	#
450	414697	0	1	2	4	5	7	8	154	#
451	406726	0	1	2	3	4	6	7	154	#
452	462721	2	4	5	6	7	8	155	#
453	471636	0	1	2	4	5	7	155	#
454	468565	1	2	4	5	7	8	155	#
455	440434	0	1	2	4	5	8	155	#
456	380227	0	1	2	4	6	7	155	#
457	476265	1	2	4	5	7	8	156	#
458	471881	2	3	5	6	7	8	156	#
459	430244	1	2	4	5	6	7	156	#
460	331129	0	1	2	4	5	7	156	#
461	305434	0	1	4	6	7	12	156	#
462	148797	2	4	5	7	#
463	530229	0	1	2	3	5	6	7	10	199	#
464	253219	0	1	2	4	5	7	158	#
465	302130	1	2	4	5	6	7	158	#
466	286956	1	2	4	5	7	8	158	#
467	243822	0	1	2	4	7	8	158	#
468	564124	1	2	3	4	5	6	7	8	199	#
469	149551	4	5	13	#
470	741437	1	2	3	4	5	6	7	8	10	#
471	622411	0	1	2	3	4	5	7	10	11	161	#
472	590061	0	1	2	3	4	5	7	8	11	161	#
473	564950	0	1	2	3	4	6	7	8	11	161	#
474	68775	1	#
475	403189	1	2	4	5	8	162	#
476	428954	2	4	5	7	8	162	#
477	370700	4	5	7	8	13	162	#
478	318697	1	2	4	5	12	162	#
479	168908	0	3	6	7	#
480	643082	0	1	2	3	4	5	6	7	12	#
481	884110	0	1	2	3	4	5	6	7	8	12	14	166	#
482	907809	0	1	2	3	4	5	7	8	11	13	14	166	#
483	893581	0	1	2	3	4	5	6	7	8	9	12	166	#
484	890868	0	1	2	3	4	5	6	7	8	11	13	166	#
485	326408	2	4	7	13	169	#
486	300746	2	4	6	7	169	#
487	271736	1	2	4	5	169	#
488	270963	1	2	4	7	169	#
489	214310	4	12	13	14	169	#
490	483117	1	2	4	5	7	8	170	#
491	483285	0	1	2	3	4	5	170	#
492	471861	2	4	5	7	8	13	170	#
493	455757	0	1	2	4	5	7	170	#
494	398082	1	3	4	5	6	8	170	#
495	388879	0	1	2	4	5	8	171	#
496	467260	2	4	5	6	7	9	171	#
497	440510	1	2	4	5	7	8	171	#
498	408243	0	1	2	4	5	7	171	#
499	380846	0	1	2	4	5	6	171	#
500	334521	0	1	3	6	7	8	171	#
501	138689	6	7	#
502	548445	2	4	5	6	7	8	173	#
503	557547	1	2	3	4	5	8	173	#
504	544340	1	2	4	5	7	8	173	#
505	466934	0	1	2	4	5	8	173	#
506	112053	1	4	174	#
507	107323	2	4	174	#
508	418654	0	1	3	4	6	7	8	10	14	175	#
509	527692	0	1	2	4	5	6	7	8	11	175	#
510	433712	0	1	2	4	5	6	7	8	10	175	#
511	199240	0	1	3	176	#
512	188539	3	6	7	176	#
513	134385	0	3	6	176	#
514	640689	2	4	5	6	7	8	10	14	199	#
515	175313	1	14	177	#
516	158533	2	4	177	#
517	53539	0	#
518	120296	13	14	178	#
519	160498	3	13	178	#
520	126613	10	14	178	#
521	525827	0	1	2	4	5	7	8	11	13	14	179	#
522	596317	0	1	2	3	4	5	6	7	8	11	179	#
523	561125	0	1	2	3	4	5	6	7	8	10	179	#
524	420483	0	1	2	3	7	8	180	#
525	376648	0	1	3	6	7	8	180	#
526	362965	0	3	5	6	7	8	180	#
527	361572	1	2	4	5	7	8	180	#
528	358142	2	3	4	6	7	8	180	#
529	328611	2	4	5	6	7	8	180	#
530	639495	0	1	2	4	5	6	7	8	12	181	#
531	732568	2	3	4	5	6	7	8	10	13	181	#
532	694938	0	2	3	4	6	7	8	11	13	181	#
533	542821	0	1	2	3	4	5	7	8	9	182	#
534	685609	1	2	3	4	5	6	7	8	12	182	#
535	440663	2	4	5	7	8	183	#
536	457169	2	4	5	6	7	183	#
537	391478	2	3	4	6	7	183	#
538	332463	3	6	7	8	13	183	#
539	306980	0	1	3	4	5	183	#
540	178958	9	14	185	#
541	194662	2	14	185	#
542	152447	7	9	185	#
543	611331	1	3	4	5	6	7	8	13	14	#
544	157610	3	6	188	#
545	166852	0	3	188	#
546	526445	0	1	2	3	4	5	6	8	13	189	#
547	673596	1	3	4	5	6	7	8	9	14	189	#
548	655735	0	1	3	4	5	6	7	8	14	191	#
549	693740	0	1	2	3	4	5	7	8	9	191	#
550	568043	0	1	2	4	5	6	7	9	12	192	#
551	626668	1	2	3	4	5	6	7	8	11	192	#
552	606100	0	1	2	3	4	5	6	7	9	192	#
553	591912	0	1	3	4	5	6	7	8	11	192	#
554	205216	0	1	2	4	5	193	#
555	225745	0	1	2	5	8	193	#
556	212461	4	5	6	7	8	193	#
557	451277	4	5	6	7	9	12	195	#
558	502572	2	4	5	7	8	9	195	#
559	467123	2	3	4	5	6	7	195	#
560	464890	2	4	5	6	7	8	195	#
561	449778	3	4	6	7	9	12	195	#
562	416359	0	1	2	4	7	14	195	#
563	620549	0	2	3	4	5	6	7	8	196	#
564	640884	0	1	2	3	5	6	7	8	196	#
565	578677	1	2	4	5	6	7	8	11	196	#
566	575940	0	1	2	4	5	7	8	10	196	#
567	568770	0	1	2	3	4	5	7	8	196	#
568	560799	0	1	2	4	5	6	7	8	196	#
569	473138	0	1	2	3	4	5	6	198	#
570	485329	1	2	3	4	5	6	7	198	#
571	479050	0	1	2	3	4	5	8	198	#
572	452633	0	1	2	3	4	5	7	198	#
573	434352	0	1	3	4	6	7	8	198	#
574	417644	0	1	2	3	4	6	7	198	#
575	500830	0	3	4	5	6	7	8	14	199	#
576	371095	2	4	5	8	202	#
577	379862	4	5	7	8	202	#
578	313243	1	2	4	7	202	#
579	258353	1	2	4	13	203	#
580	219253	1	2	4	5	203	#
581	206453	0	1	2	4	203	#
582	149620	4	5	6	7	203	#
583	140343	5	8	12	13	203	#
584	140126	3	6	204	#
585	90072	0	3	204	#
586	72014	0	6	204	#
587	617762	0	1	2	4	5	6	7	8	9	205	#
588	635040	0	1	2	3	4	5	6	7	9	205	#
589	642590	1	2	4	5	6	7	8	9	14	206	#
590	693988	0	1	2	3	4	5	7	8	9	206	#
591	196281	0	1	10	207	#
592	196972	0	1	3	207	#
593	189457	0	1	2	207	#
594	173178	6	10	12	207	#
595	523544	0	1	2	4	5	6	7	8	14	208	#
596	633513	1	3	4	5	6	7	8	9	11	208	#
597	264349	1	2	4	7	8	209	#
598	321538	2	5	6	7	8	209	#
599	296947	0	1	2	4	5	209	#
600	294980	2	4	5	7	8	209	#
601	294611	0	1	2	3	4	209	#
602	287494	4	5	6	7	8	209	#
