%% File generated by CATS v.2.1Mon Aug 19 18:51:10 2019

%% The CATS webpage is http://robotics.stanford.edu/CATS

%% PARAMETER SETTINGS:
% Goods: 20; Bids: 1600; Distribution: regions-upv; Runs: 10; Seed: 1566246924
% Regions Distribution Parameters:
% Max Substitutable Bids = 5
% Removing HV Neighbor   = 0.1
% Adding DIAG Neighbor   = 0.2
% Additional Location    = 0.9
% Jump Probability       = 0.05
% Additivity             = 0.2
% Budget Factor          = 1.5
% Resale Factor          = 0.5
% Uniform Private Value:
%   Deviation            = 0.5
%   Max Good Value       = 100



goods 20
bids 1602
dummy 328

0	797231	0	1	2	3	4	5	6	7	8	9	10	11	12	13	14	15	20	#
1	846622	0	1	2	3	4	5	6	7	8	9	11	12	13	14	15	17	20	#
2	817587	0	1	2	3	4	5	7	8	9	10	11	12	13	14	15	17	20	#
3	812879	0	1	2	4	5	6	8	9	10	11	12	13	14	15	17	19	20	#
4	808594	1	2	3	4	5	6	7	8	9	10	11	12	13	14	15	16	20	#
5	793809	1	2	3	4	5	6	7	8	9	10	11	12	13	14	15	17	20	#
6	667496	1	2	3	4	5	6	7	8	9	11	13	14	15	21	#
7	755373	0	2	3	4	5	6	7	8	9	11	13	14	15	21	#
8	735770	0	2	3	4	5	6	7	9	10	11	13	14	15	21	#
9	732284	0	1	2	3	5	6	7	8	9	11	13	14	15	21	#
10	702730	0	1	2	3	4	5	6	7	8	9	11	13	15	21	#
11	646594	1	2	3	5	6	7	8	9	10	11	13	14	15	21	#
12	1007435	0	1	2	3	4	5	6	7	8	9	10	11	12	13	14	15	18	19	22	#
13	1039564	0	1	2	3	4	5	6	7	8	9	10	11	12	13	14	15	16	19	22	#
14	1006149	0	1	2	3	4	5	6	7	8	9	10	11	12	13	14	15	16	17	22	#
15	974020	0	1	2	3	4	5	6	7	8	9	10	11	12	13	14	15	17	18	22	#
16	973977	0	1	2	3	4	5	6	7	8	9	10	11	12	13	14	15	17	19	22	#
17	33288	1	#
18	134730	9	#
19	758767	1	2	3	4	5	6	7	8	9	10	13	14	15	23	#
20	725791	0	1	2	3	4	5	6	7	8	9	10	13	14	23	#
21	724348	0	2	3	4	5	6	7	8	9	10	13	14	15	23	#
22	705650	1	2	3	5	6	7	8	9	10	11	13	14	15	23	#
23	699823	1	2	3	4	5	6	8	9	10	12	13	14	15	23	#
24	688939	1	2	3	4	6	7	8	9	10	11	13	14	15	23	#
25	72714	17	#
26	972411	0	1	2	3	4	5	6	7	8	9	10	12	13	14	15	16	24	#
27	974259	0	1	2	3	4	5	6	7	8	9	10	11	13	14	16	18	24	#
28	880773	0	1	2	4	5	6	7	8	9	10	11	12	13	14	15	16	24	#
29	857622	0	1	2	3	4	5	6	7	8	9	10	11	13	14	15	19	24	#
30	853216	0	1	2	3	4	5	6	7	8	9	10	11	12	13	14	15	24	#
31	806285	1	2	3	4	5	6	7	8	9	10	11	12	13	14	15	18	24	#
32	572086	1	2	5	6	7	8	9	10	11	12	25	#
33	666953	4	5	6	7	8	9	10	11	15	16	25	#
34	629827	2	5	6	7	8	9	10	11	13	15	25	#
35	629198	0	2	4	5	6	7	8	9	10	11	25	#
36	608797	1	2	4	5	6	7	8	9	10	13	25	#
37	600472	1	2	4	5	6	7	8	9	10	11	25	#
38	360872	0	1	2	3	4	5	7	26	#
39	479854	0	1	4	5	6	7	9	26	#
40	435286	1	2	3	5	6	7	9	26	#
41	388564	0	1	4	5	6	9	10	26	#
42	387753	0	1	4	5	6	7	12	26	#
43	383695	1	2	3	6	7	10	11	26	#
44	97103	18	#
45	91209	19	#
46	331718	1	2	3	5	7	27	#
47	411001	2	3	5	6	7	27	#
48	358474	1	5	6	9	13	27	#
49	302224	1	2	3	5	14	27	#
50	278294	2	3	7	10	11	27	#
51	112280	16	#
52	69395	2	#
53	951009	0	4	6	7	8	9	10	11	12	13	14	15	16	19	28	#
54	981961	0	1	2	3	4	6	7	8	9	10	12	13	14	15	28	#
55	960580	0	4	5	6	7	8	9	10	12	13	14	15	16	19	28	#
56	935669	1	2	3	4	5	6	7	8	9	10	13	14	15	19	28	#
57	909170	1	2	3	4	6	7	8	9	10	11	12	13	14	18	28	#
58	889159	0	1	2	3	4	5	7	8	9	10	12	13	14	15	28	#
59	655937	0	2	4	5	6	7	9	11	15	29	#
60	627282	0	4	5	6	7	9	10	11	15	29	#
61	600541	4	6	7	8	10	11	13	14	15	29	#
62	600376	2	6	7	10	11	13	14	15	19	29	#
63	550497	0	4	5	6	7	8	9	10	11	29	#
64	541068	0	2	4	5	6	7	8	9	13	29	#
65	167851	0	4	#
66	69633	8	#
67	645500	6	7	9	10	11	13	14	15	31	#
68	647405	3	6	7	9	10	11	13	15	31	#
69	637301	2	6	7	9	10	11	13	15	31	#
70	577016	6	8	9	10	11	13	14	15	31	#
71	570160	0	6	8	9	10	11	13	15	31	#
72	498763	2	7	8	9	10	11	12	15	31	#
73	263648	5	6	7	32	#
74	239761	2	6	7	32	#
75	193505	5	9	13	32	#
76	185407	7	10	11	32	#
77	773653	0	1	2	3	4	5	6	7	8	9	10	11	12	13	14	15	19	33	#
78	874410	0	1	2	3	4	5	6	7	8	9	10	11	13	14	15	18	19	33	#
79	852842	0	1	2	3	4	5	6	7	8	9	10	11	12	13	14	15	16	33	#
80	831195	0	1	2	3	4	5	6	7	8	9	10	11	12	13	14	15	18	33	#
81	738656	0	1	2	3	4	5	6	7	8	9	10	11	12	13	14	15	17	33	#
82	593151	6	7	8	9	10	11	13	14	15	34	#
83	628809	3	7	8	9	10	11	13	14	15	34	#
84	610716	2	3	6	7	9	10	11	14	15	34	#
85	600013	1	2	3	6	7	9	10	11	15	34	#
86	557911	4	6	7	8	9	10	11	13	14	34	#
87	543474	0	1	4	5	6	8	9	10	12	34	#
88	890512	0	1	2	3	4	5	6	7	8	9	10	11	12	13	14	15	16	17	35	#
89	1001448	0	1	2	3	4	5	6	7	8	9	10	11	12	13	14	15	18	19	35	#
90	952255	0	1	2	3	4	5	6	7	8	9	10	11	12	13	14	15	17	19	35	#
91	939705	0	1	2	3	4	5	6	7	8	9	10	11	12	13	14	15	16	18	35	#
92	910419	0	1	2	3	4	5	6	7	8	9	10	11	12	13	14	15	17	18	35	#
93	1036847	0	1	2	3	4	5	6	7	8	9	10	11	12	13	14	15	36	#
94	1113694	0	1	2	3	4	5	6	7	8	9	10	11	12	14	15	16	36	#
95	1081045	0	2	3	4	5	6	7	8	9	10	11	12	13	14	15	19	36	#
96	1078147	0	1	2	3	4	5	6	7	8	9	10	11	12	14	15	19	36	#
97	1070854	0	1	2	3	4	5	6	7	8	9	10	11	13	14	15	16	36	#
98	1029626	1	2	3	4	5	6	7	8	9	10	11	12	13	14	15	19	36	#
99	466473	5	8	9	10	11	13	14	15	37	#
100	448421	3	4	7	8	9	10	11	15	37	#
101	445712	5	6	7	8	9	10	11	15	37	#
102	444615	3	4	5	8	9	10	11	13	37	#
103	424367	2	3	7	10	11	13	14	15	37	#
104	398429	4	8	9	10	11	12	13	14	37	#
105	738132	0	1	2	3	4	5	6	7	8	9	10	11	12	13	14	15	17	38	#
106	824766	0	1	2	3	4	5	6	7	8	9	10	11	12	13	14	15	19	38	#
107	798641	0	1	2	3	4	5	6	7	8	9	10	11	12	13	14	15	18	38	#
108	788491	0	1	2	3	4	5	6	7	8	9	10	11	12	13	14	15	16	38	#
109	496754	0	1	2	5	6	8	9	39	#
110	488404	1	2	3	5	6	7	9	39	#
111	443993	0	1	2	3	4	5	9	39	#
112	423110	1	4	5	8	9	13	14	39	#
113	415465	1	2	3	5	6	7	19	39	#
114	408893	0	1	4	5	8	9	12	39	#
115	217638	3	7	40	#
116	149694	7	11	40	#
117	771380	1	2	3	4	5	6	7	8	9	10	11	41	#
118	868446	0	2	4	5	6	7	9	10	11	14	15	41	#
119	854217	2	3	4	5	6	7	9	10	11	14	15	41	#
120	847851	0	1	2	4	5	6	7	9	10	11	14	41	#
121	810621	1	2	3	4	5	6	7	9	10	11	15	41	#
122	789797	3	4	5	6	7	9	10	11	13	14	15	41	#
123	599635	0	1	2	3	4	5	8	9	10	11	12	13	14	42	#
124	741116	1	2	3	4	5	7	9	10	11	13	14	15	16	42	#
125	724197	1	2	4	5	7	9	10	11	13	14	15	17	18	42	#
126	708909	0	1	2	3	4	5	6	7	9	10	11	13	14	42	#
127	705973	0	1	2	3	4	5	7	8	9	10	12	13	14	42	#
128	695792	0	1	2	3	4	5	7	9	10	11	13	14	15	42	#
129	171949	0	4	5	43	#
130	238054	0	7	12	43	#
131	197748	4	5	6	43	#
132	74416	10	#
133	143631	16	17	44	#
134	157828	7	16	44	#
135	142120	3	17	44	#
136	502859	0	2	3	5	7	9	10	11	15	45	#
137	611553	1	2	4	5	6	7	8	9	12	45	#
138	585893	4	5	6	8	9	10	11	12	13	45	#
139	577401	1	2	3	4	5	6	7	9	10	45	#
140	553845	1	2	3	4	5	6	7	8	12	45	#
141	531532	2	6	7	9	10	11	13	14	15	45	#
142	460514	2	7	9	10	11	13	14	15	46	#
143	565879	0	4	5	9	10	13	14	15	46	#
144	502361	1	2	5	9	10	13	14	15	46	#
145	492610	1	2	3	7	11	13	14	15	46	#
146	474078	4	5	8	9	11	13	14	15	46	#
147	458514	3	5	6	7	10	11	14	15	46	#
148	655596	1	2	3	4	5	7	8	9	10	11	12	13	14	15	47	#
149	772329	0	2	3	4	5	7	8	10	11	13	14	15	16	19	47	#
150	744606	1	2	3	4	5	6	7	8	10	11	13	14	15	16	47	#
151	732358	0	1	2	3	4	5	7	9	10	11	13	14	15	19	47	#
152	717878	0	2	3	4	5	6	7	9	10	11	12	13	14	15	47	#
153	696941	1	2	3	4	5	7	8	9	10	11	13	14	15	18	47	#
154	392295	1	2	5	6	7	10	11	48	#
155	586999	6	9	10	11	13	14	15	48	#
156	586724	5	6	7	8	9	10	13	48	#
157	562092	6	8	9	10	11	14	15	48	#
158	549045	1	2	5	6	7	8	9	48	#
159	521654	1	2	5	6	8	9	13	48	#
160	447138	0	1	2	3	4	5	6	7	8	12	49	#
161	599311	1	2	3	4	5	6	7	9	13	16	49	#
162	590116	0	1	2	4	5	6	7	8	9	16	49	#
163	564559	0	1	2	3	4	5	6	7	8	9	49	#
164	563340	0	2	3	4	5	6	7	8	9	12	49	#
165	517313	0	2	4	5	6	7	8	9	12	13	49	#
166	496154	2	3	6	7	10	11	14	15	50	#
167	564291	3	6	7	10	11	13	14	15	50	#
168	539353	2	4	5	6	7	11	14	15	50	#
169	522885	3	5	6	7	9	10	13	14	50	#
170	503124	0	2	4	5	6	7	10	11	50	#
171	486908	2	3	6	7	11	14	15	17	50	#
172	60782	6	#
173	300593	1	5	6	7	10	14	51	#
174	364862	6	7	10	11	14	15	51	#
175	330934	6	10	11	13	14	15	51	#
176	309935	5	6	7	10	11	15	51	#
177	288236	1	5	6	7	9	10	51	#
178	275295	5	6	7	10	11	14	51	#
179	939284	1	2	3	4	5	6	7	8	9	10	11	13	14	15	16	18	19	52	#
180	959113	0	1	2	4	5	6	7	8	9	10	11	12	13	14	15	17	18	52	#
181	941095	0	1	2	3	4	5	6	7	8	9	10	11	12	13	14	15	16	52	#
182	915851	0	1	2	3	4	5	6	7	8	9	10	11	12	13	14	15	18	52	#
183	913293	0	1	2	3	4	5	6	7	8	9	10	11	12	13	14	15	19	52	#
184	904023	0	1	2	3	4	5	6	7	8	9	10	11	12	13	14	15	17	52	#
185	260568	6	10	11	14	15	53	#
186	351771	6	9	10	11	15	53	#
187	290784	9	10	11	14	15	53	#
188	221864	10	11	12	14	15	53	#
189	206772	1	2	4	5	6	53	#
190	543676	1	2	3	7	9	10	11	13	14	15	54	#
191	633720	0	1	5	6	7	8	9	10	11	15	54	#
192	594817	3	5	7	8	9	10	11	13	14	15	54	#
193	590528	3	6	7	9	10	11	13	14	15	16	54	#
194	569610	3	7	8	9	10	11	13	14	15	19	54	#
195	561411	1	2	3	5	7	9	10	11	13	15	54	#
196	864217	0	1	2	3	4	5	6	7	8	9	10	11	13	14	15	55	#
197	932532	0	1	2	3	4	5	6	7	8	9	10	11	14	15	16	55	#
198	905288	0	1	2	3	4	5	6	7	8	9	10	11	13	15	16	55	#
199	850895	0	1	2	3	4	5	6	7	8	9	10	11	12	14	15	55	#
200	825898	0	1	2	3	4	5	6	7	8	9	10	11	12	15	17	55	#
201	825633	1	2	3	4	5	6	7	8	9	10	11	13	14	15	16	55	#
202	605650	3	5	6	7	9	10	11	13	14	15	56	#
203	653736	0	3	4	5	6	7	9	10	11	15	56	#
204	596964	4	5	6	7	8	9	10	11	13	15	56	#
205	594727	0	4	5	6	7	10	11	13	14	15	56	#
206	570640	0	3	4	5	6	7	8	9	10	13	56	#
207	565313	5	6	7	8	9	10	11	13	14	15	56	#
208	716225	0	1	2	3	4	5	6	7	8	9	10	11	12	13	14	15	57	#
209	780550	1	2	3	4	5	6	7	8	9	10	11	12	13	14	15	18	57	#
210	770280	1	2	3	4	5	6	7	8	9	10	11	12	13	14	15	19	57	#
211	770175	1	2	4	5	6	7	8	9	10	11	12	13	14	15	18	19	57	#
212	749008	1	2	3	4	5	6	7	8	9	10	11	12	13	14	15	16	57	#
213	748577	0	1	2	3	4	5	6	7	8	9	10	11	12	13	15	18	57	#
214	197936	5	6	17	58	#
215	177623	4	5	6	58	#
216	165820	5	6	10	58	#
217	892317	0	1	2	3	4	5	6	7	8	9	10	12	13	14	15	59	#
218	864106	0	1	2	3	4	5	6	7	8	9	10	11	12	13	14	59	#
219	820751	0	2	3	4	5	6	7	8	9	10	11	12	13	14	19	59	#
220	789269	1	2	3	4	5	6	7	8	9	10	11	13	14	15	18	59	#
221	786974	0	1	2	4	5	6	7	8	9	10	11	12	13	14	17	59	#
222	561566	2	3	5	6	7	9	10	13	14	60	#
223	625575	0	2	3	4	5	6	7	9	11	60	#
224	521618	2	3	6	7	9	10	11	14	15	60	#
225	516213	5	6	7	9	10	11	13	14	15	60	#
226	504564	2	3	7	9	10	11	13	14	15	60	#
227	478037	2	3	6	7	10	11	13	14	15	60	#
228	1010287	0	1	2	3	4	5	6	7	8	9	10	11	12	13	14	15	18	61	#
229	988416	0	1	2	3	4	5	6	7	8	9	10	11	12	13	14	15	19	61	#
230	988051	0	1	2	3	4	5	6	7	8	9	10	11	12	13	14	15	16	61	#
231	945790	0	1	2	3	4	5	6	7	8	9	10	11	12	13	14	15	17	61	#
232	818693	0	1	2	3	4	5	6	7	8	9	10	11	12	13	14	15	62	#
233	819175	1	2	3	4	5	6	7	8	9	10	11	12	13	14	15	18	62	#
234	794824	1	2	3	4	5	6	7	8	9	10	11	12	13	14	15	19	62	#
235	776481	0	1	2	3	4	5	6	7	8	9	10	11	12	13	14	18	62	#
236	292727	5	6	7	63	#
237	295850	5	6	9	63	#
238	280042	3	6	7	63	#
239	181960	1	5	6	63	#
240	753423	0	1	2	3	4	6	7	8	9	10	11	12	13	14	15	18	65	#
241	795468	0	1	3	4	5	6	7	8	9	10	11	12	13	15	16	19	65	#
242	790540	1	2	3	4	5	6	7	8	9	10	11	12	13	14	15	16	65	#
243	737903	1	2	3	4	5	6	7	8	9	10	11	12	13	14	15	18	65	#
244	692557	1	2	3	4	5	6	7	8	9	10	11	12	13	14	15	17	65	#
245	687156	0	1	2	3	4	5	6	7	8	9	10	11	12	13	14	15	65	#
246	135098	11	15	#
247	192870	9	13	15	66	#
248	136466	9	10	11	66	#
249	119979	6	10	11	66	#
250	696319	0	1	2	3	4	5	6	7	8	9	10	11	12	13	14	15	18	67	#
251	742666	0	1	2	3	4	5	6	7	8	9	10	11	12	13	14	15	19	67	#
252	705617	0	1	2	3	4	5	6	7	8	9	10	11	12	13	14	15	16	67	#
253	670120	0	1	2	3	4	5	6	7	8	9	10	11	12	13	14	15	17	67	#
254	517574	1	2	3	5	6	7	8	9	13	68	#
255	613371	2	3	4	5	6	7	8	9	12	68	#
256	601254	2	3	5	6	7	8	9	10	11	68	#
257	599813	2	5	6	7	8	9	10	12	14	68	#
258	564919	1	2	3	5	6	7	8	9	11	68	#
259	539895	1	2	3	5	6	7	9	10	11	68	#
260	234808	7	10	11	13	14	15	254	#
261	348183	0	2	3	6	7	10	319	#
262	35702	5	#
263	309626	7	10	11	14	15	70	#
264	365965	6	7	10	11	15	70	#
265	332902	7	11	13	14	15	70	#
266	306735	5	6	10	13	14	70	#
267	290059	2	3	7	10	11	70	#
268	197616	1	5	6	10	19	70	#
269	426104	1	2	3	4	5	6	7	10	14	15	71	#
270	556340	2	3	5	6	7	9	10	13	14	15	71	#
271	505628	2	3	6	7	9	10	11	13	14	15	71	#
272	496101	2	5	6	7	9	10	11	13	14	15	71	#
273	493992	2	3	5	6	7	9	10	11	13	14	71	#
274	446030	2	3	6	7	10	11	12	13	14	15	71	#
275	606667	0	4	6	8	9	10	11	12	13	72	#
276	613441	0	4	5	6	8	9	10	11	13	72	#
277	593853	4	5	6	9	10	11	13	14	15	72	#
278	578234	5	6	7	8	9	10	11	13	15	72	#
279	575788	0	4	5	6	8	9	10	12	13	72	#
280	562823	2	6	7	8	9	10	11	13	15	72	#
281	282031	2	3	6	7	73	#
282	212112	1	2	3	7	73	#
283	175342	4	6	7	10	73	#
284	766384	0	1	2	3	4	5	6	7	8	9	10	11	12	13	14	15	17	74	#
285	873203	0	1	2	3	4	5	6	7	8	9	10	11	12	13	14	15	16	74	#
286	806351	0	1	2	3	4	6	7	8	9	10	11	12	13	14	15	17	19	74	#
287	793496	0	1	2	3	4	5	6	7	8	9	10	11	12	13	14	15	19	74	#
288	777127	0	1	2	4	5	6	7	8	9	10	11	12	13	14	15	17	18	74	#
289	770320	0	1	2	3	4	5	6	7	8	9	10	11	12	13	14	15	18	74	#
290	903551	0	1	2	3	4	5	6	7	8	9	10	11	12	13	14	15	17	18	75	#
291	947485	0	1	2	3	4	5	6	7	8	9	10	11	12	13	14	15	16	18	75	#
292	943242	0	1	2	3	4	5	6	7	8	9	10	12	13	14	15	16	17	18	75	#
293	929762	0	1	2	3	4	5	6	7	8	9	10	11	12	13	14	15	18	19	75	#
294	875063	0	1	2	3	4	5	6	7	8	9	10	11	12	13	14	15	16	19	75	#
295	848852	0	1	2	3	4	5	6	7	8	9	10	11	12	13	14	15	16	17	75	#
296	706488	0	1	2	3	4	5	6	7	8	9	10	11	12	13	14	15	76	#
297	760857	0	1	2	3	4	5	6	7	8	9	11	12	13	14	15	18	76	#
298	675522	1	2	3	4	5	6	7	8	9	10	11	12	13	14	15	18	76	#
299	817813	1	4	5	6	7	9	10	11	14	15	18	19	77	#
300	862201	0	3	4	5	6	7	9	10	11	13	14	15	77	#
301	832891	0	2	3	4	5	6	7	9	10	11	14	15	77	#
302	825685	1	3	4	5	6	7	8	9	10	11	14	15	77	#
303	813900	2	3	4	5	6	7	8	9	10	11	14	15	77	#
304	804573	0	4	5	6	7	8	9	10	11	13	14	18	77	#
305	269761	10	11	14	15	78	#
306	318319	3	6	7	10	78	#
307	314340	11	13	14	15	78	#
308	306126	6	10	13	14	78	#
309	293793	6	7	10	11	78	#
310	578744	1	2	3	4	5	6	7	9	10	11	79	#
311	646165	2	3	5	6	7	9	11	12	14	15	79	#
312	637468	1	2	3	5	7	9	11	13	14	15	79	#
313	616959	1	2	3	5	6	7	9	10	11	19	79	#
314	614641	1	2	3	4	5	6	7	8	9	11	79	#
315	612154	1	2	3	5	6	7	9	10	11	13	79	#
316	490467	3	6	7	11	15	80	#
317	400956	5	6	11	14	15	80	#
318	400345	6	7	10	11	15	80	#
319	376114	2	3	6	7	11	80	#
320	366774	2	3	7	11	15	80	#
321	344317	9	11	13	14	15	80	#
322	831974	0	1	2	3	4	5	6	7	8	9	10	11	12	13	14	15	81	#
323	918218	0	1	2	3	4	5	6	7	8	9	10	11	13	14	15	19	81	#
324	888241	0	1	2	3	4	5	6	7	8	9	10	11	13	14	15	16	81	#
325	879766	0	1	2	3	4	5	6	7	8	9	10	11	13	14	15	17	81	#
326	1094608	0	1	2	3	4	5	6	7	8	9	10	11	12	13	14	15	16	18	19	82	#
327	1074491	0	1	2	3	4	5	6	7	8	9	10	11	12	13	14	15	16	17	19	82	#
328	1073605	0	1	2	3	4	5	6	7	8	9	10	11	12	13	14	15	17	18	19	82	#
329	1062288	0	1	2	3	4	5	6	7	8	9	10	11	12	13	14	15	16	17	18	82	#
330	130697	0	8	12	#
331	313276	0	4	5	8	9	10	254	#
332	555001	1	4	5	6	7	8	9	10	11	12	177	#
333	218686	1	2	3	4	5	8	114	#
334	614001	4	5	6	7	8	9	10	12	13	14	19	84	#
335	694623	1	3	5	6	7	8	9	10	12	13	14	84	#
336	643822	1	5	6	7	8	9	10	11	12	13	14	84	#
337	632936	0	1	4	5	6	7	8	9	10	12	13	84	#
338	629217	1	2	3	5	7	8	9	10	12	13	14	84	#
339	600672	1	3	4	5	6	8	9	10	12	13	19	84	#
340	812333	0	1	2	3	4	5	6	7	8	9	10	11	12	13	14	15	19	321	#
341	423130	0	4	5	8	9	10	11	12	14	306	#
342	556257	1	3	4	5	6	7	8	9	10	11	13	14	85	#
343	589812	0	3	4	5	6	7	8	9	10	11	12	13	85	#
344	570726	0	4	5	6	7	8	9	10	11	13	14	15	85	#
345	552412	0	1	4	5	6	8	9	10	11	13	15	17	85	#
346	540418	0	4	5	6	8	9	10	11	12	13	14	15	85	#
347	515004	1	4	5	6	7	8	9	10	11	13	14	15	85	#
348	173723	1	5	9	86	#
349	187094	1	4	5	86	#
350	174411	1	5	6	86	#
351	173123	4	8	9	86	#
352	832016	0	1	2	3	4	5	6	7	8	9	10	11	12	13	14	15	87	#
353	889733	0	2	3	4	5	6	7	8	9	10	11	12	13	14	15	19	87	#
354	841683	0	1	2	3	4	5	6	7	8	9	10	11	13	14	15	16	87	#
355	583889	1	2	3	4	5	6	7	8	9	10	14	88	#
356	585573	1	4	5	6	7	8	9	10	11	14	15	88	#
357	563817	1	2	3	4	5	6	7	8	9	10	13	88	#
358	549748	1	2	3	4	5	6	7	8	9	10	11	88	#
359	541300	1	2	3	4	5	6	8	9	10	12	14	88	#
360	539534	1	2	3	4	5	6	7	10	11	14	15	88	#
361	544023	1	2	3	5	7	9	10	14	15	89	#
362	639265	1	2	3	5	7	9	11	13	14	89	#
363	629186	1	2	7	9	11	13	14	15	19	89	#
364	611549	1	2	5	6	7	11	13	14	15	89	#
365	593037	1	2	4	5	7	9	11	13	15	89	#
366	570363	1	2	5	9	10	11	13	14	15	89	#
367	139533	11	14	15	90	#
368	193614	14	15	19	90	#
369	105657	15	#
370	225406	1	4	5	91	#
371	273463	4	5	9	91	#
372	778729	0	1	2	3	4	5	6	7	8	9	10	11	12	13	14	15	92	#
373	797978	0	1	2	3	4	5	6	7	8	9	10	12	13	14	15	18	92	#
374	754998	0	1	2	3	4	5	6	8	9	10	11	12	13	14	15	19	92	#
375	697072	1	2	3	4	5	6	7	8	9	10	11	12	13	14	15	19	92	#
376	695456	1	2	3	4	5	6	7	8	9	10	11	12	13	14	18	19	92	#
377	663294	1	2	3	4	5	6	7	8	9	10	11	12	13	14	15	17	92	#
378	249691	8	9	12	13	93	#
379	311733	8	9	13	14	93	#
380	279363	5	8	9	13	93	#
381	818429	0	1	2	3	4	5	6	7	8	9	10	11	12	13	14	15	17	321	#
382	590167	0	1	2	4	5	8	9	10	12	13	14	94	#
383	654466	0	1	4	5	6	8	9	10	11	13	14	94	#
384	650437	0	1	2	3	4	5	6	8	10	13	14	94	#
385	641690	0	1	2	3	4	5	6	8	9	10	11	94	#
386	637936	0	1	2	3	4	5	8	9	10	13	14	94	#
387	625058	1	2	3	4	5	6	8	9	10	13	14	94	#
388	290038	1	2	4	5	7	95	#
389	366192	2	4	5	6	7	95	#
390	332361	1	2	5	6	7	95	#
391	312024	0	4	5	6	8	95	#
392	303494	1	2	3	5	7	95	#
393	246169	1	4	5	8	9	95	#
394	880540	0	1	2	3	4	5	6	7	8	9	10	11	12	13	14	15	17	96	#
395	945997	0	1	2	3	4	5	6	7	8	9	10	11	12	13	14	15	16	96	#
396	855639	0	1	2	3	4	5	6	7	8	9	10	11	12	13	14	15	18	96	#
397	845369	0	1	2	3	4	5	6	7	8	9	10	11	12	13	14	15	19	96	#
398	117237	16	18	97	#
399	139562	16	19	97	#
400	134821	0	18	97	#
401	538030	4	5	6	8	9	11	13	14	15	317	#
402	807624	0	1	2	3	4	5	6	7	8	9	10	11	12	13	14	15	98	#
403	851697	0	1	2	3	4	5	6	7	8	9	10	11	12	13	15	18	98	#
404	808102	0	1	2	3	4	5	6	7	8	9	10	11	12	13	14	16	98	#
405	798088	0	1	2	3	4	5	7	8	9	10	11	12	13	14	15	16	98	#
406	693781	0	4	6	8	9	10	11	12	14	15	16	99	#
407	646543	0	1	2	4	5	6	8	9	10	11	19	99	#
408	640988	3	6	7	8	9	10	11	12	13	14	15	99	#
409	634456	3	4	5	6	7	8	9	10	11	12	13	99	#
410	606617	4	5	6	8	9	10	11	12	13	14	15	99	#
411	596760	0	1	4	5	6	8	9	10	11	12	14	99	#
412	194591	0	4	8	100	#
413	213664	0	4	5	100	#
414	871354	0	1	2	3	4	5	7	8	9	10	12	13	14	15	17	101	#
415	841836	0	1	2	3	4	5	6	7	8	9	10	12	13	14	15	101	#
416	838200	0	3	4	5	6	7	8	9	10	11	12	13	14	15	17	101	#
417	817969	0	1	2	3	4	5	6	7	8	9	10	11	13	14	15	101	#
418	807926	0	1	2	4	5	7	8	9	10	11	13	14	15	17	19	101	#
419	801558	1	2	3	4	5	7	8	9	10	11	13	14	15	17	18	101	#
420	552600	5	6	9	10	13	14	15	102	#
421	565536	5	6	7	9	10	13	14	102	#
422	524296	6	8	9	10	13	14	15	102	#
423	487219	4	8	9	10	13	14	15	102	#
424	482386	5	6	7	10	11	14	15	102	#
425	471689	5	6	8	9	10	13	14	102	#
426	222415	4	5	9	103	#
427	201955	4	5	8	103	#
428	555932	0	1	4	5	6	8	9	12	13	14	177	#
429	254936	0	1	4	5	6	8	104	#
430	302654	0	4	5	6	10	14	104	#
431	263872	4	5	10	13	14	15	104	#
432	251348	0	1	2	4	5	6	104	#
433	246200	0	4	5	8	9	12	104	#
434	228684	1	2	3	7	11	13	104	#
435	466595	7	9	10	11	13	14	15	105	#
436	464868	6	7	10	11	13	14	15	105	#
437	462790	4	8	9	10	13	14	15	105	#
438	453619	2	7	10	11	13	14	15	105	#
439	427582	8	9	10	12	13	14	15	105	#
440	392048	1	2	3	5	6	7	10	105	#
441	249978	8	9	10	12	14	106	#
442	339099	3	7	10	13	14	106	#
443	203607	10	11	13	14	15	106	#
444	200998	4	5	8	9	10	106	#
445	200020	0	4	8	12	#
446	556816	0	1	3	4	5	6	7	8	9	10	11	12	13	14	178	#
447	161535	10	13	14	107	#
448	184330	9	10	13	107	#
449	379824	0	1	4	9	10	14	108	#
450	471980	1	5	6	9	13	14	108	#
451	469550	6	9	10	11	13	14	108	#
452	403101	0	1	4	5	6	9	108	#
453	400980	3	9	10	11	13	14	108	#
454	339437	0	4	5	6	8	9	108	#
455	304231	9	10	11	15	109	#
456	289323	3	9	10	13	109	#
457	257763	6	10	11	15	109	#
458	242469	6	8	9	10	109	#
459	184734	0	1	2	3	7	110	#
460	270360	2	4	7	8	9	110	#
461	211482	2	6	7	9	10	110	#
462	176317	1	2	3	6	7	110	#
463	155863	3	7	#
464	231602	1	2	3	4	5	111	#
465	328193	3	4	5	9	10	111	#
466	290008	1	2	5	6	10	111	#
467	254725	1	2	3	5	7	111	#
468	176335	1	2	7	13	14	111	#
469	676218	0	1	4	5	6	8	9	10	11	13	14	18	112	#
470	740152	0	1	4	5	6	7	8	9	10	11	13	14	112	#
471	738651	0	2	4	5	6	7	8	9	10	11	13	14	112	#
472	735162	0	1	2	4	5	6	7	8	9	10	11	13	112	#
473	713850	0	1	2	4	5	6	7	8	9	10	12	18	112	#
474	685230	1	2	4	5	6	7	8	9	10	11	13	14	112	#
475	136801	13	14	#
476	416524	3	4	5	6	7	19	254	#
477	376827	2	3	6	7	11	15	114	#
478	324883	1	2	3	6	7	11	114	#
479	320634	1	2	3	5	6	7	114	#
480	309451	2	3	5	6	7	11	114	#
481	530151	1	2	4	5	6	7	8	9	10	11	12	13	15	115	#
482	716645	0	3	4	5	7	8	9	10	11	12	13	14	15	115	#
483	687573	0	1	3	4	5	6	7	8	9	10	11	13	14	115	#
484	667611	0	1	2	3	4	5	7	9	10	11	13	14	15	115	#
485	663678	0	1	2	3	4	5	7	8	9	10	11	13	15	115	#
486	662971	0	4	5	6	7	8	9	10	11	12	13	14	15	115	#
487	257414	1	2	3	7	116	#
488	268131	2	3	5	7	116	#
489	204324	1	2	3	5	116	#
490	236496	5	8	9	12	117	#
491	304002	5	6	9	10	117	#
492	267177	5	8	9	13	117	#
493	246862	8	9	10	12	117	#
494	347389	9	10	11	13	14	118	#
495	364043	9	10	13	14	15	118	#
496	348981	6	9	10	11	14	118	#
497	238893	2	6	7	10	11	118	#
498	334744	6	7	11	15	119	#
499	311894	3	7	11	15	119	#
500	241672	10	11	14	15	119	#
501	222925	4	5	6	8	119	#
502	213535	2	7	11	15	119	#
503	108183	7	11	#
504	559574	4	8	9	13	14	15	16	120	#
505	500502	7	9	10	11	13	14	15	120	#
506	484100	2	7	9	10	11	14	15	120	#
507	481268	2	7	10	11	14	15	16	120	#
508	465976	1	2	6	7	11	13	15	120	#
509	412758	8	9	10	12	13	14	15	120	#
510	1034913	0	1	2	3	4	5	6	7	8	9	10	11	12	13	14	15	16	17	18	121	#
511	1089414	0	1	2	3	4	5	6	7	8	9	10	11	12	13	14	15	16	17	19	121	#
512	1084899	0	1	2	3	4	5	6	7	8	9	10	11	12	13	14	15	16	18	19	121	#
513	978457	0	1	2	3	4	5	6	7	8	9	10	11	12	13	14	15	17	18	19	121	#
514	51101	11	#
515	192485	11	13	15	122	#
516	240885	5	9	13	122	#
517	225091	3	7	11	122	#
518	192680	13	14	15	122	#
519	1187069	0	1	2	3	4	5	6	7	8	9	10	11	12	13	14	15	17	18	19	123	#
520	1258583	0	1	2	3	4	5	6	7	8	9	10	11	12	13	14	15	16	17	18	123	#
521	1225355	0	1	2	3	4	5	6	7	8	9	10	11	12	13	14	15	16	18	19	123	#
522	1218637	0	1	2	3	4	5	6	7	8	9	10	11	12	13	14	15	16	17	19	123	#
523	907204	0	1	2	3	4	5	6	7	8	9	10	11	12	13	14	15	124	#
524	988296	0	1	2	3	4	5	6	7	8	9	10	11	12	14	15	19	124	#
525	980271	0	1	2	3	4	5	6	7	8	9	10	11	12	14	15	16	124	#
526	909604	0	1	2	3	4	5	6	8	9	10	11	12	13	14	15	17	124	#
527	906974	0	1	2	3	4	5	6	8	9	10	11	12	13	14	15	18	124	#
528	849728	0	1	2	4	5	6	7	8	9	10	11	12	13	14	15	17	124	#
529	254367	0	4	8	9	10	11	12	13	14	125	#
530	323660	4	5	7	8	9	12	13	14	17	125	#
531	319132	1	4	5	6	7	8	9	12	13	125	#
532	296467	1	4	5	6	8	9	12	13	14	125	#
533	267477	0	4	8	9	10	12	13	14	15	125	#
534	262984	0	4	6	8	9	10	11	12	15	125	#
535	252457	0	4	8	9	12	13	126	#
536	234327	0	4	5	8	9	12	126	#
537	232082	0	4	5	6	8	12	126	#
538	219159	9	10	11	13	14	15	126	#
539	205402	4	5	8	9	12	13	126	#
540	379095	2	6	7	8	9	10	11	15	127	#
541	407108	0	2	3	6	7	10	11	15	127	#
542	392712	1	2	3	5	6	7	9	10	127	#
543	388912	6	7	8	9	10	11	12	13	127	#
544	323187	1	2	3	5	6	7	10	11	127	#
545	320867	1	2	5	6	8	9	10	11	127	#
546	295604	1	2	3	11	14	15	128	#
547	399516	4	5	6	9	10	11	128	#
548	396352	6	9	10	11	14	15	128	#
549	331229	9	10	11	13	14	15	128	#
550	285720	1	2	3	7	10	11	128	#
551	636742	0	1	2	3	4	5	6	7	8	9	10	11	12	13	14	15	17	129	#
552	749716	0	1	2	3	4	5	6	7	8	9	10	11	12	13	14	15	16	129	#
553	704958	0	1	2	3	4	5	6	7	8	9	10	11	12	13	14	15	18	129	#
554	703024	0	1	2	3	4	5	6	7	8	9	10	11	13	14	15	18	19	129	#
555	684517	0	1	2	3	4	5	6	7	8	9	10	11	12	13	14	15	19	129	#
556	634808	0	1	2	3	4	5	6	7	8	9	10	11	13	14	15	17	19	129	#
557	365249	8	9	10	11	13	14	130	#
558	410403	5	9	10	11	13	14	130	#
559	400233	5	6	9	10	13	14	130	#
560	369857	0	4	8	10	11	14	130	#
561	366101	9	10	11	13	14	15	130	#
562	329363	2	3	7	11	14	15	130	#
563	547455	1	4	5	6	7	8	9	11	12	13	14	15	17	131	#
564	545113	0	1	2	3	4	5	6	7	8	9	10	11	14	131	#
565	542618	0	1	2	4	5	6	7	8	9	10	11	13	14	131	#
566	541428	1	2	3	4	5	6	7	8	9	10	11	14	17	131	#
567	540405	1	2	4	5	6	7	8	9	11	12	13	14	15	131	#
568	531400	0	1	2	4	5	6	7	8	9	10	11	12	14	131	#
569	216728	8	9	13	132	#
570	227800	4	8	9	132	#
571	224952	5	9	13	132	#
572	212228	8	9	12	132	#
573	562894	2	5	6	7	9	10	11	14	15	133	#
574	552410	2	5	6	7	8	9	10	11	14	133	#
575	547199	2	5	7	8	9	10	11	12	15	133	#
576	527194	1	2	5	6	7	9	10	11	14	133	#
577	494988	1	5	6	7	8	9	10	11	12	133	#
578	491510	1	2	5	7	9	10	13	14	15	133	#
579	770135	0	1	2	3	4	5	6	7	8	9	10	11	12	13	14	15	134	#
580	842758	0	1	2	3	4	5	6	7	8	9	10	11	12	14	15	17	134	#
581	836443	0	1	2	3	4	6	7	8	9	10	11	12	13	14	15	19	134	#
582	797038	0	1	2	3	4	5	6	7	8	9	10	11	13	14	15	18	134	#
583	785056	0	1	2	3	4	5	6	7	8	9	10	11	12	14	15	18	134	#
584	826010	0	1	2	3	4	5	6	7	8	9	10	11	12	13	14	15	135	#
585	825828	0	1	2	3	4	5	6	7	8	10	11	12	13	14	15	18	135	#
586	846237	0	1	2	3	4	5	6	7	8	9	10	11	12	13	14	15	136	#
587	899023	0	1	2	4	5	6	7	8	9	10	11	12	13	14	15	19	136	#
588	879604	0	1	2	3	4	5	6	7	8	10	11	12	13	14	15	19	136	#
589	856581	0	1	2	4	5	6	7	8	9	10	11	12	13	14	15	16	136	#
590	819077	0	1	2	4	5	6	8	9	10	11	12	13	14	15	16	17	136	#
591	767582	0	1	2	3	4	5	6	7	8	9	10	11	12	13	14	15	19	137	#
592	755523	0	1	2	3	4	5	6	7	8	9	10	11	12	13	14	15	16	137	#
593	705152	0	1	2	3	4	5	6	7	8	9	10	11	12	13	14	15	18	137	#
594	686967	0	1	2	3	4	5	6	7	8	9	10	11	12	13	14	15	17	137	#
595	924296	0	1	3	4	5	6	7	8	9	10	11	12	13	14	15	17	18	273	#
596	90789	3	#
597	352042	9	10	11	14	15	139	#
598	354813	1	5	6	8	9	139	#
599	339279	5	6	9	10	16	139	#
600	333965	6	10	11	14	15	139	#
601	311433	3	7	10	11	15	139	#
602	311421	8	9	12	14	15	139	#
603	627652	0	3	5	6	7	9	10	11	14	140	#
604	639032	3	5	6	7	9	10	11	14	15	140	#
605	613737	4	5	6	7	9	10	11	13	17	140	#
606	596609	0	4	5	6	7	8	9	13	14	140	#
607	592364	5	6	7	9	10	11	13	14	15	140	#
608	575847	3	6	7	9	11	12	13	14	15	140	#
609	189584	8	9	10	11	141	#
610	204979	6	7	10	11	141	#
611	747154	1	2	3	5	6	7	9	10	11	13	15	19	142	#
612	801826	3	4	5	6	7	8	9	10	11	13	14	15	142	#
613	792855	1	2	3	5	6	7	9	10	11	13	14	15	142	#
614	761500	1	2	3	4	5	6	7	8	9	10	11	14	142	#
615	760223	1	2	3	4	5	7	8	9	10	11	14	15	142	#
616	750713	1	2	3	5	6	7	8	9	10	11	12	14	142	#
617	165068	2	7	#
618	79189	4	#
619	187181	1	2	5	7	11	144	#
620	250836	1	2	3	5	9	144	#
621	241966	1	2	3	6	7	144	#
622	226618	1	2	3	7	11	144	#
623	573271	2	3	5	6	7	9	10	13	14	15	145	#
624	598574	4	5	6	7	9	10	13	14	15	19	145	#
625	591492	4	5	6	8	9	10	12	13	14	19	145	#
626	553829	0	4	5	6	8	9	10	12	13	14	145	#
627	549446	4	5	6	8	9	10	12	13	14	15	145	#
628	537088	0	4	5	8	9	10	12	13	14	15	145	#
629	324574	2	5	6	7	146	#
630	354900	0	4	5	6	146	#
631	349769	6	7	10	16	146	#
632	312982	4	5	6	10	146	#
633	253669	2	3	6	7	146	#
634	314542	1	2	3	5	7	9	13	147	#
635	460447	2	3	7	8	9	10	14	147	#
636	456624	5	7	9	10	11	14	19	147	#
637	438222	2	3	5	6	7	9	10	147	#
638	421174	2	5	6	7	9	10	11	147	#
639	364390	0	1	4	5	8	9	18	147	#
640	527391	2	3	6	7	9	10	11	148	#
641	537871	1	2	3	5	6	7	11	148	#
642	514116	2	3	5	6	7	10	14	148	#
643	510994	6	7	8	9	10	11	14	148	#
644	445122	1	2	4	5	6	7	10	148	#
645	394460	1	2	4	5	9	10	14	148	#
646	280416	4	9	13	149	#
647	227360	0	4	5	149	#
648	220965	10	13	14	149	#
649	200916	8	9	13	149	#
650	851386	0	1	2	3	4	5	6	7	8	9	10	11	12	13	14	15	150	#
651	899964	0	1	2	4	5	6	7	8	9	10	11	12	13	14	15	16	150	#
652	870443	0	1	2	3	4	5	6	7	8	9	10	11	12	14	15	16	150	#
653	816769	1	2	3	4	5	6	7	8	9	10	11	12	13	14	15	16	150	#
654	872677	1	2	3	4	5	6	7	8	9	10	11	13	14	15	16	17	151	#
655	916587	1	2	3	4	5	6	7	8	9	10	11	13	14	15	16	18	151	#
656	910524	0	1	2	3	4	5	6	7	8	9	10	11	13	14	15	16	151	#
657	786329	0	1	2	3	4	5	6	7	8	9	10	11	13	14	15	17	151	#
658	780153	1	2	3	4	5	6	7	8	9	10	11	12	13	14	15	19	151	#
659	779872	0	1	2	3	4	5	6	7	8	9	10	11	12	13	14	15	151	#
660	564955	0	1	2	3	4	5	6	7	8	12	177	#
661	829529	0	1	2	3	4	5	6	7	8	9	10	11	12	13	14	15	16	152	#
662	887288	0	1	2	3	4	5	6	7	8	9	10	11	12	13	14	15	18	152	#
663	814119	0	1	2	3	4	5	6	7	8	9	10	11	12	13	14	15	19	152	#
664	813663	0	1	2	3	4	5	6	7	8	9	10	11	12	13	14	15	17	152	#
665	151035	4	8	12	153	#
666	197256	0	4	8	153	#
667	641245	0	1	2	3	4	5	6	7	8	9	10	11	12	13	14	15	154	#
668	708459	0	1	2	3	4	5	6	7	8	9	11	12	13	14	15	16	154	#
669	704695	0	2	4	5	6	7	8	9	10	11	12	13	14	15	16	18	154	#
670	676103	0	2	3	4	5	6	7	8	9	10	11	12	13	14	15	18	154	#
671	652136	0	2	3	4	5	6	7	8	9	10	11	12	13	14	15	17	154	#
672	303258	0	1	4	5	6	9	10	155	#
673	397037	5	6	7	9	10	11	15	155	#
674	343152	3	7	9	10	11	14	15	155	#
675	311702	0	1	4	5	6	9	13	155	#
676	276563	1	2	3	5	6	7	18	155	#
677	250366	1	4	5	9	10	13	14	155	#
678	160303	1	5	9	156	#
679	170753	5	6	9	156	#
680	458468	1	5	6	7	10	13	14	196	#
681	673474	0	1	2	3	4	5	6	7	8	9	10	11	12	13	14	15	17	157	#
682	759517	1	2	3	4	5	6	7	8	9	10	11	12	13	14	15	16	17	157	#
683	711569	0	1	2	3	4	5	6	7	8	9	10	11	12	13	14	15	16	157	#
684	656995	0	1	2	3	4	5	6	7	8	9	10	11	12	13	14	15	19	157	#
685	656398	0	1	2	3	4	5	6	7	8	9	10	11	12	13	14	15	18	157	#
686	705012	0	1	2	3	4	5	6	7	8	9	10	11	12	13	14	15	158	#
687	722515	1	2	3	4	5	6	7	8	9	10	11	12	13	14	15	16	158	#
688	719810	0	1	2	3	4	5	6	7	8	9	10	11	12	13	14	16	158	#
689	712253	1	2	3	4	5	6	7	8	9	10	11	12	13	14	15	18	158	#
690	711600	1	2	3	4	5	6	7	8	9	10	11	12	13	14	15	19	158	#
691	511096	4	5	6	8	9	10	13	14	15	159	#
692	561879	5	6	8	9	10	12	13	14	15	159	#
693	557952	0	1	2	3	4	5	7	9	13	159	#
694	529019	6	8	9	10	12	13	14	15	19	159	#
695	519579	1	2	5	6	7	9	10	12	13	159	#
696	496463	4	5	6	8	9	10	12	13	14	159	#
697	860482	0	1	2	3	4	5	6	7	8	9	10	11	12	13	14	15	160	#
698	906514	0	1	2	3	4	5	6	8	9	10	11	12	13	14	15	19	160	#
699	888792	0	1	2	3	4	5	6	7	8	9	10	11	13	14	15	16	160	#
700	855566	0	1	2	3	4	5	6	7	8	9	10	11	13	14	15	17	160	#
701	854710	0	1	2	3	4	5	6	7	8	9	10	11	13	15	17	18	160	#
702	878781	3	4	5	6	7	8	9	10	11	12	13	14	15	19	161	#
703	886517	2	3	4	5	6	7	8	9	10	11	12	13	14	18	161	#
704	872014	2	3	4	5	6	7	8	9	10	11	12	13	14	15	161	#
705	838204	1	2	3	4	5	6	7	8	9	10	11	13	14	15	161	#
706	815842	1	2	3	4	5	6	7	8	9	10	11	12	13	14	161	#
707	808400	1	2	3	4	5	6	8	9	10	11	12	13	14	15	161	#
708	207909	10	11	19	162	#
709	295167	14	15	19	162	#
710	271764	10	14	15	162	#
711	252613	7	11	15	162	#
712	394212	0	1	4	5	9	163	#
713	384138	1	4	5	6	9	163	#
714	373505	0	4	5	8	9	163	#
715	368897	1	4	5	6	7	163	#
716	367054	0	4	8	9	10	163	#
717	302147	1	2	5	9	13	163	#
718	922136	0	1	2	3	4	5	6	7	8	9	10	11	12	13	14	15	164	#
719	978033	0	1	2	3	4	5	6	7	8	9	10	11	13	14	15	16	164	#
720	972026	0	1	2	3	4	5	6	7	8	9	11	12	13	14	15	17	164	#
721	933712	0	1	2	3	4	5	6	7	8	9	10	11	13	14	15	18	164	#
722	920959	0	1	2	3	4	5	6	7	8	9	10	11	13	14	15	17	164	#
723	895723	1	2	3	4	5	6	7	8	9	10	11	13	14	15	18	19	164	#
724	106868	4	8	12	165	#
725	886442	0	1	2	3	4	5	6	7	8	9	10	11	12	13	14	15	16	321	#
726	103880	2	8	12	165	#
727	375618	3	6	7	10	166	#
728	330162	2	3	6	7	166	#
729	291381	8	9	10	14	166	#
730	277325	2	6	7	11	166	#
731	227221	2	7	10	11	166	#
732	356693	3	7	11	15	167	#
733	393449	7	11	14	15	167	#
734	302962	2	3	6	7	167	#
735	287622	3	7	10	11	167	#
736	281185	2	3	7	11	167	#
737	387188	2	6	7	10	11	14	15	168	#
738	532328	3	6	7	11	13	14	15	168	#
739	496506	2	3	6	7	11	14	15	168	#
740	465097	3	6	7	10	11	14	15	168	#
741	398635	8	9	11	12	13	14	15	168	#
742	387901	2	3	6	7	10	11	15	168	#
743	655047	0	1	4	5	6	7	8	9	10	11	12	13	14	15	169	#
744	680263	0	2	3	4	5	6	7	8	9	10	11	13	14	15	169	#
745	676795	0	1	2	4	5	6	7	8	9	10	11	13	14	15	169	#
746	655009	0	1	2	4	5	6	7	8	9	10	11	13	14	18	169	#
747	624156	0	1	2	4	5	6	7	8	9	10	12	13	14	16	169	#
748	618410	1	2	3	4	5	6	7	8	9	10	11	13	14	15	169	#
749	129965	1	5	17	170	#
750	181731	1	5	6	170	#
751	174522	0	4	17	170	#
752	800647	0	1	2	3	4	5	6	7	8	9	10	11	12	13	14	15	18	321	#
753	714231	1	2	4	5	6	8	9	10	11	13	14	15	171	#
754	757267	1	2	4	6	7	8	9	10	11	13	14	15	171	#
755	736000	1	4	5	6	7	8	9	10	11	13	14	15	171	#
756	721933	0	1	2	4	6	7	8	9	10	11	13	14	171	#
757	721880	1	2	3	6	7	8	9	10	11	13	14	15	171	#
758	714473	1	2	4	5	8	9	10	11	13	14	15	16	171	#
759	913905	0	1	2	3	4	5	6	7	8	9	10	11	12	13	14	15	172	#
760	940038	1	2	3	4	5	6	7	8	9	10	11	12	13	14	15	17	172	#
761	183689	2	10	11	#
762	340187	1	2	3	5	7	9	11	13	174	#
763	442962	0	4	5	6	7	8	9	13	174	#
764	389292	2	3	4	5	6	7	8	9	174	#
765	326200	0	4	5	8	9	12	13	14	174	#
766	316386	0	1	4	5	6	8	9	13	174	#
767	306291	1	2	3	5	6	7	9	11	174	#
768	635962	0	1	2	3	4	5	6	7	8	9	10	11	12	13	14	15	175	#
769	703607	2	3	4	5	6	7	8	9	10	11	12	13	14	15	16	17	175	#
770	701863	0	2	3	4	5	6	7	8	9	10	11	12	13	14	17	19	175	#
771	673459	1	2	3	4	5	6	7	8	9	10	11	12	13	14	15	18	175	#
772	642437	1	2	3	4	5	6	7	8	9	10	11	12	13	14	15	17	175	#
773	963349	0	1	2	4	5	6	7	8	9	10	11	14	17	176	#
774	972036	0	1	2	4	5	6	7	8	9	10	11	14	15	176	#
775	941418	0	1	2	3	4	5	6	8	9	10	11	13	14	176	#
776	939066	1	2	3	4	5	6	7	8	9	10	11	12	14	176	#
777	935328	0	1	2	4	5	6	8	9	10	11	12	13	14	176	#
778	927028	1	2	3	4	5	6	8	9	10	11	12	14	15	176	#
779	509288	4	7	8	9	10	11	12	13	14	15	177	#
780	641420	0	4	5	6	7	8	9	12	13	14	177	#
781	618654	0	4	5	6	7	8	9	11	12	13	177	#
782	565549	0	1	2	3	4	5	6	7	8	9	10	11	13	14	178	#
783	643030	0	1	3	4	5	6	7	8	9	10	11	13	14	16	178	#
784	599376	0	1	3	4	5	6	7	8	9	10	11	13	14	15	178	#
785	578138	0	1	2	3	4	5	6	7	8	9	10	11	14	15	178	#
786	562089	0	1	2	4	5	6	7	8	9	10	11	13	14	15	178	#
787	464305	3	7	11	13	14	15	16	179	#
788	424090	3	7	11	14	15	16	17	179	#
789	408119	6	7	10	11	13	14	15	179	#
790	386063	6	7	10	11	13	14	16	179	#
791	383598	3	7	10	11	13	14	15	179	#
792	377021	5	7	10	11	13	14	15	179	#
793	691531	0	1	2	3	4	5	6	7	8	9	10	11	12	13	14	15	180	#
794	849449	0	2	3	4	5	6	7	8	9	10	11	13	14	15	17	19	180	#
795	757357	0	1	2	3	4	5	6	7	8	9	10	11	13	14	15	18	180	#
796	638809	1	2	3	4	5	6	7	8	9	10	11	12	13	14	15	17	180	#
797	301215	1	2	5	6	7	9	181	#
798	283478	1	2	5	6	9	16	181	#
799	266016	4	5	8	9	12	13	181	#
800	224630	1	2	3	6	7	11	181	#
801	218941	2	3	5	6	7	11	181	#
802	205745	1	2	5	6	7	11	181	#
803	633956	0	1	2	3	4	5	6	7	8	9	10	11	12	13	14	15	182	#
804	769509	0	1	2	3	4	5	6	7	9	10	11	13	14	15	17	18	182	#
805	763883	0	1	2	3	4	5	6	7	8	9	10	11	12	15	18	19	182	#
806	700612	0	1	2	3	4	5	6	7	8	9	10	11	13	14	15	18	182	#
807	667942	0	1	2	3	4	5	6	7	8	9	10	11	13	14	15	16	182	#
808	662638	0	1	2	3	4	5	6	7	8	9	10	11	13	14	15	17	182	#
809	494184	4	5	8	9	10	12	13	14	183	#
810	508364	1	4	5	6	7	8	9	12	183	#
811	496267	0	4	5	8	9	10	13	14	183	#
812	496032	1	2	7	9	10	11	14	15	183	#
813	494975	1	5	9	10	11	13	14	15	183	#
814	454588	0	1	4	5	8	9	10	12	183	#
815	147933	10	11	184	#
816	189388	7	11	184	#
817	125555	10	14	184	#
818	124020	10	11	185	#
819	167075	10	14	185	#
820	151897	11	15	185	#
821	1058200	0	1	2	3	4	5	6	7	8	9	10	11	12	13	14	15	16	186	#
822	1057118	0	1	2	3	4	5	6	7	9	10	11	12	13	14	15	18	19	186	#
823	1052301	0	1	2	3	4	5	6	7	8	9	10	11	12	13	14	15	19	186	#
824	1048785	0	1	2	3	4	5	6	7	8	9	10	11	12	13	14	15	17	186	#
825	1013121	0	1	2	3	4	5	6	7	8	9	10	11	12	13	14	15	18	186	#
826	957027	1	2	3	4	5	6	7	8	9	10	11	12	13	14	15	18	19	186	#
827	965374	0	1	2	4	5	6	7	8	9	10	11	13	14	15	19	187	#
828	940611	1	2	4	5	6	7	8	9	10	11	13	14	15	16	19	187	#
829	889696	0	1	2	4	5	6	7	8	9	10	11	13	14	15	18	187	#
830	872053	0	1	2	3	4	5	6	7	8	9	10	11	13	14	15	187	#
831	840164	0	1	2	4	5	6	7	8	9	10	11	12	13	14	15	187	#
832	780933	0	1	2	3	4	5	6	7	8	10	11	12	13	14	15	187	#
833	756616	0	1	2	3	4	5	6	7	8	9	10	11	12	13	14	15	19	188	#
834	790284	0	1	2	3	4	5	6	7	8	9	10	11	12	13	14	15	16	188	#
835	745527	0	1	2	3	4	5	6	7	8	9	10	11	12	13	14	15	18	188	#
836	730804	0	1	2	3	4	5	6	7	8	9	10	11	12	13	14	15	17	188	#
837	353229	5	8	9	10	11	12	13	15	189	#
838	473219	5	6	8	9	12	13	14	19	189	#
839	410107	5	8	9	10	11	13	14	15	189	#
840	379270	4	5	6	8	9	12	13	14	189	#
841	371243	5	6	8	9	10	12	13	14	189	#
842	340632	3	7	9	10	11	13	14	15	189	#
843	605605	0	4	5	6	8	9	12	13	14	15	190	#
844	713496	1	3	5	6	7	9	11	13	14	15	190	#
845	665041	0	1	4	5	6	7	9	10	13	14	190	#
846	664907	0	1	2	3	4	5	6	7	9	13	190	#
847	664370	1	2	3	5	6	7	9	11	14	15	190	#
848	656720	1	2	3	5	6	7	9	11	13	14	190	#
849	645136	0	1	2	3	4	5	6	7	8	9	10	11	12	13	14	15	18	191	#
850	833296	0	1	3	4	5	6	7	8	9	10	11	12	13	14	15	16	19	191	#
851	712682	0	1	2	3	4	5	6	7	8	9	10	11	12	13	14	15	16	191	#
852	696095	0	1	2	3	4	5	6	7	8	9	10	11	12	13	14	15	19	191	#
853	598239	0	1	2	3	4	5	6	7	8	9	10	11	12	13	14	15	17	191	#
854	216643	6	7	192	#
855	170072	5	6	192	#
856	142491	3	7	192	#
857	831313	0	1	2	3	4	5	6	7	8	9	10	13	14	15	19	193	#
858	909414	0	1	2	3	4	5	6	7	8	9	10	13	14	16	19	193	#
859	819688	0	1	2	4	5	6	7	8	9	10	12	13	14	15	19	193	#
860	791958	0	1	2	3	4	5	6	7	8	9	10	12	13	14	15	193	#
861	788939	0	1	2	3	4	5	6	7	8	9	10	11	13	14	17	193	#
862	765037	0	1	2	4	5	6	7	8	9	10	11	12	13	14	15	193	#
863	1060811	0	1	2	3	4	5	6	7	8	9	10	11	12	13	14	15	16	17	18	19	#
864	164331	4	5	#
865	848740	0	1	2	3	4	5	6	7	8	9	10	11	12	13	14	15	19	273	#
866	97286	4	8	#
867	827485	0	1	2	3	4	5	6	7	8	9	10	11	12	13	14	15	195	#
868	912814	0	1	2	3	4	6	7	8	9	10	11	12	13	14	15	16	195	#
869	849009	1	2	3	4	5	6	7	8	9	10	11	12	13	14	15	18	195	#
870	836045	0	1	2	3	4	6	7	8	9	10	11	12	13	14	15	17	195	#
871	575103	1	4	5	9	10	13	16	196	#
872	523079	4	5	6	9	10	13	14	196	#
873	516846	1	2	3	5	7	9	16	196	#
874	504724	1	4	5	9	10	13	14	196	#
875	480977	4	5	8	9	10	13	14	196	#
876	535718	0	1	2	3	4	5	6	7	8	10	12	197	#
877	626497	0	2	4	5	6	7	8	9	10	12	13	197	#
878	592327	1	2	3	5	6	7	8	9	10	12	13	197	#
879	580613	1	2	4	5	6	7	8	9	10	12	13	197	#
880	554959	1	2	3	5	6	7	8	9	10	13	14	197	#
881	546188	1	2	3	4	5	6	7	8	9	10	13	197	#
882	717176	0	1	2	3	4	5	6	7	8	9	10	11	12	13	14	15	16	198	#
883	751151	0	1	2	3	4	5	6	7	8	9	10	11	12	13	14	15	19	198	#
884	744483	0	1	2	3	4	5	6	7	8	9	10	11	12	13	14	15	17	198	#
885	740636	0	1	2	3	4	5	6	7	8	9	10	11	12	13	14	15	18	198	#
886	202277	7	11	16	17	199	#
887	243472	4	5	8	17	199	#
888	214715	7	10	11	15	199	#
889	209623	1	5	6	16	199	#
890	150757	2	3	7	11	199	#
891	685051	0	1	2	3	4	5	6	7	8	9	10	11	12	13	14	15	200	#
892	755842	0	2	3	4	5	6	7	8	9	10	11	12	13	14	15	17	200	#
893	679699	0	1	2	3	4	5	6	7	8	9	10	11	13	14	15	18	200	#
894	640877	1	2	3	5	6	7	11	15	17	201	#
895	697855	1	2	3	4	5	6	7	9	11	201	#
896	683285	1	2	3	4	5	6	7	11	15	201	#
897	654952	2	3	4	7	8	11	16	17	18	201	#
898	643435	1	2	3	5	6	7	11	13	15	201	#
899	639096	0	1	2	4	5	6	8	9	12	201	#
900	128851	16	17	202	#
901	104660	17	19	202	#
902	84247	13	#
903	799822	1	2	3	4	5	6	7	8	9	10	11	12	13	14	15	203	#
904	932719	0	2	3	4	5	6	8	9	10	11	12	13	14	15	18	203	#
905	907339	0	2	3	4	5	6	7	8	9	11	12	13	14	15	17	203	#
906	898463	0	3	4	5	6	7	8	9	10	11	12	13	14	15	16	203	#
907	894411	0	2	3	4	5	6	7	8	9	10	11	12	13	14	15	203	#
908	880346	0	2	4	5	6	7	8	9	10	11	12	13	14	15	18	203	#
909	409347	4	5	6	8	9	12	13	204	#
910	555090	6	8	9	10	11	13	14	204	#
911	531398	0	4	8	9	13	14	15	204	#
912	505399	4	8	9	10	11	13	14	204	#
913	501672	5	6	7	8	9	11	13	204	#
914	435904	2	6	7	8	9	10	11	204	#
915	698731	0	1	3	4	5	6	7	8	9	10	11	205	#
916	751669	0	4	5	6	7	8	9	10	11	13	14	205	#
917	745715	0	3	4	5	6	7	8	9	10	11	15	205	#
918	719977	0	1	4	5	6	7	8	9	10	11	14	205	#
919	714509	0	4	5	6	8	9	10	11	13	14	15	205	#
920	693460	0	1	4	5	6	7	8	9	10	11	13	205	#
921	109255	14	#
922	234990	1	2	3	7	11	207	#
923	246171	1	2	3	4	5	207	#
924	218531	1	2	3	5	9	207	#
925	162734	6	7	10	11	15	207	#
926	149895	2	3	7	11	12	207	#
927	751414	0	1	2	3	4	5	6	7	8	9	10	11	12	13	14	15	208	#
928	886488	0	1	2	3	4	5	6	7	8	9	10	11	13	15	16	19	208	#
929	862515	0	1	3	4	5	6	7	8	9	10	11	13	14	15	17	18	208	#
930	851352	0	1	2	3	4	5	6	7	8	9	10	11	13	14	15	19	208	#
931	786550	0	1	2	3	4	5	6	7	8	9	10	11	12	13	15	16	208	#
932	698632	2	3	4	5	6	7	8	9	10	11	12	13	14	15	17	19	208	#
933	849052	0	1	2	3	4	5	6	7	8	9	10	11	12	13	14	15	16	17	209	#
934	842052	0	1	2	3	4	5	6	7	8	9	10	11	12	13	14	15	16	18	209	#
935	824123	0	1	2	3	4	5	6	7	8	9	10	11	12	13	14	15	17	18	209	#
936	821994	0	1	2	3	4	5	6	7	8	9	10	11	12	13	14	15	16	19	209	#
937	804066	0	1	2	3	4	5	6	7	8	9	10	11	12	13	14	15	17	19	209	#
938	687104	0	1	2	3	4	6	7	8	9	10	11	12	13	14	15	210	#
939	715437	0	1	2	3	4	6	7	8	9	11	12	13	14	15	17	210	#
940	703131	0	1	2	3	4	5	6	7	8	9	11	12	13	14	15	210	#
941	700765	0	1	2	3	4	5	6	7	8	11	12	13	14	15	16	210	#
942	681679	0	1	2	3	4	5	6	7	8	9	10	11	12	14	15	210	#
943	629622	0	1	2	3	4	5	6	7	8	10	11	12	13	14	15	210	#
944	323263	6	9	10	14	15	211	#
945	340107	9	10	13	14	15	211	#
946	283632	1	5	6	9	10	211	#
947	260680	10	11	13	14	15	211	#
948	231432	6	10	11	13	14	211	#
949	229126	1	2	7	9	13	211	#
950	116696	4	18	212	#
951	138149	8	9	212	#
952	784876	0	1	2	3	4	6	7	8	9	10	11	12	13	14	17	213	#
953	892736	0	2	3	4	6	7	8	9	10	11	12	13	14	15	18	213	#
954	883558	0	2	3	4	5	6	7	8	9	10	11	12	13	14	16	213	#
955	862080	1	2	3	4	6	7	8	9	10	11	12	13	14	16	17	213	#
956	828792	2	3	5	6	7	8	9	10	11	12	13	14	15	16	17	213	#
957	827854	0	4	5	6	7	8	9	10	11	12	13	14	15	16	19	213	#
958	584617	0	1	4	5	6	7	9	10	11	13	14	15	233	#
959	752559	0	1	2	3	4	5	6	7	8	9	10	11	12	13	14	15	214	#
960	788144	0	1	2	3	4	5	6	7	8	9	10	11	12	14	15	19	214	#
961	752183	1	2	3	4	5	6	7	8	9	10	11	12	13	14	15	18	214	#
962	728914	1	2	3	4	5	6	7	8	9	10	11	12	13	14	15	19	214	#
963	899934	0	1	2	3	4	5	6	7	8	9	10	11	12	13	14	15	17	18	215	#
964	936049	0	1	2	3	4	5	6	7	8	9	10	11	12	13	14	15	16	19	215	#
965	919113	0	1	2	3	4	5	6	7	8	9	10	11	12	13	14	15	16	18	215	#
966	916870	0	1	2	3	4	5	6	7	8	9	10	11	12	13	14	15	17	19	215	#
967	915580	0	1	2	3	4	5	6	7	8	9	10	11	12	13	14	15	18	19	215	#
968	143082	1	2	3	216	#
969	197392	2	3	7	216	#
970	143078	1	2	7	216	#
971	509829	4	6	8	9	10	13	14	217	#
972	585372	4	5	6	7	9	10	13	217	#
973	531236	1	5	6	9	10	13	14	217	#
974	507025	6	7	8	9	10	12	14	217	#
975	492773	0	4	5	6	8	9	10	217	#
976	489311	1	2	3	5	6	7	10	217	#
977	665062	2	3	5	6	7	8	9	10	218	#
978	673086	2	3	5	6	7	9	10	14	218	#
979	655942	2	3	5	6	7	9	10	12	218	#
980	598505	2	3	5	6	7	9	10	11	218	#
981	570546	1	2	3	5	6	7	8	9	218	#
982	556386	4	5	6	8	9	10	12	14	218	#
983	388342	3	7	11	13	14	15	219	#
984	474319	2	3	6	7	11	15	219	#
985	426589	2	5	6	7	11	13	219	#
986	410112	5	9	11	13	14	15	219	#
987	341435	2	3	7	10	11	15	219	#
988	337294	7	10	11	13	14	15	219	#
989	148129	9	13	#
990	857890	0	1	2	3	4	5	6	7	8	9	10	11	12	13	14	15	17	273	#
991	798378	0	1	2	3	4	5	6	7	8	9	10	11	12	13	14	15	16	19	221	#
992	779202	0	1	2	3	4	5	6	7	8	9	10	11	12	13	14	15	16	18	221	#
993	770158	0	1	2	3	4	5	6	7	8	9	10	11	12	13	14	15	16	17	221	#
994	738864	0	1	2	3	4	5	6	7	8	9	10	11	12	13	14	15	18	19	221	#
995	729820	0	1	2	3	4	5	6	7	8	9	10	11	12	13	14	15	17	19	221	#
996	710644	0	1	2	3	4	5	6	7	8	9	10	11	12	13	14	15	17	18	221	#
997	834641	0	1	2	3	4	5	6	7	8	9	10	11	12	13	14	15	222	#
998	891402	0	1	2	3	4	5	6	7	8	9	10	11	12	14	15	19	222	#
999	891028	0	1	2	3	4	5	6	8	9	10	11	12	13	14	15	18	222	#
1000	838498	1	2	3	4	5	6	7	8	9	10	11	12	13	14	15	18	222	#
1001	377725	1	5	6	8	9	223	#
1002	348677	1	3	5	6	7	223	#
1003	317944	4	5	6	9	13	223	#
1004	294205	1	4	5	8	9	223	#
1005	293729	5	8	9	12	13	223	#
1006	193292	1	2	3	7	11	223	#
1007	590792	4	5	6	7	8	9	10	11	12	13	224	#
1008	713708	0	3	4	5	6	8	9	12	14	15	224	#
1009	712658	3	6	7	8	9	10	11	13	14	15	224	#
1010	708567	4	5	7	8	9	11	12	13	14	15	224	#
1011	668928	1	2	3	5	6	7	11	14	15	16	224	#
1012	659666	3	4	5	6	7	8	9	10	11	12	224	#
1013	160796	1	2	5	225	#
1014	232484	1	2	16	225	#
1015	168076	1	2	3	225	#
1016	168542	13	14	15	#
1017	297022	0	1	4	5	6	10	293	#
1018	970409	0	1	2	3	4	5	6	7	8	9	10	11	12	13	14	15	19	227	#
1019	1056811	0	1	2	4	5	6	7	8	9	10	11	12	13	14	15	16	19	227	#
1020	1031603	0	1	2	3	4	5	6	7	8	9	10	11	12	13	14	15	16	227	#
1021	1011172	0	1	2	3	4	5	6	7	8	9	10	11	12	13	14	15	18	227	#
1022	916204	0	1	2	3	4	5	6	7	8	9	10	11	12	13	14	15	17	227	#
1023	210689	8	9	12	13	228	#
1024	238700	4	8	9	13	228	#
1025	211249	6	10	13	14	228	#
1026	193031	4	8	9	12	228	#
1027	168801	4	8	12	14	228	#
1028	319065	0	4	5	6	10	229	#
1029	441199	5	6	7	11	15	229	#
1030	397625	5	8	9	10	12	229	#
1031	370735	4	5	6	8	12	229	#
1032	370361	1	4	5	8	9	229	#
1033	298223	0	4	5	7	11	229	#
1034	193731	2	6	7	230	#
1035	165656	3	6	7	230	#
1036	158299	6	10	11	230	#
1037	338107	2	3	5	6	7	231	#
1038	340073	2	3	6	7	10	231	#
1039	294430	2	6	7	10	11	231	#
1040	260131	1	4	5	6	7	231	#
1041	251862	2	3	7	10	11	231	#
1042	162076	1	3	7	11	232	#
1043	194517	6	7	10	11	232	#
1044	175078	1	4	5	9	232	#
1045	608758	0	1	4	5	6	7	8	9	10	12	13	14	233	#
1046	643113	0	1	4	5	6	7	8	9	10	13	14	18	233	#
1047	629215	0	3	4	5	6	7	8	9	10	12	13	14	233	#
1048	625939	0	1	3	4	5	6	7	8	9	10	13	14	233	#
1049	602640	0	1	4	5	6	7	8	9	10	13	14	15	233	#
1050	70915	1	5	#
1051	320670	6	10	11	14	15	234	#
1052	339069	6	9	10	11	15	234	#
1053	304442	6	10	13	14	15	234	#
1054	270832	2	6	7	10	11	234	#
1055	211774	1	2	11	14	15	234	#
1056	207607	10	11	13	14	15	234	#
1057	406469	1	5	9	13	14	15	235	#
1058	422088	5	8	9	13	14	15	235	#
1059	405307	1	2	5	6	9	13	235	#
1060	346927	0	1	4	5	6	8	235	#
1061	345352	5	8	9	12	13	14	235	#
1062	324155	9	10	11	13	14	15	235	#
1063	767737	0	1	2	3	4	5	6	7	8	9	10	11	12	13	14	15	16	17	236	#
1064	815748	0	1	2	3	4	5	6	7	8	9	10	11	12	13	14	15	16	18	236	#
1065	808393	0	1	2	3	4	5	6	7	8	9	10	11	12	13	14	15	17	18	236	#
1066	805273	0	1	2	3	4	5	6	7	8	9	10	11	12	13	14	15	18	19	236	#
1067	764617	0	1	2	3	4	5	6	7	8	9	10	11	12	13	14	15	16	19	236	#
1068	757262	0	1	2	3	4	5	6	7	8	9	10	11	12	13	14	15	17	19	236	#
1069	121213	7	11	237	#
1070	158612	6	7	237	#
1071	84455	10	11	237	#
1072	883466	0	1	2	3	4	5	6	7	8	9	10	11	12	13	14	15	238	#
1073	935700	0	1	2	3	4	5	6	7	8	9	10	12	13	14	15	19	238	#
1074	911567	0	1	2	3	4	5	6	7	8	9	10	11	12	15	18	19	238	#
1075	793897	1	2	3	4	5	6	7	8	9	10	11	12	13	14	15	18	238	#
1076	687831	0	1	3	4	5	6	7	8	10	13	14	15	18	239	#
1077	691889	0	1	4	5	6	7	9	10	11	13	14	15	18	239	#
1078	690927	0	1	2	3	4	5	6	7	9	10	11	14	15	239	#
1079	671009	0	2	3	4	5	6	7	8	9	10	11	12	15	239	#
1080	666437	2	3	4	5	6	7	8	9	10	11	13	14	15	239	#
1081	661650	1	2	3	4	5	6	7	9	10	11	13	15	19	239	#
1082	501614	1	2	6	7	9	10	240	#
1083	565129	6	7	9	10	14	15	240	#
1084	483699	2	6	7	9	10	18	240	#
1085	450341	2	6	7	10	11	15	240	#
1086	442552	1	2	6	7	10	14	240	#
1087	416557	1	2	4	5	6	7	240	#
1088	184524	0	16	241	#
1089	202724	16	18	241	#
1090	324435	0	1	4	5	8	12	254	#
1091	828632	0	1	2	3	4	5	6	7	8	9	10	11	12	13	14	15	242	#
1092	941373	0	1	2	3	4	5	6	7	8	9	10	11	13	14	15	16	242	#
1093	905576	0	1	3	4	5	6	7	8	9	10	11	12	13	14	15	17	242	#
1094	900489	0	1	2	3	4	5	6	7	8	9	10	11	13	14	15	17	242	#
1095	846553	0	1	4	5	6	7	8	9	10	11	12	13	14	15	18	19	242	#
1096	808294	0	1	2	3	4	5	6	8	9	10	11	12	13	14	15	19	242	#
1097	349178	1	2	3	5	7	11	243	#
1098	414680	2	3	7	9	10	11	243	#
1099	352413	1	2	3	7	10	11	243	#
1100	342192	1	2	3	4	5	9	243	#
1101	276581	1	4	5	8	9	13	243	#
1102	497673	5	8	9	11	12	13	14	15	244	#
1103	672642	3	7	8	9	11	13	14	15	244	#
1104	608032	2	3	7	9	11	13	14	15	244	#
1105	599911	2	3	7	8	9	11	13	19	244	#
1106	566424	7	8	9	11	12	13	14	15	244	#
1107	521447	2	3	6	7	11	13	14	15	244	#
1108	572525	0	1	2	3	4	5	6	7	8	9	10	11	12	13	14	15	245	#
1109	669082	0	1	2	3	4	5	6	7	8	9	10	11	13	14	15	18	245	#
1110	647216	0	1	2	3	4	5	6	7	8	9	10	11	13	14	15	16	245	#
1111	635771	0	2	3	4	5	6	7	8	9	10	11	12	13	14	15	17	245	#
1112	598705	1	2	3	4	5	6	7	8	9	10	11	12	13	14	15	16	245	#
1113	845325	0	1	2	3	4	5	6	7	8	9	10	11	12	13	14	15	19	246	#
1114	886493	0	1	2	3	4	5	6	7	8	9	10	11	12	13	14	15	16	246	#
1115	850725	1	2	3	4	5	6	7	8	9	10	11	12	13	14	15	16	19	246	#
1116	839091	0	1	2	3	4	5	6	7	8	9	10	11	12	13	14	15	18	246	#
1117	763106	0	1	2	3	4	5	6	7	8	9	10	11	12	13	14	15	17	246	#
1118	517028	4	5	6	8	9	10	11	13	14	15	247	#
1119	605805	0	4	5	6	7	8	9	10	13	14	247	#
1120	550908	0	2	3	4	5	6	7	10	12	14	247	#
1121	525186	0	1	2	4	5	6	7	8	10	14	247	#
1122	522040	2	3	4	5	6	7	10	11	14	15	247	#
1123	504908	1	2	5	6	7	10	11	13	14	15	247	#
1124	743271	4	5	6	7	8	9	10	11	12	13	14	248	#
1125	756920	0	4	5	6	7	8	9	10	11	13	14	248	#
1126	737970	1	3	5	6	7	8	9	10	12	13	14	248	#
1127	733104	3	5	6	7	8	9	10	11	12	13	14	248	#
1128	728288	1	4	5	6	8	9	10	11	12	13	14	248	#
1129	717265	1	2	3	5	6	7	8	9	10	13	14	248	#
1130	943725	0	4	5	6	7	8	9	10	11	12	13	14	15	249	#
1131	1026565	0	4	6	7	8	9	10	11	12	13	14	15	16	249	#
1132	1004990	0	3	4	6	7	8	9	10	11	12	13	14	15	249	#
1133	976879	0	3	4	6	7	8	9	10	11	13	14	15	19	249	#
1134	959387	3	4	5	6	7	8	9	10	11	13	14	15	16	249	#
1135	938716	0	4	6	7	8	9	10	11	12	13	14	15	18	249	#
1136	915744	0	1	2	3	4	5	6	7	8	9	10	11	12	13	14	15	19	250	#
1137	918466	0	1	2	3	4	5	6	7	8	9	10	11	12	13	14	15	16	250	#
1138	872185	0	1	2	3	4	5	6	7	8	9	10	11	12	13	14	15	18	250	#
1139	837835	0	1	2	3	4	5	6	7	8	9	10	11	12	13	14	15	17	250	#
1140	794053	0	1	2	3	4	5	6	7	8	9	10	13	14	15	251	#
1141	794051	1	2	3	5	6	7	8	9	10	11	13	14	15	18	251	#
1142	785515	1	2	3	4	5	6	7	8	9	10	12	13	14	15	251	#
1143	780096	1	2	3	5	6	7	8	9	10	11	12	13	14	15	251	#
1144	762368	1	2	3	4	5	6	7	8	9	10	11	12	13	15	251	#
1145	754524	1	2	3	4	5	6	7	8	9	10	11	13	14	15	251	#
1146	585983	1	5	6	9	10	11	13	14	15	252	#
1147	636576	4	5	6	9	10	11	13	14	15	252	#
1148	636447	5	6	9	10	11	13	14	15	16	252	#
1149	632839	0	1	4	5	9	10	11	14	15	252	#
1150	551118	4	5	6	8	9	10	11	13	14	252	#
1151	538134	1	2	5	6	9	10	11	13	14	252	#
1152	383276	5	6	9	13	14	15	254	#
1153	416621	1	2	3	5	7	8	9	10	11	15	253	#
1154	545095	5	7	8	9	10	11	12	13	14	15	253	#
1155	543026	1	2	3	5	7	9	11	13	14	15	253	#
1156	539808	5	6	8	9	10	11	12	13	14	15	253	#
1157	526819	1	5	6	8	9	10	11	13	14	15	253	#
1158	525956	1	2	5	7	9	10	11	13	14	15	253	#
1159	339494	8	9	10	14	15	19	254	#
1160	746219	0	1	2	3	4	5	6	7	8	9	10	11	12	13	14	15	255	#
1161	812501	1	2	3	4	5	6	7	8	9	10	11	13	14	15	16	18	255	#
1162	791904	0	1	2	4	5	6	7	8	9	10	11	12	13	14	15	19	255	#
1163	787465	1	2	3	4	5	6	7	8	9	10	11	12	13	14	15	16	255	#
1164	749484	1	2	3	4	5	6	7	8	9	10	11	12	13	14	15	18	255	#
1165	728648	1	2	3	4	5	6	7	8	9	10	11	12	13	14	15	17	255	#
1166	313990	3	5	6	7	256	#
1167	338202	5	6	7	14	256	#
1168	308466	4	5	6	9	256	#
1169	227475	2	3	6	7	256	#
1170	693201	0	1	2	3	4	5	6	7	8	9	10	11	12	13	14	15	257	#
1171	743980	0	1	2	3	4	5	6	7	8	9	10	11	12	13	15	19	257	#
1172	698076	1	2	3	4	5	6	7	8	9	10	11	12	13	14	15	17	257	#
1173	669467	3	4	5	6	7	8	9	10	11	13	14	16	258	#
1174	672638	0	1	2	3	4	5	6	7	9	11	16	19	258	#
1175	623558	1	3	4	5	6	7	8	9	10	12	13	14	258	#
1176	620672	3	4	5	6	7	8	9	10	11	12	13	14	258	#
1177	608227	3	4	5	6	7	8	9	10	11	13	14	15	258	#
1178	603607	1	2	3	4	5	6	7	9	10	11	13	14	258	#
1179	1064307	0	1	2	3	4	5	6	7	8	9	10	11	12	13	14	15	259	#
1180	1101935	0	1	2	3	4	5	7	8	9	10	11	12	13	14	15	17	259	#
1181	328245	6	8	9	10	11	12	13	18	260	#
1182	430914	4	6	8	9	10	12	16	18	260	#
1183	420342	6	7	9	10	11	13	14	15	260	#
1184	399302	6	7	8	9	10	12	13	14	260	#
1185	377561	4	6	8	9	10	11	13	14	260	#
1186	333767	0	4	5	6	8	9	12	13	260	#
1187	927273	0	1	2	3	4	5	6	7	8	9	10	11	12	13	14	15	261	#
1188	1049655	0	2	3	4	5	6	7	8	9	10	11	12	13	14	15	16	261	#
1189	1030889	0	2	3	4	5	6	7	8	9	10	11	12	13	14	15	18	261	#
1190	982988	0	1	2	3	4	5	6	7	8	9	10	11	13	14	15	16	261	#
1191	592060	1	2	3	6	7	9	10	11	14	15	262	#
1192	609402	1	2	3	6	7	9	10	11	13	15	262	#
1193	586291	1	2	3	6	7	8	9	10	11	15	262	#
1194	579124	0	4	6	8	9	10	11	12	13	15	262	#
1195	573243	2	6	7	8	9	10	11	13	14	15	262	#
1196	565755	2	5	6	7	9	10	11	13	14	15	262	#
1197	788978	0	1	2	3	4	5	6	7	8	9	10	11	12	13	14	15	263	#
1198	840463	0	1	2	3	4	5	6	7	8	9	10	11	13	14	15	18	263	#
1199	798841	0	1	2	3	4	5	6	7	8	9	10	11	12	13	14	18	263	#
1200	789537	0	1	2	4	5	6	7	8	9	10	11	12	13	14	15	18	263	#
1201	784698	1	2	3	4	5	6	7	8	9	10	11	12	13	14	15	19	263	#
1202	726235	1	2	3	4	5	6	7	8	9	10	11	12	13	14	15	16	263	#
1203	298439	2	6	7	10	264	#
1204	308468	2	5	6	7	264	#
1205	264147	6	8	9	10	264	#
1206	246547	1	2	6	7	264	#
1207	329841	1	2	4	5	8	12	293	#
1208	172469	2	6	7	265	#
1209	153409	6	7	11	265	#
1210	671055	0	2	3	4	5	6	7	8	9	10	11	13	14	15	17	266	#
1211	737327	1	2	3	5	6	7	8	9	10	11	12	13	14	15	16	266	#
1212	708186	0	1	2	3	4	5	6	7	8	9	10	11	13	15	16	266	#
1213	680530	0	1	2	3	4	5	6	7	9	10	11	13	14	15	17	266	#
1214	669044	1	2	3	5	6	7	8	9	10	11	12	13	14	15	18	266	#
1215	663665	0	1	2	3	4	5	6	7	8	9	10	11	13	14	15	266	#
1216	364791	5	6	9	10	13	267	#
1217	429147	1	5	6	9	13	267	#
1218	406880	5	6	9	13	14	267	#
1219	388359	3	6	7	8	9	267	#
1220	372669	5	6	8	9	13	267	#
1221	351752	6	7	9	10	11	267	#
1222	802589	0	1	2	3	4	5	6	7	8	9	10	11	12	13	14	15	18	268	#
1223	911855	0	1	4	5	6	7	8	9	10	11	12	13	14	15	16	17	18	268	#
1224	841636	0	1	2	3	4	5	6	7	8	9	10	11	12	13	14	15	16	268	#
1225	788647	0	1	2	3	4	5	6	7	8	9	10	11	12	13	14	15	17	268	#
1226	771916	0	1	2	3	4	5	6	7	8	9	10	11	12	13	14	15	19	268	#
1227	315931	9	10	14	15	269	#
1228	355208	9	13	14	15	269	#
1229	313946	3	7	13	14	269	#
1230	226862	10	11	14	15	269	#
1231	583250	4	5	6	9	10	11	13	14	15	19	270	#
1232	582188	0	3	4	5	6	7	9	10	11	14	270	#
1233	561059	3	4	5	6	7	9	10	11	13	14	270	#
1234	556389	4	5	6	7	9	10	11	13	14	15	270	#
1235	555090	0	4	5	6	9	10	11	13	14	15	270	#
1236	538052	0	4	5	6	7	10	11	13	14	15	270	#
1237	229756	7	9	10	11	14	271	#
1238	237946	1	2	6	7	10	271	#
1239	225458	7	9	10	11	13	271	#
1240	199188	6	9	10	13	14	271	#
1241	192940	2	7	10	11	15	271	#
1242	352867	3	8	11	12	15	18	293	#
1243	273742	8	9	12	272	#
1244	202726	4	8	12	272	#
1245	874310	0	1	2	3	4	5	6	7	8	9	10	11	12	13	14	15	18	273	#
1246	1006022	0	1	2	3	4	5	6	7	8	9	10	11	12	14	15	16	18	273	#
1247	954335	0	1	2	3	4	5	6	7	8	9	10	11	12	13	14	15	16	273	#
1248	498506	1	2	3	5	6	7	11	16	274	#
1249	747593	6	7	8	9	10	11	14	15	274	#
1250	692823	5	6	7	8	9	10	11	19	274	#
1251	691582	1	5	6	7	9	10	11	14	274	#
1252	636288	4	6	7	8	9	10	11	15	274	#
1253	578688	1	2	5	6	7	9	10	11	274	#
1254	95706	7	#
1255	707045	0	1	2	3	4	5	6	7	8	9	10	11	12	13	14	15	17	275	#
1256	764762	0	1	2	3	4	5	6	7	8	9	10	11	12	13	14	15	18	275	#
1257	747596	0	1	2	3	4	5	6	7	8	9	10	11	12	13	14	15	16	275	#
1258	689376	0	1	2	3	4	5	6	7	8	9	10	11	12	13	14	15	19	275	#
1259	365460	0	4	5	6	10	276	#
1260	383117	4	5	6	9	10	276	#
1261	370884	0	1	4	5	6	276	#
1262	367430	6	7	10	13	14	276	#
1263	335819	0	1	4	5	8	276	#
1264	315979	5	6	9	10	11	276	#
1265	288838	1	2	3	4	5	8	9	277	#
1266	348122	3	4	6	8	9	10	12	277	#
1267	341866	1	4	5	8	9	13	14	277	#
1268	303205	0	4	8	9	10	12	14	277	#
1269	302201	0	1	2	3	4	5	7	277	#
1270	292468	4	8	9	10	11	12	13	277	#
1271	412079	0	1	4	5	8	9	10	12	14	278	#
1272	577034	0	1	4	5	6	10	13	14	15	278	#
1273	541234	1	4	5	6	9	10	13	14	15	278	#
1274	535428	1	2	3	5	6	9	10	13	14	278	#
1275	524025	0	1	4	5	6	11	13	14	15	278	#
1276	514435	4	5	6	8	9	10	13	14	15	278	#
1277	304320	4	5	6	10	14	279	#
1278	333726	3	5	6	7	19	279	#
1279	309845	11	13	14	15	16	279	#
1280	303274	0	3	4	5	8	279	#
1281	291503	6	7	10	11	14	279	#
1282	241011	5	6	9	10	11	279	#
1283	361666	0	4	5	6	9	280	#
1284	298443	0	4	8	9	13	280	#
1285	282372	4	8	9	12	13	280	#
1286	279814	4	5	6	9	10	280	#
1287	248026	0	4	8	9	10	280	#
1288	216010	1	2	6	7	16	280	#
1289	297817	2	7	11	14	15	281	#
1290	361459	9	11	13	14	15	281	#
1291	339994	7	9	10	11	15	281	#
1292	291584	2	3	7	11	15	281	#
1293	252084	3	6	7	10	11	281	#
1294	239093	1	2	3	7	11	281	#
1295	810153	0	1	2	3	4	5	6	7	8	9	10	11	12	13	14	15	282	#
1296	844983	0	1	2	3	4	5	7	8	9	10	11	12	13	14	15	18	282	#
1297	843964	0	1	2	3	4	5	7	8	10	11	12	13	14	15	17	18	282	#
1298	842835	0	1	2	3	4	5	6	7	8	9	10	11	12	13	14	17	282	#
1299	835461	0	1	2	3	4	5	6	7	8	9	10	11	13	14	15	18	282	#
1300	784768	0	1	2	3	4	5	6	7	8	9	10	11	13	14	15	16	282	#
1301	235147	4	5	6	9	283	#
1302	288946	2	5	6	7	283	#
1303	264053	5	9	13	14	283	#
1304	238927	4	5	6	10	283	#
1305	230936	4	8	9	12	283	#
1306	761184	0	1	2	3	4	5	6	7	8	9	10	11	12	13	14	15	284	#
1307	828951	0	1	2	4	5	6	7	8	9	10	11	12	13	14	15	18	284	#
1308	811537	0	1	2	4	5	6	7	8	9	10	11	12	13	14	15	17	284	#
1309	778332	1	2	4	5	6	7	8	9	10	11	12	13	14	15	18	19	284	#
1310	753008	0	1	2	3	4	5	6	7	8	9	10	11	12	13	14	15	285	#
1311	795000	0	1	2	3	4	5	7	8	9	10	11	12	13	14	15	16	285	#
1312	777595	0	1	2	3	4	5	6	7	8	9	10	12	13	14	15	17	285	#
1313	775209	0	1	2	4	5	6	7	8	9	10	11	12	13	14	15	18	285	#
1314	939480	0	1	2	3	4	5	6	7	8	9	10	11	12	13	14	15	17	18	286	#
1315	1026159	0	1	2	3	4	5	6	7	8	9	10	11	12	13	14	15	16	18	286	#
1316	1014302	0	1	2	3	4	5	6	7	8	9	10	11	12	13	14	15	16	19	286	#
1317	986576	0	1	2	3	4	5	6	7	8	9	10	11	12	13	14	15	16	17	286	#
1318	967206	0	1	2	3	4	5	6	7	8	9	10	11	12	13	14	15	18	19	286	#
1319	927623	0	1	2	3	4	5	6	7	8	9	10	11	12	13	14	15	17	19	286	#
1320	134624	2	3	287	#
1321	97600	2	7	287	#
1322	809411	0	4	5	6	9	10	11	13	14	15	288	#
1323	821561	4	5	6	7	9	10	11	13	14	15	288	#
1324	802007	5	6	7	8	9	10	11	13	14	15	288	#
1325	799928	4	5	6	8	9	10	11	13	14	15	288	#
1326	778802	1	2	5	6	9	10	11	13	14	15	288	#
1327	754078	0	4	5	6	8	9	10	13	14	15	288	#
1328	665871	1	4	5	6	8	9	10	13	14	15	289	#
1329	746441	1	4	5	6	7	9	10	11	14	15	289	#
1330	736054	1	4	5	6	7	9	10	11	13	14	289	#
1331	728458	0	1	4	5	6	9	10	13	14	15	289	#
1332	711277	2	5	6	7	9	10	11	13	14	15	289	#
1333	705324	1	3	5	7	9	10	11	13	14	15	289	#
1334	567703	1	2	3	4	5	6	7	9	10	11	12	13	14	16	290	#
1335	634958	1	2	3	4	5	6	7	8	9	10	11	13	14	18	290	#
1336	601957	2	3	4	5	6	7	8	9	10	11	13	14	15	19	290	#
1337	601832	0	1	2	3	4	5	6	7	8	9	10	11	14	15	290	#
1338	595818	0	1	2	3	4	5	6	7	9	10	11	13	14	15	290	#
1339	587481	1	2	3	5	6	7	9	10	11	13	14	15	16	19	290	#
1340	234753	1	2	3	7	291	#
1341	332219	3	6	7	19	291	#
1342	236260	2	3	7	11	291	#
1343	219278	1	2	5	7	291	#
1344	265348	2	3	5	6	7	292	#
1345	317647	5	6	7	11	15	292	#
1346	302578	0	1	4	5	8	292	#
1347	271600	1	4	5	6	10	292	#
1348	261564	1	2	3	5	7	292	#
1349	257170	3	7	10	11	15	292	#
1350	314656	1	2	3	4	5	8	293	#
1351	430226	4	5	8	9	12	13	293	#
1352	411171	4	5	8	11	14	15	293	#
1353	288678	0	4	8	9	294	#
1354	302271	0	4	5	19	294	#
1355	271522	0	4	5	8	294	#
1356	236862	4	5	6	8	294	#
1357	214865	0	8	9	12	294	#
1358	863907	0	3	4	5	6	7	8	9	10	11	13	14	295	#
1359	851527	0	2	3	4	6	7	8	9	10	11	12	14	295	#
1360	795233	0	2	4	5	6	7	8	9	10	11	13	14	295	#
1361	792426	2	3	4	5	6	7	8	9	10	11	12	14	295	#
1362	783878	2	3	4	5	6	7	9	10	11	13	14	19	295	#
1363	768230	1	2	3	4	5	6	7	8	9	10	11	14	295	#
1364	762261	0	1	2	3	4	5	6	7	8	9	10	11	12	13	14	15	18	296	#
1365	861357	0	1	2	3	4	5	6	7	8	9	10	11	13	14	15	16	18	296	#
1366	821689	0	1	2	3	4	5	6	7	8	9	10	11	12	13	14	15	16	296	#
1367	788160	0	1	2	3	4	5	6	7	8	9	10	11	12	13	14	15	17	296	#
1368	782993	0	1	2	3	4	5	6	7	8	9	10	11	12	13	14	15	19	296	#
1369	833373	2	3	4	5	6	7	8	9	10	11	12	15	16	297	#
1370	897179	3	4	5	7	8	9	10	11	12	14	15	18	19	297	#
1371	876955	3	4	5	6	7	8	9	10	11	12	14	15	18	297	#
1372	838616	2	3	4	5	7	8	9	10	11	12	14	15	16	297	#
1373	836597	2	3	4	5	7	8	9	10	11	12	14	15	18	297	#
1374	807990	0	3	4	5	6	7	8	9	10	11	12	14	15	297	#
1375	216649	1	5	6	298	#
1376	249025	5	6	9	298	#
1377	83679	1	2	7	298	#
1378	738211	0	1	2	3	4	5	6	7	8	9	10	11	12	13	14	15	299	#
1379	785373	0	1	3	4	5	6	7	8	9	10	11	12	13	14	15	17	299	#
1380	781726	0	1	2	3	4	5	6	7	8	9	10	11	12	13	15	18	299	#
1381	764670	0	1	2	3	4	5	6	7	8	9	10	11	12	13	15	16	299	#
1382	764071	0	1	2	3	4	5	6	7	8	9	10	11	13	14	15	18	299	#
1383	259961	4	5	6	8	12	300	#
1384	320196	2	4	5	6	7	300	#
1385	270227	4	8	9	12	13	300	#
1386	268978	4	5	8	9	12	300	#
1387	260542	0	4	5	9	10	300	#
1388	400422	1	2	3	5	6	7	11	301	#
1389	487966	2	6	7	10	11	14	15	301	#
1390	471992	1	2	5	6	7	9	10	301	#
1391	397286	1	2	3	6	7	10	11	301	#
1392	388774	1	2	4	5	6	7	10	301	#
1393	331965	3	5	7	8	11	14	15	301	#
1394	841722	0	1	2	3	4	5	6	7	8	9	10	11	12	13	14	15	302	#
1395	921666	0	2	3	4	5	6	7	8	9	10	11	12	13	14	15	19	302	#
1396	1001611	0	1	2	3	4	5	6	7	8	9	10	11	12	13	14	15	303	#
1397	1106131	0	2	3	4	5	6	7	8	9	10	11	12	13	14	15	19	303	#
1398	1059052	0	2	3	4	5	6	7	8	9	10	11	12	13	14	15	16	303	#
1399	1056691	0	1	2	3	4	5	6	7	8	9	10	11	12	13	14	19	303	#
1400	1045373	0	1	2	3	4	5	6	7	8	9	10	11	12	13	14	18	303	#
1401	1011963	0	1	3	4	5	6	7	8	9	10	11	12	13	14	15	18	303	#
1402	600666	3	6	7	9	10	11	13	14	15	304	#
1403	606312	2	3	6	7	9	10	13	14	15	304	#
1404	558271	3	7	9	10	11	13	14	15	16	304	#
1405	534615	2	3	7	9	10	11	13	14	15	304	#
1406	532280	2	3	6	7	10	11	13	14	15	304	#
1407	531924	6	7	9	10	11	13	14	15	16	304	#
1408	233382	6	7	10	11	305	#
1409	292128	2	7	10	14	305	#
1410	264049	3	9	10	11	305	#
1411	252077	1	5	6	9	305	#
1412	174366	9	10	11	13	305	#
1413	380370	0	1	2	3	4	5	8	9	12	306	#
1414	472613	0	2	4	5	7	8	9	10	13	306	#
1415	451978	0	4	5	8	9	10	12	13	14	306	#
1416	450386	0	1	2	3	4	5	6	7	9	306	#
1417	445079	1	2	5	7	9	10	13	14	15	306	#
1418	412813	0	4	5	8	9	13	14	307	#
1419	429652	3	7	9	11	13	14	15	307	#
1420	402042	3	6	7	11	13	14	15	307	#
1421	365163	0	1	4	5	6	8	9	307	#
1422	348551	4	8	9	10	12	13	14	307	#
1423	320501	0	1	4	5	8	9	12	307	#
1424	573759	0	1	2	3	4	5	6	7	8	9	10	11	12	13	14	15	308	#
1425	721176	0	1	2	3	4	5	6	7	8	9	10	11	13	14	15	16	308	#
1426	707434	0	1	2	3	4	5	6	7	8	9	10	12	13	14	15	16	308	#
1427	683839	0	1	2	3	4	5	6	7	8	9	10	11	13	14	15	18	308	#
1428	668728	0	1	2	3	4	5	6	7	8	9	10	11	12	13	15	16	308	#
1429	374191	5	6	9	10	11	15	309	#
1430	387961	4	5	6	9	10	13	309	#
1431	355859	5	9	10	11	13	15	309	#
1432	353418	6	9	10	13	14	15	309	#
1433	318067	6	10	11	13	14	15	309	#
1434	296735	7	10	11	13	14	15	309	#
1435	484628	2	3	6	7	9	10	11	14	15	310	#
1436	497112	5	6	7	9	10	11	13	14	15	310	#
1437	469920	1	2	3	5	6	7	9	10	14	310	#
1438	425637	1	5	6	7	9	10	11	13	14	310	#
1439	424513	0	4	5	6	9	10	11	13	15	310	#
1440	409517	1	2	4	5	6	7	8	9	13	310	#
1441	476904	0	1	3	4	5	6	7	11	311	#
1442	649589	5	6	7	9	11	13	14	15	311	#
1443	600502	5	7	9	10	11	13	14	15	311	#
1444	544131	1	2	3	4	5	6	7	9	311	#
1445	491857	2	3	6	7	10	11	14	15	311	#
1446	454997	0	1	2	4	5	6	9	11	311	#
1447	844327	0	1	2	3	4	5	6	7	9	10	11	13	14	15	312	#
1448	848331	1	2	3	4	5	6	7	9	10	11	13	14	15	18	312	#
1449	817403	1	2	3	4	5	6	7	9	10	11	13	14	15	19	312	#
1450	814001	0	1	2	4	5	6	7	8	9	11	12	13	14	18	312	#
1451	795338	0	1	2	3	4	5	6	7	8	10	11	13	14	15	312	#
1452	793081	1	2	3	4	5	6	7	9	10	11	13	14	15	17	312	#
1453	847917	0	1	2	3	4	5	6	7	8	9	10	11	12	13	14	15	313	#
1454	999038	0	1	2	3	4	5	6	7	8	9	10	11	12	15	16	19	313	#
1455	927986	0	1	2	3	4	5	6	7	8	9	10	11	14	15	16	17	313	#
1456	906906	0	1	2	3	4	5	6	7	8	9	10	11	12	13	15	16	313	#
1457	818285	0	1	2	3	4	5	6	7	8	9	10	11	13	14	15	17	313	#
1458	943605	0	1	2	3	4	5	6	7	8	9	10	11	12	14	15	314	#
1459	982772	0	1	2	3	4	5	6	7	8	9	10	12	13	14	16	314	#
1460	965293	0	1	3	4	5	6	7	8	9	10	11	12	14	15	18	314	#
1461	936951	0	1	2	3	4	5	6	7	8	9	10	12	13	14	15	314	#
1462	908488	0	1	2	3	4	5	7	8	9	10	11	12	14	15	17	314	#
1463	908035	0	1	2	3	4	5	6	7	8	9	10	11	13	14	15	314	#
1464	74852	10	17	315	#
1465	57445	10	11	315	#
1466	129368	1	2	3	#
1467	546326	2	3	6	7	9	10	11	14	15	317	#
1468	639849	3	6	7	8	9	10	11	14	15	317	#
1469	616562	0	3	5	6	7	10	11	14	15	317	#
1470	608095	4	6	7	8	9	10	11	14	15	317	#
1471	563645	3	5	6	7	8	9	10	11	13	317	#
1472	632663	0	1	2	3	4	5	6	7	8	9	10	11	12	13	14	15	17	318	#
1473	696637	0	1	2	3	4	5	6	7	8	9	10	11	12	13	14	15	18	318	#
1474	682864	0	1	2	3	4	5	6	7	9	10	11	13	14	15	16	17	19	318	#
1475	650336	0	1	2	3	4	5	6	7	8	9	10	11	12	13	14	15	16	318	#
1476	644748	0	1	2	3	4	5	6	7	8	9	10	11	12	13	14	15	19	318	#
1477	471481	6	7	9	10	11	13	319	#
1478	498817	6	7	9	10	11	15	319	#
1479	498411	6	9	10	11	13	15	319	#
1480	397055	4	6	8	9	10	13	319	#
1481	390594	6	8	9	10	11	12	319	#
1482	371939	2	3	7	11	15	322	#
1483	381825	5	6	7	11	15	322	#
1484	364570	7	9	10	11	15	322	#
1485	361839	6	10	14	15	19	322	#
1486	343890	2	3	6	7	11	322	#
1487	336877	1	2	3	6	7	322	#
1488	142563	8	9	10	323	#
1489	201278	0	4	8	323	#
1490	198182	9	10	11	323	#
1491	189516	9	10	13	323	#
1492	377005	5	9	10	13	14	324	#
1493	433188	4	5	9	13	14	324	#
1494	345247	1	5	6	8	9	324	#
1495	338445	4	5	8	9	13	324	#
1496	313368	6	7	10	11	14	324	#
1497	764420	0	1	2	3	4	5	6	7	8	9	10	11	12	13	14	15	325	#
1498	827202	0	1	2	3	4	5	6	7	8	9	10	12	13	14	15	17	325	#
1499	821420	0	1	2	3	4	5	6	7	8	9	10	12	13	14	15	19	325	#
1500	780683	1	2	3	4	5	6	7	8	9	10	11	12	13	14	15	18	325	#
1501	780286	0	1	2	3	4	5	6	7	8	9	10	11	12	13	14	17	325	#
1502	738402	1	2	3	4	5	6	7	8	9	10	11	12	13	14	15	17	325	#
1503	890340	0	1	2	3	4	5	6	7	8	9	10	11	12	13	14	15	326	#
1504	925965	0	1	2	4	5	6	7	8	9	10	11	12	13	14	15	16	326	#
1505	901969	1	2	3	4	5	6	7	8	9	10	11	12	13	14	15	17	326	#
1506	193102	1	2	3	7	11	327	#
1507	288131	2	5	6	7	10	327	#
1508	235571	7	10	11	13	14	327	#
1509	216751	0	2	3	7	10	327	#
1510	187731	2	3	7	10	11	327	#
1511	286726	0	4	8	9	12	328	#
1512	294319	0	4	8	9	16	328	#
1513	266252	8	9	10	12	14	328	#
1514	943776	0	1	2	3	4	5	6	7	8	9	10	11	12	13	14	15	16	19	329	#
1515	959632	0	1	2	3	4	5	6	7	8	9	10	11	12	13	14	15	16	18	329	#
1516	948893	0	1	2	3	4	5	6	7	8	9	10	11	12	13	14	15	18	19	329	#
1517	942334	0	1	2	3	4	5	6	7	8	9	10	11	12	13	14	15	17	18	329	#
1518	937217	0	1	2	3	4	5	6	7	8	9	10	11	12	13	14	15	16	17	329	#
1519	926477	0	1	2	3	4	5	6	7	8	9	10	11	12	13	14	15	17	19	329	#
1520	807446	0	1	2	3	4	5	6	7	8	9	10	11	12	13	14	15	330	#
1521	933773	0	1	2	3	4	5	6	7	8	9	10	11	13	14	15	16	330	#
1522	903070	0	1	2	3	4	5	6	7	8	9	10	11	13	14	15	17	330	#
1523	888836	0	1	2	3	4	5	6	7	8	9	10	11	13	14	15	18	330	#
1524	674024	0	4	5	6	8	9	10	12	13	14	15	331	#
1525	711115	1	2	4	5	6	7	9	10	13	14	15	331	#
1526	702360	2	5	6	7	8	9	10	12	13	14	15	331	#
1527	698739	1	2	3	5	6	7	9	10	13	14	15	331	#
1528	666948	1	2	5	6	7	8	9	10	12	13	14	331	#
1529	655989	1	2	3	4	5	6	7	9	10	13	14	331	#
1530	610271	1	2	4	5	6	7	8	10	11	13	14	15	332	#
1531	668145	1	2	3	6	7	9	10	11	13	14	15	16	332	#
1532	660841	1	2	5	6	7	8	9	10	11	12	14	15	332	#
1533	645955	1	2	5	6	7	8	9	10	11	13	14	15	332	#
1534	635580	2	3	5	6	7	8	9	10	11	13	14	15	332	#
1535	630359	4	5	6	7	8	9	10	11	12	13	14	15	332	#
1536	220094	4	8	9	333	#
1537	138856	0	4	8	333	#
1538	94018	0	4	5	333	#
1539	204174	1	2	3	5	334	#
1540	207683	1	2	5	6	334	#
1541	170585	2	3	7	11	334	#
1542	657393	0	1	2	3	4	5	6	7	8	9	10	11	12	13	14	15	335	#
1543	789876	0	1	2	3	4	5	6	7	9	10	11	12	13	14	15	16	335	#
1544	788495	0	1	2	3	4	5	6	7	9	10	11	13	14	15	16	17	335	#
1545	777738	0	1	2	3	4	5	6	7	8	9	10	11	13	14	15	16	335	#
1546	746386	0	2	3	4	5	6	7	8	9	10	11	12	13	14	15	18	335	#
1547	739351	0	1	2	3	4	5	6	8	9	10	11	12	13	14	15	16	335	#
1548	467223	1	4	5	6	9	10	11	13	15	336	#
1549	494535	1	2	4	5	6	9	10	11	13	336	#
1550	480292	2	6	7	8	9	10	11	13	14	336	#
1551	479937	1	2	3	4	5	6	9	10	11	336	#
1552	468488	1	2	3	5	6	7	9	10	11	336	#
1553	399744	1	4	5	6	8	9	10	11	15	336	#
1554	757666	0	1	2	3	4	5	6	7	8	9	10	11	12	13	14	15	337	#
1555	838620	1	2	3	4	5	6	7	8	9	10	11	13	14	15	16	18	337	#
1556	809448	0	1	2	3	4	5	6	7	8	9	10	11	13	14	15	19	337	#
1557	808636	0	1	2	3	4	5	6	7	8	9	10	11	13	14	15	18	337	#
1558	772069	0	1	2	3	4	5	6	7	8	9	10	11	13	14	15	17	337	#
1559	492059	6	7	9	10	13	14	15	338	#
1560	540881	6	9	10	13	14	15	16	338	#
1561	442176	3	6	7	9	10	13	14	338	#
1562	436090	2	3	6	7	9	10	14	338	#
1563	432981	2	3	6	7	9	10	13	338	#
1564	208035	3	6	7	10	11	339	#
1565	258509	5	6	10	13	14	339	#
1566	251837	9	10	11	13	14	339	#
1567	193250	6	10	11	340	#
1568	239377	4	5	6	340	#
1569	215795	9	10	11	340	#
1570	159578	10	11	15	340	#
1571	250051	0	4	5	8	12	341	#
1572	299954	4	5	8	9	10	341	#
1573	286667	5	8	9	10	12	341	#
1574	266471	4	5	8	9	12	341	#
1575	246556	0	1	4	5	9	341	#
1576	245356	1	4	5	8	12	341	#
1577	264758	9	13	14	342	#
1578	235068	11	14	15	342	#
1579	211275	4	9	13	342	#
1580	205020	8	9	13	342	#
1581	251966	11	14	15	343	#
1582	272087	7	11	15	343	#
1583	140001	9	13	14	343	#
1584	165800	3	7	344	#
1585	116435	2	3	344	#
1586	420765	6	7	10	11	14	15	345	#
1587	433313	6	9	10	11	14	15	345	#
1588	368539	6	7	10	11	13	15	345	#
1589	321330	4	5	6	10	13	14	345	#
1590	302402	1	2	3	6	7	10	345	#
1591	262920	1	8	9	10	13	14	345	#
1592	531228	4	5	6	8	9	12	13	14	346	#
1593	603044	0	1	4	5	6	7	8	9	346	#
1594	576827	4	5	6	7	8	9	10	12	346	#
1595	569902	1	5	6	7	8	9	10	11	346	#
1596	568314	0	4	5	6	8	9	10	14	346	#
1597	543969	0	4	5	6	8	9	13	14	346	#
1598	819116	0	1	2	3	4	5	6	7	8	9	10	11	12	13	14	15	17	347	#
1599	826061	0	1	2	3	4	5	6	7	8	9	10	11	12	13	14	15	16	347	#
1600	792768	0	1	2	3	4	5	6	7	8	9	10	11	12	13	14	15	19	347	#
1601	788595	0	1	2	3	4	5	6	7	8	9	10	11	12	13	14	15	18	347	#
