%% File generated by CATS v.2.1Mon Aug 19 20:28:52 2019

%% The CATS webpage is http://robotics.stanford.edu/CATS

%% PARAMETER SETTINGS:
% Goods: 20; Bids: 200; Distribution: regions; Runs: 10; Seed: 1566264271
% Regions Distribution Parameters:
% Max Substitutable Bids = 5
% Removing HV Neighbor   = 0.1
% Adding DIAG Neighbor   = 0.2
% Additional Location    = 0.9
% Jump Probability       = 0.05
% Additivity             = 0.2
% Budget Factor          = 1.5
% Resale Factor          = 0.5
% Normal Private Value:
%   Mean                 = 0
%   Standard Deviation   = 30



goods 20
bids 205
dummy 40

0	384082	3	7	11	14	15	20	#
1	361013	8	9	11	14	15	20	#
2	329860	2	3	6	7	11	20	#
3	327703	0	4	5	9	14	20	#
4	103801	18	#
5	73285	0	1	2	21	#
6	105795	1	2	3	21	#
7	59492	0	1	5	21	#
8	128748	9	14	15	22	#
9	153570	10	14	15	22	#
10	149714	11	15	19	22	#
11	137934	5	9	14	22	#
12	707134	0	1	2	3	4	5	6	8	9	10	11	12	13	14	15	23	#
13	764992	0	1	2	4	5	6	8	9	10	11	12	13	14	15	16	23	#
14	707564	0	1	2	4	5	6	8	9	10	11	12	13	14	15	18	23	#
15	680721	0	1	2	4	5	6	7	8	9	10	11	12	13	14	15	23	#
16	639051	0	1	3	4	5	6	7	8	9	10	11	12	13	14	15	23	#
17	400878	6	7	8	9	10	13	14	24	#
18	473231	5	6	7	10	11	14	16	24	#
19	446486	1	4	5	6	7	10	14	24	#
20	370956	4	6	8	9	10	13	14	24	#
21	330570	6	9	10	11	13	14	15	24	#
22	274061	9	10	11	12	13	14	15	24	#
23	127264	16	#
24	317861	12	13	14	15	25	#
25	292768	8	12	13	14	25	#
26	273630	10	11	14	15	25	#
27	173377	10	14	15	19	25	#
28	404400	0	5	6	9	12	13	14	26	#
29	513901	0	1	2	3	4	5	7	26	#
30	487417	5	9	12	13	14	15	17	26	#
31	483490	0	1	5	8	9	14	15	26	#
32	463220	0	4	8	9	12	13	14	26	#
33	401470	1	5	6	8	9	12	13	26	#
34	498422	6	8	9	10	11	12	13	14	19	27	#
35	602140	0	5	6	7	9	10	11	14	15	27	#
36	573857	0	5	6	7	8	9	10	11	13	27	#
37	558433	6	7	8	9	10	12	13	14	15	27	#
38	533929	4	6	8	9	10	11	12	14	15	27	#
39	514601	0	4	5	6	9	10	11	14	15	27	#
40	141760	13	16	28	#
41	169866	3	16	28	#
42	104379	12	13	28	#
43	531972	0	1	4	5	8	9	10	13	14	15	29	#
44	623401	0	1	4	5	6	7	8	9	11	13	29	#
45	589975	0	4	5	8	9	10	11	13	14	15	29	#
46	589339	0	4	5	8	9	11	12	13	14	15	29	#
47	577528	0	1	4	5	6	8	9	10	11	15	29	#
48	566486	0	1	5	6	7	9	10	11	14	15	29	#
49	388065	1	5	6	9	10	13	14	30	#
50	453470	3	6	7	9	10	11	19	30	#
51	443764	0	5	6	9	10	13	14	30	#
52	412115	5	8	9	10	11	12	14	30	#
53	365545	0	1	2	5	6	9	17	30	#
54	332158	0	1	4	5	6	9	10	30	#
55	340597	4	8	9	10	12	14	31	#
56	448987	6	7	10	11	14	17	31	#
57	344782	4	5	6	8	10	12	31	#
58	341396	5	6	8	9	12	14	31	#
59	251700	0	4	5	8	9	12	31	#
60	196035	0	5	8	9	12	13	31	#
61	626496	0	1	2	3	4	5	6	7	8	9	10	11	14	15	32	#
62	663588	0	1	3	4	5	6	7	8	9	10	11	13	14	15	32	#
63	653429	0	1	2	3	4	5	6	7	9	10	11	13	14	15	32	#
64	652356	0	1	4	5	6	7	8	9	10	11	13	14	15	17	32	#
65	629250	0	1	2	3	5	6	7	9	10	11	13	14	15	18	32	#
66	622812	0	1	2	3	4	5	6	7	8	9	10	11	13	14	32	#
67	174655	9	12	13	33	#
68	219833	12	13	14	33	#
69	174738	5	9	13	33	#
70	566505	0	1	2	3	4	5	6	7	8	9	10	11	12	13	14	15	34	#
71	660568	0	1	2	3	4	5	6	7	9	10	11	12	13	14	15	16	34	#
72	699632	0	1	2	4	5	6	7	8	9	10	11	12	13	14	15	35	#
73	799199	1	2	3	4	5	6	7	8	9	10	11	12	13	14	15	35	#
74	780567	0	1	2	4	5	6	7	8	9	10	12	13	14	16	17	35	#
75	733028	0	1	2	3	4	5	6	7	8	9	10	11	12	13	14	35	#
76	705080	0	1	2	3	4	5	6	7	8	9	10	12	13	14	17	35	#
77	703136	0	1	2	3	5	6	7	8	9	10	11	12	13	14	15	35	#
78	661248	0	1	2	4	5	6	7	8	10	12	14	18	36	#
79	755991	0	4	5	6	7	8	9	10	11	13	14	15	36	#
80	728236	0	4	6	7	8	9	10	11	12	13	14	15	36	#
81	691070	0	1	2	3	4	5	6	7	8	9	14	15	36	#
82	688005	0	1	2	4	5	6	7	8	9	10	14	18	36	#
83	681584	3	4	6	7	8	9	10	11	12	13	14	15	36	#
84	105245	0	4	#
85	389323	6	10	11	12	14	37	#
86	348041	7	10	11	14	15	37	#
87	293754	9	10	12	13	14	37	#
88	293039	8	9	12	13	14	37	#
89	287541	6	7	10	11	15	37	#
90	212087	6	7	9	10	14	37	#
91	298393	1	5	8	9	12	13	14	15	38	#
92	443813	4	5	8	9	10	11	14	15	38	#
93	379400	7	8	9	11	12	13	14	15	38	#
94	367838	5	8	9	10	12	13	14	15	38	#
95	354339	1	4	5	8	9	13	14	15	38	#
96	333968	1	2	5	8	9	10	11	15	38	#
97	124351	17	#
98	369998	0	1	5	8	9	13	14	39	#
99	488703	5	6	9	10	11	13	14	39	#
100	444685	4	5	8	9	12	13	14	39	#
101	437883	0	1	4	5	6	10	11	39	#
102	406906	1	2	5	6	7	9	18	39	#
103	376451	3	4	8	9	10	13	14	39	#
104	272583	0	4	5	8	9	40	#
105	387425	4	5	8	9	12	40	#
106	246640	0	5	6	7	10	40	#
107	238441	5	6	8	9	10	40	#
108	228380	4	5	16	41	#
109	200096	8	10	16	41	#
110	85558	0	4	8	41	#
111	18607	10	#
112	71233	4	#
113	209659	0	5	9	12	13	14	42	#
114	298138	6	9	10	13	14	15	42	#
115	260929	9	10	12	13	14	15	42	#
116	258492	0	5	6	9	10	11	42	#
117	256974	1	5	6	9	10	12	42	#
118	240043	0	5	9	10	13	14	42	#
119	152395	7	11	43	#
120	114109	3	7	43	#
121	63619	11	15	43	#
122	567693	3	6	7	10	11	14	15	44	#
123	512012	1	3	5	6	7	10	11	44	#
124	480068	3	6	7	9	10	11	14	44	#
125	451053	7	9	10	11	13	14	15	44	#
126	436950	6	9	10	11	13	14	15	44	#
127	425043	5	6	9	10	11	14	15	44	#
128	235646	6	7	10	18	45	#
129	282116	5	6	7	11	45	#
130	246691	4	8	12	18	45	#
131	246064	9	10	11	15	45	#
132	229077	5	6	7	10	45	#
133	102045	4	5	46	#
134	145950	4	8	46	#
135	46650	1	5	46	#
136	587967	0	2	3	5	8	9	11	12	14	15	47	#
137	621976	5	6	8	9	10	11	12	13	14	15	47	#
138	614536	4	5	8	9	10	11	12	13	14	15	47	#
139	587870	0	4	5	8	9	10	11	13	14	15	47	#
140	574880	0	1	4	5	9	10	11	13	14	15	47	#
141	564198	0	5	6	8	9	10	12	13	14	15	47	#
142	798075	0	1	2	3	4	5	6	7	9	10	11	13	14	18	48	#
143	876609	0	1	2	3	4	5	6	7	8	9	10	11	14	16	48	#
144	860263	0	1	2	3	4	5	6	7	9	10	11	14	16	18	48	#
145	822859	0	1	2	3	4	5	6	7	8	9	10	11	14	15	48	#
146	815992	2	3	4	5	6	7	8	9	10	11	12	13	14	15	48	#
147	814421	0	1	2	3	4	5	6	7	8	9	10	11	13	14	48	#
148	210093	5	9	14	49	#
149	143154	9	10	14	49	#
150	113141	9	10	11	49	#
151	101469	1	5	9	49	#
152	345806	4	8	12	13	14	50	#
153	483719	11	12	13	14	15	50	#
154	299305	0	4	8	12	13	50	#
155	189204	5	9	10	13	14	50	#
156	182965	4	8	9	10	14	50	#
157	149427	1	4	5	8	9	50	#
158	902401	0	1	2	4	5	6	7	8	9	10	11	12	13	14	15	51	#
159	991454	1	2	3	4	5	6	7	8	9	10	11	12	13	14	15	51	#
160	962307	0	1	2	3	4	5	6	7	8	9	10	11	12	13	14	51	#
161	921781	0	1	2	3	5	6	7	8	9	10	11	12	13	14	15	51	#
162	916520	0	1	3	4	5	6	7	8	9	10	11	12	13	14	15	51	#
163	913515	0	1	2	3	4	5	6	7	8	9	10	11	13	14	15	51	#
164	713213	0	1	4	5	6	8	9	10	11	12	13	14	15	17	19	52	#
165	841480	0	3	4	5	6	7	8	9	10	11	12	13	14	15	17	52	#
166	777312	0	1	3	4	5	6	7	8	9	10	11	12	13	14	15	52	#
167	746350	0	1	2	4	5	6	7	8	9	10	11	12	13	14	15	52	#
168	741818	0	1	4	5	6	7	8	9	10	11	12	13	14	15	19	52	#
169	734003	0	1	2	3	4	5	6	7	8	9	10	11	13	14	15	52	#
170	246203	4	5	8	12	17	53	#
171	324425	6	7	10	11	17	53	#
172	245571	0	1	4	8	12	53	#
173	229929	0	1	4	5	8	53	#
174	225886	0	4	5	8	9	53	#
175	124328	3	7	54	#
176	182105	7	11	54	#
177	43253	2	3	54	#
178	153378	1	2	5	55	#
179	91208	1	2	3	55	#
180	80237	0	5	6	55	#
181	274596	1	4	5	9	12	13	56	#
182	396105	1	5	6	9	10	14	56	#
183	393083	0	5	9	12	13	14	56	#
184	369047	0	4	8	9	12	14	56	#
185	363547	0	1	5	6	7	9	56	#
186	255984	0	1	4	5	8	9	56	#
187	415699	4	5	8	9	10	11	13	14	15	57	#
188	494569	1	4	5	8	9	12	13	14	16	57	#
189	479756	3	4	5	6	7	8	9	11	15	57	#
190	460122	7	8	9	10	11	12	13	14	15	57	#
191	434563	0	4	5	8	9	12	13	14	18	57	#
192	429459	1	2	4	5	6	8	9	12	13	57	#
193	29701	19	#
194	884063	0	1	2	3	4	5	6	7	8	9	10	11	12	13	14	15	58	#
195	997252	0	1	2	3	4	5	6	7	8	9	10	12	13	14	15	16	58	#
196	879828	0	1	3	4	5	6	7	8	9	10	11	12	13	14	15	19	58	#
197	850082	0	1	3	4	5	6	7	8	9	10	11	12	13	14	15	18	58	#
198	40580	3	#
199	372939	1	4	5	6	8	9	10	59	#
200	528137	6	8	9	10	11	14	15	59	#
201	517842	4	5	6	7	9	10	14	59	#
202	517043	5	6	7	9	10	13	14	59	#
203	433595	4	8	9	10	12	13	14	59	#
204	418321	0	1	2	5	6	7	9	59	#
