%% File generated by CATS v.2.1Mon Aug 19 18:51:15 2019

%% The CATS webpage is http://robotics.stanford.edu/CATS

%% PARAMETER SETTINGS:
% Goods: 25; Bids: 500; Distribution: regions-upv; Runs: 10; Seed: 1566246942
% Regions Distribution Parameters:
% Max Substitutable Bids = 5
% Removing HV Neighbor   = 0.1
% Adding DIAG Neighbor   = 0.2
% Additional Location    = 0.9
% Jump Probability       = 0.05
% Additivity             = 0.2
% Budget Factor          = 1.5
% Resale Factor          = 0.5
% Uniform Private Value:
%   Deviation            = 0.5
%   Max Good Value       = 100



goods 25
bids 503
dummy 91

0	531238	6	7	10	11	12	15	16	17	25	#
1	678786	0	5	6	11	12	15	16	17	25	#
2	640813	0	5	6	11	12	13	16	17	25	#
3	590058	0	5	6	10	11	15	16	17	25	#
4	539603	0	5	6	7	8	10	11	15	25	#
5	524323	6	11	12	13	18	19	20	23	25	#
6	1022483	0	1	2	3	4	5	6	9	11	12	13	14	16	17	18	19	20	21	22	23	26	#
7	1080800	0	1	2	3	4	5	6	8	9	11	12	13	14	17	18	19	21	22	23	24	26	#
8	1075898	0	1	2	3	4	5	6	9	11	12	13	14	17	18	19	20	21	22	23	24	26	#
9	1054012	0	1	2	3	4	5	6	8	9	11	12	13	14	17	18	19	20	21	22	23	26	#
10	1043730	0	1	3	5	6	8	9	10	11	12	13	14	15	16	17	18	19	21	22	23	26	#
11	1042591	0	1	3	5	6	7	9	10	11	12	13	14	15	17	18	19	20	21	22	23	26	#
12	711950	5	6	7	10	11	12	13	14	15	16	17	18	27	#
13	924696	3	8	11	12	13	14	16	17	18	19	23	24	27	#
14	812879	3	4	7	8	10	11	12	15	16	17	19	20	27	#
15	806949	3	5	6	7	8	10	11	12	13	15	16	20	27	#
16	797269	5	6	10	11	12	13	14	15	16	18	19	24	27	#
17	796001	6	7	11	12	13	14	16	17	18	19	23	24	27	#
18	574468	4	6	7	9	10	11	12	13	14	19	28	#
19	788121	0	1	2	3	5	6	7	8	11	12	28	#
20	761469	2	3	4	6	7	8	9	11	12	13	28	#
21	750342	1	6	7	8	9	11	12	13	15	20	28	#
22	730557	0	1	2	3	4	6	7	8	12	13	28	#
23	730375	0	2	5	6	7	8	9	11	12	13	28	#
24	297904	7	8	12	13	17	29	#
25	329025	2	7	8	11	12	29	#
26	295309	12	16	17	18	23	29	#
27	251137	12	13	17	18	23	29	#
28	248126	10	11	12	13	18	29	#
29	245807	7	8	12	13	14	29	#
30	1107756	1	2	3	4	6	7	8	9	12	13	14	16	17	18	19	20	22	24	30	#
31	1193508	1	2	3	4	6	7	10	11	12	14	16	17	18	19	20	21	22	24	30	#
32	1149293	2	3	4	6	7	8	10	11	12	13	14	16	18	19	20	21	22	24	30	#
33	1146165	0	1	2	3	4	5	6	7	8	10	11	12	15	16	17	18	21	22	30	#
34	1136546	0	1	2	3	4	6	7	8	9	11	12	13	14	17	18	19	22	24	30	#
35	1131837	0	1	2	3	5	6	7	8	10	11	12	15	16	17	18	19	21	22	30	#
36	331769	12	13	14	17	18	19	31	#
37	375659	12	17	18	19	20	22	31	#
38	332474	2	7	12	13	14	18	31	#
39	330741	7	8	9	12	13	14	31	#
40	295040	11	12	13	14	17	18	31	#
41	229032	9	13	14	18	19	23	31	#
42	90078	18	19	32	#
43	95785	18	23	32	#
44	58989	0	#
45	338613	2	3	4	8	9	12	13	14	17	18	19	33	#
46	495100	1	10	11	12	13	14	16	18	19	21	23	33	#
47	474037	10	11	13	14	15	16	17	18	20	22	23	33	#
48	463845	2	7	8	11	12	13	14	16	18	19	23	33	#
49	440004	0	1	2	3	4	5	6	7	8	11	16	33	#
50	413480	0	1	2	3	5	6	7	8	10	11	24	33	#
51	347081	1	2	3	6	7	9	11	13	14	34	#
52	488229	0	1	2	3	5	6	10	11	16	34	#
53	486307	2	3	4	7	8	9	14	16	21	34	#
54	484991	0	5	6	7	10	11	12	15	16	34	#
55	458939	0	1	5	6	7	10	11	12	15	34	#
56	437114	2	3	4	7	8	9	14	19	24	34	#
57	614261	0	1	2	3	6	7	10	11	12	13	15	16	17	18	20	21	22	23	35	#
58	772668	0	2	3	4	6	7	8	9	10	11	12	15	16	17	18	19	22	23	35	#
59	752937	2	3	4	6	7	8	9	10	11	12	15	16	17	18	19	20	22	23	35	#
60	734382	0	2	3	4	6	7	8	9	12	14	15	16	17	18	19	22	23	24	35	#
61	731338	2	3	4	6	7	8	9	10	11	12	13	15	16	17	20	21	22	23	35	#
62	727316	0	2	3	4	5	6	7	8	10	11	12	13	15	16	17	18	19	23	35	#
63	74720	6	#
64	923802	3	6	7	8	10	11	12	15	16	17	18	19	20	21	22	23	36	#
65	1106502	0	1	2	3	5	6	7	8	11	12	13	17	18	21	22	23	36	#
66	1061189	0	2	3	5	6	7	8	11	12	13	14	17	18	19	22	23	36	#
67	1053862	0	2	3	4	5	6	7	8	11	12	13	17	18	19	23	24	36	#
68	1050856	0	1	2	3	5	6	7	8	9	11	12	13	14	18	22	23	36	#
69	1021959	0	1	2	3	4	5	6	7	8	10	11	12	13	15	18	23	36	#
70	252417	18	19	24	37	#
71	228357	14	19	24	37	#
72	192746	12	18	19	37	#
73	675089	2	7	12	13	14	15	16	17	20	21	22	23	38	#
74	816237	0	6	7	11	12	15	16	17	20	21	22	23	38	#
75	759659	1	7	10	11	12	13	15	16	17	20	21	22	38	#
76	756168	2	7	10	11	12	15	16	17	20	21	22	23	38	#
77	750959	5	7	10	11	12	13	15	16	17	20	21	22	38	#
78	695871	7	10	11	12	13	15	16	17	18	20	21	22	38	#
79	297572	15	20	21	22	39	#
80	228781	17	20	21	22	39	#
81	217112	16	20	21	22	39	#
82	195858	5	10	15	20	39	#
83	181298	17	18	22	23	39	#
84	231923	1	2	3	7	10	15	20	40	#
85	342498	11	15	16	17	20	21	22	40	#
86	324669	0	1	2	5	6	10	15	40	#
87	314334	0	1	2	5	10	11	14	40	#
88	73495	10	15	16	#
89	825789	0	1	2	5	6	7	10	11	12	13	15	16	17	18	20	21	22	23	41	#
90	1015922	0	1	2	3	4	5	6	7	8	10	11	12	15	16	17	20	21	22	41	#
91	1003007	0	1	2	3	4	5	6	7	8	9	10	11	15	16	17	20	21	22	41	#
92	996450	0	1	2	3	4	5	6	7	8	9	10	15	16	17	20	21	22	23	41	#
93	990132	0	1	3	4	5	6	7	8	10	12	13	14	15	16	17	19	21	22	41	#
94	988453	0	1	2	3	4	5	6	7	10	11	12	13	14	16	17	21	22	23	41	#
95	673772	4	5	6	7	8	9	12	13	14	17	18	42	#
96	782146	1	6	8	9	10	11	12	13	14	17	18	42	#
97	779280	0	1	3	6	8	12	13	14	16	17	18	42	#
98	746475	3	4	6	8	9	12	13	14	17	18	19	42	#
99	722042	1	2	3	4	5	6	8	9	12	13	14	42	#
100	701780	3	4	7	8	9	11	12	13	14	17	18	42	#
101	673285	0	1	4	5	6	7	8	9	10	15	16	17	43	#
102	772260	1	4	5	6	7	8	9	10	14	16	19	24	43	#
103	727718	0	1	3	4	5	6	7	8	10	16	17	21	43	#
104	718034	4	7	8	9	10	12	14	15	18	19	23	24	43	#
105	697293	1	4	6	7	8	10	11	12	15	16	17	21	43	#
106	693583	0	4	5	7	8	9	10	11	14	16	17	21	43	#
107	168362	2	3	4	8	44	#
108	220849	2	3	7	8	44	#
109	188849	2	3	4	7	44	#
110	314314	3	4	7	8	45	#
111	258327	2	3	4	7	45	#
112	194266	3	4	9	14	45	#
113	137065	2	7	8	12	45	#
114	586983	6	7	11	12	16	17	18	21	46	#
115	565315	0	2	3	6	7	12	17	18	46	#
116	563833	0	6	7	12	13	17	18	19	46	#
117	515211	10	11	12	15	16	17	20	21	46	#
118	481364	6	10	11	13	15	16	17	18	46	#
119	455810	5	10	11	15	16	17	20	21	46	#
120	596100	6	12	13	17	18	19	20	21	22	23	47	#
121	742921	0	1	2	6	12	16	17	18	22	23	47	#
122	681589	1	2	3	4	7	12	17	18	22	23	47	#
123	680866	3	4	10	12	16	17	18	20	21	22	47	#
124	676177	6	12	14	16	17	18	19	21	22	23	47	#
125	606560	10	12	14	16	17	18	19	20	21	24	47	#
126	256934	7	8	9	48	#
127	197781	4	8	9	48	#
128	184592	8	9	14	48	#
129	174158	2	6	7	48	#
130	275309	0	1	2	6	49	#
131	372502	0	1	6	12	49	#
132	334957	1	6	12	13	49	#
133	300024	1	2	5	6	49	#
134	512737	6	7	11	12	15	16	17	18	20	21	50	#
135	610234	0	5	6	11	12	13	14	15	16	21	50	#
136	604789	5	6	7	11	12	13	15	16	17	18	50	#
137	574909	5	6	7	11	12	15	16	17	20	21	50	#
138	543467	6	7	11	12	13	15	16	17	20	21	50	#
139	526939	6	11	12	13	15	16	17	18	20	21	50	#
140	365460	5	10	16	17	18	22	23	51	#
141	462259	0	5	6	10	11	16	17	51	#
142	452351	0	6	11	12	16	17	18	51	#
143	430205	5	6	10	11	15	16	17	51	#
144	423301	0	5	6	10	11	12	16	51	#
145	408830	16	17	18	19	22	23	24	51	#
146	561469	5	10	12	15	16	17	18	21	22	52	#
147	763169	6	11	12	17	18	19	21	22	24	52	#
148	591924	5	6	10	11	12	15	17	20	22	52	#
149	578377	5	10	11	12	16	17	18	19	22	52	#
150	571477	1	2	10	11	12	16	17	21	22	52	#
151	568068	1	5	6	7	10	11	12	13	15	52	#
152	77636	18	#
153	425968	5	6	10	11	12	15	53	#
154	501681	6	11	12	13	17	18	53	#
155	493701	5	6	10	11	12	18	53	#
156	485894	5	6	10	11	12	17	53	#
157	467933	5	6	7	12	17	18	53	#
158	429949	6	10	11	12	16	17	53	#
159	558728	3	4	6	7	8	9	12	13	14	54	#
160	678348	2	3	4	5	6	7	8	9	11	54	#
161	660847	0	1	5	6	7	12	13	17	18	54	#
162	659402	0	1	2	5	6	7	12	17	18	54	#
163	635159	7	8	9	12	16	17	18	21	22	54	#
164	634946	0	3	4	6	7	8	9	12	14	54	#
165	429645	5	10	15	16	17	20	21	22	55	#
166	603165	3	12	15	16	17	18	21	22	55	#
167	592231	7	12	17	18	19	21	22	23	55	#
168	540666	12	13	17	18	19	21	22	23	55	#
169	514045	0	1	2	5	6	7	17	18	55	#
170	505535	10	12	15	17	20	21	22	23	55	#
171	400365	3	4	8	9	13	14	19	56	#
172	542663	3	6	7	11	12	13	14	56	#
173	416414	4	9	12	13	14	19	24	56	#
174	415645	3	4	9	13	14	19	24	56	#
175	405116	3	4	14	17	18	19	24	56	#
176	368143	2	3	4	7	9	12	14	56	#
177	326447	2	3	8	18	19	24	57	#
178	329083	1	2	3	6	8	9	57	#
179	313253	3	8	9	14	19	24	57	#
180	278987	1	2	3	4	8	9	57	#
181	243143	2	3	8	9	14	19	57	#
182	164726	9	13	14	18	19	24	57	#
183	442445	0	5	10	11	15	20	21	22	58	#
184	464834	0	1	5	6	10	11	19	24	58	#
185	423426	0	1	5	6	12	13	14	18	58	#
186	396564	0	1	6	11	12	13	18	20	58	#
187	389068	7	12	14	17	18	19	22	23	58	#
188	382149	10	15	17	18	20	21	22	23	58	#
189	287838	3	4	6	7	8	9	59	#
190	413747	3	7	8	9	11	12	59	#
191	350139	3	4	8	11	12	16	59	#
192	322086	3	4	8	9	15	20	59	#
193	319636	7	8	9	11	12	14	59	#
194	309446	0	1	6	11	12	16	59	#
195	1052116	0	1	2	3	4	5	6	7	8	10	11	12	13	15	16	17	18	20	60	#
196	1192540	1	2	3	4	6	7	8	9	11	12	13	15	16	17	18	19	21	22	60	#
197	1157870	1	2	3	4	5	6	7	8	9	10	11	12	13	15	16	17	18	21	60	#
198	1155550	0	1	2	3	4	5	6	7	8	11	12	13	16	17	18	21	22	23	60	#
199	1112143	0	1	2	3	5	6	7	8	10	11	12	13	15	16	17	18	21	22	60	#
200	1103018	0	1	2	3	6	7	11	12	13	15	16	17	18	19	20	21	22	24	60	#
201	30560	10	#
202	538539	0	5	6	10	11	16	17	21	22	61	#
203	674715	0	1	3	5	6	7	8	11	12	61	#
204	572229	0	1	5	6	7	8	10	11	16	61	#
205	560780	3	4	7	8	12	17	18	21	22	61	#
206	498976	0	5	6	10	11	12	15	22	23	61	#
207	498707	1	10	11	15	16	17	18	20	21	61	#
208	1352361	0	1	2	3	4	5	6	7	8	9	10	11	12	13	14	15	16	17	18	19	20	21	22	23	24	#
209	271816	7	12	13	14	16	17	18	19	62	#
210	377121	4	8	9	12	13	14	18	19	62	#
211	350312	2	6	7	8	10	11	12	18	62	#
212	343106	6	11	12	16	17	18	22	23	62	#
213	340325	7	8	9	12	13	14	18	19	62	#
214	292435	10	11	12	13	16	17	18	22	62	#
215	328764	0	5	10	11	12	63	#
216	268453	7	12	17	22	23	63	#
217	234585	2	7	11	12	17	63	#
218	227567	0	5	10	15	20	63	#
219	189887	0	1	2	5	7	63	#
220	516240	0	1	5	6	12	17	18	19	64	#
221	556295	6	11	12	13	17	18	22	23	64	#
222	498595	0	1	5	6	10	11	12	15	64	#
223	496355	0	1	5	6	7	8	12	18	64	#
224	485575	11	12	13	14	17	18	19	23	64	#
225	480140	7	12	13	17	18	19	22	23	64	#
226	966163	0	1	2	3	4	5	6	7	8	9	12	13	18	19	20	65	#
227	1026117	0	1	2	3	4	5	6	7	8	9	11	12	15	16	21	65	#
228	994773	0	1	2	3	4	6	7	8	9	11	12	15	16	20	21	65	#
229	989854	1	2	4	5	6	7	8	9	11	12	13	18	19	23	24	65	#
230	988458	0	1	2	3	4	5	6	7	11	12	13	18	19	22	23	65	#
231	973349	0	1	2	3	4	5	6	7	9	11	12	15	16	17	18	65	#
232	139739	5	6	66	#
233	143998	0	5	66	#
234	98469	6	7	66	#
235	80720	9	#
236	847527	0	1	5	6	9	10	11	12	15	16	17	18	21	22	102	#
237	200332	10	15	16	21	68	#
238	244284	10	16	17	21	68	#
239	240018	9	10	16	21	68	#
240	193110	10	11	15	16	68	#
241	193078	7	10	12	17	68	#
242	152956	4	8	#
243	766022	0	2	4	5	6	7	8	9	10	11	12	14	16	18	69	#
244	969623	0	1	3	4	5	6	7	8	9	10	11	12	15	18	69	#
245	948647	0	1	5	6	7	8	10	11	12	14	17	18	19	24	69	#
246	925055	0	1	5	6	7	10	11	12	15	16	17	18	20	21	69	#
247	921566	0	1	3	4	5	6	7	8	9	10	11	12	14	18	69	#
248	921538	0	1	4	6	8	9	10	11	12	13	14	18	19	24	69	#
249	109592	5	#
250	520382	1	2	3	4	6	7	8	12	18	70	#
251	585075	0	1	2	3	4	6	7	8	11	70	#
252	569540	1	2	6	7	11	17	18	22	23	70	#
253	527231	2	3	4	6	7	8	9	11	16	70	#
254	522259	6	11	12	15	16	17	18	19	20	70	#
255	519170	0	1	6	7	8	9	11	12	13	70	#
256	740521	5	6	10	11	12	16	18	21	22	23	71	#
257	734797	5	6	7	8	10	11	12	16	18	23	71	#
258	729314	1	5	6	7	11	12	13	16	17	18	71	#
259	716256	5	10	11	12	13	15	16	18	19	21	71	#
260	693683	5	6	7	10	11	12	13	15	16	21	71	#
261	669660	1	2	5	6	7	10	12	13	18	19	71	#
262	430702	6	10	11	12	15	16	72	#
263	537846	6	11	12	18	19	24	72	#
264	467769	6	11	12	15	16	18	72	#
265	422932	1	6	11	16	21	22	72	#
266	347189	3	6	7	10	11	16	72	#
267	340639	6	10	11	15	16	20	72	#
268	493869	6	10	11	12	15	16	18	19	23	73	#
269	583852	10	11	12	15	16	17	18	19	24	73	#
270	580676	6	11	12	17	18	19	22	23	24	73	#
271	497293	7	11	12	16	17	18	21	22	23	73	#
272	495810	6	8	12	15	16	17	18	21	23	73	#
273	490283	5	7	10	11	12	15	16	17	18	73	#
274	692843	1	3	5	10	11	15	16	17	19	20	24	74	#
275	751073	0	1	5	6	11	12	13	17	18	19	23	74	#
276	738990	5	6	10	11	12	13	15	16	18	20	23	74	#
277	733206	1	2	3	7	8	12	13	18	19	22	23	74	#
278	701080	7	11	12	13	15	16	17	18	19	22	23	74	#
279	679546	0	1	2	5	6	7	10	11	12	16	18	74	#
280	1054677	0	1	2	3	4	5	6	7	8	9	10	11	12	14	15	16	17	18	19	22	23	24	75	#
281	1088059	0	2	3	4	5	6	7	8	9	10	11	12	14	15	16	17	18	19	20	22	23	24	75	#
282	1085569	0	1	2	3	4	5	6	7	8	9	10	11	12	15	16	17	18	20	21	22	23	24	75	#
283	1079592	2	3	4	5	6	7	8	9	10	11	12	14	15	16	17	18	19	20	21	22	23	24	75	#
284	1076976	0	1	2	4	5	6	7	8	10	11	12	14	15	16	17	18	19	20	21	22	23	24	75	#
285	1076747	0	1	2	3	4	5	6	7	8	10	11	12	14	15	16	17	18	19	20	21	22	23	75	#
286	376819	0	5	10	15	16	17	21	76	#
287	450698	10	11	15	16	17	18	21	76	#
288	449164	10	11	15	16	17	20	21	76	#
289	448508	5	10	11	15	16	17	20	76	#
290	405420	10	15	16	17	18	19	24	76	#
291	399974	10	15	16	17	18	20	21	76	#
292	336086	13	17	18	19	21	22	24	77	#
293	428311	10	16	17	18	19	23	24	77	#
294	419633	16	17	18	19	22	23	24	77	#
295	376415	1	6	10	11	12	17	18	77	#
296	374474	12	17	18	19	21	22	23	77	#
297	299711	5	6	12	16	20	21	24	77	#
298	307358	6	10	11	12	17	78	#
299	327188	5	6	9	10	11	78	#
300	319849	2	6	7	11	12	78	#
301	294252	10	11	12	15	20	78	#
302	259547	5	6	12	13	18	78	#
303	204046	7	12	17	18	22	78	#
304	1170109	0	2	3	4	5	6	7	8	9	10	11	12	13	14	15	16	17	18	19	20	23	24	79	#
305	1285137	0	2	3	5	6	7	8	9	10	11	12	13	15	16	17	18	19	20	21	22	23	24	79	#
306	1260658	0	1	2	3	5	6	7	8	9	10	11	12	13	15	16	17	18	19	20	21	22	23	79	#
307	1246867	0	2	3	4	5	6	7	8	9	10	11	12	13	15	16	17	18	19	20	21	22	23	79	#
308	1230313	0	1	2	3	4	5	6	7	8	9	10	11	12	13	15	16	17	18	19	20	22	23	79	#
309	1230011	0	1	2	3	4	5	6	7	8	9	10	11	12	13	15	16	17	18	19	20	21	22	79	#
310	430043	1	2	3	4	8	9	80	#
311	463439	0	1	2	3	4	8	80	#
312	393922	3	4	8	9	14	19	80	#
313	357051	2	3	4	7	8	9	80	#
314	340875	2	3	4	6	7	8	80	#
315	333947	1	2	3	6	7	9	80	#
316	58996	8	#
317	468727	0	1	2	5	6	7	11	81	#
318	507646	0	1	2	3	5	6	7	81	#
319	478664	5	6	7	8	12	18	23	81	#
320	462815	0	1	2	6	7	12	18	81	#
321	447463	1	2	3	6	10	11	16	81	#
322	413063	0	5	6	10	11	15	16	81	#
323	70579	11	#
324	173666	0	6	82	#
325	174119	6	12	82	#
326	717948	0	1	2	5	7	8	9	10	11	12	17	83	#
327	745999	0	1	2	6	7	8	11	12	16	17	21	83	#
328	691659	0	1	4	5	6	7	8	10	11	12	16	83	#
329	680557	0	2	5	6	7	8	12	17	18	22	23	83	#
330	652178	0	1	2	3	5	6	7	8	9	14	24	83	#
331	632788	1	2	4	7	8	9	11	12	14	18	21	83	#
332	397360	2	3	4	7	8	9	14	84	#
333	540945	3	4	8	9	12	13	14	84	#
334	524572	4	7	8	9	11	12	16	84	#
335	477042	4	7	8	9	12	13	14	84	#
336	451344	3	4	8	9	13	14	18	84	#
337	416918	3	4	7	8	9	14	19	84	#
338	591061	0	1	3	4	6	7	8	9	14	19	85	#
339	718926	0	1	2	5	6	7	10	11	16	21	85	#
340	695987	1	2	4	5	6	7	8	9	10	11	85	#
341	688089	0	1	4	5	6	8	10	11	16	17	85	#
342	645075	1	4	6	7	8	9	12	14	18	19	85	#
343	623116	0	1	2	3	4	5	7	8	9	12	85	#
344	801320	0	5	6	7	10	11	12	17	18	21	22	23	86	#
345	838157	0	5	10	11	12	16	18	19	21	22	23	24	86	#
346	837526	0	5	6	10	12	17	18	19	21	22	23	24	86	#
347	798633	0	2	3	5	6	7	10	11	12	16	17	21	86	#
348	794152	0	2	3	4	5	6	7	8	9	10	12	23	86	#
349	766605	0	1	2	3	5	6	10	11	12	16	17	22	86	#
350	198225	3	4	87	#
351	154085	4	8	87	#
352	295813	2	3	17	18	22	88	#
353	358648	7	11	12	17	18	88	#
354	309318	1	2	3	7	8	88	#
355	285853	13	17	18	22	23	88	#
356	269518	17	18	19	22	23	88	#
357	467479	14	15	16	17	18	19	20	21	22	24	89	#
358	519291	5	9	14	17	18	19	20	21	22	24	89	#
359	514651	2	7	8	9	14	17	18	19	22	24	89	#
360	482627	5	6	10	11	15	16	20	21	22	24	89	#
361	430946	9	10	11	14	15	16	20	21	22	23	89	#
362	427004	6	7	9	12	13	14	17	18	19	24	89	#
363	968047	0	1	3	4	5	6	7	8	9	11	12	13	14	19	90	#
364	965926	3	4	5	6	7	8	9	12	13	14	16	17	22	23	90	#
365	963674	3	4	5	6	7	8	9	12	13	14	17	19	22	23	90	#
366	955031	0	1	3	4	5	6	7	8	9	12	13	14	17	19	90	#
367	941756	0	1	4	5	6	7	8	9	12	13	14	17	22	23	90	#
368	928288	0	4	5	6	7	8	9	11	12	14	15	16	17	22	90	#
369	111926	24	#
370	551805	2	3	4	5	6	7	8	9	11	12	13	18	91	#
371	617543	1	2	3	4	5	6	7	8	9	10	11	14	91	#
372	600051	1	2	3	4	5	6	7	8	9	10	12	15	91	#
373	575902	0	1	5	6	10	11	12	15	16	18	21	22	91	#
374	559738	0	1	2	5	6	7	10	11	12	16	18	21	91	#
375	555523	0	1	2	3	5	6	7	8	10	12	15	18	91	#
376	558404	0	1	2	3	5	6	7	12	92	#
377	591250	1	5	6	7	11	12	13	24	92	#
378	541498	0	5	6	11	12	16	17	21	92	#
379	538443	0	1	5	6	7	11	12	13	92	#
380	526772	0	2	5	6	7	11	12	13	92	#
381	452167	0	1	2	5	6	7	12	23	92	#
382	928805	1	2	4	5	6	7	8	10	11	12	13	14	15	16	17	18	20	21	22	23	93	#
383	1021448	1	2	4	5	6	7	8	9	10	11	12	14	15	16	17	18	20	21	22	23	93	#
384	1020428	2	3	4	5	6	7	8	9	10	11	12	13	15	16	17	18	20	21	22	23	93	#
385	1013344	2	3	4	5	6	7	8	9	10	11	12	13	14	15	16	17	20	21	22	23	93	#
386	1006915	1	4	5	6	7	8	9	10	11	12	13	14	15	16	17	18	20	21	22	23	93	#
387	994605	4	5	6	7	8	9	10	11	12	13	14	15	16	17	18	19	20	21	22	23	93	#
388	170026	21	22	94	#
389	117104	22	23	94	#
390	327317	10	11	15	16	20	21	22	23	95	#
391	422644	0	3	4	5	6	10	11	16	95	#
392	405723	0	1	5	10	11	15	16	20	95	#
393	384272	8	9	11	12	13	14	16	19	95	#
394	382919	5	10	11	16	20	21	22	23	95	#
395	348126	0	5	10	11	15	16	20	21	95	#
396	389786	9	12	13	14	17	18	19	22	23	96	#
397	569131	0	1	2	5	6	9	14	18	19	96	#
398	518204	10	13	15	16	17	18	20	21	23	96	#
399	491500	10	11	14	16	17	18	19	22	23	96	#
400	457924	10	13	15	16	17	18	19	21	22	96	#
401	454916	12	13	17	18	19	20	21	22	23	96	#
402	39680	1	2	97	#
403	20862	2	3	97	#
404	100259	0	6	98	#
405	133078	6	12	98	#
406	247124	2	3	4	7	8	99	#
407	313654	1	2	3	4	8	99	#
408	258132	3	4	8	9	14	99	#
409	248533	2	3	4	8	9	99	#
410	189904	1	2	7	8	9	99	#
411	1126275	0	1	2	3	4	5	6	8	9	10	11	12	13	14	16	18	20	21	22	100	#
412	1203834	0	1	2	3	4	5	6	8	9	11	12	13	15	16	18	20	21	22	23	100	#
413	1169777	0	1	3	4	5	6	8	9	11	12	13	14	15	16	18	19	20	21	22	100	#
414	1169606	0	1	2	3	4	5	6	7	8	9	11	12	13	14	16	18	19	21	24	100	#
415	1160320	0	1	2	3	4	5	6	8	9	11	12	13	14	16	17	18	19	21	24	100	#
416	1146072	0	1	3	4	5	6	8	9	10	11	12	13	15	16	18	19	20	21	22	100	#
417	536063	0	1	6	10	11	16	18	21	22	23	101	#
418	557507	0	1	2	3	7	8	10	11	16	17	101	#
419	536403	1	2	6	7	8	14	16	19	21	24	101	#
420	455727	0	1	2	3	4	7	8	9	13	14	101	#
421	428339	10	11	13	16	17	18	19	20	21	23	101	#
422	419059	10	11	12	13	15	16	17	18	21	23	101	#
423	790196	0	1	2	4	5	6	7	8	9	10	12	14	17	22	102	#
424	897377	1	4	5	6	7	8	9	10	12	13	15	17	18	20	102	#
425	891261	2	3	4	5	6	7	8	9	10	11	12	15	16	20	102	#
426	861590	1	2	3	4	6	7	8	9	10	11	12	16	17	22	102	#
427	861148	1	2	5	6	7	8	10	12	15	16	17	20	21	22	102	#
428	563199	5	6	7	10	11	12	15	16	17	18	20	21	103	#
429	663711	3	4	7	8	9	10	11	15	17	20	21	22	103	#
430	625802	0	1	5	6	10	11	12	15	16	20	21	22	103	#
431	606087	5	10	11	12	13	15	16	17	18	20	21	22	103	#
432	604012	5	7	10	11	12	13	15	16	17	20	21	22	103	#
433	593861	0	1	2	3	5	6	7	10	11	12	13	15	103	#
434	521163	3	7	8	9	12	14	15	104	#
435	511800	2	3	4	8	9	14	19	104	#
436	492902	0	2	3	4	8	9	14	104	#
437	484912	4	8	9	14	18	19	24	104	#
438	448046	2	3	4	7	8	9	14	104	#
439	395427	2	3	4	7	8	12	13	104	#
440	309102	2	3	4	7	8	9	14	19	105	#
441	438310	12	13	14	16	17	18	19	22	105	#
442	435851	2	3	4	7	17	18	19	24	105	#
443	433914	0	6	7	12	13	17	18	19	105	#
444	421153	0	2	3	6	7	8	11	12	105	#
445	313460	0	1	2	3	4	6	7	8	105	#
446	1150165	0	1	2	3	4	5	6	7	8	9	10	11	12	13	14	15	16	18	19	20	21	23	24	106	#
447	1165769	0	1	2	3	5	6	7	8	9	10	11	12	13	14	15	16	18	19	20	21	22	23	24	106	#
448	1151217	0	1	2	3	4	5	6	7	8	9	10	11	12	13	14	15	16	18	19	20	21	22	24	106	#
449	1137867	0	1	2	3	4	5	6	7	8	9	10	11	12	14	15	16	17	18	19	20	21	22	24	106	#
450	1130632	0	2	3	4	5	6	7	8	9	10	11	12	13	14	15	16	18	19	20	21	22	23	24	106	#
451	1128859	0	1	2	3	4	5	6	7	8	9	10	11	12	13	14	15	16	18	19	21	22	23	24	106	#
452	1093612	0	1	2	4	5	6	7	8	9	10	11	12	13	14	16	17	18	20	21	22	23	107	#
453	1244423	0	1	2	3	4	5	6	7	9	11	12	14	16	17	18	19	20	21	22	23	24	107	#
454	1232675	0	1	2	3	4	6	7	8	9	10	11	14	16	17	18	19	20	21	22	23	24	107	#
455	1207525	0	1	2	4	5	6	7	9	10	11	14	15	16	17	18	19	20	21	22	23	24	107	#
456	1203351	0	1	2	3	6	7	9	10	11	12	14	15	16	17	18	19	20	21	22	23	24	107	#
457	1189544	0	1	2	3	4	5	6	7	10	11	12	13	14	16	17	18	19	21	22	23	24	107	#
458	270301	14	17	18	19	22	23	24	108	#
459	399325	3	4	8	9	14	19	24	108	#
460	365384	5	6	10	12	15	16	17	108	#
461	356878	10	15	16	17	21	22	23	108	#
462	338672	11	12	17	18	19	22	23	108	#
463	335343	9	14	18	19	22	23	24	108	#
464	407281	0	1	6	7	11	12	13	14	18	19	109	#
465	562181	6	9	10	11	12	18	19	22	23	24	109	#
466	518668	0	1	2	6	7	11	12	14	19	24	109	#
467	515744	0	1	2	5	6	10	11	15	16	20	109	#
468	491853	6	10	11	12	13	14	15	16	18	23	109	#
469	459866	0	1	6	7	10	11	12	16	20	21	109	#
470	467415	2	5	6	7	11	16	17	21	110	#
471	487074	0	5	6	10	11	15	16	21	110	#
472	406030	2	6	7	10	11	15	16	21	110	#
473	387220	0	1	5	6	7	10	11	12	110	#
474	384753	1	2	3	4	5	6	8	22	110	#
475	379938	0	1	6	7	11	12	13	18	110	#
476	47625	22	#
477	292571	0	2	6	7	111	#
478	324999	0	6	7	11	111	#
479	319544	0	2	7	8	111	#
480	232830	1	2	6	7	111	#
481	309405	4	9	13	14	18	19	24	112	#
482	440579	4	9	14	18	19	23	24	112	#
483	435519	4	9	12	14	18	19	24	112	#
484	420209	12	13	14	18	19	23	24	112	#
485	368501	4	6	9	12	13	14	18	112	#
486	332400	8	12	13	14	18	19	23	112	#
487	1051942	0	1	2	3	4	5	6	7	9	10	11	12	13	14	16	17	18	19	20	21	22	23	113	#
488	1234540	0	1	2	3	4	5	6	7	8	11	12	13	14	15	16	17	18	19	20	21	22	24	113	#
489	1211771	0	1	2	3	4	5	6	7	8	9	11	12	13	14	15	16	17	18	19	21	22	24	113	#
490	1197706	0	2	3	4	5	6	7	8	9	11	12	13	14	15	16	17	18	19	20	21	22	24	113	#
491	1197142	0	1	2	3	4	6	7	8	11	12	13	14	15	16	17	18	19	20	21	22	23	24	113	#
492	1196629	0	1	2	3	5	6	7	8	9	11	12	13	14	15	16	17	18	19	21	22	23	24	113	#
493	258727	3	7	8	114	#
494	245404	6	7	12	114	#
495	229439	3	4	8	114	#
496	135316	2	7	8	114	#
497	108621	12	18	#
498	273872	1	2	6	12	115	#
499	365501	1	6	11	12	115	#
500	288984	12	17	18	22	115	#
501	278819	1	2	6	11	115	#
502	246179	1	2	3	6	115	#
