%% File generated by CATS v.2.1Mon Aug 19 20:45:48 2019

%% The CATS webpage is http://robotics.stanford.edu/CATS

%% PARAMETER SETTINGS:
% Goods: 25; Bids: 500; Distribution: scheduling; Runs: 10; Seed: 1566267567
% Scheduling Distribution Parameters:
% max_length                = 10
% deviation                 = 0.500000
% prob_additional_deadline  = 0.700000
% additivity                = 0.200000



goods 25
bids 509
dummy 30

0	3415	0	1	2	3	25	#
1	3415	1	2	3	4	25	#
2	3415	2	3	4	5	25	#
3	3415	3	4	5	6	25	#
4	3415	4	5	6	7	25	#
5	3415	5	6	7	8	25	#
6	3415	6	7	8	9	25	#
7	3415	7	8	9	10	25	#
8	3415	8	9	10	11	25	#
9	3415	9	10	11	12	25	#
10	3415	10	11	12	13	25	#
11	3415	11	12	13	14	25	#
12	2813	12	13	14	15	25	#
13	2813	13	14	15	16	25	#
14	2813	14	15	16	17	25	#
15	2656	15	16	17	18	25	#
16	1992	16	17	18	19	25	#
17	1992	17	18	19	20	25	#
18	1992	18	19	20	21	25	#
19	1992	19	20	21	22	25	#
20	1992	20	21	22	23	25	#
21	1992	21	22	23	24	25	#
22	7590	0	1	2	3	4	5	6	7	26	#
23	7590	1	2	3	4	5	6	7	8	26	#
24	7590	2	3	4	5	6	7	8	9	26	#
25	902	0	27	#
26	902	1	27	#
27	902	2	27	#
28	902	3	27	#
29	902	4	27	#
30	902	5	27	#
31	902	6	27	#
32	902	7	27	#
33	902	8	27	#
34	902	9	27	#
35	902	10	27	#
36	902	11	27	#
37	902	12	27	#
38	902	13	27	#
39	902	14	27	#
40	902	15	27	#
41	902	16	27	#
42	902	17	27	#
43	902	18	27	#
44	3338	0	1	2	28	#
45	3338	1	2	3	28	#
46	3338	2	3	4	28	#
47	3338	3	4	5	28	#
48	3338	4	5	6	28	#
49	3338	5	6	7	28	#
50	3338	6	7	8	28	#
51	3338	7	8	9	28	#
52	3338	8	9	10	28	#
53	3338	9	10	11	28	#
54	3338	10	11	12	28	#
55	3338	11	12	13	28	#
56	3338	12	13	14	28	#
57	3338	13	14	15	28	#
58	3338	14	15	16	28	#
59	3338	15	16	17	28	#
60	3338	16	17	18	28	#
61	3338	17	18	19	28	#
62	3338	18	19	20	28	#
63	3338	19	20	21	28	#
64	3338	20	21	22	28	#
65	3338	21	22	23	28	#
66	3338	22	23	24	28	#
67	18397	0	1	2	3	4	5	6	7	8	29	#
68	18397	1	2	3	4	5	6	7	8	9	29	#
69	18397	2	3	4	5	6	7	8	9	10	29	#
70	18397	3	4	5	6	7	8	9	10	11	29	#
71	18397	4	5	6	7	8	9	10	11	12	29	#
72	18397	5	6	7	8	9	10	11	12	13	29	#
73	18397	6	7	8	9	10	11	12	13	14	29	#
74	13556	7	8	9	10	11	12	13	14	15	29	#
75	13556	8	9	10	11	12	13	14	15	16	29	#
76	13556	9	10	11	12	13	14	15	16	17	29	#
77	13556	10	11	12	13	14	15	16	17	18	29	#
78	13556	11	12	13	14	15	16	17	18	19	29	#
79	12878	12	13	14	15	16	17	18	19	20	29	#
80	12265	13	14	15	16	17	18	19	20	21	29	#
81	10732	14	15	16	17	18	19	20	21	22	29	#
82	10732	15	16	17	18	19	20	21	22	23	29	#
83	10732	16	17	18	19	20	21	22	23	24	29	#
84	13917	0	1	2	3	4	5	6	7	8	9	30	#
85	13917	1	2	3	4	5	6	7	8	9	10	30	#
86	13917	2	3	4	5	6	7	8	9	10	11	30	#
87	13917	3	4	5	6	7	8	9	10	11	12	30	#
88	13917	4	5	6	7	8	9	10	11	12	13	30	#
89	13917	5	6	7	8	9	10	11	12	13	14	30	#
90	13917	6	7	8	9	10	11	12	13	14	15	30	#
91	13917	7	8	9	10	11	12	13	14	15	16	30	#
92	13917	8	9	10	11	12	13	14	15	16	17	30	#
93	13917	9	10	11	12	13	14	15	16	17	18	30	#
94	13917	10	11	12	13	14	15	16	17	18	19	30	#
95	13917	11	12	13	14	15	16	17	18	19	20	30	#
96	13917	12	13	14	15	16	17	18	19	20	21	30	#
97	13917	13	14	15	16	17	18	19	20	21	22	30	#
98	13312	14	15	16	17	18	19	20	21	22	23	30	#
99	14967	0	1	2	3	4	5	6	7	8	31	#
100	14967	1	2	3	4	5	6	7	8	9	31	#
101	14967	2	3	4	5	6	7	8	9	10	31	#
102	14967	3	4	5	6	7	8	9	10	11	31	#
103	14967	4	5	6	7	8	9	10	11	12	31	#
104	14967	5	6	7	8	9	10	11	12	13	31	#
105	14967	6	7	8	9	10	11	12	13	14	31	#
106	14967	7	8	9	10	11	12	13	14	15	31	#
107	14967	8	9	10	11	12	13	14	15	16	31	#
108	14967	9	10	11	12	13	14	15	16	17	31	#
109	14967	10	11	12	13	14	15	16	17	18	31	#
110	14967	11	12	13	14	15	16	17	18	19	31	#
111	14967	12	13	14	15	16	17	18	19	20	31	#
112	14967	13	14	15	16	17	18	19	20	21	31	#
113	14286	14	15	16	17	18	19	20	21	22	31	#
114	13665	15	16	17	18	19	20	21	22	23	31	#
115	4204	0	1	2	3	32	#
116	4204	1	2	3	4	32	#
117	701	2	3	4	5	32	#
118	701	3	4	5	6	32	#
119	701	4	5	6	7	32	#
120	701	5	6	7	8	32	#
121	701	6	7	8	9	32	#
122	701	7	8	9	10	32	#
123	701	8	9	10	11	32	#
124	701	9	10	11	12	32	#
125	701	10	11	12	13	32	#
126	701	11	12	13	14	32	#
127	701	12	13	14	15	32	#
128	701	13	14	15	16	32	#
129	701	14	15	16	17	32	#
130	701	15	16	17	18	32	#
131	701	16	17	18	19	32	#
132	701	17	18	19	20	32	#
133	701	18	19	20	21	32	#
134	701	19	20	21	22	32	#
135	701	20	21	22	23	32	#
136	701	21	22	23	24	32	#
137	1443	0	33	#
138	1443	1	33	#
139	1443	2	33	#
140	1443	3	33	#
141	1443	4	33	#
142	1443	5	33	#
143	1443	6	33	#
144	1443	7	33	#
145	1443	8	33	#
146	1443	9	33	#
147	1443	10	33	#
148	1443	11	33	#
149	1443	12	33	#
150	787	13	33	#
151	787	14	33	#
152	787	15	33	#
153	787	16	33	#
154	787	17	33	#
155	787	18	33	#
156	787	19	33	#
157	787	20	33	#
158	787	21	33	#
159	787	22	33	#
160	8436	0	1	2	3	4	5	6	7	8	34	#
161	8436	1	2	3	4	5	6	7	8	9	34	#
162	8436	2	3	4	5	6	7	8	9	10	34	#
163	8436	3	4	5	6	7	8	9	10	11	34	#
164	8436	4	5	6	7	8	9	10	11	12	34	#
165	8436	5	6	7	8	9	10	11	12	13	34	#
166	8436	6	7	8	9	10	11	12	13	14	34	#
167	8436	7	8	9	10	11	12	13	14	15	34	#
168	6327	8	9	10	11	12	13	14	15	16	34	#
169	6327	9	10	11	12	13	14	15	16	17	34	#
170	6327	10	11	12	13	14	15	16	17	18	34	#
171	6327	11	12	13	14	15	16	17	18	19	34	#
172	6327	12	13	14	15	16	17	18	19	20	34	#
173	6026	13	14	15	16	17	18	19	20	21	34	#
174	3243	0	1	2	3	35	#
175	3243	1	2	3	4	35	#
176	3243	2	3	4	5	35	#
177	3243	3	4	5	6	35	#
178	3243	4	5	6	7	35	#
179	3243	5	6	7	8	35	#
180	3243	6	7	8	9	35	#
181	3243	7	8	9	10	35	#
182	3243	8	9	10	11	35	#
183	3243	9	10	11	12	35	#
184	3243	10	11	12	13	35	#
185	1916	11	12	13	14	35	#
186	1916	12	13	14	15	35	#
187	1916	13	14	15	16	35	#
188	1916	14	15	16	17	35	#
189	1916	15	16	17	18	35	#
190	1916	16	17	18	19	35	#
191	1916	17	18	19	20	35	#
192	1916	18	19	20	21	35	#
193	1916	19	20	21	22	35	#
194	3350	0	1	2	3	36	#
195	3350	1	2	3	4	36	#
196	3350	2	3	4	5	36	#
197	3350	3	4	5	6	36	#
198	3350	4	5	6	7	36	#
199	3350	5	6	7	8	36	#
200	3350	6	7	8	9	36	#
201	3350	7	8	9	10	36	#
202	3350	8	9	10	11	36	#
203	3350	9	10	11	12	36	#
204	3350	10	11	12	13	36	#
205	3350	11	12	13	14	36	#
206	3350	12	13	14	15	36	#
207	3350	13	14	15	16	36	#
208	3350	14	15	16	17	36	#
209	3350	15	16	17	18	36	#
210	3350	16	17	18	19	36	#
211	3350	17	18	19	20	36	#
212	3350	18	19	20	21	36	#
213	3350	19	20	21	22	36	#
214	3204	20	21	22	23	36	#
215	3567	0	1	2	37	#
216	3567	1	2	3	37	#
217	3567	2	3	4	37	#
218	3567	3	4	5	37	#
219	3567	4	5	6	37	#
220	3567	5	6	7	37	#
221	3567	6	7	8	37	#
222	3567	7	8	9	37	#
223	3567	8	9	10	37	#
224	3567	9	10	11	37	#
225	3567	10	11	12	37	#
226	3567	11	12	13	37	#
227	3567	12	13	14	37	#
228	3567	13	14	15	37	#
229	3567	14	15	16	37	#
230	3567	15	16	17	37	#
231	3567	16	17	18	37	#
232	3567	17	18	19	37	#
233	3567	18	19	20	37	#
234	3567	19	20	21	37	#
235	3567	20	21	22	37	#
236	3567	21	22	23	37	#
237	3567	22	23	24	37	#
238	9965	0	1	2	3	4	5	6	38	#
239	9965	1	2	3	4	5	6	7	38	#
240	9965	2	3	4	5	6	7	8	38	#
241	9965	3	4	5	6	7	8	9	38	#
242	9965	4	5	6	7	8	9	10	38	#
243	9965	5	6	7	8	9	10	11	38	#
244	9965	6	7	8	9	10	11	12	38	#
245	9988	0	1	2	3	4	5	6	39	#
246	9988	1	2	3	4	5	6	7	39	#
247	9988	2	3	4	5	6	7	8	39	#
248	9988	3	4	5	6	7	8	9	39	#
249	9988	4	5	6	7	8	9	10	39	#
250	9988	5	6	7	8	9	10	11	39	#
251	9988	6	7	8	9	10	11	12	39	#
252	9988	7	8	9	10	11	12	13	39	#
253	9988	8	9	10	11	12	13	14	39	#
254	7715	0	1	2	3	4	40	#
255	7715	1	2	3	4	5	40	#
256	7715	2	3	4	5	6	40	#
257	7715	3	4	5	6	7	40	#
258	7715	4	5	6	7	8	40	#
259	7715	5	6	7	8	9	40	#
260	7715	6	7	8	9	10	40	#
261	7715	7	8	9	10	11	40	#
262	7715	8	9	10	11	12	40	#
263	7715	9	10	11	12	13	40	#
264	7715	10	11	12	13	14	40	#
265	7715	11	12	13	14	15	40	#
266	7715	12	13	14	15	16	40	#
267	7715	13	14	15	16	17	40	#
268	7715	14	15	16	17	18	40	#
269	7715	15	16	17	18	19	40	#
270	7715	16	17	18	19	20	40	#
271	7715	17	18	19	20	21	40	#
272	7715	18	19	20	21	22	40	#
273	7072	19	20	21	22	23	40	#
274	7072	20	21	22	23	24	40	#
275	12734	0	1	2	3	4	5	41	#
276	12734	1	2	3	4	5	6	41	#
277	12734	2	3	4	5	6	7	41	#
278	12734	3	4	5	6	7	8	41	#
279	12734	4	5	6	7	8	9	41	#
280	12734	5	6	7	8	9	10	41	#
281	12734	6	7	8	9	10	11	41	#
282	12734	7	8	9	10	11	12	41	#
283	6367	8	9	10	11	12	13	41	#
284	6367	9	10	11	12	13	14	41	#
285	6367	10	11	12	13	14	15	41	#
286	6367	11	12	13	14	15	16	41	#
287	6367	12	13	14	15	16	17	41	#
288	6367	13	14	15	16	17	18	41	#
289	6367	14	15	16	17	18	19	41	#
290	6367	15	16	17	18	19	20	41	#
291	6367	16	17	18	19	20	21	41	#
292	6367	17	18	19	20	21	22	41	#
293	6367	18	19	20	21	22	23	41	#
294	6367	19	20	21	22	23	24	41	#
295	7933	0	1	2	3	4	42	#
296	7933	1	2	3	4	5	42	#
297	7933	2	3	4	5	6	42	#
298	7933	3	4	5	6	7	42	#
299	7933	4	5	6	7	8	42	#
300	7933	5	6	7	8	9	42	#
301	7933	6	7	8	9	10	42	#
302	7933	7	8	9	10	11	42	#
303	7933	8	9	10	11	12	42	#
304	7933	9	10	11	12	13	42	#
305	7933	10	11	12	13	14	42	#
306	7933	11	12	13	14	15	42	#
307	7933	12	13	14	15	16	42	#
308	5288	13	14	15	16	17	42	#
309	5288	14	15	16	17	18	42	#
310	5288	15	16	17	18	19	42	#
311	5288	16	17	18	19	20	42	#
312	5288	17	18	19	20	21	42	#
313	5288	18	19	20	21	22	42	#
314	5288	19	20	21	22	23	42	#
315	5288	20	21	22	23	24	42	#
316	3402	0	1	2	43	#
317	3402	1	2	3	43	#
318	10433	0	1	2	3	4	5	6	44	#
319	10433	1	2	3	4	5	6	7	44	#
320	10433	2	3	4	5	6	7	8	44	#
321	10433	3	4	5	6	7	8	9	44	#
322	10433	4	5	6	7	8	9	10	44	#
323	10433	5	6	7	8	9	10	11	44	#
324	10433	6	7	8	9	10	11	12	44	#
325	10433	7	8	9	10	11	12	13	44	#
326	10433	8	9	10	11	12	13	14	44	#
327	10433	9	10	11	12	13	14	15	44	#
328	10433	10	11	12	13	14	15	16	44	#
329	10433	11	12	13	14	15	16	17	44	#
330	10433	12	13	14	15	16	17	18	44	#
331	9390	13	14	15	16	17	18	19	44	#
332	9390	14	15	16	17	18	19	20	44	#
333	1796	0	1	45	#
334	1796	1	2	45	#
335	1796	2	3	45	#
336	1796	3	4	45	#
337	1796	4	5	45	#
338	1796	5	6	45	#
339	1796	6	7	45	#
340	1796	7	8	45	#
341	1796	8	9	45	#
342	1796	9	10	45	#
343	1796	10	11	45	#
344	1796	11	12	45	#
345	1796	12	13	45	#
346	1796	13	14	45	#
347	1796	14	15	45	#
348	1796	15	16	45	#
349	1796	16	17	45	#
350	1796	17	18	45	#
351	1796	18	19	45	#
352	1796	19	20	45	#
353	1796	20	21	45	#
354	1796	21	22	45	#
355	1717	22	23	45	#
356	5928	0	1	2	3	4	5	6	46	#
357	5928	1	2	3	4	5	6	7	46	#
358	5928	2	3	4	5	6	7	8	46	#
359	5928	3	4	5	6	7	8	9	46	#
360	5928	4	5	6	7	8	9	10	46	#
361	5928	5	6	7	8	9	10	11	46	#
362	5928	6	7	8	9	10	11	12	46	#
363	5928	7	8	9	10	11	12	13	46	#
364	5928	8	9	10	11	12	13	14	46	#
365	5928	9	10	11	12	13	14	15	46	#
366	3705	10	11	12	13	14	15	16	46	#
367	3705	11	12	13	14	15	16	17	46	#
368	3705	12	13	14	15	16	17	18	46	#
369	3705	13	14	15	16	17	18	19	46	#
370	3705	14	15	16	17	18	19	20	46	#
371	3705	15	16	17	18	19	20	21	46	#
372	3705	16	17	18	19	20	21	22	46	#
373	3705	17	18	19	20	21	22	23	46	#
374	3705	18	19	20	21	22	23	24	46	#
375	11081	0	1	2	3	4	5	6	7	8	9	47	#
376	11081	1	2	3	4	5	6	7	8	9	10	47	#
377	11081	2	3	4	5	6	7	8	9	10	11	47	#
378	11081	3	4	5	6	7	8	9	10	11	12	47	#
379	11081	4	5	6	7	8	9	10	11	12	13	47	#
380	11081	5	6	7	8	9	10	11	12	13	14	47	#
381	11081	6	7	8	9	10	11	12	13	14	15	47	#
382	7915	7	8	9	10	11	12	13	14	15	16	47	#
383	7915	8	9	10	11	12	13	14	15	16	17	47	#
384	7915	9	10	11	12	13	14	15	16	17	18	47	#
385	7915	10	11	12	13	14	15	16	17	18	19	47	#
386	7915	11	12	13	14	15	16	17	18	19	20	47	#
387	7915	12	13	14	15	16	17	18	19	20	21	47	#
388	7555	13	14	15	16	17	18	19	20	21	22	47	#
389	7227	14	15	16	17	18	19	20	21	22	23	47	#
390	6926	15	16	17	18	19	20	21	22	23	24	47	#
391	6226	0	1	2	3	4	48	#
392	6226	1	2	3	4	5	48	#
393	6226	2	3	4	5	6	48	#
394	6226	3	4	5	6	7	48	#
395	6226	4	5	6	7	8	48	#
396	6226	5	6	7	8	9	48	#
397	6226	6	7	8	9	10	48	#
398	6226	7	8	9	10	11	48	#
399	6226	8	9	10	11	12	48	#
400	6226	9	10	11	12	13	48	#
401	6226	10	11	12	13	14	48	#
402	6226	11	12	13	14	15	48	#
403	6226	12	13	14	15	16	48	#
404	6226	13	14	15	16	17	48	#
405	6226	14	15	16	17	18	48	#
406	6226	15	16	17	18	19	48	#
407	6226	16	17	18	19	20	48	#
408	6226	17	18	19	20	21	48	#
409	6226	18	19	20	21	22	48	#
410	5708	19	20	21	22	23	48	#
411	5708	20	21	22	23	24	48	#
412	9011	0	1	2	3	4	5	6	49	#
413	9011	1	2	3	4	5	6	7	49	#
414	9011	2	3	4	5	6	7	8	49	#
415	9011	3	4	5	6	7	8	9	49	#
416	9011	4	5	6	7	8	9	10	49	#
417	9011	5	6	7	8	9	10	11	49	#
418	9011	6	7	8	9	10	11	12	49	#
419	9011	7	8	9	10	11	12	13	49	#
420	9011	8	9	10	11	12	13	14	49	#
421	9011	9	10	11	12	13	14	15	49	#
422	9011	10	11	12	13	14	15	16	49	#
423	9011	11	12	13	14	15	16	17	49	#
424	9011	12	13	14	15	16	17	18	49	#
425	9011	13	14	15	16	17	18	19	49	#
426	9011	14	15	16	17	18	19	20	49	#
427	9011	15	16	17	18	19	20	21	49	#
428	9011	16	17	18	19	20	21	22	49	#
429	8260	17	18	19	20	21	22	23	49	#
430	8260	18	19	20	21	22	23	24	49	#
431	7659	0	1	2	3	4	50	#
432	7659	1	2	3	4	5	50	#
433	7659	2	3	4	5	6	50	#
434	7659	3	4	5	6	7	50	#
435	7659	4	5	6	7	8	50	#
436	7659	5	6	7	8	9	50	#
437	7659	6	7	8	9	10	50	#
438	7659	7	8	9	10	11	50	#
439	7659	8	9	10	11	12	50	#
440	7659	9	10	11	12	13	50	#
441	7659	10	11	12	13	14	50	#
442	7659	11	12	13	14	15	50	#
443	7659	12	13	14	15	16	50	#
444	7659	13	14	15	16	17	50	#
445	7659	14	15	16	17	18	50	#
446	1328	0	51	#
447	1328	1	51	#
448	1328	2	51	#
449	1328	3	51	#
450	1328	4	51	#
451	1328	5	51	#
452	1328	6	51	#
453	1328	7	51	#
454	1328	8	51	#
455	1328	9	51	#
456	1328	10	51	#
457	1328	11	51	#
458	1328	12	51	#
459	1328	13	51	#
460	1328	14	51	#
461	978	15	51	#
462	978	16	51	#
463	978	17	51	#
464	978	18	51	#
465	978	19	51	#
466	808	20	51	#
467	808	21	51	#
468	808	22	51	#
469	808	23	51	#
470	775	24	51	#
471	3356	0	1	52	#
472	3356	1	2	52	#
473	3356	2	3	52	#
474	3356	3	4	52	#
475	1139	0	53	#
476	1139	1	53	#
477	228	2	53	#
478	228	3	53	#
479	228	4	53	#
480	228	5	53	#
481	88	6	53	#
482	88	7	53	#
483	88	8	53	#
484	88	9	53	#
485	88	10	53	#
486	88	11	53	#
487	88	12	53	#
488	88	13	53	#
489	10762	0	1	2	3	4	5	54	#
490	10762	1	2	3	4	5	6	54	#
491	10762	2	3	4	5	6	7	54	#
492	10762	3	4	5	6	7	8	54	#
493	10762	4	5	6	7	8	9	54	#
494	10762	5	6	7	8	9	10	54	#
495	10762	6	7	8	9	10	11	54	#
496	10762	7	8	9	10	11	12	54	#
497	10762	8	9	10	11	12	13	54	#
498	10762	9	10	11	12	13	14	54	#
499	10762	10	11	12	13	14	15	54	#
500	10762	11	12	13	14	15	16	54	#
501	10762	12	13	14	15	16	17	54	#
502	10762	13	14	15	16	17	18	54	#
503	10762	14	15	16	17	18	19	54	#
504	10762	15	16	17	18	19	20	54	#
505	10762	16	17	18	19	20	21	54	#
506	10762	17	18	19	20	21	22	54	#
507	10762	18	19	20	21	22	23	54	#
508	10762	19	20	21	22	23	24	54	#
