%% File generated by CATS v.2.1Mon Aug 19 20:45:56 2019

%% The CATS webpage is http://robotics.stanford.edu/CATS

%% PARAMETER SETTINGS:
% Goods: 40; Bids: 400; Distribution: scheduling; Runs: 10; Seed: 1566267603
% Scheduling Distribution Parameters:
% max_length                = 10
% deviation                 = 0.500000
% prob_additional_deadline  = 0.700000
% additivity                = 0.200000



goods 40
bids 401
dummy 14

0	12238	0	1	2	3	4	5	6	7	8	9	40	#
1	12238	1	2	3	4	5	6	7	8	9	10	40	#
2	12238	2	3	4	5	6	7	8	9	10	11	40	#
3	12238	3	4	5	6	7	8	9	10	11	12	40	#
4	12238	4	5	6	7	8	9	10	11	12	13	40	#
5	4757	0	1	2	3	4	41	#
6	4757	1	2	3	4	5	41	#
7	4757	2	3	4	5	6	41	#
8	4757	3	4	5	6	7	41	#
9	4757	4	5	6	7	8	41	#
10	4757	5	6	7	8	9	41	#
11	4757	6	7	8	9	10	41	#
12	4757	7	8	9	10	11	41	#
13	4757	8	9	10	11	12	41	#
14	4757	9	10	11	12	13	41	#
15	4757	10	11	12	13	14	41	#
16	4757	11	12	13	14	15	41	#
17	4757	12	13	14	15	16	41	#
18	4757	13	14	15	16	17	41	#
19	4757	14	15	16	17	18	41	#
20	4757	15	16	17	18	19	41	#
21	4757	16	17	18	19	20	41	#
22	4757	17	18	19	20	21	41	#
23	4757	18	19	20	21	22	41	#
24	4757	19	20	21	22	23	41	#
25	4757	20	21	22	23	24	41	#
26	4757	21	22	23	24	25	41	#
27	4757	22	23	24	25	26	41	#
28	4757	23	24	25	26	27	41	#
29	4757	24	25	26	27	28	41	#
30	4757	25	26	27	28	29	41	#
31	4757	26	27	28	29	30	41	#
32	4757	27	28	29	30	31	41	#
33	4757	28	29	30	31	32	41	#
34	4757	29	30	31	32	33	41	#
35	4757	30	31	32	33	34	41	#
36	7166	0	1	2	3	4	42	#
37	7166	1	2	3	4	5	42	#
38	7166	2	3	4	5	6	42	#
39	7166	3	4	5	6	7	42	#
40	7166	4	5	6	7	8	42	#
41	7166	5	6	7	8	9	42	#
42	7166	6	7	8	9	10	42	#
43	7166	7	8	9	10	11	42	#
44	7166	8	9	10	11	12	42	#
45	7166	9	10	11	12	13	42	#
46	7166	10	11	12	13	14	42	#
47	7166	11	12	13	14	15	42	#
48	7166	12	13	14	15	16	42	#
49	7166	13	14	15	16	17	42	#
50	7166	14	15	16	17	18	42	#
51	7166	15	16	17	18	19	42	#
52	7166	16	17	18	19	20	42	#
53	7166	17	18	19	20	21	42	#
54	6271	18	19	20	21	22	42	#
55	6271	19	20	21	22	23	42	#
56	6271	20	21	22	23	24	42	#
57	22724	0	1	2	3	4	5	6	7	8	9	43	#
58	22724	1	2	3	4	5	6	7	8	9	10	43	#
59	22724	2	3	4	5	6	7	8	9	10	11	43	#
60	22724	3	4	5	6	7	8	9	10	11	12	43	#
61	22724	4	5	6	7	8	9	10	11	12	13	43	#
62	22724	5	6	7	8	9	10	11	12	13	14	43	#
63	22724	6	7	8	9	10	11	12	13	14	15	43	#
64	22724	7	8	9	10	11	12	13	14	15	16	43	#
65	22724	8	9	10	11	12	13	14	15	16	17	43	#
66	22724	9	10	11	12	13	14	15	16	17	18	43	#
67	22724	10	11	12	13	14	15	16	17	18	19	43	#
68	22724	11	12	13	14	15	16	17	18	19	20	43	#
69	22724	12	13	14	15	16	17	18	19	20	21	43	#
70	22724	13	14	15	16	17	18	19	20	21	22	43	#
71	22724	14	15	16	17	18	19	20	21	22	23	43	#
72	22724	15	16	17	18	19	20	21	22	23	24	43	#
73	22724	16	17	18	19	20	21	22	23	24	25	43	#
74	22724	17	18	19	20	21	22	23	24	25	26	43	#
75	22724	18	19	20	21	22	23	24	25	26	27	43	#
76	22724	19	20	21	22	23	24	25	26	27	28	43	#
77	16744	20	21	22	23	24	25	26	27	28	29	43	#
78	16744	21	22	23	24	25	26	27	28	29	30	43	#
79	16744	22	23	24	25	26	27	28	29	30	31	43	#
80	16744	23	24	25	26	27	28	29	30	31	32	43	#
81	16744	24	25	26	27	28	29	30	31	32	33	43	#
82	16744	25	26	27	28	29	30	31	32	33	34	43	#
83	16744	26	27	28	29	30	31	32	33	34	35	43	#
84	16744	27	28	29	30	31	32	33	34	35	36	43	#
85	16744	28	29	30	31	32	33	34	35	36	37	43	#
86	16744	29	30	31	32	33	34	35	36	37	38	43	#
87	16315	30	31	32	33	34	35	36	37	38	39	43	#
88	5547	0	1	2	3	4	44	#
89	5547	1	2	3	4	5	44	#
90	5547	2	3	4	5	6	44	#
91	5547	3	4	5	6	7	44	#
92	5547	4	5	6	7	8	44	#
93	5547	5	6	7	8	9	44	#
94	5547	6	7	8	9	10	44	#
95	7321	0	1	2	3	45	#
96	7321	1	2	3	4	45	#
97	7321	2	3	4	5	45	#
98	7321	3	4	5	6	45	#
99	7321	4	5	6	7	45	#
100	7321	5	6	7	8	45	#
101	7321	6	7	8	9	45	#
102	7321	7	8	9	10	45	#
103	7321	8	9	10	11	45	#
104	7321	9	10	11	12	45	#
105	7321	10	11	12	13	45	#
106	7321	11	12	13	14	45	#
107	7321	12	13	14	15	45	#
108	7321	13	14	15	16	45	#
109	7321	14	15	16	17	45	#
110	7321	15	16	17	18	45	#
111	7321	16	17	18	19	45	#
112	7321	17	18	19	20	45	#
113	7321	18	19	20	21	45	#
114	7321	19	20	21	22	45	#
115	7321	20	21	22	23	45	#
116	4811	21	22	23	24	45	#
117	4811	22	23	24	25	45	#
118	4811	23	24	25	26	45	#
119	4811	24	25	26	27	45	#
120	4811	25	26	27	28	45	#
121	4811	26	27	28	29	45	#
122	4811	27	28	29	30	45	#
123	4811	28	29	30	31	45	#
124	4811	29	30	31	32	45	#
125	4811	30	31	32	33	45	#
126	4811	31	32	33	34	45	#
127	4811	32	33	34	35	45	#
128	4318	33	34	35	36	45	#
129	4318	34	35	36	37	45	#
130	4318	35	36	37	38	45	#
131	4318	36	37	38	39	45	#
132	1169	0	1	46	#
133	1169	1	2	46	#
134	1169	2	3	46	#
135	1169	3	4	46	#
136	1169	4	5	46	#
137	1169	5	6	46	#
138	1169	6	7	46	#
139	1169	7	8	46	#
140	323	8	9	46	#
141	323	9	10	46	#
142	323	10	11	46	#
143	323	11	12	46	#
144	323	12	13	46	#
145	323	13	14	46	#
146	323	14	15	46	#
147	323	15	16	46	#
148	323	16	17	46	#
149	323	17	18	46	#
150	323	18	19	46	#
151	323	19	20	46	#
152	323	20	21	46	#
153	323	21	22	46	#
154	323	22	23	46	#
155	323	23	24	46	#
156	323	24	25	46	#
157	323	25	26	46	#
158	323	26	27	46	#
159	323	27	28	46	#
160	323	28	29	46	#
161	267	29	30	46	#
162	267	30	31	46	#
163	267	31	32	46	#
164	267	32	33	46	#
165	267	33	34	46	#
166	267	34	35	46	#
167	253	35	36	46	#
168	253	36	37	46	#
169	246	37	38	46	#
170	240	38	39	46	#
171	12351	0	1	2	3	4	5	6	7	47	#
172	12351	1	2	3	4	5	6	7	8	47	#
173	12351	2	3	4	5	6	7	8	9	47	#
174	12351	3	4	5	6	7	8	9	10	47	#
175	12351	4	5	6	7	8	9	10	11	47	#
176	12351	5	6	7	8	9	10	11	12	47	#
177	12351	6	7	8	9	10	11	12	13	47	#
178	12351	7	8	9	10	11	12	13	14	47	#
179	12351	8	9	10	11	12	13	14	15	47	#
180	12351	9	10	11	12	13	14	15	16	47	#
181	12351	10	11	12	13	14	15	16	17	47	#
182	12351	11	12	13	14	15	16	17	18	47	#
183	12351	12	13	14	15	16	17	18	19	47	#
184	12351	13	14	15	16	17	18	19	20	47	#
185	12351	14	15	16	17	18	19	20	21	47	#
186	12351	15	16	17	18	19	20	21	22	47	#
187	12351	16	17	18	19	20	21	22	23	47	#
188	12351	17	18	19	20	21	22	23	24	47	#
189	12351	18	19	20	21	22	23	24	25	47	#
190	12351	19	20	21	22	23	24	25	26	47	#
191	12351	20	21	22	23	24	25	26	27	47	#
192	12351	21	22	23	24	25	26	27	28	47	#
193	12351	22	23	24	25	26	27	28	29	47	#
194	12351	23	24	25	26	27	28	29	30	47	#
195	12351	24	25	26	27	28	29	30	31	47	#
196	12351	25	26	27	28	29	30	31	32	47	#
197	12351	26	27	28	29	30	31	32	33	47	#
198	12351	27	28	29	30	31	32	33	34	47	#
199	12351	28	29	30	31	32	33	34	35	47	#
200	12351	29	30	31	32	33	34	35	36	47	#
201	12351	30	31	32	33	34	35	36	37	47	#
202	12351	31	32	33	34	35	36	37	38	47	#
203	8920	0	1	2	3	4	5	6	48	#
204	8920	1	2	3	4	5	6	7	48	#
205	8920	2	3	4	5	6	7	8	48	#
206	8920	3	4	5	6	7	8	9	48	#
207	8920	4	5	6	7	8	9	10	48	#
208	8920	5	6	7	8	9	10	11	48	#
209	4266	6	7	8	9	10	11	12	48	#
210	4266	7	8	9	10	11	12	13	48	#
211	4266	8	9	10	11	12	13	14	48	#
212	4266	9	10	11	12	13	14	15	48	#
213	4266	10	11	12	13	14	15	16	48	#
214	4266	11	12	13	14	15	16	17	48	#
215	4266	12	13	14	15	16	17	18	48	#
216	4266	13	14	15	16	17	18	19	48	#
217	4266	14	15	16	17	18	19	20	48	#
218	4266	15	16	17	18	19	20	21	48	#
219	4266	16	17	18	19	20	21	22	48	#
220	4266	17	18	19	20	21	22	23	48	#
221	3066	18	19	20	21	22	23	24	48	#
222	3066	19	20	21	22	23	24	25	48	#
223	3066	20	21	22	23	24	25	26	48	#
224	3066	21	22	23	24	25	26	27	48	#
225	3066	22	23	24	25	26	27	28	48	#
226	3066	23	24	25	26	27	28	29	48	#
227	3066	24	25	26	27	28	29	30	48	#
228	3066	25	26	27	28	29	30	31	48	#
229	3066	26	27	28	29	30	31	32	48	#
230	9814	0	1	2	3	4	49	#
231	9814	1	2	3	4	5	49	#
232	9814	2	3	4	5	6	49	#
233	9814	3	4	5	6	7	49	#
234	9814	4	5	6	7	8	49	#
235	2908	5	6	7	8	9	49	#
236	2908	6	7	8	9	10	49	#
237	2908	7	8	9	10	11	49	#
238	2908	8	9	10	11	12	49	#
239	2908	9	10	11	12	13	49	#
240	2908	10	11	12	13	14	49	#
241	2908	11	12	13	14	15	49	#
242	2908	12	13	14	15	16	49	#
243	2908	13	14	15	16	17	49	#
244	2908	14	15	16	17	18	49	#
245	2908	15	16	17	18	19	49	#
246	2908	16	17	18	19	20	49	#
247	2908	17	18	19	20	21	49	#
248	2908	18	19	20	21	22	49	#
249	2908	19	20	21	22	23	49	#
250	2908	20	21	22	23	24	49	#
251	2908	21	22	23	24	25	49	#
252	2908	22	23	24	25	26	49	#
253	2908	23	24	25	26	27	49	#
254	2013	24	25	26	27	28	49	#
255	2013	25	26	27	28	29	49	#
256	2013	26	27	28	29	30	49	#
257	2013	27	28	29	30	31	49	#
258	2013	28	29	30	31	32	49	#
259	2013	29	30	31	32	33	49	#
260	2013	30	31	32	33	34	49	#
261	2013	31	32	33	34	35	49	#
262	2013	32	33	34	35	36	49	#
263	2013	33	34	35	36	37	49	#
264	2013	34	35	36	37	38	49	#
265	2013	35	36	37	38	39	49	#
266	7410	0	1	2	3	4	5	50	#
267	7410	1	2	3	4	5	6	50	#
268	7410	2	3	4	5	6	7	50	#
269	7410	3	4	5	6	7	8	50	#
270	7410	4	5	6	7	8	9	50	#
271	7410	5	6	7	8	9	10	50	#
272	7410	6	7	8	9	10	11	50	#
273	7410	7	8	9	10	11	12	50	#
274	7410	8	9	10	11	12	13	50	#
275	7410	9	10	11	12	13	14	50	#
276	7410	10	11	12	13	14	15	50	#
277	7410	11	12	13	14	15	16	50	#
278	7410	12	13	14	15	16	17	50	#
279	7410	13	14	15	16	17	18	50	#
280	7410	14	15	16	17	18	19	50	#
281	7410	15	16	17	18	19	20	50	#
282	7410	16	17	18	19	20	21	50	#
283	7410	17	18	19	20	21	22	50	#
284	5434	18	19	20	21	22	23	50	#
285	5434	19	20	21	22	23	24	50	#
286	5434	20	21	22	23	24	25	50	#
287	5434	21	22	23	24	25	26	50	#
288	5434	22	23	24	25	26	27	50	#
289	5434	23	24	25	26	27	28	50	#
290	5434	24	25	26	27	28	29	50	#
291	5434	25	26	27	28	29	30	50	#
292	5095	26	27	28	29	30	31	50	#
293	5095	27	28	29	30	31	32	50	#
294	2594	0	1	51	#
295	2594	1	2	51	#
296	2594	2	3	51	#
297	2594	3	4	51	#
298	2594	4	5	51	#
299	2594	5	6	51	#
300	2594	6	7	51	#
301	2594	7	8	51	#
302	2594	8	9	51	#
303	2594	9	10	51	#
304	2594	10	11	51	#
305	2594	11	12	51	#
306	2594	12	13	51	#
307	2594	13	14	51	#
308	2594	14	15	51	#
309	2594	15	16	51	#
310	2594	16	17	51	#
311	2594	17	18	51	#
312	2594	18	19	51	#
313	2594	19	20	51	#
314	2594	20	21	51	#
315	2594	21	22	51	#
316	2594	22	23	51	#
317	2594	23	24	51	#
318	2594	24	25	51	#
319	2594	25	26	51	#
320	2594	26	27	51	#
321	2594	27	28	51	#
322	2594	28	29	51	#
323	2594	29	30	51	#
324	2594	30	31	51	#
325	2594	31	32	51	#
326	2594	32	33	51	#
327	2594	33	34	51	#
328	2321	34	35	51	#
329	2321	35	36	51	#
330	2321	36	37	51	#
331	2321	37	38	51	#
332	2262	38	39	51	#
333	14100	0	1	2	3	4	5	6	52	#
334	14100	1	2	3	4	5	6	7	52	#
335	14100	2	3	4	5	6	7	8	52	#
336	14100	3	4	5	6	7	8	9	52	#
337	14100	4	5	6	7	8	9	10	52	#
338	14100	5	6	7	8	9	10	11	52	#
339	14100	6	7	8	9	10	11	12	52	#
340	14100	7	8	9	10	11	12	13	52	#
341	14100	8	9	10	11	12	13	14	52	#
342	14100	9	10	11	12	13	14	15	52	#
343	14100	10	11	12	13	14	15	16	52	#
344	14100	11	12	13	14	15	16	17	52	#
345	14100	12	13	14	15	16	17	18	52	#
346	14100	13	14	15	16	17	18	19	52	#
347	14100	14	15	16	17	18	19	20	52	#
348	14100	15	16	17	18	19	20	21	52	#
349	14100	16	17	18	19	20	21	22	52	#
350	14100	17	18	19	20	21	22	23	52	#
351	14100	18	19	20	21	22	23	24	52	#
352	14100	19	20	21	22	23	24	25	52	#
353	14100	20	21	22	23	24	25	26	52	#
354	14100	21	22	23	24	25	26	27	52	#
355	14100	22	23	24	25	26	27	28	52	#
356	14100	23	24	25	26	27	28	29	52	#
357	14100	24	25	26	27	28	29	30	52	#
358	14100	25	26	27	28	29	30	31	52	#
359	12856	26	27	28	29	30	31	32	52	#
360	12856	27	28	29	30	31	32	33	52	#
361	12856	28	29	30	31	32	33	34	52	#
362	11208	29	30	31	32	33	34	35	52	#
363	11208	30	31	32	33	34	35	36	52	#
364	11208	31	32	33	34	35	36	37	52	#
365	11208	32	33	34	35	36	37	38	52	#
366	11208	33	34	35	36	37	38	39	52	#
367	6841	0	1	2	3	4	5	53	#
368	6841	1	2	3	4	5	6	53	#
369	6841	2	3	4	5	6	7	53	#
370	6841	3	4	5	6	7	8	53	#
371	6841	4	5	6	7	8	9	53	#
372	6841	5	6	7	8	9	10	53	#
373	6841	6	7	8	9	10	11	53	#
374	6841	7	8	9	10	11	12	53	#
375	6841	8	9	10	11	12	13	53	#
376	6841	9	10	11	12	13	14	53	#
377	6841	10	11	12	13	14	15	53	#
378	6841	11	12	13	14	15	16	53	#
379	6439	12	13	14	15	16	17	53	#
380	3649	13	14	15	16	17	18	53	#
381	3649	14	15	16	17	18	19	53	#
382	3649	15	16	17	18	19	20	53	#
383	3649	16	17	18	19	20	21	53	#
384	3649	17	18	19	20	21	22	53	#
385	3649	18	19	20	21	22	23	53	#
386	3649	19	20	21	22	23	24	53	#
387	3649	20	21	22	23	24	25	53	#
388	3649	21	22	23	24	25	26	53	#
389	3649	22	23	24	25	26	27	53	#
390	3649	23	24	25	26	27	28	53	#
391	3649	24	25	26	27	28	29	53	#
392	3649	25	26	27	28	29	30	53	#
393	2880	26	27	28	29	30	31	53	#
394	2880	27	28	29	30	31	32	53	#
395	2880	28	29	30	31	32	33	53	#
396	2880	29	30	31	32	33	34	53	#
397	2880	30	31	32	33	34	35	53	#
398	2880	31	32	33	34	35	36	53	#
399	2880	32	33	34	35	36	37	53	#
400	2880	33	34	35	36	37	38	53	#
