%% File generated by CATS v.2.1Mon Aug 19 20:45:56 2019

%% The CATS webpage is http://robotics.stanford.edu/CATS

%% PARAMETER SETTINGS:
% Goods: 40; Bids: 400; Distribution: scheduling; Runs: 10; Seed: 1566267603
% Scheduling Distribution Parameters:
% max_length                = 10
% deviation                 = 0.500000
% prob_additional_deadline  = 0.700000
% additivity                = 0.200000



goods 40
bids 423
dummy 15

0	9624	0	1	2	3	4	5	40	#
1	9624	1	2	3	4	5	6	40	#
2	9624	2	3	4	5	6	7	40	#
3	9624	3	4	5	6	7	8	40	#
4	9624	4	5	6	7	8	9	40	#
5	9624	5	6	7	8	9	10	40	#
6	9624	6	7	8	9	10	11	40	#
7	9624	7	8	9	10	11	12	40	#
8	9624	8	9	10	11	12	13	40	#
9	9624	9	10	11	12	13	14	40	#
10	9624	10	11	12	13	14	15	40	#
11	9624	11	12	13	14	15	16	40	#
12	9624	12	13	14	15	16	17	40	#
13	9624	13	14	15	16	17	18	40	#
14	9624	14	15	16	17	18	19	40	#
15	9624	15	16	17	18	19	20	40	#
16	9624	16	17	18	19	20	21	40	#
17	9624	17	18	19	20	21	22	40	#
18	9624	18	19	20	21	22	23	40	#
19	9624	19	20	21	22	23	24	40	#
20	9624	20	21	22	23	24	25	40	#
21	9624	21	22	23	24	25	26	40	#
22	9624	22	23	24	25	26	27	40	#
23	9624	23	24	25	26	27	28	40	#
24	9624	24	25	26	27	28	29	40	#
25	9624	25	26	27	28	29	30	40	#
26	9624	26	27	28	29	30	31	40	#
27	9624	27	28	29	30	31	32	40	#
28	9624	28	29	30	31	32	33	40	#
29	9624	29	30	31	32	33	34	40	#
30	9624	30	31	32	33	34	35	40	#
31	8864	31	32	33	34	35	36	40	#
32	8864	32	33	34	35	36	37	40	#
33	8864	33	34	35	36	37	38	40	#
34	22173	0	1	2	3	4	5	6	7	8	9	41	#
35	22173	1	2	3	4	5	6	7	8	9	10	41	#
36	22173	2	3	4	5	6	7	8	9	10	11	41	#
37	22173	3	4	5	6	7	8	9	10	11	12	41	#
38	22173	4	5	6	7	8	9	10	11	12	13	41	#
39	22173	5	6	7	8	9	10	11	12	13	14	41	#
40	22173	6	7	8	9	10	11	12	13	14	15	41	#
41	22173	7	8	9	10	11	12	13	14	15	16	41	#
42	22173	8	9	10	11	12	13	14	15	16	17	41	#
43	22173	9	10	11	12	13	14	15	16	17	18	41	#
44	22173	10	11	12	13	14	15	16	17	18	19	41	#
45	22173	11	12	13	14	15	16	17	18	19	20	41	#
46	22173	12	13	14	15	16	17	18	19	20	21	41	#
47	22173	13	14	15	16	17	18	19	20	21	22	41	#
48	22173	14	15	16	17	18	19	20	21	22	23	41	#
49	22173	15	16	17	18	19	20	21	22	23	24	41	#
50	22173	16	17	18	19	20	21	22	23	24	25	41	#
51	22173	17	18	19	20	21	22	23	24	25	26	41	#
52	22173	18	19	20	21	22	23	24	25	26	27	41	#
53	22173	19	20	21	22	23	24	25	26	27	28	41	#
54	22173	20	21	22	23	24	25	26	27	28	29	41	#
55	22173	21	22	23	24	25	26	27	28	29	30	41	#
56	22173	22	23	24	25	26	27	28	29	30	31	41	#
57	3943	0	1	2	3	42	#
58	3943	1	2	3	4	42	#
59	3943	2	3	4	5	42	#
60	3943	3	4	5	6	42	#
61	3943	4	5	6	7	42	#
62	3943	5	6	7	8	42	#
63	3943	6	7	8	9	42	#
64	3943	7	8	9	10	42	#
65	3943	8	9	10	11	42	#
66	3943	9	10	11	12	42	#
67	3943	10	11	12	13	42	#
68	3943	11	12	13	14	42	#
69	3943	12	13	14	15	42	#
70	3943	13	14	15	16	42	#
71	3943	14	15	16	17	42	#
72	3943	15	16	17	18	42	#
73	3943	16	17	18	19	42	#
74	3943	17	18	19	20	42	#
75	3943	18	19	20	21	42	#
76	3943	19	20	21	22	42	#
77	3943	20	21	22	23	42	#
78	3943	21	22	23	24	42	#
79	3943	22	23	24	25	42	#
80	3943	23	24	25	26	42	#
81	3943	24	25	26	27	42	#
82	3943	25	26	27	28	42	#
83	3943	26	27	28	29	42	#
84	3943	27	28	29	30	42	#
85	3816	28	29	30	31	42	#
86	3380	29	30	31	32	42	#
87	3380	30	31	32	33	42	#
88	3380	31	32	33	34	42	#
89	3380	32	33	34	35	42	#
90	9386	0	1	2	3	4	5	43	#
91	9386	1	2	3	4	5	6	43	#
92	9386	2	3	4	5	6	7	43	#
93	9386	3	4	5	6	7	8	43	#
94	9386	4	5	6	7	8	9	43	#
95	9386	5	6	7	8	9	10	43	#
96	9386	6	7	8	9	10	11	43	#
97	9386	7	8	9	10	11	12	43	#
98	4381	0	1	2	44	#
99	4381	1	2	3	44	#
100	4381	2	3	4	44	#
101	4381	3	4	5	44	#
102	4381	4	5	6	44	#
103	4381	5	6	7	44	#
104	4381	6	7	8	44	#
105	4381	7	8	9	44	#
106	4381	8	9	10	44	#
107	4381	9	10	11	44	#
108	4381	10	11	12	44	#
109	4381	11	12	13	44	#
110	4381	12	13	14	44	#
111	4381	13	14	15	44	#
112	4381	14	15	16	44	#
113	4381	15	16	17	44	#
114	4381	16	17	18	44	#
115	4381	17	18	19	44	#
116	4381	18	19	20	44	#
117	4381	19	20	21	44	#
118	4381	20	21	22	44	#
119	4381	21	22	23	44	#
120	4381	22	23	24	44	#
121	4381	23	24	25	44	#
122	4381	24	25	26	44	#
123	4381	25	26	27	44	#
124	4381	26	27	28	44	#
125	4381	27	28	29	44	#
126	4381	28	29	30	44	#
127	4381	29	30	31	44	#
128	4381	30	31	32	44	#
129	4381	31	32	33	44	#
130	4381	32	33	34	44	#
131	4381	33	34	35	44	#
132	4381	34	35	36	44	#
133	4381	35	36	37	44	#
134	4381	36	37	38	44	#
135	4381	37	38	39	44	#
136	23417	0	1	2	3	4	5	6	7	8	9	45	#
137	23417	1	2	3	4	5	6	7	8	9	10	45	#
138	23417	2	3	4	5	6	7	8	9	10	11	45	#
139	23417	3	4	5	6	7	8	9	10	11	12	45	#
140	23417	4	5	6	7	8	9	10	11	12	13	45	#
141	23417	5	6	7	8	9	10	11	12	13	14	45	#
142	23417	6	7	8	9	10	11	12	13	14	15	45	#
143	9493	7	8	9	10	11	12	13	14	15	16	45	#
144	9493	8	9	10	11	12	13	14	15	16	17	45	#
145	9493	9	10	11	12	13	14	15	16	17	18	45	#
146	9493	10	11	12	13	14	15	16	17	18	19	45	#
147	9493	11	12	13	14	15	16	17	18	19	20	45	#
148	9493	12	13	14	15	16	17	18	19	20	21	45	#
149	9493	13	14	15	16	17	18	19	20	21	22	45	#
150	9493	14	15	16	17	18	19	20	21	22	23	45	#
151	9493	15	16	17	18	19	20	21	22	23	24	45	#
152	9493	16	17	18	19	20	21	22	23	24	25	45	#
153	9493	17	18	19	20	21	22	23	24	25	26	45	#
154	9493	18	19	20	21	22	23	24	25	26	27	45	#
155	9493	19	20	21	22	23	24	25	26	27	28	45	#
156	9493	20	21	22	23	24	25	26	27	28	29	45	#
157	9493	21	22	23	24	25	26	27	28	29	30	45	#
158	9493	22	23	24	25	26	27	28	29	30	31	45	#
159	9493	23	24	25	26	27	28	29	30	31	32	45	#
160	9493	24	25	26	27	28	29	30	31	32	33	45	#
161	9493	25	26	27	28	29	30	31	32	33	34	45	#
162	9493	26	27	28	29	30	31	32	33	34	35	45	#
163	9493	27	28	29	30	31	32	33	34	35	36	45	#
164	9493	28	29	30	31	32	33	34	35	36	37	45	#
165	9243	29	30	31	32	33	34	35	36	37	38	45	#
166	9006	30	31	32	33	34	35	36	37	38	39	45	#
167	12992	0	1	2	3	4	5	6	46	#
168	12992	1	2	3	4	5	6	7	46	#
169	12992	2	3	4	5	6	7	8	46	#
170	12992	3	4	5	6	7	8	9	46	#
171	12992	4	5	6	7	8	9	10	46	#
172	12992	5	6	7	8	9	10	11	46	#
173	12992	6	7	8	9	10	11	12	46	#
174	4724	7	8	9	10	11	12	13	46	#
175	4724	8	9	10	11	12	13	14	46	#
176	4724	9	10	11	12	13	14	15	46	#
177	4724	10	11	12	13	14	15	16	46	#
178	4724	11	12	13	14	15	16	17	46	#
179	4724	12	13	14	15	16	17	18	46	#
180	4724	13	14	15	16	17	18	19	46	#
181	4724	14	15	16	17	18	19	20	46	#
182	4724	15	16	17	18	19	20	21	46	#
183	4724	16	17	18	19	20	21	22	46	#
184	4724	17	18	19	20	21	22	23	46	#
185	4724	18	19	20	21	22	23	24	46	#
186	4724	19	20	21	22	23	24	25	46	#
187	4724	20	21	22	23	24	25	26	46	#
188	4724	21	22	23	24	25	26	27	46	#
189	4724	22	23	24	25	26	27	28	46	#
190	4724	23	24	25	26	27	28	29	46	#
191	4724	24	25	26	27	28	29	30	46	#
192	4724	25	26	27	28	29	30	31	46	#
193	4724	26	27	28	29	30	31	32	46	#
194	4724	27	28	29	30	31	32	33	46	#
195	4331	28	29	30	31	32	33	34	46	#
196	4331	29	30	31	32	33	34	35	46	#
197	4331	30	31	32	33	34	35	36	46	#
198	4214	31	32	33	34	35	36	37	46	#
199	3997	32	33	34	35	36	37	38	46	#
200	3997	33	34	35	36	37	38	39	46	#
201	12921	0	1	2	3	4	5	6	7	8	9	47	#
202	12921	1	2	3	4	5	6	7	8	9	10	47	#
203	12921	2	3	4	5	6	7	8	9	10	11	47	#
204	12921	3	4	5	6	7	8	9	10	11	12	47	#
205	12921	4	5	6	7	8	9	10	11	12	13	47	#
206	12921	5	6	7	8	9	10	11	12	13	14	47	#
207	12921	6	7	8	9	10	11	12	13	14	15	47	#
208	1236	0	1	48	#
209	1236	1	2	48	#
210	1236	2	3	48	#
211	1236	3	4	48	#
212	1236	4	5	48	#
213	1236	5	6	48	#
214	1236	6	7	48	#
215	1236	7	8	48	#
216	1236	8	9	48	#
217	1236	9	10	48	#
218	1236	10	11	48	#
219	1236	11	12	48	#
220	1236	12	13	48	#
221	1236	13	14	48	#
222	1236	14	15	48	#
223	1236	15	16	48	#
224	1236	16	17	48	#
225	1236	17	18	48	#
226	1236	18	19	48	#
227	1236	19	20	48	#
228	1236	20	21	48	#
229	1236	21	22	48	#
230	1236	22	23	48	#
231	917	23	24	48	#
232	917	24	25	48	#
233	917	25	26	48	#
234	917	26	27	48	#
235	917	27	28	48	#
236	917	28	29	48	#
237	917	29	30	48	#
238	917	30	31	48	#
239	768	31	32	48	#
240	768	32	33	48	#
241	768	33	34	48	#
242	768	34	35	48	#
243	768	35	36	48	#
244	768	36	37	48	#
245	729	37	38	48	#
246	729	38	39	48	#
247	10633	0	1	2	3	4	5	49	#
248	10633	1	2	3	4	5	6	49	#
249	10633	2	3	4	5	6	7	49	#
250	10633	3	4	5	6	7	8	49	#
251	10633	4	5	6	7	8	9	49	#
252	10633	5	6	7	8	9	10	49	#
253	10633	6	7	8	9	10	11	49	#
254	10633	7	8	9	10	11	12	49	#
255	10633	8	9	10	11	12	13	49	#
256	10633	9	10	11	12	13	14	49	#
257	10633	10	11	12	13	14	15	49	#
258	10633	11	12	13	14	15	16	49	#
259	10633	12	13	14	15	16	17	49	#
260	10633	13	14	15	16	17	18	49	#
261	10633	14	15	16	17	18	19	49	#
262	10633	15	16	17	18	19	20	49	#
263	10633	16	17	18	19	20	21	49	#
264	10633	17	18	19	20	21	22	49	#
265	10633	18	19	20	21	22	23	49	#
266	10633	19	20	21	22	23	24	49	#
267	10633	20	21	22	23	24	25	49	#
268	10633	21	22	23	24	25	26	49	#
269	8131	22	23	24	25	26	27	49	#
270	8131	23	24	25	26	27	28	49	#
271	8131	24	25	26	27	28	29	49	#
272	8131	25	26	27	28	29	30	49	#
273	8131	26	27	28	29	30	31	49	#
274	8131	27	28	29	30	31	32	49	#
275	8131	28	29	30	31	32	33	49	#
276	8131	29	30	31	32	33	34	49	#
277	7275	30	31	32	33	34	35	49	#
278	7275	31	32	33	34	35	36	49	#
279	7275	32	33	34	35	36	37	49	#
280	7275	33	34	35	36	37	38	49	#
281	8026	0	1	2	3	4	5	50	#
282	8026	1	2	3	4	5	6	50	#
283	8026	2	3	4	5	6	7	50	#
284	1478	3	4	5	6	7	8	50	#
285	1478	4	5	6	7	8	9	50	#
286	1478	5	6	7	8	9	10	50	#
287	1478	6	7	8	9	10	11	50	#
288	1478	7	8	9	10	11	12	50	#
289	1478	8	9	10	11	12	13	50	#
290	1478	9	10	11	12	13	14	50	#
291	1478	10	11	12	13	14	15	50	#
292	1478	11	12	13	14	15	16	50	#
293	1478	12	13	14	15	16	17	50	#
294	1478	13	14	15	16	17	18	50	#
295	1478	14	15	16	17	18	19	50	#
296	1478	15	16	17	18	19	20	50	#
297	1478	16	17	18	19	20	21	50	#
298	1478	17	18	19	20	21	22	50	#
299	1478	18	19	20	21	22	23	50	#
300	1478	19	20	21	22	23	24	50	#
301	1478	20	21	22	23	24	25	50	#
302	1478	21	22	23	24	25	26	50	#
303	1478	22	23	24	25	26	27	50	#
304	1478	23	24	25	26	27	28	50	#
305	1478	24	25	26	27	28	29	50	#
306	1478	25	26	27	28	29	30	50	#
307	1478	26	27	28	29	30	31	50	#
308	1478	27	28	29	30	31	32	50	#
309	1478	28	29	30	31	32	33	50	#
310	1478	29	30	31	32	33	34	50	#
311	1478	30	31	32	33	34	35	50	#
312	1478	31	32	33	34	35	36	50	#
313	1478	32	33	34	35	36	37	50	#
314	1478	33	34	35	36	37	38	50	#
315	1440	34	35	36	37	38	39	50	#
316	5196	0	1	2	51	#
317	5196	1	2	3	51	#
318	557	2	3	4	51	#
319	557	3	4	5	51	#
320	557	4	5	6	51	#
321	557	5	6	7	51	#
322	557	6	7	8	51	#
323	557	7	8	9	51	#
324	557	8	9	10	51	#
325	557	9	10	11	51	#
326	557	10	11	12	51	#
327	557	11	12	13	51	#
328	557	12	13	14	51	#
329	557	13	14	15	51	#
330	557	14	15	16	51	#
331	557	15	16	17	51	#
332	557	16	17	18	51	#
333	557	17	18	19	51	#
334	557	18	19	20	51	#
335	557	19	20	21	51	#
336	557	20	21	22	51	#
337	557	21	22	23	51	#
338	557	22	23	24	51	#
339	557	23	24	25	51	#
340	557	24	25	26	51	#
341	557	25	26	27	51	#
342	557	26	27	28	51	#
343	6711	0	1	2	3	4	52	#
344	6711	1	2	3	4	5	52	#
345	6711	2	3	4	5	6	52	#
346	6711	3	4	5	6	7	52	#
347	6711	4	5	6	7	8	52	#
348	6711	5	6	7	8	9	52	#
349	6711	6	7	8	9	10	52	#
350	6711	7	8	9	10	11	52	#
351	6711	8	9	10	11	12	52	#
352	6711	9	10	11	12	13	52	#
353	6711	10	11	12	13	14	52	#
354	6711	11	12	13	14	15	52	#
355	6711	12	13	14	15	16	52	#
356	6711	13	14	15	16	17	52	#
357	6711	14	15	16	17	18	52	#
358	13937	0	1	2	3	4	5	6	7	8	53	#
359	13937	1	2	3	4	5	6	7	8	9	53	#
360	13937	2	3	4	5	6	7	8	9	10	53	#
361	13937	3	4	5	6	7	8	9	10	11	53	#
362	13937	4	5	6	7	8	9	10	11	12	53	#
363	13937	5	6	7	8	9	10	11	12	13	53	#
364	13937	6	7	8	9	10	11	12	13	14	53	#
365	13937	7	8	9	10	11	12	13	14	15	53	#
366	13937	8	9	10	11	12	13	14	15	16	53	#
367	6559	9	10	11	12	13	14	15	16	17	53	#
368	6559	10	11	12	13	14	15	16	17	18	53	#
369	6559	11	12	13	14	15	16	17	18	19	53	#
370	6559	12	13	14	15	16	17	18	19	20	53	#
371	6559	13	14	15	16	17	18	19	20	21	53	#
372	6559	14	15	16	17	18	19	20	21	22	53	#
373	6559	15	16	17	18	19	20	21	22	23	53	#
374	6559	16	17	18	19	20	21	22	23	24	53	#
375	6559	17	18	19	20	21	22	23	24	25	53	#
376	6559	18	19	20	21	22	23	24	25	26	53	#
377	6559	19	20	21	22	23	24	25	26	27	53	#
378	6559	20	21	22	23	24	25	26	27	28	53	#
379	6559	21	22	23	24	25	26	27	28	29	53	#
380	6559	22	23	24	25	26	27	28	29	30	53	#
381	6559	23	24	25	26	27	28	29	30	31	53	#
382	6559	24	25	26	27	28	29	30	31	32	53	#
383	6559	25	26	27	28	29	30	31	32	33	53	#
384	6559	26	27	28	29	30	31	32	33	34	53	#
385	5868	27	28	29	30	31	32	33	34	35	53	#
386	5868	28	29	30	31	32	33	34	35	36	53	#
387	5868	29	30	31	32	33	34	35	36	37	53	#
388	5868	30	31	32	33	34	35	36	37	38	53	#
389	5718	31	32	33	34	35	36	37	38	39	53	#
390	9005	0	1	2	3	4	5	6	54	#
391	9005	1	2	3	4	5	6	7	54	#
392	9005	2	3	4	5	6	7	8	54	#
393	9005	3	4	5	6	7	8	9	54	#
394	9005	4	5	6	7	8	9	10	54	#
395	9005	5	6	7	8	9	10	11	54	#
396	9005	6	7	8	9	10	11	12	54	#
397	9005	7	8	9	10	11	12	13	54	#
398	9005	8	9	10	11	12	13	14	54	#
399	9005	9	10	11	12	13	14	15	54	#
400	9005	10	11	12	13	14	15	16	54	#
401	9005	11	12	13	14	15	16	17	54	#
402	9005	12	13	14	15	16	17	18	54	#
403	9005	13	14	15	16	17	18	19	54	#
404	9005	14	15	16	17	18	19	20	54	#
405	9005	15	16	17	18	19	20	21	54	#
406	9005	16	17	18	19	20	21	22	54	#
407	9005	17	18	19	20	21	22	23	54	#
408	9005	18	19	20	21	22	23	24	54	#
409	9005	19	20	21	22	23	24	25	54	#
410	9005	20	21	22	23	24	25	26	54	#
411	9005	21	22	23	24	25	26	27	54	#
412	9005	22	23	24	25	26	27	28	54	#
413	9005	23	24	25	26	27	28	29	54	#
414	9005	24	25	26	27	28	29	30	54	#
415	9005	25	26	27	28	29	30	31	54	#
416	9005	26	27	28	29	30	31	32	54	#
417	7583	27	28	29	30	31	32	33	54	#
418	7583	28	29	30	31	32	33	34	54	#
419	7583	29	30	31	32	33	34	35	54	#
420	7583	30	31	32	33	34	35	36	54	#
421	7583	31	32	33	34	35	36	37	54	#
422	7583	32	33	34	35	36	37	38	54	#
