%% File generated by CATS v.2.1Mon Aug 19 20:46:47 2019

%% The CATS webpage is http://robotics.stanford.edu/CATS

%% PARAMETER SETTINGS:
% Goods: 70; Bids: 1400; Distribution: scheduling; Runs: 10; Seed: 1566267782
% Scheduling Distribution Parameters:
% max_length                = 10
% deviation                 = 0.500000
% prob_additional_deadline  = 0.700000
% additivity                = 0.200000



goods 70
bids 1455
dummy 29

0	2958	0	1	2	3	70	#
1	2958	1	2	3	4	70	#
2	2958	2	3	4	5	70	#
3	2958	3	4	5	6	70	#
4	2958	4	5	6	7	70	#
5	2958	5	6	7	8	70	#
6	2958	6	7	8	9	70	#
7	2958	7	8	9	10	70	#
8	2958	8	9	10	11	70	#
9	2958	9	10	11	12	70	#
10	2958	10	11	12	13	70	#
11	2958	11	12	13	14	70	#
12	2958	12	13	14	15	70	#
13	2958	13	14	15	16	70	#
14	2958	14	15	16	17	70	#
15	2958	15	16	17	18	70	#
16	2958	16	17	18	19	70	#
17	2958	17	18	19	20	70	#
18	2958	18	19	20	21	70	#
19	2958	19	20	21	22	70	#
20	2958	20	21	22	23	70	#
21	2958	21	22	23	24	70	#
22	2958	22	23	24	25	70	#
23	2958	23	24	25	26	70	#
24	2958	24	25	26	27	70	#
25	2958	25	26	27	28	70	#
26	2958	26	27	28	29	70	#
27	1865	27	28	29	30	70	#
28	1865	28	29	30	31	70	#
29	1865	29	30	31	32	70	#
30	1865	30	31	32	33	70	#
31	1865	31	32	33	34	70	#
32	1865	32	33	34	35	70	#
33	1865	33	34	35	36	70	#
34	1865	34	35	36	37	70	#
35	1865	35	36	37	38	70	#
36	1865	36	37	38	39	70	#
37	1865	37	38	39	40	70	#
38	1865	38	39	40	41	70	#
39	1865	39	40	41	42	70	#
40	1865	40	41	42	43	70	#
41	1865	41	42	43	44	70	#
42	1865	42	43	44	45	70	#
43	1865	43	44	45	46	70	#
44	1751	44	45	46	47	70	#
45	1751	45	46	47	48	70	#
46	1751	46	47	48	49	70	#
47	1650	47	48	49	50	70	#
48	1650	48	49	50	51	70	#
49	1650	49	50	51	52	70	#
50	1280	50	51	52	53	70	#
51	1280	51	52	53	54	70	#
52	1280	52	53	54	55	70	#
53	1280	53	54	55	56	70	#
54	1280	54	55	56	57	70	#
55	1280	55	56	57	58	70	#
56	1280	56	57	58	59	70	#
57	1280	57	58	59	60	70	#
58	1280	58	59	60	61	70	#
59	1280	59	60	61	62	70	#
60	1280	60	61	62	63	70	#
61	1280	61	62	63	64	70	#
62	1280	62	63	64	65	70	#
63	1280	63	64	65	66	70	#
64	1280	64	65	66	67	70	#
65	5902	0	1	2	3	4	5	71	#
66	5902	1	2	3	4	5	6	71	#
67	5902	2	3	4	5	6	7	71	#
68	5902	3	4	5	6	7	8	71	#
69	5902	4	5	6	7	8	9	71	#
70	5902	5	6	7	8	9	10	71	#
71	5902	6	7	8	9	10	11	71	#
72	1248	7	8	9	10	11	12	71	#
73	1248	8	9	10	11	12	13	71	#
74	1248	9	10	11	12	13	14	71	#
75	1248	10	11	12	13	14	15	71	#
76	1248	11	12	13	14	15	16	71	#
77	1248	12	13	14	15	16	17	71	#
78	1248	13	14	15	16	17	18	71	#
79	1248	14	15	16	17	18	19	71	#
80	1248	15	16	17	18	19	20	71	#
81	1248	16	17	18	19	20	21	71	#
82	1248	17	18	19	20	21	22	71	#
83	1248	18	19	20	21	22	23	71	#
84	1248	19	20	21	22	23	24	71	#
85	1248	20	21	22	23	24	25	71	#
86	1248	21	22	23	24	25	26	71	#
87	1248	22	23	24	25	26	27	71	#
88	1248	23	24	25	26	27	28	71	#
89	1248	24	25	26	27	28	29	71	#
90	1248	25	26	27	28	29	30	71	#
91	1248	26	27	28	29	30	31	71	#
92	1248	27	28	29	30	31	32	71	#
93	1248	28	29	30	31	32	33	71	#
94	1248	29	30	31	32	33	34	71	#
95	1248	30	31	32	33	34	35	71	#
96	1248	31	32	33	34	35	36	71	#
97	1248	32	33	34	35	36	37	71	#
98	1248	33	34	35	36	37	38	71	#
99	1248	34	35	36	37	38	39	71	#
100	1248	35	36	37	38	39	40	71	#
101	1248	36	37	38	39	40	41	71	#
102	1248	37	38	39	40	41	42	71	#
103	1248	38	39	40	41	42	43	71	#
104	1248	39	40	41	42	43	44	71	#
105	1248	40	41	42	43	44	45	71	#
106	1248	41	42	43	44	45	46	71	#
107	1248	42	43	44	45	46	47	71	#
108	1248	43	44	45	46	47	48	71	#
109	1248	44	45	46	47	48	49	71	#
110	1248	45	46	47	48	49	50	71	#
111	1248	46	47	48	49	50	51	71	#
112	1248	47	48	49	50	51	52	71	#
113	941	48	49	50	51	52	53	71	#
114	941	49	50	51	52	53	54	71	#
115	941	50	51	52	53	54	55	71	#
116	941	51	52	53	54	55	56	71	#
117	941	52	53	54	55	56	57	71	#
118	941	53	54	55	56	57	58	71	#
119	941	54	55	56	57	58	59	71	#
120	941	55	56	57	58	59	60	71	#
121	941	56	57	58	59	60	61	71	#
122	941	57	58	59	60	61	62	71	#
123	941	58	59	60	61	62	63	71	#
124	941	59	60	61	62	63	64	71	#
125	941	60	61	62	63	64	65	71	#
126	941	61	62	63	64	65	66	71	#
127	941	62	63	64	65	66	67	71	#
128	941	63	64	65	66	67	68	71	#
129	941	64	65	66	67	68	69	71	#
130	7814	0	1	2	3	72	#
131	7814	1	2	3	4	72	#
132	7814	2	3	4	5	72	#
133	7814	3	4	5	6	72	#
134	7814	4	5	6	7	72	#
135	7814	5	6	7	8	72	#
136	7814	6	7	8	9	72	#
137	7814	7	8	9	10	72	#
138	7814	8	9	10	11	72	#
139	7814	9	10	11	12	72	#
140	7814	10	11	12	13	72	#
141	7814	11	12	13	14	72	#
142	7814	12	13	14	15	72	#
143	7814	13	14	15	16	72	#
144	7814	14	15	16	17	72	#
145	7814	15	16	17	18	72	#
146	7814	16	17	18	19	72	#
147	7814	17	18	19	20	72	#
148	7814	18	19	20	21	72	#
149	7814	19	20	21	22	72	#
150	7814	20	21	22	23	72	#
151	7814	21	22	23	24	72	#
152	7814	22	23	24	25	72	#
153	7814	23	24	25	26	72	#
154	7814	24	25	26	27	72	#
155	7814	25	26	27	28	72	#
156	7814	26	27	28	29	72	#
157	7814	27	28	29	30	72	#
158	7814	28	29	30	31	72	#
159	7814	29	30	31	32	72	#
160	7814	30	31	32	33	72	#
161	7814	31	32	33	34	72	#
162	7814	32	33	34	35	72	#
163	7814	33	34	35	36	72	#
164	7814	34	35	36	37	72	#
165	7814	35	36	37	38	72	#
166	7814	36	37	38	39	72	#
167	7814	37	38	39	40	72	#
168	7814	38	39	40	41	72	#
169	7814	39	40	41	42	72	#
170	7814	40	41	42	43	72	#
171	7814	41	42	43	44	72	#
172	7814	42	43	44	45	72	#
173	7814	43	44	45	46	72	#
174	23595	0	1	2	3	4	5	6	7	8	9	73	#
175	23595	1	2	3	4	5	6	7	8	9	10	73	#
176	23595	2	3	4	5	6	7	8	9	10	11	73	#
177	23595	3	4	5	6	7	8	9	10	11	12	73	#
178	23595	4	5	6	7	8	9	10	11	12	13	73	#
179	23595	5	6	7	8	9	10	11	12	13	14	73	#
180	23595	6	7	8	9	10	11	12	13	14	15	73	#
181	23595	7	8	9	10	11	12	13	14	15	16	73	#
182	23595	8	9	10	11	12	13	14	15	16	17	73	#
183	23595	9	10	11	12	13	14	15	16	17	18	73	#
184	23595	10	11	12	13	14	15	16	17	18	19	73	#
185	23595	11	12	13	14	15	16	17	18	19	20	73	#
186	23595	12	13	14	15	16	17	18	19	20	21	73	#
187	23595	13	14	15	16	17	18	19	20	21	22	73	#
188	23595	14	15	16	17	18	19	20	21	22	23	73	#
189	23595	15	16	17	18	19	20	21	22	23	24	73	#
190	23595	16	17	18	19	20	21	22	23	24	25	73	#
191	23595	17	18	19	20	21	22	23	24	25	26	73	#
192	23595	18	19	20	21	22	23	24	25	26	27	73	#
193	23595	19	20	21	22	23	24	25	26	27	28	73	#
194	23595	20	21	22	23	24	25	26	27	28	29	73	#
195	23595	21	22	23	24	25	26	27	28	29	30	73	#
196	23595	22	23	24	25	26	27	28	29	30	31	73	#
197	23595	23	24	25	26	27	28	29	30	31	32	73	#
198	23595	24	25	26	27	28	29	30	31	32	33	73	#
199	23595	25	26	27	28	29	30	31	32	33	34	73	#
200	23595	26	27	28	29	30	31	32	33	34	35	73	#
201	23595	27	28	29	30	31	32	33	34	35	36	73	#
202	23595	28	29	30	31	32	33	34	35	36	37	73	#
203	23595	29	30	31	32	33	34	35	36	37	38	73	#
204	23595	30	31	32	33	34	35	36	37	38	39	73	#
205	23595	31	32	33	34	35	36	37	38	39	40	73	#
206	23595	32	33	34	35	36	37	38	39	40	41	73	#
207	23595	33	34	35	36	37	38	39	40	41	42	73	#
208	23595	34	35	36	37	38	39	40	41	42	43	73	#
209	23595	35	36	37	38	39	40	41	42	43	44	73	#
210	23595	36	37	38	39	40	41	42	43	44	45	73	#
211	23595	37	38	39	40	41	42	43	44	45	46	73	#
212	23595	38	39	40	41	42	43	44	45	46	47	73	#
213	23595	39	40	41	42	43	44	45	46	47	48	73	#
214	23595	40	41	42	43	44	45	46	47	48	49	73	#
215	23595	41	42	43	44	45	46	47	48	49	50	73	#
216	23595	42	43	44	45	46	47	48	49	50	51	73	#
217	23595	43	44	45	46	47	48	49	50	51	52	73	#
218	23595	44	45	46	47	48	49	50	51	52	53	73	#
219	23595	45	46	47	48	49	50	51	52	53	54	73	#
220	23595	46	47	48	49	50	51	52	53	54	55	73	#
221	23595	47	48	49	50	51	52	53	54	55	56	73	#
222	23595	48	49	50	51	52	53	54	55	56	57	73	#
223	23595	49	50	51	52	53	54	55	56	57	58	73	#
224	23595	50	51	52	53	54	55	56	57	58	59	73	#
225	23595	51	52	53	54	55	56	57	58	59	60	73	#
226	23595	52	53	54	55	56	57	58	59	60	61	73	#
227	23595	53	54	55	56	57	58	59	60	61	62	73	#
228	23595	54	55	56	57	58	59	60	61	62	63	73	#
229	23595	55	56	57	58	59	60	61	62	63	64	73	#
230	23595	56	57	58	59	60	61	62	63	64	65	73	#
231	23595	57	58	59	60	61	62	63	64	65	66	73	#
232	23595	58	59	60	61	62	63	64	65	66	67	73	#
233	23595	59	60	61	62	63	64	65	66	67	68	73	#
234	1367	0	74	#
235	1367	1	74	#
236	1367	2	74	#
237	1367	3	74	#
238	1367	4	74	#
239	1367	5	74	#
240	1367	6	74	#
241	1367	7	74	#
242	1367	8	74	#
243	1367	9	74	#
244	1367	10	74	#
245	1367	11	74	#
246	1367	12	74	#
247	1367	13	74	#
248	1367	14	74	#
249	1367	15	74	#
250	1367	16	74	#
251	1367	17	74	#
252	1367	18	74	#
253	1367	19	74	#
254	1367	20	74	#
255	1367	21	74	#
256	1367	22	74	#
257	1367	23	74	#
258	1367	24	74	#
259	1367	25	74	#
260	1367	26	74	#
261	1367	27	74	#
262	1367	28	74	#
263	1367	29	74	#
264	1367	30	74	#
265	1367	31	74	#
266	1367	32	74	#
267	1367	33	74	#
268	1367	34	74	#
269	1367	35	74	#
270	1367	36	74	#
271	1367	37	74	#
272	1367	38	74	#
273	1367	39	74	#
274	1367	40	74	#
275	1367	41	74	#
276	1367	42	74	#
277	1367	43	74	#
278	1367	44	74	#
279	1367	45	74	#
280	1367	46	74	#
281	1367	47	74	#
282	1367	48	74	#
283	1367	49	74	#
284	1367	50	74	#
285	1367	51	74	#
286	1367	52	74	#
287	1367	53	74	#
288	1367	54	74	#
289	1367	55	74	#
290	1367	56	74	#
291	1367	57	74	#
292	1367	58	74	#
293	1367	59	74	#
294	1367	60	74	#
295	1367	61	74	#
296	1367	62	74	#
297	13752	0	1	2	3	4	5	6	7	8	75	#
298	13752	1	2	3	4	5	6	7	8	9	75	#
299	13752	2	3	4	5	6	7	8	9	10	75	#
300	13752	3	4	5	6	7	8	9	10	11	75	#
301	13752	4	5	6	7	8	9	10	11	12	75	#
302	13752	5	6	7	8	9	10	11	12	13	75	#
303	13752	6	7	8	9	10	11	12	13	14	75	#
304	13752	7	8	9	10	11	12	13	14	15	75	#
305	13752	8	9	10	11	12	13	14	15	16	75	#
306	13752	9	10	11	12	13	14	15	16	17	75	#
307	13752	10	11	12	13	14	15	16	17	18	75	#
308	13752	11	12	13	14	15	16	17	18	19	75	#
309	13752	12	13	14	15	16	17	18	19	20	75	#
310	13752	13	14	15	16	17	18	19	20	21	75	#
311	13752	14	15	16	17	18	19	20	21	22	75	#
312	13752	15	16	17	18	19	20	21	22	23	75	#
313	13752	16	17	18	19	20	21	22	23	24	75	#
314	13752	17	18	19	20	21	22	23	24	25	75	#
315	13752	18	19	20	21	22	23	24	25	26	75	#
316	13752	19	20	21	22	23	24	25	26	27	75	#
317	13752	20	21	22	23	24	25	26	27	28	75	#
318	8371	21	22	23	24	25	26	27	28	29	75	#
319	8371	22	23	24	25	26	27	28	29	30	75	#
320	8371	23	24	25	26	27	28	29	30	31	75	#
321	8371	24	25	26	27	28	29	30	31	32	75	#
322	8371	25	26	27	28	29	30	31	32	33	75	#
323	8371	26	27	28	29	30	31	32	33	34	75	#
324	8371	27	28	29	30	31	32	33	34	35	75	#
325	8371	28	29	30	31	32	33	34	35	36	75	#
326	8371	29	30	31	32	33	34	35	36	37	75	#
327	8371	30	31	32	33	34	35	36	37	38	75	#
328	8371	31	32	33	34	35	36	37	38	39	75	#
329	8371	32	33	34	35	36	37	38	39	40	75	#
330	8371	33	34	35	36	37	38	39	40	41	75	#
331	8371	34	35	36	37	38	39	40	41	42	75	#
332	8371	35	36	37	38	39	40	41	42	43	75	#
333	8371	36	37	38	39	40	41	42	43	44	75	#
334	8371	37	38	39	40	41	42	43	44	45	75	#
335	8371	38	39	40	41	42	43	44	45	46	75	#
336	7405	39	40	41	42	43	44	45	46	47	75	#
337	7405	40	41	42	43	44	45	46	47	48	75	#
338	7405	41	42	43	44	45	46	47	48	49	75	#
339	7405	42	43	44	45	46	47	48	49	50	75	#
340	7405	43	44	45	46	47	48	49	50	51	75	#
341	7405	44	45	46	47	48	49	50	51	52	75	#
342	2027	0	1	2	76	#
343	2027	1	2	3	76	#
344	2027	2	3	4	76	#
345	2027	3	4	5	76	#
346	2027	4	5	6	76	#
347	2027	5	6	7	76	#
348	2027	6	7	8	76	#
349	2027	7	8	9	76	#
350	2027	8	9	10	76	#
351	2027	9	10	11	76	#
352	2027	10	11	12	76	#
353	2027	11	12	13	76	#
354	2027	12	13	14	76	#
355	2027	13	14	15	76	#
356	2027	14	15	16	76	#
357	2027	15	16	17	76	#
358	2027	16	17	18	76	#
359	2027	17	18	19	76	#
360	2027	18	19	20	76	#
361	2027	19	20	21	76	#
362	2027	20	21	22	76	#
363	2027	21	22	23	76	#
364	2027	22	23	24	76	#
365	2027	23	24	25	76	#
366	2027	24	25	26	76	#
367	2027	25	26	27	76	#
368	2027	26	27	28	76	#
369	2027	27	28	29	76	#
370	2027	28	29	30	76	#
371	2027	29	30	31	76	#
372	2027	30	31	32	76	#
373	2027	31	32	33	76	#
374	2027	32	33	34	76	#
375	2027	33	34	35	76	#
376	2027	34	35	36	76	#
377	2027	35	36	37	76	#
378	2027	36	37	38	76	#
379	2027	37	38	39	76	#
380	2027	38	39	40	76	#
381	2027	39	40	41	76	#
382	2027	40	41	42	76	#
383	2027	41	42	43	76	#
384	2027	42	43	44	76	#
385	2027	43	44	45	76	#
386	2027	44	45	46	76	#
387	2027	45	46	47	76	#
388	2027	46	47	48	76	#
389	2027	47	48	49	76	#
390	2027	48	49	50	76	#
391	2027	49	50	51	76	#
392	2027	50	51	52	76	#
393	2027	51	52	53	76	#
394	2027	52	53	54	76	#
395	2027	53	54	55	76	#
396	2027	54	55	56	76	#
397	2027	55	56	57	76	#
398	2027	56	57	58	76	#
399	2027	57	58	59	76	#
400	2027	58	59	60	76	#
401	2027	59	60	61	76	#
402	2027	60	61	62	76	#
403	2027	61	62	63	76	#
404	2027	62	63	64	76	#
405	1965	63	64	65	76	#
406	1965	64	65	66	76	#
407	1936	65	66	67	76	#
408	1153	0	77	#
409	1153	1	77	#
410	1153	2	77	#
411	1153	3	77	#
412	1153	4	77	#
413	1153	5	77	#
414	1153	6	77	#
415	1153	7	77	#
416	1153	8	77	#
417	1153	9	77	#
418	1153	10	77	#
419	1153	11	77	#
420	1153	12	77	#
421	1153	13	77	#
422	1153	14	77	#
423	1153	15	77	#
424	1153	16	77	#
425	1153	17	77	#
426	1153	18	77	#
427	1153	19	77	#
428	1153	20	77	#
429	1153	21	77	#
430	1153	22	77	#
431	1153	23	77	#
432	1153	24	77	#
433	1153	25	77	#
434	1153	26	77	#
435	1153	27	77	#
436	1153	28	77	#
437	1153	29	77	#
438	1153	30	77	#
439	1153	31	77	#
440	1153	32	77	#
441	1153	33	77	#
442	1153	34	77	#
443	1153	35	77	#
444	1153	36	77	#
445	1153	37	77	#
446	853	38	77	#
447	853	39	77	#
448	853	40	77	#
449	853	41	77	#
450	853	42	77	#
451	853	43	77	#
452	853	44	77	#
453	853	45	77	#
454	853	46	77	#
455	853	47	77	#
456	853	48	77	#
457	853	49	77	#
458	853	50	77	#
459	776	51	77	#
460	776	52	77	#
461	776	53	77	#
462	776	54	77	#
463	776	55	77	#
464	646	56	77	#
465	646	57	77	#
466	646	58	77	#
467	646	59	77	#
468	646	60	77	#
469	646	61	77	#
470	646	62	77	#
471	646	63	77	#
472	646	64	77	#
473	646	65	77	#
474	646	66	77	#
475	8138	0	1	2	3	4	5	6	78	#
476	8138	1	2	3	4	5	6	7	78	#
477	8138	2	3	4	5	6	7	8	78	#
478	8138	3	4	5	6	7	8	9	78	#
479	8138	4	5	6	7	8	9	10	78	#
480	8138	5	6	7	8	9	10	11	78	#
481	8138	6	7	8	9	10	11	12	78	#
482	8138	7	8	9	10	11	12	13	78	#
483	8138	8	9	10	11	12	13	14	78	#
484	8138	9	10	11	12	13	14	15	78	#
485	8138	10	11	12	13	14	15	16	78	#
486	9448	0	1	2	3	4	5	6	79	#
487	9448	1	2	3	4	5	6	7	79	#
488	9448	2	3	4	5	6	7	8	79	#
489	9448	3	4	5	6	7	8	9	79	#
490	9448	4	5	6	7	8	9	10	79	#
491	9448	5	6	7	8	9	10	11	79	#
492	9448	6	7	8	9	10	11	12	79	#
493	7121	0	1	2	3	4	5	6	7	8	80	#
494	7121	1	2	3	4	5	6	7	8	9	80	#
495	7121	2	3	4	5	6	7	8	9	10	80	#
496	7121	3	4	5	6	7	8	9	10	11	80	#
497	12721	0	1	2	3	4	5	81	#
498	12721	1	2	3	4	5	6	81	#
499	12721	2	3	4	5	6	7	81	#
500	12721	3	4	5	6	7	8	81	#
501	12721	4	5	6	7	8	9	81	#
502	12721	5	6	7	8	9	10	81	#
503	12721	6	7	8	9	10	11	81	#
504	12721	7	8	9	10	11	12	81	#
505	12721	8	9	10	11	12	13	81	#
506	12721	9	10	11	12	13	14	81	#
507	12721	10	11	12	13	14	15	81	#
508	12721	11	12	13	14	15	16	81	#
509	12721	12	13	14	15	16	17	81	#
510	12721	13	14	15	16	17	18	81	#
511	12721	14	15	16	17	18	19	81	#
512	12721	15	16	17	18	19	20	81	#
513	12721	16	17	18	19	20	21	81	#
514	12721	17	18	19	20	21	22	81	#
515	12721	18	19	20	21	22	23	81	#
516	5520	19	20	21	22	23	24	81	#
517	5520	20	21	22	23	24	25	81	#
518	5520	21	22	23	24	25	26	81	#
519	5520	22	23	24	25	26	27	81	#
520	5520	23	24	25	26	27	28	81	#
521	5520	24	25	26	27	28	29	81	#
522	5520	25	26	27	28	29	30	81	#
523	5520	26	27	28	29	30	31	81	#
524	5520	27	28	29	30	31	32	81	#
525	5520	28	29	30	31	32	33	81	#
526	5520	29	30	31	32	33	34	81	#
527	5520	30	31	32	33	34	35	81	#
528	5520	31	32	33	34	35	36	81	#
529	5520	32	33	34	35	36	37	81	#
530	5520	33	34	35	36	37	38	81	#
531	5520	34	35	36	37	38	39	81	#
532	5520	35	36	37	38	39	40	81	#
533	5520	36	37	38	39	40	41	81	#
534	5520	37	38	39	40	41	42	81	#
535	5520	38	39	40	41	42	43	81	#
536	5520	39	40	41	42	43	44	81	#
537	5520	40	41	42	43	44	45	81	#
538	5520	41	42	43	44	45	46	81	#
539	5520	42	43	44	45	46	47	81	#
540	5520	43	44	45	46	47	48	81	#
541	5520	44	45	46	47	48	49	81	#
542	5520	45	46	47	48	49	50	81	#
543	5520	46	47	48	49	50	51	81	#
544	5520	47	48	49	50	51	52	81	#
545	5520	48	49	50	51	52	53	81	#
546	4367	49	50	51	52	53	54	81	#
547	4367	50	51	52	53	54	55	81	#
548	4367	51	52	53	54	55	56	81	#
549	4367	52	53	54	55	56	57	81	#
550	4367	53	54	55	56	57	58	81	#
551	4367	54	55	56	57	58	59	81	#
552	4367	55	56	57	58	59	60	81	#
553	4367	56	57	58	59	60	61	81	#
554	4367	57	58	59	60	61	62	81	#
555	4367	58	59	60	61	62	63	81	#
556	4367	59	60	61	62	63	64	81	#
557	4367	60	61	62	63	64	65	81	#
558	4367	61	62	63	64	65	66	81	#
559	4367	62	63	64	65	66	67	81	#
560	4240	63	64	65	66	67	68	81	#
561	4240	64	65	66	67	68	69	81	#
562	4422	0	1	2	3	4	82	#
563	4422	1	2	3	4	5	82	#
564	4422	2	3	4	5	6	82	#
565	4422	3	4	5	6	7	82	#
566	4422	4	5	6	7	8	82	#
567	4422	5	6	7	8	9	82	#
568	4422	6	7	8	9	10	82	#
569	4422	7	8	9	10	11	82	#
570	4422	8	9	10	11	12	82	#
571	4422	9	10	11	12	13	82	#
572	4422	10	11	12	13	14	82	#
573	4422	11	12	13	14	15	82	#
574	2073	12	13	14	15	16	82	#
575	2073	13	14	15	16	17	82	#
576	2073	14	15	16	17	18	82	#
577	2073	15	16	17	18	19	82	#
578	2073	16	17	18	19	20	82	#
579	2073	17	18	19	20	21	82	#
580	2073	18	19	20	21	22	82	#
581	2073	19	20	21	22	23	82	#
582	2073	20	21	22	23	24	82	#
583	2073	21	22	23	24	25	82	#
584	2073	22	23	24	25	26	82	#
585	2073	23	24	25	26	27	82	#
586	2073	24	25	26	27	28	82	#
587	2073	25	26	27	28	29	82	#
588	2073	26	27	28	29	30	82	#
589	2073	27	28	29	30	31	82	#
590	2073	28	29	30	31	32	82	#
591	1895	29	30	31	32	33	82	#
592	1895	30	31	32	33	34	82	#
593	1895	31	32	33	34	35	82	#
594	1411	32	33	34	35	36	82	#
595	1411	33	34	35	36	37	82	#
596	1411	34	35	36	37	38	82	#
597	1411	35	36	37	38	39	82	#
598	1411	36	37	38	39	40	82	#
599	1411	37	38	39	40	41	82	#
600	1411	38	39	40	41	42	82	#
601	1411	39	40	41	42	43	82	#
602	1411	40	41	42	43	44	82	#
603	1411	41	42	43	44	45	82	#
604	1411	42	43	44	45	46	82	#
605	1411	43	44	45	46	47	82	#
606	1251	44	45	46	47	48	82	#
607	1251	45	46	47	48	49	82	#
608	1251	46	47	48	49	50	82	#
609	1251	47	48	49	50	51	82	#
610	1251	48	49	50	51	52	82	#
611	1251	49	50	51	52	53	82	#
612	4419	0	1	2	3	4	5	83	#
613	4419	1	2	3	4	5	6	83	#
614	4419	2	3	4	5	6	7	83	#
615	4419	3	4	5	6	7	8	83	#
616	4419	4	5	6	7	8	9	83	#
617	4419	5	6	7	8	9	10	83	#
618	4419	6	7	8	9	10	11	83	#
619	4419	7	8	9	10	11	12	83	#
620	4419	8	9	10	11	12	13	83	#
621	4419	9	10	11	12	13	14	83	#
622	4419	10	11	12	13	14	15	83	#
623	4419	11	12	13	14	15	16	83	#
624	4419	12	13	14	15	16	17	83	#
625	4419	13	14	15	16	17	18	83	#
626	4419	14	15	16	17	18	19	83	#
627	4419	15	16	17	18	19	20	83	#
628	4419	16	17	18	19	20	21	83	#
629	4419	17	18	19	20	21	22	83	#
630	4419	18	19	20	21	22	23	83	#
631	4419	19	20	21	22	23	24	83	#
632	4419	20	21	22	23	24	25	83	#
633	4419	21	22	23	24	25	26	83	#
634	4419	22	23	24	25	26	27	83	#
635	4419	23	24	25	26	27	28	83	#
636	4419	24	25	26	27	28	29	83	#
637	4419	25	26	27	28	29	30	83	#
638	4419	26	27	28	29	30	31	83	#
639	4419	27	28	29	30	31	32	83	#
640	4419	28	29	30	31	32	33	83	#
641	4419	29	30	31	32	33	34	83	#
642	4419	30	31	32	33	34	35	83	#
643	4419	31	32	33	34	35	36	83	#
644	4419	32	33	34	35	36	37	83	#
645	4419	33	34	35	36	37	38	83	#
646	4419	34	35	36	37	38	39	83	#
647	4419	35	36	37	38	39	40	83	#
648	4419	36	37	38	39	40	41	83	#
649	4419	37	38	39	40	41	42	83	#
650	4419	38	39	40	41	42	43	83	#
651	4419	39	40	41	42	43	44	83	#
652	4419	40	41	42	43	44	45	83	#
653	4419	41	42	43	44	45	46	83	#
654	4419	42	43	44	45	46	47	83	#
655	4419	43	44	45	46	47	48	83	#
656	4419	44	45	46	47	48	49	83	#
657	4419	45	46	47	48	49	50	83	#
658	4419	46	47	48	49	50	51	83	#
659	3577	47	48	49	50	51	52	83	#
660	3577	48	49	50	51	52	53	83	#
661	3577	49	50	51	52	53	54	83	#
662	3577	50	51	52	53	54	55	83	#
663	3577	51	52	53	54	55	56	83	#
664	3577	52	53	54	55	56	57	83	#
665	3577	53	54	55	56	57	58	83	#
666	3577	54	55	56	57	58	59	83	#
667	3577	55	56	57	58	59	60	83	#
668	3577	56	57	58	59	60	61	83	#
669	3577	57	58	59	60	61	62	83	#
670	3577	58	59	60	61	62	63	83	#
671	3314	59	60	61	62	63	64	83	#
672	3314	60	61	62	63	64	65	83	#
673	3314	61	62	63	64	65	66	83	#
674	3314	62	63	64	65	66	67	83	#
675	3314	63	64	65	66	67	68	83	#
676	3266	64	65	66	67	68	69	83	#
677	22632	0	1	2	3	4	5	6	7	8	9	84	#
678	22632	1	2	3	4	5	6	7	8	9	10	84	#
679	22632	2	3	4	5	6	7	8	9	10	11	84	#
680	22632	3	4	5	6	7	8	9	10	11	12	84	#
681	22632	4	5	6	7	8	9	10	11	12	13	84	#
682	22632	5	6	7	8	9	10	11	12	13	14	84	#
683	22632	6	7	8	9	10	11	12	13	14	15	84	#
684	22632	7	8	9	10	11	12	13	14	15	16	84	#
685	22632	8	9	10	11	12	13	14	15	16	17	84	#
686	22632	9	10	11	12	13	14	15	16	17	18	84	#
687	22632	10	11	12	13	14	15	16	17	18	19	84	#
688	22632	11	12	13	14	15	16	17	18	19	20	84	#
689	22632	12	13	14	15	16	17	18	19	20	21	84	#
690	22632	13	14	15	16	17	18	19	20	21	22	84	#
691	22632	14	15	16	17	18	19	20	21	22	23	84	#
692	22632	15	16	17	18	19	20	21	22	23	24	84	#
693	22632	16	17	18	19	20	21	22	23	24	25	84	#
694	22632	17	18	19	20	21	22	23	24	25	26	84	#
695	22632	18	19	20	21	22	23	24	25	26	27	84	#
696	22632	19	20	21	22	23	24	25	26	27	28	84	#
697	22632	20	21	22	23	24	25	26	27	28	29	84	#
698	22632	21	22	23	24	25	26	27	28	29	30	84	#
699	22632	22	23	24	25	26	27	28	29	30	31	84	#
700	22632	23	24	25	26	27	28	29	30	31	32	84	#
701	22632	24	25	26	27	28	29	30	31	32	33	84	#
702	22632	25	26	27	28	29	30	31	32	33	34	84	#
703	22632	26	27	28	29	30	31	32	33	34	35	84	#
704	22632	27	28	29	30	31	32	33	34	35	36	84	#
705	22632	28	29	30	31	32	33	34	35	36	37	84	#
706	22632	29	30	31	32	33	34	35	36	37	38	84	#
707	22632	30	31	32	33	34	35	36	37	38	39	84	#
708	22632	31	32	33	34	35	36	37	38	39	40	84	#
709	22632	32	33	34	35	36	37	38	39	40	41	84	#
710	22632	33	34	35	36	37	38	39	40	41	42	84	#
711	22632	34	35	36	37	38	39	40	41	42	43	84	#
712	22632	35	36	37	38	39	40	41	42	43	44	84	#
713	22632	36	37	38	39	40	41	42	43	44	45	84	#
714	22632	37	38	39	40	41	42	43	44	45	46	84	#
715	22632	38	39	40	41	42	43	44	45	46	47	84	#
716	22632	39	40	41	42	43	44	45	46	47	48	84	#
717	22632	40	41	42	43	44	45	46	47	48	49	84	#
718	22632	41	42	43	44	45	46	47	48	49	50	84	#
719	22632	42	43	44	45	46	47	48	49	50	51	84	#
720	22632	43	44	45	46	47	48	49	50	51	52	84	#
721	22632	44	45	46	47	48	49	50	51	52	53	84	#
722	22632	45	46	47	48	49	50	51	52	53	54	84	#
723	22632	46	47	48	49	50	51	52	53	54	55	84	#
724	22632	47	48	49	50	51	52	53	54	55	56	84	#
725	22632	48	49	50	51	52	53	54	55	56	57	84	#
726	22632	49	50	51	52	53	54	55	56	57	58	84	#
727	22632	50	51	52	53	54	55	56	57	58	59	84	#
728	3366	0	1	85	#
729	3366	1	2	85	#
730	3366	2	3	85	#
731	3366	3	4	85	#
732	3366	4	5	85	#
733	3366	5	6	85	#
734	3366	6	7	85	#
735	3366	7	8	85	#
736	3366	8	9	85	#
737	3366	9	10	85	#
738	3366	10	11	85	#
739	3366	11	12	85	#
740	3366	12	13	85	#
741	3366	13	14	85	#
742	3366	14	15	85	#
743	3366	15	16	85	#
744	3366	16	17	85	#
745	3366	17	18	85	#
746	3366	18	19	85	#
747	3366	19	20	85	#
748	3366	20	21	85	#
749	3366	21	22	85	#
750	3366	22	23	85	#
751	3366	23	24	85	#
752	3366	24	25	85	#
753	3366	25	26	85	#
754	3366	26	27	85	#
755	3366	27	28	85	#
756	3366	28	29	85	#
757	3366	29	30	85	#
758	3366	30	31	85	#
759	3366	31	32	85	#
760	3366	32	33	85	#
761	3366	33	34	85	#
762	3366	34	35	85	#
763	3366	35	36	85	#
764	3366	36	37	85	#
765	3366	37	38	85	#
766	3366	38	39	85	#
767	3366	39	40	85	#
768	3366	40	41	85	#
769	3366	41	42	85	#
770	3366	42	43	85	#
771	3366	43	44	85	#
772	2904	44	45	85	#
773	2904	45	46	85	#
774	2904	46	47	85	#
775	2904	47	48	85	#
776	2904	48	49	85	#
777	2904	49	50	85	#
778	2904	50	51	85	#
779	2314	51	52	85	#
780	2314	52	53	85	#
781	2314	53	54	85	#
782	2314	54	55	85	#
783	2314	55	56	85	#
784	2314	56	57	85	#
785	2314	57	58	85	#
786	2314	58	59	85	#
787	2314	59	60	85	#
788	2314	60	61	85	#
789	2314	61	62	85	#
790	2314	62	63	85	#
791	2314	63	64	85	#
792	6617	0	1	2	3	4	5	6	7	86	#
793	6617	1	2	3	4	5	6	7	8	86	#
794	6617	2	3	4	5	6	7	8	9	86	#
795	6617	3	4	5	6	7	8	9	10	86	#
796	6617	4	5	6	7	8	9	10	11	86	#
797	6617	5	6	7	8	9	10	11	12	86	#
798	6617	6	7	8	9	10	11	12	13	86	#
799	6617	7	8	9	10	11	12	13	14	86	#
800	6617	8	9	10	11	12	13	14	15	86	#
801	6617	9	10	11	12	13	14	15	16	86	#
802	6617	10	11	12	13	14	15	16	17	86	#
803	6617	11	12	13	14	15	16	17	18	86	#
804	6617	12	13	14	15	16	17	18	19	86	#
805	6617	13	14	15	16	17	18	19	20	86	#
806	6617	14	15	16	17	18	19	20	21	86	#
807	6617	15	16	17	18	19	20	21	22	86	#
808	6617	16	17	18	19	20	21	22	23	86	#
809	6617	17	18	19	20	21	22	23	24	86	#
810	6617	18	19	20	21	22	23	24	25	86	#
811	6617	19	20	21	22	23	24	25	26	86	#
812	6617	20	21	22	23	24	25	26	27	86	#
813	6617	21	22	23	24	25	26	27	28	86	#
814	6617	22	23	24	25	26	27	28	29	86	#
815	6617	23	24	25	26	27	28	29	30	86	#
816	6617	24	25	26	27	28	29	30	31	86	#
817	3477	25	26	27	28	29	30	31	32	86	#
818	3477	26	27	28	29	30	31	32	33	86	#
819	3477	27	28	29	30	31	32	33	34	86	#
820	3477	28	29	30	31	32	33	34	35	86	#
821	3477	29	30	31	32	33	34	35	36	86	#
822	3477	30	31	32	33	34	35	36	37	86	#
823	3477	31	32	33	34	35	36	37	38	86	#
824	3477	32	33	34	35	36	37	38	39	86	#
825	3477	33	34	35	36	37	38	39	40	86	#
826	3477	34	35	36	37	38	39	40	41	86	#
827	3477	35	36	37	38	39	40	41	42	86	#
828	3477	36	37	38	39	40	41	42	43	86	#
829	3477	37	38	39	40	41	42	43	44	86	#
830	3477	38	39	40	41	42	43	44	45	86	#
831	3477	39	40	41	42	43	44	45	46	86	#
832	3477	40	41	42	43	44	45	46	47	86	#
833	3477	41	42	43	44	45	46	47	48	86	#
834	3477	42	43	44	45	46	47	48	49	86	#
835	3477	43	44	45	46	47	48	49	50	86	#
836	3477	44	45	46	47	48	49	50	51	86	#
837	3477	45	46	47	48	49	50	51	52	86	#
838	3477	46	47	48	49	50	51	52	53	86	#
839	3477	47	48	49	50	51	52	53	54	86	#
840	3477	48	49	50	51	52	53	54	55	86	#
841	3477	49	50	51	52	53	54	55	56	86	#
842	3477	50	51	52	53	54	55	56	57	86	#
843	3477	51	52	53	54	55	56	57	58	86	#
844	3477	52	53	54	55	56	57	58	59	86	#
845	3256	53	54	55	56	57	58	59	60	86	#
846	3256	54	55	56	57	58	59	60	61	86	#
847	3256	55	56	57	58	59	60	61	62	86	#
848	3256	56	57	58	59	60	61	62	63	86	#
849	10770	0	1	2	3	4	5	6	87	#
850	10770	1	2	3	4	5	6	7	87	#
851	10770	2	3	4	5	6	7	8	87	#
852	10770	3	4	5	6	7	8	9	87	#
853	10770	4	5	6	7	8	9	10	87	#
854	10770	5	6	7	8	9	10	11	87	#
855	10770	6	7	8	9	10	11	12	87	#
856	10770	7	8	9	10	11	12	13	87	#
857	10770	8	9	10	11	12	13	14	87	#
858	10770	9	10	11	12	13	14	15	87	#
859	10770	10	11	12	13	14	15	16	87	#
860	10770	11	12	13	14	15	16	17	87	#
861	10770	12	13	14	15	16	17	18	87	#
862	10770	13	14	15	16	17	18	19	87	#
863	10770	14	15	16	17	18	19	20	87	#
864	10770	15	16	17	18	19	20	21	87	#
865	10770	16	17	18	19	20	21	22	87	#
866	10770	17	18	19	20	21	22	23	87	#
867	10770	18	19	20	21	22	23	24	87	#
868	10770	19	20	21	22	23	24	25	87	#
869	10770	20	21	22	23	24	25	26	87	#
870	10770	21	22	23	24	25	26	27	87	#
871	10770	22	23	24	25	26	27	28	87	#
872	10770	23	24	25	26	27	28	29	87	#
873	10770	24	25	26	27	28	29	30	87	#
874	10770	25	26	27	28	29	30	31	87	#
875	10770	26	27	28	29	30	31	32	87	#
876	10770	27	28	29	30	31	32	33	87	#
877	10770	28	29	30	31	32	33	34	87	#
878	10770	29	30	31	32	33	34	35	87	#
879	10770	30	31	32	33	34	35	36	87	#
880	10770	31	32	33	34	35	36	37	87	#
881	10770	32	33	34	35	36	37	38	87	#
882	10770	33	34	35	36	37	38	39	87	#
883	10770	34	35	36	37	38	39	40	87	#
884	10770	35	36	37	38	39	40	41	87	#
885	10770	36	37	38	39	40	41	42	87	#
886	10770	37	38	39	40	41	42	43	87	#
887	10770	38	39	40	41	42	43	44	87	#
888	10770	39	40	41	42	43	44	45	87	#
889	10770	40	41	42	43	44	45	46	87	#
890	10770	41	42	43	44	45	46	47	87	#
891	10770	42	43	44	45	46	47	48	87	#
892	10770	43	44	45	46	47	48	49	87	#
893	10770	44	45	46	47	48	49	50	87	#
894	10770	45	46	47	48	49	50	51	87	#
895	10770	46	47	48	49	50	51	52	87	#
896	10770	47	48	49	50	51	52	53	87	#
897	10770	48	49	50	51	52	53	54	87	#
898	10770	49	50	51	52	53	54	55	87	#
899	10770	50	51	52	53	54	55	56	87	#
900	10770	51	52	53	54	55	56	57	87	#
901	10770	52	53	54	55	56	57	58	87	#
902	10770	53	54	55	56	57	58	59	87	#
903	10770	54	55	56	57	58	59	60	87	#
904	10770	55	56	57	58	59	60	61	87	#
905	10770	56	57	58	59	60	61	62	87	#
906	10770	57	58	59	60	61	62	63	87	#
907	10770	58	59	60	61	62	63	64	87	#
908	10770	59	60	61	62	63	64	65	87	#
909	14276	0	1	2	3	4	5	6	7	8	9	88	#
910	14276	1	2	3	4	5	6	7	8	9	10	88	#
911	14276	2	3	4	5	6	7	8	9	10	11	88	#
912	14276	3	4	5	6	7	8	9	10	11	12	88	#
913	14276	4	5	6	7	8	9	10	11	12	13	88	#
914	14276	5	6	7	8	9	10	11	12	13	14	88	#
915	14276	6	7	8	9	10	11	12	13	14	15	88	#
916	14276	7	8	9	10	11	12	13	14	15	16	88	#
917	14276	8	9	10	11	12	13	14	15	16	17	88	#
918	14276	9	10	11	12	13	14	15	16	17	18	88	#
919	14276	10	11	12	13	14	15	16	17	18	19	88	#
920	14276	11	12	13	14	15	16	17	18	19	20	88	#
921	14276	12	13	14	15	16	17	18	19	20	21	88	#
922	14276	13	14	15	16	17	18	19	20	21	22	88	#
923	14276	14	15	16	17	18	19	20	21	22	23	88	#
924	14276	15	16	17	18	19	20	21	22	23	24	88	#
925	14276	16	17	18	19	20	21	22	23	24	25	88	#
926	14276	17	18	19	20	21	22	23	24	25	26	88	#
927	14276	18	19	20	21	22	23	24	25	26	27	88	#
928	14276	19	20	21	22	23	24	25	26	27	28	88	#
929	14276	20	21	22	23	24	25	26	27	28	29	88	#
930	14276	21	22	23	24	25	26	27	28	29	30	88	#
931	14276	22	23	24	25	26	27	28	29	30	31	88	#
932	14276	23	24	25	26	27	28	29	30	31	32	88	#
933	14276	24	25	26	27	28	29	30	31	32	33	88	#
934	14276	25	26	27	28	29	30	31	32	33	34	88	#
935	14276	26	27	28	29	30	31	32	33	34	35	88	#
936	14276	27	28	29	30	31	32	33	34	35	36	88	#
937	14276	28	29	30	31	32	33	34	35	36	37	88	#
938	14276	29	30	31	32	33	34	35	36	37	38	88	#
939	14276	30	31	32	33	34	35	36	37	38	39	88	#
940	6960	0	1	2	3	4	5	6	89	#
941	6960	1	2	3	4	5	6	7	89	#
942	6960	2	3	4	5	6	7	8	89	#
943	6960	3	4	5	6	7	8	9	89	#
944	6960	4	5	6	7	8	9	10	89	#
945	6960	5	6	7	8	9	10	11	89	#
946	6960	6	7	8	9	10	11	12	89	#
947	6960	7	8	9	10	11	12	13	89	#
948	6960	8	9	10	11	12	13	14	89	#
949	6960	9	10	11	12	13	14	15	89	#
950	6960	10	11	12	13	14	15	16	89	#
951	6960	11	12	13	14	15	16	17	89	#
952	6960	12	13	14	15	16	17	18	89	#
953	6960	13	14	15	16	17	18	19	89	#
954	6960	14	15	16	17	18	19	20	89	#
955	6960	15	16	17	18	19	20	21	89	#
956	6960	16	17	18	19	20	21	22	89	#
957	6960	17	18	19	20	21	22	23	89	#
958	6960	18	19	20	21	22	23	24	89	#
959	6960	19	20	21	22	23	24	25	89	#
960	6960	20	21	22	23	24	25	26	89	#
961	6960	21	22	23	24	25	26	27	89	#
962	6960	22	23	24	25	26	27	28	89	#
963	6960	23	24	25	26	27	28	29	89	#
964	6960	24	25	26	27	28	29	30	89	#
965	6960	25	26	27	28	29	30	31	89	#
966	6960	26	27	28	29	30	31	32	89	#
967	6960	27	28	29	30	31	32	33	89	#
968	6960	28	29	30	31	32	33	34	89	#
969	6960	29	30	31	32	33	34	35	89	#
970	6960	30	31	32	33	34	35	36	89	#
971	6960	31	32	33	34	35	36	37	89	#
972	6960	32	33	34	35	36	37	38	89	#
973	6960	33	34	35	36	37	38	39	89	#
974	6960	34	35	36	37	38	39	40	89	#
975	6960	35	36	37	38	39	40	41	89	#
976	6960	36	37	38	39	40	41	42	89	#
977	6960	37	38	39	40	41	42	43	89	#
978	6960	38	39	40	41	42	43	44	89	#
979	6960	39	40	41	42	43	44	45	89	#
980	6960	40	41	42	43	44	45	46	89	#
981	6960	41	42	43	44	45	46	47	89	#
982	6960	42	43	44	45	46	47	48	89	#
983	6960	43	44	45	46	47	48	49	89	#
984	6960	44	45	46	47	48	49	50	89	#
985	6960	45	46	47	48	49	50	51	89	#
986	6960	46	47	48	49	50	51	52	89	#
987	6960	47	48	49	50	51	52	53	89	#
988	6960	48	49	50	51	52	53	54	89	#
989	6960	49	50	51	52	53	54	55	89	#
990	6960	50	51	52	53	54	55	56	89	#
991	6960	51	52	53	54	55	56	57	89	#
992	6960	52	53	54	55	56	57	58	89	#
993	6960	53	54	55	56	57	58	59	89	#
994	6960	54	55	56	57	58	59	60	89	#
995	6960	55	56	57	58	59	60	61	89	#
996	6960	56	57	58	59	60	61	62	89	#
997	6960	57	58	59	60	61	62	63	89	#
998	6960	58	59	60	61	62	63	64	89	#
999	6960	59	60	61	62	63	64	65	89	#
1000	6854	60	61	62	63	64	65	66	89	#
1001	6752	61	62	63	64	65	66	67	89	#
1002	6653	62	63	64	65	66	67	68	89	#
1003	6556	63	64	65	66	67	68	69	89	#
1004	9407	0	1	2	3	4	5	6	90	#
1005	9407	1	2	3	4	5	6	7	90	#
1006	9407	2	3	4	5	6	7	8	90	#
1007	9407	3	4	5	6	7	8	9	90	#
1008	9407	4	5	6	7	8	9	10	90	#
1009	9407	5	6	7	8	9	10	11	90	#
1010	9407	6	7	8	9	10	11	12	90	#
1011	9407	7	8	9	10	11	12	13	90	#
1012	9407	8	9	10	11	12	13	14	90	#
1013	9407	9	10	11	12	13	14	15	90	#
1014	9407	10	11	12	13	14	15	16	90	#
1015	9407	11	12	13	14	15	16	17	90	#
1016	9407	12	13	14	15	16	17	18	90	#
1017	9407	13	14	15	16	17	18	19	90	#
1018	9407	14	15	16	17	18	19	20	90	#
1019	9407	15	16	17	18	19	20	21	90	#
1020	9407	16	17	18	19	20	21	22	90	#
1021	9407	17	18	19	20	21	22	23	90	#
1022	9407	18	19	20	21	22	23	24	90	#
1023	9407	19	20	21	22	23	24	25	90	#
1024	9407	20	21	22	23	24	25	26	90	#
1025	9407	21	22	23	24	25	26	27	90	#
1026	9407	22	23	24	25	26	27	28	90	#
1027	9407	23	24	25	26	27	28	29	90	#
1028	9407	24	25	26	27	28	29	30	90	#
1029	9407	25	26	27	28	29	30	31	90	#
1030	9407	26	27	28	29	30	31	32	90	#
1031	9407	27	28	29	30	31	32	33	90	#
1032	9407	28	29	30	31	32	33	34	90	#
1033	9407	29	30	31	32	33	34	35	90	#
1034	9407	30	31	32	33	34	35	36	90	#
1035	9407	31	32	33	34	35	36	37	90	#
1036	9407	32	33	34	35	36	37	38	90	#
1037	9407	33	34	35	36	37	38	39	90	#
1038	9407	34	35	36	37	38	39	40	90	#
1039	9407	35	36	37	38	39	40	41	90	#
1040	9407	36	37	38	39	40	41	42	90	#
1041	9407	37	38	39	40	41	42	43	90	#
1042	9407	38	39	40	41	42	43	44	90	#
1043	9407	39	40	41	42	43	44	45	90	#
1044	9407	40	41	42	43	44	45	46	90	#
1045	9407	41	42	43	44	45	46	47	90	#
1046	9407	42	43	44	45	46	47	48	90	#
1047	9407	43	44	45	46	47	48	49	90	#
1048	9407	44	45	46	47	48	49	50	90	#
1049	9407	45	46	47	48	49	50	51	90	#
1050	9407	46	47	48	49	50	51	52	90	#
1051	9407	47	48	49	50	51	52	53	90	#
1052	9407	48	49	50	51	52	53	54	90	#
1053	9407	49	50	51	52	53	54	55	90	#
1054	9407	50	51	52	53	54	55	56	90	#
1055	9407	51	52	53	54	55	56	57	90	#
1056	9407	52	53	54	55	56	57	58	90	#
1057	9407	53	54	55	56	57	58	59	90	#
1058	9407	54	55	56	57	58	59	60	90	#
1059	9407	55	56	57	58	59	60	61	90	#
1060	9407	56	57	58	59	60	61	62	90	#
1061	9407	57	58	59	60	61	62	63	90	#
1062	9407	58	59	60	61	62	63	64	90	#
1063	8854	59	60	61	62	63	64	65	90	#
1064	8854	60	61	62	63	64	65	66	90	#
1065	8854	61	62	63	64	65	66	67	90	#
1066	8854	62	63	64	65	66	67	68	90	#
1067	8726	63	64	65	66	67	68	69	90	#
1068	9231	0	1	2	3	4	91	#
1069	9231	1	2	3	4	5	91	#
1070	9231	2	3	4	5	6	91	#
1071	9231	3	4	5	6	7	91	#
1072	9231	4	5	6	7	8	91	#
1073	9231	5	6	7	8	9	91	#
1074	9231	6	7	8	9	10	91	#
1075	9231	7	8	9	10	11	91	#
1076	9231	8	9	10	11	12	91	#
1077	9231	9	10	11	12	13	91	#
1078	9231	10	11	12	13	14	91	#
1079	9231	11	12	13	14	15	91	#
1080	9231	12	13	14	15	16	91	#
1081	9231	13	14	15	16	17	91	#
1082	9231	14	15	16	17	18	91	#
1083	9231	15	16	17	18	19	91	#
1084	9231	16	17	18	19	20	91	#
1085	9231	17	18	19	20	21	91	#
1086	9231	18	19	20	21	22	91	#
1087	9231	19	20	21	22	23	91	#
1088	9231	20	21	22	23	24	91	#
1089	9231	21	22	23	24	25	91	#
1090	9231	22	23	24	25	26	91	#
1091	9231	23	24	25	26	27	91	#
1092	9231	24	25	26	27	28	91	#
1093	9231	25	26	27	28	29	91	#
1094	9231	26	27	28	29	30	91	#
1095	9231	27	28	29	30	31	91	#
1096	9231	28	29	30	31	32	91	#
1097	9231	29	30	31	32	33	91	#
1098	9231	30	31	32	33	34	91	#
1099	9231	31	32	33	34	35	91	#
1100	9231	32	33	34	35	36	91	#
1101	9231	33	34	35	36	37	91	#
1102	9231	34	35	36	37	38	91	#
1103	9231	35	36	37	38	39	91	#
1104	9231	36	37	38	39	40	91	#
1105	9231	37	38	39	40	41	91	#
1106	9231	38	39	40	41	42	91	#
1107	9231	39	40	41	42	43	91	#
1108	9231	40	41	42	43	44	91	#
1109	9231	41	42	43	44	45	91	#
1110	9231	42	43	44	45	46	91	#
1111	9231	43	44	45	46	47	91	#
1112	9231	44	45	46	47	48	91	#
1113	9231	45	46	47	48	49	91	#
1114	9231	46	47	48	49	50	91	#
1115	9231	47	48	49	50	51	91	#
1116	6923	48	49	50	51	52	91	#
1117	6923	49	50	51	52	53	91	#
1118	6923	50	51	52	53	54	91	#
1119	6923	51	52	53	54	55	91	#
1120	6923	52	53	54	55	56	91	#
1121	6923	53	54	55	56	57	91	#
1122	6923	54	55	56	57	58	91	#
1123	6923	55	56	57	58	59	91	#
1124	6923	56	57	58	59	60	91	#
1125	6923	57	58	59	60	61	91	#
1126	6923	58	59	60	61	62	91	#
1127	6923	59	60	61	62	63	91	#
1128	6923	60	61	62	63	64	91	#
1129	6923	61	62	63	64	65	91	#
1130	6923	62	63	64	65	66	91	#
1131	6923	63	64	65	66	67	91	#
1132	6923	64	65	66	67	68	91	#
1133	6823	65	66	67	68	69	91	#
1134	4330	0	1	2	92	#
1135	4330	1	2	3	92	#
1136	4330	2	3	4	92	#
1137	4330	3	4	5	92	#
1138	4330	4	5	6	92	#
1139	4330	5	6	7	92	#
1140	4330	6	7	8	92	#
1141	4330	7	8	9	92	#
1142	1499	8	9	10	92	#
1143	1499	9	10	11	92	#
1144	1499	10	11	12	92	#
1145	1499	11	12	13	92	#
1146	1499	12	13	14	92	#
1147	1499	13	14	15	92	#
1148	1499	14	15	16	92	#
1149	1499	15	16	17	92	#
1150	1499	16	17	18	92	#
1151	1499	17	18	19	92	#
1152	1499	18	19	20	92	#
1153	1499	19	20	21	92	#
1154	1499	20	21	22	92	#
1155	1499	21	22	23	92	#
1156	1499	22	23	24	92	#
1157	1499	23	24	25	92	#
1158	1499	24	25	26	92	#
1159	2758	0	1	93	#
1160	2758	1	2	93	#
1161	2758	2	3	93	#
1162	2758	3	4	93	#
1163	2758	4	5	93	#
1164	2758	5	6	93	#
1165	259	6	7	93	#
1166	259	7	8	93	#
1167	259	8	9	93	#
1168	259	9	10	93	#
1169	259	10	11	93	#
1170	259	11	12	93	#
1171	259	12	13	93	#
1172	259	13	14	93	#
1173	259	14	15	93	#
1174	259	15	16	93	#
1175	259	16	17	93	#
1176	259	17	18	93	#
1177	259	18	19	93	#
1178	259	19	20	93	#
1179	259	20	21	93	#
1180	259	21	22	93	#
1181	259	22	23	93	#
1182	259	23	24	93	#
1183	259	24	25	93	#
1184	259	25	26	93	#
1185	259	26	27	93	#
1186	259	27	28	93	#
1187	259	28	29	93	#
1188	259	29	30	93	#
1189	259	30	31	93	#
1190	259	31	32	93	#
1191	259	32	33	93	#
1192	259	33	34	93	#
1193	259	34	35	93	#
1194	259	35	36	93	#
1195	259	36	37	93	#
1196	259	37	38	93	#
1197	259	38	39	93	#
1198	259	39	40	93	#
1199	259	40	41	93	#
1200	259	41	42	93	#
1201	259	42	43	93	#
1202	259	43	44	93	#
1203	259	44	45	93	#
1204	259	45	46	93	#
1205	259	46	47	93	#
1206	259	47	48	93	#
1207	259	48	49	93	#
1208	259	49	50	93	#
1209	259	50	51	93	#
1210	259	51	52	93	#
1211	259	52	53	93	#
1212	259	53	54	93	#
1213	259	54	55	93	#
1214	259	55	56	93	#
1215	259	56	57	93	#
1216	259	57	58	93	#
1217	259	58	59	93	#
1218	259	59	60	93	#
1219	259	60	61	93	#
1220	259	61	62	93	#
1221	259	62	63	93	#
1222	259	63	64	93	#
1223	13068	0	1	2	3	4	5	6	94	#
1224	13068	1	2	3	4	5	6	7	94	#
1225	13068	2	3	4	5	6	7	8	94	#
1226	13068	3	4	5	6	7	8	9	94	#
1227	13068	4	5	6	7	8	9	10	94	#
1228	13068	5	6	7	8	9	10	11	94	#
1229	13068	6	7	8	9	10	11	12	94	#
1230	13068	7	8	9	10	11	12	13	94	#
1231	13068	8	9	10	11	12	13	14	94	#
1232	13068	9	10	11	12	13	14	15	94	#
1233	13068	10	11	12	13	14	15	16	94	#
1234	13068	11	12	13	14	15	16	17	94	#
1235	13068	12	13	14	15	16	17	18	94	#
1236	13068	13	14	15	16	17	18	19	94	#
1237	13068	14	15	16	17	18	19	20	94	#
1238	13068	15	16	17	18	19	20	21	94	#
1239	13068	16	17	18	19	20	21	22	94	#
1240	13068	17	18	19	20	21	22	23	94	#
1241	13068	18	19	20	21	22	23	24	94	#
1242	13068	19	20	21	22	23	24	25	94	#
1243	13068	20	21	22	23	24	25	26	94	#
1244	13068	21	22	23	24	25	26	27	94	#
1245	13068	22	23	24	25	26	27	28	94	#
1246	13068	23	24	25	26	27	28	29	94	#
1247	13068	24	25	26	27	28	29	30	94	#
1248	13068	25	26	27	28	29	30	31	94	#
1249	13068	26	27	28	29	30	31	32	94	#
1250	13068	27	28	29	30	31	32	33	94	#
1251	13068	28	29	30	31	32	33	34	94	#
1252	13068	29	30	31	32	33	34	35	94	#
1253	13068	30	31	32	33	34	35	36	94	#
1254	13068	31	32	33	34	35	36	37	94	#
1255	13068	32	33	34	35	36	37	38	94	#
1256	13068	33	34	35	36	37	38	39	94	#
1257	13068	34	35	36	37	38	39	40	94	#
1258	13068	35	36	37	38	39	40	41	94	#
1259	13068	36	37	38	39	40	41	42	94	#
1260	13068	37	38	39	40	41	42	43	94	#
1261	13068	38	39	40	41	42	43	44	94	#
1262	13068	39	40	41	42	43	44	45	94	#
1263	13068	40	41	42	43	44	45	46	94	#
1264	13068	41	42	43	44	45	46	47	94	#
1265	13068	42	43	44	45	46	47	48	94	#
1266	13068	43	44	45	46	47	48	49	94	#
1267	13068	44	45	46	47	48	49	50	94	#
1268	13068	45	46	47	48	49	50	51	94	#
1269	13068	46	47	48	49	50	51	52	94	#
1270	13068	47	48	49	50	51	52	53	94	#
1271	13068	48	49	50	51	52	53	54	94	#
1272	3171	0	1	2	3	95	#
1273	3171	1	2	3	4	95	#
1274	3171	2	3	4	5	95	#
1275	3171	3	4	5	6	95	#
1276	7599	0	1	2	3	4	5	6	96	#
1277	7599	1	2	3	4	5	6	7	96	#
1278	7599	2	3	4	5	6	7	8	96	#
1279	7599	3	4	5	6	7	8	9	96	#
1280	7599	4	5	6	7	8	9	10	96	#
1281	7599	5	6	7	8	9	10	11	96	#
1282	7599	6	7	8	9	10	11	12	96	#
1283	7599	7	8	9	10	11	12	13	96	#
1284	7599	8	9	10	11	12	13	14	96	#
1285	7599	9	10	11	12	13	14	15	96	#
1286	7599	10	11	12	13	14	15	16	96	#
1287	7599	11	12	13	14	15	16	17	96	#
1288	7599	12	13	14	15	16	17	18	96	#
1289	7599	13	14	15	16	17	18	19	96	#
1290	7599	14	15	16	17	18	19	20	96	#
1291	7599	15	16	17	18	19	20	21	96	#
1292	7599	16	17	18	19	20	21	22	96	#
1293	7599	17	18	19	20	21	22	23	96	#
1294	7599	18	19	20	21	22	23	24	96	#
1295	7599	19	20	21	22	23	24	25	96	#
1296	7599	20	21	22	23	24	25	26	96	#
1297	5066	21	22	23	24	25	26	27	96	#
1298	5066	22	23	24	25	26	27	28	96	#
1299	5066	23	24	25	26	27	28	29	96	#
1300	5066	24	25	26	27	28	29	30	96	#
1301	5066	25	26	27	28	29	30	31	96	#
1302	5066	26	27	28	29	30	31	32	96	#
1303	5066	27	28	29	30	31	32	33	96	#
1304	5066	28	29	30	31	32	33	34	96	#
1305	5066	29	30	31	32	33	34	35	96	#
1306	5066	30	31	32	33	34	35	36	96	#
1307	5066	31	32	33	34	35	36	37	96	#
1308	5066	32	33	34	35	36	37	38	96	#
1309	5066	33	34	35	36	37	38	39	96	#
1310	3800	34	35	36	37	38	39	40	96	#
1311	3800	35	36	37	38	39	40	41	96	#
1312	3800	36	37	38	39	40	41	42	96	#
1313	3800	37	38	39	40	41	42	43	96	#
1314	3800	38	39	40	41	42	43	44	96	#
1315	3800	39	40	41	42	43	44	45	96	#
1316	3800	40	41	42	43	44	45	46	96	#
1317	3800	41	42	43	44	45	46	47	96	#
1318	3800	42	43	44	45	46	47	48	96	#
1319	3800	43	44	45	46	47	48	49	96	#
1320	3800	44	45	46	47	48	49	50	96	#
1321	3800	45	46	47	48	49	50	51	96	#
1322	3800	46	47	48	49	50	51	52	96	#
1323	9434	0	1	2	3	4	5	6	7	8	97	#
1324	9434	1	2	3	4	5	6	7	8	9	97	#
1325	9434	2	3	4	5	6	7	8	9	10	97	#
1326	9434	3	4	5	6	7	8	9	10	11	97	#
1327	9434	4	5	6	7	8	9	10	11	12	97	#
1328	9434	5	6	7	8	9	10	11	12	13	97	#
1329	9434	6	7	8	9	10	11	12	13	14	97	#
1330	9434	7	8	9	10	11	12	13	14	15	97	#
1331	9434	8	9	10	11	12	13	14	15	16	97	#
1332	9434	9	10	11	12	13	14	15	16	17	97	#
1333	9434	10	11	12	13	14	15	16	17	18	97	#
1334	9434	11	12	13	14	15	16	17	18	19	97	#
1335	9434	12	13	14	15	16	17	18	19	20	97	#
1336	9434	13	14	15	16	17	18	19	20	21	97	#
1337	9434	14	15	16	17	18	19	20	21	22	97	#
1338	9434	15	16	17	18	19	20	21	22	23	97	#
1339	9434	16	17	18	19	20	21	22	23	24	97	#
1340	9434	17	18	19	20	21	22	23	24	25	97	#
1341	9434	18	19	20	21	22	23	24	25	26	97	#
1342	9434	19	20	21	22	23	24	25	26	27	97	#
1343	9434	20	21	22	23	24	25	26	27	28	97	#
1344	9434	21	22	23	24	25	26	27	28	29	97	#
1345	9434	22	23	24	25	26	27	28	29	30	97	#
1346	9434	23	24	25	26	27	28	29	30	31	97	#
1347	9434	24	25	26	27	28	29	30	31	32	97	#
1348	9434	25	26	27	28	29	30	31	32	33	97	#
1349	9434	26	27	28	29	30	31	32	33	34	97	#
1350	9434	27	28	29	30	31	32	33	34	35	97	#
1351	9434	28	29	30	31	32	33	34	35	36	97	#
1352	9434	29	30	31	32	33	34	35	36	37	97	#
1353	9434	30	31	32	33	34	35	36	37	38	97	#
1354	9434	31	32	33	34	35	36	37	38	39	97	#
1355	9434	32	33	34	35	36	37	38	39	40	97	#
1356	9434	33	34	35	36	37	38	39	40	41	97	#
1357	9434	34	35	36	37	38	39	40	41	42	97	#
1358	9434	35	36	37	38	39	40	41	42	43	97	#
1359	9434	36	37	38	39	40	41	42	43	44	97	#
1360	9434	37	38	39	40	41	42	43	44	45	97	#
1361	9434	38	39	40	41	42	43	44	45	46	97	#
1362	9434	39	40	41	42	43	44	45	46	47	97	#
1363	9434	40	41	42	43	44	45	46	47	48	97	#
1364	9434	41	42	43	44	45	46	47	48	49	97	#
1365	9434	42	43	44	45	46	47	48	49	50	97	#
1366	9434	43	44	45	46	47	48	49	50	51	97	#
1367	9434	44	45	46	47	48	49	50	51	52	97	#
1368	9434	45	46	47	48	49	50	51	52	53	97	#
1369	9434	46	47	48	49	50	51	52	53	54	97	#
1370	9434	47	48	49	50	51	52	53	54	55	97	#
1371	9434	48	49	50	51	52	53	54	55	56	97	#
1372	9434	49	50	51	52	53	54	55	56	57	97	#
1373	9434	50	51	52	53	54	55	56	57	58	97	#
1374	9434	51	52	53	54	55	56	57	58	59	97	#
1375	9434	52	53	54	55	56	57	58	59	60	97	#
1376	9434	53	54	55	56	57	58	59	60	61	97	#
1377	9434	54	55	56	57	58	59	60	61	62	97	#
1378	9434	55	56	57	58	59	60	61	62	63	97	#
1379	9434	56	57	58	59	60	61	62	63	64	97	#
1380	9434	57	58	59	60	61	62	63	64	65	97	#
1381	9434	58	59	60	61	62	63	64	65	66	97	#
1382	9024	59	60	61	62	63	64	65	66	67	97	#
1383	9024	60	61	62	63	64	65	66	67	68	97	#
1384	9024	61	62	63	64	65	66	67	68	69	97	#
1385	700	0	98	#
1386	700	1	98	#
1387	700	2	98	#
1388	700	3	98	#
1389	700	4	98	#
1390	700	5	98	#
1391	700	6	98	#
1392	700	7	98	#
1393	700	8	98	#
1394	700	9	98	#
1395	700	10	98	#
1396	700	11	98	#
1397	700	12	98	#
1398	700	13	98	#
1399	700	14	98	#
1400	700	15	98	#
1401	700	16	98	#
1402	700	17	98	#
1403	700	18	98	#
1404	700	19	98	#
1405	700	20	98	#
1406	700	21	98	#
1407	700	22	98	#
1408	700	23	98	#
1409	700	24	98	#
1410	700	25	98	#
1411	700	26	98	#
1412	700	27	98	#
1413	700	28	98	#
1414	700	29	98	#
1415	700	30	98	#
1416	700	31	98	#
1417	700	32	98	#
1418	700	33	98	#
1419	700	34	98	#
1420	700	35	98	#
1421	700	36	98	#
1422	700	37	98	#
1423	700	38	98	#
1424	700	39	98	#
1425	700	40	98	#
1426	700	41	98	#
1427	700	42	98	#
1428	700	43	98	#
1429	700	44	98	#
1430	700	45	98	#
1431	700	46	98	#
1432	700	47	98	#
1433	700	48	98	#
1434	700	49	98	#
1435	700	50	98	#
1436	700	51	98	#
1437	700	52	98	#
1438	700	53	98	#
1439	700	54	98	#
1440	700	55	98	#
1441	700	56	98	#
1442	700	57	98	#
1443	700	58	98	#
1444	700	59	98	#
1445	700	60	98	#
1446	700	61	98	#
1447	700	62	98	#
1448	700	63	98	#
1449	700	64	98	#
1450	700	65	98	#
1451	700	66	98	#
1452	700	67	98	#
1453	680	68	98	#
1454	680	69	98	#
