%% File generated by CATS v.2.1Mon Aug 19 20:45:50 2019

%% The CATS webpage is http://robotics.stanford.edu/CATS

%% PARAMETER SETTINGS:
% Goods: 30; Bids: 1200; Distribution: scheduling; Runs: 10; Seed: 1566267578
% Scheduling Distribution Parameters:
% max_length                = 10
% deviation                 = 0.500000
% prob_additional_deadline  = 0.700000
% additivity                = 0.200000



goods 30
bids 1210
dummy 66

0	819	0	30	#
1	819	1	30	#
2	819	2	30	#
3	819	3	30	#
4	819	4	30	#
5	819	5	30	#
6	819	6	30	#
7	819	7	30	#
8	819	8	30	#
9	819	9	30	#
10	819	10	30	#
11	819	11	30	#
12	819	12	30	#
13	819	13	30	#
14	819	14	30	#
15	819	15	30	#
16	819	16	30	#
17	819	17	30	#
18	819	18	30	#
19	819	19	30	#
20	819	20	30	#
21	819	21	30	#
22	2998	0	1	2	31	#
23	2998	1	2	3	31	#
24	2998	2	3	4	31	#
25	2998	3	4	5	31	#
26	2998	4	5	6	31	#
27	2998	5	6	7	31	#
28	2998	6	7	8	31	#
29	2998	7	8	9	31	#
30	2998	8	9	10	31	#
31	2998	9	10	11	31	#
32	2998	10	11	12	31	#
33	2998	11	12	13	31	#
34	2998	12	13	14	31	#
35	2998	13	14	15	31	#
36	1606	14	15	16	31	#
37	1606	15	16	17	31	#
38	1606	16	17	18	31	#
39	1606	17	18	19	31	#
40	1606	18	19	20	31	#
41	1606	19	20	21	31	#
42	1606	20	21	22	31	#
43	1606	21	22	23	31	#
44	1606	22	23	24	31	#
45	1606	23	24	25	31	#
46	1606	24	25	26	31	#
47	1606	25	26	27	31	#
48	1606	26	27	28	31	#
49	1550	27	28	29	31	#
50	19827	0	1	2	3	4	5	6	7	8	32	#
51	19827	1	2	3	4	5	6	7	8	9	32	#
52	19827	2	3	4	5	6	7	8	9	10	32	#
53	19827	3	4	5	6	7	8	9	10	11	32	#
54	19827	4	5	6	7	8	9	10	11	12	32	#
55	10815	5	6	7	8	9	10	11	12	13	32	#
56	10815	6	7	8	9	10	11	12	13	14	32	#
57	10815	7	8	9	10	11	12	13	14	15	32	#
58	10815	8	9	10	11	12	13	14	15	16	32	#
59	10815	9	10	11	12	13	14	15	16	17	32	#
60	10815	10	11	12	13	14	15	16	17	18	32	#
61	10815	11	12	13	14	15	16	17	18	19	32	#
62	10815	12	13	14	15	16	17	18	19	20	32	#
63	10815	13	14	15	16	17	18	19	20	21	32	#
64	10815	14	15	16	17	18	19	20	21	22	32	#
65	9151	15	16	17	18	19	20	21	22	23	32	#
66	9151	16	17	18	19	20	21	22	23	24	32	#
67	9151	17	18	19	20	21	22	23	24	25	32	#
68	9151	18	19	20	21	22	23	24	25	26	32	#
69	8812	19	20	21	22	23	24	25	26	27	32	#
70	8204	20	21	22	23	24	25	26	27	28	32	#
71	8204	21	22	23	24	25	26	27	28	29	32	#
72	956	0	33	#
73	956	1	33	#
74	956	2	33	#
75	956	3	33	#
76	956	4	33	#
77	956	5	33	#
78	956	6	33	#
79	956	7	33	#
80	956	8	33	#
81	956	9	33	#
82	956	10	33	#
83	956	11	33	#
84	956	12	33	#
85	956	13	33	#
86	956	14	33	#
87	956	15	33	#
88	956	16	33	#
89	956	17	33	#
90	956	18	33	#
91	688	19	33	#
92	688	20	33	#
93	688	21	33	#
94	688	22	33	#
95	688	23	33	#
96	688	24	33	#
97	688	25	33	#
98	614	26	33	#
99	614	27	33	#
100	614	28	33	#
101	593	29	33	#
102	9891	0	1	2	3	4	5	6	34	#
103	9891	1	2	3	4	5	6	7	34	#
104	9891	2	3	4	5	6	7	8	34	#
105	9891	3	4	5	6	7	8	9	34	#
106	9891	4	5	6	7	8	9	10	34	#
107	9891	5	6	7	8	9	10	11	34	#
108	9891	6	7	8	9	10	11	12	34	#
109	9891	7	8	9	10	11	12	13	34	#
110	9891	8	9	10	11	12	13	14	34	#
111	9891	9	10	11	12	13	14	15	34	#
112	9891	10	11	12	13	14	15	16	34	#
113	9891	11	12	13	14	15	16	17	34	#
114	9891	12	13	14	15	16	17	18	34	#
115	9891	13	14	15	16	17	18	19	34	#
116	9891	14	15	16	17	18	19	20	34	#
117	9891	15	16	17	18	19	20	21	34	#
118	9891	16	17	18	19	20	21	22	34	#
119	9891	17	18	19	20	21	22	23	34	#
120	9891	18	19	20	21	22	23	24	34	#
121	9891	19	20	21	22	23	24	25	34	#
122	9891	20	21	22	23	24	25	26	34	#
123	9891	21	22	23	24	25	26	27	34	#
124	2035	0	1	2	35	#
125	2035	1	2	3	35	#
126	2035	2	3	4	35	#
127	2035	3	4	5	35	#
128	2035	4	5	6	35	#
129	2035	5	6	7	35	#
130	2035	6	7	8	35	#
131	2035	7	8	9	35	#
132	2035	8	9	10	35	#
133	2035	9	10	11	35	#
134	2035	10	11	12	35	#
135	2035	11	12	13	35	#
136	2035	12	13	14	35	#
137	2035	13	14	15	35	#
138	2035	14	15	16	35	#
139	2035	15	16	17	35	#
140	2035	16	17	18	35	#
141	2035	17	18	19	35	#
142	2035	18	19	20	35	#
143	2035	19	20	21	35	#
144	2035	20	21	22	35	#
145	2035	21	22	23	35	#
146	2035	22	23	24	35	#
147	1684	23	24	25	35	#
148	1684	24	25	26	35	#
149	1684	25	26	27	35	#
150	1684	26	27	28	35	#
151	1684	27	28	29	35	#
152	3060	0	1	2	36	#
153	3060	1	2	3	36	#
154	3060	2	3	4	36	#
155	3060	3	4	5	36	#
156	3060	4	5	6	36	#
157	3060	5	6	7	36	#
158	3060	6	7	8	36	#
159	3060	7	8	9	36	#
160	3060	8	9	10	36	#
161	3060	9	10	11	36	#
162	3060	10	11	12	36	#
163	3060	11	12	13	36	#
164	3060	12	13	14	36	#
165	3060	13	14	15	36	#
166	3060	14	15	16	36	#
167	3060	15	16	17	36	#
168	3060	16	17	18	36	#
169	3060	17	18	19	36	#
170	3060	18	19	20	36	#
171	3060	19	20	21	36	#
172	3060	20	21	22	36	#
173	3060	21	22	23	36	#
174	3060	22	23	24	36	#
175	2623	23	24	25	36	#
176	2623	24	25	26	36	#
177	2623	25	26	27	36	#
178	2623	26	27	28	36	#
179	2532	27	28	29	36	#
180	3127	0	1	2	37	#
181	3127	1	2	3	37	#
182	3127	2	3	4	37	#
183	3127	3	4	5	37	#
184	3127	4	5	6	37	#
185	3127	5	6	7	37	#
186	3127	6	7	8	37	#
187	3127	7	8	9	37	#
188	3127	8	9	10	37	#
189	3127	9	10	11	37	#
190	3127	10	11	12	37	#
191	3127	11	12	13	37	#
192	3127	12	13	14	37	#
193	3127	13	14	15	37	#
194	1675	14	15	16	37	#
195	1675	15	16	17	37	#
196	1675	16	17	18	37	#
197	1675	17	18	19	37	#
198	1675	18	19	20	37	#
199	1675	19	20	21	37	#
200	1675	20	21	22	37	#
201	1675	21	22	23	37	#
202	1675	22	23	24	37	#
203	1675	23	24	25	37	#
204	1675	24	25	26	37	#
205	1675	25	26	27	37	#
206	1675	26	27	28	37	#
207	6119	0	1	2	3	38	#
208	6119	1	2	3	4	38	#
209	1166	2	3	4	5	38	#
210	1166	3	4	5	6	38	#
211	1166	4	5	6	7	38	#
212	1166	5	6	7	8	38	#
213	1166	6	7	8	9	38	#
214	1166	7	8	9	10	38	#
215	1166	8	9	10	11	38	#
216	1166	9	10	11	12	38	#
217	1166	10	11	12	13	38	#
218	1166	11	12	13	14	38	#
219	1166	12	13	14	15	38	#
220	1166	13	14	15	16	38	#
221	1166	14	15	16	17	38	#
222	1166	15	16	17	18	38	#
223	1166	16	17	18	19	38	#
224	1166	17	18	19	20	38	#
225	1166	18	19	20	21	38	#
226	16676	0	1	2	3	4	5	6	7	8	9	39	#
227	16676	1	2	3	4	5	6	7	8	9	10	39	#
228	16676	2	3	4	5	6	7	8	9	10	11	39	#
229	16676	3	4	5	6	7	8	9	10	11	12	39	#
230	16676	4	5	6	7	8	9	10	11	12	13	39	#
231	16676	5	6	7	8	9	10	11	12	13	14	39	#
232	16676	6	7	8	9	10	11	12	13	14	15	39	#
233	16676	7	8	9	10	11	12	13	14	15	16	39	#
234	16676	8	9	10	11	12	13	14	15	16	17	39	#
235	16676	9	10	11	12	13	14	15	16	17	18	39	#
236	16676	10	11	12	13	14	15	16	17	18	19	39	#
237	16676	11	12	13	14	15	16	17	18	19	20	39	#
238	16676	12	13	14	15	16	17	18	19	20	21	39	#
239	16676	13	14	15	16	17	18	19	20	21	22	39	#
240	16676	14	15	16	17	18	19	20	21	22	23	39	#
241	15981	15	16	17	18	19	20	21	22	23	24	39	#
242	2819	0	1	40	#
243	2819	1	2	40	#
244	2819	2	3	40	#
245	2819	3	4	40	#
246	2819	4	5	40	#
247	2819	5	6	40	#
248	2819	6	7	40	#
249	2819	7	8	40	#
250	2819	8	9	40	#
251	2819	9	10	40	#
252	2819	10	11	40	#
253	2819	11	12	40	#
254	2819	12	13	40	#
255	2819	13	14	40	#
256	2819	14	15	40	#
257	2819	15	16	40	#
258	2819	16	17	40	#
259	2819	17	18	40	#
260	2819	18	19	40	#
261	2819	19	20	40	#
262	2349	20	21	40	#
263	2349	21	22	40	#
264	2349	22	23	40	#
265	2349	23	24	40	#
266	2255	24	25	40	#
267	1944	25	26	40	#
268	1944	26	27	40	#
269	1944	27	28	40	#
270	1944	28	29	40	#
271	10022	0	1	2	3	4	5	6	41	#
272	10022	1	2	3	4	5	6	7	41	#
273	10022	2	3	4	5	6	7	8	41	#
274	10022	3	4	5	6	7	8	9	41	#
275	3110	4	5	6	7	8	9	10	41	#
276	3110	5	6	7	8	9	10	11	41	#
277	3110	6	7	8	9	10	11	12	41	#
278	3110	7	8	9	10	11	12	13	41	#
279	3110	8	9	10	11	12	13	14	41	#
280	3110	9	10	11	12	13	14	15	41	#
281	3110	10	11	12	13	14	15	16	41	#
282	3110	11	12	13	14	15	16	17	41	#
283	3110	12	13	14	15	16	17	18	41	#
284	3110	13	14	15	16	17	18	19	41	#
285	3110	14	15	16	17	18	19	20	41	#
286	3110	15	16	17	18	19	20	21	41	#
287	3110	16	17	18	19	20	21	22	41	#
288	3110	17	18	19	20	21	22	23	41	#
289	3110	18	19	20	21	22	23	24	41	#
290	3110	19	20	21	22	23	24	25	41	#
291	3110	20	21	22	23	24	25	26	41	#
292	3110	21	22	23	24	25	26	27	41	#
293	3110	22	23	24	25	26	27	28	41	#
294	3110	23	24	25	26	27	28	29	41	#
295	1236	0	42	#
296	1236	1	42	#
297	1236	2	42	#
298	1236	3	42	#
299	1236	4	42	#
300	1236	5	42	#
301	1236	6	42	#
302	1236	7	42	#
303	1236	8	42	#
304	1236	9	42	#
305	1236	10	42	#
306	1236	11	42	#
307	1236	12	42	#
308	10407	0	1	2	3	4	5	6	43	#
309	10407	1	2	3	4	5	6	7	43	#
310	10407	2	3	4	5	6	7	8	43	#
311	10407	3	4	5	6	7	8	9	43	#
312	10407	4	5	6	7	8	9	10	43	#
313	10407	5	6	7	8	9	10	11	43	#
314	10407	6	7	8	9	10	11	12	43	#
315	10407	7	8	9	10	11	12	13	43	#
316	10407	8	9	10	11	12	13	14	43	#
317	10407	9	10	11	12	13	14	15	43	#
318	10407	10	11	12	13	14	15	16	43	#
319	10407	11	12	13	14	15	16	17	43	#
320	7371	12	13	14	15	16	17	18	43	#
321	7371	13	14	15	16	17	18	19	43	#
322	7371	14	15	16	17	18	19	20	43	#
323	7371	15	16	17	18	19	20	21	43	#
324	7371	16	17	18	19	20	21	22	43	#
325	7371	17	18	19	20	21	22	23	43	#
326	7371	18	19	20	21	22	23	24	43	#
327	3145	0	1	2	44	#
328	3145	1	2	3	44	#
329	3145	2	3	4	44	#
330	1355	0	45	#
331	1355	1	45	#
332	1355	2	45	#
333	1355	3	45	#
334	1355	4	45	#
335	1355	5	45	#
336	1355	6	45	#
337	1355	7	45	#
338	1355	8	45	#
339	1205	9	45	#
340	834	10	45	#
341	834	11	45	#
342	834	12	45	#
343	834	13	45	#
344	9171	0	1	2	3	4	5	6	46	#
345	9171	1	2	3	4	5	6	7	46	#
346	9171	2	3	4	5	6	7	8	46	#
347	9171	3	4	5	6	7	8	9	46	#
348	9171	4	5	6	7	8	9	10	46	#
349	9171	5	6	7	8	9	10	11	46	#
350	9171	6	7	8	9	10	11	12	46	#
351	9171	7	8	9	10	11	12	13	46	#
352	9171	8	9	10	11	12	13	14	46	#
353	9171	9	10	11	12	13	14	15	46	#
354	9171	10	11	12	13	14	15	16	46	#
355	9171	11	12	13	14	15	16	17	46	#
356	9171	12	13	14	15	16	17	18	46	#
357	9171	13	14	15	16	17	18	19	46	#
358	3104	0	1	2	3	47	#
359	3104	1	2	3	4	47	#
360	3104	2	3	4	5	47	#
361	3104	3	4	5	6	47	#
362	3104	4	5	6	7	47	#
363	3104	5	6	7	8	47	#
364	3104	6	7	8	9	47	#
365	3104	7	8	9	10	47	#
366	3104	8	9	10	11	47	#
367	1797	9	10	11	12	47	#
368	1797	10	11	12	13	47	#
369	1797	11	12	13	14	47	#
370	1797	12	13	14	15	47	#
371	1797	13	14	15	16	47	#
372	1797	14	15	16	17	47	#
373	1797	15	16	17	18	47	#
374	1797	16	17	18	19	47	#
375	1626	17	18	19	20	47	#
376	1626	18	19	20	21	47	#
377	1313	19	20	21	22	47	#
378	1313	20	21	22	23	47	#
379	1313	21	22	23	24	47	#
380	1313	22	23	24	25	47	#
381	1313	23	24	25	26	47	#
382	5158	0	1	2	48	#
383	5158	1	2	3	48	#
384	1032	2	3	4	48	#
385	1032	3	4	5	48	#
386	1032	4	5	6	48	#
387	1032	5	6	7	48	#
388	1032	6	7	8	48	#
389	1032	7	8	9	48	#
390	1032	8	9	10	48	#
391	1032	9	10	11	48	#
392	1032	10	11	12	48	#
393	1032	11	12	13	48	#
394	1032	12	13	14	48	#
395	1032	13	14	15	48	#
396	645	14	15	16	48	#
397	645	15	16	17	48	#
398	645	16	17	18	48	#
399	645	17	18	19	48	#
400	645	18	19	20	48	#
401	645	19	20	21	48	#
402	645	20	21	22	48	#
403	645	21	22	23	48	#
404	645	22	23	24	48	#
405	6600	0	1	2	3	4	5	6	7	49	#
406	6600	1	2	3	4	5	6	7	8	49	#
407	6600	2	3	4	5	6	7	8	9	49	#
408	6600	3	4	5	6	7	8	9	10	49	#
409	6600	4	5	6	7	8	9	10	11	49	#
410	6600	5	6	7	8	9	10	11	12	49	#
411	6600	6	7	8	9	10	11	12	13	49	#
412	6600	7	8	9	10	11	12	13	14	49	#
413	6600	8	9	10	11	12	13	14	15	49	#
414	6600	9	10	11	12	13	14	15	16	49	#
415	6600	10	11	12	13	14	15	16	17	49	#
416	6600	11	12	13	14	15	16	17	18	49	#
417	6600	12	13	14	15	16	17	18	19	49	#
418	6600	13	14	15	16	17	18	19	20	49	#
419	6600	14	15	16	17	18	19	20	21	49	#
420	6600	15	16	17	18	19	20	21	22	49	#
421	6600	16	17	18	19	20	21	22	23	49	#
422	6600	17	18	19	20	21	22	23	24	49	#
423	6600	18	19	20	21	22	23	24	25	49	#
424	6346	19	20	21	22	23	24	25	26	49	#
425	6111	20	21	22	23	24	25	26	27	49	#
426	5893	21	22	23	24	25	26	27	28	49	#
427	5690	22	23	24	25	26	27	28	29	49	#
428	19945	0	1	2	3	4	5	6	7	8	50	#
429	19945	1	2	3	4	5	6	7	8	9	50	#
430	19945	2	3	4	5	6	7	8	9	10	50	#
431	19945	3	4	5	6	7	8	9	10	11	50	#
432	19945	4	5	6	7	8	9	10	11	12	50	#
433	19945	5	6	7	8	9	10	11	12	13	50	#
434	19945	6	7	8	9	10	11	12	13	14	50	#
435	19945	7	8	9	10	11	12	13	14	15	50	#
436	19945	8	9	10	11	12	13	14	15	16	50	#
437	17729	9	10	11	12	13	14	15	16	17	50	#
438	17729	10	11	12	13	14	15	16	17	18	50	#
439	11819	11	12	13	14	15	16	17	18	19	50	#
440	11819	12	13	14	15	16	17	18	19	20	50	#
441	11819	13	14	15	16	17	18	19	20	21	50	#
442	11819	14	15	16	17	18	19	20	21	22	50	#
443	11819	15	16	17	18	19	20	21	22	23	50	#
444	11819	16	17	18	19	20	21	22	23	24	50	#
445	11819	17	18	19	20	21	22	23	24	25	50	#
446	11819	18	19	20	21	22	23	24	25	26	50	#
447	11819	19	20	21	22	23	24	25	26	27	50	#
448	4589	0	1	2	3	51	#
449	4589	1	2	3	4	51	#
450	4589	2	3	4	5	51	#
451	4589	3	4	5	6	51	#
452	4589	4	5	6	7	51	#
453	4589	5	6	7	8	51	#
454	4589	6	7	8	9	51	#
455	4589	7	8	9	10	51	#
456	4589	8	9	10	11	51	#
457	3365	9	10	11	12	51	#
458	3365	10	11	12	13	51	#
459	3365	11	12	13	14	51	#
460	3365	12	13	14	15	51	#
461	1870	13	14	15	16	51	#
462	1870	14	15	16	17	51	#
463	1870	15	16	17	18	51	#
464	1870	16	17	18	19	51	#
465	1870	17	18	19	20	51	#
466	1870	18	19	20	21	51	#
467	1870	19	20	21	22	51	#
468	1870	20	21	22	23	51	#
469	1870	21	22	23	24	51	#
470	1870	22	23	24	25	51	#
471	1870	23	24	25	26	51	#
472	1870	24	25	26	27	51	#
473	16298	0	1	2	3	4	5	6	7	8	52	#
474	16298	1	2	3	4	5	6	7	8	9	52	#
475	16298	2	3	4	5	6	7	8	9	10	52	#
476	16298	3	4	5	6	7	8	9	10	11	52	#
477	16298	4	5	6	7	8	9	10	11	12	52	#
478	16298	5	6	7	8	9	10	11	12	13	52	#
479	16298	6	7	8	9	10	11	12	13	14	52	#
480	8451	7	8	9	10	11	12	13	14	15	52	#
481	8451	8	9	10	11	12	13	14	15	16	52	#
482	8451	9	10	11	12	13	14	15	16	17	52	#
483	8451	10	11	12	13	14	15	16	17	18	52	#
484	8451	11	12	13	14	15	16	17	18	19	52	#
485	8451	12	13	14	15	16	17	18	19	20	52	#
486	8451	13	14	15	16	17	18	19	20	21	52	#
487	8451	14	15	16	17	18	19	20	21	22	52	#
488	8451	15	16	17	18	19	20	21	22	23	52	#
489	8451	16	17	18	19	20	21	22	23	24	52	#
490	8451	17	18	19	20	21	22	23	24	25	52	#
491	8451	18	19	20	21	22	23	24	25	26	52	#
492	8451	19	20	21	22	23	24	25	26	27	52	#
493	9296	0	1	2	3	4	5	6	7	8	9	#
494	5373	0	1	2	3	4	#
495	4100	4	5	6	7	8	55	#
496	2768	25	26	27	28	29	76	#
497	4100	2	3	4	5	6	55	#
498	4100	3	4	5	6	7	55	#
499	12941	0	1	2	3	4	5	6	7	56	#
500	12941	1	2	3	4	5	6	7	8	56	#
501	12941	2	3	4	5	6	7	8	9	56	#
502	2897	0	1	2	57	#
503	2897	1	2	3	57	#
504	2897	2	3	4	57	#
505	2897	3	4	5	57	#
506	2897	4	5	6	57	#
507	2897	5	6	7	57	#
508	2897	6	7	8	57	#
509	2897	7	8	9	57	#
510	2897	8	9	10	57	#
511	2897	9	10	11	57	#
512	2897	10	11	12	57	#
513	2897	11	12	13	57	#
514	2737	23	24	25	26	27	28	58	#
515	2768	24	25	26	27	28	76	#
516	4790	2	3	4	5	6	7	58	#
517	4790	3	4	5	6	7	8	58	#
518	4790	4	5	6	7	8	9	58	#
519	4790	5	6	7	8	9	10	58	#
520	4790	6	7	8	9	10	11	58	#
521	4790	7	8	9	10	11	12	58	#
522	4790	8	9	10	11	12	13	58	#
523	4790	9	10	11	12	13	14	58	#
524	4790	10	11	12	13	14	15	58	#
525	4790	11	12	13	14	15	16	58	#
526	3484	12	13	14	15	16	17	58	#
527	3484	13	14	15	16	17	18	58	#
528	3484	14	15	16	17	18	19	58	#
529	3484	15	16	17	18	19	20	58	#
530	3484	16	17	18	19	20	21	58	#
531	3484	17	18	19	20	21	22	58	#
532	2737	18	19	20	21	22	23	58	#
533	2737	19	20	21	22	23	24	58	#
534	2737	20	21	22	23	24	25	58	#
535	2737	21	22	23	24	25	26	58	#
536	2737	22	23	24	25	26	27	58	#
537	8996	0	1	2	3	4	59	#
538	8996	1	2	3	4	5	59	#
539	8996	2	3	4	5	6	59	#
540	8996	3	4	5	6	7	59	#
541	8996	4	5	6	7	8	59	#
542	8996	5	6	7	8	9	59	#
543	8996	6	7	8	9	10	59	#
544	8996	7	8	9	10	11	59	#
545	8996	8	9	10	11	12	59	#
546	16330	0	1	2	3	4	5	6	7	8	9	60	#
547	16330	1	2	3	4	5	6	7	8	9	10	60	#
548	16330	2	3	4	5	6	7	8	9	10	11	60	#
549	16330	3	4	5	6	7	8	9	10	11	12	60	#
550	16330	4	5	6	7	8	9	10	11	12	13	60	#
551	16330	5	6	7	8	9	10	11	12	13	14	60	#
552	16330	6	7	8	9	10	11	12	13	14	15	60	#
553	16330	7	8	9	10	11	12	13	14	15	16	60	#
554	16330	8	9	10	11	12	13	14	15	16	17	60	#
555	16330	9	10	11	12	13	14	15	16	17	18	60	#
556	8649	0	1	2	3	4	61	#
557	8649	1	2	3	4	5	61	#
558	8649	2	3	4	5	6	61	#
559	8649	3	4	5	6	7	61	#
560	8649	4	5	6	7	8	61	#
561	8649	5	6	7	8	9	61	#
562	8649	6	7	8	9	10	61	#
563	8649	7	8	9	10	11	61	#
564	8649	8	9	10	11	12	61	#
565	8649	9	10	11	12	13	61	#
566	8649	10	11	12	13	14	61	#
567	8649	11	12	13	14	15	61	#
568	8649	12	13	14	15	16	61	#
569	8649	13	14	15	16	17	61	#
570	8649	14	15	16	17	18	61	#
571	8649	15	16	17	18	19	61	#
572	8649	16	17	18	19	20	61	#
573	8649	17	18	19	20	21	61	#
574	8649	18	19	20	21	22	61	#
575	8649	19	20	21	22	23	61	#
576	7651	20	21	22	23	24	61	#
577	7651	21	22	23	24	25	61	#
578	7651	22	23	24	25	26	61	#
579	7105	23	24	25	26	27	61	#
580	7105	24	25	26	27	28	61	#
581	6860	25	26	27	28	29	61	#
582	6542	0	1	2	3	62	#
583	6542	1	2	3	4	62	#
584	6542	2	3	4	5	62	#
585	6542	3	4	5	6	62	#
586	6542	4	5	6	7	62	#
587	6542	5	6	7	8	62	#
588	6542	6	7	8	9	62	#
589	6542	7	8	9	10	62	#
590	6542	8	9	10	11	62	#
591	6542	9	10	11	12	62	#
592	6542	10	11	12	13	62	#
593	6542	11	12	13	14	62	#
594	6542	12	13	14	15	62	#
595	6542	13	14	15	16	62	#
596	15673	0	1	2	3	4	5	6	7	63	#
597	15673	1	2	3	4	5	6	7	8	63	#
598	15673	2	3	4	5	6	7	8	9	63	#
599	15673	3	4	5	6	7	8	9	10	63	#
600	15673	4	5	6	7	8	9	10	11	63	#
601	15673	5	6	7	8	9	10	11	12	63	#
602	15673	6	7	8	9	10	11	12	13	63	#
603	15673	7	8	9	10	11	12	13	14	63	#
604	15673	8	9	10	11	12	13	14	15	63	#
605	15673	9	10	11	12	13	14	15	16	63	#
606	15673	10	11	12	13	14	15	16	17	63	#
607	15673	11	12	13	14	15	16	17	18	63	#
608	15673	12	13	14	15	16	17	18	19	63	#
609	15673	13	14	15	16	17	18	19	20	63	#
610	15673	14	15	16	17	18	19	20	21	63	#
611	12659	15	16	17	18	19	20	21	22	63	#
612	12659	16	17	18	19	20	21	22	23	63	#
613	12659	17	18	19	20	21	22	23	24	63	#
614	12659	18	19	20	21	22	23	24	25	63	#
615	12659	19	20	21	22	23	24	25	26	63	#
616	11350	20	21	22	23	24	25	26	27	63	#
617	11350	21	22	23	24	25	26	27	28	63	#
618	11350	22	23	24	25	26	27	28	29	63	#
619	6430	0	1	2	3	64	#
620	6430	1	2	3	4	64	#
621	887	2	3	4	5	64	#
622	887	3	4	5	6	64	#
623	887	4	5	6	7	64	#
624	887	5	6	7	8	64	#
625	887	6	7	8	9	64	#
626	887	7	8	9	10	64	#
627	887	8	9	10	11	64	#
628	887	9	10	11	12	64	#
629	887	10	11	12	13	64	#
630	887	11	12	13	14	64	#
631	887	12	13	14	15	64	#
632	887	13	14	15	16	64	#
633	887	14	15	16	17	64	#
634	887	15	16	17	18	64	#
635	887	16	17	18	19	64	#
636	887	17	18	19	20	64	#
637	887	18	19	20	21	64	#
638	887	19	20	21	22	64	#
639	887	20	21	22	23	64	#
640	887	21	22	23	24	64	#
641	887	22	23	24	25	64	#
642	887	23	24	25	26	64	#
643	887	24	25	26	27	64	#
644	887	25	26	27	28	64	#
645	887	26	27	28	29	64	#
646	13695	0	1	2	3	4	5	6	7	8	65	#
647	13695	1	2	3	4	5	6	7	8	9	65	#
648	13695	2	3	4	5	6	7	8	9	10	65	#
649	13695	3	4	5	6	7	8	9	10	11	65	#
650	13695	4	5	6	7	8	9	10	11	12	65	#
651	13695	5	6	7	8	9	10	11	12	13	65	#
652	13695	6	7	8	9	10	11	12	13	14	65	#
653	13695	7	8	9	10	11	12	13	14	15	65	#
654	13695	8	9	10	11	12	13	14	15	16	65	#
655	13695	9	10	11	12	13	14	15	16	17	65	#
656	13695	10	11	12	13	14	15	16	17	18	65	#
657	9861	11	12	13	14	15	16	17	18	19	65	#
658	9861	12	13	14	15	16	17	18	19	20	65	#
659	9861	13	14	15	16	17	18	19	20	21	65	#
660	9861	14	15	16	17	18	19	20	21	22	65	#
661	9861	15	16	17	18	19	20	21	22	23	65	#
662	9861	16	17	18	19	20	21	22	23	24	65	#
663	9861	17	18	19	20	21	22	23	24	25	65	#
664	9481	18	19	20	21	22	23	24	25	26	65	#
665	10652	0	1	2	3	4	5	6	7	66	#
666	10652	1	2	3	4	5	6	7	8	66	#
667	10652	2	3	4	5	6	7	8	9	66	#
668	10652	3	4	5	6	7	8	9	10	66	#
669	10652	4	5	6	7	8	9	10	11	66	#
670	10652	5	6	7	8	9	10	11	12	66	#
671	10652	6	7	8	9	10	11	12	13	66	#
672	10652	7	8	9	10	11	12	13	14	66	#
673	10652	8	9	10	11	12	13	14	15	66	#
674	10652	9	10	11	12	13	14	15	16	66	#
675	10652	10	11	12	13	14	15	16	17	66	#
676	10652	11	12	13	14	15	16	17	18	66	#
677	10652	12	13	14	15	16	17	18	19	66	#
678	10652	13	14	15	16	17	18	19	20	66	#
679	10652	14	15	16	17	18	19	20	21	66	#
680	10652	15	16	17	18	19	20	21	22	66	#
681	10652	16	17	18	19	20	21	22	23	66	#
682	10652	17	18	19	20	21	22	23	24	66	#
683	2747	0	1	67	#
684	2747	1	2	67	#
685	2747	2	3	67	#
686	2747	3	4	67	#
687	2747	4	5	67	#
688	2747	5	6	67	#
689	2747	6	7	67	#
690	2747	7	8	67	#
691	2747	8	9	67	#
692	2747	9	10	67	#
693	2747	10	11	67	#
694	2747	11	12	67	#
695	2747	12	13	67	#
696	2747	13	14	67	#
697	2747	14	15	67	#
698	1471	15	16	67	#
699	1471	16	17	67	#
700	1471	17	18	67	#
701	1471	18	19	67	#
702	1471	19	20	67	#
703	1471	20	21	67	#
704	1471	21	22	67	#
705	1471	22	23	67	#
706	1471	23	24	67	#
707	1471	24	25	67	#
708	1471	25	26	67	#
709	1471	26	27	67	#
710	1471	27	28	67	#
711	10985	0	1	2	3	4	5	6	7	68	#
712	10985	1	2	3	4	5	6	7	8	68	#
713	10985	2	3	4	5	6	7	8	9	68	#
714	10985	3	4	5	6	7	8	9	10	68	#
715	10985	4	5	6	7	8	9	10	11	68	#
716	10985	5	6	7	8	9	10	11	12	68	#
717	10985	6	7	8	9	10	11	12	13	68	#
718	10985	7	8	9	10	11	12	13	14	68	#
719	10985	8	9	10	11	12	13	14	15	68	#
720	10985	9	10	11	12	13	14	15	16	68	#
721	10339	10	11	12	13	14	15	16	17	68	#
722	7640	0	1	2	3	4	5	6	7	8	69	#
723	7640	1	2	3	4	5	6	7	8	9	69	#
724	7640	2	3	4	5	6	7	8	9	10	69	#
725	7640	3	4	5	6	7	8	9	10	11	69	#
726	7640	4	5	6	7	8	9	10	11	12	69	#
727	7640	5	6	7	8	9	10	11	12	13	69	#
728	7640	6	7	8	9	10	11	12	13	14	69	#
729	7640	7	8	9	10	11	12	13	14	15	69	#
730	4775	8	9	10	11	12	13	14	15	16	69	#
731	4775	9	10	11	12	13	14	15	16	17	69	#
732	4775	10	11	12	13	14	15	16	17	18	69	#
733	4775	11	12	13	14	15	16	17	18	19	69	#
734	4775	12	13	14	15	16	17	18	19	20	69	#
735	4775	13	14	15	16	17	18	19	20	21	69	#
736	4775	14	15	16	17	18	19	20	21	22	69	#
737	4775	15	16	17	18	19	20	21	22	23	69	#
738	4775	16	17	18	19	20	21	22	23	24	69	#
739	4093	17	18	19	20	21	22	23	24	25	69	#
740	4093	18	19	20	21	22	23	24	25	26	69	#
741	4093	19	20	21	22	23	24	25	26	27	69	#
742	4093	20	21	22	23	24	25	26	27	28	69	#
743	3952	21	22	23	24	25	26	27	28	29	69	#
744	2000	0	1	70	#
745	2000	1	2	70	#
746	2000	2	3	70	#
747	2000	3	4	70	#
748	2000	4	5	70	#
749	2000	5	6	70	#
750	2000	6	7	70	#
751	2000	7	8	70	#
752	2000	8	9	70	#
753	2000	9	10	70	#
754	7499	0	1	2	3	71	#
755	7499	1	2	3	4	71	#
756	7499	2	3	4	5	71	#
757	7499	3	4	5	6	71	#
758	7499	4	5	6	7	71	#
759	7499	5	6	7	8	71	#
760	7499	6	7	8	9	71	#
761	7499	7	8	9	10	71	#
762	7499	8	9	10	11	71	#
763	7499	9	10	11	12	71	#
764	7499	10	11	12	13	71	#
765	7499	11	12	13	14	71	#
766	7499	12	13	14	15	71	#
767	7499	13	14	15	16	71	#
768	7499	14	15	16	17	71	#
769	7499	15	16	17	18	71	#
770	7499	16	17	18	19	71	#
771	17928	0	1	2	3	4	5	6	7	72	#
772	17928	1	2	3	4	5	6	7	8	72	#
773	10294	0	1	2	3	4	73	#
774	10294	1	2	3	4	5	73	#
775	10294	2	3	4	5	6	73	#
776	10294	3	4	5	6	7	73	#
777	10294	4	5	6	7	8	73	#
778	10294	5	6	7	8	9	73	#
779	10294	6	7	8	9	10	73	#
780	10294	7	8	9	10	11	73	#
781	11920	0	1	2	3	4	5	6	74	#
782	11920	1	2	3	4	5	6	7	74	#
783	11920	2	3	4	5	6	7	8	74	#
784	11920	3	4	5	6	7	8	9	74	#
785	11920	4	5	6	7	8	9	10	74	#
786	11920	5	6	7	8	9	10	11	74	#
787	11920	6	7	8	9	10	11	12	74	#
788	11920	7	8	9	10	11	12	13	74	#
789	11920	8	9	10	11	12	13	14	74	#
790	11920	9	10	11	12	13	14	15	74	#
791	11920	10	11	12	13	14	15	16	74	#
792	11920	11	12	13	14	15	16	17	74	#
793	11920	12	13	14	15	16	17	18	74	#
794	11920	13	14	15	16	17	18	19	74	#
795	11920	14	15	16	17	18	19	20	74	#
796	11920	15	16	17	18	19	20	21	74	#
797	11920	16	17	18	19	20	21	22	74	#
798	11920	17	18	19	20	21	22	23	74	#
799	11920	18	19	20	21	22	23	24	74	#
800	11920	19	20	21	22	23	24	25	74	#
801	11920	20	21	22	23	24	25	26	74	#
802	11920	21	22	23	24	25	26	27	74	#
803	11920	22	23	24	25	26	27	28	74	#
804	5096	1	2	3	4	5	#
805	6175	0	1	2	3	4	76	#
806	6175	1	2	3	4	5	76	#
807	6175	2	3	4	5	6	76	#
808	6175	3	4	5	6	7	76	#
809	6175	4	5	6	7	8	76	#
810	6175	5	6	7	8	9	76	#
811	6175	6	7	8	9	10	76	#
812	6175	7	8	9	10	11	76	#
813	6175	8	9	10	11	12	76	#
814	6175	9	10	11	12	13	76	#
815	3088	10	11	12	13	14	76	#
816	3088	11	12	13	14	15	76	#
817	3088	12	13	14	15	16	76	#
818	3088	13	14	15	16	17	76	#
819	3088	14	15	16	17	18	76	#
820	3088	15	16	17	18	19	76	#
821	3088	16	17	18	19	20	76	#
822	3088	17	18	19	20	21	76	#
823	3088	18	19	20	21	22	76	#
824	3088	19	20	21	22	23	76	#
825	3088	20	21	22	23	24	76	#
826	3088	21	22	23	24	25	76	#
827	3088	22	23	24	25	26	76	#
828	2768	23	24	25	26	27	76	#
829	7348	0	1	2	3	4	5	6	7	8	77	#
830	7348	1	2	3	4	5	6	7	8	9	77	#
831	7348	2	3	4	5	6	7	8	9	10	77	#
832	7348	3	4	5	6	7	8	9	10	11	77	#
833	7348	4	5	6	7	8	9	10	11	12	77	#
834	7348	5	6	7	8	9	10	11	12	13	77	#
835	7348	6	7	8	9	10	11	12	13	14	77	#
836	7348	7	8	9	10	11	12	13	14	15	77	#
837	7348	8	9	10	11	12	13	14	15	16	77	#
838	7348	9	10	11	12	13	14	15	16	17	77	#
839	15348	0	1	2	3	4	5	6	7	78	#
840	15348	1	2	3	4	5	6	7	8	78	#
841	15348	2	3	4	5	6	7	8	9	78	#
842	15348	3	4	5	6	7	8	9	10	78	#
843	15348	4	5	6	7	8	9	10	11	78	#
844	15348	5	6	7	8	9	10	11	12	78	#
845	15348	6	7	8	9	10	11	12	13	78	#
846	15348	7	8	9	10	11	12	13	14	78	#
847	15348	8	9	10	11	12	13	14	15	78	#
848	15348	9	10	11	12	13	14	15	16	78	#
849	15348	10	11	12	13	14	15	16	17	78	#
850	10872	11	12	13	14	15	16	17	18	78	#
851	10872	12	13	14	15	16	17	18	19	78	#
852	10872	13	14	15	16	17	18	19	20	78	#
853	10872	14	15	16	17	18	19	20	21	78	#
854	10872	15	16	17	18	19	20	21	22	78	#
855	10872	16	17	18	19	20	21	22	23	78	#
856	10872	17	18	19	20	21	22	23	24	78	#
857	9319	18	19	20	21	22	23	24	25	78	#
858	9319	19	20	21	22	23	24	25	26	78	#
859	9319	20	21	22	23	24	25	26	27	78	#
860	9319	21	22	23	24	25	26	27	28	78	#
861	619	0	79	#
862	619	1	79	#
863	619	2	79	#
864	619	3	79	#
865	619	4	79	#
866	619	5	79	#
867	619	6	79	#
868	619	7	79	#
869	619	8	79	#
870	619	9	79	#
871	619	10	79	#
872	619	11	79	#
873	619	12	79	#
874	619	13	79	#
875	619	14	79	#
876	619	15	79	#
877	619	16	79	#
878	619	17	79	#
879	619	18	79	#
880	619	19	79	#
881	619	20	79	#
882	619	21	79	#
883	619	22	79	#
884	619	23	79	#
885	509	24	79	#
886	509	25	79	#
887	509	26	79	#
888	509	27	79	#
889	509	28	79	#
890	11560	0	1	2	3	4	5	6	7	80	#
891	11560	1	2	3	4	5	6	7	8	80	#
892	11560	2	3	4	5	6	7	8	9	80	#
893	11560	3	4	5	6	7	8	9	10	80	#
894	11560	4	5	6	7	8	9	10	11	80	#
895	11560	5	6	7	8	9	10	11	12	80	#
896	8670	6	7	8	9	10	11	12	13	80	#
897	8670	7	8	9	10	11	12	13	14	80	#
898	8670	8	9	10	11	12	13	14	15	80	#
899	8670	9	10	11	12	13	14	15	16	80	#
900	5549	10	11	12	13	14	15	16	17	80	#
901	5549	11	12	13	14	15	16	17	18	80	#
902	5549	12	13	14	15	16	17	18	19	80	#
903	5549	13	14	15	16	17	18	19	20	80	#
904	5549	14	15	16	17	18	19	20	21	80	#
905	5549	15	16	17	18	19	20	21	22	80	#
906	5549	16	17	18	19	20	21	22	23	80	#
907	5549	17	18	19	20	21	22	23	24	80	#
908	5549	18	19	20	21	22	23	24	25	80	#
909	1450	0	81	#
910	1450	1	81	#
911	1450	2	81	#
912	1450	3	81	#
913	1450	4	81	#
914	1450	5	81	#
915	1450	6	81	#
916	1450	7	81	#
917	1450	8	81	#
918	1450	9	81	#
919	1450	10	81	#
920	537	11	81	#
921	537	12	81	#
922	537	13	81	#
923	537	14	81	#
924	537	15	81	#
925	537	16	81	#
926	537	17	81	#
927	537	18	81	#
928	537	19	81	#
929	537	20	81	#
930	537	21	81	#
931	537	22	81	#
932	537	23	81	#
933	537	24	81	#
934	537	25	81	#
935	537	26	81	#
936	537	27	81	#
937	518	28	81	#
938	7781	0	1	2	3	4	5	6	82	#
939	7781	1	2	3	4	5	6	7	82	#
940	7781	2	3	4	5	6	7	8	82	#
941	7781	3	4	5	6	7	8	9	82	#
942	7781	4	5	6	7	8	9	10	82	#
943	7781	5	6	7	8	9	10	11	82	#
944	7781	6	7	8	9	10	11	12	82	#
945	7781	7	8	9	10	11	12	13	82	#
946	7781	8	9	10	11	12	13	14	82	#
947	7781	9	10	11	12	13	14	15	82	#
948	7781	10	11	12	13	14	15	16	82	#
949	7781	11	12	13	14	15	16	17	82	#
950	7781	12	13	14	15	16	17	18	82	#
951	7781	13	14	15	16	17	18	19	82	#
952	19666	0	1	2	3	4	5	6	7	8	83	#
953	17481	1	2	3	4	5	6	7	8	9	83	#
954	4314	0	1	2	84	#
955	4314	1	2	3	84	#
956	4314	2	3	4	84	#
957	4314	3	4	5	84	#
958	4314	4	5	6	84	#
959	4314	5	6	7	84	#
960	4314	6	7	8	84	#
961	4314	7	8	9	84	#
962	4314	8	9	10	84	#
963	4314	9	10	11	84	#
964	4314	10	11	12	84	#
965	4314	11	12	13	84	#
966	4314	12	13	14	84	#
967	3171	0	1	2	85	#
968	3171	1	2	3	85	#
969	3171	2	3	4	85	#
970	3171	3	4	5	85	#
971	3171	4	5	6	85	#
972	3171	5	6	7	85	#
973	3171	6	7	8	85	#
974	2306	7	8	9	85	#
975	2306	8	9	10	85	#
976	2306	9	10	11	85	#
977	6429	0	1	2	3	4	5	6	86	#
978	6429	1	2	3	4	5	6	7	86	#
979	6429	2	3	4	5	6	7	8	86	#
980	6429	3	4	5	6	7	8	9	86	#
981	6429	4	5	6	7	8	9	10	86	#
982	6429	5	6	7	8	9	10	11	86	#
983	6429	6	7	8	9	10	11	12	86	#
984	6429	7	8	9	10	11	12	13	86	#
985	6429	8	9	10	11	12	13	14	86	#
986	6429	9	10	11	12	13	14	15	86	#
987	6429	10	11	12	13	14	15	16	86	#
988	6429	11	12	13	14	15	16	17	86	#
989	6429	12	13	14	15	16	17	18	86	#
990	6429	13	14	15	16	17	18	19	86	#
991	6429	14	15	16	17	18	19	20	86	#
992	6429	15	16	17	18	19	20	21	86	#
993	6429	16	17	18	19	20	21	22	86	#
994	6429	17	18	19	20	21	22	23	86	#
995	6429	18	19	20	21	22	23	24	86	#
996	6429	19	20	21	22	23	24	25	86	#
997	6429	20	21	22	23	24	25	26	86	#
998	6429	21	22	23	24	25	26	27	86	#
999	6429	22	23	24	25	26	27	28	86	#
1000	6207	23	24	25	26	27	28	29	86	#
1001	11140	0	1	2	3	4	5	6	7	87	#
1002	11140	1	2	3	4	5	6	7	8	87	#
1003	11140	2	3	4	5	6	7	8	9	87	#
1004	11140	3	4	5	6	7	8	9	10	87	#
1005	11140	4	5	6	7	8	9	10	11	87	#
1006	11140	5	6	7	8	9	10	11	12	87	#
1007	11140	6	7	8	9	10	11	12	13	87	#
1008	11140	7	8	9	10	11	12	13	14	87	#
1009	11140	8	9	10	11	12	13	14	15	87	#
1010	11140	9	10	11	12	13	14	15	16	87	#
1011	11140	10	11	12	13	14	15	16	17	87	#
1012	11140	11	12	13	14	15	16	17	18	87	#
1013	11140	12	13	14	15	16	17	18	19	87	#
1014	11140	13	14	15	16	17	18	19	20	87	#
1015	11140	14	15	16	17	18	19	20	21	87	#
1016	11140	15	16	17	18	19	20	21	22	87	#
1017	11140	16	17	18	19	20	21	22	23	87	#
1018	11140	17	18	19	20	21	22	23	24	87	#
1019	11140	18	19	20	21	22	23	24	25	87	#
1020	10315	19	20	21	22	23	24	25	26	87	#
1021	10315	20	21	22	23	24	25	26	27	87	#
1022	9613	0	1	2	3	4	5	6	88	#
1023	9613	1	2	3	4	5	6	7	88	#
1024	9613	2	3	4	5	6	7	8	88	#
1025	9613	3	4	5	6	7	8	9	88	#
1026	9613	4	5	6	7	8	9	10	88	#
1027	9613	5	6	7	8	9	10	11	88	#
1028	9613	6	7	8	9	10	11	12	88	#
1029	9613	7	8	9	10	11	12	13	88	#
1030	9613	8	9	10	11	12	13	14	88	#
1031	9613	9	10	11	12	13	14	15	88	#
1032	9613	10	11	12	13	14	15	16	88	#
1033	9613	11	12	13	14	15	16	17	88	#
1034	9613	12	13	14	15	16	17	18	88	#
1035	9613	13	14	15	16	17	18	19	88	#
1036	12831	0	1	2	3	4	5	6	7	8	9	89	#
1037	12831	1	2	3	4	5	6	7	8	9	10	89	#
1038	6110	2	3	4	5	6	7	8	9	10	11	89	#
1039	6110	3	4	5	6	7	8	9	10	11	12	89	#
1040	6110	4	5	6	7	8	9	10	11	12	13	89	#
1041	6110	5	6	7	8	9	10	11	12	13	14	89	#
1042	6110	6	7	8	9	10	11	12	13	14	15	89	#
1043	6110	7	8	9	10	11	12	13	14	15	16	89	#
1044	6110	8	9	10	11	12	13	14	15	16	17	89	#
1045	6110	9	10	11	12	13	14	15	16	17	18	89	#
1046	6110	10	11	12	13	14	15	16	17	18	19	89	#
1047	6110	11	12	13	14	15	16	17	18	19	20	89	#
1048	6110	12	13	14	15	16	17	18	19	20	21	89	#
1049	2069	0	1	90	#
1050	2069	1	2	90	#
1051	2069	2	3	90	#
1052	2069	3	4	90	#
1053	2069	4	5	90	#
1054	2069	5	6	90	#
1055	2069	6	7	90	#
1056	2069	7	8	90	#
1057	2069	8	9	90	#
1058	2069	9	10	90	#
1059	2069	10	11	90	#
1060	2069	11	12	90	#
1061	2069	12	13	90	#
1062	2069	13	14	90	#
1063	2069	14	15	90	#
1064	1940	15	16	90	#
1065	1070	16	17	90	#
1066	1070	17	18	90	#
1067	1070	18	19	90	#
1068	1070	19	20	90	#
1069	1070	20	21	90	#
1070	1070	21	22	90	#
1071	1070	22	23	90	#
1072	1070	23	24	90	#
1073	1070	24	25	90	#
1074	1070	25	26	90	#
1075	1070	26	27	90	#
1076	1070	27	28	90	#
1077	1070	28	29	90	#
1078	14505	0	1	2	3	4	5	6	7	91	#
1079	14505	1	2	3	4	5	6	7	8	91	#
1080	14505	2	3	4	5	6	7	8	9	91	#
1081	14505	3	4	5	6	7	8	9	10	91	#
1082	14505	4	5	6	7	8	9	10	11	91	#
1083	14505	5	6	7	8	9	10	11	12	91	#
1084	14505	6	7	8	9	10	11	12	13	91	#
1085	14505	7	8	9	10	11	12	13	14	91	#
1086	14505	8	9	10	11	12	13	14	15	91	#
1087	12798	9	10	11	12	13	14	15	16	91	#
1088	12798	10	11	12	13	14	15	16	17	91	#
1089	8368	11	12	13	14	15	16	17	18	91	#
1090	8368	12	13	14	15	16	17	18	19	91	#
1091	8368	13	14	15	16	17	18	19	20	91	#
1092	8368	14	15	16	17	18	19	20	21	91	#
1093	8368	15	16	17	18	19	20	21	22	91	#
1094	8368	16	17	18	19	20	21	22	23	91	#
1095	8368	17	18	19	20	21	22	23	24	91	#
1096	8368	18	19	20	21	22	23	24	25	91	#
1097	8368	19	20	21	22	23	24	25	26	91	#
1098	7503	20	21	22	23	24	25	26	27	91	#
1099	7503	21	22	23	24	25	26	27	28	91	#
1100	7503	22	23	24	25	26	27	28	29	91	#
1101	8448	0	1	2	3	4	92	#
1102	8448	1	2	3	4	5	92	#
1103	8448	2	3	4	5	6	92	#
1104	8448	3	4	5	6	7	92	#
1105	8448	4	5	6	7	8	92	#
1106	8448	5	6	7	8	9	92	#
1107	8448	6	7	8	9	10	92	#
1108	8448	7	8	9	10	11	92	#
1109	8448	8	9	10	11	12	92	#
1110	8448	9	10	11	12	13	92	#
1111	8448	10	11	12	13	14	92	#
1112	8448	11	12	13	14	15	92	#
1113	8448	12	13	14	15	16	92	#
1114	8448	13	14	15	16	17	92	#
1115	8448	14	15	16	17	18	92	#
1116	5632	15	16	17	18	19	92	#
1117	5632	16	17	18	19	20	92	#
1118	5632	17	18	19	20	21	92	#
1119	5632	18	19	20	21	22	92	#
1120	5632	19	20	21	22	23	92	#
1121	5632	20	21	22	23	24	92	#
1122	5632	21	22	23	24	25	92	#
1123	5632	22	23	24	25	26	92	#
1124	5632	23	24	25	26	27	92	#
1125	5431	24	25	26	27	28	92	#
1126	5244	25	26	27	28	29	92	#
1127	3275	0	1	2	93	#
1128	3275	1	2	3	93	#
1129	3275	2	3	4	93	#
1130	3275	3	4	5	93	#
1131	3275	4	5	6	93	#
1132	3275	5	6	7	93	#
1133	3275	6	7	8	93	#
1134	3275	7	8	9	93	#
1135	3275	8	9	10	93	#
1136	3275	9	10	11	93	#
1137	3275	10	11	12	93	#
1138	3275	11	12	13	93	#
1139	3275	12	13	14	93	#
1140	3275	13	14	15	93	#
1141	3275	14	15	16	93	#
1142	3275	15	16	17	93	#
1143	3275	16	17	18	93	#
1144	3275	17	18	19	93	#
1145	3275	18	19	20	93	#
1146	3275	19	20	21	93	#
1147	3275	20	21	22	93	#
1148	3275	21	22	23	93	#
1149	3275	22	23	24	93	#
1150	3275	23	24	25	93	#
1151	3275	24	25	26	93	#
1152	3275	25	26	27	93	#
1153	3158	26	27	28	93	#
1154	3049	27	28	29	93	#
1155	2818	0	1	94	#
1156	2818	1	2	94	#
1157	2818	2	3	94	#
1158	2818	3	4	94	#
1159	2818	4	5	94	#
1160	2818	5	6	94	#
1161	2818	6	7	94	#
1162	2818	7	8	94	#
1163	2818	8	9	94	#
1164	2818	9	10	94	#
1165	2818	10	11	94	#
1166	2818	11	12	94	#
1167	2818	12	13	94	#
1168	2818	13	14	94	#
1169	2818	14	15	94	#
1170	2818	15	16	94	#
1171	2818	16	17	94	#
1172	2818	17	18	94	#
1173	2818	18	19	94	#
1174	2818	19	20	94	#
1175	2818	20	21	94	#
1176	2818	21	22	94	#
1177	2818	22	23	94	#
1178	2818	23	24	94	#
1179	2818	24	25	94	#
1180	2818	25	26	94	#
1181	2818	26	27	94	#
1182	2818	27	28	94	#
1183	2721	28	29	94	#
1184	537	0	95	#
1185	537	1	95	#
1186	537	2	95	#
1187	537	3	95	#
1188	537	4	95	#
1189	537	5	95	#
1190	537	6	95	#
1191	537	7	95	#
1192	537	8	95	#
1193	537	9	95	#
1194	537	10	95	#
1195	537	11	95	#
1196	537	12	95	#
1197	537	13	95	#
1198	537	14	95	#
1199	537	15	95	#
1200	537	16	95	#
1201	537	17	95	#
1202	537	18	95	#
1203	537	19	95	#
1204	537	20	95	#
1205	511	21	95	#
1206	429	22	95	#
1207	429	23	95	#
1208	429	24	95	#
1209	429	25	95	#
