%% File generated by CATS v.2.1Mon Aug 19 20:46:01 2019

%% The CATS webpage is http://robotics.stanford.edu/CATS

%% PARAMETER SETTINGS:
% Goods: 45; Bids: 450; Distribution: scheduling; Runs: 10; Seed: 1566267622
% Scheduling Distribution Parameters:
% max_length                = 10
% deviation                 = 0.500000
% prob_additional_deadline  = 0.700000
% additivity                = 0.200000



goods 45
bids 477
dummy 14

0	771	0	45	#
1	771	1	45	#
2	771	2	45	#
3	771	3	45	#
4	771	4	45	#
5	771	5	45	#
6	771	6	45	#
7	771	7	45	#
8	771	8	45	#
9	771	9	45	#
10	771	10	45	#
11	771	11	45	#
12	771	12	45	#
13	771	13	45	#
14	771	14	45	#
15	771	15	45	#
16	771	16	45	#
17	771	17	45	#
18	771	18	45	#
19	771	19	45	#
20	771	20	45	#
21	771	21	45	#
22	771	22	45	#
23	771	23	45	#
24	771	24	45	#
25	771	25	45	#
26	771	26	45	#
27	771	27	45	#
28	771	28	45	#
29	771	29	45	#
30	771	30	45	#
31	771	31	45	#
32	10077	0	1	2	3	4	5	6	7	8	46	#
33	10077	1	2	3	4	5	6	7	8	9	46	#
34	10077	2	3	4	5	6	7	8	9	10	46	#
35	10077	3	4	5	6	7	8	9	10	11	46	#
36	10077	4	5	6	7	8	9	10	11	12	46	#
37	10077	5	6	7	8	9	10	11	12	13	46	#
38	10077	6	7	8	9	10	11	12	13	14	46	#
39	10077	7	8	9	10	11	12	13	14	15	46	#
40	10077	8	9	10	11	12	13	14	15	16	46	#
41	10077	9	10	11	12	13	14	15	16	17	46	#
42	10077	10	11	12	13	14	15	16	17	18	46	#
43	10077	11	12	13	14	15	16	17	18	19	46	#
44	10077	12	13	14	15	16	17	18	19	20	46	#
45	10077	13	14	15	16	17	18	19	20	21	46	#
46	16565	0	1	2	3	4	5	6	7	8	9	47	#
47	16565	1	2	3	4	5	6	7	8	9	10	47	#
48	16565	2	3	4	5	6	7	8	9	10	11	47	#
49	16565	3	4	5	6	7	8	9	10	11	12	47	#
50	16565	4	5	6	7	8	9	10	11	12	13	47	#
51	16565	5	6	7	8	9	10	11	12	13	14	47	#
52	16565	6	7	8	9	10	11	12	13	14	15	47	#
53	16565	7	8	9	10	11	12	13	14	15	16	47	#
54	16565	8	9	10	11	12	13	14	15	16	17	47	#
55	16565	9	10	11	12	13	14	15	16	17	18	47	#
56	16565	10	11	12	13	14	15	16	17	18	19	47	#
57	16565	11	12	13	14	15	16	17	18	19	20	47	#
58	16565	12	13	14	15	16	17	18	19	20	21	47	#
59	16565	13	14	15	16	17	18	19	20	21	22	47	#
60	16565	14	15	16	17	18	19	20	21	22	23	47	#
61	16565	15	16	17	18	19	20	21	22	23	24	47	#
62	16565	16	17	18	19	20	21	22	23	24	25	47	#
63	16565	17	18	19	20	21	22	23	24	25	26	47	#
64	16565	18	19	20	21	22	23	24	25	26	27	47	#
65	16565	19	20	21	22	23	24	25	26	27	28	47	#
66	16565	20	21	22	23	24	25	26	27	28	29	47	#
67	16565	21	22	23	24	25	26	27	28	29	30	47	#
68	16565	22	23	24	25	26	27	28	29	30	31	47	#
69	16565	23	24	25	26	27	28	29	30	31	32	47	#
70	16565	24	25	26	27	28	29	30	31	32	33	47	#
71	16565	25	26	27	28	29	30	31	32	33	34	47	#
72	16565	26	27	28	29	30	31	32	33	34	35	47	#
73	16565	27	28	29	30	31	32	33	34	35	36	47	#
74	16565	28	29	30	31	32	33	34	35	36	37	47	#
75	16565	29	30	31	32	33	34	35	36	37	38	47	#
76	16565	30	31	32	33	34	35	36	37	38	39	47	#
77	16565	31	32	33	34	35	36	37	38	39	40	47	#
78	16565	32	33	34	35	36	37	38	39	40	41	47	#
79	16565	33	34	35	36	37	38	39	40	41	42	47	#
80	16180	34	35	36	37	38	39	40	41	42	43	47	#
81	15812	35	36	37	38	39	40	41	42	43	44	47	#
82	8461	0	1	2	3	4	5	6	48	#
83	8461	1	2	3	4	5	6	7	48	#
84	8461	2	3	4	5	6	7	8	48	#
85	8461	3	4	5	6	7	8	9	48	#
86	8461	4	5	6	7	8	9	10	48	#
87	8461	5	6	7	8	9	10	11	48	#
88	8461	6	7	8	9	10	11	12	48	#
89	8461	7	8	9	10	11	12	13	48	#
90	8461	8	9	10	11	12	13	14	48	#
91	8461	9	10	11	12	13	14	15	48	#
92	8461	10	11	12	13	14	15	16	48	#
93	8461	11	12	13	14	15	16	17	48	#
94	8461	12	13	14	15	16	17	18	48	#
95	8461	13	14	15	16	17	18	19	48	#
96	8461	14	15	16	17	18	19	20	48	#
97	8461	15	16	17	18	19	20	21	48	#
98	8461	16	17	18	19	20	21	22	48	#
99	8461	17	18	19	20	21	22	23	48	#
100	8461	18	19	20	21	22	23	24	48	#
101	8123	19	20	21	22	23	24	25	48	#
102	4615	20	21	22	23	24	25	26	48	#
103	4615	21	22	23	24	25	26	27	48	#
104	4615	22	23	24	25	26	27	28	48	#
105	4615	23	24	25	26	27	28	29	48	#
106	4615	24	25	26	27	28	29	30	48	#
107	4615	25	26	27	28	29	30	31	48	#
108	4615	26	27	28	29	30	31	32	48	#
109	4615	27	28	29	30	31	32	33	48	#
110	4615	28	29	30	31	32	33	34	48	#
111	4615	29	30	31	32	33	34	35	48	#
112	4615	30	31	32	33	34	35	36	48	#
113	4615	31	32	33	34	35	36	37	48	#
114	4615	32	33	34	35	36	37	38	48	#
115	4615	33	34	35	36	37	38	39	48	#
116	4615	34	35	36	37	38	39	40	48	#
117	4615	35	36	37	38	39	40	41	48	#
118	4615	36	37	38	39	40	41	42	48	#
119	4615	37	38	39	40	41	42	43	48	#
120	4615	38	39	40	41	42	43	44	48	#
121	2011	0	1	49	#
122	2011	1	2	49	#
123	2011	2	3	49	#
124	2011	3	4	49	#
125	2011	4	5	49	#
126	2011	5	6	49	#
127	2011	6	7	49	#
128	2011	7	8	49	#
129	2011	8	9	49	#
130	2011	9	10	49	#
131	2011	10	11	49	#
132	2011	11	12	49	#
133	2011	12	13	49	#
134	2011	13	14	49	#
135	2011	14	15	49	#
136	2011	15	16	49	#
137	2011	16	17	49	#
138	2011	17	18	49	#
139	2011	18	19	49	#
140	2011	19	20	49	#
141	2011	20	21	49	#
142	2011	21	22	49	#
143	2011	22	23	49	#
144	2011	23	24	49	#
145	2011	24	25	49	#
146	2011	25	26	49	#
147	2011	26	27	49	#
148	2011	27	28	49	#
149	2011	28	29	49	#
150	2011	29	30	49	#
151	2011	30	31	49	#
152	2011	31	32	49	#
153	2011	32	33	49	#
154	2011	33	34	49	#
155	2011	34	35	49	#
156	2011	35	36	49	#
157	2011	36	37	49	#
158	2011	37	38	49	#
159	2011	38	39	49	#
160	2011	39	40	49	#
161	1675	0	1	50	#
162	1675	1	2	50	#
163	1675	2	3	50	#
164	1675	3	4	50	#
165	1675	4	5	50	#
166	1675	5	6	50	#
167	1675	6	7	50	#
168	1675	7	8	50	#
169	1675	8	9	50	#
170	1675	9	10	50	#
171	1675	10	11	50	#
172	1675	11	12	50	#
173	1675	12	13	50	#
174	908	13	14	50	#
175	908	14	15	50	#
176	908	15	16	50	#
177	908	16	17	50	#
178	908	17	18	50	#
179	908	18	19	50	#
180	908	19	20	50	#
181	908	20	21	50	#
182	908	21	22	50	#
183	908	22	23	50	#
184	908	23	24	50	#
185	1385	0	51	#
186	1385	1	51	#
187	1385	2	51	#
188	1385	3	51	#
189	1385	4	51	#
190	1385	5	51	#
191	1385	6	51	#
192	1385	7	51	#
193	1385	8	51	#
194	1385	9	51	#
195	1385	10	51	#
196	1385	11	51	#
197	1385	12	51	#
198	1385	13	51	#
199	1385	14	51	#
200	1385	15	51	#
201	1385	16	51	#
202	1385	17	51	#
203	1385	18	51	#
204	1385	19	51	#
205	1385	20	51	#
206	1385	21	51	#
207	1385	22	51	#
208	1385	23	51	#
209	1385	24	51	#
210	1385	25	51	#
211	1385	26	51	#
212	1385	27	51	#
213	869	28	51	#
214	869	29	51	#
215	869	30	51	#
216	869	31	51	#
217	869	32	51	#
218	869	33	51	#
219	869	34	51	#
220	869	35	51	#
221	869	36	51	#
222	869	37	51	#
223	869	38	51	#
224	869	39	51	#
225	869	40	51	#
226	869	41	51	#
227	869	42	51	#
228	869	43	51	#
229	19860	0	1	2	3	4	5	6	7	8	52	#
230	19860	1	2	3	4	5	6	7	8	9	52	#
231	19860	2	3	4	5	6	7	8	9	10	52	#
232	19860	3	4	5	6	7	8	9	10	11	52	#
233	19860	4	5	6	7	8	9	10	11	12	52	#
234	9166	5	6	7	8	9	10	11	12	13	52	#
235	9166	6	7	8	9	10	11	12	13	14	52	#
236	9166	7	8	9	10	11	12	13	14	15	52	#
237	9166	8	9	10	11	12	13	14	15	16	52	#
238	9166	9	10	11	12	13	14	15	16	17	52	#
239	9166	10	11	12	13	14	15	16	17	18	52	#
240	9166	11	12	13	14	15	16	17	18	19	52	#
241	9166	12	13	14	15	16	17	18	19	20	52	#
242	9166	13	14	15	16	17	18	19	20	21	52	#
243	9166	14	15	16	17	18	19	20	21	22	52	#
244	9166	15	16	17	18	19	20	21	22	23	52	#
245	9166	16	17	18	19	20	21	22	23	24	52	#
246	9166	17	18	19	20	21	22	23	24	25	52	#
247	9166	18	19	20	21	22	23	24	25	26	52	#
248	2922	0	1	2	53	#
249	2922	1	2	3	53	#
250	2922	2	3	4	53	#
251	2922	3	4	5	53	#
252	2922	4	5	6	53	#
253	2922	5	6	7	53	#
254	2922	6	7	8	53	#
255	2922	7	8	9	53	#
256	2922	8	9	10	53	#
257	2922	9	10	11	53	#
258	2922	10	11	12	53	#
259	2922	11	12	13	53	#
260	2922	12	13	14	53	#
261	2922	13	14	15	53	#
262	2922	14	15	16	53	#
263	2922	15	16	17	53	#
264	2922	16	17	18	53	#
265	2922	17	18	19	53	#
266	2922	18	19	20	53	#
267	2922	19	20	21	53	#
268	1497	20	21	22	53	#
269	1497	21	22	23	53	#
270	1497	22	23	24	53	#
271	1497	23	24	25	53	#
272	1497	24	25	26	53	#
273	1497	25	26	27	53	#
274	1497	26	27	28	53	#
275	1497	27	28	29	53	#
276	1497	28	29	30	53	#
277	1497	29	30	31	53	#
278	1497	30	31	32	53	#
279	1497	31	32	33	53	#
280	1497	32	33	34	53	#
281	1497	33	34	35	53	#
282	1497	34	35	36	53	#
283	1497	35	36	37	53	#
284	1497	36	37	38	53	#
285	1497	37	38	39	53	#
286	1497	38	39	40	53	#
287	1497	39	40	41	53	#
288	9771	0	1	2	3	4	5	6	7	8	9	54	#
289	9771	1	2	3	4	5	6	7	8	9	10	54	#
290	9771	2	3	4	5	6	7	8	9	10	11	54	#
291	9771	3	4	5	6	7	8	9	10	11	12	54	#
292	9771	4	5	6	7	8	9	10	11	12	13	54	#
293	9771	5	6	7	8	9	10	11	12	13	14	54	#
294	9771	6	7	8	9	10	11	12	13	14	15	54	#
295	9771	7	8	9	10	11	12	13	14	15	16	54	#
296	9771	8	9	10	11	12	13	14	15	16	17	54	#
297	9771	9	10	11	12	13	14	15	16	17	18	54	#
298	9771	10	11	12	13	14	15	16	17	18	19	54	#
299	4886	11	12	13	14	15	16	17	18	19	20	54	#
300	4886	12	13	14	15	16	17	18	19	20	21	54	#
301	4886	13	14	15	16	17	18	19	20	21	22	54	#
302	4886	14	15	16	17	18	19	20	21	22	23	54	#
303	4886	15	16	17	18	19	20	21	22	23	24	54	#
304	4886	16	17	18	19	20	21	22	23	24	25	54	#
305	4886	17	18	19	20	21	22	23	24	25	26	54	#
306	4886	18	19	20	21	22	23	24	25	26	27	54	#
307	4886	19	20	21	22	23	24	25	26	27	28	54	#
308	4886	20	21	22	23	24	25	26	27	28	29	54	#
309	4886	21	22	23	24	25	26	27	28	29	30	54	#
310	4886	22	23	24	25	26	27	28	29	30	31	54	#
311	4886	23	24	25	26	27	28	29	30	31	32	54	#
312	4886	24	25	26	27	28	29	30	31	32	33	54	#
313	4886	25	26	27	28	29	30	31	32	33	34	54	#
314	4886	26	27	28	29	30	31	32	33	34	35	54	#
315	4886	27	28	29	30	31	32	33	34	35	36	54	#
316	4886	28	29	30	31	32	33	34	35	36	37	54	#
317	4886	29	30	31	32	33	34	35	36	37	38	54	#
318	9176	0	1	2	3	4	5	6	7	55	#
319	9176	1	2	3	4	5	6	7	8	55	#
320	9176	2	3	4	5	6	7	8	9	55	#
321	9176	3	4	5	6	7	8	9	10	55	#
322	9176	4	5	6	7	8	9	10	11	55	#
323	9176	5	6	7	8	9	10	11	12	55	#
324	9176	6	7	8	9	10	11	12	13	55	#
325	9176	7	8	9	10	11	12	13	14	55	#
326	9176	8	9	10	11	12	13	14	15	55	#
327	9176	9	10	11	12	13	14	15	16	55	#
328	9176	10	11	12	13	14	15	16	17	55	#
329	9176	11	12	13	14	15	16	17	18	55	#
330	9176	12	13	14	15	16	17	18	19	55	#
331	9176	13	14	15	16	17	18	19	20	55	#
332	9176	14	15	16	17	18	19	20	21	55	#
333	9176	15	16	17	18	19	20	21	22	55	#
334	9176	16	17	18	19	20	21	22	23	55	#
335	9176	17	18	19	20	21	22	23	24	55	#
336	9176	18	19	20	21	22	23	24	25	55	#
337	9176	19	20	21	22	23	24	25	26	55	#
338	9176	20	21	22	23	24	25	26	27	55	#
339	9176	21	22	23	24	25	26	27	28	55	#
340	9176	22	23	24	25	26	27	28	29	55	#
341	9176	23	24	25	26	27	28	29	30	55	#
342	9176	24	25	26	27	28	29	30	31	55	#
343	9176	25	26	27	28	29	30	31	32	55	#
344	9176	26	27	28	29	30	31	32	33	55	#
345	9176	27	28	29	30	31	32	33	34	55	#
346	9176	28	29	30	31	32	33	34	35	55	#
347	9176	29	30	31	32	33	34	35	36	55	#
348	9176	30	31	32	33	34	35	36	37	55	#
349	9176	31	32	33	34	35	36	37	38	55	#
350	9176	32	33	34	35	36	37	38	39	55	#
351	9176	33	34	35	36	37	38	39	40	55	#
352	9176	34	35	36	37	38	39	40	41	55	#
353	9176	35	36	37	38	39	40	41	42	55	#
354	9176	36	37	38	39	40	41	42	43	55	#
355	8967	37	38	39	40	41	42	43	44	55	#
356	9541	0	1	2	3	4	5	6	56	#
357	9541	1	2	3	4	5	6	7	56	#
358	9541	2	3	4	5	6	7	8	56	#
359	9541	3	4	5	6	7	8	9	56	#
360	9541	4	5	6	7	8	9	10	56	#
361	9541	5	6	7	8	9	10	11	56	#
362	9541	6	7	8	9	10	11	12	56	#
363	9541	7	8	9	10	11	12	13	56	#
364	9541	8	9	10	11	12	13	14	56	#
365	9541	9	10	11	12	13	14	15	56	#
366	9541	10	11	12	13	14	15	16	56	#
367	9541	11	12	13	14	15	16	17	56	#
368	9541	12	13	14	15	16	17	18	56	#
369	9541	13	14	15	16	17	18	19	56	#
370	9541	14	15	16	17	18	19	20	56	#
371	9541	15	16	17	18	19	20	21	56	#
372	9541	16	17	18	19	20	21	22	56	#
373	9541	17	18	19	20	21	22	23	56	#
374	9541	18	19	20	21	22	23	24	56	#
375	9541	19	20	21	22	23	24	25	56	#
376	9174	20	21	22	23	24	25	26	56	#
377	5963	21	22	23	24	25	26	27	56	#
378	5963	22	23	24	25	26	27	28	56	#
379	5963	23	24	25	26	27	28	29	56	#
380	5963	24	25	26	27	28	29	30	56	#
381	5963	25	26	27	28	29	30	31	56	#
382	5963	26	27	28	29	30	31	32	56	#
383	5963	27	28	29	30	31	32	33	56	#
384	5963	28	29	30	31	32	33	34	56	#
385	5963	29	30	31	32	33	34	35	56	#
386	5963	30	31	32	33	34	35	36	56	#
387	5963	31	32	33	34	35	36	37	56	#
388	5963	32	33	34	35	36	37	38	56	#
389	5963	33	34	35	36	37	38	39	56	#
390	5963	34	35	36	37	38	39	40	56	#
391	5547	35	36	37	38	39	40	41	56	#
392	5547	36	37	38	39	40	41	42	56	#
393	5547	37	38	39	40	41	42	43	56	#
394	5421	38	39	40	41	42	43	44	56	#
395	714	0	57	#
396	714	1	57	#
397	714	2	57	#
398	714	3	57	#
399	714	4	57	#
400	714	5	57	#
401	714	6	57	#
402	714	7	57	#
403	714	8	57	#
404	714	9	57	#
405	714	10	57	#
406	714	11	57	#
407	393	12	57	#
408	393	13	57	#
409	393	14	57	#
410	393	15	57	#
411	393	16	57	#
412	393	17	57	#
413	393	18	57	#
414	393	19	57	#
415	393	20	57	#
416	192	21	57	#
417	192	22	57	#
418	192	23	57	#
419	192	24	57	#
420	192	25	57	#
421	192	26	57	#
422	192	27	57	#
423	192	28	57	#
424	192	29	57	#
425	192	30	57	#
426	192	31	57	#
427	192	32	57	#
428	192	33	57	#
429	192	34	57	#
430	192	35	57	#
431	192	36	57	#
432	192	37	57	#
433	192	38	57	#
434	192	39	57	#
435	192	40	57	#
436	192	41	57	#
437	179	42	57	#
438	179	43	57	#
439	179	44	57	#
440	10093	0	1	2	3	4	5	6	7	8	58	#
441	10093	1	2	3	4	5	6	7	8	9	58	#
442	10093	2	3	4	5	6	7	8	9	10	58	#
443	10093	3	4	5	6	7	8	9	10	11	58	#
444	10093	4	5	6	7	8	9	10	11	12	58	#
445	10093	5	6	7	8	9	10	11	12	13	58	#
446	10093	6	7	8	9	10	11	12	13	14	58	#
447	10093	7	8	9	10	11	12	13	14	15	58	#
448	10093	8	9	10	11	12	13	14	15	16	58	#
449	3939	9	10	11	12	13	14	15	16	17	58	#
450	3939	10	11	12	13	14	15	16	17	18	58	#
451	3939	11	12	13	14	15	16	17	18	19	58	#
452	3939	12	13	14	15	16	17	18	19	20	58	#
453	3939	13	14	15	16	17	18	19	20	21	58	#
454	3939	14	15	16	17	18	19	20	21	22	58	#
455	3939	15	16	17	18	19	20	21	22	23	58	#
456	3939	16	17	18	19	20	21	22	23	24	58	#
457	3939	17	18	19	20	21	22	23	24	25	58	#
458	3939	18	19	20	21	22	23	24	25	26	58	#
459	3939	19	20	21	22	23	24	25	26	27	58	#
460	3939	20	21	22	23	24	25	26	27	28	58	#
461	3939	21	22	23	24	25	26	27	28	29	58	#
462	3939	22	23	24	25	26	27	28	29	30	58	#
463	3939	23	24	25	26	27	28	29	30	31	58	#
464	3939	24	25	26	27	28	29	30	31	32	58	#
465	3939	25	26	27	28	29	30	31	32	33	58	#
466	3939	26	27	28	29	30	31	32	33	34	58	#
467	3939	27	28	29	30	31	32	33	34	35	58	#
468	3939	28	29	30	31	32	33	34	35	36	58	#
469	3939	29	30	31	32	33	34	35	36	37	58	#
470	3939	30	31	32	33	34	35	36	37	38	58	#
471	3939	31	32	33	34	35	36	37	38	39	58	#
472	3939	32	33	34	35	36	37	38	39	40	58	#
473	3939	33	34	35	36	37	38	39	40	41	58	#
474	3845	34	35	36	37	38	39	40	41	42	58	#
475	3670	35	36	37	38	39	40	41	42	43	58	#
476	3670	36	37	38	39	40	41	42	43	44	58	#
