%% File generated by CATS v.2.1Mon Aug 19 20:46:14 2019

%% The CATS webpage is http://robotics.stanford.edu/CATS

%% PARAMETER SETTINGS:
% Goods: 55; Bids: 1100; Distribution: scheduling; Runs: 10; Seed: 1566267670
% Scheduling Distribution Parameters:
% max_length                = 10
% deviation                 = 0.500000
% prob_additional_deadline  = 0.700000
% additivity                = 0.200000



goods 55
bids 1119
dummy 30

0	10844	0	1	2	3	4	5	55	#
1	10844	1	2	3	4	5	6	55	#
2	10844	2	3	4	5	6	7	55	#
3	10844	3	4	5	6	7	8	55	#
4	10844	4	5	6	7	8	9	55	#
5	10844	5	6	7	8	9	10	55	#
6	2522	6	7	8	9	10	11	55	#
7	2522	7	8	9	10	11	12	55	#
8	2522	8	9	10	11	12	13	55	#
9	2522	9	10	11	12	13	14	55	#
10	2522	10	11	12	13	14	15	55	#
11	2522	11	12	13	14	15	16	55	#
12	2522	12	13	14	15	16	17	55	#
13	2522	13	14	15	16	17	18	55	#
14	2522	14	15	16	17	18	19	55	#
15	2522	15	16	17	18	19	20	55	#
16	2522	16	17	18	19	20	21	55	#
17	2522	17	18	19	20	21	22	55	#
18	2522	18	19	20	21	22	23	55	#
19	2522	19	20	21	22	23	24	55	#
20	2522	20	21	22	23	24	25	55	#
21	2522	21	22	23	24	25	26	55	#
22	2522	22	23	24	25	26	27	55	#
23	2522	23	24	25	26	27	28	55	#
24	2522	24	25	26	27	28	29	55	#
25	2522	25	26	27	28	29	30	55	#
26	2522	26	27	28	29	30	31	55	#
27	2522	27	28	29	30	31	32	55	#
28	2522	28	29	30	31	32	33	55	#
29	2522	29	30	31	32	33	34	55	#
30	2522	30	31	32	33	34	35	55	#
31	2522	31	32	33	34	35	36	55	#
32	2522	32	33	34	35	36	37	55	#
33	2522	33	34	35	36	37	38	55	#
34	2522	34	35	36	37	38	39	55	#
35	2522	35	36	37	38	39	40	55	#
36	2522	36	37	38	39	40	41	55	#
37	2522	37	38	39	40	41	42	55	#
38	2522	38	39	40	41	42	43	55	#
39	2259	39	40	41	42	43	44	55	#
40	2259	40	41	42	43	44	45	55	#
41	2259	41	42	43	44	45	46	55	#
42	2259	42	43	44	45	46	47	55	#
43	2259	43	44	45	46	47	48	55	#
44	6561	0	1	2	3	56	#
45	6561	1	2	3	4	56	#
46	6561	2	3	4	5	56	#
47	6561	3	4	5	6	56	#
48	6561	4	5	6	7	56	#
49	6561	5	6	7	8	56	#
50	6561	6	7	8	9	56	#
51	6561	7	8	9	10	56	#
52	6561	8	9	10	11	56	#
53	6561	9	10	11	12	56	#
54	6561	10	11	12	13	56	#
55	6561	11	12	13	14	56	#
56	6561	12	13	14	15	56	#
57	6561	13	14	15	16	56	#
58	6561	14	15	16	17	56	#
59	6561	15	16	17	18	56	#
60	6561	16	17	18	19	56	#
61	6561	17	18	19	20	56	#
62	6561	18	19	20	21	56	#
63	6561	19	20	21	22	56	#
64	6561	20	21	22	23	56	#
65	6561	21	22	23	24	56	#
66	6561	22	23	24	25	56	#
67	6561	23	24	25	26	56	#
68	6561	24	25	26	27	56	#
69	6561	25	26	27	28	56	#
70	6561	26	27	28	29	56	#
71	6561	27	28	29	30	56	#
72	6561	28	29	30	31	56	#
73	6561	29	30	31	32	56	#
74	6561	30	31	32	33	56	#
75	6561	31	32	33	34	56	#
76	6561	32	33	34	35	56	#
77	6561	33	34	35	36	56	#
78	6561	34	35	36	37	56	#
79	6561	35	36	37	38	56	#
80	6561	36	37	38	39	56	#
81	6561	37	38	39	40	56	#
82	6561	38	39	40	41	56	#
83	6561	39	40	41	42	56	#
84	6561	40	41	42	43	56	#
85	6561	41	42	43	44	56	#
86	6561	42	43	44	45	56	#
87	6561	43	44	45	46	56	#
88	6561	44	45	46	47	56	#
89	6561	45	46	47	48	56	#
90	6561	46	47	48	49	56	#
91	6561	47	48	49	50	56	#
92	22548	0	1	2	3	4	5	6	7	8	9	57	#
93	22548	1	2	3	4	5	6	7	8	9	10	57	#
94	22548	2	3	4	5	6	7	8	9	10	11	57	#
95	22548	3	4	5	6	7	8	9	10	11	12	57	#
96	22548	4	5	6	7	8	9	10	11	12	13	57	#
97	22548	5	6	7	8	9	10	11	12	13	14	57	#
98	2660	47	48	49	50	51	52	53	54	79	#
99	6209	1	2	3	4	5	6	7	58	#
100	6209	2	3	4	5	6	7	8	58	#
101	6209	3	4	5	6	7	8	9	58	#
102	6209	4	5	6	7	8	9	10	58	#
103	6209	5	6	7	8	9	10	11	58	#
104	6209	6	7	8	9	10	11	12	58	#
105	6209	7	8	9	10	11	12	13	58	#
106	2883	8	9	10	11	12	13	14	58	#
107	2883	9	10	11	12	13	14	15	58	#
108	2883	10	11	12	13	14	15	16	58	#
109	2883	11	12	13	14	15	16	17	58	#
110	2883	12	13	14	15	16	17	18	58	#
111	2883	13	14	15	16	17	18	19	58	#
112	2883	14	15	16	17	18	19	20	58	#
113	2883	15	16	17	18	19	20	21	58	#
114	2883	16	17	18	19	20	21	22	58	#
115	2883	17	18	19	20	21	22	23	58	#
116	2883	18	19	20	21	22	23	24	58	#
117	2883	19	20	21	22	23	24	25	58	#
118	2883	20	21	22	23	24	25	26	58	#
119	2883	21	22	23	24	25	26	27	58	#
120	2883	22	23	24	25	26	27	28	58	#
121	3318	0	1	59	#
122	3318	1	2	59	#
123	3318	2	3	59	#
124	3318	3	4	59	#
125	250	4	5	59	#
126	250	5	6	59	#
127	250	6	7	59	#
128	250	7	8	59	#
129	250	8	9	59	#
130	250	9	10	59	#
131	250	10	11	59	#
132	250	11	12	59	#
133	250	12	13	59	#
134	250	13	14	59	#
135	250	14	15	59	#
136	250	15	16	59	#
137	250	16	17	59	#
138	250	17	18	59	#
139	250	18	19	59	#
140	250	19	20	59	#
141	250	20	21	59	#
142	250	21	22	59	#
143	250	22	23	59	#
144	250	23	24	59	#
145	250	24	25	59	#
146	250	25	26	59	#
147	250	26	27	59	#
148	250	27	28	59	#
149	250	28	29	59	#
150	250	29	30	59	#
151	250	30	31	59	#
152	250	31	32	59	#
153	250	32	33	59	#
154	250	33	34	59	#
155	250	34	35	59	#
156	250	35	36	59	#
157	250	36	37	59	#
158	250	37	38	59	#
159	250	38	39	59	#
160	250	39	40	59	#
161	250	40	41	59	#
162	250	41	42	59	#
163	250	42	43	59	#
164	250	43	44	59	#
165	250	44	45	59	#
166	250	45	46	59	#
167	250	46	47	59	#
168	250	47	48	59	#
169	250	48	49	59	#
170	250	49	50	59	#
171	250	50	51	59	#
172	250	51	52	59	#
173	250	52	53	59	#
174	246	53	54	59	#
175	3765	0	1	2	3	60	#
176	3765	1	2	3	4	60	#
177	3765	2	3	4	5	60	#
178	3765	3	4	5	6	60	#
179	3765	4	5	6	7	60	#
180	3765	5	6	7	8	60	#
181	3765	6	7	8	9	60	#
182	3765	7	8	9	10	60	#
183	3765	8	9	10	11	60	#
184	3765	9	10	11	12	60	#
185	3765	10	11	12	13	60	#
186	3765	11	12	13	14	60	#
187	3765	12	13	14	15	60	#
188	3765	13	14	15	16	60	#
189	3765	14	15	16	17	60	#
190	3765	15	16	17	18	60	#
191	3765	16	17	18	19	60	#
192	3765	17	18	19	20	60	#
193	3765	18	19	20	21	60	#
194	3765	19	20	21	22	60	#
195	3765	20	21	22	23	60	#
196	3765	21	22	23	24	60	#
197	3765	22	23	24	25	60	#
198	3765	23	24	25	26	60	#
199	3765	24	25	26	27	60	#
200	3765	25	26	27	28	60	#
201	3765	26	27	28	29	60	#
202	3765	27	28	29	30	60	#
203	3765	28	29	30	31	60	#
204	3765	29	30	31	32	60	#
205	3765	30	31	32	33	60	#
206	3765	31	32	33	34	60	#
207	3765	32	33	34	35	60	#
208	3765	33	34	35	36	60	#
209	3765	34	35	36	37	60	#
210	3765	35	36	37	38	60	#
211	3765	36	37	38	39	60	#
212	3765	37	38	39	40	60	#
213	3765	38	39	40	41	60	#
214	3765	39	40	41	42	60	#
215	3765	40	41	42	43	60	#
216	3765	41	42	43	44	60	#
217	3765	42	43	44	45	60	#
218	3765	43	44	45	46	60	#
219	3765	44	45	46	47	60	#
220	3765	45	46	47	48	60	#
221	3409	46	47	48	49	60	#
222	3409	47	48	49	50	60	#
223	3409	48	49	50	51	60	#
224	3409	49	50	51	52	60	#
225	3409	50	51	52	53	60	#
226	13104	0	1	2	3	4	5	6	7	8	61	#
227	13104	1	2	3	4	5	6	7	8	9	61	#
228	13104	2	3	4	5	6	7	8	9	10	61	#
229	13104	3	4	5	6	7	8	9	10	11	61	#
230	13104	4	5	6	7	8	9	10	11	12	61	#
231	13104	5	6	7	8	9	10	11	12	13	61	#
232	13104	6	7	8	9	10	11	12	13	14	61	#
233	13104	7	8	9	10	11	12	13	14	15	61	#
234	13104	8	9	10	11	12	13	14	15	16	61	#
235	13104	9	10	11	12	13	14	15	16	17	61	#
236	13104	10	11	12	13	14	15	16	17	18	61	#
237	13104	11	12	13	14	15	16	17	18	19	61	#
238	13104	12	13	14	15	16	17	18	19	20	61	#
239	13104	13	14	15	16	17	18	19	20	21	61	#
240	13104	14	15	16	17	18	19	20	21	22	61	#
241	13104	15	16	17	18	19	20	21	22	23	61	#
242	13104	16	17	18	19	20	21	22	23	24	61	#
243	13104	17	18	19	20	21	22	23	24	25	61	#
244	13104	18	19	20	21	22	23	24	25	26	61	#
245	13104	19	20	21	22	23	24	25	26	27	61	#
246	13104	20	21	22	23	24	25	26	27	28	61	#
247	13104	21	22	23	24	25	26	27	28	29	61	#
248	13104	22	23	24	25	26	27	28	29	30	61	#
249	13104	23	24	25	26	27	28	29	30	31	61	#
250	13104	24	25	26	27	28	29	30	31	32	61	#
251	13104	25	26	27	28	29	30	31	32	33	61	#
252	13104	26	27	28	29	30	31	32	33	34	61	#
253	13104	27	28	29	30	31	32	33	34	35	61	#
254	13104	28	29	30	31	32	33	34	35	36	61	#
255	13104	29	30	31	32	33	34	35	36	37	61	#
256	13104	30	31	32	33	34	35	36	37	38	61	#
257	13104	31	32	33	34	35	36	37	38	39	61	#
258	9643	32	33	34	35	36	37	38	39	40	61	#
259	9643	33	34	35	36	37	38	39	40	41	61	#
260	9643	34	35	36	37	38	39	40	41	42	61	#
261	9643	35	36	37	38	39	40	41	42	43	61	#
262	9643	36	37	38	39	40	41	42	43	44	61	#
263	9643	37	38	39	40	41	42	43	44	45	61	#
264	9643	38	39	40	41	42	43	44	45	46	61	#
265	9643	39	40	41	42	43	44	45	46	47	61	#
266	9643	40	41	42	43	44	45	46	47	48	61	#
267	9643	41	42	43	44	45	46	47	48	49	61	#
268	9643	42	43	44	45	46	47	48	49	50	61	#
269	9643	43	44	45	46	47	48	49	50	51	61	#
270	9643	44	45	46	47	48	49	50	51	52	61	#
271	9643	45	46	47	48	49	50	51	52	53	61	#
272	2660	46	47	48	49	50	51	52	53	79	#
273	8262	1	2	3	4	5	6	62	#
274	8262	2	3	4	5	6	7	62	#
275	8262	3	4	5	6	7	8	62	#
276	8262	4	5	6	7	8	9	62	#
277	8262	5	6	7	8	9	10	62	#
278	8262	6	7	8	9	10	11	62	#
279	3951	7	8	9	10	11	12	62	#
280	3951	8	9	10	11	12	13	62	#
281	3951	9	10	11	12	13	14	62	#
282	3951	10	11	12	13	14	15	62	#
283	3951	11	12	13	14	15	16	62	#
284	3951	12	13	14	15	16	17	62	#
285	3951	13	14	15	16	17	18	62	#
286	3951	14	15	16	17	18	19	62	#
287	3951	15	16	17	18	19	20	62	#
288	3951	16	17	18	19	20	21	62	#
289	3951	17	18	19	20	21	22	62	#
290	3951	18	19	20	21	22	23	62	#
291	3787	19	20	21	22	23	24	62	#
292	20402	0	1	2	3	4	5	6	7	8	9	63	#
293	20402	1	2	3	4	5	6	7	8	9	10	63	#
294	20402	2	3	4	5	6	7	8	9	10	11	63	#
295	20402	3	4	5	6	7	8	9	10	11	12	63	#
296	20402	4	5	6	7	8	9	10	11	12	13	63	#
297	20402	5	6	7	8	9	10	11	12	13	14	63	#
298	20402	6	7	8	9	10	11	12	13	14	15	63	#
299	20402	7	8	9	10	11	12	13	14	15	16	63	#
300	20402	8	9	10	11	12	13	14	15	16	17	63	#
301	20402	9	10	11	12	13	14	15	16	17	18	63	#
302	20402	10	11	12	13	14	15	16	17	18	19	63	#
303	20402	11	12	13	14	15	16	17	18	19	20	63	#
304	20402	12	13	14	15	16	17	18	19	20	21	63	#
305	20402	13	14	15	16	17	18	19	20	21	22	63	#
306	20402	14	15	16	17	18	19	20	21	22	23	63	#
307	20402	15	16	17	18	19	20	21	22	23	24	63	#
308	20402	16	17	18	19	20	21	22	23	24	25	63	#
309	20402	17	18	19	20	21	22	23	24	25	26	63	#
310	20402	18	19	20	21	22	23	24	25	26	27	63	#
311	20402	19	20	21	22	23	24	25	26	27	28	63	#
312	20402	20	21	22	23	24	25	26	27	28	29	63	#
313	20402	21	22	23	24	25	26	27	28	29	30	63	#
314	20402	22	23	24	25	26	27	28	29	30	31	63	#
315	20402	23	24	25	26	27	28	29	30	31	32	63	#
316	20402	24	25	26	27	28	29	30	31	32	33	63	#
317	20402	25	26	27	28	29	30	31	32	33	34	63	#
318	20402	26	27	28	29	30	31	32	33	34	35	63	#
319	20402	27	28	29	30	31	32	33	34	35	36	63	#
320	20402	28	29	30	31	32	33	34	35	36	37	63	#
321	20402	29	30	31	32	33	34	35	36	37	38	63	#
322	20402	30	31	32	33	34	35	36	37	38	39	63	#
323	20402	31	32	33	34	35	36	37	38	39	40	63	#
324	20402	32	33	34	35	36	37	38	39	40	41	63	#
325	20402	33	34	35	36	37	38	39	40	41	42	63	#
326	20402	34	35	36	37	38	39	40	41	42	43	63	#
327	20402	35	36	37	38	39	40	41	42	43	44	63	#
328	20402	36	37	38	39	40	41	42	43	44	45	63	#
329	20402	37	38	39	40	41	42	43	44	45	46	63	#
330	20402	38	39	40	41	42	43	44	45	46	47	63	#
331	20402	39	40	41	42	43	44	45	46	47	48	63	#
332	19985	40	41	42	43	44	45	46	47	48	49	63	#
333	2660	45	46	47	48	49	50	51	52	79	#
334	7289	1	2	3	4	5	6	64	#
335	7289	2	3	4	5	6	7	64	#
336	7289	3	4	5	6	7	8	64	#
337	7289	4	5	6	7	8	9	64	#
338	7289	5	6	7	8	9	10	64	#
339	7289	6	7	8	9	10	11	64	#
340	7289	7	8	9	10	11	12	64	#
341	7289	8	9	10	11	12	13	64	#
342	7289	9	10	11	12	13	14	64	#
343	7289	10	11	12	13	14	15	64	#
344	7289	11	12	13	14	15	16	64	#
345	7289	12	13	14	15	16	17	64	#
346	7289	13	14	15	16	17	18	64	#
347	2476	14	15	16	17	18	19	64	#
348	2476	15	16	17	18	19	20	64	#
349	2476	16	17	18	19	20	21	64	#
350	2476	17	18	19	20	21	22	64	#
351	2476	18	19	20	21	22	23	64	#
352	2476	19	20	21	22	23	24	64	#
353	2476	20	21	22	23	24	25	64	#
354	2476	21	22	23	24	25	26	64	#
355	2476	22	23	24	25	26	27	64	#
356	2476	23	24	25	26	27	28	64	#
357	2476	24	25	26	27	28	29	64	#
358	2476	25	26	27	28	29	30	64	#
359	2476	26	27	28	29	30	31	64	#
360	2476	27	28	29	30	31	32	64	#
361	2476	28	29	30	31	32	33	64	#
362	2476	29	30	31	32	33	34	64	#
363	2476	30	31	32	33	34	35	64	#
364	2476	31	32	33	34	35	36	64	#
365	2476	32	33	34	35	36	37	64	#
366	2476	33	34	35	36	37	38	64	#
367	2476	34	35	36	37	38	39	64	#
368	2476	35	36	37	38	39	40	64	#
369	2476	36	37	38	39	40	41	64	#
370	2476	37	38	39	40	41	42	64	#
371	2476	38	39	40	41	42	43	64	#
372	2476	39	40	41	42	43	44	64	#
373	2476	40	41	42	43	44	45	64	#
374	2476	41	42	43	44	45	46	64	#
375	2476	42	43	44	45	46	47	64	#
376	2476	43	44	45	46	47	48	64	#
377	2476	44	45	46	47	48	49	64	#
378	2476	45	46	47	48	49	50	64	#
379	2476	46	47	48	49	50	51	64	#
380	2476	47	48	49	50	51	52	64	#
381	2476	48	49	50	51	52	53	64	#
382	1174	0	65	#
383	1174	1	65	#
384	1174	2	65	#
385	1174	3	65	#
386	12307	0	1	2	3	4	5	6	7	8	66	#
387	12307	1	2	3	4	5	6	7	8	9	66	#
388	12307	2	3	4	5	6	7	8	9	10	66	#
389	12307	3	4	5	6	7	8	9	10	11	66	#
390	12307	4	5	6	7	8	9	10	11	12	66	#
391	12307	5	6	7	8	9	10	11	12	13	66	#
392	12307	6	7	8	9	10	11	12	13	14	66	#
393	12307	7	8	9	10	11	12	13	14	15	66	#
394	12307	8	9	10	11	12	13	14	15	16	66	#
395	12307	9	10	11	12	13	14	15	16	17	66	#
396	12307	10	11	12	13	14	15	16	17	18	66	#
397	12307	11	12	13	14	15	16	17	18	19	66	#
398	12307	12	13	14	15	16	17	18	19	20	66	#
399	12307	13	14	15	16	17	18	19	20	21	66	#
400	12307	14	15	16	17	18	19	20	21	22	66	#
401	12307	15	16	17	18	19	20	21	22	23	66	#
402	12307	16	17	18	19	20	21	22	23	24	66	#
403	12307	17	18	19	20	21	22	23	24	25	66	#
404	12307	18	19	20	21	22	23	24	25	26	66	#
405	1205	0	67	#
406	1205	1	67	#
407	1205	2	67	#
408	1205	3	67	#
409	1205	4	67	#
410	1205	5	67	#
411	1205	6	67	#
412	213	7	67	#
413	213	8	67	#
414	213	9	67	#
415	213	10	67	#
416	213	11	67	#
417	213	12	67	#
418	213	13	67	#
419	213	14	67	#
420	213	15	67	#
421	213	16	67	#
422	213	17	67	#
423	213	18	67	#
424	213	19	67	#
425	213	20	67	#
426	213	21	67	#
427	213	22	67	#
428	213	23	67	#
429	213	24	67	#
430	213	25	67	#
431	213	26	67	#
432	213	27	67	#
433	213	28	67	#
434	213	29	67	#
435	213	30	67	#
436	213	31	67	#
437	213	32	67	#
438	213	33	67	#
439	213	34	67	#
440	145	35	67	#
441	145	36	67	#
442	145	37	67	#
443	145	38	67	#
444	145	39	67	#
445	145	40	67	#
446	145	41	67	#
447	145	42	67	#
448	145	43	67	#
449	145	44	67	#
450	145	45	67	#
451	145	46	67	#
452	145	47	67	#
453	145	48	67	#
454	145	49	67	#
455	145	50	67	#
456	142	51	67	#
457	134	52	67	#
458	134	53	67	#
459	134	54	67	#
460	12614	0	1	2	3	4	5	6	68	#
461	12614	1	2	3	4	5	6	7	68	#
462	12614	2	3	4	5	6	7	8	68	#
463	12614	3	4	5	6	7	8	9	68	#
464	12614	4	5	6	7	8	9	10	68	#
465	12614	5	6	7	8	9	10	11	68	#
466	12614	6	7	8	9	10	11	12	68	#
467	4452	7	8	9	10	11	12	13	68	#
468	4452	8	9	10	11	12	13	14	68	#
469	4452	9	10	11	12	13	14	15	68	#
470	4452	10	11	12	13	14	15	16	68	#
471	4452	11	12	13	14	15	16	17	68	#
472	4452	12	13	14	15	16	17	18	68	#
473	4452	13	14	15	16	17	18	19	68	#
474	4452	14	15	16	17	18	19	20	68	#
475	4452	15	16	17	18	19	20	21	68	#
476	4452	16	17	18	19	20	21	22	68	#
477	4452	17	18	19	20	21	22	23	68	#
478	4452	18	19	20	21	22	23	24	68	#
479	4452	19	20	21	22	23	24	25	68	#
480	4452	20	21	22	23	24	25	26	68	#
481	4452	21	22	23	24	25	26	27	68	#
482	4452	22	23	24	25	26	27	28	68	#
483	4452	23	24	25	26	27	28	29	68	#
484	4452	24	25	26	27	28	29	30	68	#
485	4452	25	26	27	28	29	30	31	68	#
486	4452	26	27	28	29	30	31	32	68	#
487	4452	27	28	29	30	31	32	33	68	#
488	4452	28	29	30	31	32	33	34	68	#
489	5084	0	1	2	3	69	#
490	5084	1	2	3	4	69	#
491	5084	2	3	4	5	69	#
492	5084	3	4	5	6	69	#
493	5084	4	5	6	7	69	#
494	5084	5	6	7	8	69	#
495	5084	6	7	8	9	69	#
496	5084	7	8	9	10	69	#
497	5084	8	9	10	11	69	#
498	5084	9	10	11	12	69	#
499	5084	10	11	12	13	69	#
500	5084	11	12	13	14	69	#
501	1396	12	13	14	15	69	#
502	1396	13	14	15	16	69	#
503	1396	14	15	16	17	69	#
504	1396	15	16	17	18	69	#
505	1396	16	17	18	19	69	#
506	1396	17	18	19	20	69	#
507	1396	18	19	20	21	69	#
508	1396	19	20	21	22	69	#
509	1396	20	21	22	23	69	#
510	1396	21	22	23	24	69	#
511	1396	22	23	24	25	69	#
512	1396	23	24	25	26	69	#
513	1396	24	25	26	27	69	#
514	1396	25	26	27	28	69	#
515	1396	26	27	28	29	69	#
516	1396	27	28	29	30	69	#
517	1396	28	29	30	31	69	#
518	1396	29	30	31	32	69	#
519	1396	30	31	32	33	69	#
520	1396	31	32	33	34	69	#
521	1396	32	33	34	35	69	#
522	1396	33	34	35	36	69	#
523	1396	34	35	36	37	69	#
524	1396	35	36	37	38	69	#
525	1396	36	37	38	39	69	#
526	1396	37	38	39	40	69	#
527	1396	38	39	40	41	69	#
528	1396	39	40	41	42	69	#
529	1396	40	41	42	43	69	#
530	1396	41	42	43	44	69	#
531	1396	42	43	44	45	69	#
532	1396	43	44	45	46	69	#
533	1396	44	45	46	47	69	#
534	1396	45	46	47	48	69	#
535	1396	46	47	48	49	69	#
536	1396	47	48	49	50	69	#
537	1396	48	49	50	51	69	#
538	19498	0	1	2	3	4	5	6	7	8	70	#
539	19498	1	2	3	4	5	6	7	8	9	70	#
540	19498	2	3	4	5	6	7	8	9	10	70	#
541	19498	3	4	5	6	7	8	9	10	11	70	#
542	19498	4	5	6	7	8	9	10	11	12	70	#
543	19498	5	6	7	8	9	10	11	12	13	70	#
544	19498	6	7	8	9	10	11	12	13	14	70	#
545	19498	7	8	9	10	11	12	13	14	15	70	#
546	19498	8	9	10	11	12	13	14	15	16	70	#
547	19498	9	10	11	12	13	14	15	16	17	70	#
548	19498	10	11	12	13	14	15	16	17	18	70	#
549	19498	11	12	13	14	15	16	17	18	19	70	#
550	19498	12	13	14	15	16	17	18	19	20	70	#
551	11633	0	1	2	3	4	5	71	#
552	11633	1	2	3	4	5	6	71	#
553	11633	2	3	4	5	6	7	71	#
554	11633	3	4	5	6	7	8	71	#
555	11633	4	5	6	7	8	9	71	#
556	11633	5	6	7	8	9	10	71	#
557	11633	6	7	8	9	10	11	71	#
558	11633	7	8	9	10	11	12	71	#
559	3405	8	9	10	11	12	13	71	#
560	3405	9	10	11	12	13	14	71	#
561	3405	10	11	12	13	14	15	71	#
562	3405	11	12	13	14	15	16	71	#
563	3405	12	13	14	15	16	17	71	#
564	3405	13	14	15	16	17	18	71	#
565	3405	14	15	16	17	18	19	71	#
566	3405	15	16	17	18	19	20	71	#
567	3405	16	17	18	19	20	21	71	#
568	3405	17	18	19	20	21	22	71	#
569	3405	18	19	20	21	22	23	71	#
570	3405	19	20	21	22	23	24	71	#
571	3405	20	21	22	23	24	25	71	#
572	3405	21	22	23	24	25	26	71	#
573	3405	22	23	24	25	26	27	71	#
574	3405	23	24	25	26	27	28	71	#
575	3405	24	25	26	27	28	29	71	#
576	3405	25	26	27	28	29	30	71	#
577	3405	26	27	28	29	30	31	71	#
578	3405	27	28	29	30	31	32	71	#
579	3405	28	29	30	31	32	33	71	#
580	3405	29	30	31	32	33	34	71	#
581	3405	30	31	32	33	34	35	71	#
582	3405	31	32	33	34	35	36	71	#
583	3405	32	33	34	35	36	37	71	#
584	3405	33	34	35	36	37	38	71	#
585	3405	34	35	36	37	38	39	71	#
586	3405	35	36	37	38	39	40	71	#
587	3405	36	37	38	39	40	41	71	#
588	2792	37	38	39	40	41	42	71	#
589	2792	38	39	40	41	42	43	71	#
590	2792	39	40	41	42	43	44	71	#
591	2792	40	41	42	43	44	45	71	#
592	2792	41	42	43	44	45	46	71	#
593	2792	42	43	44	45	46	47	71	#
594	2792	43	44	45	46	47	48	71	#
595	2792	44	45	46	47	48	49	71	#
596	2792	45	46	47	48	49	50	71	#
597	2684	46	47	48	49	50	51	71	#
598	2684	47	48	49	50	51	52	71	#
599	4430	0	1	2	3	72	#
600	4430	1	2	3	4	72	#
601	4430	2	3	4	5	72	#
602	4430	3	4	5	6	72	#
603	4430	4	5	6	7	72	#
604	4430	5	6	7	8	72	#
605	4430	6	7	8	9	72	#
606	4430	7	8	9	10	72	#
607	4430	8	9	10	11	72	#
608	4430	9	10	11	12	72	#
609	4430	10	11	12	13	72	#
610	4430	11	12	13	14	72	#
611	4430	12	13	14	15	72	#
612	4430	13	14	15	16	72	#
613	4430	14	15	16	17	72	#
614	4430	15	16	17	18	72	#
615	4430	16	17	18	19	72	#
616	4430	17	18	19	20	72	#
617	4430	18	19	20	21	72	#
618	4430	19	20	21	22	72	#
619	4430	20	21	22	23	72	#
620	4430	21	22	23	24	72	#
621	4430	22	23	24	25	72	#
622	4430	23	24	25	26	72	#
623	4430	24	25	26	27	72	#
624	4430	25	26	27	28	72	#
625	4430	26	27	28	29	72	#
626	4430	27	28	29	30	72	#
627	4430	28	29	30	31	72	#
628	4430	29	30	31	32	72	#
629	4430	30	31	32	33	72	#
630	4430	31	32	33	34	72	#
631	4430	32	33	34	35	72	#
632	4430	33	34	35	36	72	#
633	4430	34	35	36	37	72	#
634	4430	35	36	37	38	72	#
635	4430	36	37	38	39	72	#
636	4430	37	38	39	40	72	#
637	4430	38	39	40	41	72	#
638	4430	39	40	41	42	72	#
639	4430	40	41	42	43	72	#
640	4430	41	42	43	44	72	#
641	4430	42	43	44	45	72	#
642	4430	43	44	45	46	72	#
643	4430	44	45	46	47	72	#
644	4164	45	46	47	48	72	#
645	4164	46	47	48	49	72	#
646	4164	47	48	49	50	72	#
647	4082	48	49	50	51	72	#
648	15437	0	1	2	3	4	5	6	7	73	#
649	15437	1	2	3	4	5	6	7	8	73	#
650	15437	2	3	4	5	6	7	8	9	73	#
651	15437	3	4	5	6	7	8	9	10	73	#
652	15437	4	5	6	7	8	9	10	11	73	#
653	15437	5	6	7	8	9	10	11	12	73	#
654	15437	6	7	8	9	10	11	12	13	73	#
655	15437	7	8	9	10	11	12	13	14	73	#
656	15437	8	9	10	11	12	13	14	15	73	#
657	15437	9	10	11	12	13	14	15	16	73	#
658	15437	10	11	12	13	14	15	16	17	73	#
659	15437	11	12	13	14	15	16	17	18	73	#
660	15437	12	13	14	15	16	17	18	19	73	#
661	15437	13	14	15	16	17	18	19	20	73	#
662	15437	14	15	16	17	18	19	20	21	73	#
663	15437	15	16	17	18	19	20	21	22	73	#
664	15437	16	17	18	19	20	21	22	23	73	#
665	15437	17	18	19	20	21	22	23	24	73	#
666	15437	18	19	20	21	22	23	24	25	73	#
667	10431	19	20	21	22	23	24	25	26	73	#
668	10431	20	21	22	23	24	25	26	27	73	#
669	10431	21	22	23	24	25	26	27	28	73	#
670	10431	22	23	24	25	26	27	28	29	73	#
671	10431	23	24	25	26	27	28	29	30	73	#
672	10431	24	25	26	27	28	29	30	31	73	#
673	10431	25	26	27	28	29	30	31	32	73	#
674	10431	26	27	28	29	30	31	32	33	73	#
675	10431	27	28	29	30	31	32	33	34	73	#
676	10431	28	29	30	31	32	33	34	35	73	#
677	10431	29	30	31	32	33	34	35	36	73	#
678	10431	30	31	32	33	34	35	36	37	73	#
679	9413	31	32	33	34	35	36	37	38	73	#
680	9413	32	33	34	35	36	37	38	39	73	#
681	9413	33	34	35	36	37	38	39	40	73	#
682	9413	34	35	36	37	38	39	40	41	73	#
683	8390	35	36	37	38	39	40	41	42	73	#
684	8390	36	37	38	39	40	41	42	43	73	#
685	8390	37	38	39	40	41	42	43	44	73	#
686	8390	38	39	40	41	42	43	44	45	73	#
687	8390	39	40	41	42	43	44	45	46	73	#
688	7719	40	41	42	43	44	45	46	47	73	#
689	7719	41	42	43	44	45	46	47	48	73	#
690	7719	42	43	44	45	46	47	48	49	73	#
691	7719	43	44	45	46	47	48	49	50	73	#
692	7282	44	45	46	47	48	49	50	51	73	#
693	7282	45	46	47	48	49	50	51	52	73	#
694	7282	46	47	48	49	50	51	52	53	73	#
695	7147	47	48	49	50	51	52	53	54	73	#
696	745	0	74	#
697	745	1	74	#
698	745	2	74	#
699	745	3	74	#
700	745	4	74	#
701	745	5	74	#
702	745	6	74	#
703	745	7	74	#
704	745	8	74	#
705	745	9	74	#
706	745	10	74	#
707	745	11	74	#
708	745	12	74	#
709	745	13	74	#
710	745	14	74	#
711	237	15	74	#
712	237	16	74	#
713	237	17	74	#
714	237	18	74	#
715	237	19	74	#
716	237	20	74	#
717	237	21	74	#
718	237	22	74	#
719	237	23	74	#
720	237	24	74	#
721	237	25	74	#
722	237	26	74	#
723	237	27	74	#
724	237	28	74	#
725	237	29	74	#
726	237	30	74	#
727	237	31	74	#
728	237	32	74	#
729	237	33	74	#
730	237	34	74	#
731	237	35	74	#
732	237	36	74	#
733	237	37	74	#
734	237	38	74	#
735	237	39	74	#
736	237	40	74	#
737	237	41	74	#
738	237	42	74	#
739	237	43	74	#
740	237	44	74	#
741	14959	0	1	2	3	4	5	6	7	8	75	#
742	14959	1	2	3	4	5	6	7	8	9	75	#
743	14959	2	3	4	5	6	7	8	9	10	75	#
744	14959	3	4	5	6	7	8	9	10	11	75	#
745	14959	4	5	6	7	8	9	10	11	12	75	#
746	14959	5	6	7	8	9	10	11	12	13	75	#
747	14959	6	7	8	9	10	11	12	13	14	75	#
748	14959	7	8	9	10	11	12	13	14	15	75	#
749	14959	8	9	10	11	12	13	14	15	16	75	#
750	14959	9	10	11	12	13	14	15	16	17	75	#
751	14959	10	11	12	13	14	15	16	17	18	75	#
752	14959	11	12	13	14	15	16	17	18	19	75	#
753	14959	12	13	14	15	16	17	18	19	20	75	#
754	14959	13	14	15	16	17	18	19	20	21	75	#
755	14959	14	15	16	17	18	19	20	21	22	75	#
756	14959	15	16	17	18	19	20	21	22	23	75	#
757	14959	16	17	18	19	20	21	22	23	24	75	#
758	11582	17	18	19	20	21	22	23	24	25	75	#
759	11582	18	19	20	21	22	23	24	25	26	75	#
760	11582	19	20	21	22	23	24	25	26	27	75	#
761	11582	20	21	22	23	24	25	26	27	28	75	#
762	11582	21	22	23	24	25	26	27	28	29	75	#
763	11582	22	23	24	25	26	27	28	29	30	75	#
764	11582	23	24	25	26	27	28	29	30	31	75	#
765	7327	24	25	26	27	28	29	30	31	32	75	#
766	7327	25	26	27	28	29	30	31	32	33	75	#
767	7327	26	27	28	29	30	31	32	33	34	75	#
768	7327	27	28	29	30	31	32	33	34	35	75	#
769	7327	28	29	30	31	32	33	34	35	36	75	#
770	7327	29	30	31	32	33	34	35	36	37	75	#
771	7327	30	31	32	33	34	35	36	37	38	75	#
772	7327	31	32	33	34	35	36	37	38	39	75	#
773	7327	32	33	34	35	36	37	38	39	40	75	#
774	7327	33	34	35	36	37	38	39	40	41	75	#
775	7327	34	35	36	37	38	39	40	41	42	75	#
776	7327	35	36	37	38	39	40	41	42	43	75	#
777	7327	36	37	38	39	40	41	42	43	44	75	#
778	7327	37	38	39	40	41	42	43	44	45	75	#
779	7327	38	39	40	41	42	43	44	45	46	75	#
780	7327	39	40	41	42	43	44	45	46	47	75	#
781	7327	40	41	42	43	44	45	46	47	48	75	#
782	7327	41	42	43	44	45	46	47	48	49	75	#
783	7040	42	43	44	45	46	47	48	49	50	75	#
784	7040	43	44	45	46	47	48	49	50	51	75	#
785	6774	44	45	46	47	48	49	50	51	52	75	#
786	6774	45	46	47	48	49	50	51	52	53	75	#
787	6649	46	47	48	49	50	51	52	53	54	75	#
788	3259	0	1	2	3	76	#
789	3259	1	2	3	4	76	#
790	3259	2	3	4	5	76	#
791	3259	3	4	5	6	76	#
792	3259	4	5	6	7	76	#
793	3259	5	6	7	8	76	#
794	3259	6	7	8	9	76	#
795	3259	7	8	9	10	76	#
796	3259	8	9	10	11	76	#
797	3259	9	10	11	12	76	#
798	3259	10	11	12	13	76	#
799	3259	11	12	13	14	76	#
800	2535	12	13	14	15	76	#
801	2535	13	14	15	16	76	#
802	2535	14	15	16	17	76	#
803	2535	15	16	17	18	76	#
804	845	16	17	18	19	76	#
805	845	17	18	19	20	76	#
806	845	18	19	20	21	76	#
807	845	19	20	21	22	76	#
808	845	20	21	22	23	76	#
809	845	21	22	23	24	76	#
810	845	22	23	24	25	76	#
811	845	23	24	25	26	76	#
812	845	24	25	26	27	76	#
813	845	25	26	27	28	76	#
814	845	26	27	28	29	76	#
815	845	27	28	29	30	76	#
816	845	28	29	30	31	76	#
817	845	29	30	31	32	76	#
818	845	30	31	32	33	76	#
819	845	31	32	33	34	76	#
820	845	32	33	34	35	76	#
821	845	33	34	35	36	76	#
822	845	34	35	36	37	76	#
823	845	35	36	37	38	76	#
824	845	36	37	38	39	76	#
825	845	37	38	39	40	76	#
826	845	38	39	40	41	76	#
827	845	39	40	41	42	76	#
828	845	40	41	42	43	76	#
829	845	41	42	43	44	76	#
830	845	42	43	44	45	76	#
831	845	43	44	45	46	76	#
832	845	44	45	46	47	76	#
833	845	45	46	47	48	76	#
834	845	46	47	48	49	76	#
835	845	47	48	49	50	76	#
836	845	48	49	50	51	76	#
837	845	49	50	51	52	76	#
838	845	50	51	52	53	76	#
839	845	51	52	53	54	76	#
840	2660	44	45	46	47	48	49	50	51	79	#
841	6032	1	2	3	4	5	6	77	#
842	6032	2	3	4	5	6	7	77	#
843	6032	3	4	5	6	7	8	77	#
844	6032	4	5	6	7	8	9	77	#
845	6032	5	6	7	8	9	10	77	#
846	6032	6	7	8	9	10	11	77	#
847	6032	7	8	9	10	11	12	77	#
848	6032	8	9	10	11	12	13	77	#
849	6032	9	10	11	12	13	14	77	#
850	6032	10	11	12	13	14	15	77	#
851	6032	11	12	13	14	15	16	77	#
852	2354	12	13	14	15	16	17	77	#
853	2354	13	14	15	16	17	18	77	#
854	2354	14	15	16	17	18	19	77	#
855	2354	15	16	17	18	19	20	77	#
856	2354	16	17	18	19	20	21	77	#
857	2354	17	18	19	20	21	22	77	#
858	2354	18	19	20	21	22	23	77	#
859	2354	19	20	21	22	23	24	77	#
860	2354	20	21	22	23	24	25	77	#
861	2354	21	22	23	24	25	26	77	#
862	2354	22	23	24	25	26	27	77	#
863	2354	23	24	25	26	27	28	77	#
864	2354	24	25	26	27	28	29	77	#
865	2354	25	26	27	28	29	30	77	#
866	2354	26	27	28	29	30	31	77	#
867	2354	27	28	29	30	31	32	77	#
868	2354	28	29	30	31	32	33	77	#
869	2354	29	30	31	32	33	34	77	#
870	2354	30	31	32	33	34	35	77	#
871	2354	31	32	33	34	35	36	77	#
872	2354	32	33	34	35	36	37	77	#
873	2354	33	34	35	36	37	38	77	#
874	2354	34	35	36	37	38	39	77	#
875	2354	35	36	37	38	39	40	77	#
876	2354	36	37	38	39	40	41	77	#
877	1892	37	38	39	40	41	42	77	#
878	1892	38	39	40	41	42	43	77	#
879	1892	39	40	41	42	43	44	77	#
880	1892	40	41	42	43	44	45	77	#
881	1892	41	42	43	44	45	46	77	#
882	1892	42	43	44	45	46	47	77	#
883	1892	43	44	45	46	47	48	77	#
884	1892	44	45	46	47	48	49	77	#
885	1892	45	46	47	48	49	50	77	#
886	1892	46	47	48	49	50	51	77	#
887	8707	0	1	2	3	4	5	#
888	15957	0	1	2	3	4	5	6	7	79	#
889	15957	1	2	3	4	5	6	7	8	79	#
890	15957	2	3	4	5	6	7	8	9	79	#
891	3340	3	4	5	6	7	8	9	10	79	#
892	3340	4	5	6	7	8	9	10	11	79	#
893	3340	5	6	7	8	9	10	11	12	79	#
894	3340	6	7	8	9	10	11	12	13	79	#
895	3340	7	8	9	10	11	12	13	14	79	#
896	3340	8	9	10	11	12	13	14	15	79	#
897	3340	9	10	11	12	13	14	15	16	79	#
898	3340	10	11	12	13	14	15	16	17	79	#
899	3340	11	12	13	14	15	16	17	18	79	#
900	3340	12	13	14	15	16	17	18	19	79	#
901	3340	13	14	15	16	17	18	19	20	79	#
902	3340	14	15	16	17	18	19	20	21	79	#
903	3340	15	16	17	18	19	20	21	22	79	#
904	3340	16	17	18	19	20	21	22	23	79	#
905	3340	17	18	19	20	21	22	23	24	79	#
906	3340	18	19	20	21	22	23	24	25	79	#
907	3340	19	20	21	22	23	24	25	26	79	#
908	3340	20	21	22	23	24	25	26	27	79	#
909	3340	21	22	23	24	25	26	27	28	79	#
910	3340	22	23	24	25	26	27	28	29	79	#
911	3340	23	24	25	26	27	28	29	30	79	#
912	3340	24	25	26	27	28	29	30	31	79	#
913	3340	25	26	27	28	29	30	31	32	79	#
914	3340	26	27	28	29	30	31	32	33	79	#
915	3340	27	28	29	30	31	32	33	34	79	#
916	3340	28	29	30	31	32	33	34	35	79	#
917	3340	29	30	31	32	33	34	35	36	79	#
918	3340	30	31	32	33	34	35	36	37	79	#
919	3340	31	32	33	34	35	36	37	38	79	#
920	3340	32	33	34	35	36	37	38	39	79	#
921	3340	33	34	35	36	37	38	39	40	79	#
922	3340	34	35	36	37	38	39	40	41	79	#
923	3340	35	36	37	38	39	40	41	42	79	#
924	3340	36	37	38	39	40	41	42	43	79	#
925	2660	37	38	39	40	41	42	43	44	79	#
926	2660	38	39	40	41	42	43	44	45	79	#
927	2660	39	40	41	42	43	44	45	46	79	#
928	2660	40	41	42	43	44	45	46	47	79	#
929	2660	41	42	43	44	45	46	47	48	79	#
930	2660	42	43	44	45	46	47	48	49	79	#
931	2660	43	44	45	46	47	48	49	50	79	#
932	586	0	80	#
933	586	1	80	#
934	586	2	80	#
935	586	3	80	#
936	586	4	80	#
937	586	5	80	#
938	65	6	80	#
939	65	7	80	#
940	65	8	80	#
941	65	9	80	#
942	65	10	80	#
943	65	11	80	#
944	65	12	80	#
945	65	13	80	#
946	65	14	80	#
947	65	15	80	#
948	65	16	80	#
949	65	17	80	#
950	65	18	80	#
951	65	19	80	#
952	65	20	80	#
953	65	21	80	#
954	65	22	80	#
955	65	23	80	#
956	65	24	80	#
957	65	25	80	#
958	65	26	80	#
959	65	27	80	#
960	65	28	80	#
961	65	29	80	#
962	65	30	80	#
963	65	31	80	#
964	65	32	80	#
965	65	33	80	#
966	65	34	80	#
967	65	35	80	#
968	65	36	80	#
969	65	37	80	#
970	65	38	80	#
971	65	39	80	#
972	65	40	80	#
973	65	41	80	#
974	65	42	80	#
975	65	43	80	#
976	65	44	80	#
977	65	45	80	#
978	4239	0	1	2	81	#
979	4239	1	2	3	81	#
980	4239	2	3	4	81	#
981	4239	3	4	5	81	#
982	4239	4	5	6	81	#
983	4239	5	6	7	81	#
984	4239	6	7	8	81	#
985	4239	7	8	9	81	#
986	4239	8	9	10	81	#
987	4239	9	10	11	81	#
988	4239	10	11	12	81	#
989	4239	11	12	13	81	#
990	4239	12	13	14	81	#
991	4239	13	14	15	81	#
992	4239	14	15	16	81	#
993	4239	15	16	17	81	#
994	4239	16	17	18	81	#
995	4239	17	18	19	81	#
996	4239	18	19	20	81	#
997	4239	19	20	21	81	#
998	4239	20	21	22	81	#
999	4239	21	22	23	81	#
1000	4239	22	23	24	81	#
1001	4239	23	24	25	81	#
1002	4239	24	25	26	81	#
1003	4239	25	26	27	81	#
1004	4239	26	27	28	81	#
1005	4239	27	28	29	81	#
1006	4239	28	29	30	81	#
1007	4239	29	30	31	81	#
1008	4239	30	31	32	81	#
1009	4239	31	32	33	81	#
1010	4239	32	33	34	81	#
1011	4239	33	34	35	81	#
1012	4239	34	35	36	81	#
1013	4239	35	36	37	81	#
1014	4239	36	37	38	81	#
1015	4239	37	38	39	81	#
1016	4239	38	39	40	81	#
1017	4239	39	40	41	81	#
1018	4239	40	41	42	81	#
1019	4239	41	42	43	81	#
1020	3646	42	43	44	81	#
1021	3646	43	44	45	81	#
1022	3646	44	45	46	81	#
1023	3646	45	46	47	81	#
1024	3646	46	47	48	81	#
1025	3646	47	48	49	81	#
1026	3646	48	49	50	81	#
1027	3574	49	50	51	81	#
1028	3505	50	51	52	81	#
1029	5097	0	1	2	82	#
1030	5097	1	2	3	82	#
1031	5097	2	3	4	82	#
1032	5097	3	4	5	82	#
1033	5097	4	5	6	82	#
1034	5097	5	6	7	82	#
1035	5097	6	7	8	82	#
1036	5097	7	8	9	82	#
1037	5097	8	9	10	82	#
1038	5097	9	10	11	82	#
1039	5097	10	11	12	82	#
1040	5097	11	12	13	82	#
1041	1870	0	1	2	83	#
1042	1870	1	2	3	83	#
1043	1870	2	3	4	83	#
1044	1870	3	4	5	83	#
1045	1870	4	5	6	83	#
1046	1870	5	6	7	83	#
1047	1870	6	7	8	83	#
1048	1870	7	8	9	83	#
1049	1870	8	9	10	83	#
1050	1870	9	10	11	83	#
1051	1870	10	11	12	83	#
1052	1870	11	12	13	83	#
1053	1870	12	13	14	83	#
1054	1870	13	14	15	83	#
1055	1870	14	15	16	83	#
1056	1870	15	16	17	83	#
1057	1870	16	17	18	83	#
1058	1870	17	18	19	83	#
1059	1870	18	19	20	83	#
1060	1870	19	20	21	83	#
1061	1870	20	21	22	83	#
1062	1870	21	22	23	83	#
1063	1870	22	23	24	83	#
1064	1870	23	24	25	83	#
1065	1870	24	25	26	83	#
1066	1473	25	26	27	83	#
1067	1473	26	27	28	83	#
1068	1473	27	28	29	83	#
1069	1473	28	29	30	83	#
1070	1473	29	30	31	83	#
1071	1473	30	31	32	83	#
1072	1473	31	32	33	83	#
1073	1057	32	33	34	83	#
1074	1057	33	34	35	83	#
1075	1057	34	35	36	83	#
1076	1057	35	36	37	83	#
1077	1057	36	37	38	83	#
1078	1057	37	38	39	83	#
1079	1057	38	39	40	83	#
1080	1057	39	40	41	83	#
1081	1057	40	41	42	83	#
1082	1057	41	42	43	83	#
1083	1057	42	43	44	83	#
1084	1057	43	44	45	83	#
1085	1057	44	45	46	83	#
1086	972	45	46	47	83	#
1087	972	46	47	48	83	#
1088	972	47	48	49	83	#
1089	972	48	49	50	83	#
1090	900	49	50	51	83	#
1091	900	50	51	52	83	#
1092	900	51	52	53	83	#
1093	900	52	53	54	83	#
1094	1982	0	1	84	#
1095	1982	1	2	84	#
1096	1982	2	3	84	#
1097	1982	3	4	84	#
1098	1982	4	5	84	#
1099	1982	5	6	84	#
1100	1982	6	7	84	#
1101	1982	7	8	84	#
1102	1982	8	9	84	#
1103	1982	9	10	84	#
1104	1982	10	11	84	#
1105	1982	11	12	84	#
1106	1982	12	13	84	#
1107	1982	13	14	84	#
1108	1982	14	15	84	#
1109	1982	15	16	84	#
1110	1982	16	17	84	#
1111	1982	17	18	84	#
1112	1982	18	19	84	#
1113	1982	19	20	84	#
1114	1982	20	21	84	#
1115	1665	21	22	84	#
1116	1665	22	23	84	#
1117	1665	23	24	84	#
1118	1665	24	25	84	#
