%% File generated by CATS v.2.1Mon Aug 19 20:45:48 2019

%% The CATS webpage is http://robotics.stanford.edu/CATS

%% PARAMETER SETTINGS:
% Goods: 25; Bids: 1000; Distribution: scheduling; Runs: 10; Seed: 1566267568
% Scheduling Distribution Parameters:
% max_length                = 10
% deviation                 = 0.500000
% prob_additional_deadline  = 0.700000
% additivity                = 0.200000



goods 25
bids 1011
dummy 63

0	1754	0	1	25	#
1	1754	1	2	25	#
2	1754	2	3	25	#
3	1754	3	4	25	#
4	1754	4	5	25	#
5	1754	5	6	25	#
6	1754	6	7	25	#
7	1754	7	8	25	#
8	1754	8	9	25	#
9	1754	9	10	25	#
10	1754	10	11	25	#
11	1754	11	12	25	#
12	1619	12	13	25	#
13	1169	13	14	25	#
14	1169	14	15	25	#
15	1169	15	16	25	#
16	1169	16	17	25	#
17	1169	17	18	25	#
18	5235	0	1	2	3	26	#
19	5235	1	2	3	4	26	#
20	5235	2	3	4	5	26	#
21	5235	3	4	5	6	26	#
22	5235	4	5	6	7	26	#
23	5235	5	6	7	8	26	#
24	5235	6	7	8	9	26	#
25	5235	7	8	9	10	26	#
26	5235	8	9	10	11	26	#
27	5235	9	10	11	12	26	#
28	5235	10	11	12	13	26	#
29	4861	11	12	13	14	26	#
30	2959	12	13	14	15	26	#
31	2959	13	14	15	16	26	#
32	2959	14	15	16	17	26	#
33	2959	15	16	17	18	26	#
34	2959	16	17	18	19	26	#
35	2959	17	18	19	20	26	#
36	2959	18	19	20	21	26	#
37	2959	19	20	21	22	26	#
38	2959	20	21	22	23	26	#
39	2836	21	22	23	24	26	#
40	13951	0	1	2	3	4	5	6	27	#
41	13951	1	2	3	4	5	6	7	27	#
42	13951	2	3	4	5	6	7	8	27	#
43	13951	3	4	5	6	7	8	9	27	#
44	2556	0	1	2	28	#
45	2556	1	2	3	28	#
46	2556	2	3	4	28	#
47	2556	3	4	5	28	#
48	2556	4	5	6	28	#
49	2556	5	6	7	28	#
50	2556	6	7	8	28	#
51	2556	7	8	9	28	#
52	2556	8	9	10	28	#
53	2556	9	10	11	28	#
54	2556	10	11	12	28	#
55	2556	11	12	13	28	#
56	2556	12	13	14	28	#
57	2556	13	14	15	28	#
58	2556	14	15	16	28	#
59	2556	15	16	17	28	#
60	2556	16	17	18	28	#
61	2556	17	18	19	28	#
62	2428	18	19	20	28	#
63	2112	19	20	21	28	#
64	2112	20	21	22	28	#
65	2112	21	22	23	28	#
66	2024	22	23	24	28	#
67	2608	0	1	29	#
68	2608	1	2	29	#
69	2608	2	3	29	#
70	2608	3	4	29	#
71	2608	4	5	29	#
72	2608	5	6	29	#
73	2608	6	7	29	#
74	2608	7	8	29	#
75	2608	8	9	29	#
76	2608	9	10	29	#
77	2608	10	11	29	#
78	2608	11	12	29	#
79	2608	12	13	29	#
80	2608	13	14	29	#
81	2608	14	15	29	#
82	2608	15	16	29	#
83	2608	16	17	29	#
84	2608	17	18	29	#
85	2134	18	19	29	#
86	2134	19	20	29	#
87	2134	20	21	29	#
88	2134	21	22	29	#
89	1956	22	23	29	#
90	1956	23	24	29	#
91	3795	0	1	2	3	30	#
92	3795	1	2	3	4	30	#
93	3795	2	3	4	5	30	#
94	3795	3	4	5	6	30	#
95	3795	4	5	6	7	30	#
96	3795	5	6	7	8	30	#
97	3795	6	7	8	9	30	#
98	3795	7	8	9	10	30	#
99	3795	8	9	10	11	30	#
100	3795	9	10	11	12	30	#
101	3795	10	11	12	13	30	#
102	3795	11	12	13	14	30	#
103	3795	12	13	14	15	30	#
104	5112	0	1	2	3	4	31	#
105	5112	1	2	3	4	5	31	#
106	5112	2	3	4	5	6	31	#
107	5112	3	4	5	6	7	31	#
108	5112	4	5	6	7	8	31	#
109	12685	0	1	2	3	4	5	6	7	8	32	#
110	12685	1	2	3	4	5	6	7	8	9	32	#
111	12685	2	3	4	5	6	7	8	9	10	32	#
112	12685	3	4	5	6	7	8	9	10	11	32	#
113	12685	4	5	6	7	8	9	10	11	12	32	#
114	12685	5	6	7	8	9	10	11	12	13	32	#
115	12685	6	7	8	9	10	11	12	13	14	32	#
116	8072	7	8	9	10	11	12	13	14	15	32	#
117	8072	8	9	10	11	12	13	14	15	16	32	#
118	8072	9	10	11	12	13	14	15	16	17	32	#
119	8072	10	11	12	13	14	15	16	17	18	32	#
120	8072	11	12	13	14	15	16	17	18	19	32	#
121	8072	12	13	14	15	16	17	18	19	20	32	#
122	8072	13	14	15	16	17	18	19	20	21	32	#
123	8072	14	15	16	17	18	19	20	21	22	32	#
124	7399	15	16	17	18	19	20	21	22	23	32	#
125	7399	16	17	18	19	20	21	22	23	24	32	#
126	1646	0	1	33	#
127	1646	1	2	33	#
128	1646	2	3	33	#
129	1646	3	4	33	#
130	1646	4	5	33	#
131	1646	5	6	33	#
132	1646	6	7	33	#
133	1646	7	8	33	#
134	1646	8	9	33	#
135	1646	9	10	33	#
136	1646	10	11	33	#
137	1646	11	12	33	#
138	1646	12	13	33	#
139	1646	13	14	33	#
140	1646	14	15	33	#
141	1646	15	16	33	#
142	3219	0	1	34	#
143	3219	1	2	34	#
144	3219	2	3	34	#
145	3219	3	4	34	#
146	3219	4	5	34	#
147	3219	5	6	34	#
148	3219	6	7	34	#
149	3219	7	8	34	#
150	3219	8	9	34	#
151	3219	9	10	34	#
152	3219	10	11	34	#
153	3219	11	12	34	#
154	3219	12	13	34	#
155	3219	13	14	34	#
156	3219	14	15	34	#
157	3219	15	16	34	#
158	3219	16	17	34	#
159	2736	17	18	34	#
160	2736	18	19	34	#
161	2736	19	20	34	#
162	2280	20	21	34	#
163	2280	21	22	34	#
164	2280	22	23	34	#
165	2280	23	24	34	#
166	866	0	35	#
167	866	1	35	#
168	67	2	35	#
169	67	3	35	#
170	67	4	35	#
171	67	5	35	#
172	67	6	35	#
173	67	7	35	#
174	67	8	35	#
175	67	9	35	#
176	67	10	35	#
177	67	11	35	#
178	67	12	35	#
179	67	13	35	#
180	58	14	35	#
181	58	15	35	#
182	38	16	35	#
183	38	17	35	#
184	38	18	35	#
185	38	19	35	#
186	38	20	35	#
187	38	21	35	#
188	38	22	35	#
189	38	23	35	#
190	1002	0	36	#
191	1002	1	36	#
192	1002	2	36	#
193	1002	3	36	#
194	1002	4	36	#
195	1002	5	36	#
196	1002	6	36	#
197	1002	7	36	#
198	1002	8	36	#
199	1002	9	36	#
200	1002	10	36	#
201	626	11	36	#
202	626	12	36	#
203	626	13	36	#
204	626	14	36	#
205	626	15	36	#
206	626	16	36	#
207	16126	0	1	2	3	4	5	6	7	8	9	37	#
208	8063	1	2	3	4	5	6	7	8	9	10	37	#
209	8063	2	3	4	5	6	7	8	9	10	11	37	#
210	8063	3	4	5	6	7	8	9	10	11	12	37	#
211	8063	4	5	6	7	8	9	10	11	12	13	37	#
212	8063	5	6	7	8	9	10	11	12	13	14	37	#
213	8063	6	7	8	9	10	11	12	13	14	15	37	#
214	8063	7	8	9	10	11	12	13	14	15	16	37	#
215	8063	8	9	10	11	12	13	14	15	16	17	37	#
216	8063	9	10	11	12	13	14	15	16	17	18	37	#
217	7257	10	11	12	13	14	15	16	17	18	19	37	#
218	7257	11	12	13	14	15	16	17	18	19	20	37	#
219	1227	0	1	38	#
220	1227	1	2	38	#
221	1227	2	3	38	#
222	1227	3	4	38	#
223	1227	4	5	38	#
224	1227	5	6	38	#
225	1227	6	7	38	#
226	1227	7	8	38	#
227	1227	8	9	38	#
228	1227	9	10	38	#
229	1227	10	11	38	#
230	1227	11	12	38	#
231	1227	12	13	38	#
232	1227	13	14	38	#
233	1227	14	15	38	#
234	1227	15	16	38	#
235	2935	0	1	39	#
236	2935	1	2	39	#
237	2935	2	3	39	#
238	2935	3	4	39	#
239	2935	4	5	39	#
240	2935	5	6	39	#
241	2935	6	7	39	#
242	2935	7	8	39	#
243	2935	8	9	39	#
244	2935	9	10	39	#
245	2935	10	11	39	#
246	2935	11	12	39	#
247	2935	12	13	39	#
248	2935	13	14	39	#
249	2935	14	15	39	#
250	2935	15	16	39	#
251	2935	16	17	39	#
252	2935	17	18	39	#
253	2935	18	19	39	#
254	2935	19	20	39	#
255	2935	20	21	39	#
256	2935	21	22	39	#
257	2935	22	23	39	#
258	2813	23	24	39	#
259	1177	0	40	#
260	1177	1	40	#
261	1177	2	40	#
262	1177	3	40	#
263	1177	4	40	#
264	1177	5	40	#
265	1177	6	40	#
266	1177	7	40	#
267	1177	8	40	#
268	1177	9	40	#
269	1177	10	40	#
270	1177	11	40	#
271	1177	12	40	#
272	589	13	40	#
273	589	14	40	#
274	589	15	40	#
275	589	16	40	#
276	589	17	40	#
277	589	18	40	#
278	589	19	40	#
279	589	20	40	#
280	589	21	40	#
281	589	22	40	#
282	589	23	40	#
283	589	24	40	#
284	12977	0	1	2	3	4	5	6	41	#
285	12977	1	2	3	4	5	6	7	41	#
286	12977	2	3	4	5	6	7	8	41	#
287	12977	3	4	5	6	7	8	9	41	#
288	12977	4	5	6	7	8	9	10	41	#
289	12977	5	6	7	8	9	10	11	41	#
290	12977	6	7	8	9	10	11	12	41	#
291	12977	7	8	9	10	11	12	13	41	#
292	12977	8	9	10	11	12	13	14	41	#
293	12977	9	10	11	12	13	14	15	41	#
294	12977	10	11	12	13	14	15	16	41	#
295	12977	11	12	13	14	15	16	17	41	#
296	12977	12	13	14	15	16	17	18	41	#
297	12977	13	14	15	16	17	18	19	41	#
298	12977	14	15	16	17	18	19	20	41	#
299	12977	15	16	17	18	19	20	21	41	#
300	12977	16	17	18	19	20	21	22	41	#
301	11896	17	18	19	20	21	22	23	41	#
302	11896	18	19	20	21	22	23	24	41	#
303	13292	0	1	2	3	4	5	6	7	8	42	#
304	13292	1	2	3	4	5	6	7	8	9	42	#
305	13292	2	3	4	5	6	7	8	9	10	42	#
306	13292	3	4	5	6	7	8	9	10	11	42	#
307	13292	4	5	6	7	8	9	10	11	12	42	#
308	13292	5	6	7	8	9	10	11	12	13	42	#
309	13292	6	7	8	9	10	11	12	13	14	42	#
310	13292	7	8	9	10	11	12	13	14	15	42	#
311	13292	8	9	10	11	12	13	14	15	16	42	#
312	13292	9	10	11	12	13	14	15	16	17	42	#
313	13292	10	11	12	13	14	15	16	17	18	42	#
314	13292	11	12	13	14	15	16	17	18	19	42	#
315	13292	12	13	14	15	16	17	18	19	20	42	#
316	7097	0	1	2	3	4	5	6	7	8	43	#
317	7097	1	2	3	4	5	6	7	8	9	43	#
318	7097	2	3	4	5	6	7	8	9	10	43	#
319	7097	3	4	5	6	7	8	9	10	11	43	#
320	7097	4	5	6	7	8	9	10	11	12	43	#
321	7097	5	6	7	8	9	10	11	12	13	43	#
322	7097	6	7	8	9	10	11	12	13	14	43	#
323	4362	0	1	2	3	4	5	44	#
324	4362	1	2	3	4	5	6	44	#
325	4362	2	3	4	5	6	7	44	#
326	4362	3	4	5	6	7	8	44	#
327	1662	4	5	6	7	8	9	44	#
328	1662	5	6	7	8	9	10	44	#
329	1662	6	7	8	9	10	11	44	#
330	1662	7	8	9	10	11	12	44	#
331	1662	8	9	10	11	12	13	44	#
332	1662	9	10	11	12	13	14	44	#
333	1662	10	11	12	13	14	15	44	#
334	1662	11	12	13	14	15	16	44	#
335	1662	12	13	14	15	16	17	44	#
336	1662	13	14	15	16	17	18	44	#
337	1662	14	15	16	17	18	19	44	#
338	1662	15	16	17	18	19	20	44	#
339	1662	16	17	18	19	20	21	44	#
340	1586	17	18	19	20	21	22	44	#
341	5029	0	1	2	3	4	5	45	#
342	5029	1	2	3	4	5	6	45	#
343	5029	2	3	4	5	6	7	45	#
344	5029	3	4	5	6	7	8	45	#
345	5029	4	5	6	7	8	9	45	#
346	5029	5	6	7	8	9	10	45	#
347	5029	6	7	8	9	10	11	45	#
348	5029	7	8	9	10	11	12	45	#
349	5029	8	9	10	11	12	13	45	#
350	5029	9	10	11	12	13	14	45	#
351	710	0	46	#
352	710	1	46	#
353	710	2	46	#
354	710	3	46	#
355	710	4	46	#
356	710	5	46	#
357	710	6	46	#
358	710	7	46	#
359	710	8	46	#
360	710	9	46	#
361	710	10	46	#
362	710	11	46	#
363	710	12	46	#
364	710	13	46	#
365	710	14	46	#
366	710	15	46	#
367	710	16	46	#
368	710	17	46	#
369	710	18	46	#
370	710	19	46	#
371	710	20	46	#
372	710	21	46	#
373	710	22	46	#
374	680	23	46	#
375	651	24	46	#
376	15619	0	1	2	3	4	5	6	7	8	9	47	#
377	15619	1	2	3	4	5	6	7	8	9	10	47	#
378	15619	2	3	4	5	6	7	8	9	10	11	47	#
379	15619	3	4	5	6	7	8	9	10	11	12	47	#
380	15619	4	5	6	7	8	9	10	11	12	13	47	#
381	15619	5	6	7	8	9	10	11	12	13	14	47	#
382	15619	6	7	8	9	10	11	12	13	14	15	47	#
383	15619	7	8	9	10	11	12	13	14	15	16	47	#
384	15619	8	9	10	11	12	13	14	15	16	17	47	#
385	15619	9	10	11	12	13	14	15	16	17	18	47	#
386	15619	10	11	12	13	14	15	16	17	18	19	47	#
387	15619	11	12	13	14	15	16	17	18	19	20	47	#
388	13581	12	13	14	15	16	17	18	19	20	21	47	#
389	13581	13	14	15	16	17	18	19	20	21	22	47	#
390	13581	14	15	16	17	18	19	20	21	22	23	47	#
391	13016	15	16	17	18	19	20	21	22	23	24	47	#
392	8497	0	1	2	3	4	5	6	7	8	48	#
393	8497	1	2	3	4	5	6	7	8	9	48	#
394	8497	2	3	4	5	6	7	8	9	10	48	#
395	8497	3	4	5	6	7	8	9	10	11	48	#
396	8497	4	5	6	7	8	9	10	11	12	48	#
397	8497	5	6	7	8	9	10	11	12	13	48	#
398	8497	6	7	8	9	10	11	12	13	14	48	#
399	8497	7	8	9	10	11	12	13	14	15	48	#
400	8497	8	9	10	11	12	13	14	15	16	48	#
401	8497	9	10	11	12	13	14	15	16	17	48	#
402	8497	10	11	12	13	14	15	16	17	18	48	#
403	8497	11	12	13	14	15	16	17	18	19	48	#
404	8497	12	13	14	15	16	17	18	19	20	48	#
405	8497	13	14	15	16	17	18	19	20	21	48	#
406	8497	14	15	16	17	18	19	20	21	22	48	#
407	8497	15	16	17	18	19	20	21	22	23	48	#
408	8497	16	17	18	19	20	21	22	23	24	48	#
409	3883	0	1	2	49	#
410	3883	1	2	3	49	#
411	3883	2	3	4	49	#
412	3883	3	4	5	49	#
413	3883	4	5	6	49	#
414	3883	5	6	7	49	#
415	3883	6	7	8	49	#
416	3883	7	8	9	49	#
417	2999	0	1	50	#
418	2999	1	2	50	#
419	2999	2	3	50	#
420	2999	3	4	50	#
421	2999	4	5	50	#
422	2999	5	6	50	#
423	2999	6	7	50	#
424	2999	7	8	50	#
425	2999	8	9	50	#
426	2999	9	10	50	#
427	2999	10	11	50	#
428	2999	11	12	50	#
429	2999	12	13	50	#
430	2999	13	14	50	#
431	2999	14	15	50	#
432	2999	15	16	50	#
433	2999	16	17	50	#
434	2999	17	18	50	#
435	2999	18	19	50	#
436	2999	19	20	50	#
437	2999	20	21	50	#
438	2999	21	22	50	#
439	2999	22	23	50	#
440	2999	23	24	50	#
441	6983	0	1	2	3	4	5	6	7	51	#
442	6983	1	2	3	4	5	6	7	8	51	#
443	2660	2	3	4	5	6	7	8	9	51	#
444	2660	3	4	5	6	7	8	9	10	51	#
445	2660	4	5	6	7	8	9	10	11	51	#
446	2660	5	6	7	8	9	10	11	12	51	#
447	2660	6	7	8	9	10	11	12	13	51	#
448	2660	7	8	9	10	11	12	13	14	51	#
449	2660	8	9	10	11	12	13	14	15	51	#
450	2660	9	10	11	12	13	14	15	16	51	#
451	2660	10	11	12	13	14	15	16	17	51	#
452	2660	11	12	13	14	15	16	17	18	51	#
453	2660	12	13	14	15	16	17	18	19	51	#
454	2660	13	14	15	16	17	18	19	20	51	#
455	2660	14	15	16	17	18	19	20	21	51	#
456	2539	15	16	17	18	19	20	21	22	51	#
457	2328	16	17	18	19	20	21	22	23	51	#
458	2328	17	18	19	20	21	22	23	24	51	#
459	6670	0	1	2	3	52	#
460	6670	1	2	3	4	52	#
461	6670	2	3	4	5	52	#
462	6670	3	4	5	6	52	#
463	6670	4	5	6	7	52	#
464	6670	5	6	7	8	52	#
465	6670	6	7	8	9	52	#
466	6670	7	8	9	10	52	#
467	6670	8	9	10	11	52	#
468	6670	9	10	11	12	52	#
469	6670	10	11	12	13	52	#
470	6670	11	12	13	14	52	#
471	6670	12	13	14	15	52	#
472	6670	13	14	15	16	52	#
473	6670	14	15	16	17	52	#
474	8590	0	1	2	3	4	5	6	53	#
475	8590	1	2	3	4	5	6	7	53	#
476	8590	2	3	4	5	6	7	8	53	#
477	8590	3	4	5	6	7	8	9	53	#
478	3361	4	5	6	7	8	9	10	53	#
479	3361	5	6	7	8	9	10	11	53	#
480	3361	6	7	8	9	10	11	12	53	#
481	3361	7	8	9	10	11	12	13	53	#
482	3361	8	9	10	11	12	13	14	53	#
483	3361	9	10	11	12	13	14	15	53	#
484	3361	10	11	12	13	14	15	16	53	#
485	3361	11	12	13	14	15	16	17	53	#
486	3361	12	13	14	15	16	17	18	53	#
487	3361	13	14	15	16	17	18	19	53	#
488	3361	14	15	16	17	18	19	20	53	#
489	3361	15	16	17	18	19	20	21	53	#
490	3361	16	17	18	19	20	21	22	53	#
491	3361	17	18	19	20	21	22	23	53	#
492	3221	18	19	20	21	22	23	24	53	#
493	17951	0	1	2	3	4	5	6	7	54	#
494	17951	1	2	3	4	5	6	7	8	54	#
495	17951	2	3	4	5	6	7	8	9	54	#
496	17951	3	4	5	6	7	8	9	10	54	#
497	17951	4	5	6	7	8	9	10	11	54	#
498	17951	5	6	7	8	9	10	11	12	54	#
499	17951	6	7	8	9	10	11	12	13	54	#
500	17951	7	8	9	10	11	12	13	14	54	#
501	17951	8	9	10	11	12	13	14	15	54	#
502	17951	9	10	11	12	13	14	15	16	54	#
503	17951	10	11	12	13	14	15	16	17	54	#
504	17951	11	12	13	14	15	16	17	18	54	#
505	17951	12	13	14	15	16	17	18	19	54	#
506	17951	13	14	15	16	17	18	19	20	54	#
507	17951	14	15	16	17	18	19	20	21	54	#
508	3960	0	1	2	55	#
509	3960	1	2	3	55	#
510	3960	2	3	4	55	#
511	3960	3	4	5	55	#
512	3960	4	5	6	55	#
513	3960	5	6	7	55	#
514	3960	6	7	8	55	#
515	3960	7	8	9	55	#
516	3960	8	9	10	55	#
517	3960	9	10	11	55	#
518	3960	10	11	12	55	#
519	3960	11	12	13	55	#
520	3960	12	13	14	55	#
521	3960	13	14	15	55	#
522	3960	14	15	16	55	#
523	3960	15	16	17	55	#
524	3960	16	17	18	55	#
525	3960	17	18	19	55	#
526	3960	18	19	20	55	#
527	3960	19	20	21	55	#
528	3960	20	21	22	55	#
529	3788	21	22	23	55	#
530	3630	22	23	24	55	#
531	12409	0	1	2	3	4	5	6	7	56	#
532	12409	1	2	3	4	5	6	7	8	56	#
533	12409	2	3	4	5	6	7	8	9	56	#
534	12409	3	4	5	6	7	8	9	10	56	#
535	12409	4	5	6	7	8	9	10	11	56	#
536	12409	5	6	7	8	9	10	11	12	56	#
537	12409	6	7	8	9	10	11	12	13	56	#
538	12409	7	8	9	10	11	12	13	14	56	#
539	12409	8	9	10	11	12	13	14	15	56	#
540	12409	9	10	11	12	13	14	15	16	56	#
541	9025	10	11	12	13	14	15	16	17	56	#
542	9025	11	12	13	14	15	16	17	18	56	#
543	9025	12	13	14	15	16	17	18	19	56	#
544	9025	13	14	15	16	17	18	19	20	56	#
545	9025	14	15	16	17	18	19	20	21	56	#
546	9025	15	16	17	18	19	20	21	22	56	#
547	8632	16	17	18	19	20	21	22	23	56	#
548	8273	17	18	19	20	21	22	23	24	56	#
549	12592	0	1	2	3	4	5	6	57	#
550	12592	1	2	3	4	5	6	7	57	#
551	12592	2	3	4	5	6	7	8	57	#
552	5926	3	4	5	6	7	8	9	57	#
553	5926	4	5	6	7	8	9	10	57	#
554	5926	5	6	7	8	9	10	11	57	#
555	5926	6	7	8	9	10	11	12	57	#
556	5926	7	8	9	10	11	12	13	57	#
557	5926	8	9	10	11	12	13	14	57	#
558	5926	9	10	11	12	13	14	15	57	#
559	5926	10	11	12	13	14	15	16	57	#
560	5926	11	12	13	14	15	16	17	57	#
561	13936	0	1	2	3	4	5	6	7	8	58	#
562	13936	1	2	3	4	5	6	7	8	9	58	#
563	13936	2	3	4	5	6	7	8	9	10	58	#
564	13936	3	4	5	6	7	8	9	10	11	58	#
565	13936	4	5	6	7	8	9	10	11	12	58	#
566	13936	5	6	7	8	9	10	11	12	13	58	#
567	13936	6	7	8	9	10	11	12	13	14	58	#
568	13936	7	8	9	10	11	12	13	14	15	58	#
569	13936	8	9	10	11	12	13	14	15	16	58	#
570	10618	9	10	11	12	13	14	15	16	17	58	#
571	10618	10	11	12	13	14	15	16	17	18	58	#
572	10618	11	12	13	14	15	16	17	18	19	58	#
573	10618	12	13	14	15	16	17	18	19	20	58	#
574	10618	13	14	15	16	17	18	19	20	21	58	#
575	9535	0	1	2	3	4	5	6	59	#
576	9535	1	2	3	4	5	6	7	59	#
577	9535	2	3	4	5	6	7	8	59	#
578	9535	3	4	5	6	7	8	9	59	#
579	9535	4	5	6	7	8	9	10	59	#
580	9535	5	6	7	8	9	10	11	59	#
581	9535	6	7	8	9	10	11	12	59	#
582	9535	7	8	9	10	11	12	13	59	#
583	9535	8	9	10	11	12	13	14	59	#
584	9535	9	10	11	12	13	14	15	59	#
585	9535	10	11	12	13	14	15	16	59	#
586	9535	11	12	13	14	15	16	17	59	#
587	9373	0	1	2	3	4	5	6	7	8	9	60	#
588	9373	1	2	3	4	5	6	7	8	9	10	60	#
589	9373	2	3	4	5	6	7	8	9	10	11	60	#
590	9373	3	4	5	6	7	8	9	10	11	12	60	#
591	9373	4	5	6	7	8	9	10	11	12	13	60	#
592	9373	5	6	7	8	9	10	11	12	13	14	60	#
593	9373	6	7	8	9	10	11	12	13	14	15	60	#
594	9373	7	8	9	10	11	12	13	14	15	16	60	#
595	9373	8	9	10	11	12	13	14	15	16	17	60	#
596	9373	9	10	11	12	13	14	15	16	17	18	60	#
597	9373	10	11	12	13	14	15	16	17	18	19	60	#
598	9373	11	12	13	14	15	16	17	18	19	20	60	#
599	9373	12	13	14	15	16	17	18	19	20	21	60	#
600	9373	13	14	15	16	17	18	19	20	21	22	60	#
601	9373	14	15	16	17	18	19	20	21	22	23	60	#
602	9373	15	16	17	18	19	20	21	22	23	24	60	#
603	10406	0	1	2	3	4	5	6	61	#
604	10406	1	2	3	4	5	6	7	61	#
605	10406	2	3	4	5	6	7	8	61	#
606	10406	3	4	5	6	7	8	9	61	#
607	10406	4	5	6	7	8	9	10	61	#
608	10406	5	6	7	8	9	10	11	61	#
609	10406	6	7	8	9	10	11	12	61	#
610	10406	7	8	9	10	11	12	13	61	#
611	10406	8	9	10	11	12	13	14	61	#
612	10406	9	10	11	12	13	14	15	61	#
613	10406	10	11	12	13	14	15	16	61	#
614	9565	0	1	2	3	4	5	6	7	62	#
615	9565	1	2	3	4	5	6	7	8	62	#
616	9565	2	3	4	5	6	7	8	9	62	#
617	9565	3	4	5	6	7	8	9	10	62	#
618	9565	4	5	6	7	8	9	10	11	62	#
619	9565	5	6	7	8	9	10	11	12	62	#
620	9565	6	7	8	9	10	11	12	13	62	#
621	9565	7	8	9	10	11	12	13	14	62	#
622	9565	8	9	10	11	12	13	14	15	62	#
623	9565	9	10	11	12	13	14	15	16	62	#
624	23439	0	1	2	3	4	5	6	7	8	9	63	#
625	9172	1	2	3	4	5	6	7	8	9	10	63	#
626	9172	2	3	4	5	6	7	8	9	10	11	63	#
627	9172	3	4	5	6	7	8	9	10	11	12	63	#
628	9172	4	5	6	7	8	9	10	11	12	13	63	#
629	9172	5	6	7	8	9	10	11	12	13	14	63	#
630	9172	6	7	8	9	10	11	12	13	14	15	63	#
631	9172	7	8	9	10	11	12	13	14	15	16	63	#
632	9172	8	9	10	11	12	13	14	15	16	17	63	#
633	9172	9	10	11	12	13	14	15	16	17	18	63	#
634	9172	10	11	12	13	14	15	16	17	18	19	63	#
635	9172	11	12	13	14	15	16	17	18	19	20	63	#
636	9172	12	13	14	15	16	17	18	19	20	21	63	#
637	9172	13	14	15	16	17	18	19	20	21	22	63	#
638	9172	14	15	16	17	18	19	20	21	22	23	63	#
639	8790	15	16	17	18	19	20	21	22	23	24	63	#
640	20093	0	1	2	3	4	5	6	7	8	64	#
641	20093	1	2	3	4	5	6	7	8	9	64	#
642	20093	2	3	4	5	6	7	8	9	10	64	#
643	8736	3	4	5	6	7	8	9	10	11	64	#
644	8736	4	5	6	7	8	9	10	11	12	64	#
645	8736	5	6	7	8	9	10	11	12	13	64	#
646	8736	6	7	8	9	10	11	12	13	14	64	#
647	8736	7	8	9	10	11	12	13	14	15	64	#
648	8736	8	9	10	11	12	13	14	15	16	64	#
649	8736	9	10	11	12	13	14	15	16	17	64	#
650	8736	10	11	12	13	14	15	16	17	18	64	#
651	8736	11	12	13	14	15	16	17	18	19	64	#
652	8736	12	13	14	15	16	17	18	19	20	64	#
653	8736	13	14	15	16	17	18	19	20	21	64	#
654	8736	14	15	16	17	18	19	20	21	22	64	#
655	8736	15	16	17	18	19	20	21	22	23	64	#
656	8372	16	17	18	19	20	21	22	23	24	64	#
657	19965	0	1	2	3	4	5	6	7	8	9	65	#
658	19965	1	2	3	4	5	6	7	8	9	10	65	#
659	19965	2	3	4	5	6	7	8	9	10	11	65	#
660	19965	3	4	5	6	7	8	9	10	11	12	65	#
661	19965	4	5	6	7	8	9	10	11	12	13	65	#
662	12360	5	6	7	8	9	10	11	12	13	14	65	#
663	12360	6	7	8	9	10	11	12	13	14	15	65	#
664	12360	7	8	9	10	11	12	13	14	15	16	65	#
665	12360	8	9	10	11	12	13	14	15	16	17	65	#
666	12360	9	10	11	12	13	14	15	16	17	18	65	#
667	12360	10	11	12	13	14	15	16	17	18	19	65	#
668	12360	11	12	13	14	15	16	17	18	19	20	65	#
669	12360	12	13	14	15	16	17	18	19	20	21	65	#
670	4439	0	1	2	3	4	66	#
671	4439	1	2	3	4	5	66	#
672	4439	2	3	4	5	6	66	#
673	4439	3	4	5	6	7	66	#
674	4439	4	5	6	7	8	66	#
675	4439	5	6	7	8	9	66	#
676	7905	0	1	2	3	4	5	67	#
677	7905	1	2	3	4	5	6	67	#
678	7905	2	3	4	5	6	7	67	#
679	7905	3	4	5	6	7	8	67	#
680	7905	4	5	6	7	8	9	67	#
681	7905	5	6	7	8	9	10	67	#
682	7905	6	7	8	9	10	11	67	#
683	7905	7	8	9	10	11	12	67	#
684	7905	8	9	10	11	12	13	67	#
685	7905	9	10	11	12	13	14	67	#
686	7905	10	11	12	13	14	15	67	#
687	7905	11	12	13	14	15	16	67	#
688	7905	12	13	14	15	16	17	67	#
689	7073	13	14	15	16	17	18	67	#
690	7073	14	15	16	17	18	19	67	#
691	6108	15	16	17	18	19	20	67	#
692	6108	16	17	18	19	20	21	67	#
693	6108	17	18	19	20	21	22	67	#
694	5843	18	19	20	21	22	23	67	#
695	8120	0	1	2	3	4	5	6	7	68	#
696	8120	1	2	3	4	5	6	7	8	68	#
697	8120	2	3	4	5	6	7	8	9	68	#
698	8120	3	4	5	6	7	8	9	10	68	#
699	8120	4	5	6	7	8	9	10	11	68	#
700	8120	5	6	7	8	9	10	11	12	68	#
701	8120	6	7	8	9	10	11	12	13	68	#
702	8120	7	8	9	10	11	12	13	14	68	#
703	838	0	69	#
704	838	1	69	#
705	838	2	69	#
706	838	3	69	#
707	838	4	69	#
708	838	5	69	#
709	838	6	69	#
710	838	7	69	#
711	10744	0	1	2	3	4	5	6	70	#
712	10744	1	2	3	4	5	6	7	70	#
713	10744	2	3	4	5	6	7	8	70	#
714	10744	3	4	5	6	7	8	9	70	#
715	10744	4	5	6	7	8	9	10	70	#
716	10744	5	6	7	8	9	10	11	70	#
717	6952	6	7	8	9	10	11	12	70	#
718	6952	7	8	9	10	11	12	13	70	#
719	6952	8	9	10	11	12	13	14	70	#
720	6952	9	10	11	12	13	14	15	70	#
721	6952	10	11	12	13	14	15	16	70	#
722	6952	11	12	13	14	15	16	17	70	#
723	6988	0	1	2	3	4	5	6	71	#
724	1997	1	2	3	4	5	6	7	71	#
725	1997	2	3	4	5	6	7	8	71	#
726	1997	3	4	5	6	7	8	9	71	#
727	1997	4	5	6	7	8	9	10	71	#
728	1997	5	6	7	8	9	10	11	71	#
729	1997	6	7	8	9	10	11	12	71	#
730	1997	7	8	9	10	11	12	13	71	#
731	1997	8	9	10	11	12	13	14	71	#
732	1997	9	10	11	12	13	14	15	71	#
733	1997	10	11	12	13	14	15	16	71	#
734	1997	11	12	13	14	15	16	17	71	#
735	1997	12	13	14	15	16	17	18	71	#
736	1997	13	14	15	16	17	18	19	71	#
737	1997	14	15	16	17	18	19	20	71	#
738	1997	15	16	17	18	19	20	21	71	#
739	1906	16	17	18	19	20	21	22	71	#
740	1823	17	18	19	20	21	22	23	71	#
741	8536	0	1	2	3	4	5	6	7	8	72	#
742	7588	1	2	3	4	5	6	7	8	9	72	#
743	4553	2	3	4	5	6	7	8	9	10	72	#
744	4553	3	4	5	6	7	8	9	10	11	72	#
745	4553	4	5	6	7	8	9	10	11	12	72	#
746	4553	5	6	7	8	9	10	11	12	13	72	#
747	4553	6	7	8	9	10	11	12	13	14	72	#
748	4553	7	8	9	10	11	12	13	14	15	72	#
749	2969	8	9	10	11	12	13	14	15	16	72	#
750	2969	9	10	11	12	13	14	15	16	17	72	#
751	2969	10	11	12	13	14	15	16	17	18	72	#
752	2969	11	12	13	14	15	16	17	18	19	72	#
753	2969	12	13	14	15	16	17	18	19	20	72	#
754	2969	13	14	15	16	17	18	19	20	21	72	#
755	2969	14	15	16	17	18	19	20	21	22	72	#
756	2969	15	16	17	18	19	20	21	22	23	72	#
757	10615	0	1	2	3	4	5	6	7	8	9	73	#
758	10615	1	2	3	4	5	6	7	8	9	10	73	#
759	10615	2	3	4	5	6	7	8	9	10	11	73	#
760	10615	3	4	5	6	7	8	9	10	11	12	73	#
761	10615	4	5	6	7	8	9	10	11	12	13	73	#
762	10615	5	6	7	8	9	10	11	12	13	14	73	#
763	10615	6	7	8	9	10	11	12	13	14	15	73	#
764	10615	7	8	9	10	11	12	13	14	15	16	73	#
765	10615	8	9	10	11	12	13	14	15	16	17	73	#
766	10615	9	10	11	12	13	14	15	16	17	18	73	#
767	10615	10	11	12	13	14	15	16	17	18	19	73	#
768	10615	11	12	13	14	15	16	17	18	19	20	73	#
769	10615	12	13	14	15	16	17	18	19	20	21	73	#
770	10615	13	14	15	16	17	18	19	20	21	22	73	#
771	10615	14	15	16	17	18	19	20	21	22	23	73	#
772	10615	15	16	17	18	19	20	21	22	23	24	73	#
773	12647	0	1	2	3	4	5	74	#
774	12647	1	2	3	4	5	6	74	#
775	12647	2	3	4	5	6	7	74	#
776	12647	3	4	5	6	7	8	74	#
777	12647	4	5	6	7	8	9	74	#
778	12647	5	6	7	8	9	10	74	#
779	12647	6	7	8	9	10	11	74	#
780	12647	7	8	9	10	11	12	74	#
781	12647	8	9	10	11	12	13	74	#
782	12647	9	10	11	12	13	14	74	#
783	12647	10	11	12	13	14	15	74	#
784	12647	11	12	13	14	15	16	74	#
785	8431	12	13	14	15	16	17	74	#
786	8431	13	14	15	16	17	18	74	#
787	8431	14	15	16	17	18	19	74	#
788	8431	15	16	17	18	19	20	74	#
789	8431	16	17	18	19	20	21	74	#
790	8431	17	18	19	20	21	22	74	#
791	8431	18	19	20	21	22	23	74	#
792	8431	19	20	21	22	23	24	74	#
793	5609	0	1	2	3	4	5	75	#
794	5609	1	2	3	4	5	6	75	#
795	5609	2	3	4	5	6	7	75	#
796	5609	3	4	5	6	7	8	75	#
797	5609	4	5	6	7	8	9	75	#
798	5609	5	6	7	8	9	10	75	#
799	5609	6	7	8	9	10	11	75	#
800	5609	7	8	9	10	11	12	75	#
801	5609	8	9	10	11	12	13	75	#
802	5609	9	10	11	12	13	14	75	#
803	5609	10	11	12	13	14	15	75	#
804	5609	11	12	13	14	15	16	75	#
805	5609	12	13	14	15	16	17	75	#
806	5609	13	14	15	16	17	18	75	#
807	5609	14	15	16	17	18	19	75	#
808	5609	15	16	17	18	19	20	75	#
809	5609	16	17	18	19	20	21	75	#
810	5609	17	18	19	20	21	22	75	#
811	5609	18	19	20	21	22	23	75	#
812	5609	19	20	21	22	23	24	75	#
813	4915	0	1	2	3	4	76	#
814	4915	1	2	3	4	5	76	#
815	4915	2	3	4	5	6	76	#
816	4915	3	4	5	6	7	76	#
817	4915	4	5	6	7	8	76	#
818	4915	5	6	7	8	9	76	#
819	4915	6	7	8	9	10	76	#
820	4915	7	8	9	10	11	76	#
821	4915	8	9	10	11	12	76	#
822	4915	9	10	11	12	13	76	#
823	14527	0	1	2	3	4	5	6	7	77	#
824	14527	1	2	3	4	5	6	7	8	77	#
825	14527	2	3	4	5	6	7	8	9	77	#
826	14527	3	4	5	6	7	8	9	10	77	#
827	14527	4	5	6	7	8	9	10	11	77	#
828	14527	5	6	7	8	9	10	11	12	77	#
829	14527	6	7	8	9	10	11	12	13	77	#
830	14527	7	8	9	10	11	12	13	14	77	#
831	14527	8	9	10	11	12	13	14	15	77	#
832	14527	9	10	11	12	13	14	15	16	77	#
833	14527	10	11	12	13	14	15	16	17	77	#
834	14527	11	12	13	14	15	16	17	18	77	#
835	14527	12	13	14	15	16	17	18	19	77	#
836	14527	13	14	15	16	17	18	19	20	77	#
837	14527	14	15	16	17	18	19	20	21	77	#
838	14527	15	16	17	18	19	20	21	22	77	#
839	14527	16	17	18	19	20	21	22	23	77	#
840	13922	17	18	19	20	21	22	23	24	77	#
841	3526	0	1	2	3	78	#
842	3526	1	2	3	4	78	#
843	3526	2	3	4	5	78	#
844	3526	3	4	5	6	78	#
845	3526	4	5	6	7	78	#
846	3526	5	6	7	8	78	#
847	3526	6	7	8	9	78	#
848	3526	7	8	9	10	78	#
849	3526	8	9	10	11	78	#
850	3526	9	10	11	12	78	#
851	3526	10	11	12	13	78	#
852	3526	11	12	13	14	78	#
853	3526	12	13	14	15	78	#
854	3526	13	14	15	16	78	#
855	3526	14	15	16	17	78	#
856	706	0	79	#
857	706	1	79	#
858	706	2	79	#
859	706	3	79	#
860	706	4	79	#
861	706	5	79	#
862	706	6	79	#
863	706	7	79	#
864	706	8	79	#
865	706	9	79	#
866	706	10	79	#
867	706	11	79	#
868	706	12	79	#
869	706	13	79	#
870	1001	0	80	#
871	1001	1	80	#
872	1001	2	80	#
873	1001	3	80	#
874	1001	4	80	#
875	1001	5	80	#
876	1001	6	80	#
877	1001	7	80	#
878	1001	8	80	#
879	1001	9	80	#
880	1001	10	80	#
881	1001	11	80	#
882	1001	12	80	#
883	1001	13	80	#
884	1001	14	80	#
885	1001	15	80	#
886	751	16	80	#
887	751	17	80	#
888	751	18	80	#
889	751	19	80	#
890	751	20	80	#
891	6529	0	1	2	3	4	5	6	7	81	#
892	6529	1	2	3	4	5	6	7	8	81	#
893	6529	2	3	4	5	6	7	8	9	81	#
894	6529	3	4	5	6	7	8	9	10	81	#
895	6529	4	5	6	7	8	9	10	11	81	#
896	6529	5	6	7	8	9	10	11	12	81	#
897	6529	6	7	8	9	10	11	12	13	81	#
898	6529	7	8	9	10	11	12	13	14	81	#
899	6529	8	9	10	11	12	13	14	15	81	#
900	6529	9	10	11	12	13	14	15	16	81	#
901	4542	10	11	12	13	14	15	16	17	81	#
902	4542	11	12	13	14	15	16	17	18	81	#
903	4542	12	13	14	15	16	17	18	19	81	#
904	4542	13	14	15	16	17	18	19	20	81	#
905	4542	14	15	16	17	18	19	20	21	81	#
906	4542	15	16	17	18	19	20	21	22	81	#
907	4542	16	17	18	19	20	21	22	23	81	#
908	2265	0	1	82	#
909	2265	1	2	82	#
910	2265	2	3	82	#
911	2265	3	4	82	#
912	2265	4	5	82	#
913	2265	5	6	82	#
914	2265	6	7	82	#
915	1057	7	8	82	#
916	1057	8	9	82	#
917	1057	9	10	82	#
918	1057	10	11	82	#
919	1057	11	12	82	#
920	1057	12	13	82	#
921	1057	13	14	82	#
922	1057	14	15	82	#
923	881	15	16	82	#
924	881	16	17	82	#
925	881	17	18	82	#
926	689	18	19	82	#
927	689	19	20	82	#
928	689	20	21	82	#
929	689	21	22	82	#
930	689	22	23	82	#
931	16626	0	1	2	3	4	5	6	7	8	9	83	#
932	16626	1	2	3	4	5	6	7	8	9	10	83	#
933	16626	2	3	4	5	6	7	8	9	10	11	83	#
934	16626	3	4	5	6	7	8	9	10	11	12	83	#
935	16626	4	5	6	7	8	9	10	11	12	13	83	#
936	14410	5	6	7	8	9	10	11	12	13	14	83	#
937	14410	6	7	8	9	10	11	12	13	14	15	83	#
938	9825	7	8	9	10	11	12	13	14	15	16	83	#
939	9825	8	9	10	11	12	13	14	15	16	17	83	#
940	9825	9	10	11	12	13	14	15	16	17	18	83	#
941	9825	10	11	12	13	14	15	16	17	18	19	83	#
942	9825	11	12	13	14	15	16	17	18	19	20	83	#
943	9825	12	13	14	15	16	17	18	19	20	21	83	#
944	9825	13	14	15	16	17	18	19	20	21	22	83	#
945	8006	0	1	2	3	4	5	84	#
946	8006	1	2	3	4	5	6	84	#
947	8006	2	3	4	5	6	7	84	#
948	8006	3	4	5	6	7	8	84	#
949	8006	4	5	6	7	8	9	84	#
950	8006	5	6	7	8	9	10	84	#
951	8006	6	7	8	9	10	11	84	#
952	8006	7	8	9	10	11	12	84	#
953	5651	8	9	10	11	12	13	84	#
954	5651	9	10	11	12	13	14	84	#
955	5651	10	11	12	13	14	15	84	#
956	5651	11	12	13	14	15	16	84	#
957	5651	12	13	14	15	16	17	84	#
958	5337	13	14	15	16	17	18	84	#
959	5676	0	1	2	3	85	#
960	5676	1	2	3	4	85	#
961	5676	2	3	4	5	85	#
962	5676	3	4	5	6	85	#
963	5676	4	5	6	7	85	#
964	5676	5	6	7	8	85	#
965	5676	6	7	8	9	85	#
966	5676	7	8	9	10	85	#
967	5676	8	9	10	11	85	#
968	5676	9	10	11	12	85	#
969	5676	10	11	12	13	85	#
970	5676	11	12	13	14	85	#
971	5676	12	13	14	15	85	#
972	5676	13	14	15	16	85	#
973	5676	14	15	16	17	85	#
974	5676	15	16	17	18	85	#
975	5676	16	17	18	19	85	#
976	5676	17	18	19	20	85	#
977	15453	0	1	2	3	4	5	6	86	#
978	15453	1	2	3	4	5	6	7	86	#
979	15453	2	3	4	5	6	7	8	86	#
980	15453	3	4	5	6	7	8	9	86	#
981	15453	4	5	6	7	8	9	10	86	#
982	15453	5	6	7	8	9	10	11	86	#
983	15453	6	7	8	9	10	11	12	86	#
984	15453	7	8	9	10	11	12	13	86	#
985	15453	8	9	10	11	12	13	14	86	#
986	15453	9	10	11	12	13	14	15	86	#
987	15453	10	11	12	13	14	15	16	86	#
988	15453	11	12	13	14	15	16	17	86	#
989	15453	12	13	14	15	16	17	18	86	#
990	15453	13	14	15	16	17	18	19	86	#
991	15453	14	15	16	17	18	19	20	86	#
992	15453	15	16	17	18	19	20	21	86	#
993	15453	16	17	18	19	20	21	22	86	#
994	15453	17	18	19	20	21	22	23	86	#
995	14809	18	19	20	21	22	23	24	86	#
996	4631	0	1	2	3	4	5	87	#
997	4631	1	2	3	4	5	6	87	#
998	4631	2	3	4	5	6	7	87	#
999	4631	3	4	5	6	7	8	87	#
1000	4631	4	5	6	7	8	9	87	#
1001	4631	5	6	7	8	9	10	87	#
1002	4631	6	7	8	9	10	11	87	#
1003	4631	7	8	9	10	11	12	87	#
1004	4631	8	9	10	11	12	13	87	#
1005	4631	9	10	11	12	13	14	87	#
1006	4631	10	11	12	13	14	15	87	#
1007	4631	11	12	13	14	15	16	87	#
1008	4359	12	13	14	15	16	17	87	#
1009	4117	13	14	15	16	17	18	87	#
1010	3900	14	15	16	17	18	19	87	#
