%% File generated by CATS v.2.1Mon Aug 19 20:45:45 2019

%% The CATS webpage is http://robotics.stanford.edu/CATS

%% PARAMETER SETTINGS:
% Goods: 10; Bids: 100; Distribution: scheduling; Runs: 10; Seed: 1566267544
% Scheduling Distribution Parameters:
% max_length                = 10
% deviation                 = 0.500000
% prob_additional_deadline  = 0.700000
% additivity                = 0.200000



goods 10
bids 101
dummy 28

0	17023	0	1	2	3	4	5	6	7	10	#
1	17023	1	2	3	4	5	6	7	8	10	#
2	15131	2	3	4	5	6	7	8	9	10	#
3	12373	0	1	2	3	4	5	#
4	9868	1	2	3	4	5	6	11	#
5	9868	2	3	4	5	6	7	11	#
6	8635	3	4	5	6	7	8	11	#
7	7675	4	5	6	7	8	9	11	#
8	1352	8	9	24	#
9	4575	0	1	2	3	4	16	#
10	4575	1	2	3	4	5	16	#
11	4575	2	3	4	5	6	16	#
12	4990	0	1	2	17	#
13	4990	1	2	3	17	#
14	4990	2	3	4	17	#
15	3992	3	4	5	17	#
16	2218	4	5	6	17	#
17	2218	5	6	7	17	#
18	2218	6	7	8	17	#
19	2218	7	8	9	17	#
20	3720	0	1	2	18	#
21	3720	1	2	3	18	#
22	3720	2	3	4	18	#
23	3720	3	4	5	18	#
24	3720	4	5	6	18	#
25	3720	5	6	7	18	#
26	2894	6	7	8	18	#
27	2894	7	8	9	18	#
28	6427	4	5	6	7	8	9	19	#
29	7231	1	2	3	4	5	6	19	#
30	7231	2	3	4	5	6	7	19	#
31	7231	3	4	5	6	7	8	19	#
32	1564	0	1	20	#
33	391	1	2	20	#
34	391	2	3	20	#
35	391	3	4	20	#
36	4233	0	1	2	3	21	#
37	4233	1	2	3	4	21	#
38	4233	2	3	4	5	21	#
39	4233	3	4	5	6	21	#
40	7327	4	5	6	7	8	9	22	#
41	8243	1	2	3	4	5	6	22	#
42	8243	2	3	4	5	6	7	22	#
43	8243	3	4	5	6	7	8	22	#
44	22021	0	1	2	3	4	5	6	7	8	9	#
45	3042	0	1	24	#
46	3042	1	2	24	#
47	3042	2	3	24	#
48	3042	3	4	24	#
49	2028	4	5	24	#
50	2028	5	6	24	#
51	1738	6	7	24	#
52	1352	7	8	24	#
53	11514	2	3	4	5	6	7	8	9	26	#
54	11514	1	2	3	4	5	6	7	8	26	#
55	5389	0	1	2	3	27	#
56	5389	1	2	3	4	27	#
57	4311	2	3	4	5	27	#
58	15064	0	1	2	3	4	5	6	28	#
59	11298	1	2	3	4	5	6	7	28	#
60	11298	2	3	4	5	6	7	8	28	#
61	5205	0	1	2	3	29	#
62	5205	1	2	3	4	29	#
63	5205	2	3	4	5	29	#
64	5205	3	4	5	6	29	#
65	5205	4	5	6	7	29	#
66	1331	0	1	30	#
67	1331	1	2	30	#
68	1331	2	3	30	#
69	1331	3	4	30	#
70	1331	4	5	30	#
71	1331	5	6	30	#
72	1331	6	7	30	#
73	1331	7	8	30	#
74	1183	8	9	30	#
75	2410	0	1	31	#
76	2410	1	2	31	#
77	803	2	3	31	#
78	803	3	4	31	#
79	803	4	5	31	#
80	803	5	6	31	#
81	3196	0	1	32	#
82	3196	1	2	32	#
83	3196	2	3	32	#
84	3196	3	4	32	#
85	20928	0	1	2	3	4	5	6	7	8	33	#
86	20928	1	2	3	4	5	6	7	8	9	33	#
87	15441	0	1	2	3	4	5	6	7	8	34	#
88	13725	1	2	3	4	5	6	7	8	9	34	#
89	10460	4	5	6	7	8	9	35	#
90	10460	1	2	3	4	5	6	35	#
91	10460	2	3	4	5	6	7	35	#
92	10460	3	4	5	6	7	8	35	#
93	4415	0	1	2	37	#
94	4415	1	2	3	37	#
95	4415	2	3	4	37	#
96	4415	3	4	5	37	#
97	3154	4	5	6	37	#
98	3154	5	6	7	37	#
99	2759	6	7	8	37	#
100	2453	7	8	9	37	#
