%% File generated by CATS v.2.1Mon Aug 19 20:46:14 2019

%% The CATS webpage is http://robotics.stanford.edu/CATS

%% PARAMETER SETTINGS:
% Goods: 55; Bids: 2200; Distribution: scheduling; Runs: 10; Seed: 1566267671
% Scheduling Distribution Parameters:
% max_length                = 10
% deviation                 = 0.500000
% prob_additional_deadline  = 0.700000
% additivity                = 0.200000



goods 55
bids 2227
dummy 60

0	8598	0	1	2	3	4	5	55	#
1	8598	1	2	3	4	5	6	55	#
2	8598	2	3	4	5	6	7	55	#
3	8598	3	4	5	6	7	8	55	#
4	8598	4	5	6	7	8	9	55	#
5	8598	5	6	7	8	9	10	55	#
6	8598	6	7	8	9	10	11	55	#
7	8598	7	8	9	10	11	12	55	#
8	8598	8	9	10	11	12	13	55	#
9	6575	9	10	11	12	13	14	55	#
10	6575	10	11	12	13	14	15	55	#
11	6575	11	12	13	14	15	16	55	#
12	6575	12	13	14	15	16	17	55	#
13	3365	0	1	2	56	#
14	3365	1	2	3	56	#
15	3365	2	3	4	56	#
16	3365	3	4	5	56	#
17	3365	4	5	6	56	#
18	3365	5	6	7	56	#
19	3365	6	7	8	56	#
20	3365	7	8	9	56	#
21	3365	8	9	10	56	#
22	3365	9	10	11	56	#
23	3365	10	11	12	56	#
24	3365	11	12	13	56	#
25	3365	12	13	14	56	#
26	3365	13	14	15	56	#
27	3365	14	15	16	56	#
28	3365	15	16	17	56	#
29	3365	16	17	18	56	#
30	3365	17	18	19	56	#
31	3365	18	19	20	56	#
32	3365	19	20	21	56	#
33	3365	20	21	22	56	#
34	3365	21	22	23	56	#
35	3365	22	23	24	56	#
36	3365	23	24	25	56	#
37	3365	24	25	26	56	#
38	3365	25	26	27	56	#
39	6456	0	1	2	3	57	#
40	6456	1	2	3	4	57	#
41	6456	2	3	4	5	57	#
42	6456	3	4	5	6	57	#
43	6456	4	5	6	7	57	#
44	6456	5	6	7	8	57	#
45	6456	6	7	8	9	57	#
46	6456	7	8	9	10	57	#
47	4035	8	9	10	11	57	#
48	4035	9	10	11	12	57	#
49	4035	10	11	12	13	57	#
50	4035	11	12	13	14	57	#
51	4035	12	13	14	15	57	#
52	4035	13	14	15	16	57	#
53	3074	14	15	16	17	57	#
54	3074	15	16	17	18	57	#
55	3074	16	17	18	19	57	#
56	3074	17	18	19	20	57	#
57	3074	18	19	20	21	57	#
58	1291	19	20	21	22	57	#
59	1291	20	21	22	23	57	#
60	1291	21	22	23	24	57	#
61	1291	22	23	24	25	57	#
62	1291	23	24	25	26	57	#
63	1291	24	25	26	27	57	#
64	1291	25	26	27	28	57	#
65	1291	26	27	28	29	57	#
66	1291	27	28	29	30	57	#
67	1291	28	29	30	31	57	#
68	1291	29	30	31	32	57	#
69	1291	30	31	32	33	57	#
70	1291	31	32	33	34	57	#
71	1291	32	33	34	35	57	#
72	1291	33	34	35	36	57	#
73	1291	34	35	36	37	57	#
74	1291	35	36	37	38	57	#
75	1291	36	37	38	39	57	#
76	1291	37	38	39	40	57	#
77	1291	38	39	40	41	57	#
78	1291	39	40	41	42	57	#
79	1291	40	41	42	43	57	#
80	1291	41	42	43	44	57	#
81	1291	42	43	44	45	57	#
82	1291	43	44	45	46	57	#
83	1291	44	45	46	47	57	#
84	1291	45	46	47	48	57	#
85	1291	46	47	48	49	57	#
86	1291	47	48	49	50	57	#
87	3259	0	1	2	3	58	#
88	3259	1	2	3	4	58	#
89	3259	2	3	4	5	58	#
90	3259	3	4	5	6	58	#
91	3259	4	5	6	7	58	#
92	911	0	59	#
93	911	1	59	#
94	911	2	59	#
95	911	3	59	#
96	911	4	59	#
97	911	5	59	#
98	911	6	59	#
99	911	7	59	#
100	911	8	59	#
101	911	9	59	#
102	911	10	59	#
103	911	11	59	#
104	911	12	59	#
105	911	13	59	#
106	911	14	59	#
107	911	15	59	#
108	911	16	59	#
109	911	17	59	#
110	911	18	59	#
111	911	19	59	#
112	911	20	59	#
113	911	21	59	#
114	911	22	59	#
115	911	23	59	#
116	911	24	59	#
117	911	25	59	#
118	911	26	59	#
119	911	27	59	#
120	911	28	59	#
121	911	29	59	#
122	911	30	59	#
123	911	31	59	#
124	911	32	59	#
125	911	33	59	#
126	911	34	59	#
127	911	35	59	#
128	911	36	59	#
129	911	37	59	#
130	911	38	59	#
131	911	39	59	#
132	911	40	59	#
133	911	41	59	#
134	848	42	59	#
135	848	43	59	#
136	848	44	59	#
137	5304	0	1	2	3	4	5	6	60	#
138	5304	1	2	3	4	5	6	7	60	#
139	5304	2	3	4	5	6	7	8	60	#
140	5304	3	4	5	6	7	8	9	60	#
141	5304	4	5	6	7	8	9	10	60	#
142	5304	5	6	7	8	9	10	11	60	#
143	5304	6	7	8	9	10	11	12	60	#
144	5304	7	8	9	10	11	12	13	60	#
145	5304	8	9	10	11	12	13	14	60	#
146	5304	9	10	11	12	13	14	15	60	#
147	5304	10	11	12	13	14	15	16	60	#
148	5304	11	12	13	14	15	16	17	60	#
149	5304	12	13	14	15	16	17	18	60	#
150	5304	13	14	15	16	17	18	19	60	#
151	5304	14	15	16	17	18	19	20	60	#
152	5304	15	16	17	18	19	20	21	60	#
153	5304	16	17	18	19	20	21	22	60	#
154	5304	17	18	19	20	21	22	23	60	#
155	5304	18	19	20	21	22	23	24	60	#
156	5304	19	20	21	22	23	24	25	60	#
157	5304	20	21	22	23	24	25	26	60	#
158	5304	21	22	23	24	25	26	27	60	#
159	5304	22	23	24	25	26	27	28	60	#
160	5304	23	24	25	26	27	28	29	60	#
161	5304	24	25	26	27	28	29	30	60	#
162	5304	25	26	27	28	29	30	31	60	#
163	5304	26	27	28	29	30	31	32	60	#
164	5304	27	28	29	30	31	32	33	60	#
165	5304	28	29	30	31	32	33	34	60	#
166	5304	29	30	31	32	33	34	35	60	#
167	5304	30	31	32	33	34	35	36	60	#
168	4063	31	32	33	34	35	36	37	60	#
169	4063	32	33	34	35	36	37	38	60	#
170	4063	33	34	35	36	37	38	39	60	#
171	4063	34	35	36	37	38	39	40	60	#
172	4063	35	36	37	38	39	40	41	60	#
173	4063	36	37	38	39	40	41	42	60	#
174	4063	37	38	39	40	41	42	43	60	#
175	4063	38	39	40	41	42	43	44	60	#
176	4063	39	40	41	42	43	44	45	60	#
177	4063	40	41	42	43	44	45	46	60	#
178	4063	41	42	43	44	45	46	47	60	#
179	5642	0	1	2	3	61	#
180	5642	1	2	3	4	61	#
181	5642	2	3	4	5	61	#
182	5642	3	4	5	6	61	#
183	5642	4	5	6	7	61	#
184	5642	5	6	7	8	61	#
185	5642	6	7	8	9	61	#
186	5642	7	8	9	10	61	#
187	5642	8	9	10	11	61	#
188	5642	9	10	11	12	61	#
189	5642	10	11	12	13	61	#
190	5642	11	12	13	14	61	#
191	5642	12	13	14	15	61	#
192	5642	13	14	15	16	61	#
193	5642	14	15	16	17	61	#
194	5642	15	16	17	18	61	#
195	5642	16	17	18	19	61	#
196	5642	17	18	19	20	61	#
197	5642	18	19	20	21	61	#
198	5642	19	20	21	22	61	#
199	5642	20	21	22	23	61	#
200	5642	21	22	23	24	61	#
201	5642	22	23	24	25	61	#
202	5642	23	24	25	26	61	#
203	5642	24	25	26	27	61	#
204	5642	25	26	27	28	61	#
205	5642	26	27	28	29	61	#
206	5642	27	28	29	30	61	#
207	5642	28	29	30	31	61	#
208	5642	29	30	31	32	61	#
209	5642	30	31	32	33	61	#
210	5642	31	32	33	34	61	#
211	5642	32	33	34	35	61	#
212	5642	33	34	35	36	61	#
213	5642	34	35	36	37	61	#
214	5642	35	36	37	38	61	#
215	5642	36	37	38	39	61	#
216	5642	37	38	39	40	61	#
217	4802	38	39	40	41	61	#
218	4802	39	40	41	42	61	#
219	4802	40	41	42	43	61	#
220	4802	41	42	43	44	61	#
221	4802	42	43	44	45	61	#
222	4802	43	44	45	46	61	#
223	4802	44	45	46	47	61	#
224	4701	45	46	47	48	61	#
225	574	0	62	#
226	574	1	62	#
227	574	2	62	#
228	574	3	62	#
229	574	4	62	#
230	574	5	62	#
231	574	6	62	#
232	574	7	62	#
233	574	8	62	#
234	574	9	62	#
235	574	10	62	#
236	574	11	62	#
237	574	12	62	#
238	574	13	62	#
239	574	14	62	#
240	574	15	62	#
241	574	16	62	#
242	574	17	62	#
243	3431	0	1	2	3	63	#
244	3431	1	2	3	4	63	#
245	3431	2	3	4	5	63	#
246	3431	3	4	5	6	63	#
247	3431	4	5	6	7	63	#
248	3431	5	6	7	8	63	#
249	3431	6	7	8	9	63	#
250	3431	7	8	9	10	63	#
251	3431	8	9	10	11	63	#
252	3431	9	10	11	12	63	#
253	3431	10	11	12	13	63	#
254	3431	11	12	13	14	63	#
255	3431	12	13	14	15	63	#
256	3431	13	14	15	16	63	#
257	3431	14	15	16	17	63	#
258	3431	15	16	17	18	63	#
259	3431	16	17	18	19	63	#
260	3431	17	18	19	20	63	#
261	3431	18	19	20	21	63	#
262	3431	19	20	21	22	63	#
263	3431	20	21	22	23	63	#
264	3431	21	22	23	24	63	#
265	3431	22	23	24	25	63	#
266	3431	23	24	25	26	63	#
267	3431	24	25	26	27	63	#
268	3431	25	26	27	28	63	#
269	3431	26	27	28	29	63	#
270	3431	27	28	29	30	63	#
271	3431	28	29	30	31	63	#
272	3431	29	30	31	32	63	#
273	3431	30	31	32	33	63	#
274	3431	31	32	33	34	63	#
275	3431	32	33	34	35	63	#
276	3431	33	34	35	36	63	#
277	3431	34	35	36	37	63	#
278	3431	35	36	37	38	63	#
279	3431	36	37	38	39	63	#
280	3431	37	38	39	40	63	#
281	3431	38	39	40	41	63	#
282	3431	39	40	41	42	63	#
283	3431	40	41	42	43	63	#
284	3139	41	42	43	44	63	#
285	3139	42	43	44	45	63	#
286	3139	43	44	45	46	63	#
287	3139	44	45	46	47	63	#
288	2784	45	46	47	48	63	#
289	2784	46	47	48	49	63	#
290	2784	47	48	49	50	63	#
291	2784	48	49	50	51	63	#
292	2784	49	50	51	52	63	#
293	2784	50	51	52	53	63	#
294	2362	0	1	2	64	#
295	2362	1	2	3	64	#
296	2362	2	3	4	64	#
297	2362	3	4	5	64	#
298	2362	4	5	6	64	#
299	2362	5	6	7	64	#
300	2362	6	7	8	64	#
301	2362	7	8	9	64	#
302	2362	8	9	10	64	#
303	2362	9	10	11	64	#
304	2362	10	11	12	64	#
305	2362	11	12	13	64	#
306	2362	12	13	14	64	#
307	2362	13	14	15	64	#
308	2362	14	15	16	64	#
309	2362	15	16	17	64	#
310	2362	16	17	18	64	#
311	2362	17	18	19	64	#
312	2362	18	19	20	64	#
313	2362	19	20	21	64	#
314	2362	20	21	22	64	#
315	2362	21	22	23	64	#
316	2362	22	23	24	64	#
317	2362	23	24	25	64	#
318	2362	24	25	26	64	#
319	2362	25	26	27	64	#
320	2362	26	27	28	64	#
321	2362	27	28	29	64	#
322	2362	28	29	30	64	#
323	2362	29	30	31	64	#
324	2362	30	31	32	64	#
325	2362	31	32	33	64	#
326	2362	32	33	34	64	#
327	2362	33	34	35	64	#
328	2016	34	35	36	64	#
329	2016	35	36	37	64	#
330	2016	36	37	38	64	#
331	2016	37	38	39	64	#
332	2016	38	39	40	64	#
333	2016	39	40	41	64	#
334	1922	40	41	42	64	#
335	1922	41	42	43	64	#
336	1837	42	43	44	64	#
337	1837	43	44	45	64	#
338	10472	0	1	2	3	4	5	6	65	#
339	10472	1	2	3	4	5	6	7	65	#
340	10472	2	3	4	5	6	7	8	65	#
341	10472	3	4	5	6	7	8	9	65	#
342	10472	4	5	6	7	8	9	10	65	#
343	10472	5	6	7	8	9	10	11	65	#
344	10472	6	7	8	9	10	11	12	65	#
345	10472	7	8	9	10	11	12	13	65	#
346	10472	8	9	10	11	12	13	14	65	#
347	10472	9	10	11	12	13	14	15	65	#
348	10472	10	11	12	13	14	15	16	65	#
349	10472	11	12	13	14	15	16	17	65	#
350	10472	12	13	14	15	16	17	18	65	#
351	10472	13	14	15	16	17	18	19	65	#
352	10472	14	15	16	17	18	19	20	65	#
353	10472	15	16	17	18	19	20	21	65	#
354	10472	16	17	18	19	20	21	22	65	#
355	10472	17	18	19	20	21	22	23	65	#
356	10472	18	19	20	21	22	23	24	65	#
357	10472	19	20	21	22	23	24	25	65	#
358	10472	20	21	22	23	24	25	26	65	#
359	10472	21	22	23	24	25	26	27	65	#
360	10472	22	23	24	25	26	27	28	65	#
361	10472	23	24	25	26	27	28	29	65	#
362	10472	24	25	26	27	28	29	30	65	#
363	10472	25	26	27	28	29	30	31	65	#
364	10472	26	27	28	29	30	31	32	65	#
365	10472	27	28	29	30	31	32	33	65	#
366	10472	28	29	30	31	32	33	34	65	#
367	10472	29	30	31	32	33	34	35	65	#
368	10472	30	31	32	33	34	35	36	65	#
369	10472	31	32	33	34	35	36	37	65	#
370	7597	32	33	34	35	36	37	38	65	#
371	7597	33	34	35	36	37	38	39	65	#
372	7597	34	35	36	37	38	39	40	65	#
373	7597	35	36	37	38	39	40	41	65	#
374	7597	36	37	38	39	40	41	42	65	#
375	7597	37	38	39	40	41	42	43	65	#
376	7597	38	39	40	41	42	43	44	65	#
377	7597	39	40	41	42	43	44	45	65	#
378	7597	40	41	42	43	44	45	46	65	#
379	7597	41	42	43	44	45	46	47	65	#
380	7597	42	43	44	45	46	47	48	65	#
381	7597	43	44	45	46	47	48	49	65	#
382	7597	44	45	46	47	48	49	50	65	#
383	7597	45	46	47	48	49	50	51	65	#
384	7311	46	47	48	49	50	51	52	65	#
385	7311	47	48	49	50	51	52	53	65	#
386	7175	48	49	50	51	52	53	54	65	#
387	2919	0	1	66	#
388	2919	1	2	66	#
389	2919	2	3	66	#
390	2919	3	4	66	#
391	2919	4	5	66	#
392	2919	5	6	66	#
393	2919	6	7	66	#
394	2919	7	8	66	#
395	2919	8	9	66	#
396	2919	9	10	66	#
397	2919	10	11	66	#
398	2919	11	12	66	#
399	700	12	13	66	#
400	700	13	14	66	#
401	700	14	15	66	#
402	700	15	16	66	#
403	700	16	17	66	#
404	700	17	18	66	#
405	700	18	19	66	#
406	700	19	20	66	#
407	700	20	21	66	#
408	700	21	22	66	#
409	700	22	23	66	#
410	700	23	24	66	#
411	700	24	25	66	#
412	700	25	26	66	#
413	700	26	27	66	#
414	700	27	28	66	#
415	700	28	29	66	#
416	700	29	30	66	#
417	700	30	31	66	#
418	700	31	32	66	#
419	700	32	33	66	#
420	700	33	34	66	#
421	700	34	35	66	#
422	700	35	36	66	#
423	700	36	37	66	#
424	700	37	38	66	#
425	700	38	39	66	#
426	700	39	40	66	#
427	700	40	41	66	#
428	700	41	42	66	#
429	700	42	43	66	#
430	700	43	44	66	#
431	700	44	45	66	#
432	700	45	46	66	#
433	700	46	47	66	#
434	700	47	48	66	#
435	700	48	49	66	#
436	700	49	50	66	#
437	661	50	51	66	#
438	661	51	52	66	#
439	661	52	53	66	#
440	649	53	54	66	#
441	7514	0	1	2	3	67	#
442	7514	1	2	3	4	67	#
443	7514	2	3	4	5	67	#
444	7514	3	4	5	6	67	#
445	7514	4	5	6	7	67	#
446	7514	5	6	7	8	67	#
447	7514	6	7	8	9	67	#
448	7514	7	8	9	10	67	#
449	7514	8	9	10	11	67	#
450	7514	9	10	11	12	67	#
451	7514	10	11	12	13	67	#
452	7514	11	12	13	14	67	#
453	7514	12	13	14	15	67	#
454	7514	13	14	15	16	67	#
455	7514	14	15	16	17	67	#
456	7514	15	16	17	18	67	#
457	7514	16	17	18	19	67	#
458	7514	17	18	19	20	67	#
459	7514	18	19	20	21	67	#
460	7514	19	20	21	22	67	#
461	7514	20	21	22	23	67	#
462	7514	21	22	23	24	67	#
463	7514	22	23	24	25	67	#
464	7514	23	24	25	26	67	#
465	7514	24	25	26	27	67	#
466	7514	25	26	27	28	67	#
467	7514	26	27	28	29	67	#
468	7514	27	28	29	30	67	#
469	7514	28	29	30	31	67	#
470	7514	29	30	31	32	67	#
471	7514	30	31	32	33	67	#
472	7514	31	32	33	34	67	#
473	7514	32	33	34	35	67	#
474	7514	33	34	35	36	67	#
475	7514	34	35	36	37	67	#
476	7514	35	36	37	38	67	#
477	7514	36	37	38	39	67	#
478	7514	37	38	39	40	67	#
479	7514	38	39	40	41	67	#
480	22758	0	1	2	3	4	5	6	7	8	9	68	#
481	22758	1	2	3	4	5	6	7	8	9	10	68	#
482	22758	2	3	4	5	6	7	8	9	10	11	68	#
483	22758	3	4	5	6	7	8	9	10	11	12	68	#
484	22758	4	5	6	7	8	9	10	11	12	13	68	#
485	22758	5	6	7	8	9	10	11	12	13	14	68	#
486	22758	6	7	8	9	10	11	12	13	14	15	68	#
487	22758	7	8	9	10	11	12	13	14	15	16	68	#
488	22758	8	9	10	11	12	13	14	15	16	17	68	#
489	22758	9	10	11	12	13	14	15	16	17	18	68	#
490	22758	10	11	12	13	14	15	16	17	18	19	68	#
491	9827	11	12	13	14	15	16	17	18	19	20	68	#
492	9827	12	13	14	15	16	17	18	19	20	21	68	#
493	9827	13	14	15	16	17	18	19	20	21	22	68	#
494	9827	14	15	16	17	18	19	20	21	22	23	68	#
495	9827	15	16	17	18	19	20	21	22	23	24	68	#
496	9827	16	17	18	19	20	21	22	23	24	25	68	#
497	9827	17	18	19	20	21	22	23	24	25	26	68	#
498	9827	18	19	20	21	22	23	24	25	26	27	68	#
499	9827	19	20	21	22	23	24	25	26	27	28	68	#
500	9827	20	21	22	23	24	25	26	27	28	29	68	#
501	9827	21	22	23	24	25	26	27	28	29	30	68	#
502	9827	22	23	24	25	26	27	28	29	30	31	68	#
503	9827	23	24	25	26	27	28	29	30	31	32	68	#
504	9827	24	25	26	27	28	29	30	31	32	33	68	#
505	9827	25	26	27	28	29	30	31	32	33	34	68	#
506	9827	26	27	28	29	30	31	32	33	34	35	68	#
507	9827	27	28	29	30	31	32	33	34	35	36	68	#
508	9827	28	29	30	31	32	33	34	35	36	37	68	#
509	9827	29	30	31	32	33	34	35	36	37	38	68	#
510	9827	30	31	32	33	34	35	36	37	38	39	68	#
511	9827	31	32	33	34	35	36	37	38	39	40	68	#
512	9827	32	33	34	35	36	37	38	39	40	41	68	#
513	9827	33	34	35	36	37	38	39	40	41	42	68	#
514	9827	34	35	36	37	38	39	40	41	42	43	68	#
515	9827	35	36	37	38	39	40	41	42	43	44	68	#
516	8315	36	37	38	39	40	41	42	43	44	45	68	#
517	8315	37	38	39	40	41	42	43	44	45	46	68	#
518	8315	38	39	40	41	42	43	44	45	46	47	68	#
519	8315	39	40	41	42	43	44	45	46	47	48	68	#
520	8315	40	41	42	43	44	45	46	47	48	49	68	#
521	8315	41	42	43	44	45	46	47	48	49	50	68	#
522	8315	42	43	44	45	46	47	48	49	50	51	68	#
523	8315	43	44	45	46	47	48	49	50	51	52	68	#
524	8159	44	45	46	47	48	49	50	51	52	53	68	#
525	8007	45	46	47	48	49	50	51	52	53	54	68	#
526	19320	0	1	2	3	4	5	6	7	8	9	69	#
527	19320	1	2	3	4	5	6	7	8	9	10	69	#
528	19320	2	3	4	5	6	7	8	9	10	11	69	#
529	19320	3	4	5	6	7	8	9	10	11	12	69	#
530	19320	4	5	6	7	8	9	10	11	12	13	69	#
531	19320	5	6	7	8	9	10	11	12	13	14	69	#
532	19320	6	7	8	9	10	11	12	13	14	15	69	#
533	19320	7	8	9	10	11	12	13	14	15	16	69	#
534	19320	8	9	10	11	12	13	14	15	16	17	69	#
535	19320	9	10	11	12	13	14	15	16	17	18	69	#
536	19320	10	11	12	13	14	15	16	17	18	19	69	#
537	19320	11	12	13	14	15	16	17	18	19	20	69	#
538	19320	12	13	14	15	16	17	18	19	20	21	69	#
539	19320	13	14	15	16	17	18	19	20	21	22	69	#
540	19320	14	15	16	17	18	19	20	21	22	23	69	#
541	19320	15	16	17	18	19	20	21	22	23	24	69	#
542	19320	16	17	18	19	20	21	22	23	24	25	69	#
543	19320	17	18	19	20	21	22	23	24	25	26	69	#
544	19320	18	19	20	21	22	23	24	25	26	27	69	#
545	19320	19	20	21	22	23	24	25	26	27	28	69	#
546	19320	20	21	22	23	24	25	26	27	28	29	69	#
547	19320	21	22	23	24	25	26	27	28	29	30	69	#
548	19320	22	23	24	25	26	27	28	29	30	31	69	#
549	19320	23	24	25	26	27	28	29	30	31	32	69	#
550	19320	24	25	26	27	28	29	30	31	32	33	69	#
551	19320	25	26	27	28	29	30	31	32	33	34	69	#
552	19320	26	27	28	29	30	31	32	33	34	35	69	#
553	19320	27	28	29	30	31	32	33	34	35	36	69	#
554	19320	28	29	30	31	32	33	34	35	36	37	69	#
555	19320	29	30	31	32	33	34	35	36	37	38	69	#
556	19320	30	31	32	33	34	35	36	37	38	39	69	#
557	19320	31	32	33	34	35	36	37	38	39	40	69	#
558	19320	32	33	34	35	36	37	38	39	40	41	69	#
559	19320	33	34	35	36	37	38	39	40	41	42	69	#
560	19320	34	35	36	37	38	39	40	41	42	43	69	#
561	19320	35	36	37	38	39	40	41	42	43	44	69	#
562	19320	36	37	38	39	40	41	42	43	44	45	69	#
563	19320	37	38	39	40	41	42	43	44	45	46	69	#
564	19320	38	39	40	41	42	43	44	45	46	47	69	#
565	17133	39	40	41	42	43	44	45	46	47	48	69	#
566	17133	40	41	42	43	44	45	46	47	48	49	69	#
567	17133	41	42	43	44	45	46	47	48	49	50	69	#
568	17133	42	43	44	45	46	47	48	49	50	51	69	#
569	17133	43	44	45	46	47	48	49	50	51	52	69	#
570	17133	44	45	46	47	48	49	50	51	52	53	69	#
571	16815	45	46	47	48	49	50	51	52	53	54	69	#
572	3263	0	1	2	70	#
573	3263	1	2	3	70	#
574	3263	2	3	4	70	#
575	3263	3	4	5	70	#
576	3263	4	5	6	70	#
577	3263	5	6	7	70	#
578	3263	6	7	8	70	#
579	3263	7	8	9	70	#
580	3263	8	9	10	70	#
581	3263	9	10	11	70	#
582	10657	0	1	2	3	4	5	6	71	#
583	10657	1	2	3	4	5	6	7	71	#
584	10657	2	3	4	5	6	7	8	71	#
585	10657	3	4	5	6	7	8	9	71	#
586	10657	4	5	6	7	8	9	10	71	#
587	10657	5	6	7	8	9	10	11	71	#
588	10657	6	7	8	9	10	11	12	71	#
589	10657	7	8	9	10	11	12	13	71	#
590	10657	8	9	10	11	12	13	14	71	#
591	10657	9	10	11	12	13	14	15	71	#
592	10657	10	11	12	13	14	15	16	71	#
593	10657	11	12	13	14	15	16	17	71	#
594	10657	12	13	14	15	16	17	18	71	#
595	10657	13	14	15	16	17	18	19	71	#
596	10657	14	15	16	17	18	19	20	71	#
597	10657	15	16	17	18	19	20	21	71	#
598	10657	16	17	18	19	20	21	22	71	#
599	10657	17	18	19	20	21	22	23	71	#
600	10657	18	19	20	21	22	23	24	71	#
601	10657	19	20	21	22	23	24	25	71	#
602	10657	20	21	22	23	24	25	26	71	#
603	10657	21	22	23	24	25	26	27	71	#
604	10657	22	23	24	25	26	27	28	71	#
605	10657	23	24	25	26	27	28	29	71	#
606	10657	24	25	26	27	28	29	30	71	#
607	10657	25	26	27	28	29	30	31	71	#
608	10657	26	27	28	29	30	31	32	71	#
609	10657	27	28	29	30	31	32	33	71	#
610	10657	28	29	30	31	32	33	34	71	#
611	10657	29	30	31	32	33	34	35	71	#
612	10657	30	31	32	33	34	35	36	71	#
613	10657	31	32	33	34	35	36	37	71	#
614	10657	32	33	34	35	36	37	38	71	#
615	10657	33	34	35	36	37	38	39	71	#
616	10657	34	35	36	37	38	39	40	71	#
617	10657	35	36	37	38	39	40	41	71	#
618	10657	36	37	38	39	40	41	42	71	#
619	10657	37	38	39	40	41	42	43	71	#
620	9547	38	39	40	41	42	43	44	71	#
621	9547	39	40	41	42	43	44	45	71	#
622	9547	40	41	42	43	44	45	46	71	#
623	9547	41	42	43	44	45	46	47	71	#
624	9547	42	43	44	45	46	47	48	71	#
625	8486	43	44	45	46	47	48	49	71	#
626	8486	44	45	46	47	48	49	50	71	#
627	8486	45	46	47	48	49	50	51	71	#
628	8486	46	47	48	49	50	51	52	71	#
629	8486	47	48	49	50	51	52	53	71	#
630	8486	48	49	50	51	52	53	54	71	#
631	2689	0	1	2	72	#
632	2689	1	2	3	72	#
633	2689	2	3	4	72	#
634	2689	3	4	5	72	#
635	2689	4	5	6	72	#
636	2689	5	6	7	72	#
637	2689	6	7	8	72	#
638	2689	7	8	9	72	#
639	2689	8	9	10	72	#
640	2689	9	10	11	72	#
641	2689	10	11	12	72	#
642	2689	11	12	13	72	#
643	2689	12	13	14	72	#
644	2689	13	14	15	72	#
645	2689	14	15	16	72	#
646	2689	15	16	17	72	#
647	2689	16	17	18	72	#
648	2689	17	18	19	72	#
649	2689	18	19	20	72	#
650	2689	19	20	21	72	#
651	2689	20	21	22	72	#
652	2689	21	22	23	72	#
653	2689	22	23	24	72	#
654	2689	23	24	25	72	#
655	2689	24	25	26	72	#
656	2689	25	26	27	72	#
657	2689	26	27	28	72	#
658	2689	27	28	29	72	#
659	2689	28	29	30	72	#
660	2689	29	30	31	72	#
661	2689	30	31	32	72	#
662	2689	31	32	33	72	#
663	2689	32	33	34	72	#
664	2689	33	34	35	72	#
665	2689	34	35	36	72	#
666	2689	35	36	37	72	#
667	6275	0	1	2	3	4	73	#
668	6275	1	2	3	4	5	73	#
669	6275	2	3	4	5	6	73	#
670	6275	3	4	5	6	7	73	#
671	6275	4	5	6	7	8	73	#
672	6275	5	6	7	8	9	73	#
673	6275	6	7	8	9	10	73	#
674	6275	7	8	9	10	11	73	#
675	6275	8	9	10	11	12	73	#
676	6275	9	10	11	12	13	73	#
677	6275	10	11	12	13	14	73	#
678	6275	11	12	13	14	15	73	#
679	6275	12	13	14	15	16	73	#
680	6275	13	14	15	16	17	73	#
681	6275	14	15	16	17	18	73	#
682	6275	15	16	17	18	19	73	#
683	6275	16	17	18	19	20	73	#
684	6275	17	18	19	20	21	73	#
685	6275	18	19	20	21	22	73	#
686	6275	19	20	21	22	23	73	#
687	6275	20	21	22	23	24	73	#
688	6275	21	22	23	24	25	73	#
689	6275	22	23	24	25	26	73	#
690	6275	23	24	25	26	27	73	#
691	6275	24	25	26	27	28	73	#
692	6275	25	26	27	28	29	73	#
693	6275	26	27	28	29	30	73	#
694	6275	27	28	29	30	31	73	#
695	6275	28	29	30	31	32	73	#
696	6275	29	30	31	32	33	73	#
697	6275	30	31	32	33	34	73	#
698	6275	31	32	33	34	35	73	#
699	6275	32	33	34	35	36	73	#
700	6275	33	34	35	36	37	73	#
701	6275	34	35	36	37	38	73	#
702	6275	35	36	37	38	39	73	#
703	6275	36	37	38	39	40	73	#
704	6275	37	38	39	40	41	73	#
705	6275	38	39	40	41	42	73	#
706	6275	39	40	41	42	43	73	#
707	6275	40	41	42	43	44	73	#
708	6275	41	42	43	44	45	73	#
709	21361	0	1	2	3	4	5	6	7	8	9	74	#
710	21361	1	2	3	4	5	6	7	8	9	10	74	#
711	21361	2	3	4	5	6	7	8	9	10	11	74	#
712	21361	3	4	5	6	7	8	9	10	11	12	74	#
713	9155	4	5	6	7	8	9	10	11	12	13	74	#
714	9155	5	6	7	8	9	10	11	12	13	14	74	#
715	9155	6	7	8	9	10	11	12	13	14	15	74	#
716	9155	7	8	9	10	11	12	13	14	15	16	74	#
717	9155	8	9	10	11	12	13	14	15	16	17	74	#
718	9155	9	10	11	12	13	14	15	16	17	18	74	#
719	9155	10	11	12	13	14	15	16	17	18	19	74	#
720	9155	11	12	13	14	15	16	17	18	19	20	74	#
721	9155	12	13	14	15	16	17	18	19	20	21	74	#
722	9155	13	14	15	16	17	18	19	20	21	22	74	#
723	9155	14	15	16	17	18	19	20	21	22	23	74	#
724	9155	15	16	17	18	19	20	21	22	23	24	74	#
725	9155	16	17	18	19	20	21	22	23	24	25	74	#
726	9155	17	18	19	20	21	22	23	24	25	26	74	#
727	9155	18	19	20	21	22	23	24	25	26	27	74	#
728	9155	19	20	21	22	23	24	25	26	27	28	74	#
729	6928	20	21	22	23	24	25	26	27	28	29	74	#
730	6928	21	22	23	24	25	26	27	28	29	30	74	#
731	6928	22	23	24	25	26	27	28	29	30	31	74	#
732	6928	23	24	25	26	27	28	29	30	31	32	74	#
733	6928	24	25	26	27	28	29	30	31	32	33	74	#
734	6928	25	26	27	28	29	30	31	32	33	34	74	#
735	6928	26	27	28	29	30	31	32	33	34	35	74	#
736	6928	27	28	29	30	31	32	33	34	35	36	74	#
737	6928	28	29	30	31	32	33	34	35	36	37	74	#
738	10164	0	1	2	3	4	5	6	7	75	#
739	10164	1	2	3	4	5	6	7	8	75	#
740	10164	2	3	4	5	6	7	8	9	75	#
741	10164	3	4	5	6	7	8	9	10	75	#
742	10164	4	5	6	7	8	9	10	11	75	#
743	10164	5	6	7	8	9	10	11	12	75	#
744	10164	6	7	8	9	10	11	12	13	75	#
745	10164	7	8	9	10	11	12	13	14	75	#
746	10164	8	9	10	11	12	13	14	15	75	#
747	10164	9	10	11	12	13	14	15	16	75	#
748	10164	10	11	12	13	14	15	16	17	75	#
749	10164	11	12	13	14	15	16	17	18	75	#
750	10164	12	13	14	15	16	17	18	19	75	#
751	10164	13	14	15	16	17	18	19	20	75	#
752	10164	14	15	16	17	18	19	20	21	75	#
753	10164	15	16	17	18	19	20	21	22	75	#
754	10164	16	17	18	19	20	21	22	23	75	#
755	2359	0	1	2	76	#
756	2359	1	2	3	76	#
757	2359	2	3	4	76	#
758	2359	3	4	5	76	#
759	2359	4	5	6	76	#
760	2359	5	6	7	76	#
761	2359	6	7	8	76	#
762	2359	7	8	9	76	#
763	559	8	9	10	76	#
764	559	9	10	11	76	#
765	559	10	11	12	76	#
766	559	11	12	13	76	#
767	559	12	13	14	76	#
768	559	13	14	15	76	#
769	559	14	15	16	76	#
770	559	15	16	17	76	#
771	559	16	17	18	76	#
772	559	17	18	19	76	#
773	559	18	19	20	76	#
774	559	19	20	21	76	#
775	559	20	21	22	76	#
776	559	21	22	23	76	#
777	559	22	23	24	76	#
778	559	23	24	25	76	#
779	559	24	25	26	76	#
780	559	25	26	27	76	#
781	559	26	27	28	76	#
782	559	27	28	29	76	#
783	559	28	29	30	76	#
784	559	29	30	31	76	#
785	559	30	31	32	76	#
786	559	31	32	33	76	#
787	559	32	33	34	76	#
788	559	33	34	35	76	#
789	559	34	35	36	76	#
790	559	35	36	37	76	#
791	559	36	37	38	76	#
792	433	37	38	39	76	#
793	433	38	39	40	76	#
794	433	39	40	41	76	#
795	433	40	41	42	76	#
796	433	41	42	43	76	#
797	433	42	43	44	76	#
798	433	43	44	45	76	#
799	433	44	45	46	76	#
800	433	45	46	47	76	#
801	433	46	47	48	76	#
802	433	47	48	49	76	#
803	416	48	49	50	76	#
804	416	49	50	51	76	#
805	393	50	51	52	76	#
806	393	51	52	53	76	#
807	393	52	53	54	76	#
808	1350	0	77	#
809	1350	1	77	#
810	1350	2	77	#
811	1350	3	77	#
812	1350	4	77	#
813	1350	5	77	#
814	1350	6	77	#
815	1350	7	77	#
816	1350	8	77	#
817	1350	9	77	#
818	1350	10	77	#
819	1350	11	77	#
820	1350	12	77	#
821	1350	13	77	#
822	1350	14	77	#
823	1350	15	77	#
824	1350	16	77	#
825	1350	17	77	#
826	1350	18	77	#
827	1350	19	77	#
828	1350	20	77	#
829	1350	21	77	#
830	1350	22	77	#
831	1350	23	77	#
832	1350	24	77	#
833	1350	25	77	#
834	2100	0	1	78	#
835	2100	1	2	78	#
836	2100	2	3	78	#
837	2100	3	4	78	#
838	2100	4	5	78	#
839	2100	5	6	78	#
840	2100	6	7	78	#
841	2100	7	8	78	#
842	2100	8	9	78	#
843	2100	9	10	78	#
844	2100	10	11	78	#
845	2100	11	12	78	#
846	2100	12	13	78	#
847	2100	13	14	78	#
848	2100	14	15	78	#
849	2100	15	16	78	#
850	2100	16	17	78	#
851	2100	17	18	78	#
852	2100	18	19	78	#
853	2100	19	20	78	#
854	2100	20	21	78	#
855	2100	21	22	78	#
856	2100	22	23	78	#
857	2100	23	24	78	#
858	2100	24	25	78	#
859	2100	25	26	78	#
860	2100	26	27	78	#
861	2100	27	28	78	#
862	2100	28	29	78	#
863	2100	29	30	78	#
864	2100	30	31	78	#
865	2100	31	32	78	#
866	2100	32	33	78	#
867	2100	33	34	78	#
868	1700	34	35	78	#
869	1700	35	36	78	#
870	1700	36	37	78	#
871	1700	37	38	78	#
872	1700	38	39	78	#
873	1700	39	40	78	#
874	1700	40	41	78	#
875	1700	41	42	78	#
876	1519	42	43	78	#
877	1519	43	44	78	#
878	1519	44	45	78	#
879	1519	45	46	78	#
880	1519	46	47	78	#
881	1487	47	48	78	#
882	1428	48	49	78	#
883	1428	49	50	78	#
884	1400	50	51	78	#
885	562	0	79	#
886	562	1	79	#
887	562	2	79	#
888	562	3	79	#
889	562	4	79	#
890	562	5	79	#
891	562	6	79	#
892	562	7	79	#
893	562	8	79	#
894	562	9	79	#
895	562	10	79	#
896	562	11	79	#
897	562	12	79	#
898	562	13	79	#
899	562	14	79	#
900	562	15	79	#
901	562	16	79	#
902	562	17	79	#
903	562	18	79	#
904	562	19	79	#
905	562	20	79	#
906	562	21	79	#
907	562	22	79	#
908	562	23	79	#
909	562	24	79	#
910	562	25	79	#
911	562	26	79	#
912	562	27	79	#
913	562	28	79	#
914	449	29	79	#
915	449	30	79	#
916	449	31	79	#
917	449	32	79	#
918	449	33	79	#
919	449	34	79	#
920	449	35	79	#
921	291	36	79	#
922	291	37	79	#
923	291	38	79	#
924	291	39	79	#
925	291	40	79	#
926	291	41	79	#
927	291	42	79	#
928	291	43	79	#
929	291	44	79	#
930	291	45	79	#
931	291	46	79	#
932	291	47	79	#
933	291	48	79	#
934	291	49	79	#
935	291	50	79	#
936	291	51	79	#
937	291	52	79	#
938	291	53	79	#
939	291	54	79	#
940	3182	0	1	2	80	#
941	3182	1	2	3	80	#
942	3182	2	3	4	80	#
943	3182	3	4	5	80	#
944	3182	4	5	6	80	#
945	3182	5	6	7	80	#
946	3182	6	7	8	80	#
947	3182	7	8	9	80	#
948	3182	8	9	10	80	#
949	3182	9	10	11	80	#
950	3182	10	11	12	80	#
951	3182	11	12	13	80	#
952	11584	0	1	2	3	4	5	6	7	8	#
953	9622	46	47	48	49	50	51	52	53	54	82	#
954	9803	1	2	3	4	5	6	7	8	9	82	#
955	9803	2	3	4	5	6	7	8	9	10	82	#
956	9803	3	4	5	6	7	8	9	10	11	82	#
957	9803	4	5	6	7	8	9	10	11	12	82	#
958	9803	5	6	7	8	9	10	11	12	13	82	#
959	9803	6	7	8	9	10	11	12	13	14	82	#
960	9803	7	8	9	10	11	12	13	14	15	82	#
961	9803	8	9	10	11	12	13	14	15	16	82	#
962	9803	9	10	11	12	13	14	15	16	17	82	#
963	9803	10	11	12	13	14	15	16	17	18	82	#
964	9803	11	12	13	14	15	16	17	18	19	82	#
965	9803	12	13	14	15	16	17	18	19	20	82	#
966	9803	13	14	15	16	17	18	19	20	21	82	#
967	9803	14	15	16	17	18	19	20	21	22	82	#
968	9803	15	16	17	18	19	20	21	22	23	82	#
969	9803	16	17	18	19	20	21	22	23	24	82	#
970	9803	17	18	19	20	21	22	23	24	25	82	#
971	9803	18	19	20	21	22	23	24	25	26	82	#
972	9803	19	20	21	22	23	24	25	26	27	82	#
973	9803	20	21	22	23	24	25	26	27	28	82	#
974	9803	21	22	23	24	25	26	27	28	29	82	#
975	9803	22	23	24	25	26	27	28	29	30	82	#
976	9803	23	24	25	26	27	28	29	30	31	82	#
977	9803	24	25	26	27	28	29	30	31	32	82	#
978	9803	25	26	27	28	29	30	31	32	33	82	#
979	9803	26	27	28	29	30	31	32	33	34	82	#
980	9803	27	28	29	30	31	32	33	34	35	82	#
981	9803	28	29	30	31	32	33	34	35	36	82	#
982	9803	29	30	31	32	33	34	35	36	37	82	#
983	9803	30	31	32	33	34	35	36	37	38	82	#
984	9803	31	32	33	34	35	36	37	38	39	82	#
985	9803	32	33	34	35	36	37	38	39	40	82	#
986	9803	33	34	35	36	37	38	39	40	41	82	#
987	9803	34	35	36	37	38	39	40	41	42	82	#
988	9803	35	36	37	38	39	40	41	42	43	82	#
989	9803	36	37	38	39	40	41	42	43	44	82	#
990	9803	37	38	39	40	41	42	43	44	45	82	#
991	9803	38	39	40	41	42	43	44	45	46	82	#
992	9803	39	40	41	42	43	44	45	46	47	82	#
993	9803	40	41	42	43	44	45	46	47	48	82	#
994	9803	41	42	43	44	45	46	47	48	49	82	#
995	9803	42	43	44	45	46	47	48	49	50	82	#
996	9803	43	44	45	46	47	48	49	50	51	82	#
997	9803	44	45	46	47	48	49	50	51	52	82	#
998	9803	45	46	47	48	49	50	51	52	53	82	#
999	6516	46	47	48	49	50	51	52	53	54	83	#
1000	7649	1	2	3	4	5	6	7	8	9	83	#
1001	7649	2	3	4	5	6	7	8	9	10	83	#
1002	7649	3	4	5	6	7	8	9	10	11	83	#
1003	7649	4	5	6	7	8	9	10	11	12	83	#
1004	7649	5	6	7	8	9	10	11	12	13	83	#
1005	7649	6	7	8	9	10	11	12	13	14	83	#
1006	7649	7	8	9	10	11	12	13	14	15	83	#
1007	7649	8	9	10	11	12	13	14	15	16	83	#
1008	7649	9	10	11	12	13	14	15	16	17	83	#
1009	7649	10	11	12	13	14	15	16	17	18	83	#
1010	7649	11	12	13	14	15	16	17	18	19	83	#
1011	7649	12	13	14	15	16	17	18	19	20	83	#
1012	7649	13	14	15	16	17	18	19	20	21	83	#
1013	7649	14	15	16	17	18	19	20	21	22	83	#
1014	7649	15	16	17	18	19	20	21	22	23	83	#
1015	7649	16	17	18	19	20	21	22	23	24	83	#
1016	7649	17	18	19	20	21	22	23	24	25	83	#
1017	7649	18	19	20	21	22	23	24	25	26	83	#
1018	7649	19	20	21	22	23	24	25	26	27	83	#
1019	7649	20	21	22	23	24	25	26	27	28	83	#
1020	7649	21	22	23	24	25	26	27	28	29	83	#
1021	7649	22	23	24	25	26	27	28	29	30	83	#
1022	7649	23	24	25	26	27	28	29	30	31	83	#
1023	7649	24	25	26	27	28	29	30	31	32	83	#
1024	7649	25	26	27	28	29	30	31	32	33	83	#
1025	7649	26	27	28	29	30	31	32	33	34	83	#
1026	7649	27	28	29	30	31	32	33	34	35	83	#
1027	7649	28	29	30	31	32	33	34	35	36	83	#
1028	7649	29	30	31	32	33	34	35	36	37	83	#
1029	7649	30	31	32	33	34	35	36	37	38	83	#
1030	7649	31	32	33	34	35	36	37	38	39	83	#
1031	7649	32	33	34	35	36	37	38	39	40	83	#
1032	7649	33	34	35	36	37	38	39	40	41	83	#
1033	7649	34	35	36	37	38	39	40	41	42	83	#
1034	7649	35	36	37	38	39	40	41	42	43	83	#
1035	7649	36	37	38	39	40	41	42	43	44	83	#
1036	7649	37	38	39	40	41	42	43	44	45	83	#
1037	7649	38	39	40	41	42	43	44	45	46	83	#
1038	7330	39	40	41	42	43	44	45	46	47	83	#
1039	7330	40	41	42	43	44	45	46	47	48	83	#
1040	6767	41	42	43	44	45	46	47	48	49	83	#
1041	6767	42	43	44	45	46	47	48	49	50	83	#
1042	6767	43	44	45	46	47	48	49	50	51	83	#
1043	6767	44	45	46	47	48	49	50	51	52	83	#
1044	6639	45	46	47	48	49	50	51	52	53	83	#
1045	7936	0	1	2	3	4	5	6	84	#
1046	7936	1	2	3	4	5	6	7	84	#
1047	7936	2	3	4	5	6	7	8	84	#
1048	7936	3	4	5	6	7	8	9	84	#
1049	7936	4	5	6	7	8	9	10	84	#
1050	7936	5	6	7	8	9	10	11	84	#
1051	7936	6	7	8	9	10	11	12	84	#
1052	7936	7	8	9	10	11	12	13	84	#
1053	7936	8	9	10	11	12	13	14	84	#
1054	7936	9	10	11	12	13	14	15	84	#
1055	7936	10	11	12	13	14	15	16	84	#
1056	7936	11	12	13	14	15	16	17	84	#
1057	7936	12	13	14	15	16	17	18	84	#
1058	7936	13	14	15	16	17	18	19	84	#
1059	7936	14	15	16	17	18	19	20	84	#
1060	7936	15	16	17	18	19	20	21	84	#
1061	7936	16	17	18	19	20	21	22	84	#
1062	7936	17	18	19	20	21	22	23	84	#
1063	7936	18	19	20	21	22	23	24	84	#
1064	7936	19	20	21	22	23	24	25	84	#
1065	7936	20	21	22	23	24	25	26	84	#
1066	7936	21	22	23	24	25	26	27	84	#
1067	7936	22	23	24	25	26	27	28	84	#
1068	7936	23	24	25	26	27	28	29	84	#
1069	7936	24	25	26	27	28	29	30	84	#
1070	7936	25	26	27	28	29	30	31	84	#
1071	7936	26	27	28	29	30	31	32	84	#
1072	7936	27	28	29	30	31	32	33	84	#
1073	7936	28	29	30	31	32	33	34	84	#
1074	7936	29	30	31	32	33	34	35	84	#
1075	7936	30	31	32	33	34	35	36	84	#
1076	7936	31	32	33	34	35	36	37	84	#
1077	7936	32	33	34	35	36	37	38	84	#
1078	7936	33	34	35	36	37	38	39	84	#
1079	7936	34	35	36	37	38	39	40	84	#
1080	7936	35	36	37	38	39	40	41	84	#
1081	7936	36	37	38	39	40	41	42	84	#
1082	7936	37	38	39	40	41	42	43	84	#
1083	7936	38	39	40	41	42	43	44	84	#
1084	7936	39	40	41	42	43	44	45	84	#
1085	7936	40	41	42	43	44	45	46	84	#
1086	7936	41	42	43	44	45	46	47	84	#
1087	7936	42	43	44	45	46	47	48	84	#
1088	7936	43	44	45	46	47	48	49	84	#
1089	7936	44	45	46	47	48	49	50	84	#
1090	7936	45	46	47	48	49	50	51	84	#
1091	7783	46	47	48	49	50	51	52	84	#
1092	7495	47	48	49	50	51	52	53	84	#
1093	7495	48	49	50	51	52	53	54	84	#
1094	3083	0	1	2	3	85	#
1095	3083	1	2	3	4	85	#
1096	3083	2	3	4	5	85	#
1097	3083	3	4	5	6	85	#
1098	3083	4	5	6	7	85	#
1099	3083	5	6	7	8	85	#
1100	3083	6	7	8	9	85	#
1101	3083	7	8	9	10	85	#
1102	3083	8	9	10	11	85	#
1103	3083	9	10	11	12	85	#
1104	3083	10	11	12	13	85	#
1105	3083	11	12	13	14	85	#
1106	3083	12	13	14	15	85	#
1107	3083	13	14	15	16	85	#
1108	3083	14	15	16	17	85	#
1109	3083	15	16	17	18	85	#
1110	3083	16	17	18	19	85	#
1111	3083	17	18	19	20	85	#
1112	3083	18	19	20	21	85	#
1113	3083	19	20	21	22	85	#
1114	3083	20	21	22	23	85	#
1115	3083	21	22	23	24	85	#
1116	3083	22	23	24	25	85	#
1117	3083	23	24	25	26	85	#
1118	3083	24	25	26	27	85	#
1119	3083	25	26	27	28	85	#
1120	3083	26	27	28	29	85	#
1121	3083	27	28	29	30	85	#
1122	3083	28	29	30	31	85	#
1123	3083	29	30	31	32	85	#
1124	3083	30	31	32	33	85	#
1125	3083	31	32	33	34	85	#
1126	3083	32	33	34	35	85	#
1127	3083	33	34	35	36	85	#
1128	3083	34	35	36	37	85	#
1129	3083	35	36	37	38	85	#
1130	3083	36	37	38	39	85	#
1131	3083	37	38	39	40	85	#
1132	3083	38	39	40	41	85	#
1133	3083	39	40	41	42	85	#
1134	3083	40	41	42	43	85	#
1135	3083	41	42	43	44	85	#
1136	3083	42	43	44	45	85	#
1137	3083	43	44	45	46	85	#
1138	3083	44	45	46	47	85	#
1139	3083	45	46	47	48	85	#
1140	3083	46	47	48	49	85	#
1141	3083	47	48	49	50	85	#
1142	2965	48	49	50	51	85	#
1143	2965	49	50	51	52	85	#
1144	2909	50	51	52	53	85	#
1145	2855	51	52	53	54	85	#
1146	6473	0	1	2	3	86	#
1147	6473	1	2	3	4	86	#
1148	6473	2	3	4	5	86	#
1149	6473	3	4	5	6	86	#
1150	6473	4	5	6	7	86	#
1151	6473	5	6	7	8	86	#
1152	6473	6	7	8	9	86	#
1153	6473	7	8	9	10	86	#
1154	6473	8	9	10	11	86	#
1155	6473	9	10	11	12	86	#
1156	5549	10	11	12	13	86	#
1157	5549	11	12	13	14	86	#
1158	4088	12	13	14	15	86	#
1159	4088	13	14	15	16	86	#
1160	4088	14	15	16	17	86	#
1161	4088	15	16	17	18	86	#
1162	4088	16	17	18	19	86	#
1163	2099	17	18	19	20	86	#
1164	2099	18	19	20	21	86	#
1165	2099	19	20	21	22	86	#
1166	2099	20	21	22	23	86	#
1167	2099	21	22	23	24	86	#
1168	2099	22	23	24	25	86	#
1169	2099	23	24	25	26	86	#
1170	2099	24	25	26	27	86	#
1171	2099	25	26	27	28	86	#
1172	2099	26	27	28	29	86	#
1173	2099	27	28	29	30	86	#
1174	2099	28	29	30	31	86	#
1175	2099	29	30	31	32	86	#
1176	2099	30	31	32	33	86	#
1177	2099	31	32	33	34	86	#
1178	2099	32	33	34	35	86	#
1179	2099	33	34	35	36	86	#
1180	2099	34	35	36	37	86	#
1181	1807	35	36	37	38	86	#
1182	1807	36	37	38	39	86	#
1183	1807	37	38	39	40	86	#
1184	1807	38	39	40	41	86	#
1185	1807	39	40	41	42	86	#
1186	1807	40	41	42	43	86	#
1187	1494	41	42	43	44	86	#
1188	1494	42	43	44	45	86	#
1189	1494	43	44	45	46	86	#
1190	1494	44	45	46	47	86	#
1191	1494	45	46	47	48	86	#
1192	1494	46	47	48	49	86	#
1193	1494	47	48	49	50	86	#
1194	1494	48	49	50	51	86	#
1195	1494	49	50	51	52	86	#
1196	1466	50	51	52	53	86	#
1197	1439	51	52	53	54	86	#
1198	3962	45	46	47	48	49	50	51	52	53	87	#
1199	9544	1	2	3	4	5	6	7	8	9	87	#
1200	9544	2	3	4	5	6	7	8	9	10	87	#
1201	9544	3	4	5	6	7	8	9	10	11	87	#
1202	9544	4	5	6	7	8	9	10	11	12	87	#
1203	9544	5	6	7	8	9	10	11	12	13	87	#
1204	9544	6	7	8	9	10	11	12	13	14	87	#
1205	9544	7	8	9	10	11	12	13	14	15	87	#
1206	9544	8	9	10	11	12	13	14	15	16	87	#
1207	9544	9	10	11	12	13	14	15	16	17	87	#
1208	9544	10	11	12	13	14	15	16	17	18	87	#
1209	9544	11	12	13	14	15	16	17	18	19	87	#
1210	9544	12	13	14	15	16	17	18	19	20	87	#
1211	9544	13	14	15	16	17	18	19	20	21	87	#
1212	9544	14	15	16	17	18	19	20	21	22	87	#
1213	3962	15	16	17	18	19	20	21	22	23	87	#
1214	3962	16	17	18	19	20	21	22	23	24	87	#
1215	3962	17	18	19	20	21	22	23	24	25	87	#
1216	3962	18	19	20	21	22	23	24	25	26	87	#
1217	3962	19	20	21	22	23	24	25	26	27	87	#
1218	3962	20	21	22	23	24	25	26	27	28	87	#
1219	3962	21	22	23	24	25	26	27	28	29	87	#
1220	3962	22	23	24	25	26	27	28	29	30	87	#
1221	3962	23	24	25	26	27	28	29	30	31	87	#
1222	3962	24	25	26	27	28	29	30	31	32	87	#
1223	3962	25	26	27	28	29	30	31	32	33	87	#
1224	3962	26	27	28	29	30	31	32	33	34	87	#
1225	3962	27	28	29	30	31	32	33	34	35	87	#
1226	3962	28	29	30	31	32	33	34	35	36	87	#
1227	3962	29	30	31	32	33	34	35	36	37	87	#
1228	3962	30	31	32	33	34	35	36	37	38	87	#
1229	3962	31	32	33	34	35	36	37	38	39	87	#
1230	3962	32	33	34	35	36	37	38	39	40	87	#
1231	3962	33	34	35	36	37	38	39	40	41	87	#
1232	3962	34	35	36	37	38	39	40	41	42	87	#
1233	3962	35	36	37	38	39	40	41	42	43	87	#
1234	3962	36	37	38	39	40	41	42	43	44	87	#
1235	3962	37	38	39	40	41	42	43	44	45	87	#
1236	3962	38	39	40	41	42	43	44	45	46	87	#
1237	3962	39	40	41	42	43	44	45	46	47	87	#
1238	3962	40	41	42	43	44	45	46	47	48	87	#
1239	3962	41	42	43	44	45	46	47	48	49	87	#
1240	3962	42	43	44	45	46	47	48	49	50	87	#
1241	3962	43	44	45	46	47	48	49	50	51	87	#
1242	3962	44	45	46	47	48	49	50	51	52	87	#
1243	22914	0	1	2	3	4	5	6	7	8	9	88	#
1244	22914	1	2	3	4	5	6	7	8	9	10	88	#
1245	22914	2	3	4	5	6	7	8	9	10	11	88	#
1246	22914	3	4	5	6	7	8	9	10	11	12	88	#
1247	22914	4	5	6	7	8	9	10	11	12	13	88	#
1248	22914	5	6	7	8	9	10	11	12	13	14	88	#
1249	22914	6	7	8	9	10	11	12	13	14	15	88	#
1250	22914	7	8	9	10	11	12	13	14	15	16	88	#
1251	22914	8	9	10	11	12	13	14	15	16	17	88	#
1252	22914	9	10	11	12	13	14	15	16	17	18	88	#
1253	22914	10	11	12	13	14	15	16	17	18	19	88	#
1254	22914	11	12	13	14	15	16	17	18	19	20	88	#
1255	22914	12	13	14	15	16	17	18	19	20	21	88	#
1256	22914	13	14	15	16	17	18	19	20	21	22	88	#
1257	22914	14	15	16	17	18	19	20	21	22	23	88	#
1258	22914	15	16	17	18	19	20	21	22	23	24	88	#
1259	22914	16	17	18	19	20	21	22	23	24	25	88	#
1260	22914	17	18	19	20	21	22	23	24	25	26	88	#
1261	22914	18	19	20	21	22	23	24	25	26	27	88	#
1262	22914	19	20	21	22	23	24	25	26	27	28	88	#
1263	22914	20	21	22	23	24	25	26	27	28	29	88	#
1264	22914	21	22	23	24	25	26	27	28	29	30	88	#
1265	22914	22	23	24	25	26	27	28	29	30	31	88	#
1266	22914	23	24	25	26	27	28	29	30	31	32	88	#
1267	22914	24	25	26	27	28	29	30	31	32	33	88	#
1268	22914	25	26	27	28	29	30	31	32	33	34	88	#
1269	22914	26	27	28	29	30	31	32	33	34	35	88	#
1270	22914	27	28	29	30	31	32	33	34	35	36	88	#
1271	22914	28	29	30	31	32	33	34	35	36	37	88	#
1272	22914	29	30	31	32	33	34	35	36	37	38	88	#
1273	22914	30	31	32	33	34	35	36	37	38	39	88	#
1274	22914	31	32	33	34	35	36	37	38	39	40	88	#
1275	22914	32	33	34	35	36	37	38	39	40	41	88	#
1276	22914	33	34	35	36	37	38	39	40	41	42	88	#
1277	22914	34	35	36	37	38	39	40	41	42	43	88	#
1278	22914	35	36	37	38	39	40	41	42	43	44	88	#
1279	22914	36	37	38	39	40	41	42	43	44	45	88	#
1280	22914	37	38	39	40	41	42	43	44	45	46	88	#
1281	22914	38	39	40	41	42	43	44	45	46	47	88	#
1282	22914	39	40	41	42	43	44	45	46	47	48	88	#
1283	22914	40	41	42	43	44	45	46	47	48	49	88	#
1284	22914	41	42	43	44	45	46	47	48	49	50	88	#
1285	22033	42	43	44	45	46	47	48	49	50	51	88	#
1286	22033	43	44	45	46	47	48	49	50	51	52	88	#
1287	21217	44	45	46	47	48	49	50	51	52	53	88	#
1288	21217	45	46	47	48	49	50	51	52	53	54	88	#
1289	1426	0	89	#
1290	1426	1	89	#
1291	1426	2	89	#
1292	1426	3	89	#
1293	1426	4	89	#
1294	1426	5	89	#
1295	1426	6	89	#
1296	1426	7	89	#
1297	1426	8	89	#
1298	1426	9	89	#
1299	1426	10	89	#
1300	1426	11	89	#
1301	1426	12	89	#
1302	1426	13	89	#
1303	1426	14	89	#
1304	1426	15	89	#
1305	1426	16	89	#
1306	1426	17	89	#
1307	1426	18	89	#
1308	1426	19	89	#
1309	1426	20	89	#
1310	1426	21	89	#
1311	1426	22	89	#
1312	1426	23	89	#
1313	1426	24	89	#
1314	1426	25	89	#
1315	1426	26	89	#
1316	727	27	89	#
1317	727	28	89	#
1318	727	29	89	#
1319	727	30	89	#
1320	727	31	89	#
1321	727	32	89	#
1322	727	33	89	#
1323	727	34	89	#
1324	727	35	89	#
1325	727	36	89	#
1326	727	37	89	#
1327	727	38	89	#
1328	727	39	89	#
1329	727	40	89	#
1330	727	41	89	#
1331	727	42	89	#
1332	727	43	89	#
1333	727	44	89	#
1334	727	45	89	#
1335	727	46	89	#
1336	727	47	89	#
1337	727	48	89	#
1338	727	49	89	#
1339	727	50	89	#
1340	727	51	89	#
1341	713	52	89	#
1342	8958	0	1	2	3	4	5	6	90	#
1343	8958	1	2	3	4	5	6	7	90	#
1344	8958	2	3	4	5	6	7	8	90	#
1345	8958	3	4	5	6	7	8	9	90	#
1346	8958	4	5	6	7	8	9	10	90	#
1347	8958	5	6	7	8	9	10	11	90	#
1348	8958	6	7	8	9	10	11	12	90	#
1349	8958	7	8	9	10	11	12	13	90	#
1350	8958	8	9	10	11	12	13	14	90	#
1351	8958	9	10	11	12	13	14	15	90	#
1352	8958	10	11	12	13	14	15	16	90	#
1353	8958	11	12	13	14	15	16	17	90	#
1354	8958	12	13	14	15	16	17	18	90	#
1355	8958	13	14	15	16	17	18	19	90	#
1356	8958	14	15	16	17	18	19	20	90	#
1357	8958	15	16	17	18	19	20	21	90	#
1358	8958	16	17	18	19	20	21	22	90	#
1359	8958	17	18	19	20	21	22	23	90	#
1360	8958	18	19	20	21	22	23	24	90	#
1361	8958	19	20	21	22	23	24	25	90	#
1362	8958	20	21	22	23	24	25	26	90	#
1363	8958	21	22	23	24	25	26	27	90	#
1364	8958	22	23	24	25	26	27	28	90	#
1365	8958	23	24	25	26	27	28	29	90	#
1366	8958	24	25	26	27	28	29	30	90	#
1367	8958	25	26	27	28	29	30	31	90	#
1368	8958	26	27	28	29	30	31	32	90	#
1369	8958	27	28	29	30	31	32	33	90	#
1370	1952	0	1	2	91	#
1371	1952	1	2	3	91	#
1372	1952	2	3	4	91	#
1373	1952	3	4	5	91	#
1374	1952	4	5	6	91	#
1375	1952	5	6	7	91	#
1376	1952	6	7	8	91	#
1377	1952	7	8	9	91	#
1378	1952	8	9	10	91	#
1379	1952	9	10	11	91	#
1380	1952	10	11	12	91	#
1381	1952	11	12	13	91	#
1382	1952	12	13	14	91	#
1383	1952	13	14	15	91	#
1384	1952	14	15	16	91	#
1385	1952	15	16	17	91	#
1386	1952	16	17	18	91	#
1387	1952	17	18	19	91	#
1388	1952	18	19	20	91	#
1389	1952	19	20	21	91	#
1390	1952	20	21	22	91	#
1391	1952	21	22	23	91	#
1392	1952	22	23	24	91	#
1393	1952	23	24	25	91	#
1394	1952	24	25	26	91	#
1395	1952	25	26	27	91	#
1396	1952	26	27	28	91	#
1397	1952	27	28	29	91	#
1398	1952	28	29	30	91	#
1399	1952	29	30	31	91	#
1400	1952	30	31	32	91	#
1401	1952	31	32	33	91	#
1402	1952	32	33	34	91	#
1403	1952	33	34	35	91	#
1404	1952	34	35	36	91	#
1405	1952	35	36	37	91	#
1406	1952	36	37	38	91	#
1407	1952	37	38	39	91	#
1408	1952	38	39	40	91	#
1409	1952	39	40	41	91	#
1410	1952	40	41	42	91	#
1411	1952	41	42	43	91	#
1412	1952	42	43	44	91	#
1413	1952	43	44	45	91	#
1414	1952	44	45	46	91	#
1415	1952	45	46	47	91	#
1416	1213	0	92	#
1417	1213	1	92	#
1418	1213	2	92	#
1419	1213	3	92	#
1420	1213	4	92	#
1421	1213	5	92	#
1422	1213	6	92	#
1423	1213	7	92	#
1424	1213	8	92	#
1425	1213	9	92	#
1426	1213	10	92	#
1427	1213	11	92	#
1428	1213	12	92	#
1429	1213	13	92	#
1430	1213	14	92	#
1431	1213	15	92	#
1432	1213	16	92	#
1433	1213	17	92	#
1434	1213	18	92	#
1435	1213	19	92	#
1436	1213	20	92	#
1437	1213	21	92	#
1438	1213	22	92	#
1439	1213	23	92	#
1440	1213	24	92	#
1441	1213	25	92	#
1442	1213	26	92	#
1443	1213	27	92	#
1444	1213	28	92	#
1445	1213	29	92	#
1446	1213	30	92	#
1447	1213	31	92	#
1448	1213	32	92	#
1449	1213	33	92	#
1450	1213	34	92	#
1451	1213	35	92	#
1452	1213	36	92	#
1453	1213	37	92	#
1454	1213	38	92	#
1455	1213	39	92	#
1456	1213	40	92	#
1457	1213	41	92	#
1458	1130	42	92	#
1459	1130	43	92	#
1460	1130	44	92	#
1461	995	45	92	#
1462	995	46	92	#
1463	995	47	92	#
1464	995	48	92	#
1465	995	49	92	#
1466	995	50	92	#
1467	7405	0	1	2	3	4	93	#
1468	7405	1	2	3	4	5	93	#
1469	7405	2	3	4	5	6	93	#
1470	7405	3	4	5	6	7	93	#
1471	7405	4	5	6	7	8	93	#
1472	7405	5	6	7	8	9	93	#
1473	7405	6	7	8	9	10	93	#
1474	7405	7	8	9	10	11	93	#
1475	7405	8	9	10	11	12	93	#
1476	7405	9	10	11	12	13	93	#
1477	7405	10	11	12	13	14	93	#
1478	7405	11	12	13	14	15	93	#
1479	7405	12	13	14	15	16	93	#
1480	7405	13	14	15	16	17	93	#
1481	7405	14	15	16	17	18	93	#
1482	7405	15	16	17	18	19	93	#
1483	7405	16	17	18	19	20	93	#
1484	7405	17	18	19	20	21	93	#
1485	7405	18	19	20	21	22	93	#
1486	7405	19	20	21	22	23	93	#
1487	7405	20	21	22	23	24	93	#
1488	7405	21	22	23	24	25	93	#
1489	7405	22	23	24	25	26	93	#
1490	7405	23	24	25	26	27	93	#
1491	7405	24	25	26	27	28	93	#
1492	7405	25	26	27	28	29	93	#
1493	7405	26	27	28	29	30	93	#
1494	6171	27	28	29	30	31	93	#
1495	6171	28	29	30	31	32	93	#
1496	6171	29	30	31	32	33	93	#
1497	6171	30	31	32	33	34	93	#
1498	6171	31	32	33	34	35	93	#
1499	6171	32	33	34	35	36	93	#
1500	4727	33	34	35	36	37	93	#
1501	4727	34	35	36	37	38	93	#
1502	4727	35	36	37	38	39	93	#
1503	4727	36	37	38	39	40	93	#
1504	4727	37	38	39	40	41	93	#
1505	4727	38	39	40	41	42	93	#
1506	4727	39	40	41	42	43	93	#
1507	4727	40	41	42	43	44	93	#
1508	4727	41	42	43	44	45	93	#
1509	4727	42	43	44	45	46	93	#
1510	4727	43	44	45	46	47	93	#
1511	4534	44	45	46	47	48	93	#
1512	4534	45	46	47	48	49	93	#
1513	4443	46	47	48	49	50	93	#
1514	22461	0	1	2	3	4	5	6	7	8	9	94	#
1515	22461	1	2	3	4	5	6	7	8	9	10	94	#
1516	22461	2	3	4	5	6	7	8	9	10	11	94	#
1517	22461	3	4	5	6	7	8	9	10	11	12	94	#
1518	22461	4	5	6	7	8	9	10	11	12	13	94	#
1519	22461	5	6	7	8	9	10	11	12	13	14	94	#
1520	22461	6	7	8	9	10	11	12	13	14	15	94	#
1521	22461	7	8	9	10	11	12	13	14	15	16	94	#
1522	22461	8	9	10	11	12	13	14	15	16	17	94	#
1523	22461	9	10	11	12	13	14	15	16	17	18	94	#
1524	22461	10	11	12	13	14	15	16	17	18	19	94	#
1525	22461	11	12	13	14	15	16	17	18	19	20	94	#
1526	22461	12	13	14	15	16	17	18	19	20	21	94	#
1527	22461	13	14	15	16	17	18	19	20	21	22	94	#
1528	22461	14	15	16	17	18	19	20	21	22	23	94	#
1529	9824	0	1	2	3	4	95	#
1530	9824	1	2	3	4	5	95	#
1531	9824	2	3	4	5	6	95	#
1532	9824	3	4	5	6	7	95	#
1533	9824	4	5	6	7	8	95	#
1534	1965	5	6	7	8	9	95	#
1535	1965	6	7	8	9	10	95	#
1536	1965	7	8	9	10	11	95	#
1537	1965	8	9	10	11	12	95	#
1538	1965	9	10	11	12	13	95	#
1539	1965	10	11	12	13	14	95	#
1540	1965	11	12	13	14	15	95	#
1541	1965	12	13	14	15	16	95	#
1542	1965	13	14	15	16	17	95	#
1543	1965	14	15	16	17	18	95	#
1544	1965	15	16	17	18	19	95	#
1545	1965	16	17	18	19	20	95	#
1546	1965	17	18	19	20	21	95	#
1547	1965	18	19	20	21	22	95	#
1548	1965	19	20	21	22	23	95	#
1549	1965	20	21	22	23	24	95	#
1550	1965	21	22	23	24	25	95	#
1551	1965	22	23	24	25	26	95	#
1552	1965	23	24	25	26	27	95	#
1553	1965	24	25	26	27	28	95	#
1554	1965	25	26	27	28	29	95	#
1555	1965	26	27	28	29	30	95	#
1556	1965	27	28	29	30	31	95	#
1557	1965	28	29	30	31	32	95	#
1558	1965	29	30	31	32	33	95	#
1559	1965	30	31	32	33	34	95	#
1560	1965	31	32	33	34	35	95	#
1561	1965	32	33	34	35	36	95	#
1562	1965	33	34	35	36	37	95	#
1563	1965	34	35	36	37	38	95	#
1564	1965	35	36	37	38	39	95	#
1565	1965	36	37	38	39	40	95	#
1566	22086	0	1	2	3	4	5	6	7	8	9	96	#
1567	22086	1	2	3	4	5	6	7	8	9	10	96	#
1568	22086	2	3	4	5	6	7	8	9	10	11	96	#
1569	22086	3	4	5	6	7	8	9	10	11	12	96	#
1570	22086	4	5	6	7	8	9	10	11	12	13	96	#
1571	22086	5	6	7	8	9	10	11	12	13	14	96	#
1572	22086	6	7	8	9	10	11	12	13	14	15	96	#
1573	22086	7	8	9	10	11	12	13	14	15	16	96	#
1574	22086	8	9	10	11	12	13	14	15	16	17	96	#
1575	22086	9	10	11	12	13	14	15	16	17	18	96	#
1576	22086	10	11	12	13	14	15	16	17	18	19	96	#
1577	22086	11	12	13	14	15	16	17	18	19	20	96	#
1578	22086	12	13	14	15	16	17	18	19	20	21	96	#
1579	22086	13	14	15	16	17	18	19	20	21	22	96	#
1580	22086	14	15	16	17	18	19	20	21	22	23	96	#
1581	22086	15	16	17	18	19	20	21	22	23	24	96	#
1582	22086	16	17	18	19	20	21	22	23	24	25	96	#
1583	22086	17	18	19	20	21	22	23	24	25	26	96	#
1584	22086	18	19	20	21	22	23	24	25	26	27	96	#
1585	22086	19	20	21	22	23	24	25	26	27	28	96	#
1586	22086	20	21	22	23	24	25	26	27	28	29	96	#
1587	22086	21	22	23	24	25	26	27	28	29	30	96	#
1588	22086	22	23	24	25	26	27	28	29	30	31	96	#
1589	22086	23	24	25	26	27	28	29	30	31	32	96	#
1590	22086	24	25	26	27	28	29	30	31	32	33	96	#
1591	22086	25	26	27	28	29	30	31	32	33	34	96	#
1592	22086	26	27	28	29	30	31	32	33	34	35	96	#
1593	22086	27	28	29	30	31	32	33	34	35	36	96	#
1594	22086	28	29	30	31	32	33	34	35	36	37	96	#
1595	22086	29	30	31	32	33	34	35	36	37	38	96	#
1596	22086	30	31	32	33	34	35	36	37	38	39	96	#
1597	22086	31	32	33	34	35	36	37	38	39	40	96	#
1598	22086	32	33	34	35	36	37	38	39	40	41	96	#
1599	22086	33	34	35	36	37	38	39	40	41	42	96	#
1600	22086	34	35	36	37	38	39	40	41	42	43	96	#
1601	22086	35	36	37	38	39	40	41	42	43	44	96	#
1602	22086	36	37	38	39	40	41	42	43	44	45	96	#
1603	22086	37	38	39	40	41	42	43	44	45	46	96	#
1604	22086	38	39	40	41	42	43	44	45	46	47	96	#
1605	22086	39	40	41	42	43	44	45	46	47	48	96	#
1606	22086	40	41	42	43	44	45	46	47	48	49	96	#
1607	22086	41	42	43	44	45	46	47	48	49	50	96	#
1608	22086	42	43	44	45	46	47	48	49	50	51	96	#
1609	22086	43	44	45	46	47	48	49	50	51	52	96	#
1610	21268	44	45	46	47	48	49	50	51	52	53	96	#
1611	21268	45	46	47	48	49	50	51	52	53	54	96	#
1612	8181	0	1	2	3	4	97	#
1613	617	1	2	3	4	5	97	#
1614	617	2	3	4	5	6	97	#
1615	617	3	4	5	6	7	97	#
1616	617	4	5	6	7	8	97	#
1617	617	5	6	7	8	9	97	#
1618	617	6	7	8	9	10	97	#
1619	617	7	8	9	10	11	97	#
1620	617	8	9	10	11	12	97	#
1621	617	9	10	11	12	13	97	#
1622	617	10	11	12	13	14	97	#
1623	617	11	12	13	14	15	97	#
1624	617	12	13	14	15	16	97	#
1625	617	13	14	15	16	17	97	#
1626	617	14	15	16	17	18	97	#
1627	617	15	16	17	18	19	97	#
1628	617	16	17	18	19	20	97	#
1629	617	17	18	19	20	21	97	#
1630	617	18	19	20	21	22	97	#
1631	617	19	20	21	22	23	97	#
1632	617	20	21	22	23	24	97	#
1633	617	21	22	23	24	25	97	#
1634	617	22	23	24	25	26	97	#
1635	617	23	24	25	26	27	97	#
1636	617	24	25	26	27	28	97	#
1637	617	25	26	27	28	29	97	#
1638	617	26	27	28	29	30	97	#
1639	617	27	28	29	30	31	97	#
1640	617	28	29	30	31	32	97	#
1641	617	29	30	31	32	33	97	#
1642	617	30	31	32	33	34	97	#
1643	617	31	32	33	34	35	97	#
1644	617	32	33	34	35	36	97	#
1645	617	33	34	35	36	37	97	#
1646	617	34	35	36	37	38	97	#
1647	617	35	36	37	38	39	97	#
1648	617	36	37	38	39	40	97	#
1649	617	37	38	39	40	41	97	#
1650	617	38	39	40	41	42	97	#
1651	617	39	40	41	42	43	97	#
1652	617	40	41	42	43	44	97	#
1653	617	41	42	43	44	45	97	#
1654	617	42	43	44	45	46	97	#
1655	617	43	44	45	46	47	97	#
1656	617	44	45	46	47	48	97	#
1657	617	45	46	47	48	49	97	#
1658	617	46	47	48	49	50	97	#
1659	617	47	48	49	50	51	97	#
1660	617	48	49	50	51	52	97	#
1661	617	49	50	51	52	53	97	#
1662	606	50	51	52	53	54	97	#
1663	15856	0	1	2	3	4	5	6	7	8	98	#
1664	15856	1	2	3	4	5	6	7	8	9	98	#
1665	15856	2	3	4	5	6	7	8	9	10	98	#
1666	15856	3	4	5	6	7	8	9	10	11	98	#
1667	15856	4	5	6	7	8	9	10	11	12	98	#
1668	15856	5	6	7	8	9	10	11	12	13	98	#
1669	15856	6	7	8	9	10	11	12	13	14	98	#
1670	15856	7	8	9	10	11	12	13	14	15	98	#
1671	15856	8	9	10	11	12	13	14	15	16	98	#
1672	15856	9	10	11	12	13	14	15	16	17	98	#
1673	15856	10	11	12	13	14	15	16	17	18	98	#
1674	15856	11	12	13	14	15	16	17	18	19	98	#
1675	15856	12	13	14	15	16	17	18	19	20	98	#
1676	15856	13	14	15	16	17	18	19	20	21	98	#
1677	15856	14	15	16	17	18	19	20	21	22	98	#
1678	15856	15	16	17	18	19	20	21	22	23	98	#
1679	15856	16	17	18	19	20	21	22	23	24	98	#
1680	15856	17	18	19	20	21	22	23	24	25	98	#
1681	15856	18	19	20	21	22	23	24	25	26	98	#
1682	15856	19	20	21	22	23	24	25	26	27	98	#
1683	15856	20	21	22	23	24	25	26	27	28	98	#
1684	15856	21	22	23	24	25	26	27	28	29	98	#
1685	15856	22	23	24	25	26	27	28	29	30	98	#
1686	15856	23	24	25	26	27	28	29	30	31	98	#
1687	15856	24	25	26	27	28	29	30	31	32	98	#
1688	15856	25	26	27	28	29	30	31	32	33	98	#
1689	15856	26	27	28	29	30	31	32	33	34	98	#
1690	15856	27	28	29	30	31	32	33	34	35	98	#
1691	15856	28	29	30	31	32	33	34	35	36	98	#
1692	15856	29	30	31	32	33	34	35	36	37	98	#
1693	15856	30	31	32	33	34	35	36	37	38	98	#
1694	15856	31	32	33	34	35	36	37	38	39	98	#
1695	15856	32	33	34	35	36	37	38	39	40	98	#
1696	15856	33	34	35	36	37	38	39	40	41	98	#
1697	15856	34	35	36	37	38	39	40	41	42	98	#
1698	15856	35	36	37	38	39	40	41	42	43	98	#
1699	15856	36	37	38	39	40	41	42	43	44	98	#
1700	15856	37	38	39	40	41	42	43	44	45	98	#
1701	15856	38	39	40	41	42	43	44	45	46	98	#
1702	15856	39	40	41	42	43	44	45	46	47	98	#
1703	15856	40	41	42	43	44	45	46	47	48	98	#
1704	15856	41	42	43	44	45	46	47	48	49	98	#
1705	15856	42	43	44	45	46	47	48	49	50	98	#
1706	15856	43	44	45	46	47	48	49	50	51	98	#
1707	15856	44	45	46	47	48	49	50	51	52	98	#
1708	15856	45	46	47	48	49	50	51	52	53	98	#
1709	4867	0	1	2	3	99	#
1710	4867	1	2	3	4	99	#
1711	4867	2	3	4	5	99	#
1712	4867	3	4	5	6	99	#
1713	4867	4	5	6	7	99	#
1714	4867	5	6	7	8	99	#
1715	4867	6	7	8	9	99	#
1716	4867	7	8	9	10	99	#
1717	4867	8	9	10	11	99	#
1718	4867	9	10	11	12	99	#
1719	4867	10	11	12	13	99	#
1720	4867	11	12	13	14	99	#
1721	4867	12	13	14	15	99	#
1722	4867	13	14	15	16	99	#
1723	4867	14	15	16	17	99	#
1724	4867	15	16	17	18	99	#
1725	4867	16	17	18	19	99	#
1726	4867	17	18	19	20	99	#
1727	4867	18	19	20	21	99	#
1728	4867	19	20	21	22	99	#
1729	4867	20	21	22	23	99	#
1730	4867	21	22	23	24	99	#
1731	4867	22	23	24	25	99	#
1732	4867	23	24	25	26	99	#
1733	4867	24	25	26	27	99	#
1734	4867	25	26	27	28	99	#
1735	4867	26	27	28	29	99	#
1736	4867	27	28	29	30	99	#
1737	4867	28	29	30	31	99	#
1738	4867	29	30	31	32	99	#
1739	4867	30	31	32	33	99	#
1740	3031	31	32	33	34	99	#
1741	3031	32	33	34	35	99	#
1742	3031	33	34	35	36	99	#
1743	3031	34	35	36	37	99	#
1744	3031	35	36	37	38	99	#
1745	3031	36	37	38	39	99	#
1746	3031	37	38	39	40	99	#
1747	3031	38	39	40	41	99	#
1748	3031	39	40	41	42	99	#
1749	3031	40	41	42	43	99	#
1750	3031	41	42	43	44	99	#
1751	3031	42	43	44	45	99	#
1752	3031	43	44	45	46	99	#
1753	3031	44	45	46	47	99	#
1754	3031	45	46	47	48	99	#
1755	3031	46	47	48	49	99	#
1756	3031	47	48	49	50	99	#
1757	3031	48	49	50	51	99	#
1758	3031	49	50	51	52	99	#
1759	3031	50	51	52	53	99	#
1760	8452	38	39	40	41	42	43	44	45	46	100	#
1761	8452	1	2	3	4	5	6	7	8	9	100	#
1762	8452	2	3	4	5	6	7	8	9	10	100	#
1763	8452	3	4	5	6	7	8	9	10	11	100	#
1764	8452	4	5	6	7	8	9	10	11	12	100	#
1765	8452	5	6	7	8	9	10	11	12	13	100	#
1766	8452	6	7	8	9	10	11	12	13	14	100	#
1767	8452	7	8	9	10	11	12	13	14	15	100	#
1768	8452	8	9	10	11	12	13	14	15	16	100	#
1769	8452	9	10	11	12	13	14	15	16	17	100	#
1770	8452	10	11	12	13	14	15	16	17	18	100	#
1771	8452	11	12	13	14	15	16	17	18	19	100	#
1772	8452	12	13	14	15	16	17	18	19	20	100	#
1773	8452	13	14	15	16	17	18	19	20	21	100	#
1774	8452	14	15	16	17	18	19	20	21	22	100	#
1775	8452	15	16	17	18	19	20	21	22	23	100	#
1776	8452	16	17	18	19	20	21	22	23	24	100	#
1777	8452	17	18	19	20	21	22	23	24	25	100	#
1778	8452	18	19	20	21	22	23	24	25	26	100	#
1779	8452	19	20	21	22	23	24	25	26	27	100	#
1780	8452	20	21	22	23	24	25	26	27	28	100	#
1781	8452	21	22	23	24	25	26	27	28	29	100	#
1782	8452	22	23	24	25	26	27	28	29	30	100	#
1783	8452	23	24	25	26	27	28	29	30	31	100	#
1784	8452	24	25	26	27	28	29	30	31	32	100	#
1785	8452	25	26	27	28	29	30	31	32	33	100	#
1786	8452	26	27	28	29	30	31	32	33	34	100	#
1787	8452	27	28	29	30	31	32	33	34	35	100	#
1788	8452	28	29	30	31	32	33	34	35	36	100	#
1789	8452	29	30	31	32	33	34	35	36	37	100	#
1790	8452	30	31	32	33	34	35	36	37	38	100	#
1791	8452	31	32	33	34	35	36	37	38	39	100	#
1792	8452	32	33	34	35	36	37	38	39	40	100	#
1793	8452	33	34	35	36	37	38	39	40	41	100	#
1794	8452	34	35	36	37	38	39	40	41	42	100	#
1795	8452	35	36	37	38	39	40	41	42	43	100	#
1796	8452	36	37	38	39	40	41	42	43	44	100	#
1797	8452	37	38	39	40	41	42	43	44	45	100	#
1798	13504	0	1	2	3	4	5	6	7	101	#
1799	13504	1	2	3	4	5	6	7	8	101	#
1800	13504	2	3	4	5	6	7	8	9	101	#
1801	13504	3	4	5	6	7	8	9	10	101	#
1802	13504	4	5	6	7	8	9	10	11	101	#
1803	13504	5	6	7	8	9	10	11	12	101	#
1804	13504	6	7	8	9	10	11	12	13	101	#
1805	13504	7	8	9	10	11	12	13	14	101	#
1806	13504	8	9	10	11	12	13	14	15	101	#
1807	13504	9	10	11	12	13	14	15	16	101	#
1808	13504	10	11	12	13	14	15	16	17	101	#
1809	13504	11	12	13	14	15	16	17	18	101	#
1810	13504	12	13	14	15	16	17	18	19	101	#
1811	13504	13	14	15	16	17	18	19	20	101	#
1812	13504	14	15	16	17	18	19	20	21	101	#
1813	13504	15	16	17	18	19	20	21	22	101	#
1814	13504	16	17	18	19	20	21	22	23	101	#
1815	13504	17	18	19	20	21	22	23	24	101	#
1816	13504	18	19	20	21	22	23	24	25	101	#
1817	13504	19	20	21	22	23	24	25	26	101	#
1818	13504	20	21	22	23	24	25	26	27	101	#
1819	13504	21	22	23	24	25	26	27	28	101	#
1820	13504	22	23	24	25	26	27	28	29	101	#
1821	13504	23	24	25	26	27	28	29	30	101	#
1822	13504	24	25	26	27	28	29	30	31	101	#
1823	13504	25	26	27	28	29	30	31	32	101	#
1824	13504	26	27	28	29	30	31	32	33	101	#
1825	13504	27	28	29	30	31	32	33	34	101	#
1826	13504	28	29	30	31	32	33	34	35	101	#
1827	13504	29	30	31	32	33	34	35	36	101	#
1828	13504	30	31	32	33	34	35	36	37	101	#
1829	13504	31	32	33	34	35	36	37	38	101	#
1830	13504	32	33	34	35	36	37	38	39	101	#
1831	13504	33	34	35	36	37	38	39	40	101	#
1832	13504	34	35	36	37	38	39	40	41	101	#
1833	13504	35	36	37	38	39	40	41	42	101	#
1834	13504	36	37	38	39	40	41	42	43	101	#
1835	13504	37	38	39	40	41	42	43	44	101	#
1836	13504	38	39	40	41	42	43	44	45	101	#
1837	13504	39	40	41	42	43	44	45	46	101	#
1838	13504	40	41	42	43	44	45	46	47	101	#
1839	808	0	102	#
1840	808	1	102	#
1841	808	2	102	#
1842	808	3	102	#
1843	808	4	102	#
1844	808	5	102	#
1845	808	6	102	#
1846	808	7	102	#
1847	808	8	102	#
1848	808	9	102	#
1849	808	10	102	#
1850	808	11	102	#
1851	808	12	102	#
1852	808	13	102	#
1853	808	14	102	#
1854	808	15	102	#
1855	808	16	102	#
1856	808	17	102	#
1857	808	18	102	#
1858	808	19	102	#
1859	808	20	102	#
1860	808	21	102	#
1861	808	22	102	#
1862	808	23	102	#
1863	808	24	102	#
1864	15873	0	1	2	3	4	5	6	7	8	103	#
1865	15873	1	2	3	4	5	6	7	8	9	103	#
1866	15873	2	3	4	5	6	7	8	9	10	103	#
1867	15873	3	4	5	6	7	8	9	10	11	103	#
1868	15873	4	5	6	7	8	9	10	11	12	103	#
1869	15873	5	6	7	8	9	10	11	12	13	103	#
1870	15873	6	7	8	9	10	11	12	13	14	103	#
1871	15873	7	8	9	10	11	12	13	14	15	103	#
1872	15873	8	9	10	11	12	13	14	15	16	103	#
1873	15873	9	10	11	12	13	14	15	16	17	103	#
1874	15873	10	11	12	13	14	15	16	17	18	103	#
1875	15873	11	12	13	14	15	16	17	18	19	103	#
1876	15873	12	13	14	15	16	17	18	19	20	103	#
1877	15873	13	14	15	16	17	18	19	20	21	103	#
1878	15873	14	15	16	17	18	19	20	21	22	103	#
1879	15873	15	16	17	18	19	20	21	22	23	103	#
1880	15873	16	17	18	19	20	21	22	23	24	103	#
1881	15873	17	18	19	20	21	22	23	24	25	103	#
1882	15873	18	19	20	21	22	23	24	25	26	103	#
1883	15873	19	20	21	22	23	24	25	26	27	103	#
1884	15873	20	21	22	23	24	25	26	27	28	103	#
1885	15873	21	22	23	24	25	26	27	28	29	103	#
1886	15873	22	23	24	25	26	27	28	29	30	103	#
1887	12750	0	1	2	3	4	5	104	#
1888	12750	1	2	3	4	5	6	104	#
1889	12750	2	3	4	5	6	7	104	#
1890	12750	3	4	5	6	7	8	104	#
1891	12750	4	5	6	7	8	9	104	#
1892	12750	5	6	7	8	9	10	104	#
1893	12750	6	7	8	9	10	11	104	#
1894	19625	0	1	2	3	4	5	6	7	8	105	#
1895	19625	1	2	3	4	5	6	7	8	9	105	#
1896	19625	2	3	4	5	6	7	8	9	10	105	#
1897	19625	3	4	5	6	7	8	9	10	11	105	#
1898	19625	4	5	6	7	8	9	10	11	12	105	#
1899	19625	5	6	7	8	9	10	11	12	13	105	#
1900	19625	6	7	8	9	10	11	12	13	14	105	#
1901	19625	7	8	9	10	11	12	13	14	15	105	#
1902	19625	8	9	10	11	12	13	14	15	16	105	#
1903	19625	9	10	11	12	13	14	15	16	17	105	#
1904	19625	10	11	12	13	14	15	16	17	18	105	#
1905	19625	11	12	13	14	15	16	17	18	19	105	#
1906	19625	12	13	14	15	16	17	18	19	20	105	#
1907	19625	13	14	15	16	17	18	19	20	21	105	#
1908	19625	14	15	16	17	18	19	20	21	22	105	#
1909	19625	15	16	17	18	19	20	21	22	23	105	#
1910	19625	16	17	18	19	20	21	22	23	24	105	#
1911	19625	17	18	19	20	21	22	23	24	25	105	#
1912	19625	18	19	20	21	22	23	24	25	26	105	#
1913	19625	19	20	21	22	23	24	25	26	27	105	#
1914	19625	20	21	22	23	24	25	26	27	28	105	#
1915	19625	21	22	23	24	25	26	27	28	29	105	#
1916	19625	22	23	24	25	26	27	28	29	30	105	#
1917	19625	23	24	25	26	27	28	29	30	31	105	#
1918	19625	24	25	26	27	28	29	30	31	32	105	#
1919	19625	25	26	27	28	29	30	31	32	33	105	#
1920	19625	26	27	28	29	30	31	32	33	34	105	#
1921	19625	27	28	29	30	31	32	33	34	35	105	#
1922	19625	28	29	30	31	32	33	34	35	36	105	#
1923	19625	29	30	31	32	33	34	35	36	37	105	#
1924	19625	30	31	32	33	34	35	36	37	38	105	#
1925	19625	31	32	33	34	35	36	37	38	39	105	#
1926	19625	32	33	34	35	36	37	38	39	40	105	#
1927	19625	33	34	35	36	37	38	39	40	41	105	#
1928	19625	34	35	36	37	38	39	40	41	42	105	#
1929	19625	35	36	37	38	39	40	41	42	43	105	#
1930	19625	36	37	38	39	40	41	42	43	44	105	#
1931	19625	37	38	39	40	41	42	43	44	45	105	#
1932	19625	38	39	40	41	42	43	44	45	46	105	#
1933	19625	39	40	41	42	43	44	45	46	47	105	#
1934	19625	40	41	42	43	44	45	46	47	48	105	#
1935	19625	41	42	43	44	45	46	47	48	49	105	#
1936	19625	42	43	44	45	46	47	48	49	50	105	#
1937	19625	43	44	45	46	47	48	49	50	51	105	#
1938	19625	44	45	46	47	48	49	50	51	52	105	#
1939	3295	0	1	106	#
1940	3295	1	2	106	#
1941	3295	2	3	106	#
1942	3295	3	4	106	#
1943	3295	4	5	106	#
1944	3295	5	6	106	#
1945	3295	6	7	106	#
1946	3295	7	8	106	#
1947	3295	8	9	106	#
1948	3295	9	10	106	#
1949	3295	10	11	106	#
1950	3295	11	12	106	#
1951	3295	12	13	106	#
1952	3295	13	14	106	#
1953	3295	14	15	106	#
1954	3295	15	16	106	#
1955	3295	16	17	106	#
1956	3295	17	18	106	#
1957	3295	18	19	106	#
1958	3295	19	20	106	#
1959	3295	20	21	106	#
1960	3295	21	22	106	#
1961	3295	22	23	106	#
1962	3295	23	24	106	#
1963	3295	24	25	106	#
1964	3295	25	26	106	#
1965	3295	26	27	106	#
1966	3295	27	28	106	#
1967	3295	28	29	106	#
1968	5882	0	1	2	3	107	#
1969	5882	1	2	3	4	107	#
1970	5882	2	3	4	5	107	#
1971	5882	3	4	5	6	107	#
1972	5882	4	5	6	7	107	#
1973	5882	5	6	7	8	107	#
1974	5882	6	7	8	9	107	#
1975	5882	7	8	9	10	107	#
1976	5882	8	9	10	11	107	#
1977	5882	9	10	11	12	107	#
1978	5882	10	11	12	13	107	#
1979	5882	11	12	13	14	107	#
1980	5882	12	13	14	15	107	#
1981	5882	13	14	15	16	107	#
1982	5882	14	15	16	17	107	#
1983	5882	15	16	17	18	107	#
1984	5882	16	17	18	19	107	#
1985	5882	17	18	19	20	107	#
1986	5882	18	19	20	21	107	#
1987	5882	19	20	21	22	107	#
1988	5882	20	21	22	23	107	#
1989	5882	21	22	23	24	107	#
1990	5882	22	23	24	25	107	#
1991	5882	23	24	25	26	107	#
1992	5882	24	25	26	27	107	#
1993	5882	25	26	27	28	107	#
1994	5882	26	27	28	29	107	#
1995	5882	27	28	29	30	107	#
1996	5882	28	29	30	31	107	#
1997	5882	29	30	31	32	107	#
1998	4278	30	31	32	33	107	#
1999	4278	31	32	33	34	107	#
2000	4278	32	33	34	35	107	#
2001	4278	33	34	35	36	107	#
2002	4278	34	35	36	37	107	#
2003	4278	35	36	37	38	107	#
2004	4278	36	37	38	39	107	#
2005	4278	37	38	39	40	107	#
2006	4278	38	39	40	41	107	#
2007	4278	39	40	41	42	107	#
2008	4278	40	41	42	43	107	#
2009	4278	41	42	43	44	107	#
2010	3551	42	43	44	45	107	#
2011	3551	43	44	45	46	107	#
2012	3551	44	45	46	47	107	#
2013	3551	45	46	47	48	107	#
2014	3551	46	47	48	49	107	#
2015	3551	47	48	49	50	107	#
2016	3551	48	49	50	51	107	#
2017	3551	49	50	51	52	107	#
2018	3551	50	51	52	53	107	#
2019	3485	51	52	53	54	107	#
2020	11733	0	1	2	3	4	5	108	#
2021	11733	1	2	3	4	5	6	108	#
2022	11733	2	3	4	5	6	7	108	#
2023	11733	3	4	5	6	7	8	108	#
2024	11733	4	5	6	7	8	9	108	#
2025	11733	5	6	7	8	9	10	108	#
2026	11733	6	7	8	9	10	11	108	#
2027	11733	7	8	9	10	11	12	108	#
2028	11733	8	9	10	11	12	13	108	#
2029	5648	0	1	2	3	4	5	109	#
2030	5648	1	2	3	4	5	6	109	#
2031	5648	2	3	4	5	6	7	109	#
2032	5648	3	4	5	6	7	8	109	#
2033	5648	4	5	6	7	8	9	109	#
2034	5648	5	6	7	8	9	10	109	#
2035	5648	6	7	8	9	10	11	109	#
2036	5648	7	8	9	10	11	12	109	#
2037	5648	8	9	10	11	12	13	109	#
2038	5648	9	10	11	12	13	14	109	#
2039	5648	10	11	12	13	14	15	109	#
2040	5648	11	12	13	14	15	16	109	#
2041	5648	12	13	14	15	16	17	109	#
2042	5648	13	14	15	16	17	18	109	#
2043	5648	14	15	16	17	18	19	109	#
2044	5648	15	16	17	18	19	20	109	#
2045	5648	16	17	18	19	20	21	109	#
2046	5648	17	18	19	20	21	22	109	#
2047	14618	0	1	2	3	4	5	6	7	8	110	#
2048	14618	1	2	3	4	5	6	7	8	9	110	#
2049	14618	2	3	4	5	6	7	8	9	10	110	#
2050	14618	3	4	5	6	7	8	9	10	11	110	#
2051	14618	4	5	6	7	8	9	10	11	12	110	#
2052	14618	5	6	7	8	9	10	11	12	13	110	#
2053	14618	6	7	8	9	10	11	12	13	14	110	#
2054	14618	7	8	9	10	11	12	13	14	15	110	#
2055	14618	8	9	10	11	12	13	14	15	16	110	#
2056	14618	9	10	11	12	13	14	15	16	17	110	#
2057	14618	10	11	12	13	14	15	16	17	18	110	#
2058	14618	11	12	13	14	15	16	17	18	19	110	#
2059	14618	12	13	14	15	16	17	18	19	20	110	#
2060	14618	13	14	15	16	17	18	19	20	21	110	#
2061	14618	14	15	16	17	18	19	20	21	22	110	#
2062	14618	15	16	17	18	19	20	21	22	23	110	#
2063	14618	16	17	18	19	20	21	22	23	24	110	#
2064	14618	17	18	19	20	21	22	23	24	25	110	#
2065	14618	18	19	20	21	22	23	24	25	26	110	#
2066	14618	19	20	21	22	23	24	25	26	27	110	#
2067	14618	20	21	22	23	24	25	26	27	28	110	#
2068	14618	21	22	23	24	25	26	27	28	29	110	#
2069	14618	22	23	24	25	26	27	28	29	30	110	#
2070	14618	23	24	25	26	27	28	29	30	31	110	#
2071	14618	24	25	26	27	28	29	30	31	32	110	#
2072	14618	25	26	27	28	29	30	31	32	33	110	#
2073	14618	26	27	28	29	30	31	32	33	34	110	#
2074	14618	27	28	29	30	31	32	33	34	35	110	#
2075	14618	28	29	30	31	32	33	34	35	36	110	#
2076	14618	29	30	31	32	33	34	35	36	37	110	#
2077	14618	30	31	32	33	34	35	36	37	38	110	#
2078	14618	31	32	33	34	35	36	37	38	39	110	#
2079	14618	32	33	34	35	36	37	38	39	40	110	#
2080	14618	33	34	35	36	37	38	39	40	41	110	#
2081	14618	34	35	36	37	38	39	40	41	42	110	#
2082	14618	35	36	37	38	39	40	41	42	43	110	#
2083	14618	36	37	38	39	40	41	42	43	44	110	#
2084	14618	37	38	39	40	41	42	43	44	45	110	#
2085	14301	38	39	40	41	42	43	44	45	46	110	#
2086	13425	39	40	41	42	43	44	45	46	47	110	#
2087	13425	40	41	42	43	44	45	46	47	48	110	#
2088	13425	41	42	43	44	45	46	47	48	49	110	#
2089	13156	42	43	44	45	46	47	48	49	50	110	#
2090	12412	43	44	45	46	47	48	49	50	51	110	#
2091	12412	44	45	46	47	48	49	50	51	52	110	#
2092	12412	45	46	47	48	49	50	51	52	53	110	#
2093	7025	0	1	2	3	4	5	6	111	#
2094	7025	1	2	3	4	5	6	7	111	#
2095	7025	2	3	4	5	6	7	8	111	#
2096	7025	3	4	5	6	7	8	9	111	#
2097	7025	4	5	6	7	8	9	10	111	#
2098	7025	5	6	7	8	9	10	11	111	#
2099	7025	6	7	8	9	10	11	12	111	#
2100	7025	7	8	9	10	11	12	13	111	#
2101	7025	8	9	10	11	12	13	14	111	#
2102	7025	9	10	11	12	13	14	15	111	#
2103	7025	10	11	12	13	14	15	16	111	#
2104	7025	11	12	13	14	15	16	17	111	#
2105	7025	12	13	14	15	16	17	18	111	#
2106	7025	13	14	15	16	17	18	19	111	#
2107	7025	14	15	16	17	18	19	20	111	#
2108	7025	15	16	17	18	19	20	21	111	#
2109	3598	16	17	18	19	20	21	22	111	#
2110	3598	17	18	19	20	21	22	23	111	#
2111	3598	18	19	20	21	22	23	24	111	#
2112	3598	19	20	21	22	23	24	25	111	#
2113	3598	20	21	22	23	24	25	26	111	#
2114	3598	21	22	23	24	25	26	27	111	#
2115	3598	22	23	24	25	26	27	28	111	#
2116	3598	23	24	25	26	27	28	29	111	#
2117	3598	24	25	26	27	28	29	30	111	#
2118	3598	25	26	27	28	29	30	31	111	#
2119	3598	26	27	28	29	30	31	32	111	#
2120	3598	27	28	29	30	31	32	33	111	#
2121	3598	28	29	30	31	32	33	34	111	#
2122	3598	29	30	31	32	33	34	35	111	#
2123	3598	30	31	32	33	34	35	36	111	#
2124	3598	31	32	33	34	35	36	37	111	#
2125	3598	32	33	34	35	36	37	38	111	#
2126	3598	33	34	35	36	37	38	39	111	#
2127	3598	34	35	36	37	38	39	40	111	#
2128	3598	35	36	37	38	39	40	41	111	#
2129	2732	36	37	38	39	40	41	42	111	#
2130	2732	37	38	39	40	41	42	43	111	#
2131	2732	38	39	40	41	42	43	44	111	#
2132	2732	39	40	41	42	43	44	45	111	#
2133	2732	40	41	42	43	44	45	46	111	#
2134	2732	41	42	43	44	45	46	47	111	#
2135	2732	42	43	44	45	46	47	48	111	#
2136	2732	43	44	45	46	47	48	49	111	#
2137	2732	44	45	46	47	48	49	50	111	#
2138	2732	45	46	47	48	49	50	51	111	#
2139	2732	46	47	48	49	50	51	52	111	#
2140	2732	47	48	49	50	51	52	53	111	#
2141	2732	48	49	50	51	52	53	54	111	#
2142	16257	0	1	2	3	4	5	6	7	8	9	112	#
2143	16257	1	2	3	4	5	6	7	8	9	10	112	#
2144	16257	2	3	4	5	6	7	8	9	10	11	112	#
2145	16257	3	4	5	6	7	8	9	10	11	12	112	#
2146	16257	4	5	6	7	8	9	10	11	12	13	112	#
2147	16257	5	6	7	8	9	10	11	12	13	14	112	#
2148	16257	6	7	8	9	10	11	12	13	14	15	112	#
2149	16257	7	8	9	10	11	12	13	14	15	16	112	#
2150	16257	8	9	10	11	12	13	14	15	16	17	112	#
2151	16257	9	10	11	12	13	14	15	16	17	18	112	#
2152	16257	10	11	12	13	14	15	16	17	18	19	112	#
2153	16257	11	12	13	14	15	16	17	18	19	20	112	#
2154	16257	12	13	14	15	16	17	18	19	20	21	112	#
2155	16257	13	14	15	16	17	18	19	20	21	22	112	#
2156	16257	14	15	16	17	18	19	20	21	22	23	112	#
2157	16257	15	16	17	18	19	20	21	22	23	24	112	#
2158	16257	16	17	18	19	20	21	22	23	24	25	112	#
2159	16257	17	18	19	20	21	22	23	24	25	26	112	#
2160	16257	18	19	20	21	22	23	24	25	26	27	112	#
2161	16257	19	20	21	22	23	24	25	26	27	28	112	#
2162	16257	20	21	22	23	24	25	26	27	28	29	112	#
2163	16257	21	22	23	24	25	26	27	28	29	30	112	#
2164	16257	22	23	24	25	26	27	28	29	30	31	112	#
2165	16257	23	24	25	26	27	28	29	30	31	32	112	#
2166	16257	24	25	26	27	28	29	30	31	32	33	112	#
2167	16257	25	26	27	28	29	30	31	32	33	34	112	#
2168	16257	26	27	28	29	30	31	32	33	34	35	112	#
2169	16257	27	28	29	30	31	32	33	34	35	36	112	#
2170	16257	28	29	30	31	32	33	34	35	36	37	112	#
2171	16257	29	30	31	32	33	34	35	36	37	38	112	#
2172	9735	9	10	11	12	13	14	15	16	17	113	#
2173	9735	1	2	3	4	5	6	7	8	9	113	#
2174	9735	2	3	4	5	6	7	8	9	10	113	#
2175	9735	3	4	5	6	7	8	9	10	11	113	#
2176	9735	4	5	6	7	8	9	10	11	12	113	#
2177	9735	5	6	7	8	9	10	11	12	13	113	#
2178	9735	6	7	8	9	10	11	12	13	14	113	#
2179	9735	7	8	9	10	11	12	13	14	15	113	#
2180	9735	8	9	10	11	12	13	14	15	16	113	#
2181	12642	0	1	2	3	4	5	6	7	114	#
2182	12642	1	2	3	4	5	6	7	8	114	#
2183	12642	2	3	4	5	6	7	8	9	114	#
2184	12642	3	4	5	6	7	8	9	10	114	#
2185	12642	4	5	6	7	8	9	10	11	114	#
2186	12642	5	6	7	8	9	10	11	12	114	#
2187	12642	6	7	8	9	10	11	12	13	114	#
2188	12642	7	8	9	10	11	12	13	14	114	#
2189	12642	8	9	10	11	12	13	14	15	114	#
2190	12642	9	10	11	12	13	14	15	16	114	#
2191	12642	10	11	12	13	14	15	16	17	114	#
2192	12642	11	12	13	14	15	16	17	18	114	#
2193	12642	12	13	14	15	16	17	18	19	114	#
2194	12642	13	14	15	16	17	18	19	20	114	#
2195	12642	14	15	16	17	18	19	20	21	114	#
2196	12642	15	16	17	18	19	20	21	22	114	#
2197	12642	16	17	18	19	20	21	22	23	114	#
2198	12642	17	18	19	20	21	22	23	24	114	#
2199	12642	18	19	20	21	22	23	24	25	114	#
2200	12642	19	20	21	22	23	24	25	26	114	#
2201	12642	20	21	22	23	24	25	26	27	114	#
2202	12642	21	22	23	24	25	26	27	28	114	#
2203	12642	22	23	24	25	26	27	28	29	114	#
2204	12642	23	24	25	26	27	28	29	30	114	#
2205	12642	24	25	26	27	28	29	30	31	114	#
2206	8164	25	26	27	28	29	30	31	32	114	#
2207	8164	26	27	28	29	30	31	32	33	114	#
2208	8164	27	28	29	30	31	32	33	34	114	#
2209	8164	28	29	30	31	32	33	34	35	114	#
2210	8164	29	30	31	32	33	34	35	36	114	#
2211	8164	30	31	32	33	34	35	36	37	114	#
2212	8164	31	32	33	34	35	36	37	38	114	#
2213	8164	32	33	34	35	36	37	38	39	114	#
2214	8164	33	34	35	36	37	38	39	40	114	#
2215	8164	34	35	36	37	38	39	40	41	114	#
2216	8164	35	36	37	38	39	40	41	42	114	#
2217	8164	36	37	38	39	40	41	42	43	114	#
2218	8164	37	38	39	40	41	42	43	44	114	#
2219	8164	38	39	40	41	42	43	44	45	114	#
2220	8164	39	40	41	42	43	44	45	46	114	#
2221	8164	40	41	42	43	44	45	46	47	114	#
2222	8164	41	42	43	44	45	46	47	48	114	#
2223	7536	42	43	44	45	46	47	48	49	114	#
2224	7536	43	44	45	46	47	48	49	50	114	#
2225	7536	44	45	46	47	48	49	50	51	114	#
2226	7536	45	46	47	48	49	50	51	52	114	#
