%% File generated by CATS v.2.1Mon Aug 19 20:45:50 2019

%% The CATS webpage is http://robotics.stanford.edu/CATS

%% PARAMETER SETTINGS:
% Goods: 25; Bids: 2000; Distribution: scheduling; Runs: 10; Seed: 1566267569
% Scheduling Distribution Parameters:
% max_length                = 10
% deviation                 = 0.500000
% prob_additional_deadline  = 0.700000
% additivity                = 0.200000



goods 25
bids 2021
dummy 127

0	8280	0	1	2	3	4	5	6	7	25	#
1	8280	1	2	3	4	5	6	7	8	25	#
2	8280	2	3	4	5	6	7	8	9	25	#
3	8280	3	4	5	6	7	8	9	10	25	#
4	8280	4	5	6	7	8	9	10	11	25	#
5	8280	5	6	7	8	9	10	11	12	25	#
6	8280	6	7	8	9	10	11	12	13	25	#
7	5980	7	8	9	10	11	12	13	14	25	#
8	5980	8	9	10	11	12	13	14	15	25	#
9	5980	9	10	11	12	13	14	15	16	25	#
10	5980	10	11	12	13	14	15	16	17	25	#
11	5980	11	12	13	14	15	16	17	18	25	#
12	5665	12	13	14	15	16	17	18	19	25	#
13	2787	0	1	2	26	#
14	2787	1	2	3	26	#
15	2787	2	3	4	26	#
16	2787	3	4	5	26	#
17	2787	4	5	6	26	#
18	2787	5	6	7	26	#
19	2787	6	7	8	26	#
20	2787	7	8	9	26	#
21	2787	8	9	10	26	#
22	2787	9	10	11	26	#
23	2787	10	11	12	26	#
24	2787	11	12	13	26	#
25	2787	12	13	14	26	#
26	2787	13	14	15	26	#
27	2787	14	15	16	26	#
28	2787	15	16	17	26	#
29	2787	16	17	18	26	#
30	2787	17	18	19	26	#
31	2787	18	19	20	26	#
32	1957	21	22	23	24	42	#
33	3809	1	2	3	4	27	#
34	3809	2	3	4	5	27	#
35	3809	3	4	5	6	27	#
36	3809	4	5	6	7	27	#
37	3809	5	6	7	8	27	#
38	3809	6	7	8	9	27	#
39	3809	7	8	9	10	27	#
40	3809	8	9	10	11	27	#
41	1746	9	10	11	12	27	#
42	1746	10	11	12	13	27	#
43	1746	11	12	13	14	27	#
44	1746	12	13	14	15	27	#
45	1746	13	14	15	16	27	#
46	1746	14	15	16	17	27	#
47	1746	15	16	17	18	27	#
48	1746	16	17	18	19	27	#
49	1746	17	18	19	20	27	#
50	1746	18	19	20	21	27	#
51	1746	19	20	21	22	27	#
52	1746	20	21	22	23	27	#
53	1746	21	22	23	24	27	#
54	6616	0	1	2	3	4	5	28	#
55	6616	1	2	3	4	5	6	28	#
56	6616	2	3	4	5	6	7	28	#
57	6616	3	4	5	6	7	8	28	#
58	6616	4	5	6	7	8	9	28	#
59	6616	5	6	7	8	9	10	28	#
60	6616	6	7	8	9	10	11	28	#
61	5598	7	8	9	10	11	12	28	#
62	5598	8	9	10	11	12	13	28	#
63	3639	9	10	11	12	13	14	28	#
64	3639	10	11	12	13	14	15	28	#
65	3639	11	12	13	14	15	16	28	#
66	3639	12	13	14	15	16	17	28	#
67	3639	13	14	15	16	17	18	28	#
68	3639	14	15	16	17	18	19	28	#
69	3639	15	16	17	18	19	20	28	#
70	6268	0	1	2	3	4	5	6	7	29	#
71	6268	1	2	3	4	5	6	7	8	29	#
72	6268	2	3	4	5	6	7	8	9	29	#
73	6268	3	4	5	6	7	8	9	10	29	#
74	6268	4	5	6	7	8	9	10	11	29	#
75	6268	5	6	7	8	9	10	11	12	29	#
76	6268	6	7	8	9	10	11	12	13	29	#
77	4289	7	8	9	10	11	12	13	14	29	#
78	4289	8	9	10	11	12	13	14	15	29	#
79	4289	9	10	11	12	13	14	15	16	29	#
80	4289	10	11	12	13	14	15	16	17	29	#
81	4289	11	12	13	14	15	16	17	18	29	#
82	4289	12	13	14	15	16	17	18	19	29	#
83	19894	0	1	2	3	4	5	6	7	8	30	#
84	19894	1	2	3	4	5	6	7	8	9	30	#
85	19894	2	3	4	5	6	7	8	9	10	30	#
86	19894	3	4	5	6	7	8	9	10	11	30	#
87	19894	4	5	6	7	8	9	10	11	12	30	#
88	19894	5	6	7	8	9	10	11	12	13	30	#
89	19894	6	7	8	9	10	11	12	13	14	30	#
90	19894	7	8	9	10	11	12	13	14	15	30	#
91	19894	8	9	10	11	12	13	14	15	16	30	#
92	19894	9	10	11	12	13	14	15	16	17	30	#
93	19894	10	11	12	13	14	15	16	17	18	30	#
94	19894	11	12	13	14	15	16	17	18	19	30	#
95	16434	12	13	14	15	16	17	18	19	20	30	#
96	16434	13	14	15	16	17	18	19	20	21	30	#
97	16434	14	15	16	17	18	19	20	21	22	30	#
98	16434	15	16	17	18	19	20	21	22	23	30	#
99	7867	0	1	2	3	31	#
100	7867	1	2	3	4	31	#
101	7867	2	3	4	5	31	#
102	2622	3	4	5	6	31	#
103	2622	4	5	6	7	31	#
104	2622	5	6	7	8	31	#
105	2622	6	7	8	9	31	#
106	2622	7	8	9	10	31	#
107	2622	8	9	10	11	31	#
108	2622	9	10	11	12	31	#
109	2622	10	11	12	13	31	#
110	2622	11	12	13	14	31	#
111	2622	12	13	14	15	31	#
112	2458	13	14	15	16	31	#
113	10990	0	1	2	3	4	5	6	32	#
114	10990	1	2	3	4	5	6	7	32	#
115	10990	2	3	4	5	6	7	8	32	#
116	10990	3	4	5	6	7	8	9	32	#
117	10990	4	5	6	7	8	9	10	32	#
118	10990	5	6	7	8	9	10	11	32	#
119	10990	6	7	8	9	10	11	12	32	#
120	10990	7	8	9	10	11	12	13	32	#
121	10990	8	9	10	11	12	13	14	32	#
122	10990	9	10	11	12	13	14	15	32	#
123	10990	10	11	12	13	14	15	16	32	#
124	10990	11	12	13	14	15	16	17	32	#
125	10990	12	13	14	15	16	17	18	32	#
126	10990	13	14	15	16	17	18	19	32	#
127	10990	14	15	16	17	18	19	20	32	#
128	9557	15	16	17	18	19	20	21	32	#
129	9557	16	17	18	19	20	21	22	32	#
130	9557	17	18	19	20	21	22	23	32	#
131	9158	18	19	20	21	22	23	24	32	#
132	1957	20	21	22	23	42	#
133	3380	1	2	3	4	33	#
134	3380	2	3	4	5	33	#
135	3380	3	4	5	6	33	#
136	3380	4	5	6	7	33	#
137	3380	5	6	7	8	33	#
138	3380	6	7	8	9	33	#
139	3380	7	8	9	10	33	#
140	3380	8	9	10	11	33	#
141	3380	9	10	11	12	33	#
142	3380	10	11	12	13	33	#
143	3380	11	12	13	14	33	#
144	3380	12	13	14	15	33	#
145	3380	13	14	15	16	33	#
146	3380	14	15	16	17	33	#
147	3380	15	16	17	18	33	#
148	3380	16	17	18	19	33	#
149	3380	17	18	19	20	33	#
150	3219	18	19	20	21	33	#
151	2939	19	20	21	22	33	#
152	2939	20	21	22	23	33	#
153	5223	0	1	2	34	#
154	5223	1	2	3	34	#
155	681	2	3	4	34	#
156	681	3	4	5	34	#
157	681	4	5	6	34	#
158	681	5	6	7	34	#
159	681	6	7	8	34	#
160	681	7	8	9	34	#
161	681	8	9	10	34	#
162	681	9	10	11	34	#
163	681	10	11	12	34	#
164	681	11	12	13	34	#
165	681	12	13	14	34	#
166	681	13	14	15	34	#
167	681	14	15	16	34	#
168	681	15	16	17	34	#
169	681	16	17	18	34	#
170	681	17	18	19	34	#
171	681	18	19	20	34	#
172	681	19	20	21	34	#
173	681	20	21	22	34	#
174	681	21	22	23	34	#
175	653	22	23	24	34	#
176	-2147483648	0	#
177	8894	0	1	2	3	4	36	#
178	8894	1	2	3	4	5	36	#
179	8894	2	3	4	5	6	36	#
180	8894	3	4	5	6	7	36	#
181	8894	4	5	6	7	8	36	#
182	8894	5	6	7	8	9	36	#
183	8894	6	7	8	9	10	36	#
184	8894	7	8	9	10	11	36	#
185	8894	8	9	10	11	12	36	#
186	8894	9	10	11	12	13	36	#
187	8894	10	11	12	13	14	36	#
188	7782	11	12	13	14	15	36	#
189	7782	12	13	14	15	16	36	#
190	7324	13	14	15	16	17	36	#
191	6553	14	15	16	17	18	36	#
192	6553	15	16	17	18	19	36	#
193	5413	16	17	18	19	20	36	#
194	5413	17	18	19	20	21	36	#
195	5413	18	19	20	21	22	36	#
196	5413	19	20	21	22	23	36	#
197	8700	0	1	2	3	4	5	6	7	8	9	37	#
198	8700	1	2	3	4	5	6	7	8	9	10	37	#
199	8700	2	3	4	5	6	7	8	9	10	11	37	#
200	8700	3	4	5	6	7	8	9	10	11	12	37	#
201	8700	4	5	6	7	8	9	10	11	12	13	37	#
202	8700	5	6	7	8	9	10	11	12	13	14	37	#
203	8700	6	7	8	9	10	11	12	13	14	15	37	#
204	7250	7	8	9	10	11	12	13	14	15	16	37	#
205	7250	8	9	10	11	12	13	14	15	16	17	37	#
206	7250	9	10	11	12	13	14	15	16	17	18	37	#
207	6525	10	11	12	13	14	15	16	17	18	19	37	#
208	6525	11	12	13	14	15	16	17	18	19	20	37	#
209	6214	12	13	14	15	16	17	18	19	20	21	37	#
210	5438	13	14	15	16	17	18	19	20	21	22	37	#
211	5438	14	15	16	17	18	19	20	21	22	23	37	#
212	5438	15	16	17	18	19	20	21	22	23	24	37	#
213	6057	0	1	2	3	38	#
214	6057	1	2	3	4	38	#
215	6057	2	3	4	5	38	#
216	6057	3	4	5	6	38	#
217	6057	4	5	6	7	38	#
218	6057	5	6	7	8	38	#
219	6057	6	7	8	9	38	#
220	6057	7	8	9	10	38	#
221	6057	8	9	10	11	38	#
222	6057	9	10	11	12	38	#
223	6057	10	11	12	13	38	#
224	6057	11	12	13	14	38	#
225	6057	12	13	14	15	38	#
226	6057	13	14	15	16	38	#
227	6057	14	15	16	17	38	#
228	6057	15	16	17	18	38	#
229	6057	16	17	18	19	38	#
230	6057	17	18	19	20	38	#
231	6057	18	19	20	21	38	#
232	6057	19	20	21	22	38	#
233	6057	20	21	22	23	38	#
234	5804	21	22	23	24	38	#
235	3141	0	1	39	#
236	3141	1	2	39	#
237	3141	2	3	39	#
238	3141	3	4	39	#
239	3141	4	5	39	#
240	3141	5	6	39	#
241	3141	6	7	39	#
242	3141	7	8	39	#
243	3141	8	9	39	#
244	3141	9	10	39	#
245	3141	10	11	39	#
246	3141	11	12	39	#
247	3141	12	13	39	#
248	1702	13	14	39	#
249	1702	14	15	39	#
250	1702	15	16	39	#
251	1702	16	17	39	#
252	1702	17	18	39	#
253	1702	18	19	39	#
254	1702	19	20	39	#
255	1702	20	21	39	#
256	1702	21	22	39	#
257	1702	22	23	39	#
258	1702	23	24	39	#
259	11525	0	1	2	3	4	5	6	7	8	40	#
260	11525	1	2	3	4	5	6	7	8	9	40	#
261	11525	2	3	4	5	6	7	8	9	10	40	#
262	11525	3	4	5	6	7	8	9	10	11	40	#
263	11525	4	5	6	7	8	9	10	11	12	40	#
264	11525	5	6	7	8	9	10	11	12	13	40	#
265	11525	6	7	8	9	10	11	12	13	14	40	#
266	11525	7	8	9	10	11	12	13	14	15	40	#
267	11525	8	9	10	11	12	13	14	15	16	40	#
268	11525	9	10	11	12	13	14	15	16	17	40	#
269	11525	10	11	12	13	14	15	16	17	18	40	#
270	11525	11	12	13	14	15	16	17	18	19	40	#
271	11525	12	13	14	15	16	17	18	19	20	40	#
272	11525	13	14	15	16	17	18	19	20	21	40	#
273	11525	14	15	16	17	18	19	20	21	22	40	#
274	11525	15	16	17	18	19	20	21	22	23	40	#
275	11525	16	17	18	19	20	21	22	23	24	40	#
276	3811	0	1	2	3	#
277	7827	0	1	2	3	42	#
278	7827	1	2	3	4	42	#
279	7827	2	3	4	5	42	#
280	7827	3	4	5	6	42	#
281	2609	4	5	6	7	42	#
282	2609	5	6	7	8	42	#
283	2609	6	7	8	9	42	#
284	2609	7	8	9	10	42	#
285	2609	8	9	10	11	42	#
286	2609	9	10	11	12	42	#
287	2609	10	11	12	13	42	#
288	2609	11	12	13	14	42	#
289	2609	12	13	14	15	42	#
290	2609	13	14	15	16	42	#
291	2609	14	15	16	17	42	#
292	2609	15	16	17	18	42	#
293	2135	16	17	18	19	42	#
294	2135	17	18	19	20	42	#
295	2135	18	19	20	21	42	#
296	2135	19	20	21	22	42	#
297	8360	0	1	2	3	4	5	6	7	43	#
298	8360	1	2	3	4	5	6	7	8	43	#
299	8360	2	3	4	5	6	7	8	9	43	#
300	8360	3	4	5	6	7	8	9	10	43	#
301	8360	4	5	6	7	8	9	10	11	43	#
302	8360	5	6	7	8	9	10	11	12	43	#
303	7450	0	1	2	3	44	#
304	7450	1	2	3	4	44	#
305	7450	2	3	4	5	44	#
306	7450	3	4	5	6	44	#
307	7450	4	5	6	7	44	#
308	7450	5	6	7	8	44	#
309	7450	6	7	8	9	44	#
310	7450	7	8	9	10	44	#
311	7450	8	9	10	11	44	#
312	7450	9	10	11	12	44	#
313	7450	10	11	12	13	44	#
314	7450	11	12	13	14	44	#
315	7450	12	13	14	15	44	#
316	7450	13	14	15	16	44	#
317	7450	14	15	16	17	44	#
318	7450	15	16	17	18	44	#
319	7450	16	17	18	19	44	#
320	7450	17	18	19	20	44	#
321	7450	18	19	20	21	44	#
322	7450	19	20	21	22	44	#
323	7450	20	21	22	23	44	#
324	7450	21	22	23	24	44	#
325	9232	10	11	12	13	14	15	16	109	#
326	1945	1	2	3	45	#
327	254	2	3	4	45	#
328	254	3	4	5	45	#
329	254	4	5	6	45	#
330	254	5	6	7	45	#
331	254	6	7	8	45	#
332	254	7	8	9	45	#
333	254	8	9	10	45	#
334	254	9	10	11	45	#
335	254	10	11	12	45	#
336	254	11	12	13	45	#
337	254	12	13	14	45	#
338	254	13	14	15	45	#
339	254	14	15	16	45	#
340	254	15	16	17	45	#
341	254	16	17	18	45	#
342	254	17	18	19	45	#
343	254	18	19	20	45	#
344	254	19	20	21	45	#
345	254	20	21	22	45	#
346	254	21	22	23	45	#
347	243	22	23	24	45	#
348	5717	0	1	2	3	4	46	#
349	5717	1	2	3	4	5	46	#
350	5717	2	3	4	5	6	46	#
351	5717	3	4	5	6	7	46	#
352	5717	4	5	6	7	8	46	#
353	5717	5	6	7	8	9	46	#
354	5717	6	7	8	9	10	46	#
355	5717	7	8	9	10	11	46	#
356	5717	8	9	10	11	12	46	#
357	5717	9	10	11	12	13	46	#
358	5717	10	11	12	13	14	46	#
359	5717	11	12	13	14	15	46	#
360	5717	12	13	14	15	16	46	#
361	5717	13	14	15	16	17	46	#
362	4418	14	15	16	17	18	46	#
363	4418	15	16	17	18	19	46	#
364	4418	16	17	18	19	20	46	#
365	4418	17	18	19	20	21	46	#
366	4418	18	19	20	21	22	46	#
367	4226	19	20	21	22	23	46	#
368	4050	20	21	22	23	24	46	#
369	18988	0	1	2	3	4	5	6	7	8	47	#
370	18988	1	2	3	4	5	6	7	8	9	47	#
371	18988	2	3	4	5	6	7	8	9	10	47	#
372	18988	3	4	5	6	7	8	9	10	11	47	#
373	18988	4	5	6	7	8	9	10	11	12	47	#
374	18988	5	6	7	8	9	10	11	12	13	47	#
375	18988	6	7	8	9	10	11	12	13	14	47	#
376	18988	7	8	9	10	11	12	13	14	15	47	#
377	18988	8	9	10	11	12	13	14	15	16	47	#
378	18988	9	10	11	12	13	14	15	16	17	47	#
379	18988	10	11	12	13	14	15	16	17	18	47	#
380	14860	11	12	13	14	15	16	17	18	19	47	#
381	14860	12	13	14	15	16	17	18	19	20	47	#
382	14860	13	14	15	16	17	18	19	20	21	47	#
383	14860	14	15	16	17	18	19	20	21	22	47	#
384	14860	15	16	17	18	19	20	21	22	23	47	#
385	20593	0	1	2	3	4	5	6	7	8	9	48	#
386	20593	1	2	3	4	5	6	7	8	9	10	48	#
387	20593	2	3	4	5	6	7	8	9	10	11	48	#
388	18465	0	1	2	3	4	5	6	7	8	9	49	#
389	18465	1	2	3	4	5	6	7	8	9	10	49	#
390	18465	2	3	4	5	6	7	8	9	10	11	49	#
391	18465	3	4	5	6	7	8	9	10	11	12	49	#
392	18465	4	5	6	7	8	9	10	11	12	13	49	#
393	18465	5	6	7	8	9	10	11	12	13	14	49	#
394	18465	6	7	8	9	10	11	12	13	14	15	49	#
395	18465	7	8	9	10	11	12	13	14	15	16	49	#
396	18465	8	9	10	11	12	13	14	15	16	17	49	#
397	18465	9	10	11	12	13	14	15	16	17	18	49	#
398	18465	10	11	12	13	14	15	16	17	18	19	49	#
399	18465	11	12	13	14	15	16	17	18	19	20	49	#
400	18465	12	13	14	15	16	17	18	19	20	21	49	#
401	18465	13	14	15	16	17	18	19	20	21	22	49	#
402	18465	14	15	16	17	18	19	20	21	22	23	49	#
403	18465	15	16	17	18	19	20	21	22	23	24	49	#
404	3388	0	1	50	#
405	3388	1	2	50	#
406	3388	2	3	50	#
407	3388	3	4	50	#
408	3388	4	5	50	#
409	3388	5	6	50	#
410	3388	6	7	50	#
411	3388	7	8	50	#
412	3388	8	9	50	#
413	3388	9	10	50	#
414	3388	10	11	50	#
415	3388	11	12	50	#
416	3388	12	13	50	#
417	3388	13	14	50	#
418	3388	14	15	50	#
419	3388	15	16	50	#
420	3388	16	17	50	#
421	3388	17	18	50	#
422	3210	18	19	50	#
423	2651	19	20	50	#
424	2651	20	21	50	#
425	2651	21	22	50	#
426	2651	22	23	50	#
427	11759	0	1	2	3	4	5	6	7	8	9	51	#
428	11759	1	2	3	4	5	6	7	8	9	10	51	#
429	11759	2	3	4	5	6	7	8	9	10	11	51	#
430	11759	3	4	5	6	7	8	9	10	11	12	51	#
431	11759	4	5	6	7	8	9	10	11	12	13	51	#
432	11759	5	6	7	8	9	10	11	12	13	14	51	#
433	11759	6	7	8	9	10	11	12	13	14	15	51	#
434	11759	7	8	9	10	11	12	13	14	15	16	51	#
435	11759	8	9	10	11	12	13	14	15	16	17	51	#
436	9232	9	10	11	12	13	14	15	109	#
437	2282	1	2	3	52	#
438	2282	2	3	4	52	#
439	2282	3	4	5	52	#
440	2282	4	5	6	52	#
441	2282	5	6	7	52	#
442	2282	6	7	8	52	#
443	4193	0	1	2	53	#
444	4193	1	2	3	53	#
445	4193	2	3	4	53	#
446	4193	3	4	5	53	#
447	4193	4	5	6	53	#
448	10741	0	1	2	3	4	5	6	7	8	54	#
449	10741	1	2	3	4	5	6	7	8	9	54	#
450	10741	2	3	4	5	6	7	8	9	10	54	#
451	10741	3	4	5	6	7	8	9	10	11	54	#
452	10741	4	5	6	7	8	9	10	11	12	54	#
453	10741	5	6	7	8	9	10	11	12	13	54	#
454	10741	6	7	8	9	10	11	12	13	14	54	#
455	10741	7	8	9	10	11	12	13	14	15	54	#
456	10741	8	9	10	11	12	13	14	15	16	54	#
457	10741	9	10	11	12	13	14	15	16	17	54	#
458	10741	10	11	12	13	14	15	16	17	18	54	#
459	10741	11	12	13	14	15	16	17	18	19	54	#
460	10741	12	13	14	15	16	17	18	19	20	54	#
461	10741	13	14	15	16	17	18	19	20	21	54	#
462	10741	14	15	16	17	18	19	20	21	22	54	#
463	10741	15	16	17	18	19	20	21	22	23	54	#
464	10293	16	17	18	19	20	21	22	23	24	54	#
465	11373	0	1	2	3	4	5	6	7	8	9	55	#
466	11373	1	2	3	4	5	6	7	8	9	10	55	#
467	11373	2	3	4	5	6	7	8	9	10	11	55	#
468	11373	3	4	5	6	7	8	9	10	11	12	55	#
469	11373	4	5	6	7	8	9	10	11	12	13	55	#
470	11373	5	6	7	8	9	10	11	12	13	14	55	#
471	11373	6	7	8	9	10	11	12	13	14	15	55	#
472	11373	7	8	9	10	11	12	13	14	15	16	55	#
473	11373	8	9	10	11	12	13	14	15	16	17	55	#
474	11373	9	10	11	12	13	14	15	16	17	18	55	#
475	11373	10	11	12	13	14	15	16	17	18	19	55	#
476	11373	11	12	13	14	15	16	17	18	19	20	55	#
477	11373	12	13	14	15	16	17	18	19	20	21	55	#
478	11373	13	14	15	16	17	18	19	20	21	22	55	#
479	5084	0	1	2	56	#
480	5084	1	2	3	56	#
481	5084	2	3	4	56	#
482	5084	3	4	5	56	#
483	5084	4	5	6	56	#
484	5084	5	6	7	56	#
485	5084	6	7	8	56	#
486	5084	7	8	9	56	#
487	5084	8	9	10	56	#
488	5084	9	10	11	56	#
489	5084	10	11	12	56	#
490	5084	11	12	13	56	#
491	5084	12	13	14	56	#
492	5084	13	14	15	56	#
493	5084	14	15	16	56	#
494	5084	15	16	17	56	#
495	5084	16	17	18	56	#
496	4358	17	18	19	56	#
497	4358	18	19	20	56	#
498	4358	19	20	21	56	#
499	3979	20	21	22	56	#
500	3979	21	22	23	56	#
501	6504	0	1	2	3	4	5	6	57	#
502	6504	1	2	3	4	5	6	7	57	#
503	6504	2	3	4	5	6	7	8	57	#
504	6504	3	4	5	6	7	8	9	57	#
505	6504	4	5	6	7	8	9	10	57	#
506	6504	5	6	7	8	9	10	11	57	#
507	6504	6	7	8	9	10	11	12	57	#
508	6504	7	8	9	10	11	12	13	57	#
509	6504	8	9	10	11	12	13	14	57	#
510	6504	9	10	11	12	13	14	15	57	#
511	6504	10	11	12	13	14	15	16	57	#
512	6504	11	12	13	14	15	16	17	57	#
513	6504	12	13	14	15	16	17	18	57	#
514	6504	13	14	15	16	17	18	19	57	#
515	6504	14	15	16	17	18	19	20	57	#
516	5913	15	16	17	18	19	20	21	57	#
517	5913	16	17	18	19	20	21	22	57	#
518	5656	17	18	19	20	21	22	23	57	#
519	5420	18	19	20	21	22	23	24	57	#
520	10118	0	1	2	3	4	58	#
521	10118	1	2	3	4	5	58	#
522	10118	2	3	4	5	6	58	#
523	10118	3	4	5	6	7	58	#
524	10118	4	5	6	7	8	58	#
525	9395	0	1	2	3	4	5	6	7	8	59	#
526	9395	1	2	3	4	5	6	7	8	9	59	#
527	9395	2	3	4	5	6	7	8	9	10	59	#
528	9395	3	4	5	6	7	8	9	10	11	59	#
529	9395	4	5	6	7	8	9	10	11	12	59	#
530	9395	5	6	7	8	9	10	11	12	13	59	#
531	13481	0	1	2	3	4	5	6	7	8	60	#
532	13481	1	2	3	4	5	6	7	8	9	60	#
533	13481	2	3	4	5	6	7	8	9	10	60	#
534	13481	3	4	5	6	7	8	9	10	11	60	#
535	8723	4	5	6	7	8	9	10	11	12	60	#
536	8723	5	6	7	8	9	10	11	12	13	60	#
537	8723	6	7	8	9	10	11	12	13	14	60	#
538	8723	7	8	9	10	11	12	13	14	15	60	#
539	8723	8	9	10	11	12	13	14	15	16	60	#
540	8723	9	10	11	12	13	14	15	16	17	60	#
541	6448	10	11	12	13	14	15	16	17	18	60	#
542	6448	11	12	13	14	15	16	17	18	19	60	#
543	6448	12	13	14	15	16	17	18	19	20	60	#
544	6448	13	14	15	16	17	18	19	20	21	60	#
545	6448	14	15	16	17	18	19	20	21	22	60	#
546	6448	15	16	17	18	19	20	21	22	23	60	#
547	9115	0	1	2	3	4	5	61	#
548	9115	1	2	3	4	5	6	61	#
549	9115	2	3	4	5	6	7	61	#
550	9115	3	4	5	6	7	8	61	#
551	9115	4	5	6	7	8	9	61	#
552	9115	5	6	7	8	9	10	61	#
553	9115	6	7	8	9	10	11	61	#
554	9115	7	8	9	10	11	12	61	#
555	9115	8	9	10	11	12	13	61	#
556	9115	9	10	11	12	13	14	61	#
557	9115	10	11	12	13	14	15	61	#
558	9115	11	12	13	14	15	16	61	#
559	9115	12	13	14	15	16	17	61	#
560	9115	13	14	15	16	17	18	61	#
561	9115	14	15	16	17	18	19	61	#
562	9115	15	16	17	18	19	20	61	#
563	9115	16	17	18	19	20	21	61	#
564	9115	17	18	19	20	21	22	61	#
565	8719	18	19	20	21	22	23	61	#
566	8355	19	20	21	22	23	24	61	#
567	6645	0	1	2	3	4	62	#
568	6645	1	2	3	4	5	62	#
569	6645	2	3	4	5	6	62	#
570	6645	3	4	5	6	7	62	#
571	6645	4	5	6	7	8	62	#
572	6645	5	6	7	8	9	62	#
573	6645	6	7	8	9	10	62	#
574	6645	7	8	9	10	11	62	#
575	6645	8	9	10	11	12	62	#
576	6645	9	10	11	12	13	62	#
577	6645	10	11	12	13	14	62	#
578	6645	11	12	13	14	15	62	#
579	6645	12	13	14	15	16	62	#
580	6254	13	14	15	16	17	62	#
581	5063	14	15	16	17	18	62	#
582	5063	15	16	17	18	19	62	#
583	5063	16	17	18	19	20	62	#
584	5063	17	18	19	20	21	62	#
585	6135	0	1	2	3	4	63	#
586	6135	1	2	3	4	5	63	#
587	6135	2	3	4	5	6	63	#
588	6135	3	4	5	6	7	63	#
589	6135	4	5	6	7	8	63	#
590	618	0	64	#
591	618	1	64	#
592	618	2	64	#
593	618	3	64	#
594	618	4	64	#
595	618	5	64	#
596	618	6	64	#
597	618	7	64	#
598	255	8	64	#
599	255	9	64	#
600	255	10	64	#
601	255	11	64	#
602	255	12	64	#
603	255	13	64	#
604	255	14	64	#
605	255	15	64	#
606	255	16	64	#
607	255	17	64	#
608	7130	0	1	2	3	4	5	6	7	65	#
609	7130	1	2	3	4	5	6	7	8	65	#
610	7130	2	3	4	5	6	7	8	9	65	#
611	7130	3	4	5	6	7	8	9	10	65	#
612	7130	4	5	6	7	8	9	10	11	65	#
613	7130	5	6	7	8	9	10	11	12	65	#
614	7130	6	7	8	9	10	11	12	13	65	#
615	7130	7	8	9	10	11	12	13	14	65	#
616	7130	8	9	10	11	12	13	14	15	65	#
617	7130	9	10	11	12	13	14	15	16	65	#
618	7130	10	11	12	13	14	15	16	17	65	#
619	7130	11	12	13	14	15	16	17	18	65	#
620	6417	12	13	14	15	16	17	18	19	65	#
621	6417	13	14	15	16	17	18	19	20	65	#
622	6111	14	15	16	17	18	19	20	21	65	#
623	17200	0	1	2	3	4	5	6	7	8	9	66	#
624	17200	1	2	3	4	5	6	7	8	9	10	66	#
625	17200	2	3	4	5	6	7	8	9	10	11	66	#
626	17200	3	4	5	6	7	8	9	10	11	12	66	#
627	17200	4	5	6	7	8	9	10	11	12	13	66	#
628	17200	5	6	7	8	9	10	11	12	13	14	66	#
629	17200	6	7	8	9	10	11	12	13	14	15	66	#
630	17200	7	8	9	10	11	12	13	14	15	16	66	#
631	17200	8	9	10	11	12	13	14	15	16	17	66	#
632	17200	9	10	11	12	13	14	15	16	17	18	66	#
633	17200	10	11	12	13	14	15	16	17	18	19	66	#
634	17200	11	12	13	14	15	16	17	18	19	20	66	#
635	17200	12	13	14	15	16	17	18	19	20	21	66	#
636	15704	13	14	15	16	17	18	19	20	21	22	66	#
637	15704	14	15	16	17	18	19	20	21	22	23	66	#
638	15050	15	16	17	18	19	20	21	22	23	24	66	#
639	18026	0	1	2	3	4	5	6	7	8	67	#
640	18026	1	2	3	4	5	6	7	8	9	67	#
641	18026	2	3	4	5	6	7	8	9	10	67	#
642	18026	3	4	5	6	7	8	9	10	11	67	#
643	18026	4	5	6	7	8	9	10	11	12	67	#
644	18026	5	6	7	8	9	10	11	12	13	67	#
645	18026	6	7	8	9	10	11	12	13	14	67	#
646	18026	7	8	9	10	11	12	13	14	15	67	#
647	18026	8	9	10	11	12	13	14	15	16	67	#
648	18026	9	10	11	12	13	14	15	16	17	67	#
649	14593	10	11	12	13	14	15	16	17	18	67	#
650	14593	11	12	13	14	15	16	17	18	19	67	#
651	14593	12	13	14	15	16	17	18	19	20	67	#
652	14593	13	14	15	16	17	18	19	20	21	67	#
653	12769	14	15	16	17	18	19	20	21	22	67	#
654	12769	15	16	17	18	19	20	21	22	23	67	#
655	12769	16	17	18	19	20	21	22	23	24	67	#
656	11099	0	1	2	3	4	5	6	68	#
657	11099	1	2	3	4	5	6	7	68	#
658	11099	2	3	4	5	6	7	8	68	#
659	11099	3	4	5	6	7	8	9	68	#
660	11099	4	5	6	7	8	9	10	68	#
661	11099	5	6	7	8	9	10	11	68	#
662	11099	6	7	8	9	10	11	12	68	#
663	11099	7	8	9	10	11	12	13	68	#
664	11099	8	9	10	11	12	13	14	68	#
665	11099	9	10	11	12	13	14	15	68	#
666	11099	10	11	12	13	14	15	16	68	#
667	11099	11	12	13	14	15	16	17	68	#
668	11099	12	13	14	15	16	17	18	68	#
669	11099	13	14	15	16	17	18	19	68	#
670	11099	14	15	16	17	18	19	20	68	#
671	11099	15	16	17	18	19	20	21	68	#
672	11099	16	17	18	19	20	21	22	68	#
673	11099	17	18	19	20	21	22	23	68	#
674	11792	0	1	2	3	4	5	69	#
675	11792	1	2	3	4	5	6	69	#
676	11792	2	3	4	5	6	7	69	#
677	11792	3	4	5	6	7	8	69	#
678	3931	4	5	6	7	8	9	69	#
679	3931	5	6	7	8	9	10	69	#
680	3931	6	7	8	9	10	11	69	#
681	3931	7	8	9	10	11	12	69	#
682	3931	8	9	10	11	12	13	69	#
683	3931	9	10	11	12	13	14	69	#
684	3931	10	11	12	13	14	15	69	#
685	3931	11	12	13	14	15	16	69	#
686	3931	12	13	14	15	16	17	69	#
687	3931	13	14	15	16	17	18	69	#
688	3931	14	15	16	17	18	19	69	#
689	3931	15	16	17	18	19	20	69	#
690	3931	16	17	18	19	20	21	69	#
691	3931	17	18	19	20	21	22	69	#
692	3931	18	19	20	21	22	23	69	#
693	3931	19	20	21	22	23	24	69	#
694	9232	8	9	10	11	12	13	14	109	#
695	1276	1	2	70	#
696	1276	2	3	70	#
697	1276	3	4	70	#
698	1276	4	5	70	#
699	1276	5	6	70	#
700	1276	6	7	70	#
701	1117	7	8	70	#
702	8861	0	1	2	3	4	5	6	71	#
703	8861	1	2	3	4	5	6	7	71	#
704	8861	2	3	4	5	6	7	8	71	#
705	8861	3	4	5	6	7	8	9	71	#
706	8861	4	5	6	7	8	9	10	71	#
707	8861	5	6	7	8	9	10	11	71	#
708	8861	6	7	8	9	10	11	12	71	#
709	8861	7	8	9	10	11	12	13	71	#
710	8861	8	9	10	11	12	13	14	71	#
711	8861	9	10	11	12	13	14	15	71	#
712	5538	10	11	12	13	14	15	16	71	#
713	5538	11	12	13	14	15	16	17	71	#
714	5538	12	13	14	15	16	17	18	71	#
715	5538	13	14	15	16	17	18	19	71	#
716	5538	14	15	16	17	18	19	20	71	#
717	5538	15	16	17	18	19	20	21	71	#
718	5538	16	17	18	19	20	21	22	71	#
719	5538	17	18	19	20	21	22	23	71	#
720	5538	18	19	20	21	22	23	24	71	#
721	9232	7	8	9	10	11	12	13	109	#
722	717	1	2	72	#
723	717	2	3	72	#
724	307	3	4	72	#
725	307	4	5	72	#
726	307	5	6	72	#
727	307	6	7	72	#
728	102	7	8	72	#
729	102	8	9	72	#
730	102	9	10	72	#
731	102	10	11	72	#
732	102	11	12	72	#
733	102	12	13	72	#
734	102	13	14	72	#
735	102	14	15	72	#
736	102	15	16	72	#
737	102	16	17	72	#
738	102	17	18	72	#
739	102	18	19	72	#
740	102	19	20	72	#
741	102	20	21	72	#
742	90	21	22	72	#
743	90	22	23	72	#
744	90	23	24	72	#
745	13445	0	1	2	3	4	5	6	73	#
746	13445	1	2	3	4	5	6	7	73	#
747	13445	2	3	4	5	6	7	8	73	#
748	13445	3	4	5	6	7	8	9	73	#
749	6050	4	5	6	7	8	9	10	73	#
750	6050	5	6	7	8	9	10	11	73	#
751	6050	6	7	8	9	10	11	12	73	#
752	6050	7	8	9	10	11	12	13	73	#
753	6050	8	9	10	11	12	13	14	73	#
754	6050	9	10	11	12	13	14	15	73	#
755	6050	10	11	12	13	14	15	16	73	#
756	6050	11	12	13	14	15	16	17	73	#
757	6050	12	13	14	15	16	17	18	73	#
758	6050	13	14	15	16	17	18	19	73	#
759	6050	14	15	16	17	18	19	20	73	#
760	5500	15	16	17	18	19	20	21	73	#
761	5500	16	17	18	19	20	21	22	73	#
762	5042	17	18	19	20	21	22	23	73	#
763	5042	18	19	20	21	22	23	24	73	#
764	3580	18	19	20	21	74	#
765	3580	1	2	3	4	74	#
766	3580	2	3	4	5	74	#
767	3580	3	4	5	6	74	#
768	3580	4	5	6	7	74	#
769	3580	5	6	7	8	74	#
770	3580	6	7	8	9	74	#
771	3580	7	8	9	10	74	#
772	3580	8	9	10	11	74	#
773	3580	9	10	11	12	74	#
774	3580	10	11	12	13	74	#
775	3580	11	12	13	14	74	#
776	3580	12	13	14	15	74	#
777	3580	13	14	15	16	74	#
778	3580	14	15	16	17	74	#
779	3580	15	16	17	18	74	#
780	3580	16	17	18	19	74	#
781	3580	17	18	19	20	74	#
782	9635	0	1	2	3	4	5	6	75	#
783	9635	1	2	3	4	5	6	7	75	#
784	9635	2	3	4	5	6	7	8	75	#
785	9635	3	4	5	6	7	8	9	75	#
786	6671	4	5	6	7	8	9	10	75	#
787	6671	5	6	7	8	9	10	11	75	#
788	6671	6	7	8	9	10	11	12	75	#
789	6671	7	8	9	10	11	12	13	75	#
790	3942	8	9	10	11	12	13	14	75	#
791	3942	9	10	11	12	13	14	15	75	#
792	3942	10	11	12	13	14	15	16	75	#
793	3942	11	12	13	14	15	16	17	75	#
794	3942	12	13	14	15	16	17	18	75	#
795	3942	13	14	15	16	17	18	19	75	#
796	3942	14	15	16	17	18	19	20	75	#
797	3942	15	16	17	18	19	20	21	75	#
798	3942	16	17	18	19	20	21	22	75	#
799	3770	17	18	19	20	21	22	23	75	#
800	3613	18	19	20	21	22	23	24	75	#
801	14421	0	1	2	3	4	5	6	7	8	9	76	#
802	14421	1	2	3	4	5	6	7	8	9	10	76	#
803	14421	2	3	4	5	6	7	8	9	10	11	76	#
804	11331	3	4	5	6	7	8	9	10	11	12	76	#
805	11331	4	5	6	7	8	9	10	11	12	13	76	#
806	11331	5	6	7	8	9	10	11	12	13	14	76	#
807	6610	6	7	8	9	10	11	12	13	14	15	76	#
808	6610	7	8	9	10	11	12	13	14	15	16	76	#
809	6610	8	9	10	11	12	13	14	15	16	17	76	#
810	6610	9	10	11	12	13	14	15	16	17	18	76	#
811	6610	10	11	12	13	14	15	16	17	18	19	76	#
812	6610	11	12	13	14	15	16	17	18	19	20	76	#
813	6610	12	13	14	15	16	17	18	19	20	21	76	#
814	6610	13	14	15	16	17	18	19	20	21	22	76	#
815	6610	14	15	16	17	18	19	20	21	22	23	76	#
816	6610	15	16	17	18	19	20	21	22	23	24	76	#
817	9218	0	1	2	3	4	5	6	77	#
818	9218	1	2	3	4	5	6	7	77	#
819	9218	2	3	4	5	6	7	8	77	#
820	9218	3	4	5	6	7	8	9	77	#
821	9218	4	5	6	7	8	9	10	77	#
822	9218	5	6	7	8	9	10	11	77	#
823	9218	6	7	8	9	10	11	12	77	#
824	9218	7	8	9	10	11	12	13	77	#
825	9218	8	9	10	11	12	13	14	77	#
826	5611	9	10	11	12	13	14	15	77	#
827	5611	10	11	12	13	14	15	16	77	#
828	5611	11	12	13	14	15	16	17	77	#
829	5611	12	13	14	15	16	17	18	77	#
830	5611	13	14	15	16	17	18	19	77	#
831	5611	14	15	16	17	18	19	20	77	#
832	5611	15	16	17	18	19	20	21	77	#
833	5611	16	17	18	19	20	21	22	77	#
834	5611	17	18	19	20	21	22	23	77	#
835	5377	18	19	20	21	22	23	24	77	#
836	4297	0	1	2	78	#
837	4297	1	2	3	78	#
838	4297	2	3	4	78	#
839	4297	3	4	5	78	#
840	4297	4	5	6	78	#
841	4297	5	6	7	78	#
842	4297	6	7	8	78	#
843	4297	7	8	9	78	#
844	4297	8	9	10	78	#
845	4297	9	10	11	78	#
846	4297	10	11	12	78	#
847	4297	11	12	13	78	#
848	4297	12	13	14	78	#
849	4297	13	14	15	78	#
850	4297	14	15	16	78	#
851	4297	15	16	17	78	#
852	4297	16	17	18	78	#
853	8101	0	1	2	3	4	5	79	#
854	8101	1	2	3	4	5	6	79	#
855	8101	2	3	4	5	6	7	79	#
856	8101	3	4	5	6	7	8	79	#
857	8101	4	5	6	7	8	9	79	#
858	8101	5	6	7	8	9	10	79	#
859	8101	6	7	8	9	10	11	79	#
860	8101	7	8	9	10	11	12	79	#
861	8101	8	9	10	11	12	13	79	#
862	6582	9	10	11	12	13	14	79	#
863	6582	10	11	12	13	14	15	79	#
864	6582	11	12	13	14	15	16	79	#
865	6195	12	13	14	15	16	17	79	#
866	4579	13	14	15	16	17	18	79	#
867	4579	14	15	16	17	18	19	79	#
868	4579	15	16	17	18	19	20	79	#
869	4579	16	17	18	19	20	21	79	#
870	4579	17	18	19	20	21	22	79	#
871	4579	18	19	20	21	22	23	79	#
872	6578	0	1	2	3	4	5	6	80	#
873	6578	1	2	3	4	5	6	7	80	#
874	6578	2	3	4	5	6	7	8	80	#
875	2924	3	4	5	6	7	8	9	80	#
876	2924	4	5	6	7	8	9	10	80	#
877	2924	5	6	7	8	9	10	11	80	#
878	2924	6	7	8	9	10	11	12	80	#
879	2924	7	8	9	10	11	12	13	80	#
880	2924	8	9	10	11	12	13	14	80	#
881	2924	9	10	11	12	13	14	15	80	#
882	2924	10	11	12	13	14	15	16	80	#
883	2924	11	12	13	14	15	16	17	80	#
884	2924	12	13	14	15	16	17	18	80	#
885	2506	13	14	15	16	17	18	19	80	#
886	2506	14	15	16	17	18	19	20	80	#
887	2506	15	16	17	18	19	20	21	80	#
888	2392	16	17	18	19	20	21	22	80	#
889	11354	0	1	2	3	4	5	6	7	81	#
890	11354	1	2	3	4	5	6	7	8	81	#
891	11354	2	3	4	5	6	7	8	9	81	#
892	6387	3	4	5	6	7	8	9	10	81	#
893	6387	4	5	6	7	8	9	10	11	81	#
894	6387	5	6	7	8	9	10	11	12	81	#
895	6387	6	7	8	9	10	11	12	13	81	#
896	6387	7	8	9	10	11	12	13	14	81	#
897	6387	8	9	10	11	12	13	14	15	81	#
898	6387	9	10	11	12	13	14	15	16	81	#
899	4258	10	11	12	13	14	15	16	17	81	#
900	4258	11	12	13	14	15	16	17	18	81	#
901	4258	12	13	14	15	16	17	18	19	81	#
902	4258	13	14	15	16	17	18	19	20	81	#
903	4258	14	15	16	17	18	19	20	21	81	#
904	4258	15	16	17	18	19	20	21	22	81	#
905	4258	16	17	18	19	20	21	22	23	81	#
906	4258	17	18	19	20	21	22	23	24	81	#
907	7267	0	1	2	3	4	5	6	7	8	82	#
908	7267	1	2	3	4	5	6	7	8	9	82	#
909	7267	2	3	4	5	6	7	8	9	10	82	#
910	7267	3	4	5	6	7	8	9	10	11	82	#
911	7267	4	5	6	7	8	9	10	11	12	82	#
912	7267	5	6	7	8	9	10	11	12	13	82	#
913	7267	6	7	8	9	10	11	12	13	14	82	#
914	7267	7	8	9	10	11	12	13	14	15	82	#
915	7267	8	9	10	11	12	13	14	15	16	82	#
916	7267	9	10	11	12	13	14	15	16	17	82	#
917	7267	10	11	12	13	14	15	16	17	18	82	#
918	7267	11	12	13	14	15	16	17	18	19	82	#
919	7267	12	13	14	15	16	17	18	19	20	82	#
920	9232	6	7	8	9	10	11	12	109	#
921	2634	1	2	83	#
922	2634	2	3	83	#
923	2634	3	4	83	#
924	2634	4	5	83	#
925	2634	5	6	83	#
926	2634	6	7	83	#
927	2634	7	8	83	#
928	2634	8	9	83	#
929	2634	9	10	83	#
930	2634	10	11	83	#
931	2634	11	12	83	#
932	2634	12	13	83	#
933	2634	13	14	83	#
934	2634	14	15	83	#
935	2634	15	16	83	#
936	2634	16	17	83	#
937	9655	0	1	2	3	4	5	6	84	#
938	9655	1	2	3	4	5	6	7	84	#
939	9655	2	3	4	5	6	7	8	84	#
940	9655	3	4	5	6	7	8	9	84	#
941	9655	4	5	6	7	8	9	10	84	#
942	9655	5	6	7	8	9	10	11	84	#
943	9655	6	7	8	9	10	11	12	84	#
944	9655	7	8	9	10	11	12	13	84	#
945	9655	8	9	10	11	12	13	14	84	#
946	9655	9	10	11	12	13	14	15	84	#
947	9655	10	11	12	13	14	15	16	84	#
948	6716	11	12	13	14	15	16	17	84	#
949	6716	12	13	14	15	16	17	18	84	#
950	6716	13	14	15	16	17	18	19	84	#
951	6716	14	15	16	17	18	19	20	84	#
952	6716	15	16	17	18	19	20	21	84	#
953	6716	16	17	18	19	20	21	22	84	#
954	6716	17	18	19	20	21	22	23	84	#
955	9826	0	1	2	3	4	85	#
956	9826	1	2	3	4	5	85	#
957	9826	2	3	4	5	6	85	#
958	9826	3	4	5	6	7	85	#
959	9826	4	5	6	7	8	85	#
960	9826	5	6	7	8	9	85	#
961	9826	6	7	8	9	10	85	#
962	7558	7	8	9	10	11	85	#
963	7558	8	9	10	11	12	85	#
964	7558	9	10	11	12	13	85	#
965	11879	0	1	2	3	4	5	6	86	#
966	11879	1	2	3	4	5	6	7	86	#
967	11879	2	3	4	5	6	7	8	86	#
968	11879	3	4	5	6	7	8	9	86	#
969	11879	4	5	6	7	8	9	10	86	#
970	11879	5	6	7	8	9	10	11	86	#
971	11879	6	7	8	9	10	11	12	86	#
972	11879	7	8	9	10	11	12	13	86	#
973	11879	8	9	10	11	12	13	14	86	#
974	11879	9	10	11	12	13	14	15	86	#
975	11879	10	11	12	13	14	15	16	86	#
976	11879	11	12	13	14	15	16	17	86	#
977	8415	12	13	14	15	16	17	18	86	#
978	8415	13	14	15	16	17	18	19	86	#
979	8415	14	15	16	17	18	19	20	86	#
980	8415	15	16	17	18	19	20	21	86	#
981	8415	16	17	18	19	20	21	22	86	#
982	8415	17	18	19	20	21	22	23	86	#
983	8415	18	19	20	21	22	23	24	86	#
984	7551	0	1	2	3	87	#
985	7551	1	2	3	4	87	#
986	7551	2	3	4	5	87	#
987	7551	3	4	5	6	87	#
988	7551	4	5	6	7	87	#
989	7551	5	6	7	8	87	#
990	7551	6	7	8	9	87	#
991	7551	7	8	9	10	87	#
992	7551	8	9	10	11	87	#
993	7551	9	10	11	12	87	#
994	7551	10	11	12	13	87	#
995	7551	11	12	13	14	87	#
996	7551	12	13	14	15	87	#
997	7551	13	14	15	16	87	#
998	5753	14	15	16	17	87	#
999	5753	15	16	17	18	87	#
1000	5753	16	17	18	19	87	#
1001	5753	17	18	19	20	87	#
1002	5753	18	19	20	21	87	#
1003	5253	19	20	21	22	87	#
1004	5253	20	21	22	23	87	#
1005	5034	21	22	23	24	87	#
1006	11941	0	1	2	3	4	5	6	7	88	#
1007	11941	1	2	3	4	5	6	7	8	88	#
1008	11941	2	3	4	5	6	7	8	9	88	#
1009	11941	3	4	5	6	7	8	9	10	88	#
1010	11941	4	5	6	7	8	9	10	11	88	#
1011	11941	5	6	7	8	9	10	11	12	88	#
1012	11941	6	7	8	9	10	11	12	13	88	#
1013	11941	7	8	9	10	11	12	13	14	88	#
1014	11941	8	9	10	11	12	13	14	15	88	#
1015	8529	9	10	11	12	13	14	15	16	88	#
1016	8529	10	11	12	13	14	15	16	17	88	#
1017	8529	11	12	13	14	15	16	17	18	88	#
1018	8529	12	13	14	15	16	17	18	19	88	#
1019	8529	13	14	15	16	17	18	19	20	88	#
1020	8529	14	15	16	17	18	19	20	21	88	#
1021	7463	15	16	17	18	19	20	21	22	88	#
1022	7463	16	17	18	19	20	21	22	23	88	#
1023	7463	17	18	19	20	21	22	23	24	88	#
1024	6122	0	1	2	3	4	5	6	7	89	#
1025	6122	1	2	3	4	5	6	7	8	89	#
1026	6122	2	3	4	5	6	7	8	9	89	#
1027	6122	3	4	5	6	7	8	9	10	89	#
1028	6122	4	5	6	7	8	9	10	11	89	#
1029	6122	5	6	7	8	9	10	11	12	89	#
1030	4897	6	7	8	9	10	11	12	13	89	#
1031	4897	7	8	9	10	11	12	13	14	89	#
1032	4897	8	9	10	11	12	13	14	15	89	#
1033	3498	9	10	11	12	13	14	15	16	89	#
1034	3498	10	11	12	13	14	15	16	17	89	#
1035	3498	11	12	13	14	15	16	17	18	89	#
1036	3498	12	13	14	15	16	17	18	19	89	#
1037	3498	13	14	15	16	17	18	19	20	89	#
1038	3498	14	15	16	17	18	19	20	21	89	#
1039	3339	15	16	17	18	19	20	21	22	89	#
1040	3194	16	17	18	19	20	21	22	23	89	#
1041	3061	17	18	19	20	21	22	23	24	89	#
1042	13318	0	1	2	3	4	5	6	90	#
1043	13318	1	2	3	4	5	6	7	90	#
1044	13318	2	3	4	5	6	7	8	90	#
1045	13318	3	4	5	6	7	8	9	90	#
1046	6309	4	5	6	7	8	9	10	90	#
1047	6309	5	6	7	8	9	10	11	90	#
1048	6309	6	7	8	9	10	11	12	90	#
1049	6309	7	8	9	10	11	12	13	90	#
1050	6309	8	9	10	11	12	13	14	90	#
1051	6309	9	10	11	12	13	14	15	90	#
1052	6309	10	11	12	13	14	15	16	90	#
1053	6309	11	12	13	14	15	16	17	90	#
1054	6309	12	13	14	15	16	17	18	90	#
1055	6309	13	14	15	16	17	18	19	90	#
1056	9232	5	6	7	8	9	10	11	109	#
1057	2602	1	2	91	#
1058	2602	2	3	91	#
1059	2602	3	4	91	#
1060	612	4	5	91	#
1061	612	5	6	91	#
1062	612	6	7	91	#
1063	612	7	8	91	#
1064	612	8	9	91	#
1065	612	9	10	91	#
1066	612	10	11	91	#
1067	612	11	12	91	#
1068	612	12	13	91	#
1069	612	13	14	91	#
1070	612	14	15	91	#
1071	612	15	16	91	#
1072	612	16	17	91	#
1073	18151	0	1	2	3	4	5	6	7	92	#
1074	18151	1	2	3	4	5	6	7	8	92	#
1075	18151	2	3	4	5	6	7	8	9	92	#
1076	18151	3	4	5	6	7	8	9	10	92	#
1077	18151	4	5	6	7	8	9	10	11	92	#
1078	13311	5	6	7	8	9	10	11	12	92	#
1079	13311	6	7	8	9	10	11	12	13	92	#
1080	13311	7	8	9	10	11	12	13	14	92	#
1081	13311	8	9	10	11	12	13	14	15	92	#
1082	9983	9	10	11	12	13	14	15	16	92	#
1083	9983	10	11	12	13	14	15	16	17	92	#
1084	9983	11	12	13	14	15	16	17	18	92	#
1085	9983	12	13	14	15	16	17	18	19	92	#
1086	9983	13	14	15	16	17	18	19	20	92	#
1087	9508	14	15	16	17	18	19	20	21	92	#
1088	8319	15	16	17	18	19	20	21	22	92	#
1089	8319	16	17	18	19	20	21	22	23	92	#
1090	8319	17	18	19	20	21	22	23	24	92	#
1091	13155	0	1	2	3	4	5	6	7	8	9	93	#
1092	13155	1	2	3	4	5	6	7	8	9	10	93	#
1093	13155	2	3	4	5	6	7	8	9	10	11	93	#
1094	13155	3	4	5	6	7	8	9	10	11	12	93	#
1095	13155	4	5	6	7	8	9	10	11	12	13	93	#
1096	13155	5	6	7	8	9	10	11	12	13	14	93	#
1097	13155	6	7	8	9	10	11	12	13	14	15	93	#
1098	13155	7	8	9	10	11	12	13	14	15	16	93	#
1099	13155	8	9	10	11	12	13	14	15	16	17	93	#
1100	13155	9	10	11	12	13	14	15	16	17	18	93	#
1101	13155	10	11	12	13	14	15	16	17	18	19	93	#
1102	12511	0	1	2	3	4	5	6	94	#
1103	12511	1	2	3	4	5	6	7	94	#
1104	12511	2	3	4	5	6	7	8	94	#
1105	12511	3	4	5	6	7	8	9	94	#
1106	9232	4	5	6	7	8	9	10	109	#
1107	2350	1	2	95	#
1108	2350	2	3	95	#
1109	2350	3	4	95	#
1110	2350	4	5	95	#
1111	2350	5	6	95	#
1112	2350	6	7	95	#
1113	2350	7	8	95	#
1114	2350	8	9	95	#
1115	5897	0	1	2	3	4	5	96	#
1116	5897	1	2	3	4	5	6	96	#
1117	5897	2	3	4	5	6	7	96	#
1118	5897	3	4	5	6	7	8	96	#
1119	5897	4	5	6	7	8	9	96	#
1120	5897	5	6	7	8	9	10	96	#
1121	5897	6	7	8	9	10	11	96	#
1122	5897	7	8	9	10	11	12	96	#
1123	3370	8	9	10	11	12	13	96	#
1124	3370	9	10	11	12	13	14	96	#
1125	3370	10	11	12	13	14	15	96	#
1126	3370	11	12	13	14	15	16	96	#
1127	3370	12	13	14	15	16	17	96	#
1128	3370	13	14	15	16	17	18	96	#
1129	3370	14	15	16	17	18	19	96	#
1130	3370	15	16	17	18	19	20	96	#
1131	3370	16	17	18	19	20	21	96	#
1132	-2147483648	0	97	#
1133	0	1	97	#
1134	0	2	97	#
1135	0	3	97	#
1136	0	4	97	#
1137	0	5	97	#
1138	0	6	97	#
1139	0	7	97	#
1140	0	8	97	#
1141	0	9	97	#
1142	0	10	97	#
1143	0	11	97	#
1144	0	12	97	#
1145	0	13	97	#
1146	0	14	97	#
1147	0	15	97	#
1148	0	16	97	#
1149	0	17	97	#
1150	0	18	97	#
1151	0	19	97	#
1152	0	20	97	#
1153	0	21	97	#
1154	9232	3	4	5	6	7	8	9	109	#
1155	1947	1	2	98	#
1156	1947	2	3	98	#
1157	1947	3	4	98	#
1158	1947	4	5	98	#
1159	1947	5	6	98	#
1160	1947	6	7	98	#
1161	1947	7	8	98	#
1162	1947	8	9	98	#
1163	1947	9	10	98	#
1164	1947	10	11	98	#
1165	1947	11	12	98	#
1166	1947	12	13	98	#
1167	1947	13	14	98	#
1168	1947	14	15	98	#
1169	1947	15	16	98	#
1170	1947	16	17	98	#
1171	1947	17	18	98	#
1172	1947	18	19	98	#
1173	1947	19	20	98	#
1174	1947	20	21	98	#
1175	1947	21	22	98	#
1176	1947	22	23	98	#
1177	20595	0	1	2	3	4	5	6	7	8	9	99	#
1178	12357	1	2	3	4	5	6	7	8	9	10	99	#
1179	12357	2	3	4	5	6	7	8	9	10	11	99	#
1180	12357	3	4	5	6	7	8	9	10	11	12	99	#
1181	12357	4	5	6	7	8	9	10	11	12	13	99	#
1182	12357	5	6	7	8	9	10	11	12	13	14	99	#
1183	12357	6	7	8	9	10	11	12	13	14	15	99	#
1184	8059	7	8	9	10	11	12	13	14	15	16	99	#
1185	8059	8	9	10	11	12	13	14	15	16	17	99	#
1186	8059	9	10	11	12	13	14	15	16	17	18	99	#
1187	8059	10	11	12	13	14	15	16	17	18	19	99	#
1188	8059	11	12	13	14	15	16	17	18	19	20	99	#
1189	8059	12	13	14	15	16	17	18	19	20	21	99	#
1190	8059	13	14	15	16	17	18	19	20	21	22	99	#
1191	8059	14	15	16	17	18	19	20	21	22	23	99	#
1192	979	0	100	#
1193	979	1	100	#
1194	979	2	100	#
1195	979	3	100	#
1196	979	4	100	#
1197	979	5	100	#
1198	979	6	100	#
1199	979	7	100	#
1200	979	8	100	#
1201	979	9	100	#
1202	979	10	100	#
1203	612	11	100	#
1204	612	12	100	#
1205	612	13	100	#
1206	612	14	100	#
1207	612	15	100	#
1208	612	16	100	#
1209	445	17	100	#
1210	445	18	100	#
1211	445	19	100	#
1212	445	20	100	#
1213	445	21	100	#
1214	445	22	100	#
1215	426	23	100	#
1216	408	24	100	#
1217	11570	0	1	2	3	4	5	6	7	8	101	#
1218	4024	1	2	3	4	5	6	7	8	9	101	#
1219	4024	2	3	4	5	6	7	8	9	10	101	#
1220	4024	3	4	5	6	7	8	9	10	11	101	#
1221	4024	4	5	6	7	8	9	10	11	12	101	#
1222	4024	5	6	7	8	9	10	11	12	13	101	#
1223	4024	6	7	8	9	10	11	12	13	14	101	#
1224	4024	7	8	9	10	11	12	13	14	15	101	#
1225	4024	8	9	10	11	12	13	14	15	16	101	#
1226	4024	9	10	11	12	13	14	15	16	17	101	#
1227	4024	10	11	12	13	14	15	16	17	18	101	#
1228	4024	11	12	13	14	15	16	17	18	19	101	#
1229	4024	12	13	14	15	16	17	18	19	20	101	#
1230	4024	13	14	15	16	17	18	19	20	21	101	#
1231	4024	14	15	16	17	18	19	20	21	22	101	#
1232	4024	15	16	17	18	19	20	21	22	23	101	#
1233	9399	0	1	2	3	4	5	102	#
1234	9399	1	2	3	4	5	6	102	#
1235	9399	2	3	4	5	6	7	102	#
1236	9399	3	4	5	6	7	8	102	#
1237	9399	4	5	6	7	8	9	102	#
1238	9399	5	6	7	8	9	10	102	#
1239	9399	6	7	8	9	10	11	102	#
1240	9399	7	8	9	10	11	12	102	#
1241	9399	8	9	10	11	12	13	102	#
1242	9399	9	10	11	12	13	14	102	#
1243	9399	10	11	12	13	14	15	102	#
1244	9399	11	12	13	14	15	16	102	#
1245	9399	12	13	14	15	16	17	102	#
1246	9399	13	14	15	16	17	18	102	#
1247	9399	14	15	16	17	18	19	102	#
1248	9399	15	16	17	18	19	20	102	#
1249	7833	16	17	18	19	20	21	102	#
1250	7833	17	18	19	20	21	22	102	#
1251	7833	18	19	20	21	22	23	102	#
1252	7833	19	20	21	22	23	24	102	#
1253	624	0	103	#
1254	624	1	103	#
1255	624	2	103	#
1256	624	3	103	#
1257	624	4	103	#
1258	624	5	103	#
1259	624	6	103	#
1260	624	7	103	#
1261	624	8	103	#
1262	624	9	103	#
1263	624	10	103	#
1264	624	11	103	#
1265	624	12	103	#
1266	624	13	103	#
1267	624	14	103	#
1268	624	15	103	#
1269	624	16	103	#
1270	624	17	103	#
1271	624	18	103	#
1272	624	19	103	#
1273	624	20	103	#
1274	624	21	103	#
1275	624	22	103	#
1276	624	23	103	#
1277	624	24	103	#
1278	6835	0	1	2	3	4	5	6	104	#
1279	6835	1	2	3	4	5	6	7	104	#
1280	6835	2	3	4	5	6	7	8	104	#
1281	6835	3	4	5	6	7	8	9	104	#
1282	6835	4	5	6	7	8	9	10	104	#
1283	6835	5	6	7	8	9	10	11	104	#
1284	6835	6	7	8	9	10	11	12	104	#
1285	6835	7	8	9	10	11	12	13	104	#
1286	6835	8	9	10	11	12	13	14	104	#
1287	6835	9	10	11	12	13	14	15	104	#
1288	6835	10	11	12	13	14	15	16	104	#
1289	6835	11	12	13	14	15	16	17	104	#
1290	6835	12	13	14	15	16	17	18	104	#
1291	6835	13	14	15	16	17	18	19	104	#
1292	6835	14	15	16	17	18	19	20	104	#
1293	6835	15	16	17	18	19	20	21	104	#
1294	6835	16	17	18	19	20	21	22	104	#
1295	6835	17	18	19	20	21	22	23	104	#
1296	6550	18	19	20	21	22	23	24	104	#
1297	4099	0	1	2	3	4	105	#
1298	4099	1	2	3	4	5	105	#
1299	4099	2	3	4	5	6	105	#
1300	4099	3	4	5	6	7	105	#
1301	4099	4	5	6	7	8	105	#
1302	1726	5	6	7	8	9	105	#
1303	1726	6	7	8	9	10	105	#
1304	1726	7	8	9	10	11	105	#
1305	1726	8	9	10	11	12	105	#
1306	1726	9	10	11	12	13	105	#
1307	1726	10	11	12	13	14	105	#
1308	1726	11	12	13	14	15	105	#
1309	1726	12	13	14	15	16	105	#
1310	1726	13	14	15	16	17	105	#
1311	1726	14	15	16	17	18	105	#
1312	1726	15	16	17	18	19	105	#
1313	1491	16	17	18	19	20	105	#
1314	1491	17	18	19	20	21	105	#
1315	1491	18	19	20	21	22	105	#
1316	1426	19	20	21	22	23	105	#
1317	5136	0	1	2	3	106	#
1318	5136	1	2	3	4	106	#
1319	5136	2	3	4	5	106	#
1320	5136	3	4	5	6	106	#
1321	5136	4	5	6	7	106	#
1322	5136	5	6	7	8	106	#
1323	6892	0	1	2	3	4	5	107	#
1324	6892	1	2	3	4	5	6	107	#
1325	6892	2	3	4	5	6	7	107	#
1326	6892	3	4	5	6	7	8	107	#
1327	6892	4	5	6	7	8	9	107	#
1328	6892	5	6	7	8	9	10	107	#
1329	6892	6	7	8	9	10	11	107	#
1330	6892	7	8	9	10	11	12	107	#
1331	6362	8	9	10	11	12	13	107	#
1332	4353	9	10	11	12	13	14	107	#
1333	4353	10	11	12	13	14	15	107	#
1334	4353	11	12	13	14	15	16	107	#
1335	4353	12	13	14	15	16	17	107	#
1336	4353	13	14	15	16	17	18	107	#
1337	4353	14	15	16	17	18	19	107	#
1338	3596	15	16	17	18	19	20	107	#
1339	3596	16	17	18	19	20	21	107	#
1340	3596	17	18	19	20	21	22	107	#
1341	3596	18	19	20	21	22	23	107	#
1342	3446	19	20	21	22	23	24	107	#
1343	2780	0	1	#
1344	9232	0	1	2	3	4	5	6	109	#
1345	9232	1	2	3	4	5	6	7	109	#
1346	9232	2	3	4	5	6	7	8	109	#
1347	3184	21	22	23	24	110	#
1348	3184	1	2	3	4	110	#
1349	3184	2	3	4	5	110	#
1350	3184	3	4	5	6	110	#
1351	3184	4	5	6	7	110	#
1352	3184	5	6	7	8	110	#
1353	3184	6	7	8	9	110	#
1354	3184	7	8	9	10	110	#
1355	3184	8	9	10	11	110	#
1356	3184	9	10	11	12	110	#
1357	3184	10	11	12	13	110	#
1358	3184	11	12	13	14	110	#
1359	3184	12	13	14	15	110	#
1360	3184	13	14	15	16	110	#
1361	3184	14	15	16	17	110	#
1362	3184	15	16	17	18	110	#
1363	3184	16	17	18	19	110	#
1364	3184	17	18	19	20	110	#
1365	3184	18	19	20	21	110	#
1366	3184	19	20	21	22	110	#
1367	3184	20	21	22	23	110	#
1368	6378	0	1	2	3	4	111	#
1369	6378	1	2	3	4	5	111	#
1370	6378	2	3	4	5	6	111	#
1371	6378	3	4	5	6	7	111	#
1372	6378	4	5	6	7	8	111	#
1373	6378	5	6	7	8	9	111	#
1374	6378	6	7	8	9	10	111	#
1375	19027	0	1	2	3	4	5	6	7	8	112	#
1376	19027	1	2	3	4	5	6	7	8	9	112	#
1377	7445	2	3	4	5	6	7	8	9	10	112	#
1378	7445	3	4	5	6	7	8	9	10	11	112	#
1379	7445	4	5	6	7	8	9	10	11	12	112	#
1380	7445	5	6	7	8	9	10	11	12	13	112	#
1381	7445	6	7	8	9	10	11	12	13	14	112	#
1382	7445	7	8	9	10	11	12	13	14	15	112	#
1383	7445	8	9	10	11	12	13	14	15	16	112	#
1384	7445	9	10	11	12	13	14	15	16	17	112	#
1385	7445	10	11	12	13	14	15	16	17	18	112	#
1386	7445	11	12	13	14	15	16	17	18	19	112	#
1387	7445	12	13	14	15	16	17	18	19	20	112	#
1388	7445	13	14	15	16	17	18	19	20	21	112	#
1389	7445	14	15	16	17	18	19	20	21	22	112	#
1390	7445	15	16	17	18	19	20	21	22	23	112	#
1391	7135	16	17	18	19	20	21	22	23	24	112	#
1392	1411	0	113	#
1393	1411	1	113	#
1394	1411	2	113	#
1395	1411	3	113	#
1396	1411	4	113	#
1397	1411	5	113	#
1398	1411	6	113	#
1399	1411	7	113	#
1400	1411	8	113	#
1401	1411	9	113	#
1402	1411	10	113	#
1403	1411	11	113	#
1404	1411	12	113	#
1405	1411	13	113	#
1406	1411	14	113	#
1407	8097	0	1	2	3	4	5	6	7	8	114	#
1408	8097	1	2	3	4	5	6	7	8	9	114	#
1409	8097	2	3	4	5	6	7	8	9	10	114	#
1410	8097	3	4	5	6	7	8	9	10	11	114	#
1411	8097	4	5	6	7	8	9	10	11	12	114	#
1412	8097	5	6	7	8	9	10	11	12	13	114	#
1413	8097	6	7	8	9	10	11	12	13	14	114	#
1414	8097	7	8	9	10	11	12	13	14	15	114	#
1415	8097	8	9	10	11	12	13	14	15	16	114	#
1416	8097	9	10	11	12	13	14	15	16	17	114	#
1417	8097	10	11	12	13	14	15	16	17	18	114	#
1418	8097	11	12	13	14	15	16	17	18	19	114	#
1419	8097	12	13	14	15	16	17	18	19	20	114	#
1420	8097	13	14	15	16	17	18	19	20	21	114	#
1421	8097	14	15	16	17	18	19	20	21	22	114	#
1422	7423	15	16	17	18	19	20	21	22	23	114	#
1423	7423	16	17	18	19	20	21	22	23	24	114	#
1424	10898	0	1	2	3	4	5	6	115	#
1425	10898	1	2	3	4	5	6	7	115	#
1426	10898	2	3	4	5	6	7	8	115	#
1427	10898	3	4	5	6	7	8	9	115	#
1428	10898	4	5	6	7	8	9	10	115	#
1429	10898	5	6	7	8	9	10	11	115	#
1430	10898	6	7	8	9	10	11	12	115	#
1431	10898	7	8	9	10	11	12	13	115	#
1432	10898	8	9	10	11	12	13	14	115	#
1433	10898	9	10	11	12	13	14	15	115	#
1434	10898	10	11	12	13	14	15	16	115	#
1435	10898	11	12	13	14	15	16	17	115	#
1436	10898	12	13	14	15	16	17	18	115	#
1437	8173	13	14	15	16	17	18	19	115	#
1438	8173	14	15	16	17	18	19	20	115	#
1439	8173	15	16	17	18	19	20	21	115	#
1440	8173	16	17	18	19	20	21	22	115	#
1441	8173	17	18	19	20	21	22	23	115	#
1442	8173	18	19	20	21	22	23	24	115	#
1443	1669	23	24	116	#
1444	1907	1	2	116	#
1445	1907	2	3	116	#
1446	1907	3	4	116	#
1447	1907	4	5	116	#
1448	1907	5	6	116	#
1449	1907	6	7	116	#
1450	1907	7	8	116	#
1451	1907	8	9	116	#
1452	1907	9	10	116	#
1453	1907	10	11	116	#
1454	1907	11	12	116	#
1455	1907	12	13	116	#
1456	1907	13	14	116	#
1457	1907	14	15	116	#
1458	1907	15	16	116	#
1459	1907	16	17	116	#
1460	1907	17	18	116	#
1461	1907	18	19	116	#
1462	1907	19	20	116	#
1463	1907	20	21	116	#
1464	1669	21	22	116	#
1465	1669	22	23	116	#
1466	17403	0	1	2	3	4	5	6	7	117	#
1467	7614	1	2	3	4	5	6	7	8	117	#
1468	7614	2	3	4	5	6	7	8	9	117	#
1469	7614	3	4	5	6	7	8	9	10	117	#
1470	7614	4	5	6	7	8	9	10	11	117	#
1471	7614	5	6	7	8	9	10	11	12	117	#
1472	7614	6	7	8	9	10	11	12	13	117	#
1473	7614	7	8	9	10	11	12	13	14	117	#
1474	7614	8	9	10	11	12	13	14	15	117	#
1475	7614	9	10	11	12	13	14	15	16	117	#
1476	6768	10	11	12	13	14	15	16	17	117	#
1477	6768	11	12	13	14	15	16	17	18	117	#
1478	6074	0	1	2	3	118	#
1479	6074	1	2	3	4	118	#
1480	6074	2	3	4	5	118	#
1481	6074	3	4	5	6	118	#
1482	6074	4	5	6	7	118	#
1483	6074	5	6	7	8	118	#
1484	6074	6	7	8	9	118	#
1485	6074	7	8	9	10	118	#
1486	6074	8	9	10	11	118	#
1487	6074	9	10	11	12	118	#
1488	6074	10	11	12	13	118	#
1489	6074	11	12	13	14	118	#
1490	6074	12	13	14	15	118	#
1491	6074	13	14	15	16	118	#
1492	6074	14	15	16	17	118	#
1493	6074	15	16	17	18	118	#
1494	6074	16	17	18	19	118	#
1495	6074	17	18	19	20	118	#
1496	5785	18	19	20	21	118	#
1497	3957	0	1	2	3	119	#
1498	3957	1	2	3	4	119	#
1499	3957	2	3	4	5	119	#
1500	3957	3	4	5	6	119	#
1501	3957	4	5	6	7	119	#
1502	3957	5	6	7	8	119	#
1503	3957	6	7	8	9	119	#
1504	3957	7	8	9	10	119	#
1505	3957	8	9	10	11	119	#
1506	3957	9	10	11	12	119	#
1507	3957	10	11	12	13	119	#
1508	3957	11	12	13	14	119	#
1509	3957	12	13	14	15	119	#
1510	3957	13	14	15	16	119	#
1511	3957	14	15	16	17	119	#
1512	3957	15	16	17	18	119	#
1513	3957	16	17	18	19	119	#
1514	3957	17	18	19	20	119	#
1515	3957	18	19	20	21	119	#
1516	3957	19	20	21	22	119	#
1517	15271	0	1	2	3	4	5	6	120	#
1518	6109	1	2	3	4	5	6	7	120	#
1519	6109	2	3	4	5	6	7	8	120	#
1520	6109	3	4	5	6	7	8	9	120	#
1521	6109	4	5	6	7	8	9	10	120	#
1522	6109	5	6	7	8	9	10	11	120	#
1523	6109	6	7	8	9	10	11	12	120	#
1524	6109	7	8	9	10	11	12	13	120	#
1525	6109	8	9	10	11	12	13	14	120	#
1526	6109	9	10	11	12	13	14	15	120	#
1527	5390	10	11	12	13	14	15	16	120	#
1528	5390	11	12	13	14	15	16	17	120	#
1529	8083	0	1	2	3	4	121	#
1530	8083	1	2	3	4	5	121	#
1531	8083	2	3	4	5	6	121	#
1532	8083	3	4	5	6	7	121	#
1533	8083	4	5	6	7	8	121	#
1534	8083	5	6	7	8	9	121	#
1535	8083	6	7	8	9	10	121	#
1536	8083	7	8	9	10	11	121	#
1537	8083	8	9	10	11	12	121	#
1538	8083	9	10	11	12	13	121	#
1539	8433	0	1	2	3	4	5	6	7	8	9	122	#
1540	8433	1	2	3	4	5	6	7	8	9	10	122	#
1541	8433	2	3	4	5	6	7	8	9	10	11	122	#
1542	8433	3	4	5	6	7	8	9	10	11	12	122	#
1543	8433	4	5	6	7	8	9	10	11	12	13	122	#
1544	8433	5	6	7	8	9	10	11	12	13	14	122	#
1545	8433	6	7	8	9	10	11	12	13	14	15	122	#
1546	8433	7	8	9	10	11	12	13	14	15	16	122	#
1547	8433	8	9	10	11	12	13	14	15	16	17	122	#
1548	8433	9	10	11	12	13	14	15	16	17	18	122	#
1549	8433	10	11	12	13	14	15	16	17	18	19	122	#
1550	8433	11	12	13	14	15	16	17	18	19	20	122	#
1551	8433	12	13	14	15	16	17	18	19	20	21	122	#
1552	8433	13	14	15	16	17	18	19	20	21	22	122	#
1553	8433	14	15	16	17	18	19	20	21	22	23	122	#
1554	8433	15	16	17	18	19	20	21	22	23	24	122	#
1555	13871	0	1	2	3	4	5	6	7	123	#
1556	13871	1	2	3	4	5	6	7	8	123	#
1557	13871	2	3	4	5	6	7	8	9	123	#
1558	13871	3	4	5	6	7	8	9	10	123	#
1559	13871	4	5	6	7	8	9	10	11	123	#
1560	13871	5	6	7	8	9	10	11	12	123	#
1561	13871	6	7	8	9	10	11	12	13	123	#
1562	13871	7	8	9	10	11	12	13	14	123	#
1563	13871	8	9	10	11	12	13	14	15	123	#
1564	8670	9	10	11	12	13	14	15	16	123	#
1565	8670	10	11	12	13	14	15	16	17	123	#
1566	8670	11	12	13	14	15	16	17	18	123	#
1567	8670	12	13	14	15	16	17	18	19	123	#
1568	8670	13	14	15	16	17	18	19	20	123	#
1569	8670	14	15	16	17	18	19	20	21	123	#
1570	8670	15	16	17	18	19	20	21	22	123	#
1571	8670	16	17	18	19	20	21	22	23	123	#
1572	8670	17	18	19	20	21	22	23	24	123	#
1573	9953	0	1	2	3	4	5	6	7	8	124	#
1574	9953	1	2	3	4	5	6	7	8	9	124	#
1575	9953	2	3	4	5	6	7	8	9	10	124	#
1576	9953	3	4	5	6	7	8	9	10	11	124	#
1577	9953	4	5	6	7	8	9	10	11	12	124	#
1578	9953	5	6	7	8	9	10	11	12	13	124	#
1579	9953	6	7	8	9	10	11	12	13	14	124	#
1580	9953	7	8	9	10	11	12	13	14	15	124	#
1581	9953	8	9	10	11	12	13	14	15	16	124	#
1582	6578	0	1	2	3	4	5	6	7	125	#
1583	6578	1	2	3	4	5	6	7	8	125	#
1584	6578	2	3	4	5	6	7	8	9	125	#
1585	6578	3	4	5	6	7	8	9	10	125	#
1586	8573	0	1	2	3	4	5	6	7	126	#
1587	8573	1	2	3	4	5	6	7	8	126	#
1588	8573	2	3	4	5	6	7	8	9	126	#
1589	8573	3	4	5	6	7	8	9	10	126	#
1590	8573	4	5	6	7	8	9	10	11	126	#
1591	8573	5	6	7	8	9	10	11	12	126	#
1592	8573	6	7	8	9	10	11	12	13	126	#
1593	8573	7	8	9	10	11	12	13	14	126	#
1594	8573	8	9	10	11	12	13	14	15	126	#
1595	8573	9	10	11	12	13	14	15	16	126	#
1596	8573	10	11	12	13	14	15	16	17	126	#
1597	8573	11	12	13	14	15	16	17	18	126	#
1598	8573	12	13	14	15	16	17	18	19	126	#
1599	8573	13	14	15	16	17	18	19	20	126	#
1600	7793	14	15	16	17	18	19	20	21	126	#
1601	7793	15	16	17	18	19	20	21	22	126	#
1602	7455	16	17	18	19	20	21	22	23	126	#
1603	7144	17	18	19	20	21	22	23	24	126	#
1604	8604	0	1	2	3	4	5	6	7	127	#
1605	4302	1	2	3	4	5	6	7	8	127	#
1606	4302	2	3	4	5	6	7	8	9	127	#
1607	4302	3	4	5	6	7	8	9	10	127	#
1608	4302	4	5	6	7	8	9	10	11	127	#
1609	4302	5	6	7	8	9	10	11	12	127	#
1610	4302	6	7	8	9	10	11	12	13	127	#
1611	4302	7	8	9	10	11	12	13	14	127	#
1612	3011	8	9	10	11	12	13	14	15	127	#
1613	3011	9	10	11	12	13	14	15	16	127	#
1614	3011	10	11	12	13	14	15	16	17	127	#
1615	3011	11	12	13	14	15	16	17	18	127	#
1616	3011	12	13	14	15	16	17	18	19	127	#
1617	3011	13	14	15	16	17	18	19	20	127	#
1618	7757	0	1	2	3	128	#
1619	7757	1	2	3	4	128	#
1620	7757	2	3	4	5	128	#
1621	7757	3	4	5	6	128	#
1622	7757	4	5	6	7	128	#
1623	7757	5	6	7	8	128	#
1624	7757	6	7	8	9	128	#
1625	7757	7	8	9	10	128	#
1626	7757	8	9	10	11	128	#
1627	7757	9	10	11	12	128	#
1628	5171	10	11	12	13	128	#
1629	5171	11	12	13	14	128	#
1630	5171	12	13	14	15	128	#
1631	5171	13	14	15	16	128	#
1632	5171	14	15	16	17	128	#
1633	5171	15	16	17	18	128	#
1634	4047	16	17	18	19	128	#
1635	4047	17	18	19	20	128	#
1636	4047	18	19	20	21	128	#
1637	4047	19	20	21	22	128	#
1638	4047	20	21	22	23	128	#
1639	3878	21	22	23	24	128	#
1640	19838	0	1	2	3	4	5	6	7	8	9	129	#
1641	19838	1	2	3	4	5	6	7	8	9	10	129	#
1642	19838	2	3	4	5	6	7	8	9	10	11	129	#
1643	19838	3	4	5	6	7	8	9	10	11	12	129	#
1644	19838	4	5	6	7	8	9	10	11	12	13	129	#
1645	19838	5	6	7	8	9	10	11	12	13	14	129	#
1646	19838	6	7	8	9	10	11	12	13	14	15	129	#
1647	19838	7	8	9	10	11	12	13	14	15	16	129	#
1648	19838	8	9	10	11	12	13	14	15	16	17	129	#
1649	19838	9	10	11	12	13	14	15	16	17	18	129	#
1650	19838	10	11	12	13	14	15	16	17	18	19	129	#
1651	19838	11	12	13	14	15	16	17	18	19	20	129	#
1652	19838	12	13	14	15	16	17	18	19	20	21	129	#
1653	19838	13	14	15	16	17	18	19	20	21	22	129	#
1654	18185	14	15	16	17	18	19	20	21	22	23	129	#
1655	18185	15	16	17	18	19	20	21	22	23	24	129	#
1656	11974	0	1	2	3	4	5	6	7	130	#
1657	11974	1	2	3	4	5	6	7	8	130	#
1658	11974	2	3	4	5	6	7	8	9	130	#
1659	11974	3	4	5	6	7	8	9	10	130	#
1660	11974	4	5	6	7	8	9	10	11	130	#
1661	11974	5	6	7	8	9	10	11	12	130	#
1662	11974	6	7	8	9	10	11	12	13	130	#
1663	11974	7	8	9	10	11	12	13	14	130	#
1664	11974	8	9	10	11	12	13	14	15	130	#
1665	11974	9	10	11	12	13	14	15	16	130	#
1666	11974	10	11	12	13	14	15	16	17	130	#
1667	9253	11	12	13	14	15	16	17	18	130	#
1668	9253	12	13	14	15	16	17	18	19	130	#
1669	9253	13	14	15	16	17	18	19	20	130	#
1670	9253	14	15	16	17	18	19	20	21	130	#
1671	9253	15	16	17	18	19	20	21	22	130	#
1672	8482	16	17	18	19	20	21	22	23	130	#
1673	8482	17	18	19	20	21	22	23	24	130	#
1674	19115	0	1	2	3	4	5	6	7	8	131	#
1675	19115	1	2	3	4	5	6	7	8	9	131	#
1676	19115	2	3	4	5	6	7	8	9	10	131	#
1677	19115	3	4	5	6	7	8	9	10	11	131	#
1678	19115	4	5	6	7	8	9	10	11	12	131	#
1679	19115	5	6	7	8	9	10	11	12	13	131	#
1680	19115	6	7	8	9	10	11	12	13	14	131	#
1681	19115	7	8	9	10	11	12	13	14	15	131	#
1682	19115	8	9	10	11	12	13	14	15	16	131	#
1683	19115	9	10	11	12	13	14	15	16	17	131	#
1684	19115	10	11	12	13	14	15	16	17	18	131	#
1685	19115	11	12	13	14	15	16	17	18	19	131	#
1686	19115	12	13	14	15	16	17	18	19	20	131	#
1687	19115	13	14	15	16	17	18	19	20	21	131	#
1688	19115	14	15	16	17	18	19	20	21	22	131	#
1689	19115	15	16	17	18	19	20	21	22	23	131	#
1690	19115	16	17	18	19	20	21	22	23	24	131	#
1691	4060	0	1	2	3	132	#
1692	4060	1	2	3	4	132	#
1693	4060	2	3	4	5	132	#
1694	1353	3	4	5	6	132	#
1695	1353	4	5	6	7	132	#
1696	1353	5	6	7	8	132	#
1697	1353	6	7	8	9	132	#
1698	1353	7	8	9	10	132	#
1699	1353	8	9	10	11	132	#
1700	1353	9	10	11	12	132	#
1701	1353	10	11	12	13	132	#
1702	1353	11	12	13	14	132	#
1703	1353	12	13	14	15	132	#
1704	23568	0	1	2	3	4	5	6	7	8	9	133	#
1705	23568	1	2	3	4	5	6	7	8	9	10	133	#
1706	23568	2	3	4	5	6	7	8	9	10	11	133	#
1707	23568	3	4	5	6	7	8	9	10	11	12	133	#
1708	23568	4	5	6	7	8	9	10	11	12	13	133	#
1709	23568	5	6	7	8	9	10	11	12	13	14	133	#
1710	23568	6	7	8	9	10	11	12	13	14	15	133	#
1711	16069	7	8	9	10	11	12	13	14	15	16	133	#
1712	16069	8	9	10	11	12	13	14	15	16	17	133	#
1713	16069	9	10	11	12	13	14	15	16	17	18	133	#
1714	16069	10	11	12	13	14	15	16	17	18	19	133	#
1715	16069	11	12	13	14	15	16	17	18	19	20	133	#
1716	16069	12	13	14	15	16	17	18	19	20	21	133	#
1717	16069	13	14	15	16	17	18	19	20	21	22	133	#
1718	3393	0	1	2	134	#
1719	3393	1	2	3	134	#
1720	3393	2	3	4	134	#
1721	3393	3	4	5	134	#
1722	3393	4	5	6	134	#
1723	3393	5	6	7	134	#
1724	3393	6	7	8	134	#
1725	3393	7	8	9	134	#
1726	3393	8	9	10	134	#
1727	3393	9	10	11	134	#
1728	3393	10	11	12	134	#
1729	3393	11	12	13	134	#
1730	3393	12	13	14	134	#
1731	3393	13	14	15	134	#
1732	3181	14	15	16	134	#
1733	2786	0	1	135	#
1734	2786	1	2	135	#
1735	2786	2	3	135	#
1736	2786	3	4	135	#
1737	2786	4	5	135	#
1738	2786	5	6	135	#
1739	2786	6	7	135	#
1740	2786	7	8	135	#
1741	2786	8	9	135	#
1742	2786	9	10	135	#
1743	2786	10	11	135	#
1744	2786	11	12	135	#
1745	2786	12	13	135	#
1746	1725	13	14	135	#
1747	1725	14	15	135	#
1748	1725	15	16	135	#
1749	1725	16	17	135	#
1750	1725	17	18	135	#
1751	1725	18	19	135	#
1752	1725	19	20	135	#
1753	1725	20	21	135	#
1754	1509	21	22	135	#
1755	1509	22	23	135	#
1756	1509	23	24	135	#
1757	6303	0	1	2	3	4	5	6	7	136	#
1758	6303	1	2	3	4	5	6	7	8	136	#
1759	6303	2	3	4	5	6	7	8	9	136	#
1760	6303	3	4	5	6	7	8	9	10	136	#
1761	6303	4	5	6	7	8	9	10	11	136	#
1762	6303	5	6	7	8	9	10	11	12	136	#
1763	6303	6	7	8	9	10	11	12	13	136	#
1764	6303	7	8	9	10	11	12	13	14	136	#
1765	6303	8	9	10	11	12	13	14	15	136	#
1766	6303	9	10	11	12	13	14	15	16	136	#
1767	6303	10	11	12	13	14	15	16	17	136	#
1768	6303	11	12	13	14	15	16	17	18	136	#
1769	6303	12	13	14	15	16	17	18	19	136	#
1770	6303	13	14	15	16	17	18	19	20	136	#
1771	6303	14	15	16	17	18	19	20	21	136	#
1772	6303	15	16	17	18	19	20	21	22	136	#
1773	6303	16	17	18	19	20	21	22	23	136	#
1774	1978	20	21	22	137	#
1775	1978	1	2	3	137	#
1776	1978	2	3	4	137	#
1777	1978	3	4	5	137	#
1778	1978	4	5	6	137	#
1779	1978	5	6	7	137	#
1780	1978	6	7	8	137	#
1781	1978	7	8	9	137	#
1782	1978	8	9	10	137	#
1783	1978	9	10	11	137	#
1784	1978	10	11	12	137	#
1785	1978	11	12	13	137	#
1786	1978	12	13	14	137	#
1787	1978	13	14	15	137	#
1788	1978	14	15	16	137	#
1789	1978	15	16	17	137	#
1790	1978	16	17	18	137	#
1791	1978	17	18	19	137	#
1792	1978	18	19	20	137	#
1793	1978	19	20	21	137	#
1794	9117	0	1	2	3	4	138	#
1795	9117	1	2	3	4	5	138	#
1796	9117	2	3	4	5	6	138	#
1797	9117	3	4	5	6	7	138	#
1798	9117	4	5	6	7	8	138	#
1799	6630	5	6	7	8	9	138	#
1800	6630	6	7	8	9	10	138	#
1801	6630	7	8	9	10	11	138	#
1802	18373	0	1	2	3	4	5	6	7	8	139	#
1803	6124	1	2	3	4	5	6	7	8	9	139	#
1804	6124	2	3	4	5	6	7	8	9	10	139	#
1805	6124	3	4	5	6	7	8	9	10	11	139	#
1806	6124	4	5	6	7	8	9	10	11	12	139	#
1807	6124	5	6	7	8	9	10	11	12	13	139	#
1808	6124	6	7	8	9	10	11	12	13	14	139	#
1809	6124	7	8	9	10	11	12	13	14	15	139	#
1810	6124	8	9	10	11	12	13	14	15	16	139	#
1811	6124	9	10	11	12	13	14	15	16	17	139	#
1812	6124	10	11	12	13	14	15	16	17	18	139	#
1813	6124	11	12	13	14	15	16	17	18	19	139	#
1814	6124	12	13	14	15	16	17	18	19	20	139	#
1815	6124	13	14	15	16	17	18	19	20	21	139	#
1816	6124	14	15	16	17	18	19	20	21	22	139	#
1817	6124	15	16	17	18	19	20	21	22	23	139	#
1818	6124	16	17	18	19	20	21	22	23	24	139	#
1819	898	0	140	#
1820	898	1	140	#
1821	898	2	140	#
1822	898	3	140	#
1823	898	4	140	#
1824	898	5	140	#
1825	898	6	140	#
1826	898	7	140	#
1827	898	8	140	#
1828	898	9	140	#
1829	898	10	140	#
1830	898	11	140	#
1831	898	12	140	#
1832	898	13	140	#
1833	487	14	140	#
1834	487	15	140	#
1835	487	16	140	#
1836	487	17	140	#
1837	487	18	140	#
1838	487	19	140	#
1839	487	20	140	#
1840	487	21	140	#
1841	487	22	140	#
1842	487	23	140	#
1843	487	24	140	#
1844	71	18	19	141	#
1845	452	1	2	141	#
1846	452	2	3	141	#
1847	71	3	4	141	#
1848	71	4	5	141	#
1849	71	5	6	141	#
1850	71	6	7	141	#
1851	71	7	8	141	#
1852	71	8	9	141	#
1853	71	9	10	141	#
1854	71	10	11	141	#
1855	71	11	12	141	#
1856	71	12	13	141	#
1857	71	13	14	141	#
1858	71	14	15	141	#
1859	71	15	16	141	#
1860	71	16	17	141	#
1861	71	17	18	141	#
1862	1818	6	7	142	#
1863	1818	1	2	142	#
1864	1818	2	3	142	#
1865	1818	3	4	142	#
1866	1818	4	5	142	#
1867	1818	5	6	142	#
1868	5899	0	1	2	3	4	143	#
1869	5899	1	2	3	4	5	143	#
1870	5899	2	3	4	5	6	143	#
1871	5899	3	4	5	6	7	143	#
1872	5899	4	5	6	7	8	143	#
1873	5899	5	6	7	8	9	143	#
1874	5899	6	7	8	9	10	143	#
1875	5899	7	8	9	10	11	143	#
1876	5899	8	9	10	11	12	143	#
1877	5899	9	10	11	12	13	143	#
1878	5899	10	11	12	13	14	143	#
1879	5899	11	12	13	14	15	143	#
1880	5899	12	13	14	15	16	143	#
1881	5899	13	14	15	16	17	143	#
1882	5899	14	15	16	17	18	143	#
1883	5899	15	16	17	18	19	143	#
1884	5899	16	17	18	19	20	143	#
1885	18422	0	1	2	3	4	5	6	7	8	9	144	#
1886	18422	1	2	3	4	5	6	7	8	9	10	144	#
1887	1382	0	145	#
1888	1382	1	145	#
1889	1382	2	145	#
1890	1382	3	145	#
1891	1382	4	145	#
1892	1382	5	145	#
1893	1382	6	145	#
1894	1382	7	145	#
1895	1382	8	145	#
1896	1382	9	145	#
1897	1382	10	145	#
1898	1382	11	145	#
1899	1266	12	145	#
1900	894	13	145	#
1901	894	14	145	#
1902	894	15	145	#
1903	894	16	145	#
1904	894	17	145	#
1905	844	18	145	#
1906	760	19	145	#
1907	760	20	145	#
1908	661	21	145	#
1909	661	22	145	#
1910	661	23	145	#
1911	633	24	145	#
1912	618	0	146	#
1913	618	1	146	#
1914	618	2	146	#
1915	618	3	146	#
1916	81	4	146	#
1917	81	5	146	#
1918	81	6	146	#
1919	81	7	146	#
1920	81	8	146	#
1921	81	9	146	#
1922	81	10	146	#
1923	81	11	146	#
1924	81	12	146	#
1925	81	13	146	#
1926	81	14	146	#
1927	81	15	146	#
1928	81	16	146	#
1929	81	17	146	#
1930	81	18	146	#
1931	81	19	146	#
1932	81	20	146	#
1933	81	21	146	#
1934	81	22	146	#
1935	81	23	146	#
1936	8725	0	1	2	3	4	147	#
1937	3490	1	2	3	4	5	147	#
1938	3490	2	3	4	5	6	147	#
1939	3490	3	4	5	6	7	147	#
1940	3490	4	5	6	7	8	147	#
1941	3490	5	6	7	8	9	147	#
1942	3490	6	7	8	9	10	147	#
1943	1939	7	8	9	10	11	147	#
1944	1939	8	9	10	11	12	147	#
1945	1939	9	10	11	12	13	147	#
1946	1939	10	11	12	13	14	147	#
1947	1939	11	12	13	14	15	147	#
1948	1939	12	13	14	15	16	147	#
1949	1939	13	14	15	16	17	147	#
1950	1939	14	15	16	17	18	147	#
1951	1662	15	16	17	18	19	147	#
1952	1662	16	17	18	19	20	147	#
1953	1662	17	18	19	20	21	147	#
1954	1586	18	19	20	21	22	147	#
1955	1454	19	20	21	22	23	147	#
1956	1454	20	21	22	23	24	147	#
1957	2737	9	10	11	148	#
1958	2737	1	2	3	148	#
1959	2737	2	3	4	148	#
1960	2737	3	4	5	148	#
1961	2737	4	5	6	148	#
1962	2737	5	6	7	148	#
1963	2737	6	7	8	148	#
1964	2737	7	8	9	148	#
1965	2737	8	9	10	148	#
1966	19070	0	1	2	3	4	5	6	7	8	9	149	#
1967	19070	1	2	3	4	5	6	7	8	9	10	149	#
1968	19070	2	3	4	5	6	7	8	9	10	11	149	#
1969	19070	3	4	5	6	7	8	9	10	11	12	149	#
1970	19070	4	5	6	7	8	9	10	11	12	13	149	#
1971	19070	5	6	7	8	9	10	11	12	13	14	149	#
1972	19070	6	7	8	9	10	11	12	13	14	15	149	#
1973	19070	7	8	9	10	11	12	13	14	15	16	149	#
1974	15256	8	9	10	11	12	13	14	15	16	17	149	#
1975	15256	9	10	11	12	13	14	15	16	17	18	149	#
1976	15256	10	11	12	13	14	15	16	17	18	19	149	#
1977	15256	11	12	13	14	15	16	17	18	19	20	149	#
1978	14530	12	13	14	15	16	17	18	19	20	21	149	#
1979	12713	13	14	15	16	17	18	19	20	21	22	149	#
1980	12713	14	15	16	17	18	19	20	21	22	23	149	#
1981	12713	15	16	17	18	19	20	21	22	23	24	149	#
1982	13977	0	1	2	3	4	5	6	7	150	#
1983	13977	1	2	3	4	5	6	7	8	150	#
1984	13977	2	3	4	5	6	7	8	9	150	#
1985	13977	3	4	5	6	7	8	9	10	150	#
1986	13977	4	5	6	7	8	9	10	11	150	#
1987	13977	5	6	7	8	9	10	11	12	150	#
1988	13977	6	7	8	9	10	11	12	13	150	#
1989	13977	7	8	9	10	11	12	13	14	150	#
1990	13977	8	9	10	11	12	13	14	15	150	#
1991	13977	9	10	11	12	13	14	15	16	150	#
1992	13977	10	11	12	13	14	15	16	17	150	#
1993	13977	11	12	13	14	15	16	17	18	150	#
1994	11435	12	13	14	15	16	17	18	19	150	#
1995	11435	13	14	15	16	17	18	19	20	150	#
1996	11435	14	15	16	17	18	19	20	21	150	#
1997	11435	15	16	17	18	19	20	21	22	150	#
1998	995	23	24	151	#
1999	1991	1	2	151	#
2000	1991	2	3	151	#
2001	1991	3	4	151	#
2002	1991	4	5	151	#
2003	1991	5	6	151	#
2004	1991	6	7	151	#
2005	1991	7	8	151	#
2006	1991	8	9	151	#
2007	1991	9	10	151	#
2008	1991	10	11	151	#
2009	1991	11	12	151	#
2010	1039	12	13	151	#
2011	1039	13	14	151	#
2012	1039	14	15	151	#
2013	1039	15	16	151	#
2014	1039	16	17	151	#
2015	1039	17	18	151	#
2016	1039	18	19	151	#
2017	1039	19	20	151	#
2018	1039	20	21	151	#
2019	1039	21	22	151	#
2020	1039	22	23	151	#
