%% File generated by CATS v.2.1Mon Aug 19 20:45:48 2019

%% The CATS webpage is http://robotics.stanford.edu/CATS

%% PARAMETER SETTINGS:
% Goods: 25; Bids: 1000; Distribution: scheduling; Runs: 10; Seed: 1566267568
% Scheduling Distribution Parameters:
% max_length                = 10
% deviation                 = 0.500000
% prob_additional_deadline  = 0.700000
% additivity                = 0.200000



goods 25
bids 1007
dummy 71

0	1478	22	23	24	95	#
1	8854	1	2	3	4	5	25	#
2	8854	2	3	4	5	6	25	#
3	8854	3	4	5	6	7	25	#
4	8854	4	5	6	7	8	25	#
5	8854	5	6	7	8	9	25	#
6	9221	0	1	2	3	4	5	6	7	8	9	26	#
7	9221	1	2	3	4	5	6	7	8	9	10	26	#
8	9221	2	3	4	5	6	7	8	9	10	11	26	#
9	9221	3	4	5	6	7	8	9	10	11	12	26	#
10	9221	4	5	6	7	8	9	10	11	12	13	26	#
11	9221	5	6	7	8	9	10	11	12	13	14	26	#
12	6455	6	7	8	9	10	11	12	13	14	15	26	#
13	6455	7	8	9	10	11	12	13	14	15	16	26	#
14	6455	8	9	10	11	12	13	14	15	16	17	26	#
15	6455	9	10	11	12	13	14	15	16	17	18	26	#
16	6455	10	11	12	13	14	15	16	17	18	19	26	#
17	6455	11	12	13	14	15	16	17	18	19	20	26	#
18	5379	12	13	14	15	16	17	18	19	20	21	26	#
19	5379	13	14	15	16	17	18	19	20	21	22	26	#
20	5379	14	15	16	17	18	19	20	21	22	23	26	#
21	5379	15	16	17	18	19	20	21	22	23	24	26	#
22	18787	0	1	2	3	4	5	6	7	8	27	#
23	18787	1	2	3	4	5	6	7	8	9	27	#
24	18787	2	3	4	5	6	7	8	9	10	27	#
25	18787	3	4	5	6	7	8	9	10	11	27	#
26	18787	4	5	6	7	8	9	10	11	12	27	#
27	18787	5	6	7	8	9	10	11	12	13	27	#
28	18787	6	7	8	9	10	11	12	13	14	27	#
29	18787	7	8	9	10	11	12	13	14	15	27	#
30	18787	8	9	10	11	12	13	14	15	16	27	#
31	18787	9	10	11	12	13	14	15	16	17	27	#
32	18787	10	11	12	13	14	15	16	17	18	27	#
33	18787	11	12	13	14	15	16	17	18	19	27	#
34	18787	12	13	14	15	16	17	18	19	20	27	#
35	18787	13	14	15	16	17	18	19	20	21	27	#
36	18787	14	15	16	17	18	19	20	21	22	27	#
37	2830	0	1	2	28	#
38	2830	1	2	3	28	#
39	2830	2	3	4	28	#
40	2830	3	4	5	28	#
41	2830	4	5	6	28	#
42	2830	5	6	7	28	#
43	2830	6	7	8	28	#
44	2830	7	8	9	28	#
45	2830	8	9	10	28	#
46	2830	9	10	11	28	#
47	2830	10	11	12	28	#
48	2264	11	12	13	28	#
49	2264	12	13	14	28	#
50	2264	13	14	15	28	#
51	11353	0	1	2	3	4	5	6	7	8	9	29	#
52	11353	1	2	3	4	5	6	7	8	9	10	29	#
53	11353	2	3	4	5	6	7	8	9	10	11	29	#
54	11353	3	4	5	6	7	8	9	10	11	12	29	#
55	11353	4	5	6	7	8	9	10	11	12	13	29	#
56	11353	5	6	7	8	9	10	11	12	13	14	29	#
57	11353	6	7	8	9	10	11	12	13	14	15	29	#
58	11353	7	8	9	10	11	12	13	14	15	16	29	#
59	9229	0	1	2	3	4	5	6	7	8	30	#
60	9229	1	2	3	4	5	6	7	8	9	30	#
61	9229	2	3	4	5	6	7	8	9	10	30	#
62	9229	3	4	5	6	7	8	9	10	11	30	#
63	9229	4	5	6	7	8	9	10	11	12	30	#
64	9229	5	6	7	8	9	10	11	12	13	30	#
65	6314	6	7	8	9	10	11	12	13	14	30	#
66	6314	7	8	9	10	11	12	13	14	15	30	#
67	6314	8	9	10	11	12	13	14	15	16	30	#
68	6314	9	10	11	12	13	14	15	16	17	30	#
69	6314	10	11	12	13	14	15	16	17	18	30	#
70	6314	11	12	13	14	15	16	17	18	19	30	#
71	5713	12	13	14	15	16	17	18	19	20	30	#
72	5713	13	14	15	16	17	18	19	20	21	30	#
73	5453	14	15	16	17	18	19	20	21	22	30	#
74	4999	15	16	17	18	19	20	21	22	23	30	#
75	4999	16	17	18	19	20	21	22	23	24	30	#
76	14744	0	1	2	3	4	5	6	7	31	#
77	14744	1	2	3	4	5	6	7	8	31	#
78	14744	2	3	4	5	6	7	8	9	31	#
79	16309	0	1	2	3	4	5	6	7	32	#
80	16309	1	2	3	4	5	6	7	8	32	#
81	16309	2	3	4	5	6	7	8	9	32	#
82	16309	3	4	5	6	7	8	9	10	32	#
83	16309	4	5	6	7	8	9	10	11	32	#
84	16309	5	6	7	8	9	10	11	12	32	#
85	16309	6	7	8	9	10	11	12	13	32	#
86	1543	21	22	23	95	#
87	4176	1	2	3	4	5	33	#
88	4176	2	3	4	5	6	33	#
89	4176	3	4	5	6	7	33	#
90	4176	4	5	6	7	8	33	#
91	4176	5	6	7	8	9	33	#
92	1543	20	21	22	95	#
93	6350	1	2	3	4	5	6	7	34	#
94	6350	2	3	4	5	6	7	8	34	#
95	6350	3	4	5	6	7	8	9	34	#
96	6350	4	5	6	7	8	9	10	34	#
97	2646	5	6	7	8	9	10	11	34	#
98	2646	6	7	8	9	10	11	12	34	#
99	2646	7	8	9	10	11	12	13	34	#
100	2646	8	9	10	11	12	13	14	34	#
101	2646	9	10	11	12	13	14	15	34	#
102	2646	10	11	12	13	14	15	16	34	#
103	2646	11	12	13	14	15	16	17	34	#
104	2646	12	13	14	15	16	17	18	34	#
105	2646	13	14	15	16	17	18	19	34	#
106	2646	14	15	16	17	18	19	20	34	#
107	2646	15	16	17	18	19	20	21	34	#
108	2646	16	17	18	19	20	21	22	34	#
109	2646	17	18	19	20	21	22	23	34	#
110	2646	18	19	20	21	22	23	24	34	#
111	1543	19	20	21	95	#
112	6488	1	2	3	4	5	6	35	#
113	6488	2	3	4	5	6	7	35	#
114	6488	3	4	5	6	7	8	35	#
115	6488	4	5	6	7	8	9	35	#
116	6488	5	6	7	8	9	10	35	#
117	6488	6	7	8	9	10	11	35	#
118	6488	7	8	9	10	11	12	35	#
119	6488	8	9	10	11	12	13	35	#
120	6488	9	10	11	12	13	14	35	#
121	6488	10	11	12	13	14	15	35	#
122	6488	11	12	13	14	15	16	35	#
123	6488	12	13	14	15	16	17	35	#
124	5805	13	14	15	16	17	18	35	#
125	5805	14	15	16	17	18	19	35	#
126	5013	15	16	17	18	19	20	35	#
127	5013	16	17	18	19	20	21	35	#
128	5013	17	18	19	20	21	22	35	#
129	1173	0	1	36	#
130	1173	1	2	36	#
131	1173	2	3	36	#
132	271	3	4	36	#
133	271	4	5	36	#
134	271	5	6	36	#
135	271	6	7	36	#
136	271	7	8	36	#
137	271	8	9	36	#
138	271	9	10	36	#
139	271	10	11	36	#
140	271	11	12	36	#
141	271	12	13	36	#
142	4371	0	1	2	37	#
143	4371	1	2	3	37	#
144	9454	0	1	2	3	4	5	38	#
145	9454	1	2	3	4	5	6	38	#
146	9454	2	3	4	5	6	7	38	#
147	18222	0	1	2	3	4	5	6	7	8	39	#
148	18222	1	2	3	4	5	6	7	8	9	39	#
149	18222	2	3	4	5	6	7	8	9	10	39	#
150	18222	3	4	5	6	7	8	9	10	11	39	#
151	18222	4	5	6	7	8	9	10	11	12	39	#
152	18222	5	6	7	8	9	10	11	12	13	39	#
153	18222	6	7	8	9	10	11	12	13	14	39	#
154	13427	7	8	9	10	11	12	13	14	15	39	#
155	13427	8	9	10	11	12	13	14	15	16	39	#
156	13427	9	10	11	12	13	14	15	16	17	39	#
157	13427	10	11	12	13	14	15	16	17	18	39	#
158	13427	11	12	13	14	15	16	17	18	19	39	#
159	17458	0	1	2	3	4	5	6	7	8	9	40	#
160	17458	1	2	3	4	5	6	7	8	9	10	40	#
161	17458	2	3	4	5	6	7	8	9	10	11	40	#
162	17458	3	4	5	6	7	8	9	10	11	12	40	#
163	17458	4	5	6	7	8	9	10	11	12	13	40	#
164	17458	5	6	7	8	9	10	11	12	13	14	40	#
165	10184	6	7	8	9	10	11	12	13	14	15	40	#
166	10184	7	8	9	10	11	12	13	14	15	16	40	#
167	10184	8	9	10	11	12	13	14	15	16	17	40	#
168	10184	9	10	11	12	13	14	15	16	17	18	40	#
169	10184	10	11	12	13	14	15	16	17	18	19	40	#
170	10184	11	12	13	14	15	16	17	18	19	20	40	#
171	10184	12	13	14	15	16	17	18	19	20	21	40	#
172	10184	13	14	15	16	17	18	19	20	21	22	40	#
173	10184	14	15	16	17	18	19	20	21	22	23	40	#
174	10184	15	16	17	18	19	20	21	22	23	24	40	#
175	1774	18	19	20	95	#
176	3095	1	2	3	4	5	41	#
177	3095	2	3	4	5	6	41	#
178	3095	3	4	5	6	7	41	#
179	3095	4	5	6	7	8	41	#
180	3095	5	6	7	8	9	41	#
181	3095	6	7	8	9	10	41	#
182	2380	7	8	9	10	11	41	#
183	2380	8	9	10	11	12	41	#
184	2380	9	10	11	12	13	41	#
185	1934	10	11	12	13	14	41	#
186	1934	11	12	13	14	15	41	#
187	1934	12	13	14	15	16	41	#
188	6575	0	1	2	3	42	#
189	6575	1	2	3	4	42	#
190	6575	2	3	4	5	42	#
191	20925	0	1	2	3	4	5	6	7	8	9	43	#
192	20925	1	2	3	4	5	6	7	8	9	10	43	#
193	20925	2	3	4	5	6	7	8	9	10	11	43	#
194	20925	3	4	5	6	7	8	9	10	11	12	43	#
195	20925	4	5	6	7	8	9	10	11	12	13	43	#
196	20925	5	6	7	8	9	10	11	12	13	14	43	#
197	20925	6	7	8	9	10	11	12	13	14	15	43	#
198	14946	7	8	9	10	11	12	13	14	15	16	43	#
199	14946	8	9	10	11	12	13	14	15	16	17	43	#
200	14946	9	10	11	12	13	14	15	16	17	18	43	#
201	14946	10	11	12	13	14	15	16	17	18	19	43	#
202	14946	11	12	13	14	15	16	17	18	19	20	43	#
203	14946	12	13	14	15	16	17	18	19	20	21	43	#
204	13647	13	14	15	16	17	18	19	20	21	22	43	#
205	13647	14	15	16	17	18	19	20	21	22	23	43	#
206	13078	15	16	17	18	19	20	21	22	23	24	43	#
207	5736	0	1	2	3	44	#
208	5736	1	2	3	4	44	#
209	5736	2	3	4	5	44	#
210	5736	3	4	5	6	44	#
211	5736	4	5	6	7	44	#
212	5736	5	6	7	8	44	#
213	5736	6	7	8	9	44	#
214	5736	7	8	9	10	44	#
215	5736	8	9	10	11	44	#
216	5736	9	10	11	12	44	#
217	5295	10	11	12	13	44	#
218	851	0	45	#
219	851	1	45	#
220	851	2	45	#
221	851	3	45	#
222	851	4	45	#
223	851	5	45	#
224	851	6	45	#
225	851	7	45	#
226	851	8	45	#
227	851	9	45	#
228	851	10	45	#
229	851	11	45	#
230	585	12	45	#
231	585	13	45	#
232	585	14	45	#
233	585	15	45	#
234	585	16	45	#
235	18648	0	1	2	3	4	5	6	7	8	46	#
236	18648	1	2	3	4	5	6	7	8	9	46	#
237	18648	2	3	4	5	6	7	8	9	10	46	#
238	18648	3	4	5	6	7	8	9	10	11	46	#
239	18648	4	5	6	7	8	9	10	11	12	46	#
240	18648	5	6	7	8	9	10	11	12	13	46	#
241	18648	6	7	8	9	10	11	12	13	14	46	#
242	18648	7	8	9	10	11	12	13	14	15	46	#
243	18648	8	9	10	11	12	13	14	15	16	46	#
244	18648	9	10	11	12	13	14	15	16	17	46	#
245	18648	10	11	12	13	14	15	16	17	18	46	#
246	1867	17	18	19	95	#
247	8329	1	2	3	4	5	6	7	8	47	#
248	8329	2	3	4	5	6	7	8	9	47	#
249	8329	3	4	5	6	7	8	9	10	47	#
250	8329	4	5	6	7	8	9	10	11	47	#
251	8329	5	6	7	8	9	10	11	12	47	#
252	8329	6	7	8	9	10	11	12	13	47	#
253	8329	7	8	9	10	11	12	13	14	47	#
254	1867	16	17	18	95	#
255	8622	1	2	3	4	5	6	7	48	#
256	8622	2	3	4	5	6	7	8	48	#
257	8622	3	4	5	6	7	8	9	48	#
258	8622	4	5	6	7	8	9	10	48	#
259	8622	5	6	7	8	9	10	11	48	#
260	8622	6	7	8	9	10	11	12	48	#
261	8622	7	8	9	10	11	12	13	48	#
262	8622	8	9	10	11	12	13	14	48	#
263	8622	9	10	11	12	13	14	15	48	#
264	8622	10	11	12	13	14	15	16	48	#
265	8622	11	12	13	14	15	16	17	48	#
266	8622	12	13	14	15	16	17	18	48	#
267	8622	13	14	15	16	17	18	19	48	#
268	8622	14	15	16	17	18	19	20	48	#
269	8622	15	16	17	18	19	20	21	48	#
270	8622	16	17	18	19	20	21	22	48	#
271	8622	17	18	19	20	21	22	23	48	#
272	8263	18	19	20	21	22	23	24	48	#
273	4880	0	1	2	3	49	#
274	4880	1	2	3	4	49	#
275	4880	2	3	4	5	49	#
276	4880	3	4	5	6	49	#
277	14109	0	1	2	3	4	5	6	7	50	#
278	14109	1	2	3	4	5	6	7	8	50	#
279	14109	2	3	4	5	6	7	8	9	50	#
280	14109	3	4	5	6	7	8	9	10	50	#
281	14109	4	5	6	7	8	9	10	11	50	#
282	14109	5	6	7	8	9	10	11	12	50	#
283	14109	6	7	8	9	10	11	12	13	50	#
284	14109	7	8	9	10	11	12	13	14	50	#
285	14109	8	9	10	11	12	13	14	15	50	#
286	14109	9	10	11	12	13	14	15	16	50	#
287	14109	10	11	12	13	14	15	16	17	50	#
288	14109	11	12	13	14	15	16	17	18	50	#
289	14109	12	13	14	15	16	17	18	19	50	#
290	14109	13	14	15	16	17	18	19	20	50	#
291	14109	14	15	16	17	18	19	20	21	50	#
292	14109	15	16	17	18	19	20	21	22	50	#
293	12933	16	17	18	19	20	21	22	23	50	#
294	12933	17	18	19	20	21	22	23	24	50	#
295	6517	0	1	2	3	51	#
296	6517	1	2	3	4	51	#
297	6517	2	3	4	5	51	#
298	6517	3	4	5	6	51	#
299	6517	4	5	6	7	51	#
300	6517	5	6	7	8	51	#
301	6517	6	7	8	9	51	#
302	6517	7	8	9	10	51	#
303	6517	8	9	10	11	51	#
304	6517	9	10	11	12	51	#
305	6517	10	11	12	13	51	#
306	6517	11	12	13	14	51	#
307	6517	12	13	14	15	51	#
308	6517	13	14	15	16	51	#
309	6517	14	15	16	17	51	#
310	6517	15	16	17	18	51	#
311	6517	16	17	18	19	51	#
312	6517	17	18	19	20	51	#
313	6207	18	19	20	21	51	#
314	12685	0	1	2	3	4	5	52	#
315	12685	1	2	3	4	5	6	52	#
316	12685	2	3	4	5	6	7	52	#
317	12685	3	4	5	6	7	8	52	#
318	12685	4	5	6	7	8	9	52	#
319	12685	5	6	7	8	9	10	52	#
320	12685	6	7	8	9	10	11	52	#
321	12685	7	8	9	10	11	12	52	#
322	11709	8	9	10	11	12	13	52	#
323	1004	0	53	#
324	1004	1	53	#
325	1004	2	53	#
326	1004	3	53	#
327	1004	4	53	#
328	1004	5	53	#
329	1004	6	53	#
330	1004	7	53	#
331	1004	8	53	#
332	1004	9	53	#
333	1004	10	53	#
334	502	11	53	#
335	502	12	53	#
336	502	13	53	#
337	502	14	53	#
338	502	15	53	#
339	502	16	53	#
340	502	17	53	#
341	502	18	53	#
342	502	19	53	#
343	502	20	53	#
344	478	21	53	#
345	1867	15	16	17	95	#
346	8095	1	2	3	4	5	6	7	8	54	#
347	8095	2	3	4	5	6	7	8	9	54	#
348	8095	3	4	5	6	7	8	9	10	54	#
349	8095	4	5	6	7	8	9	10	11	54	#
350	8095	5	6	7	8	9	10	11	12	54	#
351	8095	6	7	8	9	10	11	12	13	54	#
352	8095	7	8	9	10	11	12	13	14	54	#
353	8095	8	9	10	11	12	13	14	15	54	#
354	8095	9	10	11	12	13	14	15	16	54	#
355	7195	10	11	12	13	14	15	16	17	54	#
356	7195	11	12	13	14	15	16	17	18	54	#
357	6167	12	13	14	15	16	17	18	19	54	#
358	6167	13	14	15	16	17	18	19	20	54	#
359	6167	14	15	16	17	18	19	20	21	54	#
360	5887	15	16	17	18	19	20	21	22	54	#
361	5396	16	17	18	19	20	21	22	23	54	#
362	5396	17	18	19	20	21	22	23	24	54	#
363	4683	0	1	2	3	55	#
364	4683	1	2	3	4	55	#
365	4683	2	3	4	5	55	#
366	4683	3	4	5	6	55	#
367	4683	4	5	6	7	55	#
368	4683	5	6	7	8	55	#
369	4683	6	7	8	9	55	#
370	4683	7	8	9	10	55	#
371	4683	8	9	10	11	55	#
372	4683	9	10	11	12	55	#
373	4683	10	11	12	13	55	#
374	4683	11	12	13	14	55	#
375	4683	12	13	14	15	55	#
376	4683	13	14	15	16	55	#
377	4683	14	15	16	17	55	#
378	4683	15	16	17	18	55	#
379	4683	16	17	18	19	55	#
380	4683	17	18	19	20	55	#
381	4683	18	19	20	21	55	#
382	4683	19	20	21	22	55	#
383	4683	20	21	22	23	55	#
384	4683	21	22	23	24	55	#
385	15800	0	1	2	3	4	5	6	7	8	56	#
386	15800	1	2	3	4	5	6	7	8	9	56	#
387	15800	2	3	4	5	6	7	8	9	10	56	#
388	15800	3	4	5	6	7	8	9	10	11	56	#
389	15800	4	5	6	7	8	9	10	11	12	56	#
390	15800	5	6	7	8	9	10	11	12	13	56	#
391	15800	6	7	8	9	10	11	12	13	14	56	#
392	15800	7	8	9	10	11	12	13	14	15	56	#
393	15800	8	9	10	11	12	13	14	15	16	56	#
394	15800	9	10	11	12	13	14	15	16	17	56	#
395	10418	0	1	2	3	4	5	57	#
396	10418	1	2	3	4	5	6	57	#
397	10418	2	3	4	5	6	7	57	#
398	10418	3	4	5	6	7	8	57	#
399	10418	4	5	6	7	8	9	57	#
400	10418	5	6	7	8	9	10	57	#
401	10418	6	7	8	9	10	11	57	#
402	10418	7	8	9	10	11	12	57	#
403	10418	8	9	10	11	12	13	57	#
404	10418	9	10	11	12	13	14	57	#
405	10418	10	11	12	13	14	15	57	#
406	10418	11	12	13	14	15	16	57	#
407	10418	12	13	14	15	16	17	57	#
408	10418	13	14	15	16	17	18	57	#
409	10418	14	15	16	17	18	19	57	#
410	10418	15	16	17	18	19	20	57	#
411	10418	16	17	18	19	20	21	57	#
412	10418	17	18	19	20	21	22	57	#
413	10418	18	19	20	21	22	23	57	#
414	10418	19	20	21	22	23	24	57	#
415	10982	0	1	2	3	4	5	6	58	#
416	10982	1	2	3	4	5	6	7	58	#
417	10982	2	3	4	5	6	7	8	58	#
418	10982	3	4	5	6	7	8	9	58	#
419	10982	4	5	6	7	8	9	10	58	#
420	10982	5	6	7	8	9	10	11	58	#
421	10982	6	7	8	9	10	11	12	58	#
422	10982	7	8	9	10	11	12	13	58	#
423	10982	8	9	10	11	12	13	14	58	#
424	10982	9	10	11	12	13	14	15	58	#
425	10982	10	11	12	13	14	15	16	58	#
426	10982	11	12	13	14	15	16	17	58	#
427	10982	12	13	14	15	16	17	18	58	#
428	10982	13	14	15	16	17	18	19	58	#
429	10982	14	15	16	17	18	19	20	58	#
430	10459	15	16	17	18	19	20	21	58	#
431	1867	14	15	16	95	#
432	8691	1	2	3	4	5	6	59	#
433	8691	2	3	4	5	6	7	59	#
434	8691	3	4	5	6	7	8	59	#
435	8691	4	5	6	7	8	9	59	#
436	8691	5	6	7	8	9	10	59	#
437	5432	6	7	8	9	10	11	59	#
438	5432	7	8	9	10	11	12	59	#
439	5432	8	9	10	11	12	13	59	#
440	5432	9	10	11	12	13	14	59	#
441	5432	10	11	12	13	14	15	59	#
442	5432	11	12	13	14	15	16	59	#
443	3291	0	1	60	#
444	3291	1	2	60	#
445	3291	2	3	60	#
446	3291	3	4	60	#
447	3291	4	5	60	#
448	3291	5	6	60	#
449	3291	6	7	60	#
450	3291	7	8	60	#
451	3291	8	9	60	#
452	3291	9	10	60	#
453	3291	10	11	60	#
454	3291	11	12	60	#
455	3291	12	13	60	#
456	3291	13	14	60	#
457	3291	14	15	60	#
458	3291	15	16	60	#
459	3291	16	17	60	#
460	3291	17	18	60	#
461	3291	18	19	60	#
462	2842	19	20	60	#
463	2842	20	21	60	#
464	2842	21	22	60	#
465	13214	0	1	2	3	4	5	6	7	61	#
466	13214	1	2	3	4	5	6	7	8	61	#
467	13214	2	3	4	5	6	7	8	9	61	#
468	13214	3	4	5	6	7	8	9	10	61	#
469	13214	4	5	6	7	8	9	10	11	61	#
470	13214	5	6	7	8	9	10	11	12	61	#
471	13214	6	7	8	9	10	11	12	13	61	#
472	13214	7	8	9	10	11	12	13	14	61	#
473	13214	8	9	10	11	12	13	14	15	61	#
474	13214	9	10	11	12	13	14	15	16	61	#
475	13214	10	11	12	13	14	15	16	17	61	#
476	9723	0	1	2	3	4	62	#
477	9723	1	2	3	4	5	62	#
478	9723	2	3	4	5	6	62	#
479	9723	3	4	5	6	7	62	#
480	9723	4	5	6	7	8	62	#
481	9723	5	6	7	8	9	62	#
482	9723	6	7	8	9	10	62	#
483	9723	7	8	9	10	11	62	#
484	9723	8	9	10	11	12	62	#
485	9723	9	10	11	12	13	62	#
486	9723	10	11	12	13	14	62	#
487	9723	11	12	13	14	15	62	#
488	9723	12	13	14	15	16	62	#
489	9723	13	14	15	16	17	62	#
490	7514	14	15	16	17	18	62	#
491	7514	15	16	17	18	19	62	#
492	7514	16	17	18	19	20	62	#
493	7514	17	18	19	20	21	62	#
494	7514	18	19	20	21	22	62	#
495	6887	19	20	21	22	23	62	#
496	6887	20	21	22	23	24	62	#
497	5113	0	1	2	3	63	#
498	5113	1	2	3	4	63	#
499	5113	2	3	4	5	63	#
500	5113	3	4	5	6	63	#
501	5113	4	5	6	7	63	#
502	5113	5	6	7	8	63	#
503	5113	6	7	8	9	63	#
504	5113	7	8	9	10	63	#
505	5113	8	9	10	11	63	#
506	5113	9	10	11	12	63	#
507	5113	10	11	12	13	63	#
508	5113	11	12	13	14	63	#
509	5113	12	13	14	15	63	#
510	5113	13	14	15	16	63	#
511	5113	14	15	16	17	63	#
512	5113	15	16	17	18	63	#
513	5113	16	17	18	19	63	#
514	5113	17	18	19	20	63	#
515	5113	18	19	20	21	63	#
516	4881	19	20	21	22	63	#
517	4669	20	21	22	23	63	#
518	20506	0	1	2	3	4	5	6	7	8	9	64	#
519	20506	1	2	3	4	5	6	7	8	9	10	64	#
520	20506	2	3	4	5	6	7	8	9	10	11	64	#
521	20506	3	4	5	6	7	8	9	10	11	12	64	#
522	20506	4	5	6	7	8	9	10	11	12	13	64	#
523	20506	5	6	7	8	9	10	11	12	13	14	64	#
524	20506	6	7	8	9	10	11	12	13	14	15	64	#
525	20506	7	8	9	10	11	12	13	14	15	16	64	#
526	20506	8	9	10	11	12	13	14	15	16	17	64	#
527	20506	9	10	11	12	13	14	15	16	17	18	64	#
528	20506	10	11	12	13	14	15	16	17	18	19	64	#
529	20506	11	12	13	14	15	16	17	18	19	20	64	#
530	20506	12	13	14	15	16	17	18	19	20	21	64	#
531	1867	13	14	15	95	#
532	1368	1	2	3	4	5	65	#
533	1368	2	3	4	5	6	65	#
534	1368	3	4	5	6	7	65	#
535	1368	4	5	6	7	8	65	#
536	1368	5	6	7	8	9	65	#
537	1368	6	7	8	9	10	65	#
538	1368	7	8	9	10	11	65	#
539	1368	8	9	10	11	12	65	#
540	1368	9	10	11	12	13	65	#
541	1368	10	11	12	13	14	65	#
542	1368	11	12	13	14	15	65	#
543	1368	12	13	14	15	16	65	#
544	1368	13	14	15	16	17	65	#
545	1108	14	15	16	17	18	65	#
546	1108	15	16	17	18	19	65	#
547	1108	16	17	18	19	20	65	#
548	1108	17	18	19	20	21	65	#
549	1057	18	19	20	21	22	65	#
550	3821	0	1	2	3	66	#
551	3821	1	2	3	4	66	#
552	3821	2	3	4	5	66	#
553	3821	3	4	5	6	66	#
554	15100	0	1	2	3	4	5	6	7	67	#
555	15100	1	2	3	4	5	6	7	8	67	#
556	15100	2	3	4	5	6	7	8	9	67	#
557	15100	3	4	5	6	7	8	9	10	67	#
558	15100	4	5	6	7	8	9	10	11	67	#
559	15100	5	6	7	8	9	10	11	12	67	#
560	12943	6	7	8	9	10	11	12	13	67	#
561	12943	7	8	9	10	11	12	13	14	67	#
562	11778	0	1	2	3	4	5	6	7	68	#
563	11778	1	2	3	4	5	6	7	8	68	#
564	11778	2	3	4	5	6	7	8	9	68	#
565	11778	3	4	5	6	7	8	9	10	68	#
566	11778	4	5	6	7	8	9	10	11	68	#
567	11778	5	6	7	8	9	10	11	12	68	#
568	6145	6	7	8	9	10	11	12	13	68	#
569	6145	7	8	9	10	11	12	13	14	68	#
570	6145	8	9	10	11	12	13	14	15	68	#
571	6145	9	10	11	12	13	14	15	16	68	#
572	6145	10	11	12	13	14	15	16	17	68	#
573	6145	11	12	13	14	15	16	17	18	68	#
574	6145	12	13	14	15	16	17	18	19	68	#
575	6145	13	14	15	16	17	18	19	20	68	#
576	6145	14	15	16	17	18	19	20	21	68	#
577	6145	15	16	17	18	19	20	21	22	68	#
578	6145	16	17	18	19	20	21	22	23	68	#
579	5889	17	18	19	20	21	22	23	24	68	#
580	13101	0	1	2	3	4	5	6	69	#
581	13101	1	2	3	4	5	6	7	69	#
582	13101	2	3	4	5	6	7	8	69	#
583	13101	3	4	5	6	7	8	9	69	#
584	13101	4	5	6	7	8	9	10	69	#
585	13101	5	6	7	8	9	10	11	69	#
586	13101	6	7	8	9	10	11	12	69	#
587	13101	7	8	9	10	11	12	13	69	#
588	13101	8	9	10	11	12	13	14	69	#
589	13101	9	10	11	12	13	14	15	69	#
590	13101	10	11	12	13	14	15	16	69	#
591	13101	11	12	13	14	15	16	17	69	#
592	12373	12	13	14	15	16	17	18	69	#
593	5842	0	1	2	3	70	#
594	5842	1	2	3	4	70	#
595	5842	2	3	4	5	70	#
596	5842	3	4	5	6	70	#
597	5842	4	5	6	7	70	#
598	4886	0	1	2	71	#
599	4886	1	2	3	71	#
600	4886	2	3	4	71	#
601	4886	3	4	5	71	#
602	4886	4	5	6	71	#
603	4886	5	6	7	71	#
604	4886	6	7	8	71	#
605	4886	7	8	9	71	#
606	4886	8	9	10	71	#
607	4886	9	10	11	71	#
608	4886	10	11	12	71	#
609	4886	11	12	13	71	#
610	4886	12	13	14	71	#
611	4275	13	14	15	71	#
612	4275	14	15	16	71	#
613	1867	12	13	14	95	#
614	4552	1	2	3	4	5	6	72	#
615	4552	2	3	4	5	6	7	72	#
616	4552	3	4	5	6	7	8	72	#
617	4552	4	5	6	7	8	9	72	#
618	4552	5	6	7	8	9	10	72	#
619	4552	6	7	8	9	10	11	72	#
620	4552	7	8	9	10	11	12	72	#
621	4552	8	9	10	11	12	13	72	#
622	4552	9	10	11	12	13	14	72	#
623	4552	10	11	12	13	14	15	72	#
624	3414	11	12	13	14	15	16	72	#
625	3414	12	13	14	15	16	17	72	#
626	3414	13	14	15	16	17	18	72	#
627	3414	14	15	16	17	18	19	72	#
628	3414	15	16	17	18	19	20	72	#
629	2845	16	17	18	19	20	21	72	#
630	2845	17	18	19	20	21	22	72	#
631	2845	18	19	20	21	22	23	72	#
632	2845	19	20	21	22	23	24	72	#
633	10433	0	1	2	3	4	5	6	7	73	#
634	10433	1	2	3	4	5	6	7	8	73	#
635	10433	2	3	4	5	6	7	8	9	73	#
636	4082	3	4	5	6	7	8	9	10	73	#
637	4082	4	5	6	7	8	9	10	11	73	#
638	4082	5	6	7	8	9	10	11	12	73	#
639	4082	6	7	8	9	10	11	12	13	73	#
640	4082	7	8	9	10	11	12	13	14	73	#
641	4082	8	9	10	11	12	13	14	15	73	#
642	4082	9	10	11	12	13	14	15	16	73	#
643	4082	10	11	12	13	14	15	16	17	73	#
644	4082	11	12	13	14	15	16	17	18	73	#
645	4082	12	13	14	15	16	17	18	19	73	#
646	4082	13	14	15	16	17	18	19	20	73	#
647	4082	14	15	16	17	18	19	20	21	73	#
648	4082	15	16	17	18	19	20	21	22	73	#
649	4082	16	17	18	19	20	21	22	23	73	#
650	3912	17	18	19	20	21	22	23	24	73	#
651	4175	0	1	2	74	#
652	4175	1	2	3	74	#
653	4175	2	3	4	74	#
654	4175	3	4	5	74	#
655	4175	4	5	6	74	#
656	4175	5	6	7	74	#
657	4175	6	7	8	74	#
658	4175	7	8	9	74	#
659	4175	8	9	10	74	#
660	4175	9	10	11	74	#
661	4175	10	11	12	74	#
662	2947	11	12	13	74	#
663	2947	12	13	14	74	#
664	2947	13	14	15	74	#
665	2947	14	15	16	74	#
666	2947	15	16	17	74	#
667	2784	16	17	18	74	#
668	2637	17	18	19	74	#
669	713	0	75	#
670	713	1	75	#
671	713	2	75	#
672	713	3	75	#
673	713	4	75	#
674	713	5	75	#
675	713	6	75	#
676	713	7	75	#
677	713	8	75	#
678	713	9	75	#
679	713	10	75	#
680	713	11	75	#
681	713	12	75	#
682	713	13	75	#
683	713	14	75	#
684	713	15	75	#
685	713	16	75	#
686	713	17	75	#
687	551	18	75	#
688	551	19	75	#
689	551	20	75	#
690	551	21	75	#
691	551	22	75	#
692	14641	0	1	2	3	4	5	6	7	76	#
693	14641	1	2	3	4	5	6	7	8	76	#
694	14641	2	3	4	5	6	7	8	9	76	#
695	14641	3	4	5	6	7	8	9	10	76	#
696	14641	4	5	6	7	8	9	10	11	76	#
697	14641	5	6	7	8	9	10	11	12	76	#
698	14641	6	7	8	9	10	11	12	13	76	#
699	10997	0	1	2	3	4	5	77	#
700	10997	1	2	3	4	5	6	77	#
701	10997	2	3	4	5	6	7	77	#
702	10997	3	4	5	6	7	8	77	#
703	10997	4	5	6	7	8	9	77	#
704	10997	5	6	7	8	9	10	77	#
705	10997	6	7	8	9	10	11	77	#
706	10997	7	8	9	10	11	12	77	#
707	10997	8	9	10	11	12	13	77	#
708	10997	9	10	11	12	13	14	77	#
709	10997	10	11	12	13	14	15	77	#
710	10997	11	12	13	14	15	16	77	#
711	10997	12	13	14	15	16	17	77	#
712	10997	13	14	15	16	17	18	77	#
713	2879	0	1	78	#
714	2879	1	2	78	#
715	2879	2	3	78	#
716	2879	3	4	78	#
717	2879	4	5	78	#
718	2879	5	6	78	#
719	2879	6	7	78	#
720	2879	7	8	78	#
721	2879	8	9	78	#
722	10516	0	1	2	3	4	5	79	#
723	10516	1	2	3	4	5	6	79	#
724	10516	2	3	4	5	6	7	79	#
725	10516	3	4	5	6	7	8	79	#
726	10516	4	5	6	7	8	9	79	#
727	10516	5	6	7	8	9	10	79	#
728	10516	6	7	8	9	10	11	79	#
729	8899	7	8	9	10	11	12	79	#
730	8899	8	9	10	11	12	13	79	#
731	5509	9	10	11	12	13	14	79	#
732	5509	10	11	12	13	14	15	79	#
733	5509	11	12	13	14	15	16	79	#
734	5509	12	13	14	15	16	17	79	#
735	5509	13	14	15	16	17	18	79	#
736	5509	14	15	16	17	18	19	79	#
737	5509	15	16	17	18	19	20	79	#
738	5509	16	17	18	19	20	21	79	#
739	4820	17	18	19	20	21	22	79	#
740	4820	18	19	20	21	22	23	79	#
741	4820	19	20	21	22	23	24	79	#
742	15714	0	1	2	3	4	5	6	7	8	80	#
743	15714	1	2	3	4	5	6	7	8	9	80	#
744	15714	2	3	4	5	6	7	8	9	10	80	#
745	15714	3	4	5	6	7	8	9	10	11	80	#
746	7516	4	5	6	7	8	9	10	11	12	80	#
747	7516	5	6	7	8	9	10	11	12	13	80	#
748	7516	6	7	8	9	10	11	12	13	14	80	#
749	7516	7	8	9	10	11	12	13	14	15	80	#
750	7516	8	9	10	11	12	13	14	15	16	80	#
751	7516	9	10	11	12	13	14	15	16	17	80	#
752	7516	10	11	12	13	14	15	16	17	18	80	#
753	7516	11	12	13	14	15	16	17	18	19	80	#
754	7516	12	13	14	15	16	17	18	19	20	80	#
755	7516	13	14	15	16	17	18	19	20	21	80	#
756	7516	14	15	16	17	18	19	20	21	22	80	#
757	7516	15	16	17	18	19	20	21	22	23	80	#
758	7202	16	17	18	19	20	21	22	23	24	80	#
759	12972	0	1	2	3	4	5	6	7	81	#
760	12972	1	2	3	4	5	6	7	8	81	#
761	12972	2	3	4	5	6	7	8	9	81	#
762	12972	3	4	5	6	7	8	9	10	81	#
763	12972	4	5	6	7	8	9	10	11	81	#
764	12972	5	6	7	8	9	10	11	12	81	#
765	12972	6	7	8	9	10	11	12	13	81	#
766	12972	7	8	9	10	11	12	13	14	81	#
767	12972	8	9	10	11	12	13	14	15	81	#
768	12972	9	10	11	12	13	14	15	16	81	#
769	12972	10	11	12	13	14	15	16	17	81	#
770	12972	11	12	13	14	15	16	17	18	81	#
771	12972	12	13	14	15	16	17	18	19	81	#
772	12972	13	14	15	16	17	18	19	20	81	#
773	12972	14	15	16	17	18	19	20	21	81	#
774	12972	15	16	17	18	19	20	21	22	81	#
775	12972	16	17	18	19	20	21	22	23	81	#
776	9604	0	1	2	3	4	5	6	82	#
777	3390	1	2	3	4	5	6	7	82	#
778	3390	2	3	4	5	6	7	8	82	#
779	3390	3	4	5	6	7	8	9	82	#
780	3390	4	5	6	7	8	9	10	82	#
781	3390	5	6	7	8	9	10	11	82	#
782	3390	6	7	8	9	10	11	12	82	#
783	3390	7	8	9	10	11	12	13	82	#
784	3390	8	9	10	11	12	13	14	82	#
785	3390	9	10	11	12	13	14	15	82	#
786	3390	10	11	12	13	14	15	16	82	#
787	3390	11	12	13	14	15	16	17	82	#
788	3033	12	13	14	15	16	17	18	82	#
789	3033	13	14	15	16	17	18	19	82	#
790	2881	14	15	16	17	18	19	20	82	#
791	1244	0	83	#
792	1244	1	83	#
793	1244	2	83	#
794	1244	3	83	#
795	1244	4	83	#
796	1244	5	83	#
797	1244	6	83	#
798	1244	7	83	#
799	1244	8	83	#
800	1244	9	83	#
801	1244	10	83	#
802	1244	11	83	#
803	1244	12	83	#
804	1244	13	83	#
805	1244	14	83	#
806	1244	15	83	#
807	1244	16	83	#
808	1244	17	83	#
809	1244	18	83	#
810	1244	19	83	#
811	1867	11	12	13	95	#
812	6751	1	2	3	4	5	6	7	8	84	#
813	6751	2	3	4	5	6	7	8	9	84	#
814	6751	3	4	5	6	7	8	9	10	84	#
815	6751	4	5	6	7	8	9	10	11	84	#
816	6751	5	6	7	8	9	10	11	12	84	#
817	6751	6	7	8	9	10	11	12	13	84	#
818	6751	7	8	9	10	11	12	13	14	84	#
819	6751	8	9	10	11	12	13	14	15	84	#
820	6751	9	10	11	12	13	14	15	16	84	#
821	6751	10	11	12	13	14	15	16	17	84	#
822	6751	11	12	13	14	15	16	17	18	84	#
823	6751	12	13	14	15	16	17	18	19	84	#
824	6751	13	14	15	16	17	18	19	20	84	#
825	6138	14	15	16	17	18	19	20	21	84	#
826	6138	15	16	17	18	19	20	21	22	84	#
827	5871	16	17	18	19	20	21	22	23	84	#
828	5626	17	18	19	20	21	22	23	24	84	#
829	1867	10	11	12	95	#
830	8916	1	2	3	4	5	6	85	#
831	8916	2	3	4	5	6	7	85	#
832	8916	3	4	5	6	7	8	85	#
833	8916	4	5	6	7	8	9	85	#
834	8916	5	6	7	8	9	10	85	#
835	8916	6	7	8	9	10	11	85	#
836	8916	7	8	9	10	11	12	85	#
837	8916	8	9	10	11	12	13	85	#
838	8916	9	10	11	12	13	14	85	#
839	8916	10	11	12	13	14	15	85	#
840	8916	11	12	13	14	15	16	85	#
841	8916	12	13	14	15	16	17	85	#
842	8916	13	14	15	16	17	18	85	#
843	8916	14	15	16	17	18	19	85	#
844	8916	15	16	17	18	19	20	85	#
845	8916	16	17	18	19	20	21	85	#
846	8916	17	18	19	20	21	22	85	#
847	8916	18	19	20	21	22	23	85	#
848	8916	19	20	21	22	23	24	85	#
849	4898	0	1	2	86	#
850	4898	1	2	3	86	#
851	4898	2	3	4	86	#
852	4898	3	4	5	86	#
853	4898	4	5	6	86	#
854	4898	5	6	7	86	#
855	4898	6	7	8	86	#
856	4898	7	8	9	86	#
857	4898	8	9	10	86	#
858	4898	9	10	11	86	#
859	4898	10	11	12	86	#
860	4898	11	12	13	86	#
861	4898	12	13	14	86	#
862	4898	13	14	15	86	#
863	4898	14	15	16	86	#
864	4898	15	16	17	86	#
865	4898	16	17	18	86	#
866	4898	17	18	19	86	#
867	4898	18	19	20	86	#
868	4898	19	20	21	86	#
869	4472	20	21	22	86	#
870	4472	21	22	23	86	#
871	4285	22	23	24	86	#
872	-2147483648	0	#
873	613	0	88	#
874	613	1	88	#
875	613	2	88	#
876	613	3	88	#
877	613	4	88	#
878	613	5	88	#
879	613	6	88	#
880	613	7	88	#
881	613	8	88	#
882	613	9	88	#
883	613	10	88	#
884	613	11	88	#
885	613	12	88	#
886	613	13	88	#
887	613	14	88	#
888	613	15	88	#
889	613	16	88	#
890	613	17	88	#
891	613	18	88	#
892	613	19	88	#
893	613	20	88	#
894	613	21	88	#
895	585	22	88	#
896	559	23	88	#
897	536	24	88	#
898	3279	0	1	2	3	89	#
899	3279	1	2	3	4	89	#
900	3279	2	3	4	5	89	#
901	3279	3	4	5	6	89	#
902	3279	4	5	6	7	89	#
903	3279	5	6	7	8	89	#
904	3279	6	7	8	9	89	#
905	3279	7	8	9	10	89	#
906	3279	8	9	10	11	89	#
907	2775	9	10	11	12	89	#
908	2775	10	11	12	13	89	#
909	2004	11	12	13	14	89	#
910	2004	12	13	14	15	89	#
911	2004	13	14	15	16	89	#
912	2004	14	15	16	17	89	#
913	2004	15	16	17	18	89	#
914	1803	16	17	18	19	89	#
915	1803	17	18	19	20	89	#
916	1503	18	19	20	21	89	#
917	1503	19	20	21	22	89	#
918	1503	20	21	22	23	89	#
919	1503	21	22	23	24	89	#
920	1867	9	10	11	95	#
921	6181	1	2	3	4	5	6	90	#
922	6181	2	3	4	5	6	7	90	#
923	6181	3	4	5	6	7	8	90	#
924	6181	4	5	6	7	8	9	90	#
925	6181	5	6	7	8	9	10	90	#
926	6181	6	7	8	9	10	11	90	#
927	6181	7	8	9	10	11	12	90	#
928	6181	8	9	10	11	12	13	90	#
929	6181	9	10	11	12	13	14	90	#
930	6181	10	11	12	13	14	15	90	#
931	6181	11	12	13	14	15	16	90	#
932	6181	12	13	14	15	16	17	90	#
933	6181	13	14	15	16	17	18	90	#
934	6181	14	15	16	17	18	19	90	#
935	6181	15	16	17	18	19	20	90	#
936	6181	16	17	18	19	20	21	90	#
937	6181	17	18	19	20	21	22	90	#
938	6181	18	19	20	21	22	23	90	#
939	10442	0	1	2	3	4	5	6	91	#
940	10442	1	2	3	4	5	6	7	91	#
941	10442	2	3	4	5	6	7	8	91	#
942	10442	3	4	5	6	7	8	9	91	#
943	10442	4	5	6	7	8	9	10	91	#
944	10442	5	6	7	8	9	10	11	91	#
945	10442	6	7	8	9	10	11	12	91	#
946	10442	7	8	9	10	11	12	13	91	#
947	10442	8	9	10	11	12	13	14	91	#
948	10442	9	10	11	12	13	14	15	91	#
949	10442	10	11	12	13	14	15	16	91	#
950	10442	11	12	13	14	15	16	17	91	#
951	10442	12	13	14	15	16	17	18	91	#
952	10442	13	14	15	16	17	18	19	91	#
953	10442	14	15	16	17	18	19	20	91	#
954	10442	15	16	17	18	19	20	21	91	#
955	7400	0	1	2	3	92	#
956	7400	1	2	3	4	92	#
957	7400	2	3	4	5	92	#
958	7400	3	4	5	6	92	#
959	7400	4	5	6	7	92	#
960	7400	5	6	7	8	92	#
961	7400	6	7	8	9	92	#
962	7400	7	8	9	10	92	#
963	7400	8	9	10	11	92	#
964	7400	9	10	11	12	92	#
965	7400	10	11	12	13	92	#
966	7400	11	12	13	14	92	#
967	7400	12	13	14	15	92	#
968	7400	13	14	15	16	92	#
969	7400	14	15	16	17	92	#
970	7400	15	16	17	18	92	#
971	7400	16	17	18	19	92	#
972	7400	17	18	19	20	92	#
973	7048	18	19	20	21	92	#
974	6727	19	20	21	22	92	#
975	6167	20	21	22	23	92	#
976	6167	21	22	23	24	92	#
977	9025	0	1	2	3	4	93	#
978	3282	1	2	3	4	5	93	#
979	3282	2	3	4	5	6	93	#
980	3282	3	4	5	6	7	93	#
981	3282	4	5	6	7	8	93	#
982	3282	5	6	7	8	9	93	#
983	3282	6	7	8	9	10	93	#
984	3282	7	8	9	10	11	93	#
985	3008	8	9	10	11	12	93	#
986	1805	9	10	11	12	13	93	#
987	1805	10	11	12	13	14	93	#
988	1805	11	12	13	14	15	93	#
989	1805	12	13	14	15	16	93	#
990	1805	13	14	15	16	17	93	#
991	1805	14	15	16	17	18	93	#
992	1805	15	16	17	18	19	93	#
993	1805	16	17	18	19	20	93	#
994	1570	17	18	19	20	21	93	#
995	1570	18	19	20	21	22	93	#
996	1570	19	20	21	22	23	93	#
997	8971	0	1	2	3	4	#
998	3942	0	1	2	95	#
999	3942	1	2	3	95	#
1000	3942	2	3	4	95	#
1001	3942	3	4	5	95	#
1002	3942	4	5	6	95	#
1003	3942	5	6	7	95	#
1004	3942	6	7	8	95	#
1005	3942	7	8	9	95	#
1006	1867	8	9	10	95	#
