%% File generated by CATS v.2.1Mon Aug 19 20:46:14 2019

%% The CATS webpage is http://robotics.stanford.edu/CATS

%% PARAMETER SETTINGS:
% Goods: 55; Bids: 550; Distribution: scheduling; Runs: 10; Seed: 1566267669
% Scheduling Distribution Parameters:
% max_length                = 10
% deviation                 = 0.500000
% prob_additional_deadline  = 0.700000
% additivity                = 0.200000



goods 55
bids 561
dummy 13

0	3619	0	1	2	3	4	55	#
1	3619	1	2	3	4	5	55	#
2	3619	2	3	4	5	6	55	#
3	3619	3	4	5	6	7	55	#
4	3619	4	5	6	7	8	55	#
5	536	5	6	7	8	9	55	#
6	536	6	7	8	9	10	55	#
7	536	7	8	9	10	11	55	#
8	536	8	9	10	11	12	55	#
9	536	9	10	11	12	13	55	#
10	536	10	11	12	13	14	55	#
11	536	11	12	13	14	15	55	#
12	536	12	13	14	15	16	55	#
13	536	13	14	15	16	17	55	#
14	536	14	15	16	17	18	55	#
15	536	15	16	17	18	19	55	#
16	536	16	17	18	19	20	55	#
17	536	17	18	19	20	21	55	#
18	536	18	19	20	21	22	55	#
19	536	19	20	21	22	23	55	#
20	536	20	21	22	23	24	55	#
21	536	21	22	23	24	25	55	#
22	536	22	23	24	25	26	55	#
23	536	23	24	25	26	27	55	#
24	536	24	25	26	27	28	55	#
25	536	25	26	27	28	29	55	#
26	536	26	27	28	29	30	55	#
27	536	27	28	29	30	31	55	#
28	536	28	29	30	31	32	55	#
29	536	29	30	31	32	33	55	#
30	536	30	31	32	33	34	55	#
31	536	31	32	33	34	35	55	#
32	536	32	33	34	35	36	55	#
33	536	33	34	35	36	37	55	#
34	536	34	35	36	37	38	55	#
35	536	35	36	37	38	39	55	#
36	536	36	37	38	39	40	55	#
37	536	37	38	39	40	41	55	#
38	536	38	39	40	41	42	55	#
39	536	39	40	41	42	43	55	#
40	536	40	41	42	43	44	55	#
41	536	41	42	43	44	45	55	#
42	536	42	43	44	45	46	55	#
43	536	43	44	45	46	47	55	#
44	536	44	45	46	47	48	55	#
45	536	45	46	47	48	49	55	#
46	536	46	47	48	49	50	55	#
47	536	47	48	49	50	51	55	#
48	536	48	49	50	51	52	55	#
49	536	49	50	51	52	53	55	#
50	536	50	51	52	53	54	55	#
51	6752	0	1	2	3	4	5	6	7	56	#
52	6752	1	2	3	4	5	6	7	8	56	#
53	6752	2	3	4	5	6	7	8	9	56	#
54	6752	3	4	5	6	7	8	9	10	56	#
55	6752	4	5	6	7	8	9	10	11	56	#
56	6752	5	6	7	8	9	10	11	12	56	#
57	6752	6	7	8	9	10	11	12	13	56	#
58	6752	7	8	9	10	11	12	13	14	56	#
59	6752	8	9	10	11	12	13	14	15	56	#
60	6752	9	10	11	12	13	14	15	16	56	#
61	6752	10	11	12	13	14	15	16	17	56	#
62	6752	11	12	13	14	15	16	17	18	56	#
63	6752	12	13	14	15	16	17	18	19	56	#
64	6752	13	14	15	16	17	18	19	20	56	#
65	6752	14	15	16	17	18	19	20	21	56	#
66	6752	15	16	17	18	19	20	21	22	56	#
67	6752	16	17	18	19	20	21	22	23	56	#
68	6752	17	18	19	20	21	22	23	24	56	#
69	6752	18	19	20	21	22	23	24	25	56	#
70	6752	19	20	21	22	23	24	25	26	56	#
71	6752	20	21	22	23	24	25	26	27	56	#
72	6752	21	22	23	24	25	26	27	28	56	#
73	6752	22	23	24	25	26	27	28	29	56	#
74	6752	23	24	25	26	27	28	29	30	56	#
75	6752	24	25	26	27	28	29	30	31	56	#
76	6752	25	26	27	28	29	30	31	32	56	#
77	6752	26	27	28	29	30	31	32	33	56	#
78	6752	27	28	29	30	31	32	33	34	56	#
79	6752	28	29	30	31	32	33	34	35	56	#
80	6752	29	30	31	32	33	34	35	36	56	#
81	6752	30	31	32	33	34	35	36	37	56	#
82	6405	31	32	33	34	35	36	37	38	56	#
83	6405	32	33	34	35	36	37	38	39	56	#
84	6245	33	34	35	36	37	38	39	40	56	#
85	5551	34	35	36	37	38	39	40	41	56	#
86	5551	35	36	37	38	39	40	41	42	56	#
87	5551	36	37	38	39	40	41	42	43	56	#
88	5551	37	38	39	40	41	42	43	44	56	#
89	5551	38	39	40	41	42	43	44	45	56	#
90	4626	39	40	41	42	43	44	45	46	56	#
91	4626	40	41	42	43	44	45	46	47	56	#
92	4626	41	42	43	44	45	46	47	48	56	#
93	4626	42	43	44	45	46	47	48	49	56	#
94	4626	43	44	45	46	47	48	49	50	56	#
95	4626	44	45	46	47	48	49	50	51	56	#
96	4626	45	46	47	48	49	50	51	52	56	#
97	4626	46	47	48	49	50	51	52	53	56	#
98	4626	47	48	49	50	51	52	53	54	56	#
99	4938	0	1	2	57	#
100	4938	1	2	3	57	#
101	4938	2	3	4	57	#
102	4938	3	4	5	57	#
103	4938	4	5	6	57	#
104	4938	5	6	7	57	#
105	4938	6	7	8	57	#
106	4938	7	8	9	57	#
107	4938	8	9	10	57	#
108	4938	9	10	11	57	#
109	4938	10	11	12	57	#
110	4938	11	12	13	57	#
111	4938	12	13	14	57	#
112	4938	13	14	15	57	#
113	4938	14	15	16	57	#
114	4938	15	16	17	57	#
115	4938	16	17	18	57	#
116	4938	17	18	19	57	#
117	4938	18	19	20	57	#
118	4938	19	20	21	57	#
119	4938	20	21	22	57	#
120	4938	21	22	23	57	#
121	3009	0	1	2	58	#
122	3009	1	2	3	58	#
123	3009	2	3	4	58	#
124	3009	3	4	5	58	#
125	3009	4	5	6	58	#
126	3009	5	6	7	58	#
127	3009	6	7	8	58	#
128	3009	7	8	9	58	#
129	3009	8	9	10	58	#
130	3009	9	10	11	58	#
131	3009	10	11	12	58	#
132	3009	11	12	13	58	#
133	3009	12	13	14	58	#
134	3009	13	14	15	58	#
135	3009	14	15	16	58	#
136	3009	15	16	17	58	#
137	3009	16	17	18	58	#
138	3009	17	18	19	58	#
139	3009	18	19	20	58	#
140	3009	19	20	21	58	#
141	3009	20	21	22	58	#
142	3009	21	22	23	58	#
143	3009	22	23	24	58	#
144	3009	23	24	25	58	#
145	3009	24	25	26	58	#
146	3009	25	26	27	58	#
147	3009	26	27	28	58	#
148	3009	27	28	29	58	#
149	3009	28	29	30	58	#
150	3009	29	30	31	58	#
151	3009	30	31	32	58	#
152	3009	31	32	33	58	#
153	3009	32	33	34	58	#
154	3009	33	34	35	58	#
155	3009	34	35	36	58	#
156	3009	35	36	37	58	#
157	3009	36	37	38	58	#
158	3009	37	38	39	58	#
159	3009	38	39	40	58	#
160	3009	39	40	41	58	#
161	3009	40	41	42	58	#
162	3009	41	42	43	58	#
163	3009	42	43	44	58	#
164	3009	43	44	45	58	#
165	3009	44	45	46	58	#
166	3009	45	46	47	58	#
167	3009	46	47	48	58	#
168	3009	47	48	49	58	#
169	3009	48	49	50	58	#
170	2786	49	50	51	58	#
171	2786	50	51	52	58	#
172	2786	51	52	53	58	#
173	2786	52	53	54	58	#
174	21030	0	1	2	3	4	5	6	7	8	9	59	#
175	21030	1	2	3	4	5	6	7	8	9	10	59	#
176	21030	2	3	4	5	6	7	8	9	10	11	59	#
177	21030	3	4	5	6	7	8	9	10	11	12	59	#
178	21030	4	5	6	7	8	9	10	11	12	13	59	#
179	21030	5	6	7	8	9	10	11	12	13	14	59	#
180	21030	6	7	8	9	10	11	12	13	14	15	59	#
181	21030	7	8	9	10	11	12	13	14	15	16	59	#
182	21030	8	9	10	11	12	13	14	15	16	17	59	#
183	21030	9	10	11	12	13	14	15	16	17	18	59	#
184	21030	10	11	12	13	14	15	16	17	18	19	59	#
185	21030	11	12	13	14	15	16	17	18	19	20	59	#
186	21030	12	13	14	15	16	17	18	19	20	21	59	#
187	21030	13	14	15	16	17	18	19	20	21	22	59	#
188	21030	14	15	16	17	18	19	20	21	22	23	59	#
189	21030	15	16	17	18	19	20	21	22	23	24	59	#
190	21030	16	17	18	19	20	21	22	23	24	25	59	#
191	21030	17	18	19	20	21	22	23	24	25	26	59	#
192	21030	18	19	20	21	22	23	24	25	26	27	59	#
193	21030	19	20	21	22	23	24	25	26	27	28	59	#
194	21030	20	21	22	23	24	25	26	27	28	29	59	#
195	21030	21	22	23	24	25	26	27	28	29	30	59	#
196	21030	22	23	24	25	26	27	28	29	30	31	59	#
197	21030	23	24	25	26	27	28	29	30	31	32	59	#
198	21030	24	25	26	27	28	29	30	31	32	33	59	#
199	21030	25	26	27	28	29	30	31	32	33	34	59	#
200	21030	26	27	28	29	30	31	32	33	34	35	59	#
201	21030	27	28	29	30	31	32	33	34	35	36	59	#
202	21030	28	29	30	31	32	33	34	35	36	37	59	#
203	21030	29	30	31	32	33	34	35	36	37	38	59	#
204	21030	30	31	32	33	34	35	36	37	38	39	59	#
205	21030	31	32	33	34	35	36	37	38	39	40	59	#
206	21030	32	33	34	35	36	37	38	39	40	41	59	#
207	21030	33	34	35	36	37	38	39	40	41	42	59	#
208	21030	34	35	36	37	38	39	40	41	42	43	59	#
209	21030	35	36	37	38	39	40	41	42	43	44	59	#
210	21030	36	37	38	39	40	41	42	43	44	45	59	#
211	21030	37	38	39	40	41	42	43	44	45	46	59	#
212	8487	0	1	2	3	4	5	6	7	60	#
213	8487	1	2	3	4	5	6	7	8	60	#
214	8487	2	3	4	5	6	7	8	9	60	#
215	8487	3	4	5	6	7	8	9	10	60	#
216	8487	4	5	6	7	8	9	10	11	60	#
217	2171	5	6	7	8	9	10	11	12	60	#
218	2171	6	7	8	9	10	11	12	13	60	#
219	2171	7	8	9	10	11	12	13	14	60	#
220	2171	8	9	10	11	12	13	14	15	60	#
221	2171	9	10	11	12	13	14	15	16	60	#
222	2171	10	11	12	13	14	15	16	17	60	#
223	2171	11	12	13	14	15	16	17	18	60	#
224	2171	12	13	14	15	16	17	18	19	60	#
225	2171	13	14	15	16	17	18	19	20	60	#
226	2171	14	15	16	17	18	19	20	21	60	#
227	2171	15	16	17	18	19	20	21	22	60	#
228	2171	16	17	18	19	20	21	22	23	60	#
229	2171	17	18	19	20	21	22	23	24	60	#
230	2171	18	19	20	21	22	23	24	25	60	#
231	2171	19	20	21	22	23	24	25	26	60	#
232	2171	20	21	22	23	24	25	26	27	60	#
233	2171	21	22	23	24	25	26	27	28	60	#
234	2171	22	23	24	25	26	27	28	29	60	#
235	2171	23	24	25	26	27	28	29	30	60	#
236	2171	24	25	26	27	28	29	30	31	60	#
237	2171	25	26	27	28	29	30	31	32	60	#
238	2171	26	27	28	29	30	31	32	33	60	#
239	2171	27	28	29	30	31	32	33	34	60	#
240	2171	28	29	30	31	32	33	34	35	60	#
241	2171	29	30	31	32	33	34	35	36	60	#
242	2171	30	31	32	33	34	35	36	37	60	#
243	2171	31	32	33	34	35	36	37	38	60	#
244	2171	32	33	34	35	36	37	38	39	60	#
245	2171	33	34	35	36	37	38	39	40	60	#
246	2171	34	35	36	37	38	39	40	41	60	#
247	2171	35	36	37	38	39	40	41	42	60	#
248	2171	36	37	38	39	40	41	42	43	60	#
249	4334	0	1	2	3	61	#
250	4334	1	2	3	4	61	#
251	4334	2	3	4	5	61	#
252	4334	3	4	5	6	61	#
253	4334	4	5	6	7	61	#
254	4334	5	6	7	8	61	#
255	4334	6	7	8	9	61	#
256	1000	7	8	9	10	61	#
257	1000	8	9	10	11	61	#
258	1000	9	10	11	12	61	#
259	1000	10	11	12	13	61	#
260	1000	11	12	13	14	61	#
261	1000	12	13	14	15	61	#
262	1000	13	14	15	16	61	#
263	1000	14	15	16	17	61	#
264	1000	15	16	17	18	61	#
265	1000	16	17	18	19	61	#
266	1000	17	18	19	20	61	#
267	1000	18	19	20	21	61	#
268	1000	19	20	21	22	61	#
269	1000	20	21	22	23	61	#
270	1000	21	22	23	24	61	#
271	1000	22	23	24	25	61	#
272	1000	23	24	25	26	61	#
273	1000	24	25	26	27	61	#
274	1000	25	26	27	28	61	#
275	1000	26	27	28	29	61	#
276	1000	27	28	29	30	61	#
277	1000	28	29	30	31	61	#
278	1000	29	30	31	32	61	#
279	1000	30	31	32	33	61	#
280	1000	31	32	33	34	61	#
281	1000	32	33	34	35	61	#
282	1000	33	34	35	36	61	#
283	1000	34	35	36	37	61	#
284	1000	35	36	37	38	61	#
285	1000	36	37	38	39	61	#
286	1777	0	1	62	#
287	1777	1	2	62	#
288	1777	2	3	62	#
289	1777	3	4	62	#
290	1777	4	5	62	#
291	1777	5	6	62	#
292	1777	6	7	62	#
293	1777	7	8	62	#
294	1777	8	9	62	#
295	1777	9	10	62	#
296	1777	10	11	62	#
297	1777	11	12	62	#
298	1777	12	13	62	#
299	1777	13	14	62	#
300	1777	14	15	62	#
301	1777	15	16	62	#
302	1777	16	17	62	#
303	1777	17	18	62	#
304	1777	18	19	62	#
305	1777	19	20	62	#
306	1777	20	21	62	#
307	1777	21	22	62	#
308	1777	22	23	62	#
309	1777	23	24	62	#
310	1777	24	25	62	#
311	1777	25	26	62	#
312	1777	26	27	62	#
313	1777	27	28	62	#
314	1777	28	29	62	#
315	1777	29	30	62	#
316	1777	30	31	62	#
317	1777	31	32	62	#
318	1777	32	33	62	#
319	1777	33	34	62	#
320	1777	34	35	62	#
321	1777	35	36	62	#
322	1777	36	37	62	#
323	1777	37	38	62	#
324	1608	38	39	62	#
325	1608	39	40	62	#
326	1608	40	41	62	#
327	1608	41	42	62	#
328	1251	42	43	62	#
329	1251	43	44	62	#
330	1251	44	45	62	#
331	1251	45	46	62	#
332	1251	46	47	62	#
333	1251	47	48	62	#
334	1251	48	49	62	#
335	1251	49	50	62	#
336	1251	50	51	62	#
337	1251	51	52	62	#
338	1251	52	53	62	#
339	1251	53	54	62	#
340	9488	0	1	2	3	4	5	6	7	63	#
341	9488	1	2	3	4	5	6	7	8	63	#
342	9488	2	3	4	5	6	7	8	9	63	#
343	9488	3	4	5	6	7	8	9	10	63	#
344	9488	4	5	6	7	8	9	10	11	63	#
345	9488	5	6	7	8	9	10	11	12	63	#
346	9488	6	7	8	9	10	11	12	13	63	#
347	9488	7	8	9	10	11	12	13	14	63	#
348	9488	8	9	10	11	12	13	14	15	63	#
349	9488	9	10	11	12	13	14	15	16	63	#
350	9488	10	11	12	13	14	15	16	17	63	#
351	9488	11	12	13	14	15	16	17	18	63	#
352	9488	12	13	14	15	16	17	18	19	63	#
353	9488	13	14	15	16	17	18	19	20	63	#
354	9488	14	15	16	17	18	19	20	21	63	#
355	9488	15	16	17	18	19	20	21	22	63	#
356	9488	16	17	18	19	20	21	22	23	63	#
357	9488	17	18	19	20	21	22	23	24	63	#
358	7345	18	19	20	21	22	23	24	25	63	#
359	7345	19	20	21	22	23	24	25	26	63	#
360	7345	20	21	22	23	24	25	26	27	63	#
361	7345	21	22	23	24	25	26	27	28	63	#
362	7345	22	23	24	25	26	27	28	29	63	#
363	7345	23	24	25	26	27	28	29	30	63	#
364	7345	24	25	26	27	28	29	30	31	63	#
365	4950	25	26	27	28	29	30	31	32	63	#
366	4950	26	27	28	29	30	31	32	33	63	#
367	4950	27	28	29	30	31	32	33	34	63	#
368	4950	28	29	30	31	32	33	34	35	63	#
369	4950	29	30	31	32	33	34	35	36	63	#
370	4950	30	31	32	33	34	35	36	37	63	#
371	4950	31	32	33	34	35	36	37	38	63	#
372	4950	32	33	34	35	36	37	38	39	63	#
373	4950	33	34	35	36	37	38	39	40	63	#
374	4950	34	35	36	37	38	39	40	41	63	#
375	4950	35	36	37	38	39	40	41	42	63	#
376	4950	36	37	38	39	40	41	42	43	63	#
377	4950	37	38	39	40	41	42	43	44	63	#
378	4950	38	39	40	41	42	43	44	45	63	#
379	4950	39	40	41	42	43	44	45	46	63	#
380	4379	40	41	42	43	44	45	46	47	63	#
381	4379	41	42	43	44	45	46	47	48	63	#
382	4379	42	43	44	45	46	47	48	49	63	#
383	4379	43	44	45	46	47	48	49	50	63	#
384	4379	44	45	46	47	48	49	50	51	63	#
385	4379	45	46	47	48	49	50	51	52	63	#
386	4296	46	47	48	49	50	51	52	53	63	#
387	2591	0	1	64	#
388	2591	1	2	64	#
389	2591	2	3	64	#
390	389	3	4	64	#
391	389	4	5	64	#
392	389	5	6	64	#
393	389	6	7	64	#
394	389	7	8	64	#
395	389	8	9	64	#
396	389	9	10	64	#
397	389	10	11	64	#
398	389	11	12	64	#
399	389	12	13	64	#
400	389	13	14	64	#
401	389	14	15	64	#
402	389	15	16	64	#
403	389	16	17	64	#
404	389	17	18	64	#
405	389	18	19	64	#
406	389	19	20	64	#
407	165	20	21	64	#
408	165	21	22	64	#
409	165	22	23	64	#
410	165	23	24	64	#
411	165	24	25	64	#
412	165	25	26	64	#
413	165	26	27	64	#
414	165	27	28	64	#
415	165	28	29	64	#
416	165	29	30	64	#
417	165	30	31	64	#
418	165	31	32	64	#
419	165	32	33	64	#
420	165	33	34	64	#
421	165	34	35	64	#
422	165	35	36	64	#
423	165	36	37	64	#
424	165	37	38	64	#
425	165	38	39	64	#
426	165	39	40	64	#
427	165	40	41	64	#
428	165	41	42	64	#
429	165	42	43	64	#
430	165	43	44	64	#
431	165	44	45	64	#
432	165	45	46	64	#
433	165	46	47	64	#
434	152	47	48	64	#
435	152	48	49	64	#
436	152	49	50	64	#
437	152	50	51	64	#
438	149	51	52	64	#
439	144	52	53	64	#
440	144	53	54	64	#
441	12202	0	1	2	3	4	5	65	#
442	12202	1	2	3	4	5	6	65	#
443	12202	2	3	4	5	6	7	65	#
444	12202	3	4	5	6	7	8	65	#
445	12202	4	5	6	7	8	9	65	#
446	12202	5	6	7	8	9	10	65	#
447	12202	6	7	8	9	10	11	65	#
448	12202	7	8	9	10	11	12	65	#
449	12202	8	9	10	11	12	13	65	#
450	12202	9	10	11	12	13	14	65	#
451	12202	10	11	12	13	14	15	65	#
452	12202	11	12	13	14	15	16	65	#
453	12202	12	13	14	15	16	17	65	#
454	12202	13	14	15	16	17	18	65	#
455	12202	14	15	16	17	18	19	65	#
456	12202	15	16	17	18	19	20	65	#
457	12202	16	17	18	19	20	21	65	#
458	12202	17	18	19	20	21	22	65	#
459	12202	18	19	20	21	22	23	65	#
460	12202	19	20	21	22	23	24	65	#
461	12202	20	21	22	23	24	25	65	#
462	12202	21	22	23	24	25	26	65	#
463	12202	22	23	24	25	26	27	65	#
464	12202	23	24	25	26	27	28	65	#
465	12202	24	25	26	27	28	29	65	#
466	12202	25	26	27	28	29	30	65	#
467	12202	26	27	28	29	30	31	65	#
468	12202	27	28	29	30	31	32	65	#
469	12202	28	29	30	31	32	33	65	#
470	12202	29	30	31	32	33	34	65	#
471	12202	30	31	32	33	34	35	65	#
472	12202	31	32	33	34	35	36	65	#
473	12202	32	33	34	35	36	37	65	#
474	12202	33	34	35	36	37	38	65	#
475	12202	34	35	36	37	38	39	65	#
476	10575	35	36	37	38	39	40	65	#
477	10575	36	37	38	39	40	41	65	#
478	10575	37	38	39	40	41	42	65	#
479	10575	38	39	40	41	42	43	65	#
480	10575	39	40	41	42	43	44	65	#
481	10575	40	41	42	43	44	45	65	#
482	9331	41	42	43	44	45	46	65	#
483	9331	42	43	44	45	46	47	65	#
484	9331	43	44	45	46	47	48	65	#
485	9331	44	45	46	47	48	49	65	#
486	9331	45	46	47	48	49	50	65	#
487	9331	46	47	48	49	50	51	65	#
488	6811	0	1	2	3	4	66	#
489	6811	1	2	3	4	5	66	#
490	6811	2	3	4	5	6	66	#
491	6811	3	4	5	6	7	66	#
492	6811	4	5	6	7	8	66	#
493	6811	5	6	7	8	9	66	#
494	6811	6	7	8	9	10	66	#
495	6811	7	8	9	10	11	66	#
496	6811	8	9	10	11	12	66	#
497	6811	9	10	11	12	13	66	#
498	6811	10	11	12	13	14	66	#
499	6811	11	12	13	14	15	66	#
500	6811	12	13	14	15	16	66	#
501	6811	13	14	15	16	17	66	#
502	6811	14	15	16	17	18	66	#
503	6811	15	16	17	18	19	66	#
504	6811	16	17	18	19	20	66	#
505	6811	17	18	19	20	21	66	#
506	6811	18	19	20	21	22	66	#
507	6811	19	20	21	22	23	66	#
508	6811	20	21	22	23	24	66	#
509	6811	21	22	23	24	25	66	#
510	6811	22	23	24	25	26	66	#
511	6811	23	24	25	26	27	66	#
512	6811	24	25	26	27	28	66	#
513	6811	25	26	27	28	29	66	#
514	6811	26	27	28	29	30	66	#
515	6811	27	28	29	30	31	66	#
516	6811	28	29	30	31	32	66	#
517	5394	0	1	2	67	#
518	5394	1	2	3	67	#
519	5394	2	3	4	67	#
520	5394	3	4	5	67	#
521	5394	4	5	6	67	#
522	5394	5	6	7	67	#
523	5394	6	7	8	67	#
524	5394	7	8	9	67	#
525	5394	8	9	10	67	#
526	5394	9	10	11	67	#
527	1380	10	11	12	67	#
528	1380	11	12	13	67	#
529	1380	12	13	14	67	#
530	1380	13	14	15	67	#
531	1380	14	15	16	67	#
532	1380	15	16	17	67	#
533	1380	16	17	18	67	#
534	1380	17	18	19	67	#
535	1380	18	19	20	67	#
536	1380	19	20	21	67	#
537	1380	20	21	22	67	#
538	1380	21	22	23	67	#
539	1380	22	23	24	67	#
540	1380	23	24	25	67	#
541	1380	24	25	26	67	#
542	1380	25	26	27	67	#
543	1380	26	27	28	67	#
544	1380	27	28	29	67	#
545	1380	28	29	30	67	#
546	1380	29	30	31	67	#
547	1380	30	31	32	67	#
548	1380	31	32	33	67	#
549	1380	32	33	34	67	#
550	1380	33	34	35	67	#
551	1380	34	35	36	67	#
552	1380	35	36	37	67	#
553	1380	36	37	38	67	#
554	1380	37	38	39	67	#
555	1380	38	39	40	67	#
556	1380	39	40	41	67	#
557	1380	40	41	42	67	#
558	1380	41	42	43	67	#
559	1319	42	43	44	67	#
560	1319	43	44	45	67	#
