%% File generated by CATS v.2.1Mon Aug 19 20:45:57 2019

%% The CATS webpage is http://robotics.stanford.edu/CATS

%% PARAMETER SETTINGS:
% Goods: 40; Bids: 1600; Distribution: scheduling; Runs: 10; Seed: 1566267607
% Scheduling Distribution Parameters:
% max_length                = 10
% deviation                 = 0.500000
% prob_additional_deadline  = 0.700000
% additivity                = 0.200000



goods 40
bids 1604
dummy 58

0	1311	0	40	#
1	1311	1	40	#
2	1311	2	40	#
3	1311	3	40	#
4	1311	4	40	#
5	1311	5	40	#
6	1311	6	40	#
7	1311	7	40	#
8	1311	8	40	#
9	1311	9	40	#
10	1311	10	40	#
11	1311	11	40	#
12	1311	12	40	#
13	1311	13	40	#
14	1311	14	40	#
15	1311	15	40	#
16	1311	16	40	#
17	1311	17	40	#
18	1311	18	40	#
19	1311	19	40	#
20	1311	20	40	#
21	1311	21	40	#
22	1311	22	40	#
23	1311	23	40	#
24	1311	24	40	#
25	1311	25	40	#
26	1311	26	40	#
27	1311	27	40	#
28	1311	28	40	#
29	1311	29	40	#
30	1311	30	40	#
31	1311	31	40	#
32	1311	32	40	#
33	1311	33	40	#
34	1311	34	40	#
35	10817	0	1	2	3	4	5	6	7	8	9	41	#
36	10817	1	2	3	4	5	6	7	8	9	10	41	#
37	10817	2	3	4	5	6	7	8	9	10	11	41	#
38	10817	3	4	5	6	7	8	9	10	11	12	41	#
39	10817	4	5	6	7	8	9	10	11	12	13	41	#
40	10817	5	6	7	8	9	10	11	12	13	14	41	#
41	10817	6	7	8	9	10	11	12	13	14	15	41	#
42	10817	7	8	9	10	11	12	13	14	15	16	41	#
43	10817	8	9	10	11	12	13	14	15	16	17	41	#
44	10817	9	10	11	12	13	14	15	16	17	18	41	#
45	10817	10	11	12	13	14	15	16	17	18	19	41	#
46	10817	11	12	13	14	15	16	17	18	19	20	41	#
47	10817	12	13	14	15	16	17	18	19	20	21	41	#
48	10817	13	14	15	16	17	18	19	20	21	22	41	#
49	10817	14	15	16	17	18	19	20	21	22	23	41	#
50	10817	15	16	17	18	19	20	21	22	23	24	41	#
51	10817	16	17	18	19	20	21	22	23	24	25	41	#
52	10817	17	18	19	20	21	22	23	24	25	26	41	#
53	10817	18	19	20	21	22	23	24	25	26	27	41	#
54	10817	19	20	21	22	23	24	25	26	27	28	41	#
55	1930	0	1	42	#
56	1930	1	2	42	#
57	1930	2	3	42	#
58	1930	3	4	42	#
59	1930	4	5	42	#
60	1930	5	6	42	#
61	1930	6	7	42	#
62	1930	7	8	42	#
63	1930	8	9	42	#
64	1930	9	10	42	#
65	1930	10	11	42	#
66	1930	11	12	42	#
67	1930	12	13	42	#
68	1930	13	14	42	#
69	711	14	15	42	#
70	711	15	16	42	#
71	711	16	17	42	#
72	711	17	18	42	#
73	711	18	19	42	#
74	711	19	20	42	#
75	711	20	21	42	#
76	711	21	22	42	#
77	711	22	23	42	#
78	711	23	24	42	#
79	711	24	25	42	#
80	711	25	26	42	#
81	711	26	27	42	#
82	711	27	28	42	#
83	711	28	29	42	#
84	711	29	30	42	#
85	711	30	31	42	#
86	711	31	32	42	#
87	711	32	33	42	#
88	711	33	34	42	#
89	711	34	35	42	#
90	711	35	36	42	#
91	711	36	37	42	#
92	711	37	38	42	#
93	693	38	39	42	#
94	9239	0	1	2	3	4	43	#
95	9239	1	2	3	4	5	43	#
96	9239	2	3	4	5	6	43	#
97	9239	3	4	5	6	7	43	#
98	9239	4	5	6	7	8	43	#
99	9239	5	6	7	8	9	43	#
100	9239	6	7	8	9	10	43	#
101	9239	7	8	9	10	11	43	#
102	9239	8	9	10	11	12	43	#
103	9239	9	10	11	12	13	43	#
104	9239	10	11	12	13	14	43	#
105	9239	11	12	13	14	15	43	#
106	9239	12	13	14	15	16	43	#
107	9239	13	14	15	16	17	43	#
108	9239	14	15	16	17	18	43	#
109	9239	15	16	17	18	19	43	#
110	9239	16	17	18	19	20	43	#
111	9239	17	18	19	20	21	43	#
112	9239	18	19	20	21	22	43	#
113	9239	19	20	21	22	23	43	#
114	9239	20	21	22	23	24	43	#
115	9239	21	22	23	24	25	43	#
116	9239	22	23	24	25	26	43	#
117	9239	23	24	25	26	27	43	#
118	9239	24	25	26	27	28	43	#
119	9239	25	26	27	28	29	43	#
120	9239	26	27	28	29	30	43	#
121	9239	27	28	29	30	31	43	#
122	8679	28	29	30	31	32	43	#
123	8679	29	30	31	32	33	43	#
124	8183	30	31	32	33	34	43	#
125	8183	31	32	33	34	35	43	#
126	7741	32	33	34	35	36	43	#
127	7741	33	34	35	36	37	43	#
128	7537	34	35	36	37	38	43	#
129	1583	0	1	44	#
130	1583	1	2	44	#
131	317	2	3	44	#
132	317	3	4	44	#
133	317	4	5	44	#
134	317	5	6	44	#
135	317	6	7	44	#
136	317	7	8	44	#
137	317	8	9	44	#
138	317	9	10	44	#
139	5079	0	1	2	45	#
140	5079	1	2	3	45	#
141	5079	2	3	4	45	#
142	5079	3	4	5	45	#
143	5079	4	5	6	45	#
144	5079	5	6	7	45	#
145	5079	6	7	8	45	#
146	5079	7	8	9	45	#
147	5079	8	9	10	45	#
148	5079	9	10	11	45	#
149	5079	10	11	12	45	#
150	5079	11	12	13	45	#
151	5079	12	13	14	45	#
152	5079	13	14	15	45	#
153	5079	14	15	16	45	#
154	5079	15	16	17	45	#
155	5079	16	17	18	45	#
156	5079	17	18	19	45	#
157	5079	18	19	20	45	#
158	5079	19	20	21	45	#
159	5079	20	21	22	45	#
160	5079	21	22	23	45	#
161	5079	22	23	24	45	#
162	5079	23	24	25	45	#
163	5079	24	25	26	45	#
164	5079	25	26	27	45	#
165	5079	26	27	28	45	#
166	5079	27	28	29	45	#
167	5079	28	29	30	45	#
168	5079	29	30	31	45	#
169	5079	30	31	32	45	#
170	5079	31	32	33	45	#
171	5079	32	33	34	45	#
172	5079	33	34	35	45	#
173	5079	34	35	36	45	#
174	5079	35	36	37	45	#
175	5079	36	37	38	45	#
176	5079	37	38	39	45	#
177	10457	0	1	2	3	4	5	46	#
178	10457	1	2	3	4	5	6	46	#
179	10457	2	3	4	5	6	7	46	#
180	10457	3	4	5	6	7	8	46	#
181	10457	4	5	6	7	8	9	46	#
182	10457	5	6	7	8	9	10	46	#
183	10457	6	7	8	9	10	11	46	#
184	10457	7	8	9	10	11	12	46	#
185	10457	8	9	10	11	12	13	46	#
186	7552	9	10	11	12	13	14	46	#
187	7552	10	11	12	13	14	15	46	#
188	7552	11	12	13	14	15	16	46	#
189	7552	12	13	14	15	16	17	46	#
190	7552	13	14	15	16	17	18	46	#
191	5107	0	1	2	3	4	47	#
192	5107	1	2	3	4	5	47	#
193	5107	2	3	4	5	6	47	#
194	5107	3	4	5	6	7	47	#
195	5107	4	5	6	7	8	47	#
196	5107	5	6	7	8	9	47	#
197	5107	6	7	8	9	10	47	#
198	5107	7	8	9	10	11	47	#
199	5107	8	9	10	11	12	47	#
200	5107	9	10	11	12	13	47	#
201	5107	10	11	12	13	14	47	#
202	5107	11	12	13	14	15	47	#
203	5107	12	13	14	15	16	47	#
204	5107	13	14	15	16	17	47	#
205	5107	14	15	16	17	18	47	#
206	5107	15	16	17	18	19	47	#
207	5107	16	17	18	19	20	47	#
208	3192	17	18	19	20	21	47	#
209	3192	18	19	20	21	22	47	#
210	3192	19	20	21	22	23	47	#
211	3192	20	21	22	23	24	47	#
212	3192	21	22	23	24	25	47	#
213	3192	22	23	24	25	26	47	#
214	3192	23	24	25	26	27	47	#
215	3192	24	25	26	27	28	47	#
216	3192	25	26	27	28	29	47	#
217	3192	26	27	28	29	30	47	#
218	3192	27	28	29	30	31	47	#
219	3192	28	29	30	31	32	47	#
220	2761	29	30	31	32	33	47	#
221	2761	30	31	32	33	34	47	#
222	2761	31	32	33	34	35	47	#
223	2761	32	33	34	35	36	47	#
224	2761	33	34	35	36	37	47	#
225	3391	0	1	48	#
226	3391	1	2	48	#
227	3391	2	3	48	#
228	3391	3	4	48	#
229	3391	4	5	48	#
230	3391	5	6	48	#
231	3391	6	7	48	#
232	3391	7	8	48	#
233	3391	8	9	48	#
234	3391	9	10	48	#
235	3391	10	11	48	#
236	3391	11	12	48	#
237	3391	12	13	48	#
238	3391	13	14	48	#
239	2792	14	15	48	#
240	2792	15	16	48	#
241	2792	16	17	48	#
242	1826	17	18	48	#
243	1826	18	19	48	#
244	1826	19	20	48	#
245	1826	20	21	48	#
246	1826	21	22	48	#
247	1826	22	23	48	#
248	1826	23	24	48	#
249	1826	24	25	48	#
250	1826	25	26	48	#
251	1637	26	27	48	#
252	1637	27	28	48	#
253	1637	28	29	48	#
254	1438	29	30	48	#
255	1438	30	31	48	#
256	1438	31	32	48	#
257	1438	32	33	48	#
258	779	0	49	#
259	779	1	49	#
260	779	2	49	#
261	779	3	49	#
262	779	4	49	#
263	779	5	49	#
264	779	6	49	#
265	779	7	49	#
266	779	8	49	#
267	779	9	49	#
268	779	10	49	#
269	779	11	49	#
270	779	12	49	#
271	779	13	49	#
272	779	14	49	#
273	779	15	49	#
274	779	16	49	#
275	779	17	49	#
276	779	18	49	#
277	501	19	49	#
278	501	20	49	#
279	501	21	49	#
280	501	22	49	#
281	501	23	49	#
282	501	24	49	#
283	501	25	49	#
284	501	26	49	#
285	501	27	49	#
286	501	28	49	#
287	452	29	49	#
288	452	30	49	#
289	452	31	49	#
290	369	32	49	#
291	369	33	49	#
292	369	34	49	#
293	369	35	49	#
294	369	36	49	#
295	369	37	49	#
296	369	38	49	#
297	7505	0	1	2	3	4	50	#
298	7505	1	2	3	4	5	50	#
299	7505	2	3	4	5	6	50	#
300	7505	3	4	5	6	7	50	#
301	7505	4	5	6	7	8	50	#
302	7505	5	6	7	8	9	50	#
303	7505	6	7	8	9	10	50	#
304	7505	7	8	9	10	11	50	#
305	7505	8	9	10	11	12	50	#
306	7505	9	10	11	12	13	50	#
307	7505	10	11	12	13	14	50	#
308	7505	11	12	13	14	15	50	#
309	7505	12	13	14	15	16	50	#
310	7505	13	14	15	16	17	50	#
311	7505	14	15	16	17	18	50	#
312	7505	15	16	17	18	19	50	#
313	7505	16	17	18	19	20	50	#
314	4057	17	18	19	20	21	50	#
315	4057	18	19	20	21	22	50	#
316	4057	19	20	21	22	23	50	#
317	4057	20	21	22	23	24	50	#
318	4057	21	22	23	24	25	50	#
319	4057	22	23	24	25	26	50	#
320	4057	23	24	25	26	27	50	#
321	4057	24	25	26	27	28	50	#
322	4057	25	26	27	28	29	50	#
323	4057	26	27	28	29	30	50	#
324	4057	27	28	29	30	31	50	#
325	4057	28	29	30	31	32	50	#
326	4057	29	30	31	32	33	50	#
327	4057	30	31	32	33	34	50	#
328	4057	31	32	33	34	35	50	#
329	4057	32	33	34	35	36	50	#
330	4057	33	34	35	36	37	50	#
331	3849	34	35	36	37	38	50	#
332	3849	35	36	37	38	39	50	#
333	6702	0	1	2	3	51	#
334	6702	1	2	3	4	51	#
335	6702	2	3	4	5	51	#
336	6702	3	4	5	6	51	#
337	6702	4	5	6	7	51	#
338	6702	5	6	7	8	51	#
339	6702	6	7	8	9	51	#
340	6702	7	8	9	10	51	#
341	6702	8	9	10	11	51	#
342	6702	9	10	11	12	51	#
343	6702	10	11	12	13	51	#
344	6702	11	12	13	14	51	#
345	6702	12	13	14	15	51	#
346	6702	13	14	15	16	51	#
347	6702	14	15	16	17	51	#
348	6702	15	16	17	18	51	#
349	6702	16	17	18	19	51	#
350	6702	17	18	19	20	51	#
351	6702	18	19	20	21	51	#
352	6702	19	20	21	22	51	#
353	6702	20	21	22	23	51	#
354	6702	21	22	23	24	51	#
355	6702	22	23	24	25	51	#
356	6702	23	24	25	26	51	#
357	6702	24	25	26	27	51	#
358	6702	25	26	27	28	51	#
359	6702	26	27	28	29	51	#
360	5253	27	28	29	30	51	#
361	5253	28	29	30	31	51	#
362	5253	29	30	31	32	51	#
363	5253	30	31	32	33	51	#
364	5253	31	32	33	34	51	#
365	5253	32	33	34	35	51	#
366	5253	33	34	35	36	51	#
367	5253	34	35	36	37	51	#
368	786	0	52	#
369	786	1	52	#
370	786	2	52	#
371	786	3	52	#
372	786	4	52	#
373	786	5	52	#
374	786	6	52	#
375	786	7	52	#
376	786	8	52	#
377	786	9	52	#
378	786	10	52	#
379	786	11	52	#
380	786	12	52	#
381	786	13	52	#
382	786	14	52	#
383	786	15	52	#
384	786	16	52	#
385	786	17	52	#
386	786	18	52	#
387	786	19	52	#
388	786	20	52	#
389	786	21	52	#
390	786	22	52	#
391	786	23	52	#
392	786	24	52	#
393	786	25	52	#
394	786	26	52	#
395	786	27	52	#
396	786	28	52	#
397	786	29	52	#
398	786	30	52	#
399	786	31	52	#
400	786	32	52	#
401	786	33	52	#
402	786	34	52	#
403	786	35	52	#
404	764	36	52	#
405	744	37	52	#
406	706	38	52	#
407	706	39	52	#
408	7434	0	1	2	3	53	#
409	7434	1	2	3	4	53	#
410	22027	0	1	2	3	4	5	6	7	8	9	54	#
411	22027	1	2	3	4	5	6	7	8	9	10	54	#
412	8472	2	3	4	5	6	7	8	9	10	11	54	#
413	8472	3	4	5	6	7	8	9	10	11	12	54	#
414	8472	4	5	6	7	8	9	10	11	12	13	54	#
415	8472	5	6	7	8	9	10	11	12	13	14	54	#
416	8472	6	7	8	9	10	11	12	13	14	15	54	#
417	8472	7	8	9	10	11	12	13	14	15	16	54	#
418	8472	8	9	10	11	12	13	14	15	16	17	54	#
419	8472	9	10	11	12	13	14	15	16	17	18	54	#
420	8472	10	11	12	13	14	15	16	17	18	19	54	#
421	8472	11	12	13	14	15	16	17	18	19	20	54	#
422	8472	12	13	14	15	16	17	18	19	20	21	54	#
423	8472	13	14	15	16	17	18	19	20	21	22	54	#
424	8472	14	15	16	17	18	19	20	21	22	23	54	#
425	8472	15	16	17	18	19	20	21	22	23	24	54	#
426	8472	16	17	18	19	20	21	22	23	24	25	54	#
427	8472	17	18	19	20	21	22	23	24	25	26	54	#
428	7595	18	19	20	21	22	23	24	25	26	27	54	#
429	7595	19	20	21	22	23	24	25	26	27	28	54	#
430	7595	20	21	22	23	24	25	26	27	28	29	54	#
431	5796	21	22	23	24	25	26	27	28	29	30	54	#
432	5796	22	23	24	25	26	27	28	29	30	31	54	#
433	5796	23	24	25	26	27	28	29	30	31	32	54	#
434	5796	24	25	26	27	28	29	30	31	32	33	54	#
435	5796	25	26	27	28	29	30	31	32	33	34	54	#
436	5796	26	27	28	29	30	31	32	33	34	35	54	#
437	5796	27	28	29	30	31	32	33	34	35	36	54	#
438	5796	28	29	30	31	32	33	34	35	36	37	54	#
439	5796	29	30	31	32	33	34	35	36	37	38	54	#
440	5648	30	31	32	33	34	35	36	37	38	39	54	#
441	16609	0	1	2	3	4	5	6	7	55	#
442	16609	1	2	3	4	5	6	7	8	55	#
443	16609	2	3	4	5	6	7	8	9	55	#
444	16609	3	4	5	6	7	8	9	10	55	#
445	16609	4	5	6	7	8	9	10	11	55	#
446	16609	5	6	7	8	9	10	11	12	55	#
447	16609	6	7	8	9	10	11	12	13	55	#
448	16609	7	8	9	10	11	12	13	14	55	#
449	16609	8	9	10	11	12	13	14	15	55	#
450	16609	9	10	11	12	13	14	15	16	55	#
451	16609	10	11	12	13	14	15	16	17	55	#
452	16609	11	12	13	14	15	16	17	18	55	#
453	16609	12	13	14	15	16	17	18	19	55	#
454	16609	13	14	15	16	17	18	19	20	55	#
455	16609	14	15	16	17	18	19	20	21	55	#
456	16609	15	16	17	18	19	20	21	22	55	#
457	16609	16	17	18	19	20	21	22	23	55	#
458	16609	17	18	19	20	21	22	23	24	55	#
459	16609	18	19	20	21	22	23	24	25	55	#
460	16609	19	20	21	22	23	24	25	26	55	#
461	16609	20	21	22	23	24	25	26	27	55	#
462	16609	21	22	23	24	25	26	27	28	55	#
463	16609	22	23	24	25	26	27	28	29	55	#
464	16609	23	24	25	26	27	28	29	30	55	#
465	16609	24	25	26	27	28	29	30	31	55	#
466	16609	25	26	27	28	29	30	31	32	55	#
467	16609	26	27	28	29	30	31	32	33	55	#
468	16609	27	28	29	30	31	32	33	34	55	#
469	15262	28	29	30	31	32	33	34	35	55	#
470	15262	29	30	31	32	33	34	35	36	55	#
471	15262	30	31	32	33	34	35	36	37	55	#
472	4184	0	1	2	3	4	56	#
473	4184	1	2	3	4	5	56	#
474	4184	2	3	4	5	6	56	#
475	4184	3	4	5	6	7	56	#
476	4184	4	5	6	7	8	56	#
477	4184	5	6	7	8	9	56	#
478	4184	6	7	8	9	10	56	#
479	4184	7	8	9	10	11	56	#
480	4184	8	9	10	11	12	56	#
481	4184	9	10	11	12	13	56	#
482	4184	10	11	12	13	14	56	#
483	4184	11	12	13	14	15	56	#
484	4184	12	13	14	15	16	56	#
485	4184	13	14	15	16	17	56	#
486	4184	14	15	16	17	18	56	#
487	4184	15	16	17	18	19	56	#
488	4184	16	17	18	19	20	56	#
489	10361	0	1	2	3	4	5	6	7	57	#
490	10361	1	2	3	4	5	6	7	8	57	#
491	10361	2	3	4	5	6	7	8	9	57	#
492	3885	3	4	5	6	7	8	9	10	57	#
493	3885	4	5	6	7	8	9	10	11	57	#
494	3885	5	6	7	8	9	10	11	12	57	#
495	3885	6	7	8	9	10	11	12	13	57	#
496	3885	7	8	9	10	11	12	13	14	57	#
497	3885	8	9	10	11	12	13	14	15	57	#
498	3885	9	10	11	12	13	14	15	16	57	#
499	3885	10	11	12	13	14	15	16	17	57	#
500	3885	11	12	13	14	15	16	17	18	57	#
501	3885	12	13	14	15	16	17	18	19	57	#
502	3885	13	14	15	16	17	18	19	20	57	#
503	3885	14	15	16	17	18	19	20	21	57	#
504	3885	15	16	17	18	19	20	21	22	57	#
505	3885	16	17	18	19	20	21	22	23	57	#
506	3885	17	18	19	20	21	22	23	24	57	#
507	6834	0	1	2	3	58	#
508	6834	1	2	3	4	58	#
509	6834	2	3	4	5	58	#
510	6834	3	4	5	6	58	#
511	6834	4	5	6	7	58	#
512	6834	5	6	7	8	58	#
513	6834	6	7	8	9	58	#
514	6834	7	8	9	10	58	#
515	2441	8	9	10	11	58	#
516	2441	9	10	11	12	58	#
517	2441	10	11	12	13	58	#
518	2441	11	12	13	14	58	#
519	2441	12	13	14	15	58	#
520	2441	13	14	15	16	58	#
521	2441	14	15	16	17	58	#
522	2441	15	16	17	18	58	#
523	2441	16	17	18	19	58	#
524	2441	17	18	19	20	58	#
525	2441	18	19	20	21	58	#
526	2441	19	20	21	22	58	#
527	2441	20	21	22	23	58	#
528	2441	21	22	23	24	58	#
529	2441	22	23	24	25	58	#
530	2441	23	24	25	26	58	#
531	2441	24	25	26	27	58	#
532	2441	25	26	27	28	58	#
533	1752	26	27	28	29	58	#
534	1752	27	28	29	30	58	#
535	1752	28	29	30	31	58	#
536	1752	29	30	31	32	58	#
537	1752	30	31	32	33	58	#
538	1752	31	32	33	34	58	#
539	1752	32	33	34	35	58	#
540	1752	33	34	35	36	58	#
541	1752	34	35	36	37	58	#
542	1752	35	36	37	38	58	#
543	1752	36	37	38	39	58	#
544	13137	0	1	2	3	4	5	6	59	#
545	13137	1	2	3	4	5	6	7	59	#
546	13137	2	3	4	5	6	7	8	59	#
547	13137	3	4	5	6	7	8	9	59	#
548	13137	4	5	6	7	8	9	10	59	#
549	13137	5	6	7	8	9	10	11	59	#
550	13137	6	7	8	9	10	11	12	59	#
551	13137	7	8	9	10	11	12	13	59	#
552	13137	8	9	10	11	12	13	14	59	#
553	13137	9	10	11	12	13	14	15	59	#
554	13137	10	11	12	13	14	15	16	59	#
555	13137	11	12	13	14	15	16	17	59	#
556	13137	12	13	14	15	16	17	18	59	#
557	13137	13	14	15	16	17	18	19	59	#
558	13137	14	15	16	17	18	19	20	59	#
559	11942	15	16	17	18	19	20	21	59	#
560	11942	16	17	18	19	20	21	22	59	#
561	2894	0	1	2	3	60	#
562	2894	1	2	3	4	60	#
563	2894	2	3	4	5	60	#
564	371	3	4	5	6	60	#
565	371	4	5	6	7	60	#
566	371	5	6	7	8	60	#
567	371	6	7	8	9	60	#
568	371	7	8	9	10	60	#
569	371	8	9	10	11	60	#
570	371	9	10	11	12	60	#
571	371	10	11	12	13	60	#
572	371	11	12	13	14	60	#
573	371	12	13	14	15	60	#
574	371	13	14	15	16	60	#
575	371	14	15	16	17	60	#
576	371	15	16	17	18	60	#
577	371	16	17	18	19	60	#
578	371	17	18	19	20	60	#
579	371	18	19	20	21	60	#
580	371	19	20	21	22	60	#
581	371	20	21	22	23	60	#
582	371	21	22	23	24	60	#
583	371	22	23	24	25	60	#
584	371	23	24	25	26	60	#
585	371	24	25	26	27	60	#
586	371	25	26	27	28	60	#
587	371	26	27	28	29	60	#
588	371	27	28	29	30	60	#
589	371	28	29	30	31	60	#
590	371	29	30	31	32	60	#
591	371	30	31	32	33	60	#
592	371	31	32	33	34	60	#
593	371	32	33	34	35	60	#
594	371	33	34	35	36	60	#
595	371	34	35	36	37	60	#
596	371	35	36	37	38	60	#
597	371	36	37	38	39	60	#
598	1247	0	1	61	#
599	1247	1	2	61	#
600	1247	2	3	61	#
601	1247	3	4	61	#
602	1247	4	5	61	#
603	1247	5	6	61	#
604	1247	6	7	61	#
605	1247	7	8	61	#
606	1247	8	9	61	#
607	1247	9	10	61	#
608	1247	10	11	61	#
609	1247	11	12	61	#
610	1247	12	13	61	#
611	1247	13	14	61	#
612	485	14	15	61	#
613	485	15	16	61	#
614	485	16	17	61	#
615	485	17	18	61	#
616	485	18	19	61	#
617	485	19	20	61	#
618	485	20	21	61	#
619	485	21	22	61	#
620	485	22	23	61	#
621	485	23	24	61	#
622	485	24	25	61	#
623	485	25	26	61	#
624	485	26	27	61	#
625	485	27	28	61	#
626	485	28	29	61	#
627	485	29	30	61	#
628	485	30	31	61	#
629	485	31	32	61	#
630	485	32	33	61	#
631	485	33	34	61	#
632	485	34	35	61	#
633	485	35	36	61	#
634	472	36	37	61	#
635	459	37	38	61	#
636	13845	0	1	2	3	4	5	6	7	8	62	#
637	13845	1	2	3	4	5	6	7	8	9	62	#
638	13845	2	3	4	5	6	7	8	9	10	62	#
639	13845	3	4	5	6	7	8	9	10	11	62	#
640	4913	4	5	6	7	8	9	10	11	12	62	#
641	4913	5	6	7	8	9	10	11	12	13	62	#
642	4913	6	7	8	9	10	11	12	13	14	62	#
643	4913	7	8	9	10	11	12	13	14	15	62	#
644	4913	8	9	10	11	12	13	14	15	16	62	#
645	4913	9	10	11	12	13	14	15	16	17	62	#
646	4913	10	11	12	13	14	15	16	17	18	62	#
647	4913	11	12	13	14	15	16	17	18	19	62	#
648	4913	12	13	14	15	16	17	18	19	20	62	#
649	4913	13	14	15	16	17	18	19	20	21	62	#
650	4913	14	15	16	17	18	19	20	21	22	62	#
651	4913	15	16	17	18	19	20	21	22	23	62	#
652	4913	16	17	18	19	20	21	22	23	24	62	#
653	4913	17	18	19	20	21	22	23	24	25	62	#
654	4913	18	19	20	21	22	23	24	25	26	62	#
655	4913	19	20	21	22	23	24	25	26	27	62	#
656	4913	20	21	22	23	24	25	26	27	28	62	#
657	4913	21	22	23	24	25	26	27	28	29	62	#
658	4913	22	23	24	25	26	27	28	29	30	62	#
659	4913	23	24	25	26	27	28	29	30	31	62	#
660	4008	24	25	26	27	28	29	30	31	32	62	#
661	4008	25	26	27	28	29	30	31	32	33	62	#
662	4008	26	27	28	29	30	31	32	33	34	62	#
663	4008	27	28	29	30	31	32	33	34	35	62	#
664	4008	28	29	30	31	32	33	34	35	36	62	#
665	4008	29	30	31	32	33	34	35	36	37	62	#
666	4008	30	31	32	33	34	35	36	37	38	62	#
667	13661	0	1	2	3	4	5	6	63	#
668	13661	1	2	3	4	5	6	7	63	#
669	13661	2	3	4	5	6	7	8	63	#
670	13661	3	4	5	6	7	8	9	63	#
671	13661	4	5	6	7	8	9	10	63	#
672	13661	5	6	7	8	9	10	11	63	#
673	13661	6	7	8	9	10	11	12	63	#
674	13661	7	8	9	10	11	12	13	63	#
675	13661	8	9	10	11	12	13	14	63	#
676	13661	9	10	11	12	13	14	15	63	#
677	13661	10	11	12	13	14	15	16	63	#
678	13661	11	12	13	14	15	16	17	63	#
679	13661	12	13	14	15	16	17	18	63	#
680	13661	13	14	15	16	17	18	19	63	#
681	13661	14	15	16	17	18	19	20	63	#
682	13661	15	16	17	18	19	20	21	63	#
683	13661	16	17	18	19	20	21	22	63	#
684	13661	17	18	19	20	21	22	23	63	#
685	13661	18	19	20	21	22	23	24	63	#
686	13661	19	20	21	22	23	24	25	63	#
687	13661	20	21	22	23	24	25	26	63	#
688	13661	21	22	23	24	25	26	27	63	#
689	13173	22	23	24	25	26	27	28	63	#
690	11177	23	24	25	26	27	28	29	63	#
691	11177	24	25	26	27	28	29	30	63	#
692	11177	25	26	27	28	29	30	31	63	#
693	11177	26	27	28	29	30	31	32	63	#
694	11177	27	28	29	30	31	32	33	63	#
695	10246	28	29	30	31	32	33	34	63	#
696	10246	29	30	31	32	33	34	35	63	#
697	10246	30	31	32	33	34	35	36	63	#
698	9969	31	32	33	34	35	36	37	63	#
699	9458	32	33	34	35	36	37	38	63	#
700	9458	33	34	35	36	37	38	39	63	#
701	9160	0	1	2	3	4	5	6	64	#
702	9160	1	2	3	4	5	6	7	64	#
703	9160	2	3	4	5	6	7	8	64	#
704	9160	3	4	5	6	7	8	9	64	#
705	9160	4	5	6	7	8	9	10	64	#
706	9160	5	6	7	8	9	10	11	64	#
707	9160	6	7	8	9	10	11	12	64	#
708	9160	7	8	9	10	11	12	13	64	#
709	9160	8	9	10	11	12	13	14	64	#
710	9160	9	10	11	12	13	14	15	64	#
711	9160	10	11	12	13	14	15	16	64	#
712	9160	11	12	13	14	15	16	17	64	#
713	9160	12	13	14	15	16	17	18	64	#
714	9160	13	14	15	16	17	18	19	64	#
715	9160	14	15	16	17	18	19	20	64	#
716	9160	15	16	17	18	19	20	21	64	#
717	9160	16	17	18	19	20	21	22	64	#
718	9160	17	18	19	20	21	22	23	64	#
719	9160	18	19	20	21	22	23	24	64	#
720	9160	19	20	21	22	23	24	25	64	#
721	9160	20	21	22	23	24	25	26	64	#
722	9160	21	22	23	24	25	26	27	64	#
723	9160	22	23	24	25	26	27	28	64	#
724	9160	23	24	25	26	27	28	29	64	#
725	9160	24	25	26	27	28	29	30	64	#
726	9160	25	26	27	28	29	30	31	64	#
727	9160	26	27	28	29	30	31	32	64	#
728	9160	27	28	29	30	31	32	33	64	#
729	9160	28	29	30	31	32	33	34	64	#
730	9160	29	30	31	32	33	34	35	64	#
731	9160	30	31	32	33	34	35	36	64	#
732	9160	31	32	33	34	35	36	37	64	#
733	8918	32	33	34	35	36	37	38	64	#
734	5414	0	1	2	65	#
735	5414	1	2	3	65	#
736	5414	2	3	4	65	#
737	5414	3	4	5	65	#
738	5414	4	5	6	65	#
739	5414	5	6	7	65	#
740	5414	6	7	8	65	#
741	5414	7	8	9	65	#
742	5414	8	9	10	65	#
743	5414	9	10	11	65	#
744	5414	10	11	12	65	#
745	5414	11	12	13	65	#
746	5414	12	13	14	65	#
747	5414	13	14	15	65	#
748	5414	14	15	16	65	#
749	5414	15	16	17	65	#
750	5414	16	17	18	65	#
751	5414	17	18	19	65	#
752	5414	18	19	20	65	#
753	5414	19	20	21	65	#
754	23696	0	1	2	3	4	5	6	7	8	9	66	#
755	23696	1	2	3	4	5	6	7	8	9	10	66	#
756	23696	2	3	4	5	6	7	8	9	10	11	66	#
757	23696	3	4	5	6	7	8	9	10	11	12	66	#
758	23696	4	5	6	7	8	9	10	11	12	13	66	#
759	23696	5	6	7	8	9	10	11	12	13	14	66	#
760	23696	6	7	8	9	10	11	12	13	14	15	66	#
761	23696	7	8	9	10	11	12	13	14	15	16	66	#
762	23696	8	9	10	11	12	13	14	15	16	17	66	#
763	23696	9	10	11	12	13	14	15	16	17	18	66	#
764	23696	10	11	12	13	14	15	16	17	18	19	66	#
765	23696	11	12	13	14	15	16	17	18	19	20	66	#
766	23696	12	13	14	15	16	17	18	19	20	21	66	#
767	14218	13	14	15	16	17	18	19	20	21	22	66	#
768	14218	14	15	16	17	18	19	20	21	22	23	66	#
769	14218	15	16	17	18	19	20	21	22	23	24	66	#
770	14218	16	17	18	19	20	21	22	23	24	25	66	#
771	14218	17	18	19	20	21	22	23	24	25	26	66	#
772	14218	18	19	20	21	22	23	24	25	26	27	66	#
773	14218	19	20	21	22	23	24	25	26	27	28	66	#
774	14218	20	21	22	23	24	25	26	27	28	29	66	#
775	14218	21	22	23	24	25	26	27	28	29	30	66	#
776	14218	22	23	24	25	26	27	28	29	30	31	66	#
777	14218	23	24	25	26	27	28	29	30	31	32	66	#
778	14218	24	25	26	27	28	29	30	31	32	33	66	#
779	14218	25	26	27	28	29	30	31	32	33	34	66	#
780	14218	26	27	28	29	30	31	32	33	34	35	66	#
781	12759	27	28	29	30	31	32	33	34	35	36	66	#
782	12759	28	29	30	31	32	33	34	35	36	37	66	#
783	12759	29	30	31	32	33	34	35	36	37	38	66	#
784	12759	30	31	32	33	34	35	36	37	38	39	66	#
785	1337	0	1	67	#
786	1337	1	2	67	#
787	1337	2	3	67	#
788	1337	3	4	67	#
789	1337	4	5	67	#
790	230	5	6	67	#
791	230	6	7	67	#
792	230	7	8	67	#
793	230	8	9	67	#
794	230	9	10	67	#
795	230	10	11	67	#
796	230	11	12	67	#
797	230	12	13	67	#
798	230	13	14	67	#
799	230	14	15	67	#
800	230	15	16	67	#
801	230	16	17	67	#
802	230	17	18	67	#
803	230	18	19	67	#
804	230	19	20	67	#
805	230	20	21	67	#
806	230	21	22	67	#
807	230	22	23	67	#
808	230	23	24	67	#
809	230	24	25	67	#
810	230	25	26	67	#
811	230	26	27	67	#
812	230	27	28	67	#
813	230	28	29	67	#
814	176	29	30	67	#
815	176	30	31	67	#
816	176	31	32	67	#
817	176	32	33	67	#
818	176	33	34	67	#
819	176	34	35	67	#
820	176	35	36	67	#
821	176	36	37	67	#
822	176	37	38	67	#
823	171	38	39	67	#
824	7304	0	1	2	3	4	5	6	68	#
825	7304	1	2	3	4	5	6	7	68	#
826	7304	2	3	4	5	6	7	8	68	#
827	7304	3	4	5	6	7	8	9	68	#
828	7304	4	5	6	7	8	9	10	68	#
829	7304	5	6	7	8	9	10	11	68	#
830	7304	6	7	8	9	10	11	12	68	#
831	7304	7	8	9	10	11	12	13	68	#
832	7304	8	9	10	11	12	13	14	68	#
833	7304	9	10	11	12	13	14	15	68	#
834	7304	10	11	12	13	14	15	16	68	#
835	7304	11	12	13	14	15	16	17	68	#
836	7304	12	13	14	15	16	17	18	68	#
837	7304	13	14	15	16	17	18	19	68	#
838	7304	14	15	16	17	18	19	20	68	#
839	3948	15	16	17	18	19	20	21	68	#
840	3948	16	17	18	19	20	21	22	68	#
841	3948	17	18	19	20	21	22	23	68	#
842	3948	18	19	20	21	22	23	24	68	#
843	3948	19	20	21	22	23	24	25	68	#
844	3948	20	21	22	23	24	25	26	68	#
845	3948	21	22	23	24	25	26	27	68	#
846	3948	22	23	24	25	26	27	28	68	#
847	3948	23	24	25	26	27	28	29	68	#
848	3948	24	25	26	27	28	29	30	68	#
849	3948	25	26	27	28	29	30	31	68	#
850	3948	26	27	28	29	30	31	32	68	#
851	3948	27	28	29	30	31	32	33	68	#
852	3948	28	29	30	31	32	33	34	68	#
853	3948	29	30	31	32	33	34	35	68	#
854	3948	30	31	32	33	34	35	36	68	#
855	3948	31	32	33	34	35	36	37	68	#
856	6894	0	1	2	3	4	5	6	69	#
857	6894	1	2	3	4	5	6	7	69	#
858	6894	2	3	4	5	6	7	8	69	#
859	6894	3	4	5	6	7	8	9	69	#
860	6894	4	5	6	7	8	9	10	69	#
861	6894	5	6	7	8	9	10	11	69	#
862	6894	6	7	8	9	10	11	12	69	#
863	6894	7	8	9	10	11	12	13	69	#
864	6894	8	9	10	11	12	13	14	69	#
865	6894	9	10	11	12	13	14	15	69	#
866	6894	10	11	12	13	14	15	16	69	#
867	6894	11	12	13	14	15	16	17	69	#
868	6894	12	13	14	15	16	17	18	69	#
869	6894	13	14	15	16	17	18	19	69	#
870	6894	14	15	16	17	18	19	20	69	#
871	6894	15	16	17	18	19	20	21	69	#
872	6894	16	17	18	19	20	21	22	69	#
873	6894	17	18	19	20	21	22	23	69	#
874	6894	18	19	20	21	22	23	24	69	#
875	6894	19	20	21	22	23	24	25	69	#
876	6894	20	21	22	23	24	25	26	69	#
877	6894	21	22	23	24	25	26	27	69	#
878	6894	22	23	24	25	26	27	28	69	#
879	4950	23	24	25	26	27	28	29	69	#
880	4950	24	25	26	27	28	29	30	69	#
881	4950	25	26	27	28	29	30	31	69	#
882	4950	26	27	28	29	30	31	32	69	#
883	4950	27	28	29	30	31	32	33	69	#
884	4950	28	29	30	31	32	33	34	69	#
885	4950	29	30	31	32	33	34	35	69	#
886	4950	30	31	32	33	34	35	36	69	#
887	4950	31	32	33	34	35	36	37	69	#
888	4950	32	33	34	35	36	37	38	69	#
889	4950	33	34	35	36	37	38	39	69	#
890	16418	0	1	2	3	4	5	6	7	70	#
891	16418	1	2	3	4	5	6	7	8	70	#
892	16418	2	3	4	5	6	7	8	9	70	#
893	16418	3	4	5	6	7	8	9	10	70	#
894	16418	4	5	6	7	8	9	10	11	70	#
895	16418	5	6	7	8	9	10	11	12	70	#
896	16418	6	7	8	9	10	11	12	13	70	#
897	16418	7	8	9	10	11	12	13	14	70	#
898	16418	8	9	10	11	12	13	14	15	70	#
899	16418	9	10	11	12	13	14	15	16	70	#
900	16418	10	11	12	13	14	15	16	17	70	#
901	16418	11	12	13	14	15	16	17	18	70	#
902	16418	12	13	14	15	16	17	18	19	70	#
903	16418	13	14	15	16	17	18	19	20	70	#
904	16418	14	15	16	17	18	19	20	21	70	#
905	16418	15	16	17	18	19	20	21	22	70	#
906	16418	16	17	18	19	20	21	22	23	70	#
907	16418	17	18	19	20	21	22	23	24	70	#
908	16418	18	19	20	21	22	23	24	25	70	#
909	16418	19	20	21	22	23	24	25	26	70	#
910	16418	20	21	22	23	24	25	26	27	70	#
911	16418	21	22	23	24	25	26	27	28	70	#
912	16418	22	23	24	25	26	27	28	29	70	#
913	16418	23	24	25	26	27	28	29	30	70	#
914	16418	24	25	26	27	28	29	30	31	70	#
915	16418	25	26	27	28	29	30	31	32	70	#
916	16418	26	27	28	29	30	31	32	33	70	#
917	4022	0	1	2	3	71	#
918	4022	1	2	3	4	71	#
919	4022	2	3	4	5	71	#
920	4022	3	4	5	6	71	#
921	4022	4	5	6	7	71	#
922	4022	5	6	7	8	71	#
923	4022	6	7	8	9	71	#
924	4022	7	8	9	10	71	#
925	871	0	72	#
926	871	1	72	#
927	871	2	72	#
928	871	3	72	#
929	871	4	72	#
930	871	5	72	#
931	871	6	72	#
932	871	7	72	#
933	871	8	72	#
934	871	9	72	#
935	871	10	72	#
936	871	11	72	#
937	871	12	72	#
938	871	13	72	#
939	871	14	72	#
940	871	15	72	#
941	871	16	72	#
942	871	17	72	#
943	871	18	72	#
944	871	19	72	#
945	871	20	72	#
946	871	21	72	#
947	871	22	72	#
948	871	23	72	#
949	871	24	72	#
950	871	25	72	#
951	871	26	72	#
952	871	27	72	#
953	871	28	72	#
954	871	29	72	#
955	871	30	72	#
956	871	31	72	#
957	871	32	72	#
958	871	33	72	#
959	871	34	72	#
960	871	35	72	#
961	871	36	72	#
962	14949	0	1	2	3	4	5	6	73	#
963	14949	1	2	3	4	5	6	7	73	#
964	14949	2	3	4	5	6	7	8	73	#
965	14949	3	4	5	6	7	8	9	73	#
966	14949	4	5	6	7	8	9	10	73	#
967	14949	5	6	7	8	9	10	11	73	#
968	14949	6	7	8	9	10	11	12	73	#
969	14949	7	8	9	10	11	12	13	73	#
970	14949	8	9	10	11	12	13	14	73	#
971	14949	9	10	11	12	13	14	15	73	#
972	14949	10	11	12	13	14	15	16	73	#
973	14949	11	12	13	14	15	16	17	73	#
974	14949	12	13	14	15	16	17	18	73	#
975	14949	13	14	15	16	17	18	19	73	#
976	14949	14	15	16	17	18	19	20	73	#
977	9060	15	16	17	18	19	20	21	73	#
978	9060	16	17	18	19	20	21	22	73	#
979	9060	17	18	19	20	21	22	23	73	#
980	9060	18	19	20	21	22	23	24	73	#
981	9060	19	20	21	22	23	24	25	73	#
982	9060	20	21	22	23	24	25	26	73	#
983	9060	21	22	23	24	25	26	27	73	#
984	9060	22	23	24	25	26	27	28	73	#
985	9060	23	24	25	26	27	28	29	73	#
986	9060	24	25	26	27	28	29	30	73	#
987	9060	25	26	27	28	29	30	31	73	#
988	9060	26	27	28	29	30	31	32	73	#
989	9060	27	28	29	30	31	32	33	73	#
990	13960	0	1	2	3	4	5	6	7	8	9	74	#
991	13960	1	2	3	4	5	6	7	8	9	10	74	#
992	13960	2	3	4	5	6	7	8	9	10	11	74	#
993	13960	3	4	5	6	7	8	9	10	11	12	74	#
994	13960	4	5	6	7	8	9	10	11	12	13	74	#
995	13960	5	6	7	8	9	10	11	12	13	14	74	#
996	13960	6	7	8	9	10	11	12	13	14	15	74	#
997	13960	7	8	9	10	11	12	13	14	15	16	74	#
998	13960	8	9	10	11	12	13	14	15	16	17	74	#
999	13960	9	10	11	12	13	14	15	16	17	18	74	#
1000	13960	10	11	12	13	14	15	16	17	18	19	74	#
1001	13960	11	12	13	14	15	16	17	18	19	20	74	#
1002	12691	12	13	14	15	16	17	18	19	20	21	74	#
1003	12691	13	14	15	16	17	18	19	20	21	22	74	#
1004	10341	14	15	16	17	18	19	20	21	22	23	74	#
1005	10341	15	16	17	18	19	20	21	22	23	24	74	#
1006	10341	16	17	18	19	20	21	22	23	24	25	74	#
1007	10341	17	18	19	20	21	22	23	24	25	26	74	#
1008	10341	18	19	20	21	22	23	24	25	26	27	74	#
1009	7159	19	20	21	22	23	24	25	26	27	28	74	#
1010	7159	20	21	22	23	24	25	26	27	28	29	74	#
1011	7159	21	22	23	24	25	26	27	28	29	30	74	#
1012	7159	22	23	24	25	26	27	28	29	30	31	74	#
1013	7159	23	24	25	26	27	28	29	30	31	32	74	#
1014	7159	24	25	26	27	28	29	30	31	32	33	74	#
1015	7159	25	26	27	28	29	30	31	32	33	34	74	#
1016	7159	26	27	28	29	30	31	32	33	34	35	74	#
1017	7159	27	28	29	30	31	32	33	34	35	36	74	#
1018	7159	28	29	30	31	32	33	34	35	36	37	74	#
1019	7159	29	30	31	32	33	34	35	36	37	38	74	#
1020	7159	30	31	32	33	34	35	36	37	38	39	74	#
1021	12608	0	1	2	3	4	5	6	75	#
1022	12608	1	2	3	4	5	6	7	75	#
1023	3866	0	1	2	3	76	#
1024	3866	1	2	3	4	76	#
1025	3866	2	3	4	5	76	#
1026	3866	3	4	5	6	76	#
1027	3866	4	5	6	7	76	#
1028	3866	5	6	7	8	76	#
1029	3866	6	7	8	9	76	#
1030	3866	7	8	9	10	76	#
1031	3866	8	9	10	11	76	#
1032	3866	9	10	11	12	76	#
1033	3866	10	11	12	13	76	#
1034	1933	11	12	13	14	76	#
1035	1933	12	13	14	15	76	#
1036	1933	13	14	15	16	76	#
1037	1933	14	15	16	17	76	#
1038	1933	15	16	17	18	76	#
1039	1933	16	17	18	19	76	#
1040	1933	17	18	19	20	76	#
1041	1933	18	19	20	21	76	#
1042	1933	19	20	21	22	76	#
1043	1933	20	21	22	23	76	#
1044	1933	21	22	23	24	76	#
1045	1933	22	23	24	25	76	#
1046	1933	23	24	25	26	76	#
1047	1396	24	25	26	27	76	#
1048	1396	25	26	27	28	76	#
1049	1396	26	27	28	29	76	#
1050	1396	27	28	29	30	76	#
1051	1396	28	29	30	31	76	#
1052	1396	29	30	31	32	76	#
1053	1396	30	31	32	33	76	#
1054	1396	31	32	33	34	76	#
1055	1396	32	33	34	35	76	#
1056	1396	33	34	35	36	76	#
1057	693	0	77	#
1058	693	1	77	#
1059	693	2	77	#
1060	693	3	77	#
1061	20181	0	1	2	3	4	5	6	7	8	78	#
1062	20181	1	2	3	4	5	6	7	8	9	78	#
1063	20181	2	3	4	5	6	7	8	9	10	78	#
1064	20181	3	4	5	6	7	8	9	10	11	78	#
1065	20181	4	5	6	7	8	9	10	11	12	78	#
1066	20181	5	6	7	8	9	10	11	12	13	78	#
1067	20181	6	7	8	9	10	11	12	13	14	78	#
1068	20181	7	8	9	10	11	12	13	14	15	78	#
1069	20181	8	9	10	11	12	13	14	15	16	78	#
1070	20181	9	10	11	12	13	14	15	16	17	78	#
1071	20181	10	11	12	13	14	15	16	17	18	78	#
1072	20181	11	12	13	14	15	16	17	18	19	78	#
1073	20181	12	13	14	15	16	17	18	19	20	78	#
1074	1050	0	79	#
1075	1050	1	79	#
1076	1050	2	79	#
1077	1050	3	79	#
1078	1050	4	79	#
1079	1050	5	79	#
1080	1050	6	79	#
1081	1050	7	79	#
1082	1050	8	79	#
1083	1050	9	79	#
1084	1050	10	79	#
1085	1050	11	79	#
1086	1050	12	79	#
1087	1050	13	79	#
1088	1050	14	79	#
1089	459	15	79	#
1090	459	16	79	#
1091	459	17	79	#
1092	459	18	79	#
1093	459	19	79	#
1094	459	20	79	#
1095	459	21	79	#
1096	459	22	79	#
1097	459	23	79	#
1098	459	24	79	#
1099	459	25	79	#
1100	459	26	79	#
1101	459	27	79	#
1102	459	28	79	#
1103	459	29	79	#
1104	459	30	79	#
1105	459	31	79	#
1106	459	32	79	#
1107	397	33	79	#
1108	397	34	79	#
1109	397	35	79	#
1110	397	36	79	#
1111	397	37	79	#
1112	377	38	79	#
1113	377	39	79	#
1114	6519	0	1	2	3	4	80	#
1115	6519	1	2	3	4	5	80	#
1116	6519	2	3	4	5	6	80	#
1117	6519	3	4	5	6	7	80	#
1118	6519	4	5	6	7	8	80	#
1119	6519	5	6	7	8	9	80	#
1120	6519	6	7	8	9	10	80	#
1121	6519	7	8	9	10	11	80	#
1122	6519	8	9	10	11	12	80	#
1123	6519	9	10	11	12	13	80	#
1124	6519	10	11	12	13	14	80	#
1125	6519	11	12	13	14	15	80	#
1126	6519	12	13	14	15	16	80	#
1127	6519	13	14	15	16	17	80	#
1128	6519	14	15	16	17	18	80	#
1129	6519	15	16	17	18	19	80	#
1130	6519	16	17	18	19	20	80	#
1131	6519	17	18	19	20	21	80	#
1132	6519	18	19	20	21	22	80	#
1133	6519	19	20	21	22	23	80	#
1134	6519	20	21	22	23	24	80	#
1135	4478	0	1	2	3	4	81	#
1136	4478	1	2	3	4	5	81	#
1137	4478	2	3	4	5	6	81	#
1138	4478	3	4	5	6	7	81	#
1139	4478	4	5	6	7	8	81	#
1140	4478	5	6	7	8	9	81	#
1141	4478	6	7	8	9	10	81	#
1142	4478	7	8	9	10	11	81	#
1143	4478	8	9	10	11	12	81	#
1144	4478	9	10	11	12	13	81	#
1145	4478	10	11	12	13	14	81	#
1146	4478	11	12	13	14	15	81	#
1147	4478	12	13	14	15	16	81	#
1148	4478	13	14	15	16	17	81	#
1149	4478	14	15	16	17	18	81	#
1150	4478	15	16	17	18	19	81	#
1151	4478	16	17	18	19	20	81	#
1152	4478	17	18	19	20	21	81	#
1153	4478	18	19	20	21	22	81	#
1154	4478	19	20	21	22	23	81	#
1155	3121	20	21	22	23	24	81	#
1156	3121	21	22	23	24	25	81	#
1157	3121	22	23	24	25	26	81	#
1158	3121	23	24	25	26	27	81	#
1159	3121	24	25	26	27	28	81	#
1160	3121	25	26	27	28	29	81	#
1161	3121	26	27	28	29	30	81	#
1162	3121	27	28	29	30	31	81	#
1163	3121	28	29	30	31	32	81	#
1164	3121	29	30	31	32	33	81	#
1165	7134	0	1	2	3	4	5	6	7	82	#
1166	7134	1	2	3	4	5	6	7	8	82	#
1167	7134	2	3	4	5	6	7	8	9	82	#
1168	7134	3	4	5	6	7	8	9	10	82	#
1169	7134	4	5	6	7	8	9	10	11	82	#
1170	7134	5	6	7	8	9	10	11	12	82	#
1171	7134	6	7	8	9	10	11	12	13	82	#
1172	14571	0	1	2	3	4	5	6	83	#
1173	14571	1	2	3	4	5	6	7	83	#
1174	14571	2	3	4	5	6	7	8	83	#
1175	14571	3	4	5	6	7	8	9	83	#
1176	14571	4	5	6	7	8	9	10	83	#
1177	14571	5	6	7	8	9	10	11	83	#
1178	14571	6	7	8	9	10	11	12	83	#
1179	14571	7	8	9	10	11	12	13	83	#
1180	14571	8	9	10	11	12	13	14	83	#
1181	14571	9	10	11	12	13	14	15	83	#
1182	14571	10	11	12	13	14	15	16	83	#
1183	14571	11	12	13	14	15	16	17	83	#
1184	14571	12	13	14	15	16	17	18	83	#
1185	14571	13	14	15	16	17	18	19	83	#
1186	14571	14	15	16	17	18	19	20	83	#
1187	14571	15	16	17	18	19	20	21	83	#
1188	14571	16	17	18	19	20	21	22	83	#
1189	14571	17	18	19	20	21	22	23	83	#
1190	14571	18	19	20	21	22	23	24	83	#
1191	14571	19	20	21	22	23	24	25	83	#
1192	14571	20	21	22	23	24	25	26	83	#
1193	14571	21	22	23	24	25	26	27	83	#
1194	916	0	84	#
1195	916	1	84	#
1196	916	2	84	#
1197	916	3	84	#
1198	916	4	84	#
1199	916	5	84	#
1200	916	6	84	#
1201	916	7	84	#
1202	916	8	84	#
1203	916	9	84	#
1204	916	10	84	#
1205	916	11	84	#
1206	916	12	84	#
1207	916	13	84	#
1208	916	14	84	#
1209	916	15	84	#
1210	916	16	84	#
1211	916	17	84	#
1212	916	18	84	#
1213	916	19	84	#
1214	916	20	84	#
1215	916	21	84	#
1216	916	22	84	#
1217	916	23	84	#
1218	916	24	84	#
1219	916	25	84	#
1220	7256	0	1	2	3	85	#
1221	7256	1	2	3	4	85	#
1222	7256	2	3	4	5	85	#
1223	7256	3	4	5	6	85	#
1224	7256	4	5	6	7	85	#
1225	7256	5	6	7	8	85	#
1226	7256	6	7	8	9	85	#
1227	7256	7	8	9	10	85	#
1228	7256	8	9	10	11	85	#
1229	7256	9	10	11	12	85	#
1230	7256	10	11	12	13	85	#
1231	7256	11	12	13	14	85	#
1232	7256	12	13	14	15	85	#
1233	7256	13	14	15	16	85	#
1234	7256	14	15	16	17	85	#
1235	7256	15	16	17	18	85	#
1236	7256	16	17	18	19	85	#
1237	7256	17	18	19	20	85	#
1238	7256	18	19	20	21	85	#
1239	7256	19	20	21	22	85	#
1240	7256	20	21	22	23	85	#
1241	7256	21	22	23	24	85	#
1242	7256	22	23	24	25	85	#
1243	7256	23	24	25	26	85	#
1244	7256	24	25	26	27	85	#
1245	7256	25	26	27	28	85	#
1246	7256	26	27	28	29	85	#
1247	6787	27	28	29	30	85	#
1248	6787	28	29	30	31	85	#
1249	5845	29	30	31	32	85	#
1250	5845	30	31	32	33	85	#
1251	5845	31	32	33	34	85	#
1252	5845	32	33	34	35	85	#
1253	5845	33	34	35	36	85	#
1254	5687	34	35	36	37	85	#
1255	5838	0	1	2	3	86	#
1256	5838	1	2	3	4	86	#
1257	5838	2	3	4	5	86	#
1258	5838	3	4	5	6	86	#
1259	5838	4	5	6	7	86	#
1260	5838	5	6	7	8	86	#
1261	5838	6	7	8	9	86	#
1262	5838	7	8	9	10	86	#
1263	5838	8	9	10	11	86	#
1264	5838	9	10	11	12	86	#
1265	2802	10	11	12	13	86	#
1266	2802	11	12	13	14	86	#
1267	2802	12	13	14	15	86	#
1268	2802	13	14	15	16	86	#
1269	2802	14	15	16	17	86	#
1270	2802	15	16	17	18	86	#
1271	2802	16	17	18	19	86	#
1272	2802	17	18	19	20	86	#
1273	2802	18	19	20	21	86	#
1274	2802	19	20	21	22	86	#
1275	2802	20	21	22	23	86	#
1276	2802	21	22	23	24	86	#
1277	2802	22	23	24	25	86	#
1278	4537	0	1	2	87	#
1279	4537	1	2	3	87	#
1280	4537	2	3	4	87	#
1281	4537	3	4	5	87	#
1282	4537	4	5	6	87	#
1283	4537	5	6	7	87	#
1284	4537	6	7	8	87	#
1285	4537	7	8	9	87	#
1286	4537	8	9	10	87	#
1287	4537	9	10	11	87	#
1288	4537	10	11	12	87	#
1289	4537	11	12	13	87	#
1290	4537	12	13	14	87	#
1291	4537	13	14	15	87	#
1292	4537	14	15	16	87	#
1293	4537	15	16	17	87	#
1294	4537	16	17	18	87	#
1295	4537	17	18	19	87	#
1296	4537	18	19	20	87	#
1297	4537	19	20	21	87	#
1298	4537	20	21	22	87	#
1299	4537	21	22	23	87	#
1300	4537	22	23	24	87	#
1301	4537	23	24	25	87	#
1302	4537	24	25	26	87	#
1303	4537	25	26	27	87	#
1304	4083	26	27	28	87	#
1305	4083	27	28	29	87	#
1306	4083	28	29	30	87	#
1307	3712	29	30	31	87	#
1308	3712	30	31	32	87	#
1309	3712	31	32	33	87	#
1310	3500	32	33	34	87	#
1311	3500	33	34	35	87	#
1312	3141	34	35	36	87	#
1313	3141	35	36	37	87	#
1314	3141	36	37	38	87	#
1315	3141	37	38	39	87	#
1316	14699	0	1	2	3	4	5	6	7	8	9	88	#
1317	14699	1	2	3	4	5	6	7	8	9	10	88	#
1318	14699	2	3	4	5	6	7	8	9	10	11	88	#
1319	14699	3	4	5	6	7	8	9	10	11	12	88	#
1320	14699	4	5	6	7	8	9	10	11	12	13	88	#
1321	14699	5	6	7	8	9	10	11	12	13	14	88	#
1322	14699	6	7	8	9	10	11	12	13	14	15	88	#
1323	14699	7	8	9	10	11	12	13	14	15	16	88	#
1324	14699	8	9	10	11	12	13	14	15	16	17	88	#
1325	14699	9	10	11	12	13	14	15	16	17	18	88	#
1326	14699	10	11	12	13	14	15	16	17	18	19	88	#
1327	14699	11	12	13	14	15	16	17	18	19	20	88	#
1328	14699	12	13	14	15	16	17	18	19	20	21	88	#
1329	14699	13	14	15	16	17	18	19	20	21	22	88	#
1330	14699	14	15	16	17	18	19	20	21	22	23	88	#
1331	14699	15	16	17	18	19	20	21	22	23	24	88	#
1332	14699	16	17	18	19	20	21	22	23	24	25	88	#
1333	11854	17	18	19	20	21	22	23	24	25	26	88	#
1334	11854	18	19	20	21	22	23	24	25	26	27	88	#
1335	11854	19	20	21	22	23	24	25	26	27	28	88	#
1336	11854	20	21	22	23	24	25	26	27	28	29	88	#
1337	11854	21	22	23	24	25	26	27	28	29	30	88	#
1338	11854	22	23	24	25	26	27	28	29	30	31	88	#
1339	11136	23	24	25	26	27	28	29	30	31	32	88	#
1340	11136	24	25	26	27	28	29	30	31	32	33	88	#
1341	9932	25	26	27	28	29	30	31	32	33	34	88	#
1342	9932	26	27	28	29	30	31	32	33	34	35	88	#
1343	9932	27	28	29	30	31	32	33	34	35	36	88	#
1344	9932	28	29	30	31	32	33	34	35	36	37	88	#
1345	9423	29	30	31	32	33	34	35	36	37	38	88	#
1346	9423	30	31	32	33	34	35	36	37	38	39	88	#
1347	11412	0	1	2	3	4	5	6	7	8	9	89	#
1348	11412	1	2	3	4	5	6	7	8	9	10	89	#
1349	11412	2	3	4	5	6	7	8	9	10	11	89	#
1350	11412	3	4	5	6	7	8	9	10	11	12	89	#
1351	11412	4	5	6	7	8	9	10	11	12	13	89	#
1352	11412	5	6	7	8	9	10	11	12	13	14	89	#
1353	11412	6	7	8	9	10	11	12	13	14	15	89	#
1354	11412	7	8	9	10	11	12	13	14	15	16	89	#
1355	11412	8	9	10	11	12	13	14	15	16	17	89	#
1356	11412	9	10	11	12	13	14	15	16	17	18	89	#
1357	11412	10	11	12	13	14	15	16	17	18	19	89	#
1358	11412	11	12	13	14	15	16	17	18	19	20	89	#
1359	11412	12	13	14	15	16	17	18	19	20	21	89	#
1360	11412	13	14	15	16	17	18	19	20	21	22	89	#
1361	11412	14	15	16	17	18	19	20	21	22	23	89	#
1362	11412	15	16	17	18	19	20	21	22	23	24	89	#
1363	11412	16	17	18	19	20	21	22	23	24	25	89	#
1364	11412	17	18	19	20	21	22	23	24	25	26	89	#
1365	11412	18	19	20	21	22	23	24	25	26	27	89	#
1366	11412	19	20	21	22	23	24	25	26	27	28	89	#
1367	11412	20	21	22	23	24	25	26	27	28	29	89	#
1368	11412	21	22	23	24	25	26	27	28	29	30	89	#
1369	10374	22	23	24	25	26	27	28	29	30	31	89	#
1370	10374	23	24	25	26	27	28	29	30	31	32	89	#
1371	10374	24	25	26	27	28	29	30	31	32	33	89	#
1372	2085	0	1	90	#
1373	2085	1	2	90	#
1374	2085	2	3	90	#
1375	2085	3	4	90	#
1376	2085	4	5	90	#
1377	2085	5	6	90	#
1378	2085	6	7	90	#
1379	2085	7	8	90	#
1380	2085	8	9	90	#
1381	2085	9	10	90	#
1382	2085	10	11	90	#
1383	2085	11	12	90	#
1384	2085	12	13	90	#
1385	2085	13	14	90	#
1386	2085	14	15	90	#
1387	2085	15	16	90	#
1388	2085	16	17	90	#
1389	2085	17	18	90	#
1390	2085	18	19	90	#
1391	2085	19	20	90	#
1392	2085	20	21	90	#
1393	2085	21	22	90	#
1394	2085	22	23	90	#
1395	2085	23	24	90	#
1396	2085	24	25	90	#
1397	2085	25	26	90	#
1398	2085	26	27	90	#
1399	2085	27	28	90	#
1400	2085	28	29	90	#
1401	2085	29	30	90	#
1402	2085	30	31	90	#
1403	2085	31	32	90	#
1404	2085	32	33	90	#
1405	8677	0	1	2	3	4	91	#
1406	8677	1	2	3	4	5	91	#
1407	8677	2	3	4	5	6	91	#
1408	3719	3	4	5	6	7	91	#
1409	3719	4	5	6	7	8	91	#
1410	3719	5	6	7	8	9	91	#
1411	3719	6	7	8	9	10	91	#
1412	3719	7	8	9	10	11	91	#
1413	3719	8	9	10	11	12	91	#
1414	3719	9	10	11	12	13	91	#
1415	3719	10	11	12	13	14	91	#
1416	3254	11	12	13	14	15	91	#
1417	3254	12	13	14	15	16	91	#
1418	2740	13	14	15	16	17	91	#
1419	2740	14	15	16	17	18	91	#
1420	2740	15	16	17	18	19	91	#
1421	2169	16	17	18	19	20	91	#
1422	2169	17	18	19	20	21	91	#
1423	2169	18	19	20	21	22	91	#
1424	2169	19	20	21	22	23	91	#
1425	2169	20	21	22	23	24	91	#
1426	18643	0	1	2	3	4	5	6	7	8	9	92	#
1427	18643	1	2	3	4	5	6	7	8	9	10	92	#
1428	18643	2	3	4	5	6	7	8	9	10	11	92	#
1429	18643	3	4	5	6	7	8	9	10	11	12	92	#
1430	18643	4	5	6	7	8	9	10	11	12	13	92	#
1431	18643	5	6	7	8	9	10	11	12	13	14	92	#
1432	18643	6	7	8	9	10	11	12	13	14	15	92	#
1433	18643	7	8	9	10	11	12	13	14	15	16	92	#
1434	18643	8	9	10	11	12	13	14	15	16	17	92	#
1435	18643	9	10	11	12	13	14	15	16	17	18	92	#
1436	18643	10	11	12	13	14	15	16	17	18	19	92	#
1437	18643	11	12	13	14	15	16	17	18	19	20	92	#
1438	18643	12	13	14	15	16	17	18	19	20	21	92	#
1439	18643	13	14	15	16	17	18	19	20	21	22	92	#
1440	18643	14	15	16	17	18	19	20	21	22	23	92	#
1441	18643	15	16	17	18	19	20	21	22	23	24	92	#
1442	18643	16	17	18	19	20	21	22	23	24	25	92	#
1443	18643	17	18	19	20	21	22	23	24	25	26	92	#
1444	18643	18	19	20	21	22	23	24	25	26	27	92	#
1445	18643	19	20	21	22	23	24	25	26	27	28	92	#
1446	18643	20	21	22	23	24	25	26	27	28	29	92	#
1447	18643	21	22	23	24	25	26	27	28	29	30	92	#
1448	18643	22	23	24	25	26	27	28	29	30	31	92	#
1449	18643	23	24	25	26	27	28	29	30	31	32	92	#
1450	18643	24	25	26	27	28	29	30	31	32	33	92	#
1451	18643	25	26	27	28	29	30	31	32	33	34	92	#
1452	18643	26	27	28	29	30	31	32	33	34	35	92	#
1453	18125	27	28	29	30	31	32	33	34	35	36	92	#
1454	17635	28	29	30	31	32	33	34	35	36	37	92	#
1455	16731	29	30	31	32	33	34	35	36	37	38	92	#
1456	16731	30	31	32	33	34	35	36	37	38	39	92	#
1457	5926	0	1	2	3	4	93	#
1458	5926	1	2	3	4	5	93	#
1459	5926	2	3	4	5	6	93	#
1460	5926	3	4	5	6	7	93	#
1461	5926	4	5	6	7	8	93	#
1462	5926	5	6	7	8	9	93	#
1463	5926	6	7	8	9	10	93	#
1464	5926	7	8	9	10	11	93	#
1465	5926	8	9	10	11	12	93	#
1466	5926	9	10	11	12	13	93	#
1467	5926	10	11	12	13	14	93	#
1468	5926	11	12	13	14	15	93	#
1469	5926	12	13	14	15	16	93	#
1470	5926	13	14	15	16	17	93	#
1471	5926	14	15	16	17	18	93	#
1472	5926	15	16	17	18	19	93	#
1473	5926	16	17	18	19	20	93	#
1474	5926	17	18	19	20	21	93	#
1475	5926	18	19	20	21	22	93	#
1476	5926	19	20	21	22	23	93	#
1477	5926	20	21	22	23	24	93	#
1478	5926	21	22	23	24	25	93	#
1479	5926	22	23	24	25	26	93	#
1480	5926	23	24	25	26	27	93	#
1481	5926	24	25	26	27	28	93	#
1482	5926	25	26	27	28	29	93	#
1483	5926	26	27	28	29	30	93	#
1484	5926	27	28	29	30	31	93	#
1485	5926	28	29	30	31	32	93	#
1486	5926	29	30	31	32	33	93	#
1487	5146	30	31	32	33	34	93	#
1488	5146	31	32	33	34	35	93	#
1489	5146	32	33	34	35	36	93	#
1490	5146	33	34	35	36	37	93	#
1491	5146	34	35	36	37	38	93	#
1492	5014	35	36	37	38	39	93	#
1493	17859	0	1	2	3	4	5	6	7	8	9	94	#
1494	17859	1	2	3	4	5	6	7	8	9	10	94	#
1495	17859	2	3	4	5	6	7	8	9	10	11	94	#
1496	17859	3	4	5	6	7	8	9	10	11	12	94	#
1497	6303	4	5	6	7	8	9	10	11	12	13	94	#
1498	6303	5	6	7	8	9	10	11	12	13	14	94	#
1499	6303	6	7	8	9	10	11	12	13	14	15	94	#
1500	6303	7	8	9	10	11	12	13	14	15	16	94	#
1501	6303	8	9	10	11	12	13	14	15	16	17	94	#
1502	6303	9	10	11	12	13	14	15	16	17	18	94	#
1503	6303	10	11	12	13	14	15	16	17	18	19	94	#
1504	6303	11	12	13	14	15	16	17	18	19	20	94	#
1505	6303	12	13	14	15	16	17	18	19	20	21	94	#
1506	6303	13	14	15	16	17	18	19	20	21	22	94	#
1507	6303	14	15	16	17	18	19	20	21	22	23	94	#
1508	6303	15	16	17	18	19	20	21	22	23	24	94	#
1509	6303	16	17	18	19	20	21	22	23	24	25	94	#
1510	6303	17	18	19	20	21	22	23	24	25	26	94	#
1511	6303	18	19	20	21	22	23	24	25	26	27	94	#
1512	6303	19	20	21	22	23	24	25	26	27	28	94	#
1513	6303	20	21	22	23	24	25	26	27	28	29	94	#
1514	6303	21	22	23	24	25	26	27	28	29	30	94	#
1515	6303	22	23	24	25	26	27	28	29	30	31	94	#
1516	6303	23	24	25	26	27	28	29	30	31	32	94	#
1517	6303	24	25	26	27	28	29	30	31	32	33	94	#
1518	6303	25	26	27	28	29	30	31	32	33	34	94	#
1519	5953	26	27	28	29	30	31	32	33	34	35	94	#
1520	5953	27	28	29	30	31	32	33	34	35	36	94	#
1521	5640	28	29	30	31	32	33	34	35	36	37	94	#
1522	5640	29	30	31	32	33	34	35	36	37	38	94	#
1523	8524	0	1	2	3	4	5	6	7	8	9	95	#
1524	8524	1	2	3	4	5	6	7	8	9	10	95	#
1525	8524	2	3	4	5	6	7	8	9	10	11	95	#
1526	8524	3	4	5	6	7	8	9	10	11	12	95	#
1527	8524	4	5	6	7	8	9	10	11	12	13	95	#
1528	8524	5	6	7	8	9	10	11	12	13	14	95	#
1529	8524	6	7	8	9	10	11	12	13	14	15	95	#
1530	8524	7	8	9	10	11	12	13	14	15	16	95	#
1531	8524	8	9	10	11	12	13	14	15	16	17	95	#
1532	8524	9	10	11	12	13	14	15	16	17	18	95	#
1533	8524	10	11	12	13	14	15	16	17	18	19	95	#
1534	8524	11	12	13	14	15	16	17	18	19	20	95	#
1535	8524	12	13	14	15	16	17	18	19	20	21	95	#
1536	8524	13	14	15	16	17	18	19	20	21	22	95	#
1537	8524	14	15	16	17	18	19	20	21	22	23	95	#
1538	8524	15	16	17	18	19	20	21	22	23	24	95	#
1539	8524	16	17	18	19	20	21	22	23	24	25	95	#
1540	8524	17	18	19	20	21	22	23	24	25	26	95	#
1541	8524	18	19	20	21	22	23	24	25	26	27	95	#
1542	6769	19	20	21	22	23	24	25	26	27	28	95	#
1543	6769	20	21	22	23	24	25	26	27	28	29	95	#
1544	6769	21	22	23	24	25	26	27	28	29	30	95	#
1545	6769	22	23	24	25	26	27	28	29	30	31	95	#
1546	6769	23	24	25	26	27	28	29	30	31	32	95	#
1547	6769	24	25	26	27	28	29	30	31	32	33	95	#
1548	6769	25	26	27	28	29	30	31	32	33	34	95	#
1549	6056	26	27	28	29	30	31	32	33	34	35	95	#
1550	6056	27	28	29	30	31	32	33	34	35	36	95	#
1551	6056	28	29	30	31	32	33	34	35	36	37	95	#
1552	6056	29	30	31	32	33	34	35	36	37	38	95	#
1553	5901	30	31	32	33	34	35	36	37	38	39	95	#
1554	5959	0	1	2	3	96	#
1555	5959	1	2	3	4	96	#
1556	5959	2	3	4	5	96	#
1557	5959	3	4	5	6	96	#
1558	5959	4	5	6	7	96	#
1559	5959	5	6	7	8	96	#
1560	1538	6	7	8	9	96	#
1561	1538	7	8	9	10	96	#
1562	1538	8	9	10	11	96	#
1563	1538	9	10	11	12	96	#
1564	1538	10	11	12	13	96	#
1565	1538	11	12	13	14	96	#
1566	1538	12	13	14	15	96	#
1567	1538	13	14	15	16	96	#
1568	1538	14	15	16	17	96	#
1569	1538	15	16	17	18	96	#
1570	1538	16	17	18	19	96	#
1571	1538	17	18	19	20	96	#
1572	1538	18	19	20	21	96	#
1573	1538	19	20	21	22	96	#
1574	1538	20	21	22	23	96	#
1575	1538	21	22	23	24	96	#
1576	1538	22	23	24	25	96	#
1577	1538	23	24	25	26	96	#
1578	1538	24	25	26	27	96	#
1579	1538	25	26	27	28	96	#
1580	1538	26	27	28	29	96	#
1581	1538	27	28	29	30	96	#
1582	1538	28	29	30	31	96	#
1583	9337	0	1	2	3	4	97	#
1584	9337	1	2	3	4	5	97	#
1585	9337	2	3	4	5	6	97	#
1586	9337	3	4	5	6	7	97	#
1587	9337	4	5	6	7	8	97	#
1588	9337	5	6	7	8	9	97	#
1589	9337	6	7	8	9	10	97	#
1590	9337	7	8	9	10	11	97	#
1591	9337	8	9	10	11	12	97	#
1592	9337	9	10	11	12	13	97	#
1593	9337	10	11	12	13	14	97	#
1594	9337	11	12	13	14	15	97	#
1595	9337	12	13	14	15	16	97	#
1596	9337	13	14	15	16	17	97	#
1597	9337	14	15	16	17	18	97	#
1598	9337	15	16	17	18	19	97	#
1599	9337	16	17	18	19	20	97	#
1600	9337	17	18	19	20	21	97	#
1601	9337	18	19	20	21	22	97	#
1602	9337	19	20	21	22	23	97	#
1603	9337	20	21	22	23	24	97	#
