%% File generated by CATS v.2.1Mon Aug 19 20:45:48 2019

%% The CATS webpage is http://robotics.stanford.edu/CATS

%% PARAMETER SETTINGS:
% Goods: 25; Bids: 250; Distribution: scheduling; Runs: 10; Seed: 1566267566
% Scheduling Distribution Parameters:
% max_length                = 10
% deviation                 = 0.500000
% prob_additional_deadline  = 0.700000
% additivity                = 0.200000



goods 25
bids 263
dummy 17

0	1159	0	1	25	#
1	1159	1	2	25	#
2	1159	2	3	25	#
3	1159	3	4	25	#
4	1159	4	5	25	#
5	1159	5	6	25	#
6	1159	6	7	25	#
7	1159	7	8	25	#
8	1159	8	9	25	#
9	745	9	10	25	#
10	745	10	11	25	#
11	745	11	12	25	#
12	745	12	13	25	#
13	745	13	14	25	#
14	549	14	15	25	#
15	549	15	16	25	#
16	549	16	17	25	#
17	549	17	18	25	#
18	549	18	19	25	#
19	522	19	20	25	#
20	435	20	21	25	#
21	435	21	22	25	#
22	435	22	23	25	#
23	435	23	24	25	#
24	13288	0	1	2	3	4	5	6	7	26	#
25	13288	1	2	3	4	5	6	7	8	26	#
26	13288	2	3	4	5	6	7	8	9	26	#
27	13288	3	4	5	6	7	8	9	10	26	#
28	13288	4	5	6	7	8	9	10	11	26	#
29	13510	0	1	2	3	4	5	6	7	27	#
30	13510	1	2	3	4	5	6	7	8	27	#
31	13510	2	3	4	5	6	7	8	9	27	#
32	13510	3	4	5	6	7	8	9	10	27	#
33	6141	4	5	6	7	8	9	10	11	27	#
34	6141	5	6	7	8	9	10	11	12	27	#
35	6141	6	7	8	9	10	11	12	13	27	#
36	6141	7	8	9	10	11	12	13	14	27	#
37	6141	8	9	10	11	12	13	14	15	27	#
38	6141	9	10	11	12	13	14	15	16	27	#
39	6141	10	11	12	13	14	15	16	17	27	#
40	6141	11	12	13	14	15	16	17	18	27	#
41	6141	12	13	14	15	16	17	18	19	27	#
42	6141	13	14	15	16	17	18	19	20	27	#
43	6141	14	15	16	17	18	19	20	21	27	#
44	6141	15	16	17	18	19	20	21	22	27	#
45	5874	16	17	18	19	20	21	22	23	27	#
46	5629	17	18	19	20	21	22	23	24	27	#
47	2617	0	1	2	28	#
48	2617	1	2	3	28	#
49	2617	2	3	4	28	#
50	2617	3	4	5	28	#
51	2617	4	5	6	28	#
52	2617	5	6	7	28	#
53	2617	6	7	8	28	#
54	2617	7	8	9	28	#
55	2617	8	9	10	28	#
56	1635	9	10	11	28	#
57	1635	10	11	12	28	#
58	1635	11	12	13	28	#
59	1635	12	13	14	28	#
60	1635	13	14	15	28	#
61	1635	14	15	16	28	#
62	1055	0	29	#
63	1055	1	29	#
64	1055	2	29	#
65	1055	3	29	#
66	1055	4	29	#
67	1055	5	29	#
68	1055	6	29	#
69	1055	7	29	#
70	1055	8	29	#
71	1055	9	29	#
72	1055	10	29	#
73	1055	11	29	#
74	1055	12	29	#
75	1055	13	29	#
76	1055	14	29	#
77	1055	15	29	#
78	1055	16	29	#
79	1055	17	29	#
80	1055	18	29	#
81	1055	19	29	#
82	1055	20	29	#
83	1055	21	29	#
84	1008	22	29	#
85	964	23	29	#
86	4591	0	1	2	3	4	30	#
87	4591	1	2	3	4	5	30	#
88	4591	2	3	4	5	6	30	#
89	4591	3	4	5	6	7	30	#
90	4591	4	5	6	7	8	30	#
91	4591	5	6	7	8	9	30	#
92	4591	6	7	8	9	10	30	#
93	4591	7	8	9	10	11	30	#
94	5131	0	1	2	3	4	31	#
95	5131	1	2	3	4	5	31	#
96	5131	2	3	4	5	6	31	#
97	5131	3	4	5	6	7	31	#
98	5131	4	5	6	7	8	31	#
99	1945	0	1	2	32	#
100	1945	1	2	3	32	#
101	1945	2	3	4	32	#
102	1945	3	4	5	32	#
103	1945	4	5	6	32	#
104	1945	5	6	7	32	#
105	1945	6	7	8	32	#
106	1945	7	8	9	32	#
107	1945	8	9	10	32	#
108	1945	9	10	11	32	#
109	1945	10	11	12	32	#
110	1945	11	12	13	32	#
111	1945	12	13	14	32	#
112	1945	13	14	15	32	#
113	1945	14	15	16	32	#
114	1945	15	16	17	32	#
115	1945	16	17	18	32	#
116	1945	17	18	19	32	#
117	1945	18	19	20	32	#
118	1945	19	20	21	32	#
119	1945	20	21	22	32	#
120	19486	0	1	2	3	4	5	6	7	8	33	#
121	19486	1	2	3	4	5	6	7	8	9	33	#
122	19486	2	3	4	5	6	7	8	9	10	33	#
123	19486	3	4	5	6	7	8	9	10	11	33	#
124	19486	4	5	6	7	8	9	10	11	12	33	#
125	19486	5	6	7	8	9	10	11	12	13	33	#
126	19486	6	7	8	9	10	11	12	13	14	33	#
127	19486	7	8	9	10	11	12	13	14	15	33	#
128	19486	8	9	10	11	12	13	14	15	16	33	#
129	17321	9	10	11	12	13	14	15	16	17	33	#
130	17321	10	11	12	13	14	15	16	17	18	33	#
131	7292	0	1	2	3	4	34	#
132	7292	1	2	3	4	5	34	#
133	7292	2	3	4	5	6	34	#
134	7292	3	4	5	6	7	34	#
135	7292	4	5	6	7	8	34	#
136	7292	5	6	7	8	9	34	#
137	7292	6	7	8	9	10	34	#
138	7292	7	8	9	10	11	34	#
139	7292	8	9	10	11	12	34	#
140	3646	9	10	11	12	13	34	#
141	3646	10	11	12	13	14	34	#
142	3646	11	12	13	14	15	34	#
143	3646	12	13	14	15	16	34	#
144	3646	13	14	15	16	17	34	#
145	3646	14	15	16	17	18	34	#
146	3646	15	16	17	18	19	34	#
147	3646	16	17	18	19	20	34	#
148	3646	17	18	19	20	21	34	#
149	3646	18	19	20	21	22	34	#
150	3646	19	20	21	22	23	34	#
151	3646	20	21	22	23	24	34	#
152	3778	0	1	2	3	4	35	#
153	3778	1	2	3	4	5	35	#
154	3778	2	3	4	5	6	35	#
155	3778	3	4	5	6	7	35	#
156	3778	4	5	6	7	8	35	#
157	3778	5	6	7	8	9	35	#
158	3778	6	7	8	9	10	35	#
159	3778	7	8	9	10	11	35	#
160	3778	8	9	10	11	12	35	#
161	3778	9	10	11	12	13	35	#
162	3778	10	11	12	13	14	35	#
163	3778	11	12	13	14	15	35	#
164	3778	12	13	14	15	16	35	#
165	3023	13	14	15	16	17	35	#
166	3023	14	15	16	17	18	35	#
167	3023	15	16	17	18	19	35	#
168	3023	16	17	18	19	20	35	#
169	17004	0	1	2	3	4	5	6	7	8	9	36	#
170	17004	1	2	3	4	5	6	7	8	9	10	36	#
171	17004	2	3	4	5	6	7	8	9	10	11	36	#
172	17004	3	4	5	6	7	8	9	10	11	12	36	#
173	17004	4	5	6	7	8	9	10	11	12	13	36	#
174	17004	5	6	7	8	9	10	11	12	13	14	36	#
175	17004	6	7	8	9	10	11	12	13	14	15	36	#
176	17004	7	8	9	10	11	12	13	14	15	16	36	#
177	17004	8	9	10	11	12	13	14	15	16	17	36	#
178	17004	9	10	11	12	13	14	15	16	17	18	36	#
179	17004	10	11	12	13	14	15	16	17	18	19	36	#
180	17004	11	12	13	14	15	16	17	18	19	20	36	#
181	17004	12	13	14	15	16	17	18	19	20	21	36	#
182	17004	13	14	15	16	17	18	19	20	21	22	36	#
183	17004	14	15	16	17	18	19	20	21	22	23	36	#
184	17004	15	16	17	18	19	20	21	22	23	24	36	#
185	7495	0	1	2	3	37	#
186	7495	1	2	3	4	37	#
187	7495	2	3	4	5	37	#
188	7495	3	4	5	6	37	#
189	7495	4	5	6	7	37	#
190	7495	5	6	7	8	37	#
191	7495	6	7	8	9	37	#
192	7495	7	8	9	10	37	#
193	10204	0	1	2	3	4	38	#
194	10204	1	2	3	4	5	38	#
195	5102	2	3	4	5	6	38	#
196	5102	3	4	5	6	7	38	#
197	5102	4	5	6	7	8	38	#
198	5102	5	6	7	8	9	38	#
199	5102	6	7	8	9	10	38	#
200	2834	7	8	9	10	11	38	#
201	2834	8	9	10	11	12	38	#
202	2834	9	10	11	12	13	38	#
203	2834	10	11	12	13	14	38	#
204	2834	11	12	13	14	15	38	#
205	2834	12	13	14	15	16	38	#
206	2834	13	14	15	16	17	38	#
207	2834	14	15	16	17	18	38	#
208	13772	0	1	2	3	4	5	6	7	39	#
209	13772	1	2	3	4	5	6	7	8	39	#
210	13772	2	3	4	5	6	7	8	9	39	#
211	13772	3	4	5	6	7	8	9	10	39	#
212	13772	4	5	6	7	8	9	10	11	39	#
213	13772	5	6	7	8	9	10	11	12	39	#
214	13772	6	7	8	9	10	11	12	13	39	#
215	13772	7	8	9	10	11	12	13	14	39	#
216	13772	8	9	10	11	12	13	14	15	39	#
217	13772	9	10	11	12	13	14	15	16	39	#
218	13772	10	11	12	13	14	15	16	17	39	#
219	13772	11	12	13	14	15	16	17	18	39	#
220	13772	12	13	14	15	16	17	18	19	39	#
221	12461	13	14	15	16	17	18	19	20	39	#
222	12461	14	15	16	17	18	19	20	21	39	#
223	11894	15	16	17	18	19	20	21	22	39	#
224	10903	16	17	18	19	20	21	22	23	39	#
225	10903	17	18	19	20	21	22	23	24	39	#
226	9369	0	1	2	3	4	5	6	40	#
227	9369	1	2	3	4	5	6	7	40	#
228	9369	2	3	4	5	6	7	8	40	#
229	9369	3	4	5	6	7	8	9	40	#
230	9369	4	5	6	7	8	9	10	40	#
231	9369	5	6	7	8	9	10	11	40	#
232	9369	6	7	8	9	10	11	12	40	#
233	9369	7	8	9	10	11	12	13	40	#
234	6410	8	9	10	11	12	13	14	40	#
235	6410	9	10	11	12	13	14	15	40	#
236	6410	10	11	12	13	14	15	16	40	#
237	6410	11	12	13	14	15	16	17	40	#
238	6410	12	13	14	15	16	17	18	40	#
239	6410	13	14	15	16	17	18	19	40	#
240	4214	0	1	2	41	#
241	4214	1	2	3	41	#
242	4214	2	3	4	41	#
243	4214	3	4	5	41	#
244	4214	4	5	6	41	#
245	4214	5	6	7	41	#
246	4214	6	7	8	41	#
247	4214	7	8	9	41	#
248	4214	8	9	10	41	#
249	4214	9	10	11	41	#
250	4214	10	11	12	41	#
251	2107	11	12	13	41	#
252	2107	12	13	14	41	#
253	2107	13	14	15	41	#
254	2107	14	15	16	41	#
255	2107	15	16	17	41	#
256	2107	16	17	18	41	#
257	2107	17	18	19	41	#
258	2107	18	19	20	41	#
259	2107	19	20	21	41	#
260	2107	20	21	22	41	#
261	2107	21	22	23	41	#
262	2107	22	23	24	41	#
