%% File generated by CATS v.2.1Mon Aug 19 20:45:53 2019

%% The CATS webpage is http://robotics.stanford.edu/CATS

%% PARAMETER SETTINGS:
% Goods: 35; Bids: 350; Distribution: scheduling; Runs: 10; Seed: 1566267589
% Scheduling Distribution Parameters:
% max_length                = 10
% deviation                 = 0.500000
% prob_additional_deadline  = 0.700000
% additivity                = 0.200000



goods 35
bids 358
dummy 17

0	8864	0	1	2	3	4	5	6	35	#
1	8864	1	2	3	4	5	6	7	35	#
2	8864	2	3	4	5	6	7	8	35	#
3	8864	3	4	5	6	7	8	9	35	#
4	8864	4	5	6	7	8	9	10	35	#
5	8864	5	6	7	8	9	10	11	35	#
6	8864	6	7	8	9	10	11	12	35	#
7	8864	7	8	9	10	11	12	13	35	#
8	8864	8	9	10	11	12	13	14	35	#
9	5951	0	1	2	3	4	36	#
10	5951	1	2	3	4	5	36	#
11	5951	2	3	4	5	6	36	#
12	5951	3	4	5	6	7	36	#
13	5951	4	5	6	7	8	36	#
14	5951	5	6	7	8	9	36	#
15	5951	6	7	8	9	10	36	#
16	5951	7	8	9	10	11	36	#
17	5951	8	9	10	11	12	36	#
18	5951	9	10	11	12	13	36	#
19	5951	10	11	12	13	14	36	#
20	5951	11	12	13	14	15	36	#
21	5951	12	13	14	15	16	36	#
22	5951	13	14	15	16	17	36	#
23	5951	14	15	16	17	18	36	#
24	5951	15	16	17	18	19	36	#
25	5951	16	17	18	19	20	36	#
26	5951	17	18	19	20	21	36	#
27	5951	18	19	20	21	22	36	#
28	5951	19	20	21	22	23	36	#
29	5951	20	21	22	23	24	36	#
30	5951	21	22	23	24	25	36	#
31	5951	22	23	24	25	26	36	#
32	5951	23	24	25	26	27	36	#
33	5951	24	25	26	27	28	36	#
34	5951	25	26	27	28	29	36	#
35	5951	26	27	28	29	30	36	#
36	10063	0	1	2	3	4	37	#
37	10063	1	2	3	4	5	37	#
38	10063	2	3	4	5	6	37	#
39	10063	3	4	5	6	7	37	#
40	10063	4	5	6	7	8	37	#
41	10063	5	6	7	8	9	37	#
42	10063	6	7	8	9	10	37	#
43	10063	7	8	9	10	11	37	#
44	10063	8	9	10	11	12	37	#
45	10063	9	10	11	12	13	37	#
46	10063	10	11	12	13	14	37	#
47	10063	11	12	13	14	15	37	#
48	10063	12	13	14	15	16	37	#
49	10063	13	14	15	16	17	37	#
50	10063	14	15	16	17	18	37	#
51	10063	15	16	17	18	19	37	#
52	10063	16	17	18	19	20	37	#
53	10063	17	18	19	20	21	37	#
54	10063	18	19	20	21	22	37	#
55	10063	19	20	21	22	23	37	#
56	10063	20	21	22	23	24	37	#
57	10063	21	22	23	24	25	37	#
58	10063	22	23	24	25	26	37	#
59	10063	23	24	25	26	27	37	#
60	1941	0	1	2	38	#
61	1941	1	2	3	38	#
62	1941	2	3	4	38	#
63	1941	3	4	5	38	#
64	1941	4	5	6	38	#
65	1941	5	6	7	38	#
66	1941	6	7	8	38	#
67	1941	7	8	9	38	#
68	1941	8	9	10	38	#
69	1941	9	10	11	38	#
70	1941	10	11	12	38	#
71	1941	11	12	13	38	#
72	1941	12	13	14	38	#
73	1941	13	14	15	38	#
74	1941	14	15	16	38	#
75	1941	15	16	17	38	#
76	1941	16	17	18	38	#
77	1941	17	18	19	38	#
78	1941	18	19	20	38	#
79	1941	19	20	21	38	#
80	1941	20	21	22	38	#
81	1941	21	22	23	38	#
82	1941	22	23	24	38	#
83	1941	23	24	25	38	#
84	1941	24	25	26	38	#
85	1941	25	26	27	38	#
86	1941	26	27	28	38	#
87	1941	27	28	29	38	#
88	1941	28	29	30	38	#
89	1941	29	30	31	38	#
90	1823	30	31	32	38	#
91	1823	31	32	33	38	#
92	1770	32	33	34	38	#
93	11075	0	1	2	3	4	5	6	7	39	#
94	3371	1	2	3	4	5	6	7	8	39	#
95	3371	2	3	4	5	6	7	8	9	39	#
96	3371	3	4	5	6	7	8	9	10	39	#
97	3371	4	5	6	7	8	9	10	11	39	#
98	3371	5	6	7	8	9	10	11	12	39	#
99	3371	6	7	8	9	10	11	12	13	39	#
100	3371	7	8	9	10	11	12	13	14	39	#
101	3371	8	9	10	11	12	13	14	15	39	#
102	3371	9	10	11	12	13	14	15	16	39	#
103	3371	10	11	12	13	14	15	16	17	39	#
104	3371	11	12	13	14	15	16	17	18	39	#
105	3371	12	13	14	15	16	17	18	19	39	#
106	3371	13	14	15	16	17	18	19	20	39	#
107	3371	14	15	16	17	18	19	20	21	39	#
108	3371	15	16	17	18	19	20	21	22	39	#
109	3371	16	17	18	19	20	21	22	23	39	#
110	2871	17	18	19	20	21	22	23	24	39	#
111	2871	18	19	20	21	22	23	24	25	39	#
112	2871	19	20	21	22	23	24	25	26	39	#
113	2871	20	21	22	23	24	25	26	27	39	#
114	2501	21	22	23	24	25	26	27	28	39	#
115	2501	22	23	24	25	26	27	28	29	39	#
116	2501	23	24	25	26	27	28	29	30	39	#
117	2501	24	25	26	27	28	29	30	31	39	#
118	19839	0	1	2	3	4	5	6	7	8	9	40	#
119	19839	1	2	3	4	5	6	7	8	9	10	40	#
120	19839	2	3	4	5	6	7	8	9	10	11	40	#
121	19839	3	4	5	6	7	8	9	10	11	12	40	#
122	14879	4	5	6	7	8	9	10	11	12	13	40	#
123	14879	5	6	7	8	9	10	11	12	13	14	40	#
124	14879	6	7	8	9	10	11	12	13	14	15	40	#
125	14879	7	8	9	10	11	12	13	14	15	16	40	#
126	7214	8	9	10	11	12	13	14	15	16	17	40	#
127	7214	9	10	11	12	13	14	15	16	17	18	40	#
128	7214	10	11	12	13	14	15	16	17	18	19	40	#
129	7214	11	12	13	14	15	16	17	18	19	20	40	#
130	7214	12	13	14	15	16	17	18	19	20	21	40	#
131	7214	13	14	15	16	17	18	19	20	21	22	40	#
132	7214	14	15	16	17	18	19	20	21	22	23	40	#
133	7214	15	16	17	18	19	20	21	22	23	24	40	#
134	7214	16	17	18	19	20	21	22	23	24	25	40	#
135	7214	17	18	19	20	21	22	23	24	25	26	40	#
136	7214	18	19	20	21	22	23	24	25	26	27	40	#
137	7214	19	20	21	22	23	24	25	26	27	28	40	#
138	7214	20	21	22	23	24	25	26	27	28	29	40	#
139	7214	21	22	23	24	25	26	27	28	29	30	40	#
140	7214	22	23	24	25	26	27	28	29	30	31	40	#
141	7214	23	24	25	26	27	28	29	30	31	32	40	#
142	7214	24	25	26	27	28	29	30	31	32	33	40	#
143	7002	25	26	27	28	29	30	31	32	33	34	40	#
144	6925	0	1	2	3	4	5	6	41	#
145	6925	1	2	3	4	5	6	7	41	#
146	6925	2	3	4	5	6	7	8	41	#
147	6925	3	4	5	6	7	8	9	41	#
148	6925	4	5	6	7	8	9	10	41	#
149	6925	5	6	7	8	9	10	11	41	#
150	6925	6	7	8	9	10	11	12	41	#
151	6925	7	8	9	10	11	12	13	41	#
152	6925	8	9	10	11	12	13	14	41	#
153	6925	9	10	11	12	13	14	15	41	#
154	6925	10	11	12	13	14	15	16	41	#
155	6925	11	12	13	14	15	16	17	41	#
156	6925	12	13	14	15	16	17	18	41	#
157	6925	13	14	15	16	17	18	19	41	#
158	6925	14	15	16	17	18	19	20	41	#
159	6925	15	16	17	18	19	20	21	41	#
160	6925	16	17	18	19	20	21	22	41	#
161	6925	17	18	19	20	21	22	23	41	#
162	6925	18	19	20	21	22	23	24	41	#
163	6925	19	20	21	22	23	24	25	41	#
164	6925	20	21	22	23	24	25	26	41	#
165	6925	21	22	23	24	25	26	27	41	#
166	6925	22	23	24	25	26	27	28	41	#
167	5703	23	24	25	26	27	28	29	41	#
168	5703	24	25	26	27	28	29	30	41	#
169	5703	25	26	27	28	29	30	31	41	#
170	5703	26	27	28	29	30	31	32	41	#
171	5703	27	28	29	30	31	32	33	41	#
172	5703	28	29	30	31	32	33	34	41	#
173	6448	0	1	2	3	4	42	#
174	6448	1	2	3	4	5	42	#
175	6448	2	3	4	5	6	42	#
176	6448	3	4	5	6	7	42	#
177	6448	4	5	6	7	8	42	#
178	6448	5	6	7	8	9	42	#
179	3627	6	7	8	9	10	42	#
180	3627	7	8	9	10	11	42	#
181	3627	8	9	10	11	12	42	#
182	3627	9	10	11	12	13	42	#
183	3627	10	11	12	13	14	42	#
184	3627	11	12	13	14	15	42	#
185	3627	12	13	14	15	16	42	#
186	2418	13	14	15	16	17	42	#
187	2418	14	15	16	17	18	42	#
188	2418	15	16	17	18	19	42	#
189	2418	16	17	18	19	20	42	#
190	2418	17	18	19	20	21	42	#
191	2418	18	19	20	21	22	42	#
192	2418	19	20	21	22	23	42	#
193	2418	20	21	22	23	24	42	#
194	2001	21	22	23	24	25	42	#
195	2001	22	23	24	25	26	42	#
196	2001	23	24	25	26	27	42	#
197	2001	24	25	26	27	28	42	#
198	2001	25	26	27	28	29	42	#
199	1707	26	27	28	29	30	42	#
200	1707	27	28	29	30	31	42	#
201	1707	28	29	30	31	32	42	#
202	1707	29	30	31	32	33	42	#
203	1707	30	31	32	33	34	42	#
204	10215	0	1	2	3	4	5	6	7	8	9	43	#
205	10215	1	2	3	4	5	6	7	8	9	10	43	#
206	10215	2	3	4	5	6	7	8	9	10	11	43	#
207	10215	3	4	5	6	7	8	9	10	11	12	43	#
208	10215	4	5	6	7	8	9	10	11	12	13	43	#
209	10215	5	6	7	8	9	10	11	12	13	14	43	#
210	10215	6	7	8	9	10	11	12	13	14	15	43	#
211	10215	7	8	9	10	11	12	13	14	15	16	43	#
212	10215	8	9	10	11	12	13	14	15	16	17	43	#
213	10215	9	10	11	12	13	14	15	16	17	18	43	#
214	10215	10	11	12	13	14	15	16	17	18	19	43	#
215	10215	11	12	13	14	15	16	17	18	19	20	43	#
216	10215	12	13	14	15	16	17	18	19	20	21	43	#
217	10215	13	14	15	16	17	18	19	20	21	22	43	#
218	10215	14	15	16	17	18	19	20	21	22	23	43	#
219	10215	15	16	17	18	19	20	21	22	23	24	43	#
220	10215	16	17	18	19	20	21	22	23	24	25	43	#
221	10215	17	18	19	20	21	22	23	24	25	26	43	#
222	10215	18	19	20	21	22	23	24	25	26	27	43	#
223	10215	19	20	21	22	23	24	25	26	27	28	43	#
224	4320	0	1	2	3	44	#
225	4320	1	2	3	4	44	#
226	4320	2	3	4	5	44	#
227	4320	3	4	5	6	44	#
228	4320	4	5	6	7	44	#
229	4320	5	6	7	8	44	#
230	4320	6	7	8	9	44	#
231	4320	7	8	9	10	44	#
232	4320	8	9	10	11	44	#
233	4320	9	10	11	12	44	#
234	4320	10	11	12	13	44	#
235	4320	11	12	13	14	44	#
236	4320	12	13	14	15	44	#
237	4320	13	14	15	16	44	#
238	3840	14	15	16	17	44	#
239	3840	15	16	17	18	44	#
240	3292	16	17	18	19	44	#
241	3292	17	18	19	20	44	#
242	3292	18	19	20	21	44	#
243	3142	19	20	21	22	44	#
244	2880	20	21	22	23	44	#
245	2880	21	22	23	24	44	#
246	11814	0	1	2	3	4	5	6	7	8	9	45	#
247	11814	1	2	3	4	5	6	7	8	9	10	45	#
248	11814	2	3	4	5	6	7	8	9	10	11	45	#
249	11814	3	4	5	6	7	8	9	10	11	12	45	#
250	11814	4	5	6	7	8	9	10	11	12	13	45	#
251	11814	5	6	7	8	9	10	11	12	13	14	45	#
252	11814	6	7	8	9	10	11	12	13	14	15	45	#
253	11814	7	8	9	10	11	12	13	14	15	16	45	#
254	11814	8	9	10	11	12	13	14	15	16	17	45	#
255	11814	9	10	11	12	13	14	15	16	17	18	45	#
256	11814	10	11	12	13	14	15	16	17	18	19	45	#
257	11814	11	12	13	14	15	16	17	18	19	20	45	#
258	11814	12	13	14	15	16	17	18	19	20	21	45	#
259	11814	13	14	15	16	17	18	19	20	21	22	45	#
260	11814	14	15	16	17	18	19	20	21	22	23	45	#
261	11814	15	16	17	18	19	20	21	22	23	24	45	#
262	11814	16	17	18	19	20	21	22	23	24	25	45	#
263	11814	17	18	19	20	21	22	23	24	25	26	45	#
264	11814	18	19	20	21	22	23	24	25	26	27	45	#
265	11814	19	20	21	22	23	24	25	26	27	28	45	#
266	11814	20	21	22	23	24	25	26	27	28	29	45	#
267	11814	21	22	23	24	25	26	27	28	29	30	45	#
268	11814	22	23	24	25	26	27	28	29	30	31	45	#
269	11814	23	24	25	26	27	28	29	30	31	32	45	#
270	11119	24	25	26	27	28	29	30	31	32	33	45	#
271	11119	25	26	27	28	29	30	31	32	33	34	45	#
272	9852	0	1	2	3	4	5	6	7	8	9	46	#
273	9852	1	2	3	4	5	6	7	8	9	10	46	#
274	9852	2	3	4	5	6	7	8	9	10	11	46	#
275	9852	3	4	5	6	7	8	9	10	11	12	46	#
276	9852	4	5	6	7	8	9	10	11	12	13	46	#
277	9852	5	6	7	8	9	10	11	12	13	14	46	#
278	9852	6	7	8	9	10	11	12	13	14	15	46	#
279	9852	7	8	9	10	11	12	13	14	15	16	46	#
280	6568	8	9	10	11	12	13	14	15	16	17	46	#
281	6568	9	10	11	12	13	14	15	16	17	18	46	#
282	6568	10	11	12	13	14	15	16	17	18	19	46	#
283	6568	11	12	13	14	15	16	17	18	19	20	46	#
284	6568	12	13	14	15	16	17	18	19	20	21	46	#
285	6568	13	14	15	16	17	18	19	20	21	22	46	#
286	6568	14	15	16	17	18	19	20	21	22	23	46	#
287	6568	15	16	17	18	19	20	21	22	23	24	46	#
288	4636	16	17	18	19	20	21	22	23	24	25	46	#
289	4636	17	18	19	20	21	22	23	24	25	26	46	#
290	4636	18	19	20	21	22	23	24	25	26	27	46	#
291	4636	19	20	21	22	23	24	25	26	27	28	46	#
292	4636	20	21	22	23	24	25	26	27	28	29	46	#
293	4636	21	22	23	24	25	26	27	28	29	30	46	#
294	4636	22	23	24	25	26	27	28	29	30	31	46	#
295	4636	23	24	25	26	27	28	29	30	31	32	46	#
296	4636	24	25	26	27	28	29	30	31	32	33	46	#
297	4636	25	26	27	28	29	30	31	32	33	34	46	#
298	16760	0	1	2	3	4	5	6	7	8	9	47	#
299	16760	1	2	3	4	5	6	7	8	9	10	47	#
300	16760	2	3	4	5	6	7	8	9	10	11	47	#
301	16760	3	4	5	6	7	8	9	10	11	12	47	#
302	16760	4	5	6	7	8	9	10	11	12	13	47	#
303	16760	5	6	7	8	9	10	11	12	13	14	47	#
304	6522	0	1	2	3	4	48	#
305	6522	1	2	3	4	5	48	#
306	11681	0	1	2	3	4	5	6	7	8	49	#
307	11681	1	2	3	4	5	6	7	8	9	49	#
308	11681	2	3	4	5	6	7	8	9	10	49	#
309	11681	3	4	5	6	7	8	9	10	11	49	#
310	11681	4	5	6	7	8	9	10	11	12	49	#
311	11681	5	6	7	8	9	10	11	12	13	49	#
312	11681	6	7	8	9	10	11	12	13	14	49	#
313	11681	7	8	9	10	11	12	13	14	15	49	#
314	11681	8	9	10	11	12	13	14	15	16	49	#
315	11681	9	10	11	12	13	14	15	16	17	49	#
316	11681	10	11	12	13	14	15	16	17	18	49	#
317	11681	11	12	13	14	15	16	17	18	19	49	#
318	11681	12	13	14	15	16	17	18	19	20	49	#
319	11681	13	14	15	16	17	18	19	20	21	49	#
320	11681	14	15	16	17	18	19	20	21	22	49	#
321	11681	15	16	17	18	19	20	21	22	23	49	#
322	11681	16	17	18	19	20	21	22	23	24	49	#
323	11681	17	18	19	20	21	22	23	24	25	49	#
324	11681	18	19	20	21	22	23	24	25	26	49	#
325	7893	0	1	2	3	4	5	50	#
326	7893	1	2	3	4	5	6	50	#
327	7893	2	3	4	5	6	7	50	#
328	7893	3	4	5	6	7	8	50	#
329	7893	4	5	6	7	8	9	50	#
330	9447	0	1	2	3	4	5	6	7	51	#
331	9447	1	2	3	4	5	6	7	8	51	#
332	9447	2	3	4	5	6	7	8	9	51	#
333	9447	3	4	5	6	7	8	9	10	51	#
334	9447	4	5	6	7	8	9	10	11	51	#
335	9447	5	6	7	8	9	10	11	12	51	#
336	9447	6	7	8	9	10	11	12	13	51	#
337	9447	7	8	9	10	11	12	13	14	51	#
338	9447	8	9	10	11	12	13	14	15	51	#
339	9447	9	10	11	12	13	14	15	16	51	#
340	9447	10	11	12	13	14	15	16	17	51	#
341	9447	11	12	13	14	15	16	17	18	51	#
342	9447	12	13	14	15	16	17	18	19	51	#
343	9447	13	14	15	16	17	18	19	20	51	#
344	9447	14	15	16	17	18	19	20	21	51	#
345	9447	15	16	17	18	19	20	21	22	51	#
346	9447	16	17	18	19	20	21	22	23	51	#
347	9447	17	18	19	20	21	22	23	24	51	#
348	9447	18	19	20	21	22	23	24	25	51	#
349	9447	19	20	21	22	23	24	25	26	51	#
350	9447	20	21	22	23	24	25	26	27	51	#
351	9447	21	22	23	24	25	26	27	28	51	#
352	9447	22	23	24	25	26	27	28	29	51	#
353	9447	23	24	25	26	27	28	29	30	51	#
354	8588	24	25	26	27	28	29	30	31	51	#
355	8588	25	26	27	28	29	30	31	32	51	#
356	8588	26	27	28	29	30	31	32	33	51	#
357	8335	27	28	29	30	31	32	33	34	51	#
